0, 0
4, 0
4, 0
4, 0
4, 0
8, 0
8, 0
8, 0
8, 0
8, 0
8, 0
8, 0
8, 0
8, 0
8, 0
8, 0
8, 0
8, 0
8, 0
8, 0
8, 4
8, 4
8, 4
16, 4
16, 4
16, 4
16, 4
16, 4
16, 4
16, 4
16, 4
16, 4
16, 4
16, 4
16, 4
16, 4
16, 4
16, 8
16, 8
16, 12
16, 12
16, 12
16, 16
16, 16
16, 16
16, 20
16, 20
16, 20
16, 20
16, 20
16, 20
16, 20
16, 20
16, 20
16, 20
16, 20
16, 20
16, 20
16, 20
16, 20
16, 20
16, 24
16, 24
16, 24
16, 24
16, 24
16, 24
16, 24
16, 28
16, 28
16, 28
16, 28
16, 28
16, 28
16, 28
16, 28
16, 28
16, 28
16, 28
16, 28
16, 28
16, 28
16, 28
16, 28
16, 28
16, 28
16, 28
16, 28
16, 28
16, 28
16, 28
16, 28
16, 28
16, 28
16, 28
16, 28
16, 28
16, 28
16, 28
16, 28
16, 28
16, 28
16, 28
16, 32
16, 32
16, 36
16, 36
16, 36
20, 36
20, 36
20, 36
20, 36
20, 36
20, 36
20, 36
20, 40
20, 40
20, 40
20, 40
20, 40
20, 40
20, 40
20, 40
28, 40
28, 40
28, 40
28, 40
28, 40
28, 44
28, 44
28, 44
28, 44
32, 44
32, 44
32, 44
32, 44
32, 44
32, 44
32, 44
32, 44
32, 48
32, 48
32, 48
32, 48
32, 48
32, 52
32, 52
32, 52
32, 52
32, 52
32, 52
32, 52
32, 56
32, 56
32, 56
32, 56
32, 56
36, 56
36, 56
36, 56
36, 56
36, 56
36, 56
36, 56
36, 56
36, 56
36, 56
36, 56
36, 56
36, 56
36, 56
36, 56
36, 56
36, 56
36, 56
40, 56
40, 56
40, 56
40, 56
40, 56
40, 56
40, 56
40, 56
40, 56
40, 56
40, 56
40, 56
40, 56
40, 56
40, 56
40, 56
40, 60
40, 60
40, 64
44, 64
48, 64
48, 64
48, 64
52, 68
52, 68
56, 76
56, 80
56, 80
56, 84
60, 84
60, 88
64, 92
64, 92
64, 96
64, 104
64, 104
64, 104
64, 108
64, 116
64, 116
64, 116
64, 116
68, 116
68, 120
68, 120
72, 120
72, 120
72, 120
76, 120
76, 124
76, 128
76, 128
80, 132
80, 132
88, 132
88, 132
92, 132
92, 136
92, 136
96, 136
96, 136
96, 136
100, 136
104, 140
104, 140
104, 144
104, 144
104, 144
104, 144
104, 144
104, 148
104, 148
104, 152
104, 152
104, 152
104, 152
104, 152
104, 152
104, 152
104, 152
104, 152
104, 152
104, 152
104, 152
104, 152
104, 152
104, 152
104, 152
104, 152
112, 152
112, 152
112, 152
112, 152
112, 152
112, 152
112, 152
112, 152
112, 152
112, 152
112, 152
112, 152
112, 152
112, 156
112, 156
112, 160
112, 160
116, 160
116, 160
116, 160
116, 160
116, 160
116, 160
116, 164
116, 164
116, 164
116, 164
116, 164
116, 164
120, 164
120, 164
120, 164
120, 164
120, 164
120, 164
120, 164
120, 164
124, 164
124, 164
124, 164
124, 164
124, 164
124, 164
124, 164
124, 164
124, 164
124, 164
124, 164
124, 164
124, 164
124, 164
124, 164
124, 164
124, 164
124, 164
124, 164
124, 164
124, 164
124, 164
124, 164
124, 164
124, 164
124, 164
124, 164
124, 164
128, 164
128, 164
128, 164
128, 164
128, 164
128, 164
128, 164
128, 164
128, 164
128, 164
128, 164
128, 164
128, 164
128, 164
132, 168
132, 168
132, 168
132, 168
132, 168
136, 168
136, 168
136, 168
136, 172
136, 172
136, 180
140, 180
144, 180
148, 184
152, 184
152, 184
152, 184
152, 184
152, 184
156, 184
156, 184
156, 184
156, 184
160, 184
160, 188
160, 188
160, 192
164, 192
164, 192
164, 192
164, 196
168, 196
168, 196
168, 196
172, 196
176, 200
176, 200
176, 204
176, 204
176, 204
176, 204
176, 204
176, 204
176, 204
180, 208
180, 208
184, 212
184, 212
184, 212
184, 216
184, 216
184, 216
184, 216
188, 216
188, 216
188, 216
188, 216
188, 216
188, 216
188, 216
188, 216
188, 216
188, 216
188, 216
188, 216
188, 216
188, 216
188, 216
188, 216
188, 216
188, 216
188, 216
188, 220
188, 220
188, 220
196, 220
196, 220
196, 220
196, 220
196, 220
196, 220
196, 224
196, 228
196, 228
196, 228
196, 228
196, 228
196, 228
196, 228
196, 228
196, 228
196, 228
196, 228
196, 228
196, 228
196, 228
196, 228
196, 228
196, 228
196, 228
196, 228
196, 228
196, 228
196, 228
196, 228
196, 228
196, 228
196, 228
196, 232
196, 232
196, 232
196, 232
196, 232
196, 236
196, 236
196, 236
196, 240
196, 240
196, 240
196, 240
196, 240
196, 240
196, 240
196, 240
196, 240
196, 240
196, 240
196, 240
196, 240
196, 240
196, 240
196, 240
196, 240
196, 240
196, 240
196, 244
196, 252
196, 252
200, 256
200, 260
200, 264
200, 276
204, 284
204, 288
208, 296
208, 300
212, 300
216, 308
224, 316
228, 316
232, 324
236, 332
236, 336
236, 336
236, 344
236, 348
236, 352
240, 360
240, 372
244, 372
244, 372
248, 372
252, 376
252, 384
256, 388
260, 392
260, 392
260, 392
264, 396
268, 396
272, 396
272, 400
272, 400
272, 400
272, 404
276, 404
276, 404
276, 412
280, 412
280, 412
284, 412
284, 412
284, 412
288, 420
288, 420
292, 424
292, 424
292, 424
292, 428
292, 428
292, 428
292, 436
296, 444
296, 452
296, 452
296, 456
296, 456
296, 456
296, 460
296, 464
296, 464
296, 464
296, 464
296, 464
296, 464
296, 464
296, 464
296, 464
296, 468
296, 468
296, 468
296, 468
296, 468
296, 468
296, 468
296, 468
296, 468
296, 468
296, 468
296, 468
296, 468
296, 468
296, 468
296, 468
296, 472
296, 472
296, 472
296, 472
296, 472
296, 472
296, 472
296, 472
296, 472
296, 472
296, 472
296, 472
296, 472
296, 472
296, 472
296, 472
296, 472
296, 472
296, 472
296, 472
296, 472
296, 472
296, 472
296, 472
296, 476
296, 476
296, 476
296, 476
296, 476
296, 476
296, 476
296, 476
296, 476
296, 476
296, 476
296, 476
296, 476
296, 476
296, 476
296, 476
300, 476
300, 476
300, 476
300, 476
300, 476
300, 476
300, 480
300, 480
300, 480
304, 480
304, 480
304, 484
304, 484
304, 488
304, 488
304, 488
304, 492
308, 496
312, 496
312, 500
316, 500
316, 504
316, 508
324, 516
332, 524
344, 528
344, 532
344, 544
344, 552
344, 556
348, 560
352, 560
360, 572
364, 572
368, 584
368, 588
372, 592
372, 600
376, 604
376, 604
388, 608
392, 616
404, 616
404, 616
408, 628
412, 636
412, 644
412, 652
412, 652
420, 660
420, 664
420, 668
420, 668
420, 668
428, 672
432, 688
432, 692
432, 696
436, 704
436, 712
440, 712
444, 728
444, 748
444, 760
444, 776
452, 780
452, 780
456, 784
456, 788
456, 796
460, 796
460, 800
460, 808
468, 808
472, 808
472, 812
476, 816
476, 816
476, 816
476, 816
476, 816
476, 816
476, 816
476, 816
476, 816
476, 816
484, 816
484, 816
484, 816
484, 816
484, 820
484, 820
484, 824
488, 824
488, 828
488, 828
488, 828
488, 828
488, 828
488, 828
488, 832
488, 832
488, 832
488, 836
488, 836
488, 836
488, 836
488, 836
488, 836
488, 836
488, 836
488, 836
488, 836
488, 836
488, 836
488, 836
488, 836
488, 836
488, 836
488, 836
488, 836
488, 836
488, 836
488, 836
488, 836
488, 836
488, 836
488, 836
488, 836
488, 836
488, 836
488, 836
488, 836
488, 840
488, 840
488, 840
488, 840
488, 840
488, 840
488, 840
488, 840
488, 840
488, 840
488, 840
488, 840
492, 840
492, 840
492, 840
492, 840
492, 840
492, 840
492, 840
492, 840
492, 840
492, 840
492, 840
492, 840
492, 840
492, 840
492, 840
492, 844
500, 856
504, 868
508, 868
516, 880
524, 884
524, 896
524, 900
528, 916
532, 924
540, 932
544, 940
548, 944
548, 952
552, 960
552, 1000
560, 1000
560, 1000
568, 1012
572, 1016
576, 1020
576, 1032
580, 1036
588, 1056
592, 1080
600, 1104
600, 1104
600, 1120
600, 1120
600, 1124
604, 1128
608, 1144
608, 1156
612, 1168
620, 1176
624, 1192
624, 1208
624, 1216
628, 1224
632, 1240
644, 1248
648, 1256
652, 1264
652, 1272
660, 1292
660, 1300
664, 1304
664, 1312
664, 1312
668, 1324
672, 1336
672, 1344
676, 1344
684, 1356
684, 1360
696, 1368
696, 1368
696, 1372
696, 1372
696, 1372
696, 1372
696, 1372
696, 1372
696, 1372
696, 1372
696, 1372
696, 1372
696, 1372
696, 1372
696, 1372
696, 1372
696, 1372
696, 1372
700, 1372
700, 1372
700, 1372
700, 1372
700, 1372
700, 1376
700, 1376
700, 1376
700, 1376
700, 1376
700, 1376
700, 1380
700, 1384
700, 1384
700, 1384
700, 1384
700, 1384
700, 1384
700, 1384
700, 1384
700, 1384
704, 1384
704, 1384
704, 1384
704, 1384
704, 1384
704, 1384
704, 1384
704, 1388
704, 1388
704, 1388
704, 1392
704, 1392
704, 1392
704, 1392
704, 1392
704, 1392
704, 1392
704, 1392
704, 1392
704, 1392
704, 1396
704, 1396
704, 1396
704, 1400
704, 1400
708, 1404
708, 1404
708, 1404
708, 1404
712, 1408
712, 1408
712, 1408
716, 1408
716, 1408
716, 1408
716, 1408
716, 1408
716, 1408
716, 1408
716, 1408
716, 1412
716, 1412
716, 1412
716, 1412
716, 1412
716, 1412
716, 1412
716, 1412
716, 1412
716, 1412
716, 1412
716, 1412
720, 1416
720, 1416
720, 1416
720, 1420
720, 1420
720, 1424
720, 1424
720, 1424
720, 1428
720, 1428
720, 1428
720, 1428
720, 1428
720, 1428
720, 1428
720, 1428
720, 1428
720, 1428
720, 1428
720, 1428
720, 1428
720, 1428
720, 1428
720, 1428
720, 1428
720, 1428
720, 1428
720, 1432
720, 1432
720, 1432
720, 1440
720, 1440
720, 1440
720, 1440
724, 1444
724, 1444
724, 1452
724, 1456
724, 1464
724, 1468
724, 1468
724, 1472
724, 1472
724, 1472
724, 1476
728, 1484
728, 1484
732, 1492
732, 1492
732, 1492
732, 1500
732, 1500
732, 1500
732, 1500
732, 1500
732, 1500
732, 1500
732, 1504
732, 1504
732, 1504
732, 1504
732, 1504
732, 1504
732, 1504
732, 1504
732, 1508
732, 1508
732, 1508
732, 1508
732, 1508
732, 1508
732, 1508
732, 1508
732, 1512
732, 1512
732, 1512
732, 1512
732, 1512
732, 1512
732, 1516
732, 1516
732, 1516
732, 1516
732, 1516
732, 1516
736, 1516
736, 1516
736, 1516
736, 1516
740, 1516
740, 1516
740, 1516
740, 1516
740, 1516
740, 1516
740, 1516
740, 1516
740, 1516
740, 1516
740, 1516
740, 1516
740, 1516
740, 1516
740, 1516
740, 1520
744, 1520
744, 1520
744, 1520
744, 1524
744, 1524
744, 1524
744, 1524
744, 1524
744, 1524
744, 1528
744, 1528
748, 1528
748, 1528
748, 1528
748, 1528
748, 1528
748, 1528
748, 1532
748, 1532
748, 1532
748, 1532
748, 1532
748, 1536
748, 1536
748, 1536
748, 1536
748, 1536
748, 1536
748, 1536
748, 1536
748, 1536
748, 1536
748, 1536
748, 1536
748, 1536
748, 1540
748, 1544
748, 1544
748, 1544
748, 1544
748, 1544
748, 1544
748, 1544
748, 1548
748, 1548
748, 1548
748, 1548
748, 1548
748, 1548
748, 1548
748, 1552
748, 1552
748, 1552
748, 1556
748, 1560
748, 1564
748, 1568
748, 1568
748, 1568
748, 1572
748, 1572
748, 1572
748, 1572
748, 1572
748, 1572
748, 1572
748, 1572
748, 1572
752, 1572
752, 1576
752, 1588
752, 1588
752, 1588
752, 1588
752, 1592
752, 1592
752, 1592
752, 1592
752, 1596
752, 1596
752, 1596
752, 1596
752, 1596
752, 1596
752, 1596
752, 1596
752, 1596
752, 1596
752, 1596
752, 1596
752, 1596
752, 1596
752, 1596
752, 1596
752, 1596
752, 1596
752, 1596
756, 1596
756, 1596
756, 1608
756, 1608
756, 1608
756, 1608
756, 1608
756, 1608
756, 1612
756, 1612
756, 1620
756, 1624
756, 1628
756, 1632
756, 1636
756, 1636
764, 1640
764, 1640
764, 1640
764, 1640
764, 1640
764, 1652
764, 1656
764, 1668
764, 1672
768, 1672
768, 1676
768, 1680
768, 1684
772, 1688
772, 1688
772, 1688
772, 1688
772, 1692
772, 1692
772, 1692
772, 1692
772, 1692
772, 1692
772, 1692
772, 1692
776, 1692
776, 1692
776, 1692
776, 1696
776, 1696
776, 1696
776, 1696
776, 1696
776, 1696
776, 1696
776, 1696
776, 1696
776, 1696
776, 1696
776, 1696
776, 1696
776, 1696
776, 1696
776, 1696
776, 1696
776, 1696
776, 1696
780, 1696
780, 1696
780, 1696
780, 1696
780, 1696
780, 1696
780, 1696
780, 1696
780, 1696
780, 1700
780, 1700
780, 1700
780, 1700
780, 1704
780, 1704
780, 1708
784, 1708
784, 1708
784, 1712
784, 1716
784, 1732
784, 1744
788, 1764
788, 1788
804, 1804
808, 1820
820, 1844
828, 1880
856, 1912
884, 1944
896, 1984
908, 2008
932, 2032
944, 2044
952, 2076
960, 2116
1000, 2140
1016, 2184
1056, 2220
1072, 2256
1084, 2288
1096, 2340
1116, 2388
1132, 2428
1140, 2464
1160, 2480
1176, 2500
1188, 2508
1196, 2528
1196, 2552
1204, 2580
1212, 2596
1224, 2604
1248, 2632
1256, 2656
1264, 2692
1280, 2708
1292, 2732
1312, 2748
1340, 2780
1348, 2800
1376, 2844
1392, 2856
1412, 2872
1428, 2900
1460, 2920
1468, 2944
1480, 2968
1500, 2996
1508, 3012
1536, 3020
1552, 3040
1552, 3060
1560, 3092
1568, 3112
1584, 3140
1584, 3144
1592, 3152
1600, 3164
1604, 3164
1608, 3172
1608, 3176
1608, 3180
1608, 3180
1608, 3184
1608, 3184
1608, 3184
1608, 3184
1608, 3184
1608, 3184
1608, 3192
1608, 3192
1608, 3200
1608, 3208
1608, 3212
1608, 3212
1608, 3212
1608, 3212
1608, 3212
1608, 3216
1608, 3216
1608, 3220
1608, 3220
1608, 3220
1608, 3224
1608, 3224
1608, 3224
1608, 3228
1608, 3228
1608, 3232
1608, 3232
1608, 3232
1608, 3232
1608, 3236
1612, 3240
1616, 3240
1616, 3240
1620, 3244
1620, 3248
1620, 3248
1620, 3252
1620, 3252
1620, 3252
1620, 3252
1620, 3252
1620, 3252
1620, 3252
1620, 3252
1624, 3256
1624, 3256
1624, 3256
1624, 3256
1624, 3256
1624, 3264
1624, 3268
1624, 3272
1624, 3272
1628, 3272
1628, 3276
1628, 3276
1628, 3276
1628, 3280
1628, 3280
1628, 3280
1628, 3280
1628, 3288
1628, 3288
1628, 3292
1628, 3292
1628, 3292
1628, 3292
1628, 3296
1628, 3296
1628, 3296
1628, 3296
1628, 3296
1628, 3300
1628, 3304
1628, 3308
1628, 3312
1628, 3316
1628, 3316
1628, 3320
1628, 3324
1636, 3328
1640, 3332
1640, 3368
1640, 3384
1648, 3412
1648, 3440
1668, 3452
1684, 3476
1704, 3488
1716, 3528
1736, 3568
1752, 3592
1776, 3620
1784, 3652
1796, 3680
1808, 3688
1816, 3704
1848, 3740
1872, 3760
1888, 3800
1908, 3832
1928, 3836
1940, 3884
1952, 3916
1976, 3940
1988, 3956
1996, 3968
2004, 3980
2008, 3996
2024, 4004
2036, 4020
2052, 4032
2064, 4044
2076, 4060
2100, 4068
2120, 4092
2132, 4096
2152, 4116
2160, 4128
2180, 4152
2184, 4164
2196, 4180
2204, 4224
2228, 4248
2244, 4272
2260, 4280
2280, 4316
2308, 4324
2324, 4356
2332, 4368
2332, 4384
2340, 4404
2344, 4412
2360, 4432
2376, 4448
2380, 4472
2384, 4488
2384, 4488
2384, 4496
2388, 4500
2392, 4504
2400, 4512
2400, 4516
2400, 4516
2400, 4524
2400, 4524
2404, 4524
2404, 4528
2404, 4528
2404, 4528
2404, 4528
2404, 4536
2404, 4540
2404, 4540
2408, 4540
2408, 4540
2408, 4544
2408, 4544
2408, 4544
2408, 4544
2408, 4544
2408, 4544
2408, 4544
2408, 4544
2408, 4548
2408, 4548
2408, 4548
2408, 4548
2408, 4548
2408, 4548
2408, 4552
2408, 4552
2408, 4552
2408, 4552
2408, 4552
2408, 4556
2408, 4560
2412, 4564
2412, 4564
2416, 4564
2416, 4564
2416, 4564
2416, 4564
2416, 4564
2416, 4564
2416, 4572
2416, 4576
2420, 4580
2420, 4580
2420, 4580
2420, 4580
2420, 4580
2420, 4580
2420, 4580
2420, 4580
2424, 4580
2424, 4580
2424, 4580
2424, 4580
2424, 4580
2424, 4580
2424, 4580
2424, 4580
2424, 4580
2428, 4580
2428, 4580
2428, 4584
2428, 4588
2428, 4596
2428, 4596
2428, 4596
2428, 4600
2428, 4604
2428, 4608
2428, 4608
2428, 4612
2428, 4616
2428, 4620
2428, 4620
2428, 4620
2428, 4620
2428, 4620
2428, 4620
2428, 4624
2432, 4640
2440, 4660
2456, 4680
2468, 4692
2480, 4700
2484, 4720
2484, 4736
2504, 4768
2512, 4772
2532, 4804
2548, 4828
2572, 4856
2592, 4872
2608, 4884
2612, 4904
2628, 4936
2652, 4948
2664, 4960
2672, 4976
2696, 4988
2704, 5016
2732, 5044
2752, 5048
2760, 5060
2776, 5072
2804, 5100
2844, 5112
2860, 5128
2872, 5152
2888, 5160
2900, 5180
2900, 5188
2908, 5204
2936, 5216
2956, 5228
2956, 5240
2968, 5244
2980, 5272
2988, 5284
2992, 5304
3012, 5312
3036, 5328
3048, 5336
3068, 5356
3080, 5360
3088, 5404
3096, 5408
3112, 5420
3128, 5436
3144, 5448
3152, 5464
3156, 5476
3164, 5492
3168, 5500
3176, 5512
3176, 5524
3188, 5532
3192, 5540
3196, 5544
3196, 5544
3200, 5548
3200, 5552
3200, 5556
3200, 5560
3200, 5560
3200, 5560
3200, 5560
3200, 5560
3200, 5564
3200, 5572
3200, 5576
3200, 5576
3200, 5576
3200, 5576
3200, 5576
3200, 5580
3200, 5580
3204, 5584
3204, 5584
3204, 5588
3204, 5592
3204, 5596
3204, 5596
3204, 5600
3204, 5600
3204, 5600
3204, 5600
3204, 5600
3204, 5600
3208, 5604
3212, 5608
3212, 5608
3216, 5612
3216, 5616
3216, 5616
3216, 5616
3216, 5624
3216, 5624
3216, 5628
3216, 5632
3216, 5632
3216, 5636
3220, 5636
3220, 5636
3220, 5636
3220, 5636
3220, 5640
3220, 5640
3224, 5640
3228, 5640
3228, 5640
3228, 5640
3228, 5640
3228, 5640
3232, 5640
3236, 5640
3236, 5640
3236, 5640
3236, 5640
3236, 5640
3236, 5640
3236, 5640
3236, 5648
3236, 5652
3236, 5664
3236, 5664
3236, 5668
3236, 5672
3240, 5672
3240, 5672
3240, 5676
3244, 5676
3244, 5680
3244, 5680
3244, 5684
3248, 5688
3248, 5688
3248, 5696
3248, 5696
3248, 5700
3256, 5700
3256, 5700
3260, 5704
3260, 5708
3276, 5724
3288, 5728
3296, 5744
3300, 5760
3308, 5772
3320, 5780
3332, 5784
3348, 5796
3372, 5820
3400, 5844
3448, 5860
3464, 5880
3484, 5908
3500, 5928
3520, 5940
3540, 5960
3556, 5984
3580, 5996
3616, 6000
3616, 6020
3624, 6028
3652, 6048
3668, 6068
3692, 6072
3700, 6084
3728, 6092
3756, 6104
3760, 6120
3768, 6124
3788, 6136
3800, 6156
3808, 6160
3820, 6176
3828, 6192
3840, 6208
3856, 6216
3876, 6240
3892, 6252
3904, 6252
3920, 6264
3932, 6280
3940, 6296
3952, 6308
3968, 6328
3984, 6348
3996, 6372
4004, 6384
4008, 6408
4012, 6436
4024, 6452
4056, 6468
4076, 6472
4084, 6480
4092, 6492
4100, 6496
4104, 6500
4108, 6516
4108, 6520
4108, 6520
4112, 6528
4120, 6536
4128, 6540
4128, 6544
4132, 6552
4132, 6556
4132, 6560
4132, 6564
4132, 6568
4132, 6568
4136, 6568
4136, 6568
4136, 6580
4136, 6584
4140, 6592
4140, 6592
4144, 6608
4144, 6612
4144, 6620
4144, 6620
4144, 6628
4144, 6628
4148, 6632
4148, 6640
4148, 6640
4148, 6644
4148, 6644
4148, 6644
4148, 6644
4148, 6652
4148, 6664
4148, 6664
4148, 6668
4148, 6668
4148, 6668
4148, 6668
4148, 6668
4148, 6672
4152, 6672
4152, 6672
4152, 6680
4152, 6684
4152, 6688
4152, 6688
4156, 6696
4160, 6700
4160, 6704
4160, 6704
4160, 6704
4160, 6708
4160, 6708
4160, 6712
4160, 6712
4160, 6712
4160, 6716
4164, 6716
4164, 6720
4164, 6720
4168, 6724
4168, 6724
4168, 6724
4168, 6728
4168, 6732
4168, 6732
4168, 6740
4168, 6744
4168, 6744
4172, 6748
4176, 6752
4176, 6752
4176, 6752
4176, 6752
4176, 6756
4176, 6756
4180, 6760
4188, 6760
4188, 6760
4188, 6760
4188, 6760
4192, 6760
4196, 6760
4200, 6764
4200, 6764
4200, 6764
4200, 6768
4208, 6780
4228, 6780
4232, 6788
4252, 6804
4268, 6816
4288, 6828
4300, 6848
4316, 6856
4324, 6864
4340, 6864
4352, 6880
4376, 6916
4392, 6920
4400, 6952
4420, 6968
4436, 6988
4452, 7028
4476, 7040
4500, 7076
4524, 7092
4532, 7112
4540, 7128
4556, 7152
4572, 7168
4600, 7188
4624, 7208
4648, 7224
4672, 7236
4684, 7252
4720, 7260
4732, 7260
4736, 7268
4748, 7284
4756, 7300
4768, 7304
4780, 7316
4796, 7328
4808, 7340
4828, 7360
4836, 7376
4848, 7388
4856, 7408
4872, 7428
4884, 7440
4912, 7460
4928, 7476
4936, 7488
4956, 7496
4964, 7516
4976, 7532
4992, 7552
5004, 7564
5004, 7576
5012, 7584
5024, 7596
5032, 7612
5036, 7624
5036, 7632
5040, 7636
5040, 7636
5040, 7636
5044, 7640
5044, 7648
5044, 7648
5044, 7652
5048, 7656
5048, 7656
5048, 7660
5048, 7664
5048, 7672
5048, 7672
5052, 7672
5056, 7676
5060, 7688
5060, 7696
5060, 7700
5060, 7700
5060, 7712
5064, 7716
5064, 7724
5064, 7732
5076, 7752
5076, 7752
5076, 7756
5080, 7768
5084, 7772
5088, 7776
5088, 7784
5088, 7792
5092, 7796
5092, 7796
5092, 7800
5092, 7804
5092, 7804
5096, 7804
5096, 7812
5096, 7812
5096, 7812
5100, 7816
5100, 7824
5108, 7824
5108, 7836
5108, 7844
5108, 7844
5108, 7848
5108, 7848
5108, 7852
5116, 7856
5116, 7860
5116, 7860
5116, 7868
5120, 7876
5120, 7884
5120, 7888
5124, 7892
5124, 7896
5124, 7896
5124, 7904
5124, 7916
5124, 7916
5124, 7920
5128, 7920
5128, 7920
5128, 7920
5136, 7920
5136, 7924
5136, 7928
5136, 7932
5136, 7932
5136, 7932
5136, 7944
5140, 7944
5140, 7944
5144, 7944
5144, 7944
5144, 7952
5144, 7956
5144, 7956
5144, 7964
5144, 7968
5144, 7972
5144, 7980
5144, 7980
5144, 7984
5144, 7992
5144, 7992
5144, 7996
5144, 8000
5144, 8004
5144, 8008
5144, 8016
5144, 8016
5144, 8016
5144, 8016
5144, 8016
5148, 8024
5152, 8032
5156, 8032
5160, 8036
5160, 8040
5164, 8040
5164, 8044
5164, 8048
5172, 8048
5172, 8048
5172, 8052
5176, 8060
5184, 8060
5184, 8064
5184, 8080
5188, 8088
5196, 8096
5200, 8112
5200, 8124
5200, 8124
5200, 8124
5200, 8132
5200, 8136
5200, 8148
5208, 8152
5212, 8152
5212, 8156
5220, 8164
5220, 8164
5220, 8168
5224, 8172
5228, 8176
5228, 8176
5232, 8180
5236, 8196
5236, 8196
5240, 8204
5240, 8208
5240, 8216
5244, 8220
5244, 8228
5244, 8228
5244, 8228
5244, 8248
5244, 8252
5244, 8264
5244, 8264
5248, 8268
5248, 8276
5248, 8284
5248, 8284
5252, 8292
5252, 8304
5256, 8316
5260, 8316
5264, 8316
5268, 8328
5272, 8336
5272, 8356
5272, 8368
5272, 8372
5276, 8388
5280, 8396
5288, 8400
5292, 8404
5292, 8424
5296, 8432
5300, 8436
5304, 8460
5304, 8472
5312, 8484
5316, 8496
5324, 8512
5328, 8532
5328, 8540
5328, 8552
5336, 8560
5340, 8564
5340, 8572
5340, 8588
5340, 8596
5340, 8596
5352, 8604
5352, 8608
5352, 8612
5352, 8624
5356, 8648
5360, 8648
5360, 8660
5360, 8664
5360, 8668
5360, 8668
5368, 8676
5372, 8688
5376, 8696
5376, 8696
5380, 8696
5380, 8700
5380, 8708
5384, 8712
5388, 8716
5392, 8724
5392, 8728
5396, 8732
5396, 8736
5400, 8744
5400, 8752
5404, 8752
5404, 8752
5404, 8764
5404, 8764
5408, 8776
5408, 8780
5408, 8780
5412, 8780
5412, 8784
5412, 8788
5416, 8792
5420, 8800
5420, 8804
5420, 8812
5420, 8816
5420, 8820
5420, 8832
5420, 8836
5420, 8840
5420, 8844
5424, 8844
5428, 8844
5428, 8844
5432, 8844
5432, 8856
5432, 8856
5432, 8860
5432, 8860
5432, 8860
5432, 8860
5432, 8864
5432, 8864
5432, 8868
5432, 8876
5432, 8876
5432, 8876
5432, 8880
5436, 8880
5440, 8888
5444, 8888
5444, 8892
5444, 8908
5444, 8912
5444, 8912
5444, 8920
5444, 8924
5444, 8932
5444, 8936
5448, 8940
5448, 8944
5452, 8948
5456, 8964
5456, 8980
5460, 8980
5460, 9008
5460, 9028
5460, 9028
5464, 9028
5472, 9056
5472, 9072
5472, 9076
5472, 9096
5472, 9100
5472, 9108
5472, 9108
5472, 9116
5476, 9132
5476, 9140
5480, 9144
5484, 9148
5488, 9152
5492, 9160
5496, 9164
5496, 9168
5500, 9176
5500, 9180
5508, 9180
5508, 9188
5512, 9200
5512, 9212
5512, 9216
5512, 9232
5512, 9240
5512, 9244
5516, 9256
5520, 9264
5520, 9276
5520, 9276
5520, 9284
5524, 9284
5524, 9288
5524, 9292
5524, 9300
5524, 9312
5528, 9320
5536, 9324
5536, 9336
5536, 9352
5544, 9380
5548, 9400
5556, 9412
5560, 9424
5560, 9456
5564, 9476
5568, 9488
5572, 9512
5572, 9524
5572, 9540
5572, 9564
5572, 9596
5576, 9620
5576, 9628
5580, 9636
5580, 9644
5580, 9648
5584, 9656
5584, 9668
5588, 9680
5588, 9680
5596, 9692
5600, 9692
5600, 9696
5600, 9696
5604, 9716
5604, 9720
5608, 9728
5608, 9732
5608, 9736
5608, 9740
5616, 9740
5616, 9744
5620, 9760
5624, 9768
5624, 9772
5624, 9780
5624, 9784
5624, 9784
5624, 9784
5624, 9784
5624, 9792
5624, 9792
5624, 9800
5624, 9808
5628, 9812
5628, 9824
5632, 9828
5632, 9832
5636, 9844
5636, 9848
5644, 9856
5644, 9860
5648, 9860
5648, 9872
5648, 9876
5648, 9888
5656, 9892
5656, 9896
5656, 9896
5656, 9896
5656, 9900
5656, 9900
5656, 9908
5656, 9908
5664, 9916
5668, 9916
5672, 9916
5672, 9916
5676, 9924
5676, 9928
5688, 9928
5696, 9940
5716, 9972
5724, 10000
5736, 10020
5748, 10044
5760, 10064
5780, 10088
5800, 10148
5828, 10216
5856, 10248
5872, 10300
5908, 10376
5932, 10412
5944, 10484
5964, 10544
5996, 10592
6024, 10604
6052, 10676
6068, 10724
6080, 10788
6108, 10856
6136, 10908
6152, 10948
6176, 11012
6200, 11068
6224, 11124
6232, 11152
6240, 11208
6248, 11248
6264, 11284
6280, 11308
6312, 11364
6328, 11424
6340, 11468
6352, 11528
6360, 11572
6380, 11604
6396, 11676
6408, 11720
6416, 11764
6424, 11796
6444, 11872
6464, 11920
6476, 11948
6496, 11988
6524, 12044
6552, 12084
6564, 12108
6568, 12132
6580, 12184
6592, 12228
6608, 12260
6636, 12312
6660, 12328
6660, 12344
6664, 12376
6680, 12392
6688, 12400
6688, 12404
6696, 12408
6700, 12412
6704, 12416
6704, 12420
6704, 12428
6708, 12440
6708, 12440
6720, 12452
6720, 12460
6720, 12464
6720, 12464
6724, 12468
6724, 12472
6728, 12476
6744, 12480
6744, 12488
6744, 12508
6744, 12516
6752, 12532
6756, 12544
6760, 12568
6760, 12588
6760, 12604
6760, 12616
6760, 12628
6760, 12640
6760, 12648
6764, 12664
6764, 12672
6764, 12680
6764, 12688
6764, 12688
6764, 12700
6764, 12704
6764, 12708
6764, 12712
6764, 12716
6768, 12716
6772, 12716
6772, 12724
6772, 12724
6780, 12724
6780, 12724
6784, 12732
6784, 12732
6784, 12740
6784, 12740
6784, 12744
6784, 12748
6784, 12748
6784, 12748
6784, 12756
6784, 12756
6784, 12764
6784, 12764
6784, 12772
6788, 12784
6792, 12788
6792, 12788
6792, 12792
6796, 12792
6796, 12792
6796, 12792
6800, 12792
6800, 12804
6804, 12812
6804, 12820
6804, 12824
6804, 12824
6804, 12824
6804, 12836
6804, 12840
6804, 12840
6804, 12844
6804, 12844
6804, 12852
6804, 12856
6804, 12856
6804, 12860
6804, 12872
6804, 12876
6808, 12884
6812, 12892
6816, 12924
6816, 12932
6816, 12956
6824, 12972
6832, 12984
6836, 13008
6844, 13028
6848, 13068
6856, 13092
6864, 13128
6872, 13168
6888, 13232
6908, 13280
6928, 13328
6936, 13384
6944, 13416
6948, 13464
6968, 13528
6976, 13568
6988, 13616
6992, 13648
6996, 13664
7012, 13692
7024, 13752
7036, 13804
7044, 13844
7060, 13904
7068, 13928
7076, 13980
7080, 14012
7096, 14064
7104, 14120
7112, 14176
7112, 14200
7124, 14256
7132, 14296
7148, 14332
7172, 14376
7176, 14412
7176, 14464
7184, 14500
7204, 14544
7212, 14568
7228, 14596
7240, 14628
7248, 14648
7268, 14696
7276, 14724
7280, 14748
7288, 14788
7300, 14820
7304, 14852
7312, 14896
7320, 14924
7328, 14968
7328, 15012
7328, 15060
7328, 15076
7328, 15104
7332, 15112
7336, 15140
7336, 15148
7336, 15152
7336, 15164
7336, 15164
7336, 15172
7336, 15188
7336, 15192
7336, 15204
7340, 15208
7340, 15216
7348, 15220
7348, 15228
7348, 15244
7352, 15244
7352, 15244
7352, 15272
7356, 15300
7356, 15316
7356, 15336
7360, 15352
7360, 15368
7364, 15392
7364, 15420
7368, 15440
7368, 15452
7368, 15456
7368, 15464
7368, 15472
7368, 15480
7368, 15516
7368, 15524
7368, 15528
7372, 15532
7372, 15532
7372, 15544
7372, 15556
7372, 15568
7376, 15580
7376, 15584
7380, 15592
7380, 15596
7380, 15596
7380, 15596
7380, 15596
7380, 15600
7380, 15616
7380, 15620
7384, 15628
7384, 15632
7388, 15636
7388, 15644
7388, 15660
7396, 15660
7400, 15668
7400, 15668
7408, 15668
7408, 15676
7412, 15684
7412, 15696
7412, 15700
7416, 15708
7420, 15708
7420, 15708
7420, 15712
7424, 15712
7424, 15716
7424, 15716
7424, 15716
7428, 15724
7428, 15728
7428, 15748
7428, 15748
7428, 15752
7428, 15752
7428, 15756
7428, 15768
7428, 15772
7428, 15784
7432, 15792
7432, 15792
7432, 15796
7432, 15812
7436, 15812
7440, 15836
7444, 15852
7452, 15868
7452, 15896
7472, 15916
7476, 15944
7488, 15960
7496, 16004
7504, 16040
7524, 16080
7536, 16148
7536, 16196
7540, 16224
7544, 16256
7552, 16320
7576, 16364
7588, 16416
7616, 16452
7632, 16484
7644, 16516
7652, 16560
7676, 16612
7676, 16676
7684, 16724
7688, 16776
7696, 16820
7712, 16864
7720, 16896
7720, 16920
7732, 16988
7752, 17028
7760, 17084
7772, 17120
7780, 17192
7792, 17232
7796, 17276
7796, 17300
7800, 17344
7804, 17380
7804, 17408
7808, 17432
7820, 17484
7832, 17508
7836, 17572
7840, 17608
7852, 17660
7852, 17700
7864, 17724
7868, 17760
7872, 17776
7888, 17804
7900, 17860
7908, 17920
7912, 17980
7924, 18048
7928, 18076
7940, 18112
7948, 18124
7956, 18148
7968, 18164
7972, 18180
7972, 18184
7972, 18204
7972, 18216
7972, 18220
7972, 18236
7972, 18244
7976, 18248
7976, 18272
7976, 18280
7976, 18300
7976, 18308
7976, 18324
7980, 18332
7984, 18340
7984, 18348
7988, 18384
7988, 18388
7996, 18416
8008, 18424
8008, 18432
8008, 18444
8012, 18468
8016, 18492
8024, 18500
8028, 18524
8036, 18548
8036, 18572
8036, 18592
8036, 18624
8040, 18644
8040, 18656
8040, 18668
8044, 18668
8044, 18676
8048, 18676
8048, 18684
8056, 18684
8056, 18684
8056, 18688
8056, 18696
8056, 18696
8056, 18700
8060, 18704
8060, 18712
8068, 18724
8068, 18728
8068, 18744
8068, 18744
8076, 18744
8076, 18752
8076, 18776
8076, 18784
8080, 18796
8080, 18804
8080, 18804
8080, 18808
8080, 18832
8084, 18844
8084, 18848
8084, 18852
8084, 18868
8084, 18876
8084, 18888
8084, 18896
8084, 18896
8088, 18900
8088, 18916
8088, 18924
8092, 18924
8092, 18928
8096, 18948
8100, 18960
8100, 18972
8100, 18992
8100, 19000
8100, 19004
8100, 19012
8100, 19012
8100, 19020
8100, 19028
8100, 19028
8100, 19032
8100, 19036
8100, 19060
8104, 19088
8104, 19124
8108, 19156
8112, 19180
8112, 19212
8116, 19264
8120, 19320
8124, 19360
8124, 19396
8132, 19468
8136, 19524
8136, 19580
8148, 19636
8156, 19696
8164, 19760
8172, 19824
8184, 19884
8188, 19932
8208, 19992
8212, 20056
8216, 20128
8236, 20172
8244, 20228
8252, 20300
8256, 20344
8260, 20424
8276, 20508
8284, 20576
8288, 20624
8288, 20684
8296, 20764
8300, 20816
8308, 20868
8332, 20936
8352, 21004
8364, 21028
8376, 21084
8380, 21128
8392, 21168
8400, 21236
8408, 21292
8408, 21332
8416, 21392
8420, 21432
8420, 21488
8428, 21520
8436, 21584
8444, 21640
8444, 21656
8452, 21744
8456, 21792
8468, 21824
8468, 21884
8472, 21912
8472, 21944
8476, 21976
8480, 22004
8480, 22040
8488, 22092
8488, 22104
8496, 22108
8500, 22132
8504, 22144
8508, 22152
8512, 22160
8512, 22180
8516, 22204
8520, 22204
8520, 22216
8520, 22224
8520, 22232
8524, 22232
8524, 22248
8524, 22268
8524, 22308
8532, 22332
8540, 22360
8540, 22388
8540, 22424
8548, 22460
8548, 22492
8556, 22516
8560, 22544
8560, 22564
8560, 22576
8564, 22608
8564, 22628
8564, 22644
8572, 22664
8576, 22688
8576, 22716
8580, 22728
8580, 22744
8580, 22756
8580, 22768
8580, 22772
8580, 22784
8584, 22784
8584, 22792
8584, 22804
8588, 22820
8588, 22832
8588, 22840
8588, 22848
8592, 22860
8592, 22864
8592, 22872
8596, 22884
8600, 22888
8604, 22896
8604, 22900
8604, 22904
8604, 22908
8604, 22912
8608, 22916
8608, 22936
8612, 22952
8612, 22956
8612, 22960
8612, 22980
8616, 22988
8616, 22992
8616, 22992
8624, 23008
8624, 23008
8624, 23008
8624, 23016
8632, 23024
8632, 23032
8636, 23056
8636, 23072
8636, 23080
8640, 23088
8644, 23096
8644, 23096
8648, 23104
8648, 23104
8648, 23112
8648, 23124
8652, 23132
8652, 23152
8656, 23156
8660, 23160
8660, 23168
8660, 23188
8664, 23216
8672, 23276
8676, 23324
8680, 23380
8688, 23436
8696, 23476
8696, 23520
8708, 23580
8720, 23640
8732, 23708
8760, 23796
8764, 23860
8772, 23972
8776, 24048
8776, 24128
8788, 24192
8792, 24276
8804, 24388
8808, 24500
8824, 24596
8828, 24680
8844, 24792
8860, 24864
8872, 24964
8880, 25016
8884, 25112
8892, 25180
8900, 25252
8904, 25348
8908, 25432
8912, 25520
8920, 25624
8924, 25716
8928, 25796
8932, 25876
8936, 25976
8964, 26056
8968, 26116
8984, 26152
8996, 26240
9008, 26352
9016, 26440
9028, 26508
9044, 26592
9060, 26632
9072, 26660
9084, 26712
9100, 26744
9112, 26812
9124, 26892
9124, 26956
9128, 27016
9136, 27064
9140, 27112
9148, 27156
9156, 27208
9160, 27240
9164, 27256
9176, 27272
9180, 27292
9180, 27308
9180, 27332
9180, 27356
9180, 27372
9184, 27376
9188, 27392
9188, 27396
9188, 27416
9188, 27432
9188, 27448
9188, 27468
9188, 27488
9192, 27504
9196, 27512
9196, 27560
9196, 27588
9196, 27624
9212, 27660
9212, 27692
9212, 27728
9216, 27780
9216, 27808
9224, 27876
9224, 27912
9228, 27956
9228, 27980
9232, 27996
9232, 28032
9232, 28044
9236, 28072
9240, 28080
9244, 28088
9244, 28104
9248, 28112
9248, 28116
9248, 28128
9252, 28144
9256, 28148
9256, 28160
9256, 28180
9260, 28188
9260, 28208
9264, 28216
9268, 28220
9268, 28232
9272, 28240
9276, 28248
9276, 28260
9280, 28268
9288, 28292
9292, 28296
9292, 28316
9292, 28336
9300, 28352
9300, 28360
9300, 28372
9300, 28376
9308, 28388
9308, 28400
9308, 28408
9308, 28428
9312, 28428
9316, 28440
9316, 28444
9316, 28456
9316, 28464
9320, 28472
9328, 28488
9328, 28492
9328, 28504
9328, 28508
9328, 28512
9328, 28528
9328, 28528
9332, 28540
9332, 28560
9332, 28568
9332, 28588
9332, 28592
9332, 28600
9332, 28612
9332, 28620
9332, 28628
9332, 28632
9332, 28632
9336, 28644
9336, 28648
9336, 28656
9340, 28660
9340, 28668
9344, 28676
9348, 28684
9348, 28700
9348, 28716
9348, 28728
9352, 28736
9356, 28748
9356, 28752
9360, 28768
9364, 28788
9368, 28820
9368, 28840
9372, 28844
9372, 28856
9372, 28892
9376, 28916
9376, 28956
9376, 28976
9380, 28992
9380, 29004
9384, 29012
9388, 29016
9388, 29044
9392, 29068
9392, 29084
9392, 29116
9396, 29132
9404, 29176
9404, 29192
9404, 29200
9404, 29244
9404, 29268
9404, 29288
9404, 29304
9404, 29324
9404, 29344
9404, 29352
9404, 29372
9404, 29388
9408, 29396
9408, 29416
9408, 29428
9408, 29472
9408, 29472
9408, 29472
9408, 29476
9408, 29492
9412, 29528
9412, 29564
9412, 29596
9412, 29612
9412, 29636
9416, 29656
9416, 29672
9416, 29680
9416, 29692
9420, 29700
9420, 29724
9420, 29744
9420, 29764
9420, 29784
9424, 29800
9428, 29828
9428, 29880
9436, 29916
9444, 29952
9444, 29992
9444, 30020
9448, 30060
9456, 30136
9460, 30228
9464, 30296
9468, 30372
9472, 30424
9472, 30476
9472, 30532
9476, 30564
9480, 30608
9488, 30648
9492, 30684
9508, 30712
9508, 30748
9508, 30768
9508, 30792
9508, 30808
9508, 30824
9512, 30828
9512, 30840
9512, 30856
9512, 30872
9512, 30876
9512, 30884
9512, 30892
9512, 30904
9516, 30920
9516, 30932
9516, 30940
9520, 30952
9520, 30964
9520, 30988
9520, 31000
9520, 31020
9520, 31040
9520, 31044
9520, 31064
9520, 31072
9520, 31100
9520, 31116
9524, 31124
9524, 31148
9524, 31168
9524, 31180
9528, 31196
9528, 31204
9532, 31212
9532, 31224
9532, 31244
9532, 31260
9536, 31268
9536, 31280
9536, 31280
9536, 31288
9536, 31308
9544, 31316
9544, 31336
9544, 31344
9544, 31360
9544, 31368
9544, 31368
9548, 31380
9548, 31396
9548, 31400
9548, 31404
9548, 31412
9552, 31424
9556, 31440
9556, 31464
9556, 31472
9556, 31472
9560, 31492
9564, 31496
9564, 31528
9564, 31532
9564, 31548
9568, 31552
9572, 31560
9572, 31576
9572, 31608
9576, 31624
9576, 31628
9576, 31640
9576, 31652
9576, 31664
9576, 31680
9576, 31696
9580, 31716
9580, 31740
9584, 31768
9584, 31784
9584, 31816
9588, 31840
9592, 31860
9592, 31872
9600, 31884
9600, 31900
9600, 31932
9600, 31960
9600, 31988
9604, 32004
9604, 32024
9604, 32048
9608, 32068
9608, 32104
9612, 32132
9612, 32152
9612, 32184
9612, 32200
9612, 32220
9612, 32236
9612, 32264
9612, 32280
9616, 32308
9616, 32324
9616, 32352
9616, 32388
9616, 32416
9616, 32436
9616, 32452
9616, 32476
9616, 32484
9616, 32508
9616, 32548
9616, 32564
9616, 32588
9616, 32628
9616, 32644
9620, 32668
9624, 32688
9624, 32708
9624, 32720
9624, 32760
9624, 32788
9628, 32812
9628, 32824
9628, 32852
9628, 32860
9628, 32884
9640, 32936
9644, 32968
9644, 33004
9652, 33060
9656, 33120
9660, 33176
9668, 33248
9672, 33312
9676, 33380
9696, 33432
9704, 33508
9704, 33576
9712, 33636
9712, 33720
9716, 33752
9716, 33800
9720, 33844
9720, 33892
9724, 33948
9728, 33972
9732, 34008
9736, 34016
9740, 34056
9740, 34072
9740, 34108
9744, 34124
9744, 34156
9744, 34184
9744, 34200
9744, 34220
9744, 34240
9744, 34260
9744, 34272
9744, 34284
9756, 34296
9760, 34308
9760, 34316
9764, 34324
9768, 34332
9768, 34336
9768, 34352
9768, 34372
9768, 34396
9768, 34412
9768, 34436
9772, 34444
9776, 34444
9776, 34472
9776, 34476
9776, 34480
9776, 34496
9776, 34496
9780, 34500
9784, 34520
9784, 34520
9784, 34536
9784, 34548
9784, 34564
9784, 34576
9784, 34580
9784, 34588
9784, 34592
9788, 34612
9792, 34620
9792, 34648
9796, 34652
9796, 34660
9796, 34672
9800, 34684
9800, 34692
9804, 34696
9804, 34708
9804, 34744
9804, 34780
9804, 34808
9816, 34904
9828, 34960
9832, 35096
9840, 35188
9844, 35320
9868, 35408
9876, 35568
9900, 35756
9924, 35892
9948, 36048
9964, 36228
9984, 36456
9996, 36644
10020, 36828
10036, 37036
10072, 37236
10076, 37420
10096, 37648
10116, 37852
10128, 38028
10152, 38236
10168, 38388
10196, 38604
10208, 38764
10232, 38976
10256, 39140
10284, 39296
10292, 39444
10308, 39592
10320, 39816
10324, 39940
10336, 40072
10348, 40256
10360, 40436
10376, 40596
10376, 40724
10396, 40828
10400, 40996
10412, 41116
10420, 41316
10428, 41464
10448, 41624
10460, 41780
10476, 41884
10484, 42032
10520, 42176
10536, 42344
10552, 42464
10556, 42624
10576, 42760
10608, 42900
10616, 42984
10636, 43120
10648, 43228
10660, 43384
10680, 43464
10680, 43532
10688, 43556
10696, 43608
10696, 43648
10696, 43676
10708, 43712
10712, 43744
10716, 43756
10716, 43772
10716, 43824
10720, 43840
10720, 43864
10724, 43888
10728, 43916
10736, 43932
10740, 43968
10740, 44000
10740, 44032
10740, 44104
10744, 44184
10748, 44280
10748, 44348
10752, 44416
10752, 44476
10756, 44536
10760, 44600
10764, 44644
10764, 44696
10764, 44736
10764, 44820
10768, 44876
10768, 44928
10768, 44952
10772, 44960
10772, 45008
10772, 45008
10772, 45020
10772, 45032
10772, 45052
10776, 45056
10776, 45076
10776, 45092
10776, 45116
10776, 45136
10776, 45156
10780, 45176
10784, 45192
10788, 45240
10788, 45248
10788, 45248
10788, 45268
10792, 45280
10792, 45296
10792, 45300
10792, 45324
10796, 45340
10796, 45360
10796, 45384
10796, 45420
10796, 45440
10800, 45476
10800, 45488
10800, 45512
10800, 45544
10800, 45564
10800, 45584
10800, 45596
10808, 45620
10808, 45632
10808, 45636
10812, 45640
10812, 45676
10812, 45696
10816, 45708
10816, 45724
10816, 45752
10816, 45760
10816, 45772
10816, 45780
10816, 45804
10820, 45820
10824, 45840
10824, 45848
10832, 45868
10836, 45896
10840, 45908
10840, 45920
10844, 45968
10856, 46012
10856, 46072
10860, 46136
10868, 46212
10872, 46316
10884, 46420
10888, 46544
10896, 46688
10912, 46860
10928, 46996
10944, 47164
10948, 47308
10956, 47472
10960, 47628
10976, 47816
10984, 47996
11020, 48156
11028, 48336
11044, 48496
11060, 48652
11084, 48804
11100, 48948
11124, 49128
11132, 49276
11140, 49448
11156, 49604
11172, 49796
11176, 49916
11180, 50076
11212, 50232
11224, 50388
11232, 50488
11240, 50576
11248, 50664
11256, 50776
11260, 50900
11276, 51020
11292, 51152
11296, 51288
11300, 51440
11316, 51572
11328, 51708
11332, 51852
11348, 51940
11372, 52068
11388, 52180
11404, 52308
11416, 52460
11428, 52608
11432, 52748
11444, 52856
11448, 52964
11452, 53048
11456, 53140
11464, 53256
11484, 53372
11484, 53424
11484, 53472
11484, 53500
11484, 53536
11488, 53588
11488, 53616
11492, 53624
11492, 53660
11496, 53696
11496, 53728
11496, 53748
11500, 53780
11500, 53800
11500, 53816
11500, 53828
11500, 53864
11500, 53888
11500, 53920
11504, 53976
11508, 54036
11508, 54128
11516, 54216
11520, 54276
11520, 54344
11520, 54404
11524, 54460
11528, 54544
11528, 54608
11532, 54652
11532, 54692
11532, 54752
11536, 54800
11544, 54832
11548, 54860
11552, 54888
11552, 54908
11552, 54912
11552, 54912
11552, 54936
11556, 54952
11556, 54976
11556, 54996
11556, 55008
11564, 55028
11564, 55064
11564, 55084
11564, 55104
11568, 55116
11568, 55132
11568, 55148
11572, 55156
11576, 55172
11576, 55188
11580, 55208
11584, 55224
11584, 55244
11592, 55268
11592, 55280
11592, 55296
11596, 55316
11596, 55316
11596, 55336
11596, 55356
11596, 55384
11596, 55408
11596, 55428
11596, 55436
11600, 55452
11600, 55476
11604, 55492
11604, 55524
11604, 55536
11608, 55548
11608, 55560
11612, 55584
11612, 55592
11616, 55596
11624, 55608
11624, 55628
11624, 55660
11624, 55680
11624, 55692
11624, 55728
11632, 55736
11632, 55760
11632, 55784
11632, 55824
11636, 55864
11636, 55944
11640, 56028
11644, 56108
11652, 56200
11668, 56308
11684, 56448
11700, 56544
11708, 56688
11724, 56832
11736, 56992
11760, 57132
11768, 57304
11772, 57492
11780, 57652
11796, 57876
11808, 58092
11816, 58252
11832, 58416
11864, 58556
11884, 58796
11888, 58968
11908, 59196
11912, 59352
11912, 59576
11928, 59740
11940, 59912
11964, 60108
11972, 60216
11988, 60328
11992, 60504
12000, 60644
12000, 60780
12016, 60916
12024, 61044
12036, 61192
12048, 61308
12068, 61424
12068, 61544
12076, 61676
12092, 61816
12116, 62040
12116, 62236
12124, 62408
12132, 62608
12136, 62768
12144, 62916
12152, 63076
12156, 63212
12168, 63336
12176, 63460
12180, 63580
12192, 63712
12196, 63884
12200, 64008
12204, 64116
12216, 64220
12224, 64328
12228, 64368
12232, 64416
12232, 64472
12236, 64492
12236, 64532
12236, 64552
12236, 64592
12236, 64624
12240, 64664
12240, 64704
12252, 64732
12256, 64760
12260, 64788
12260, 64796
12260, 64820
12260, 64884
12268, 64924
12268, 64984
12268, 65052
12268, 65116
12268, 65184
12272, 65256
12276, 65332
12288, 65408
12300, 65508
12308, 65560
12308, 65616
12308, 65680
12308, 65744
12312, 65776
12312, 65784
12312, 65836
12312, 65880
12312, 65900
12316, 65916
12316, 65924
12316, 65928
12316, 65944
12316, 65964
12320, 65976
12320, 66000
12320, 66028
12320, 66044
12320, 66064
12320, 66076
12324, 66096
12324, 66108
12324, 66132
12324, 66160
12324, 66172
12328, 66192
12328, 66212
12328, 66228
12328, 66256
12328, 66264
12332, 66284
12336, 66300
12336, 66316
12336, 66336
12340, 66352
12340, 66380
12340, 66408
12340, 66416
12344, 66436
12344, 66464
12344, 66488
12344, 66532
12344, 66548
12344, 66572
12344, 66596
12344, 66640
12344, 66652
12356, 66676
12356, 66696
12356, 66720
12356, 66744
12356, 66780
12356, 66800
12356, 66844
12356, 66880
12356, 66896
12356, 66916
12356, 66956
12356, 66988
12356, 67012
12360, 67036
12368, 67088
12372, 67164
12376, 67240
12388, 67336
12396, 67436
12404, 67568
12408, 67692
12424, 67852
12432, 68020
12436, 68136
12452, 68300
12456, 68476
12472, 68624
12488, 68816
12500, 69056
12516, 69252
12528, 69508
12548, 69704
12556, 69952
12576, 70196
12592, 70392
12596, 70600
12604, 70756
12616, 70988
12632, 71172
12648, 71376
12672, 71504
12676, 71640
12688, 71772
12704, 71936
12712, 72124
12720, 72228
12720, 72388
12732, 72524
12752, 72684
12752, 72868
12760, 73028
12760, 73176
12764, 73344
12780, 73552
12796, 73664
12804, 73828
12808, 74024
12824, 74192
12836, 74356
12840, 74548
12852, 74704
12856, 74828
12868, 74984
12888, 75128
12892, 75284
12900, 75436
12912, 75620
12924, 75716
12940, 75796
12944, 75920
12956, 76056
12980, 76120
12988, 76152
12996, 76200
13004, 76256
13004, 76324
13004, 76348
13004, 76380
13004, 76412
13008, 76456
13012, 76500
13012, 76516
13016, 76572
13020, 76592
13020, 76640
13024, 76692
13024, 76720
13028, 76764
13032, 76800
13032, 76884
13040, 76972
13040, 77020
13040, 77108
13044, 77184
13044, 77224
13044, 77312
13044, 77416
13048, 77504
13056, 77568
13060, 77620
13060, 77668
13060, 77740
13060, 77764
13060, 77804
13064, 77840
13068, 77880
13068, 77924
13068, 77932
13072, 77964
13072, 77992
13076, 78016
13076, 78048
13076, 78080
13076, 78112
13076, 78144
13076, 78164
13076, 78192
13076, 78208
13084, 78244
13084, 78264
13084, 78284
13084, 78312
13084, 78336
13084, 78364
13084, 78404
13084, 78424
13084, 78460
13084, 78480
13092, 78508
13092, 78524
13092, 78540
13092, 78568
13096, 78588
13096, 78604
13096, 78620
13096, 78632
13096, 78684
13100, 78704
13100, 78716
13100, 78748
13100, 78788
13100, 78808
13100, 78816
13100, 78848
13104, 78884
13108, 78904
13108, 78928
13112, 78948
13112, 78960
13112, 78964
13112, 78992
13112, 79032
13120, 79056
13120, 79084
13120, 79112
13124, 79136
13124, 79176
13124, 79216
13124, 79296
13124, 79388
13124, 79500
13132, 79600
13136, 79728
13156, 79876
13176, 80040
13184, 80172
13184, 80336
13192, 80496
13196, 80660
13216, 80872
13216, 81032
13240, 81240
13272, 81484
13292, 81688
13300, 81872
13332, 82144
13356, 82360
13360, 82584
13376, 82760
13392, 83008
13400, 83252
13416, 83512
13440, 83752
13448, 83948
13456, 84168
13456, 84324
13456, 84500
13464, 84672
13476, 84872
13492, 85076
13496, 85312
13504, 85488
13524, 85664
13536, 85864
13536, 85980
13540, 86120
13544, 86280
13556, 86464
13564, 86688
13568, 86884
13584, 87088
13604, 87272
13620, 87500
13628, 87692
13628, 87884
13636, 88028
13640, 88200
13644, 88364
13668, 88532
13668, 88664
13676, 88820
13688, 89024
13696, 89176
13704, 89276
13712, 89408
13720, 89504
13732, 89548
13732, 89616
13740, 89672
13740, 89716
13744, 89756
13744, 89812
13748, 89880
13752, 89916
13752, 89956
13756, 89988
13756, 90032
13756, 90064
13756, 90088
13760, 90124
13760, 90144
13764, 90196
13768, 90264
13772, 90356
13772, 90416
13772, 90524
13772, 90612
13780, 90748
13780, 90824
13780, 90884
13784, 90980
13784, 91064
13784, 91152
13784, 91220
13784, 91288
13784, 91348
13784, 91384
13784, 91424
13784, 91456
13784, 91488
13784, 91496
13784, 91532
13784, 91544
13784, 91556
13788, 91592
13788, 91616
13788, 91648
13788, 91664
13792, 91696
13792, 91728
13796, 91752
13796, 91796
13796, 91828
13796, 91840
13796, 91880
13796, 91896
13796, 91928
13796, 91952
13800, 91984
13800, 92032
13808, 92056
13808, 92088
13808, 92104
13812, 92128
13816, 92168
13820, 92204
13820, 92232
13820, 92264
13820, 92296
13820, 92328
13820, 92380
13820, 92428
13824, 92468
13824, 92512
13824, 92528
13824, 92556
13824, 92588
13824, 92616
13824, 92636
13828, 92664
13828, 92696
13832, 92728
13836, 92744
13840, 92772
13840, 92816
13840, 92836
13844, 92872
13844, 92904
13844, 92924
13848, 92944
13848, 92960
13852, 92972
13852, 92996
13852, 93024
13860, 93036
13860, 93068
13860, 93096
13860, 93124
13860, 93164
13864, 93204
13868, 93232
13868, 93268
13872, 93280
13876, 93312
13876, 93340
13884, 93352
13888, 93368
13892, 93428
13892, 93468
13892, 93500
13892, 93564
13892, 93592
13892, 93632
13892, 93664
13896, 93720
13896, 93784
13896, 93828
13896, 93864
13900, 93904
13900, 93952
13908, 94000
13912, 94048
13916, 94108
13924, 94164
13928, 94232
13928, 94288
13932, 94328
13936, 94408
13940, 94468
13940, 94496
13940, 94548
13940, 94612
13940, 94676
13940, 94740
13944, 94784
13944, 94840
13944, 94904
13944, 94948
13944, 95020
13944, 95084
13944, 95132
13944, 95184
13944, 95272
13944, 95312
13944, 95368
13944, 95424
13944, 95496
13944, 95552
13944, 95600
13948, 95644
13952, 95684
13952, 95728
13952, 95796
13956, 95860
13956, 95896
13956, 95920
13956, 95968
13960, 96028
13960, 96080
13964, 96120
13968, 96156
13968, 96220
13968, 96316
13972, 96408
13980, 96548
13980, 96628
13980, 96752
13984, 96868
13984, 97004
14000, 97180
14004, 97364
14016, 97596
14020, 97812
14028, 97932
14036, 98088
14040, 98188
14040, 98296
14044, 98368
14044, 98480
14044, 98576
14044, 98652
14060, 98752
14060, 98812
14060, 98864
14060, 98932
14064, 98956
14064, 98980
14064, 99044
14064, 99092
14064, 99136
14064, 99176
14064, 99220
14064, 99252
14064, 99292
14068, 99328
14072, 99360
14072, 99412
14072, 99440
14072, 99472
14072, 99520
14080, 99556
14080, 99604
14080, 99644
14080, 99672
14080, 99712
14084, 99764
14088, 99784
14088, 99808
14088, 99844
14092, 99888
14092, 99908
14092, 99932
14092, 99976
14096, 100024
14100, 100056
14100, 100092
14100, 100124
14100, 100160
14100, 100196
14100, 100212
14100, 100268
14100, 100308
14100, 100336
14100, 100384
14100, 100428
14100, 100452
14100, 100496
14100, 100536
14100, 100580
14100, 100632
14100, 100656
14100, 100692
14108, 100728
14108, 100760
14108, 100764
14108, 100816
14108, 100856
14108, 100900
14108, 100924
14108, 100960
14108, 100988
14108, 101004
14108, 101032
14112, 101080
14116, 101108
14116, 101144
14116, 101196
14116, 101224
14120, 101248
14120, 101288
14120, 101324
14120, 101348
14120, 101380
14124, 101408
14124, 101452
14128, 101508
14132, 101556
14132, 101604
14136, 101660
14136, 101736
14136, 101772
14136, 101824
14136, 101860
14136, 101928
14136, 101968
14136, 102032
14140, 102088
14148, 102172
14148, 102236
14152, 102328
14152, 102404
14152, 102460
14152, 102524
14156, 102604
14160, 102660
14160, 102740
14164, 102780
14164, 102804
14164, 102864
14168, 102916
14168, 102972
14168, 103020
14172, 103076
14172, 103124
14180, 103176
14184, 103216
14184, 103268
14184, 103324
14184, 103368
14184, 103424
14184, 103512
14184, 103572
14184, 103640
14188, 103692
14188, 103744
14188, 103804
14196, 103836
14196, 103880
14196, 103964
14196, 104004
14200, 104084
14204, 104156
14204, 104200
14208, 104292
14212, 104340
14212, 104404
14212, 104468
14216, 104568
14220, 104636
14224, 104736
14228, 104860
14228, 104968
14240, 105088
14248, 105252
14256, 105416
14264, 105572
14272, 105732
14272, 105828
14276, 105936
14284, 106084
14284, 106204
14288, 106280
14292, 106376
14292, 106496
14292, 106580
14292, 106668
14292, 106732
14296, 106796
14296, 106840
14296, 106900
14296, 106940
14296, 106976
14300, 107036
14304, 107088
14304, 107124
14304, 107156
14304, 107196
14312, 107248
14312, 107292
14312, 107324
14312, 107340
14312, 107372
14316, 107428
14316, 107468
14316, 107500
14316, 107520
14316, 107544
14316, 107588
14316, 107628
14316, 107668
14320, 107696
14320, 107732
14320, 107772
14320, 107812
14320, 107840
14320, 107888
14324, 107948
14324, 107988
14324, 108008
14328, 108056
14328, 108100
14328, 108124
14332, 108164
14336, 108192
14336, 108240
14336, 108264
14336, 108316
14336, 108376
14336, 108424
14340, 108452
14340, 108488
14344, 108524
14344, 108560
14344, 108596
14344, 108636
14344, 108688
14348, 108716
14352, 108768
14352, 108828
14352, 108900
14356, 108992
14368, 109188
14380, 109404
14388, 109628
14396, 109900
14404, 110124
14412, 110428
14416, 110752
14432, 111040
14452, 111408
14472, 111812
14492, 112172
14500, 112524
14508, 112888
14528, 113208
14544, 113528
14556, 113928
14572, 114272
14588, 114672
14608, 114944
14616, 115328
14624, 115756
14636, 116112
14664, 116464
14676, 116772
14688, 117072
14692, 117420
14704, 117668
14720, 117888
14724, 118144
14732, 118416
14740, 118652
14748, 118920
14752, 119160
14752, 119480
14764, 119744
14780, 119980
14792, 120212
14792, 120476
14812, 120728
14816, 120996
14824, 121256
14844, 121540
14856, 121784
14876, 122000
14880, 122240
14896, 122468
14908, 122712
14912, 122956
14916, 123248
14924, 123500
14936, 123724
14940, 123900
14956, 124100
14964, 124272
14964, 124416
14968, 124548
14980, 124696
14980, 124808
14988, 124880
14992, 124960
14996, 125056
14996, 125104
14996, 125172
15000, 125248
15004, 125296
15008, 125344
15008, 125412
15008, 125456
15008, 125508
15012, 125576
15012, 125640
15016, 125716
15020, 125804
15020, 125876
15024, 125960
15024, 126040
15024, 126136
15024, 126224
15024, 126272
15024, 126388
15024, 126468
15024, 126568
15032, 126668
15032, 126768
15036, 126820
15036, 126864
15036, 126924
15036, 127012
15036, 127052
15036, 127136
15036, 127180
15036, 127196
15036, 127244
15036, 127288
15036, 127336
15036, 127364
15036, 127412
15036, 127452
15036, 127484
15036, 127504
15036, 127532
15036, 127568
15036, 127592
15036, 127648
15036, 127696
15036, 127772
15036, 127816
15036, 127860
15036, 127904
15040, 127948
15044, 127996
15048, 128040
15048, 128064
15048, 128084
15048, 128144
15048, 128192
15048, 128232
15048, 128292
15048, 128328
15052, 128372
15052, 128440
15052, 128472
15056, 128504
15060, 128548
15068, 128584
15068, 128616
15072, 128664
15072, 128684
15072, 128716
15072, 128748
15072, 128788
15072, 128832
15072, 128872
15072, 128920
15072, 128972
15072, 129024
15072, 129060
15072, 129088
15072, 129124
15072, 129160
15072, 129216
15072, 129256
15076, 129324
15076, 129416
15076, 129556
15080, 129668
15088, 129788
15096, 129964
15104, 130120
15104, 130316
15116, 130528
15116, 130688
15136, 130912
15152, 131168
15180, 131388
15192, 131632
15212, 131884
15220, 132116
15228, 132412
15240, 132660
15248, 132964
15264, 133192
15272, 133440
15292, 133640
15328, 133964
15336, 134256
15356, 134448
15364, 134644
15372, 134884
15376, 135084
15376, 135224
15380, 135440
15388, 135600
15396, 135792
15404, 135980
15412, 136216
15416, 136452
15416, 136628
15428, 136824
15436, 137016
15444, 137152
15456, 137368
15468, 137552
15472, 137712
15488, 137856
15488, 138016
15496, 138180
15496, 138400
15500, 138560
15508, 138768
15508, 138996
15516, 139180
15520, 139356
15524, 139584
15532, 139748
15544, 139924
15548, 140116
15552, 140232
15556, 140432
15568, 140576
15576, 140676
15576, 140756
15580, 140816
15588, 140876
15592, 140960
15592, 141036
15592, 141104
15592, 141192
15592, 141240
15592, 141304
15592, 141376
15592, 141416
15592, 141468
15592, 141520
15592, 141588
15592, 141648
15592, 141724
15592, 141776
15596, 141900
15596, 141956
15596, 142008
15596, 142064
15596, 142144
15600, 142212
15600, 142280
15604, 142360
15608, 142420
15608, 142476
15608, 142564
15608, 142624
15608, 142684
15608, 142736
15608, 142788
15608, 142840
15616, 142864
15616, 142900
15616, 142936
15616, 142980
15620, 143012
15620, 143056
15620, 143080
15620, 143144
15620, 143212
15620, 143248
15620, 143312
15620, 143360
15620, 143384
15620, 143436
15620, 143492
15620, 143536
15620, 143572
15620, 143620
15620, 143684
15620, 143752
15620, 143804
15628, 143844
15628, 143888
15628, 143948
15628, 143964
15628, 144000
15628, 144032
15628, 144072
15632, 144120
15632, 144148
15632, 144200
15632, 144264
15636, 144292
15640, 144344
15640, 144380
15640, 144460
15640, 144516
15644, 144556
15644, 144596
15644, 144640
15644, 144680
15644, 144704
15644, 144748
15644, 144776
15644, 144820
15644, 144872
15644, 144900
15644, 144964
15648, 145020
15648, 145076
15648, 145120
15652, 145184
15656, 145220
15660, 145328
15660, 145496
15664, 145604
15664, 145740
15668, 145856
15668, 145984
15668, 146144
15676, 146296
15680, 146488
15688, 146660
15692, 146852
15696, 147032
15704, 147252
15712, 147468
15716, 147684
15716, 147884
15728, 148076
15732, 148252
15736, 148460
15752, 148672
15760, 148912
15768, 149068
15772, 149284
15784, 149504
15788, 149760
15796, 149944
15800, 150184
15808, 150344
15812, 150516
15812, 150672
15820, 150860
15820, 151076
15824, 151236
15828, 151456
15828, 151668
15828, 151860
15840, 152044
15848, 152172
15852, 152348
15860, 152564
15868, 152740
15868, 152908
15876, 153112
15880, 153336
15880, 153492
15888, 153672
15888, 153820
15892, 153952
15896, 154128
15904, 154344
15908, 154452
15912, 154572
15916, 154792
15916, 154960
15924, 155072
15928, 155224
15944, 155404
15944, 155504
15944, 155572
15944, 155644
15944, 155716
15944, 155804
15944, 155852
15948, 155900
15948, 155972
15948, 156024
15952, 156068
15964, 156152
15964, 156232
15964, 156288
15968, 156344
15968, 156416
15968, 156476
15968, 156560
15968, 156636
15968, 156680
15968, 156736
15972, 156800
15976, 156900
15976, 156956
15976, 157032
15976, 157084
15976, 157180
15976, 157228
15976, 157292
15976, 157368
15976, 157408
15976, 157472
15976, 157548
15976, 157564
15980, 157624
15980, 157668
15984, 157704
15984, 157740
15984, 157784
15984, 157832
15984, 157884
15984, 157944
15988, 157976
15988, 158024
15988, 158056
15988, 158088
15988, 158144
15992, 158200
15992, 158268
15996, 158340
15996, 158368
15996, 158428
16000, 158460
16000, 158516
16000, 158572
16000, 158608
16000, 158660
16000, 158704
16000, 158744
16000, 158812
16000, 158864
16000, 158920
16000, 158980
16008, 159048
16008, 159104
16012, 159156
16012, 159184
16012, 159204
16012, 159272
16012, 159296
16012, 159312
16012, 159352
16016, 159396
16020, 159444
16020, 159484
16020, 159544
16020, 159580
16020, 159612
16020, 159648
16024, 159696
16028, 159744
16028, 159800
16028, 159840
16028, 159884
16032, 159924
16032, 159996
16032, 160064
16032, 160156
16032, 160228
16032, 160408
16032, 160536
16032, 160612
16032, 160780
16032, 160908
16036, 161072
16040, 161292
16040, 161420
16048, 161620
16052, 161772
16060, 161900
16068, 162076
16080, 162292
16080, 162484
16080, 162648
16088, 162860
16088, 163060
16096, 163228
16100, 163460
16100, 163764
16108, 163952
16108, 164168
16112, 164384
16116, 164644
16120, 164844
16124, 164996
16128, 165160
16132, 165324
16132, 165512
16132, 165716
16136, 165876
16140, 166056
16144, 166196
16144, 166416
16148, 166592
16148, 166812
16148, 166960
16148, 167076
16152, 167268
16160, 167468
16164, 167656
16172, 167808
16172, 167988
16176, 168168
16180, 168284
16184, 168448
16196, 168672
16196, 168836
16200, 169008
16204, 169188
16208, 169308
16208, 169476
16212, 169648
16216, 169788
16220, 169960
16224, 170144
16224, 170240
16224, 170312
16224, 170380
16224, 170464
16224, 170576
16224, 170632
16224, 170684
16224, 170772
16224, 170828
16228, 170916
16228, 170964
16228, 171020
16228, 171068
16228, 171108
16236, 171168
16236, 171208
16236, 171276
16236, 171356
16236, 171444
16236, 171508
16236, 171576
16236, 171620
16240, 171648
16240, 171692
16240, 171740
16240, 171800
16248, 171896
16248, 171956
16248, 171996
16252, 172040
16252, 172088
16252, 172152
16256, 172180
16256, 172240
16256, 172292
16256, 172332
16256, 172380
16256, 172444
16256, 172496
16256, 172536
16260, 172576
16260, 172616
16260, 172680
16260, 172728
16260, 172792
16264, 172836
16268, 172888
16268, 172928
16272, 172976
16276, 173032
16276, 173068
16276, 173124
16276, 173176
16276, 173228
16276, 173288
16276, 173324
16276, 173384
16276, 173432
16276, 173492
16280, 173528
16280, 173576
16284, 173640
16284, 173680
16292, 173716
16292, 173760
16292, 173804
16296, 173860
16296, 173916
16296, 173948
16296, 173968
16296, 174028
16300, 174080
16300, 174132
16300, 174180
16304, 174212
16304, 174276
16304, 174304
16304, 174368
16304, 174408
16304, 174444
16308, 174500
16312, 174584
16312, 174616
16312, 174664
16316, 174724
16320, 174776
16320, 174860
16320, 174980
16324, 175116
16324, 175240
16324, 175412
16324, 175536
16324, 175676
16328, 175804
16336, 175916
16348, 176064
16356, 176172
16356, 176352
16360, 176528
16364, 176716
16364, 176924
16364, 177112
16368, 177256
16380, 177452
16384, 177700
16392, 177936
16392, 178216
16396, 178440
16396, 178704
16412, 178932
16416, 179116
16416, 179292
16416, 179484
16416, 179668
16416, 179828
16416, 179960
16416, 180136
16420, 180296
16424, 180464
16432, 180620
16432, 180824
16440, 181016
16444, 181244
16452, 181432
16452, 181612
16460, 181760
16460, 181912
16460, 182064
16464, 182196
16464, 182368
16464, 182544
16468, 182732
16476, 182904
16480, 183052
16484, 183244
16484, 183380
16488, 183504
16488, 183684
16488, 183868
16492, 184004
16492, 184112
16500, 184228
16500, 184364
16504, 184488
16504, 184608
16504, 184696
16504, 184764
16504, 184820
16508, 184872
16512, 184972
16512, 185072
16512, 185132
16512, 185196
16516, 185272
16516, 185320
16516, 185376
16516, 185416
16516, 185484
16516, 185572
16520, 185636
16520, 185692
16520, 185756
16520, 185816
16524, 185856
16524, 185912
16528, 185964
16532, 186064
16532, 186104
16536, 186140
16536, 186204
16536, 186244
16540, 186320
16540, 186388
16540, 186444
16540, 186488
16540, 186544
16544, 186592
16548, 186640
16548, 186700
16548, 186748
16548, 186816
16552, 186856
16552, 186916
16552, 186972
16552, 187008
16552, 187048
16552, 187088
16552, 187144
16552, 187188
16552, 187264
16552, 187312
16552, 187388
16552, 187444
16552, 187504
16552, 187576
16552, 187636
16552, 187688
16552, 187736
16552, 187760
16552, 187828
16556, 187900
16556, 187944
16560, 188000
16560, 188076
16560, 188156
16560, 188200
16560, 188276
16560, 188320
16560, 188352
16568, 188424
16568, 188448
16568, 188488
16568, 188536
16568, 188580
16568, 188616
16568, 188672
16568, 188720
16568, 188756
16568, 188828
16568, 188868
16568, 188916
16576, 188980
16576, 189016
16576, 189044
16580, 189100
16580, 189176
16580, 189236
16584, 189284
16584, 189340
16584, 189380
16584, 189444
16584, 189492
16584, 189536
16588, 189592
16588, 189636
16592, 189688
16592, 189728
16592, 189792
16596, 189856
16596, 189900
16596, 189944
16596, 189984
16596, 190008
16596, 190040
16596, 190072
16600, 190140
16600, 190224
16600, 190272
16600, 190344
16604, 190416
16604, 190480
16604, 190560
16608, 190648
16608, 190704
16608, 190768
16612, 190864
16612, 190976
16612, 191052
16612, 191140
16616, 191224
16616, 191324
16616, 191412
16620, 191516
16620, 191644
16620, 191740
16624, 191844
16624, 191980
16624, 192108
16624, 192220
16628, 192328
16628, 192424
16628, 192500
16628, 192576
16628, 192632
16632, 192744
16636, 192836
16640, 192960
16640, 193032
16640, 193160
16640, 193252
16640, 193364
16640, 193480
16640, 193576
16640, 193680
16640, 193764
16644, 193864
16648, 193968
16648, 194036
16648, 194156
16648, 194268
16648, 194340
16656, 194412
16660, 194496
16660, 194572
16660, 194632
16660, 194720
16660, 194788
16660, 194872
16660, 194940
16668, 194992
16668, 195080
16668, 195168
16672, 195284
16680, 195368
16680, 195476
16684, 195580
16688, 195740
16692, 195916
16692, 196092
16692, 196260
16696, 196472
16696, 196668
16696, 196784
16704, 196948
16704, 197128
16704, 197272
16704, 197436
16704, 197576
16704, 197648
16704, 197748
16704, 197824
16704, 197860
16712, 197936
16712, 198032
16712, 198112
16716, 198188
16716, 198264
16724, 198332
16724, 198420
16724, 198504
16728, 198536
16728, 198604
16728, 198660
16728, 198728
16728, 198804
16728, 198888
16728, 198928
16728, 198960
16728, 199028
16732, 199084
16732, 199128
16732, 199168
16736, 199200
16736, 199264
16740, 199324
16740, 199392
16740, 199436
16740, 199508
16740, 199556
16740, 199584
16740, 199640
16740, 199700
16744, 199764
16744, 199828
16744, 199920
16744, 200004
16744, 200092
16748, 200160
16752, 200220
16752, 200280
16752, 200352
16756, 200388
16756, 200456
16756, 200520
16764, 200580
16764, 200656
16764, 200688
16764, 200736
16764, 200788
16768, 200856
16768, 200920
16768, 200964
16768, 201008
16768, 201044
16772, 201112
16772, 201160
16772, 201204
16772, 201252
16772, 201336
16772, 201396
16776, 201472
16776, 201532
16776, 201620
16776, 201696
16776, 201792
16776, 201852
16776, 201916
16776, 201996
16776, 202028
16776, 202120
16776, 202200
16780, 202256
16784, 202336
16784, 202416
16784, 202472
16784, 202532
16784, 202596
16784, 202708
16784, 202772
16788, 202844
16792, 202928
16792, 203008
16792, 203100
16792, 203232
16792, 203328
16800, 203448
16800, 203564
16800, 203664
16800, 203772
16800, 203916
16800, 204012
16800, 204148
16804, 204276
16804, 204364
16804, 204468
16808, 204540
16808, 204620
16812, 204708
16816, 204856
16820, 205004
16824, 205072
16824, 205160
16824, 205240
16824, 205324
16824, 205408
16824, 205500
16824, 205556
16824, 205632
16824, 205756
16824, 205832
16832, 205920
16832, 206040
16836, 206136
16836, 206220
16836, 206324
16836, 206400
16840, 206500
16840, 206600
16840, 206708
16844, 206824
16848, 206884
16848, 206944
16848, 206988
16848, 207056
16848, 207164
16856, 207256
16856, 207364
16856, 207452
16856, 207540
16860, 207616
16864, 207748
16864, 207896
16864, 208028
16868, 208116
16868, 208248
16868, 208384
16868, 208516
16868, 208624
16872, 208728
16872, 208816
16872, 208956
16872, 209060
16872, 209136
16872, 209232
16880, 209316
16880, 209420
16880, 209500
16880, 209564
16880, 209652
16880, 209748
16884, 209812
16884, 209852
16884, 209920
16884, 210004
16884, 210048
16888, 210088
16888, 210128
16888, 210224
16892, 210252
16892, 210296
16896, 210364
16900, 210408
16904, 210456
16904, 210516
16904, 210576
16904, 210656
16904, 210728
16904, 210772
16904, 210816
16904, 210876
16904, 210928
16908, 210992
16908, 211044
16908, 211088
16912, 211136
16912, 211184
16912, 211252
16912, 211360
16912, 211428
16916, 211464
16916, 211528
16916, 211584
16916, 211644
16916, 211708
16916, 211744
16916, 211808
16916, 211856
16916, 211932
16916, 212000
16916, 212036
16916, 212068
16916, 212124
16916, 212148
16916, 212184
16920, 212236
16920, 212268
16920, 212348
16920, 212392
16920, 212520
16920, 212632
16920, 212808
16924, 212988
16928, 213120
16928, 213324
16928, 213440
16932, 213652
16932, 213920
16932, 214088
16936, 214288
16940, 214512
16940, 214684
16944, 214988
16948, 215280
16952, 215496
16952, 215736
16952, 215992
16960, 216328
16960, 216600
16964, 216868
16968, 217104
16968, 217336
16972, 217584
16976, 217836
16976, 218088
16976, 218292
16980, 218508
16980, 218736
16980, 218964
16984, 219164
16984, 219384
16984, 219564
16984, 219740
16996, 219960
16996, 220184
16996, 220444
16996, 220632
16996, 220836
16996, 220972
17000, 221164
17004, 221364
17008, 221560
17008, 221808
17008, 221964
17008, 222176
17008, 222380
17012, 222584
17028, 222784
17028, 222960
17028, 223148
17028, 223328
17032, 223548
17040, 223704
17044, 223876
17048, 224064
17056, 224216
17056, 224396
17056, 224552
17056, 224636
17060, 224732
17060, 224828
17060, 224932
17060, 224992
17060, 225064
17064, 225156
17064, 225224
17068, 225316
17068, 225404
17068, 225460
17068, 225540
17068, 225632
17072, 225708
17072, 225792
17072, 225852
17072, 225908
17072, 225984
17072, 226032
17076, 226088
17076, 226172
17076, 226228
17076, 226336
17076, 226380
17076, 226452
17076, 226516
17076, 226568
17076, 226628
17076, 226656
17076, 226700
17076, 226764
17076, 226820
17076, 226872
17080, 226924
17080, 226972
17080, 227048
17080, 227084
17092, 227120
17092, 227164
17092, 227228
17092, 227280
17096, 227352
17096, 227388
17096, 227432
17100, 227480
17100, 227520
17100, 227560
17100, 227588
17100, 227656
17104, 227700
17104, 227760
17104, 227816
17104, 227876
17104, 227960
17104, 228028
17104, 228092
17108, 228148
17108, 228208
17108, 228272
17108, 228332
17108, 228392
17108, 228440
17108, 228496
17108, 228584
17108, 228644
17116, 228684
17116, 228740
17116, 228780
17116, 228828
17120, 228884
17120, 228952
17120, 229004
17120, 229056
17120, 229108
17124, 229144
17124, 229184
17124, 229236
17124, 229280
17124, 229316
17124, 229348
17124, 229408
17124, 229464
17128, 229516
17128, 229588
17128, 229664
17132, 229796
17132, 229960
17132, 230132
17136, 230296
17136, 230388
17136, 230496
17136, 230648
17136, 230800
17136, 231000
17140, 231160
17144, 231356
17148, 231532
17156, 231704
17156, 231880
17156, 232068
17156, 232236
17160, 232428
17168, 232704
17168, 232972
17168, 233244
17176, 233464
17176, 233708
17176, 233988
17184, 234216
17188, 234436
17188, 234604
17188, 234812
17192, 235016
17196, 235204
17196, 235384
17196, 235548
17200, 235688
17204, 235888
17204, 236052
17204, 236240
17204, 236408
17204, 236584
17204, 236780
17208, 236892
17208, 237036
17212, 237168
17212, 237396
17212, 237568
17212, 237700
17212, 237884
17212, 238036
17216, 238192
17216, 238348
17216, 238528
17220, 238684
17228, 238856
17228, 239048
17228, 239188
17228, 239332
17228, 239508
17228, 239656
17240, 239788
17240, 239912
17244, 240024
17244, 240088
17248, 240148
17248, 240228
17248, 240308
17248, 240368
17248, 240420
17248, 240468
17248, 240544
17248, 240648
17252, 240720
17252, 240776
17252, 240860
17252, 240916
17252, 240984
17252, 241056
17252, 241128
17252, 241208
17256, 241276
17256, 241320
17256, 241376
17256, 241452
17256, 241536
17256, 241564
17256, 241620
17256, 241712
17260, 241768
17260, 241836
17260, 241892
17260, 241936
17264, 241992
17264, 242052
17264, 242084
17264, 242136
17268, 242204
17272, 242276
17272, 242316
17272, 242380
17272, 242424
17272, 242468
17272, 242512
17272, 242548
17272, 242608
17276, 242648
17276, 242684
17280, 242776
17280, 242808
17280, 242864
17280, 242924
17280, 242972
17280, 243024
17280, 243088
17280, 243148
17280, 243200
17280, 243252
17280, 243316
17284, 243380
17284, 243416
17284, 243484
17284, 243564
17284, 243616
17288, 243676
17288, 243708
17292, 243760
17292, 243828
17292, 243896
17296, 243972
17296, 244044
17296, 244080
17296, 244136
17296, 244184
17296, 244252
17296, 244316
17296, 244364
17296, 244428
17296, 244480
17296, 244516
17296, 244608
17296, 244660
17296, 244688
17296, 244756
17296, 244796
17296, 244852
17296, 244888
17296, 244932
17296, 245016
17296, 245120
17296, 245228
17296, 245368
17296, 245516
17296, 245676
17296, 245788
17296, 245948
17300, 246060
17300, 246240
17304, 246400
17308, 246572
17308, 246748
17316, 246884
17320, 247040
17320, 247240
17320, 247516
17320, 247708
17320, 247888
17320, 248112
17320, 248336
17320, 248528
17324, 248772
17324, 248984
17328, 249192
17328, 249392
17328, 249588
17332, 249788
17336, 249952
17336, 250092
17336, 250268
17336, 250388
17336, 250536
17344, 250716
17348, 250864
17352, 251040
17352, 251176
17352, 251356
17356, 251508
17360, 251620
17360, 251740
17360, 251864
17364, 252036
17364, 252216
17364, 252380
17364, 252556
17364, 252712
17364, 252856
17368, 253028
17368, 253156
17368, 253292
17372, 253444
17376, 253548
17376, 253664
17376, 253832
17376, 253928
17376, 254080
17376, 254264
17380, 254360
17384, 254456
17388, 254512
17388, 254572
17388, 254624
17388, 254724
17388, 254772
17388, 254808
17388, 254892
17388, 254984
17388, 255084
17388, 255156
17388, 255208
17388, 255272
17388, 255328
17388, 255396
17388, 255444
17388, 255532
17388, 255576
17388, 255640
17388, 255708
17388, 255772
17388, 255812
17388, 255852
17388, 255920
17388, 255976
17388, 256028
17388, 256088
17388, 256136
17392, 256200
17392, 256256
17392, 256348
17392, 256400
17392, 256476
17392, 256548
17392, 256584
17392, 256624
17392, 256680
17396, 256752
17396, 256804
17396, 256856
17396, 256900
17396, 256932
17396, 257012
17396, 257064
17396, 257104
17396, 257160
17396, 257224
17396, 257268
17396, 257312
17396, 257368
17396, 257420
17396, 257464
17396, 257508
17396, 257556
17396, 257604
17396, 257668
17396, 257716
17396, 257772
17396, 257816
17400, 257860
17400, 257916
17400, 257988
17400, 258076
17400, 258144
17400, 258180
17400, 258252
17400, 258316
17400, 258356
17400, 258412
17400, 258460
17400, 258500
17400, 258564
17400, 258628
17400, 258668
17400, 258724
17400, 258768
17400, 258820
17404, 258864
17404, 258916
17404, 258960
17404, 258992
17404, 259028
17404, 259084
17408, 259184
17408, 259240
17408, 259312
17408, 259416
17408, 259540
17408, 259724
17408, 259844
17408, 259916
17408, 260064
17412, 260196
17412, 260292
17416, 260448
17420, 260604
17420, 260780
17420, 260988
17424, 261152
17424, 261344
17428, 261544
17428, 261700
17428, 261868
17432, 262060
17432, 262272
17432, 262468
17432, 262684
17436, 262980
17440, 263160
17444, 263400
17444, 263592
17448, 263756
17448, 263988
17452, 264140
17452, 264264
17452, 264476
17452, 264620
17452, 264776
17452, 264924
17452, 265096
17452, 265320
17452, 265448
17456, 265584
17456, 265768
17456, 265928
17460, 266052
17460, 266184
17460, 266352
17464, 266492
17464, 266708
17464, 266912
17464, 267100
17468, 267252
17468, 267424
17468, 267588
17472, 267716
17472, 267884
17472, 267992
17472, 268088
17472, 268196
17472, 268344
17472, 268440
17472, 268580
17476, 268664
17476, 268780
17476, 268864
17476, 269000
17476, 269068
17476, 269124
17476, 269176
17476, 269224
17476, 269304
17476, 269364
17476, 269428
17476, 269488
17476, 269556
17476, 269592
17476, 269664
17476, 269724
17476, 269796
17476, 269852
17476, 269932
17476, 270028
17476, 270068
17476, 270144
17476, 270240
17476, 270288
17476, 270332
17476, 270392
17476, 270440
17476, 270484
17476, 270532
17476, 270568
17480, 270600
17480, 270644
17480, 270704
17484, 270776
17484, 270840
17484, 270880
17484, 270932
17484, 270996
17484, 271056
17484, 271104
17484, 271164
17484, 271212
17484, 271284
17484, 271312
17484, 271360
17484, 271420
17484, 271460
17484, 271508
17484, 271572
17484, 271636
17484, 271692
17484, 271728
17488, 271804
17488, 271832
17488, 271860
17488, 271900
17488, 271920
17488, 272020
17488, 272064
17488, 272136
17488, 272152
17488, 272220
17488, 272276
17488, 272324
17488, 272384
17488, 272452
17488, 272504
17488, 272544
17488, 272608
17488, 272680
17488, 272760
17488, 272808
17492, 272860
17492, 272904
17492, 272972
17496, 273012
17496, 273072
17496, 273092
17496, 273196
17496, 273256
17496, 273300
17496, 273364
17496, 273444
17496, 273492
17496, 273544
17496, 273620
17496, 273680
17496, 273788
17500, 273888
17500, 274064
17500, 274232
17500, 274332
17500, 274432
17500, 274568
17500, 274704
17500, 274828
17500, 274960
17504, 275092
17504, 275232
17504, 275436
17504, 275656
17504, 275860
17508, 276032
17508, 276268
17508, 276424
17508, 276604
17516, 276808
17520, 276996
17520, 277180
17524, 277392
17524, 277616
17524, 277788
17524, 277968
17524, 278108
17524, 278228
17524, 278332
17524, 278460
17524, 278592
17524, 278776
17524, 278940
17524, 279088
17524, 279248
17528, 279400
17532, 279544
17532, 279708
17532, 279916
17532, 279996
17532, 280104
17532, 280204
17532, 280360
17532, 280472
17532, 280576
17536, 280732
17536, 280868
17536, 280984
17536, 281104
17536, 281260
17540, 281388
17540, 281524
17540, 281632
17544, 281760
17544, 281924
17544, 282024
17544, 282132
17544, 282236
17544, 282336
17544, 282436
17544, 282500
17544, 282588
17544, 282628
17544, 282684
17544, 282748
17544, 282836
17544, 282916
17544, 282984
17544, 283048
17544, 283096
17544, 283176
17544, 283212
17544, 283280
17544, 283328
17544, 283372
17544, 283428
17548, 283488
17548, 283552
17548, 283584
17548, 283676
17548, 283712
17548, 283776
17552, 283812
17552, 283852
17552, 283924
17552, 284000
17552, 284068
17552, 284112
17552, 284164
17552, 284216
17552, 284256
17552, 284316
17552, 284348
17552, 284400
17552, 284448
17552, 284484
17552, 284548
17552, 284588
17552, 284624
17552, 284688
17552, 284744
17552, 284780
17552, 284840
17556, 284892
17556, 284960
17556, 285040
17556, 285116
17560, 285180
17560, 285272
17560, 285340
17560, 285424
17560, 285464
17560, 285504
17560, 285556
17564, 285600
17564, 285676
17564, 285720
17564, 285772
17564, 285840
17564, 285876
17564, 285928
17564, 285996
17564, 286068
17564, 286140
17564, 286208
17568, 286276
17568, 286304
17568, 286360
17568, 286420
17568, 286480
17568, 286536
17568, 286604
17568, 286636
17568, 286708
17572, 286760
17572, 286804
17572, 286916
17572, 286964
17572, 287040
17572, 287120
17572, 287168
17572, 287224
17572, 287300
17572, 287356
17572, 287408
17572, 287492
17572, 287520
17572, 287560
17572, 287624
17572, 287672
17572, 287748
17576, 287788
17576, 287828
17576, 287856
17576, 287920
17576, 287980
17576, 288048
17576, 288120
17576, 288172
17576, 288228
17576, 288296
17580, 288336
17580, 288412
17580, 288468
17580, 288540
17580, 288624
17580, 288720
17580, 288812
17580, 288924
17580, 289024
17584, 289084
17584, 289184
17584, 289252
17584, 289320
17584, 289432
17588, 289552
17588, 289620
17588, 289744
17588, 289860
17588, 290004
17588, 290172
17588, 290272
17588, 290356
17588, 290452
17588, 290568
17588, 290660
17588, 290748
17588, 290824
17588, 290904
17588, 291000
17588, 291120
17588, 291228
17588, 291304
17588, 291404
17588, 291480
17588, 291584
17588, 291652
17588, 291724
17596, 291776
17596, 291852
17596, 291916
17596, 291972
17596, 292028
17596, 292112
17596, 292192
17596, 292240
17596, 292284
17596, 292352
17596, 292420
17596, 292476
17596, 292540
17596, 292588
17596, 292636
17596, 292700
17596, 292744
17596, 292856
17596, 292948
17596, 293012
17596, 293092
17596, 293152
17596, 293244
17596, 293380
17596, 293500
17596, 293620
17596, 293728
17596, 293832
17596, 293912
17600, 293984
17600, 294136
17600, 294264
17600, 294332
17600, 294464
17600, 294536
17600, 294616
17600, 294692
17600, 294788
17600, 294844
17600, 294916
17600, 294976
17600, 295012
17600, 295088
17600, 295144
17600, 295208
17600, 295280
17600, 295328
17600, 295400
17600, 295456
17600, 295524
17600, 295612
17600, 295672
17600, 295712
17600, 295756
17600, 295792
17600, 295852
17600, 295912
17600, 295984
17600, 296076
17600, 296136
17600, 296176
17600, 296248
17600, 296292
17600, 296328
17600, 296372
17600, 296412
17600, 296448
17600, 296524
17604, 296580
17604, 296624
17604, 296688
17604, 296732
17604, 296788
17604, 296860
17604, 296896
17604, 296928
17604, 296972
17604, 297028
17604, 297060
17604, 297096
17604, 297172
17604, 297220
17604, 297296
17604, 297332
17604, 297396
17608, 297436
17608, 297472
17608, 297516
17608, 297588
17608, 297628
17608, 297668
17608, 297704
17608, 297744
17608, 297812
17608, 297860
17608, 297896
17608, 297952
17608, 298000
17608, 298052
17608, 298120
17608, 298164
17608, 298216
17612, 298272
17612, 298324
17612, 298356
17612, 298432
17612, 298500
17612, 298548
17616, 298616
17616, 298680
17616, 298748
17616, 298808
17616, 298892
17616, 298972
17616, 299040
17616, 299096
17616, 299168
17616, 299228
17616, 299300
17616, 299368
17616, 299440
17616, 299556
17616, 299652
17620, 299716
17620, 299836
17620, 299952
17620, 300068
17620, 300180
17620, 300276
17620, 300404
17620, 300476
17620, 300556
17620, 300656
17620, 300756
17620, 300864
17620, 300936
17620, 300992
17620, 301064
17620, 301148
17620, 301220
17620, 301312
17620, 301384
17620, 301440
17628, 301492
17628, 301584
17628, 301656
17628, 301732
17628, 301816
17628, 301868
17628, 301936
17628, 301980
17628, 302044
17628, 302100
17628, 302164
17628, 302224
17628, 302308
17628, 302352
17628, 302392
17628, 302456
17628, 302528
17628, 302564
17628, 302604
17628, 302652
17628, 302712
17628, 302792
17628, 302884
17628, 302972
17628, 303036
17628, 303120
17628, 303192
17628, 303280
17628, 303392
17628, 303480
17628, 303548
17628, 303640
17628, 303728
17628, 303796
17628, 303896
17628, 303980
17632, 304052
17632, 304148
17632, 304236
17632, 304304
17636, 304392
17636, 304464
17636, 304536
17636, 304584
17636, 304652
17640, 304700
17640, 304776
17640, 304836
17640, 304892
17640, 304968
17640, 305016
17640, 305052
17640, 305108
17640, 305164
17640, 305216
17640, 305288
17640, 305328
17640, 305372
17644, 305416
17644, 305468
17644, 305528
17644, 305568
17644, 305624
17644, 305672
17644, 305744
17644, 305812
17644, 305860
17644, 305912
17644, 305972
17644, 306004
17644, 306080
17644, 306124
17644, 306192
17644, 306232
17644, 306280
17644, 306356
17644, 306400
17644, 306444
17644, 306492
17644, 306556
17644, 306600
17644, 306648
17644, 306672
17644, 306728
17644, 306772
17644, 306812
17644, 306856
17644, 306904
17644, 306976
17644, 307032
17644, 307108
17644, 307216
17644, 307296
17644, 307428
17644, 307548
17644, 307656
17644, 307796
17644, 307932
17644, 308024
17644, 308220
17644, 308340
17644, 308516
17644, 308700
17644, 308872
17644, 309012
17644, 309164
17644, 309376
17644, 309544
17644, 309716
17644, 309888
17644, 310068
17644, 310276
17644, 310492
17644, 310720
17648, 310912
17648, 311076
17648, 311268
17648, 311412
17648, 311576
17648, 311688
17652, 311824
17652, 311972
17652, 312156
17652, 312268
17652, 312384
17652, 312564
17652, 312672
17652, 312832
17652, 312960
17652, 313120
17652, 313264
17652, 313436
17652, 313616
17656, 313824
17660, 313996
17660, 314128
17660, 314276
17660, 314456
17660, 314608
17660, 314780
17660, 314924
17660, 315028
17660, 315164
17660, 315320
17660, 315456
17660, 315596
17660, 315712
17660, 315840
17660, 315924
17660, 316024
17660, 316104
17660, 316152
17660, 316236
17660, 316312
17664, 316380
17664, 316448
17664, 316496
17664, 316568
17664, 316636
17664, 316692
17664, 316736
17664, 316800
17664, 316860
17664, 316904
17664, 316964
17664, 317032
17664, 317108
17664, 317184
17664, 317240
17664, 317296
17664, 317340
17664, 317384
17664, 317424
17664, 317472
17664, 317512
17664, 317560
17664, 317588
17664, 317632
17664, 317664
17664, 317708
17664, 317752
17664, 317812
17664, 317864
17664, 317908
17664, 317952
17664, 318016
17664, 318060
17664, 318084
17664, 318100
17664, 318156
17664, 318224
17664, 318260
17664, 318292
17664, 318324
17664, 318348
17664, 318388
17664, 318448
17664, 318484
17664, 318520
17664, 318556
17664, 318592
17664, 318620
17664, 318668
17664, 318740
17664, 318764
17664, 318840
17664, 318912
17664, 318944
17664, 318988
17664, 319036
17664, 319088
17664, 319132
17664, 319160
17664, 319240
17664, 319308
17664, 319348
17664, 319396
17664, 319440
17664, 319480
17664, 319540
17664, 319572
17664, 319632
17664, 319680
17664, 319708
17664, 319744
17664, 319780
17664, 319820
17664, 319868
17664, 319920
17664, 319948
17664, 320000
17664, 320056
17664, 320088
17664, 320168
17664, 320228
17664, 320328
17664, 320436
17664, 320536
17664, 320624
17664, 320712
17664, 320848
17664, 320936
17664, 321032
17664, 321120
17664, 321248
17664, 321384
17664, 321532
17664, 321664
17664, 321820
17664, 321952
17664, 322132
17664, 322284
17664, 322420
17664, 322604
17664, 322768
17664, 322936
17664, 323112
17664, 323304
17664, 323528
17664, 323720
17664, 323904
17664, 324052
17664, 324136
17664, 324264
17664, 324376
17664, 324556
17664, 324680
17664, 324804
17664, 324908
17664, 325056
17664, 325188
17664, 325284
17664, 325428
17664, 325536
17664, 325604
17664, 325712
17664, 325816
17664, 325944
17664, 326020
17664, 326180
17664, 326312
17664, 326400
17664, 326512
17664, 326604
17664, 326740
17664, 326860
17664, 326964
17664, 327072
17664, 327244
17664, 327332
17664, 327428
17664, 327520
17664, 327620
17664, 327712
17664, 327780
17664, 327852
17664, 327900
17664, 327960
17664, 327988
17664, 328040
17664, 328104
17664, 328176
17664, 328260
17664, 328308
17664, 328348
17664, 328412
17664, 328464
17664, 328500
17664, 328548
17664, 328604
17664, 328664
17668, 328716
17668, 328748
17668, 328808
17668, 328868
17668, 328920
17668, 328952
17668, 329000
17668, 329068
17668, 329104
17668, 329156
17668, 329180
17668, 329240
17668, 329280
17668, 329340
17668, 329376
17668, 329408
17668, 329476
17668, 329520
17668, 329580
17668, 329604
17668, 329660
17668, 329716
17668, 329760
17668, 329824
17668, 329868
17668, 329912
17668, 329980
17668, 330016
17668, 330064
17668, 330120
17668, 330180
17668, 330232
17668, 330276
17668, 330328
17668, 330372
17668, 330412
17668, 330472
17668, 330548
17668, 330592
17668, 330664
17668, 330712
17668, 330744
17668, 330776
17668, 330820
17668, 330880
17668, 330916
17668, 330956
17668, 331000
17668, 331064
17668, 331120
17668, 331164
17668, 331216
17668, 331240
17668, 331300
17668, 331352
17668, 331392
17668, 331436
17668, 331472
17668, 331556
17668, 331596
17668, 331640
17668, 331688
17668, 331740
17668, 331776
17668, 331828
17668, 331880
17668, 331928
17668, 332000
17672, 332076
17672, 332160
17672, 332280
17672, 332420
17672, 332476
17672, 332564
17672, 332676
17672, 332832
17672, 332956
17672, 333072
17672, 333152
17672, 333276
17672, 333392
17672, 333544
17672, 333684
17672, 333820
17672, 333952
17672, 334144
17672, 334296
17672, 334408
17672, 334584
17672, 334728
17672, 334892
17672, 335052
17676, 335212
17676, 335388
17676, 335520
17676, 335608
17676, 335724
17676, 335840
17676, 335924
17676, 336076
17676, 336192
17676, 336316
17676, 336428
17676, 336588
17676, 336676
17680, 336812
17680, 336952
17680, 337072
17680, 337196
17680, 337320
17680, 337432
17680, 337552
17680, 337692
17684, 337780
17684, 337920
17684, 338024
17684, 338124
17684, 338240
17684, 338388
17684, 338468
17684, 338552
17684, 338664
17684, 338764
17684, 338904
17684, 339012
17684, 339100
17684, 339156
17684, 339200
17684, 339276
17684, 339316
17688, 339388
17688, 339432
17688, 339480
17688, 339536
17688, 339608
17688, 339652
17688, 339696
17688, 339736
17688, 339772
17688, 339816
17688, 339856
17688, 339932
17688, 339992
17688, 340016
17692, 340048
17692, 340092
17692, 340168
17692, 340220
17692, 340248
17692, 340288
17692, 340332
17692, 340380
17692, 340420
17692, 340476
17692, 340528
17692, 340572
17692, 340636
17692, 340684
17692, 340724
17692, 340744
17692, 340788
17692, 340800
17692, 340856
17692, 340888
17692, 340904
17692, 340952
17692, 341036
17692, 341112
17692, 341152
17696, 341180
17696, 341208
17696, 341256
17696, 341316
17696, 341348
17696, 341384
17696, 341428
17696, 341496
17696, 341520
17696, 341592
17696, 341616
17696, 341648
17696, 341680
17696, 341740
17696, 341768
17696, 341776
17696, 341820
17696, 341860
17696, 341896
17696, 341944
17696, 341984
17696, 342032
17696, 342104
17696, 342168
17696, 342224
17696, 342260
17696, 342308
17696, 342340
17696, 342376
17696, 342396
17696, 342444
17696, 342496
17696, 342532
17696, 342576
17696, 342624
17696, 342676
17696, 342692
17696, 342720
17696, 342760
17696, 342808
17696, 342848
17696, 342924
17696, 342984
17696, 343052
17696, 343156
17696, 343272
17696, 343384
17696, 343468
17696, 343556
17696, 343620
17696, 343744
17696, 343856
17696, 343944
17696, 344036
17696, 344184
17700, 344320
17700, 344476
17700, 344624
17700, 344772
17700, 344916
17700, 345028
17700, 345176
17700, 345328
17700, 345532
17700, 345680
17700, 345828
17704, 345988
17704, 346132
17704, 346288
17704, 346396
17704, 346508
17704, 346620
17704, 346720
17704, 346804
17704, 346900
17704, 346996
17704, 347092
17704, 347204
17704, 347336
17704, 347488
17704, 347560
17704, 347628
17704, 347724
17704, 347792
17704, 347908
17704, 348024
17704, 348148
17704, 348284
17704, 348420
17704, 348552
17704, 348652
17704, 348736
17704, 348812
17704, 348928
17704, 349020
17704, 349100
17704, 349208
17704, 349288
17704, 349368
17704, 349472
17704, 349584
17704, 349640
17704, 349696
17704, 349732
17704, 349772
17704, 349852
17704, 349916
17704, 349948
17704, 350004
17704, 350056
17704, 350132
17704, 350176
17704, 350232
17704, 350276
17704, 350320
17704, 350376
17704, 350448
17704, 350504
17704, 350532
17704, 350588
17704, 350628
17704, 350656
17704, 350716
17704, 350764
17704, 350796
17704, 350832
17704, 350880
17704, 350924
17704, 350944
17704, 350976
17704, 351004
17704, 351040
17704, 351076
17704, 351116
17704, 351148
17704, 351188
17704, 351240
17704, 351276
17704, 351312
17708, 351372
17708, 351424
17708, 351452
17708, 351500
17708, 351520
17708, 351548
17708, 351588
17708, 351632
17708, 351676
17708, 351748
17708, 351796
17708, 351848
17708, 351880
17708, 351928
17708, 351984
17708, 352036
17708, 352060
17708, 352096
17708, 352136
17708, 352184
17708, 352224
17708, 352264
17708, 352288
17708, 352344
17708, 352400
17708, 352436
17708, 352480
17708, 352512
17708, 352568
17708, 352592
17708, 352640
17708, 352672
17708, 352720
17708, 352760
17708, 352788
17708, 352840
17708, 352876
17708, 352920
17708, 352956
17708, 352980
17708, 353036
17708, 353048
17708, 353088
17708, 353128
17708, 353184
17708, 353224
17708, 353256
17708, 353312
17708, 353392
17708, 353484
17708, 353600
17708, 353688
17708, 353748
17712, 353816
17712, 353892
17716, 353976
17716, 354060
17716, 354148
17716, 354244
17716, 354388
17716, 354492
17716, 354608
17716, 354736
17716, 354864
17716, 354976
17720, 355100
17720, 355248
17720, 355396
17720, 355512
17720, 355648
17720, 355756
17720, 355896
17720, 355984
17720, 356080
17720, 356184
17720, 356288
17720, 356408
17720, 356472
17720, 356536
17720, 356628
17720, 356744
17720, 356824
17724, 356936
17724, 357068
17724, 357184
17724, 357288
17724, 357392
17724, 357456
17724, 357572
17724, 357660
17724, 357760
17724, 357864
17724, 358004
17724, 358108
17724, 358168
17724, 358280
17724, 358404
17724, 358500
17724, 358600
17724, 358692
17724, 358780
17724, 358860
17724, 358960
17724, 359052
17724, 359112
17724, 359176
17724, 359268
17724, 359300
17724, 359348
17724, 359412
17724, 359452
17724, 359468
17724, 359504
17724, 359536
17724, 359580
17724, 359616
17724, 359664
17724, 359704
17724, 359752
17724, 359800
17724, 359836
17724, 359892
17724, 359936
17724, 359980
17724, 360024
17724, 360064
17724, 360096
17724, 360136
17724, 360164
17724, 360204
17724, 360220
17724, 360256
17724, 360300
17724, 360340
17724, 360392
17724, 360424
17724, 360452
17724, 360476
17724, 360504
17724, 360548
17724, 360584
17724, 360648
17724, 360676
17724, 360724
17724, 360764
17724, 360796
17724, 360828
17724, 360860
17724, 360896
17724, 360940
17724, 360996
17724, 361048
17724, 361084
17724, 361124
17724, 361188
17724, 361228
17724, 361276
17724, 361328
17724, 361360
17724, 361440
17724, 361484
17724, 361536
17724, 361576
17724, 361628
17724, 361656
17724, 361696
17724, 361740
17724, 361772
17724, 361784
17724, 361796
17724, 361852
17724, 361912
17724, 361964
17724, 362004
17724, 362052
17724, 362080
17724, 362136
17724, 362168
17724, 362224
17724, 362276
17724, 362308
17724, 362336
17724, 362372
17728, 362404
17728, 362444
17728, 362476
17728, 362520
17728, 362568
17728, 362592
17728, 362632
17728, 362656
17728, 362700
17728, 362724
17728, 362756
17728, 362784
17728, 362816
17728, 362840
17728, 362880
17728, 362916
17728, 362952
17728, 362996
17728, 363036
17728, 363064
17728, 363112
17728, 363140
17728, 363168
17728, 363212
17728, 363252
17728, 363284
17728, 363324
17728, 363368
17728, 363424
17728, 363472
17728, 363516
17728, 363560
17732, 363636
17732, 363672
17732, 363732
17732, 363792
17732, 363872
17732, 363896
17732, 363960
17732, 364060
17732, 364128
17732, 364188
17732, 364252
17732, 364336
17732, 364432
17732, 364492
17732, 364552
17732, 364632
17732, 364684
17732, 364756
17732, 364820
17732, 364872
17732, 364932
17732, 365000
17732, 365036
17732, 365104
17732, 365124
17732, 365200
17732, 365272
17732, 365328
17732, 365376
17732, 365412
17732, 365436
17732, 365476
17732, 365528
17732, 365584
17732, 365640
17732, 365660
17732, 365716
17732, 365768
17732, 365804
17732, 365852
17732, 365908
17732, 365964
17732, 366008
17732, 366040
17732, 366072
17732, 366132
17732, 366176
17732, 366204
17732, 366212
17732, 366244
17732, 366284
17732, 366332
17732, 366392
17732, 366472
17732, 366512
17732, 366556
17732, 366616
17732, 366676
17732, 366728
17732, 366796
17732, 366864
17732, 366916
17732, 366984
17732, 367068
17732, 367144
17732, 367220
17732, 367280
17732, 367332
17732, 367372
17732, 367420
17736, 367456
17736, 367520
17736, 367564
17736, 367616
17736, 367640
17736, 367680
17736, 367712
17736, 367768
17736, 367812
17736, 367852
17736, 367888
17736, 367928
17736, 367952
17736, 368000
17736, 368036
17736, 368092
17736, 368124
17736, 368148
17736, 368180
17736, 368216
17736, 368248
17736, 368284
17736, 368312
17736, 368352
17736, 368392
17736, 368420
17736, 368488
17736, 368540
17736, 368564
17736, 368624
17736, 368652
17736, 368696
17736, 368732
17736, 368768
17736, 368788
17736, 368840
17736, 368884
17736, 368896
17736, 368936
17736, 368960
17736, 369008
17736, 369052
17736, 369092
17736, 369124
17736, 369152
17736, 369196
17736, 369232
17736, 369276
17736, 369312
17736, 369340
17736, 369368
17736, 369416
17736, 369452
17736, 369504
17736, 369540
17736, 369584
17736, 369628
17736, 369656
17736, 369688
17736, 369736
17736, 369756
17736, 369808
17736, 369856
17736, 369888
17736, 369924
17736, 369956
17736, 370004
17736, 370040
17736, 370096
17736, 370128
17736, 370184
17736, 370248
17736, 370288
17736, 370344
17736, 370360
17736, 370424
17736, 370472
17736, 370528
17736, 370572
17736, 370612
17736, 370664
17736, 370716
17736, 370736
17736, 370800
17736, 370860
17736, 370948
17736, 371016
17736, 371088
17736, 371164
17736, 371228
17736, 371300
17736, 371344
17736, 371408
17736, 371448
17736, 371508
17736, 371564
17736, 371616
17736, 371656
17736, 371700
17736, 371748
17736, 371812
17736, 371872
17736, 371916
17736, 371948
17736, 371984
17736, 372036
17736, 372080
17736, 372120
17736, 372148
17736, 372188
17736, 372220
17736, 372268
17736, 372320
17736, 372360
17736, 372396
17736, 372428
17736, 372440
17736, 372472
17736, 372512
17736, 372564
17736, 372632
17736, 372656
17736, 372712
17736, 372776
17736, 372824
17736, 372860
17736, 372904
17736, 372948
17736, 373012
17736, 373076
17736, 373144
17736, 373180
17736, 373252
17736, 373336
17736, 373388
17736, 373452
17736, 373480
17736, 373556
17736, 373636
17736, 373700
17736, 373768
17736, 373820
17736, 373872
17736, 373912
17736, 373944
17736, 373992
17736, 374056
17736, 374096
17736, 374136
17736, 374176
17736, 374208
17736, 374232
17736, 374264
17736, 374316
17736, 374356
17736, 374412
17736, 374460
17736, 374492
17736, 374544
17736, 374584
17736, 374620
17736, 374680
17736, 374732
17736, 374760
17736, 374812
17736, 374840
17736, 374860
17736, 374868
17736, 374916
17736, 374948
17736, 374980
17736, 375020
17736, 375060
17736, 375092
17736, 375124
17736, 375180
17736, 375236
17736, 375292
17736, 375316
17736, 375360
17736, 375376
17736, 375412
17736, 375440
17736, 375484
17736, 375508
17736, 375556
17736, 375568
17736, 375604
17736, 375648
17736, 375696
17736, 375736
17736, 375760
17736, 375812
17736, 375860
17736, 375928
17736, 375996
17736, 376072
17736, 376140
17736, 376200
17736, 376256
17736, 376308
17736, 376376
17736, 376448
17736, 376504
17736, 376588
17736, 376688
17736, 376776
17736, 376864
17736, 376980
17736, 377068
17736, 377144
17736, 377228
17736, 377356
17736, 377456
17736, 377552
17736, 377652
17736, 377780
17736, 377876
17736, 377976
17736, 378080
17736, 378224
17736, 378312
17736, 378364
17736, 378444
17736, 378512
17736, 378588
17736, 378664
17736, 378756
17736, 378856
17736, 378984
17736, 379068
17736, 379160
17736, 379276
17736, 379332
17736, 379392
17736, 379440
17736, 379524
17736, 379588
17736, 379664
17736, 379780
17736, 379852
17736, 379928
17736, 380016
17736, 380108
17740, 380180
17740, 380280
17740, 380368
17740, 380416
17740, 380492
17740, 380556
17740, 380628
17740, 380680
17740, 380732
17740, 380788
17744, 380844
17744, 380896
17744, 380956
17744, 380988
17744, 381008
17744, 381032
17744, 381080
17744, 381120
17744, 381156
17744, 381176
17744, 381208
17744, 381236
17744, 381264
17744, 381304
17744, 381316
17744, 381380
17744, 381404
17744, 381428
17744, 381448
17744, 381472
17744, 381508
17744, 381528
17744, 381552
17744, 381564
17744, 381600
17744, 381632
17744, 381672
17744, 381696
17744, 381720
17744, 381756
17744, 381796
17744, 381848
17744, 381908
17744, 381940
17744, 381968
17744, 382000
17744, 382016
17744, 382072
17744, 382124
17744, 382164
17744, 382204
17744, 382252
17744, 382280
17744, 382300
17744, 382340
17744, 382364
17744, 382416
17744, 382444
17744, 382484
17744, 382508
17744, 382532
17744, 382560
17744, 382600
17744, 382632
17744, 382668
17744, 382696
17744, 382716
17744, 382748
17744, 382780
17744, 382812
17744, 382844
17744, 382872
17744, 382900
17744, 382924
17744, 382956
17744, 383000
17744, 383044
17744, 383048
17744, 383096
17744, 383136
17744, 383140
17744, 383188
17744, 383236
17744, 383288
17744, 383308
17744, 383336
17744, 383368
17744, 383412
17744, 383456
17744, 383468
17744, 383476
17744, 383504
17744, 383532
17744, 383548
17744, 383576
17744, 383632
17744, 383712
17744, 383796
17744, 383872
17744, 383964
17744, 383992
17744, 384048
17744, 384112
17744, 384152
17744, 384212
17744, 384284
17744, 384348
17744, 384440
17744, 384504
17744, 384604
17744, 384684
17744, 384768
17744, 384812
17744, 384916
17744, 385016
17744, 385104
17744, 385180
17744, 385252
17744, 385336
17744, 385420
17744, 385504
17744, 385580
17744, 385656
17744, 385712
17744, 385792
17744, 385864
17744, 385932
17744, 386020
17744, 386068
17744, 386196
17744, 386288
17744, 386396
17744, 386488
17744, 386564
17744, 386636
17744, 386704
17744, 386764
17744, 386840
17744, 386940
17744, 387016
17744, 387104
17744, 387176
17744, 387256
17744, 387336
17744, 387428
17744, 387496
17744, 387568
17744, 387624
17744, 387696
17744, 387776
17744, 387836
17744, 387900
17744, 387976
17744, 388036
17744, 388056
17744, 388080
17744, 388108
17744, 388140
17744, 388152
17744, 388184
17744, 388208
17744, 388248
17744, 388272
17744, 388296
17744, 388336
17744, 388364
17744, 388380
17744, 388428
17744, 388456
17744, 388492
17744, 388524
17744, 388576
17744, 388588
17744, 388612
17744, 388644
17744, 388656
17744, 388676
17744, 388728
17748, 388748
17748, 388792
17748, 388824
17748, 388868
17748, 388900
17748, 388936
17748, 388972
17748, 389000
17748, 389040
17748, 389068
17748, 389104
17748, 389132
17748, 389168
17748, 389192
17748, 389216
17748, 389232
17748, 389268
17748, 389296
17748, 389320
17748, 389348
17748, 389380
17748, 389404
17748, 389444
17748, 389468
17748, 389488
17748, 389520
17748, 389560
17748, 389584
17748, 389596
17748, 389632
17748, 389664
17748, 389688
17748, 389704
17748, 389728
17748, 389740
17748, 389760
17748, 389784
17748, 389808
17748, 389844
17748, 389876
17748, 389916
17748, 389964
17748, 389996
17748, 390012
17748, 390056
17748, 390072
17748, 390108
17748, 390132
17748, 390156
17748, 390176
17748, 390204
17748, 390220
17748, 390264
17748, 390304
17748, 390332
17748, 390380
17748, 390404
17748, 390464
17748, 390488
17748, 390516
17748, 390548
17748, 390604
17748, 390668
17748, 390736
17748, 390788
17748, 390868
17748, 390920
17748, 390968
17748, 391028
17748, 391108
17748, 391156
17752, 391228
17752, 391284
17752, 391340
17752, 391420
17752, 391524
17752, 391588
17752, 391672
17752, 391768
17752, 391840
17752, 391936
17752, 392004
17752, 392112
17752, 392208
17756, 392296
17756, 392368
17756, 392428
17756, 392484
17756, 392560
17756, 392640
17756, 392720
17756, 392756
17756, 392844
17756, 392924
17756, 393000
17756, 393064
17756, 393116
17756, 393180
17756, 393272
17756, 393348
17756, 393380
17756, 393472
17756, 393532
17756, 393608
17756, 393664
17756, 393704
17756, 393780
17756, 393868
17756, 393920
17756, 393972
17756, 394048
17756, 394124
17756, 394152
17756, 394216
17756, 394296
17756, 394376
17756, 394460
17756, 394512
17756, 394564
17756, 394592
17756, 394624
17756, 394648
17756, 394672
17756, 394704
17756, 394728
17756, 394752
17756, 394776
17756, 394812
17756, 394844
17756, 394872
17756, 394900
17756, 394944
17756, 394980
17756, 395008
17756, 395028
17756, 395052
17756, 395096
17756, 395144
17756, 395168
17756, 395208
17756, 395244
17756, 395264
17756, 395308
17756, 395328
17756, 395348
17756, 395376
17756, 395396
17756, 395416
17756, 395424
17756, 395440
17756, 395464
17756, 395508
17756, 395544
17756, 395572
17756, 395608
17756, 395636
17756, 395656
17756, 395684
17756, 395712
17756, 395732
17756, 395764
17756, 395800
17756, 395848
17756, 395880
17756, 395896
17756, 395940
17756, 395960
17756, 395976
17756, 396032
17756, 396076
17756, 396132
17756, 396176
17756, 396208
17756, 396244
17756, 396304
17756, 396344
17756, 396388
17756, 396420
17756, 396460
17756, 396492
17756, 396516
17756, 396540
17756, 396564
17756, 396604
17756, 396632
17756, 396660
17756, 396704
17756, 396716
17756, 396752
17756, 396780
17756, 396816
17756, 396836
17756, 396856
17756, 396888
17756, 396932
17756, 396944
17756, 396964
17756, 396996
17756, 397024
17756, 397048
17756, 397076
17756, 397100
17756, 397128
17756, 397172
17756, 397188
17756, 397232
17756, 397280
17756, 397332
17756, 397372
17756, 397416
17756, 397480
17756, 397544
17756, 397600
17756, 397656
17756, 397704
17756, 397804
17756, 397872
17756, 397932
17756, 398024
17756, 398112
17756, 398192
17756, 398244
17756, 398332
17756, 398404
17756, 398512
17756, 398608
17756, 398688
17756, 398772
17756, 398848
17756, 398908
17756, 398960
17756, 399004
17756, 399060
17756, 399128
17756, 399180
17756, 399236
17756, 399316
17756, 399392
17756, 399460
17756, 399548
17756, 399588
17756, 399652
17756, 399688
17756, 399744
17756, 399796
17756, 399820
17756, 399860
17756, 399916
17756, 400024
17756, 400084
17756, 400148
17756, 400240
17756, 400336
17756, 400404
17756, 400472
17756, 400516
17756, 400588
17756, 400652
17756, 400716
17756, 400788
17756, 400820
17756, 400900
17756, 400960
17756, 400992
17756, 401012
17756, 401052
17756, 401072
17756, 401100
17756, 401124
17756, 401144
17756, 401188
17756, 401228
17756, 401264
17756, 401284
17756, 401332
17756, 401392
17756, 401432
17756, 401460
17756, 401476
17756, 401496
17756, 401504
17756, 401540
17756, 401576
17756, 401596
17756, 401632
17756, 401656
17756, 401688
17756, 401724
17756, 401756
17756, 401776
17756, 401792
17756, 401808
17756, 401844
17756, 401868
17756, 401896
17756, 401908
17756, 401920
17756, 401944
17756, 401960
17756, 401972
17756, 401988
17756, 402016
17756, 402040
17756, 402056
17756, 402096
17756, 402128
17756, 402160
17756, 402196
17756, 402232
17756, 402260
17756, 402288
17756, 402308
17756, 402332
17756, 402352
17756, 402372
17756, 402404
17756, 402424
17756, 402468
17756, 402504
17756, 402516
17756, 402540
17756, 402568
17756, 402600
17756, 402616
17756, 402644
17756, 402668
17756, 402696
17756, 402740
17756, 402752
17756, 402772
17756, 402804
17756, 402824
17756, 402868
17756, 402904
17756, 402932
17756, 402976
17756, 403016
17756, 403036
17756, 403052
17756, 403088
17756, 403116
17756, 403148
17756, 403168
17756, 403180
17756, 403204
17756, 403212
17756, 403248
17756, 403276
17756, 403296
17756, 403356
17756, 403404
17756, 403488
17756, 403528
17756, 403544
17756, 403592
17756, 403644
17756, 403704
17756, 403736
17756, 403800
17756, 403860
17756, 403900
17756, 403972
17756, 404036
17756, 404068
17756, 404140
17756, 404192
17756, 404260
17756, 404312
17756, 404388
17756, 404444
17756, 404528
17756, 404592
17756, 404660
17756, 404720
17756, 404772
17756, 404848
17756, 404916
17756, 404956
17756, 405004
17756, 405064
17756, 405136
17756, 405184
17756, 405224
17756, 405264
17756, 405344
17756, 405408
17756, 405428
17756, 405472
17756, 405540
17756, 405580
17756, 405636
17756, 405720
17756, 405780
17756, 405852
17756, 405904
17756, 405956
17756, 405984
17756, 406044
17756, 406100
17756, 406140
17756, 406180
17756, 406252
17756, 406308
17756, 406356
17756, 406428
17756, 406480
17756, 406528
17756, 406580
17756, 406604
17756, 406632
17756, 406656
17756, 406688
17756, 406716
17756, 406748
17756, 406776
17756, 406816
17756, 406844
17756, 406880
17756, 406908
17756, 406940
17756, 406964
17756, 406976
17756, 407008
17756, 407040
17756, 407052
17756, 407084
17756, 407104
17756, 407140
17756, 407168
17756, 407200
17756, 407220
17756, 407256
17756, 407276
17756, 407304
17756, 407320
17756, 407340
17756, 407364
17756, 407380
17756, 407404
17756, 407432
17756, 407448
17756, 407460
17756, 407500
17756, 407508
17756, 407544
17756, 407560
17756, 407588
17756, 407604
17756, 407644
17756, 407668
17756, 407700
17756, 407716
17756, 407736
17756, 407764
17756, 407788
17756, 407800
17756, 407820
17756, 407856
17756, 407872
17756, 407916
17756, 407940
17756, 407960
17756, 407992
17756, 408016
17756, 408036
17756, 408060
17756, 408076
17756, 408108
17756, 408116
17756, 408152
17756, 408180
17756, 408208
17756, 408224
17756, 408240
17756, 408252
17756, 408268
17756, 408308
17756, 408332
17756, 408372
17756, 408384
17756, 408404
17756, 408428
17756, 408456
17756, 408500
17756, 408524
17756, 408556
17756, 408584
17756, 408604
17756, 408636
17756, 408652
17756, 408696
17756, 408720
17756, 408740
17756, 408756
17756, 408772
17756, 408788
17756, 408812
17756, 408828
17756, 408848
17756, 408872
17756, 408896
17756, 408924
17756, 408944
17756, 408968
17756, 408976
17756, 408996
17756, 409008
17756, 409044
17756, 409068
17756, 409100
17756, 409128
17756, 409148
17756, 409172
17756, 409180
17756, 409212
17756, 409252
17756, 409284
17756, 409304
17756, 409332
17756, 409348
17756, 409380
17756, 409420
17756, 409460
17756, 409496
17756, 409560
17756, 409596
17756, 409624
17756, 409692
17756, 409744
17756, 409800
17756, 409840
17756, 409888
17756, 409888
17756, 409924
17756, 409948
17756, 409988
17756, 410020
17756, 410056
17756, 410092
17756, 410128
17756, 410152
17756, 410176
17756, 410196
17756, 410228
17756, 410244
17756, 410260
17756, 410280
17756, 410292
17756, 410320
17756, 410348
17756, 410364
17756, 410396
17756, 410416
17756, 410428
17756, 410480
17756, 410508
17756, 410524
17756, 410552
17756, 410580
17756, 410604
17756, 410632
17756, 410644
17756, 410704
17756, 410724
17756, 410760
17756, 410792
17756, 410816
17756, 410832
17756, 410868
17756, 410900
17756, 410932
17756, 410956
17756, 410988
17756, 411028
17756, 411064
17756, 411124
17756, 411200
17756, 411240
17756, 411276
17756, 411324
17756, 411376
17756, 411424
17756, 411444
17756, 411468
17756, 411496
17756, 411544
17756, 411572
17756, 411584
17756, 411620
17756, 411660
17756, 411688
17756, 411720
17756, 411752
17756, 411776
17756, 411808
17756, 411840
17756, 411856
17756, 411876
17756, 411916
17756, 411944
17756, 411968
17756, 411996
17756, 412028
17756, 412060
17756, 412092
17756, 412120
17756, 412152
17756, 412172
17756, 412192
17756, 412236
17756, 412252
17756, 412276
17756, 412288
17756, 412312
17756, 412328
17756, 412344
17756, 412364
17756, 412380
17756, 412400
17756, 412436
17756, 412460
17756, 412496
17756, 412504
17756, 412528
17756, 412560
17756, 412568
17756, 412580
17756, 412600
17756, 412620
17756, 412640
17756, 412664
17756, 412704
17756, 412720
17756, 412744
17756, 412776
17756, 412796
17756, 412824
17756, 412844
17756, 412872
17756, 412888
17756, 412908
17756, 412932
17756, 412948
17756, 412980
17756, 413004
17756, 413040
17756, 413052
17756, 413068
17756, 413084
17756, 413112
17756, 413132
17756, 413152
17756, 413176
17756, 413200
17756, 413232
17756, 413252
17756, 413304
17756, 413320
17756, 413364
17756, 413404
17756, 413428
17756, 413460
17756, 413488
17756, 413508
17756, 413536
17756, 413572
17756, 413628
17756, 413648
17756, 413700
17756, 413732
17756, 413768
17756, 413816
17756, 413868
17756, 413916
17756, 413996
17756, 414032
17756, 414060
17756, 414116
17756, 414148
17756, 414180
17756, 414196
17756, 414220
17756, 414240
17756, 414268
17756, 414284
17756, 414328
17756, 414352
17756, 414380
17756, 414396
17756, 414400
17756, 414436
17756, 414464
17756, 414480
17756, 414496
17756, 414508
17756, 414520
17756, 414540
17756, 414564
17756, 414572
17756, 414596
17756, 414608
17756, 414628
17756, 414664
17756, 414692
17756, 414704
17756, 414708
17756, 414732
17756, 414740
17756, 414760
17756, 414772
17756, 414796
17756, 414828
17756, 414860
17756, 414880
17756, 414912
17756, 414952
17756, 414996
17756, 415032
17756, 415064
17756, 415100
17756, 415136
17756, 415192
17756, 415220
17756, 415260
17756, 415312
17756, 415336
17756, 415360
17756, 415396
17756, 415416
17756, 415452
17756, 415480
17756, 415516
17756, 415540
17756, 415588
17756, 415608
17756, 415632
17756, 415676
17756, 415704
17756, 415736
17756, 415748
17756, 415756
17756, 415776
17756, 415808
17756, 415828
17756, 415860
17756, 415868
17756, 415880
17756, 415900
17756, 415928
17756, 415940
17756, 415972
17756, 415992
17756, 416012
17756, 416028
17756, 416056
17756, 416076
17756, 416096
17756, 416100
17756, 416144
17756, 416148
17756, 416180
17756, 416212
17756, 416232
17756, 416256
17756, 416296
17756, 416312
17756, 416320
17756, 416340
17756, 416372
17756, 416408
17756, 416424
17756, 416448
17756, 416472
17756, 416508
17756, 416524
17756, 416532
17756, 416540
17756, 416560
17756, 416588
17756, 416600
17756, 416616
17756, 416656
17756, 416680
17756, 416700
17756, 416740
17756, 416772
17756, 416804
17756, 416836
17756, 416876
17756, 416904
17756, 416920
17756, 416960
17756, 416980
17756, 417032
17756, 417072
17756, 417144
17756, 417188
17756, 417264
17756, 417312
17756, 417368
17756, 417432
17756, 417476
17756, 417544
17756, 417588
17756, 417636
17756, 417688
17756, 417764
17756, 417808
17756, 417856
17756, 417916
17756, 417944
17756, 417980
17756, 418008
17756, 418040
17756, 418108
17756, 418148
17756, 418176
17756, 418228
17756, 418252
17756, 418296
17756, 418340
17756, 418380
17756, 418448
17756, 418492
17756, 418524
17756, 418568
17756, 418640
17756, 418680
17756, 418740
17756, 418788
17756, 418836
17756, 418876
17756, 418900
17756, 418940
17756, 418984
17756, 419024
17756, 419068
17756, 419096
17756, 419140
17756, 419164
17756, 419216
17756, 419228
17756, 419248
17756, 419272
17756, 419284
17756, 419308
17756, 419320
17756, 419344
17756, 419348
17756, 419376
17756, 419396
17756, 419408
17756, 419440
17756, 419468
17756, 419496
17756, 419520
17756, 419532
17756, 419556
17756, 419568
17756, 419592
17756, 419620
17756, 419648
17756, 419656
17756, 419688
17756, 419712
17756, 419724
17756, 419760
17756, 419776
17756, 419792
17756, 419816
17756, 419844
17756, 419844
17756, 419868
17756, 419892
17756, 419900
17756, 419936
17756, 419956
17756, 419984
17756, 420008
17756, 420064
17756, 420068
17756, 420088
17756, 420104
17756, 420124
17756, 420152
17756, 420172
17756, 420192
17756, 420200
17756, 420216
17756, 420228
17756, 420240
17756, 420256
17756, 420288
17756, 420316
17756, 420340
17756, 420368
17756, 420384
17756, 420396
17756, 420420
17756, 420436
17756, 420452
17756, 420460
17756, 420468
17756, 420480
17756, 420508
17756, 420520
17756, 420544
17756, 420564
17756, 420576
17756, 420592
17756, 420616
17756, 420628
17756, 420660
17756, 420676
17756, 420696
17756, 420696
17756, 420716
17756, 420736
17756, 420760
17756, 420772
17756, 420788
17756, 420800
17756, 420816
17756, 420836
17756, 420864
17756, 420888
17756, 420920
17756, 420960
17756, 420980
17756, 420996
17756, 421000
17756, 421020
17756, 421036
17756, 421068
17756, 421100
17756, 421152
17756, 421204
17756, 421260
17756, 421328
17756, 421352
17756, 421376
17756, 421432
17756, 421480
17756, 421524
17756, 421584
17756, 421636
17756, 421680
17756, 421748
17756, 421788
17756, 421808
17756, 421876
17756, 421904
17756, 421952
17756, 421996
17756, 422020
17756, 422040
17756, 422072
17756, 422120
17756, 422172
17756, 422200
17756, 422244
17756, 422292
17756, 422316
17756, 422348
17756, 422380
17756, 422408
17756, 422432
17756, 422468
17756, 422500
17756, 422536
17756, 422564
17756, 422600
17756, 422648
17756, 422676
17756, 422728
17756, 422780
17756, 422796
17756, 422832
17756, 422860
17756, 422888
17756, 422908
17756, 422964
17756, 422992
17756, 423032
17756, 423068
17756, 423096
17756, 423104
17756, 423128
17756, 423152
17756, 423168
17756, 423192
17756, 423200
17756, 423228
17756, 423232
17756, 423256
17756, 423280
17756, 423296
17756, 423328
17756, 423344
17756, 423344
17756, 423352
17756, 423360
17756, 423392
17756, 423400
17756, 423420
17756, 423436
17756, 423460
17756, 423464
17756, 423476
17756, 423500
17756, 423512
17756, 423532
17756, 423544
17756, 423548
17756, 423560
17756, 423572
17756, 423592
17756, 423612
17756, 423624
17756, 423636
17756, 423644
17756, 423660
17756, 423672
17756, 423684
17756, 423700
17756, 423720
17756, 423728
17756, 423740
17756, 423756
17756, 423768
17756, 423776
17756, 423800
17756, 423816
17756, 423824
17756, 423832
17756, 423844
17756, 423860
17756, 423884
17756, 423924
17756, 423940
17756, 423948
17756, 423968
17756, 423976
17756, 423992
17756, 423996
17756, 424016
17756, 424028
17756, 424044
17756, 424060
17756, 424068
17756, 424080
17756, 424116
17756, 424140
17756, 424168
17756, 424188
17756, 424212
17756, 424220
17756, 424256
17756, 424284
17756, 424320
17756, 424340
17756, 424356
17756, 424376
17756, 424388
17756, 424400
17756, 424412
17756, 424432
17756, 424448
17756, 424484
17756, 424504
17756, 424536
17756, 424572
17756, 424592
17756, 424604
17756, 424652
17756, 424680
17756, 424716
17756, 424736
17756, 424764
17756, 424796
17756, 424828
17756, 424876
17756, 424928
17756, 424968
17756, 425024
17756, 425052
17756, 425088
17756, 425132
17756, 425180
17756, 425220
17756, 425248
17756, 425308
17756, 425344
17756, 425372
17756, 425400
17756, 425432
17756, 425440
17756, 425500
17756, 425540
17756, 425564
17756, 425604
17756, 425644
17756, 425660
17756, 425688
17756, 425712
17756, 425748
17756, 425792
17756, 425824
17756, 425848
17756, 425884
17756, 425924
17756, 425952
17756, 425988
17756, 426016
17756, 426040
17756, 426076
17756, 426092
17756, 426124
17756, 426160
17756, 426216
17756, 426248
17756, 426284
17756, 426316
17756, 426340
17756, 426376
17756, 426416
17756, 426448
17756, 426460
17756, 426480
17756, 426500
17756, 426504
17756, 426520
17756, 426528
17756, 426544
17756, 426564
17756, 426580
17756, 426612
17756, 426632
17756, 426648
17756, 426672
17756, 426692
17756, 426704
17756, 426712
17756, 426732
17756, 426752
17756, 426756
17756, 426768
17756, 426776
17756, 426800
17756, 426832
17756, 426844
17756, 426876
17756, 426888
17756, 426896
17756, 426908
17756, 426928
17756, 426936
17756, 426948
17756, 426972
17756, 426992
17756, 427016
17756, 427032
17756, 427052
17756, 427068
17756, 427080
17756, 427116
17756, 427140
17756, 427160
17756, 427164
17756, 427172
17756, 427192
17756, 427200
17756, 427232
17756, 427244
17756, 427264
17756, 427280
17756, 427296
17756, 427308
17756, 427324
17756, 427344
17756, 427356
17756, 427376
17756, 427392
17756, 427412
17756, 427428
17756, 427452
17756, 427472
17756, 427484
17756, 427500
17756, 427508
17756, 427524
17756, 427540
17756, 427556
17756, 427588
17756, 427600
17756, 427620
17756, 427628
17756, 427632
17756, 427644
17756, 427664
17756, 427676
17756, 427688
17756, 427700
17756, 427720
17756, 427728
17756, 427748
17756, 427764
17756, 427792
17756, 427804
17756, 427816
17756, 427836
17756, 427848
17756, 427860
17756, 427888
17756, 427908
17756, 427948
17756, 427980
17756, 428012
17756, 428020
17756, 428036
17756, 428068
17756, 428104
17756, 428132
17756, 428152
17756, 428168
17756, 428204
17756, 428240
17756, 428288
17756, 428324
17756, 428364
17756, 428412
17756, 428428
17756, 428480
17756, 428560
17756, 428604
17756, 428656
17756, 428700
17756, 428720
17756, 428752
17756, 428788
17756, 428832
17756, 428876
17756, 428904
17756, 428948
17756, 428996
17756, 429028
17756, 429072
17756, 429104
17756, 429120
17756, 429152
17756, 429180
17756, 429200
17756, 429220
17756, 429252
17756, 429272
17756, 429308
17756, 429332
17756, 429384
17756, 429424
17756, 429460
17756, 429516
17756, 429552
17756, 429588
17756, 429612
17756, 429656
17756, 429676
17756, 429712
17756, 429760
17756, 429796
17756, 429812
17756, 429824
17756, 429852
17756, 429884
17756, 429908
17756, 429936
17756, 429960
17756, 429972
17756, 429984
17756, 429988
17756, 429996
17756, 430004
17756, 430020
17756, 430028
17756, 430040
17756, 430044
17756, 430060
17756, 430072
17756, 430088
17756, 430112
17756, 430120
17756, 430144
17756, 430156
17756, 430164
17756, 430184
17756, 430192
17756, 430212
17756, 430220
17756, 430232
17756, 430256
17756, 430264
17756, 430264
17756, 430284
17756, 430296
17756, 430316
17756, 430320
17756, 430324
17756, 430332
17756, 430344
17756, 430348
17756, 430368
17756, 430376
17756, 430380
17756, 430400
17756, 430408
17756, 430424
17756, 430428
17756, 430436
17756, 430444
17756, 430460
17756, 430460
17756, 430480
17756, 430496
17756, 430504
17756, 430524
17756, 430544
17756, 430568
17756, 430584
17756, 430616
17756, 430632
17756, 430632
17756, 430640
17756, 430644
17756, 430644
17756, 430664
17756, 430696
17756, 430704
17756, 430716
17756, 430732
17756, 430756
17756, 430768
17756, 430788
17756, 430800
17756, 430812
17756, 430840
17756, 430848
17756, 430864
17756, 430868
17756, 430884
17756, 430896
17756, 430912
17756, 430936
17756, 430948
17756, 430972
17756, 430988
17756, 431004
17756, 431012
17756, 431016
17756, 431028
17756, 431048
17756, 431084
17756, 431112
17756, 431116
17756, 431140
17756, 431164
17756, 431196
17756, 431212
17756, 431236
17756, 431260
17756, 431292
17756, 431312
17756, 431332
17756, 431372
17756, 431400
17756, 431424
17756, 431476
17756, 431512
17756, 431528
17756, 431576
17756, 431624
17756, 431656
17756, 431668
17756, 431704
17756, 431736
17756, 431764
17756, 431780
17756, 431808
17756, 431852
17756, 431888
17756, 431908
17756, 431940
17756, 431976
17756, 432008
17756, 432020
17756, 432048
17756, 432072
17756, 432112
17756, 432132
17756, 432164
17756, 432220
17756, 432268
17756, 432296
17756, 432320
17756, 432344
17756, 432364
17756, 432400
17756, 432440
17756, 432468
17756, 432492
17756, 432520
17756, 432552
17756, 432560
17756, 432588
17756, 432616
17756, 432656
17756, 432672
17756, 432700
17756, 432716
17756, 432744
17756, 432756
17756, 432784
17756, 432788
17756, 432820
17756, 432840
17756, 432852
17756, 432872
17756, 432892
17756, 432904
17756, 432912
17756, 432912
17756, 432928
17756, 432944
17756, 432964
17756, 432988
17756, 432988
17756, 433000
17756, 433004
17756, 433012
17756, 433024
17756, 433028
17756, 433052
17756, 433064
17756, 433064
17756, 433076
17756, 433084
17756, 433100
17756, 433108
17756, 433116
17756, 433124
17756, 433144
17756, 433156
17756, 433168
17756, 433184
17756, 433192
17756, 433200
17756, 433220
17756, 433244
17756, 433248
17756, 433264
17756, 433280
17756, 433288
17756, 433292
17756, 433312
17756, 433336
17756, 433352
17756, 433360
17756, 433368
17756, 433392
17756, 433400
17756, 433432
17756, 433432
17756, 433444
17756, 433464
17756, 433472
17756, 433480
17756, 433484
17756, 433500
17756, 433528
17756, 433544
17756, 433572
17756, 433588
17756, 433608
17756, 433628
17756, 433636
17756, 433656
17756, 433660
17756, 433672
17756, 433692
17756, 433704
17756, 433716
17756, 433724
17756, 433732
17756, 433756
17756, 433764
17756, 433776
17756, 433792
17756, 433800
17756, 433808
17756, 433820
17756, 433844
17756, 433848
17756, 433856
17756, 433864
17756, 433880
17756, 433892
17756, 433904
17756, 433920
17756, 433936
17756, 433944
17756, 433952
17756, 433960
17756, 433972
17756, 433988
17756, 433996
17756, 434020
17756, 434032
17756, 434044
17756, 434056
17756, 434068
17756, 434088
17756, 434116
17756, 434136
17756, 434164
17756, 434168
17756, 434176
17756, 434192
17756, 434224
17756, 434252
17756, 434276
17756, 434284
17756, 434288
17756, 434316
17756, 434336
17756, 434364
17756, 434408
17756, 434420
17756, 434440
17756, 434448
17756, 434480
17756, 434520
17756, 434540
17756, 434560
17756, 434592
17756, 434600
17756, 434604
17756, 434624
17756, 434648
17756, 434664
17756, 434680
17756, 434688
17756, 434696
17756, 434720
17756, 434724
17756, 434740
17756, 434748
17756, 434760
17756, 434768
17756, 434784
17756, 434800
17756, 434808
17756, 434828
17756, 434836
17756, 434844
17756, 434860
17756, 434876
17756, 434888
17756, 434896
17756, 434908
17756, 434924
17756, 434936
17756, 434972
17756, 434976
17756, 434980
17756, 434992
17756, 435004
17756, 435028
17756, 435036
17756, 435052
17756, 435076
17756, 435084
17756, 435096
17756, 435116
17756, 435144
17756, 435168
17756, 435192
17756, 435208
17756, 435216
17756, 435244
17756, 435272
17756, 435308
17756, 435316
17756, 435324
17756, 435332
17756, 435344
17756, 435356
17756, 435380
17756, 435392
17756, 435412
17756, 435428
17756, 435444
17756, 435460
17756, 435464
17756, 435472
17756, 435480
17756, 435492
17756, 435508
17756, 435524
17756, 435540
17756, 435564
17756, 435576
17756, 435588
17756, 435596
17756, 435600
17756, 435604
17756, 435620
17756, 435640
17756, 435656
17756, 435672
17756, 435676
17756, 435692
17756, 435700
17756, 435704
17756, 435716
17756, 435720
17756, 435736
17756, 435756
17756, 435764
17756, 435776
17756, 435800
17756, 435804
17756, 435808
17756, 435816
17756, 435824
17756, 435836
17756, 435856
17756, 435876
17756, 435888
17756, 435908
17756, 435928
17756, 435936
17756, 435948
17756, 435976
17756, 435984
17756, 436000
17756, 436012
17756, 436020
17756, 436020
17756, 436028
17756, 436044
17756, 436052
17756, 436068
17756, 436072
17756, 436084
17756, 436096
17756, 436124
17756, 436136
17756, 436144
17756, 436160
17756, 436176
17756, 436200
17756, 436212
17756, 436228
17756, 436244
17756, 436252
17756, 436264
17756, 436272
17756, 436272
17756, 436292
17756, 436316
17756, 436324
17756, 436340
17756, 436364
17756, 436388
17756, 436412
17756, 436440
17756, 436452
17756, 436472
17756, 436488
17756, 436512
17756, 436536
17756, 436564
17756, 436584
17756, 436608
17756, 436644
17756, 436656
17756, 436676
17756, 436704
17756, 436708
17756, 436728
17756, 436736
17756, 436756
17756, 436788
17756, 436788
17756, 436804
17756, 436804
17756, 436816
17756, 436828
17756, 436832
17756, 436844
17756, 436844
17756, 436852
17756, 436864
17756, 436868
17756, 436884
17756, 436896
17756, 436920
17756, 436940
17756, 436960
17756, 436972
17756, 436976
17756, 436988
17756, 437016
17756, 437016
17756, 437024
17756, 437024
17756, 437052
17756, 437060
17756, 437072
17756, 437076
17756, 437084
17756, 437100
17756, 437112
17756, 437132
17756, 437152
17756, 437164
17756, 437176
17756, 437204
17756, 437216
17756, 437228
17756, 437240
17756, 437256
17756, 437272
17756, 437304
17756, 437324
17756, 437344
17756, 437352
17756, 437356
17756, 437368
17756, 437396
17756, 437416
17756, 437424
17756, 437444
17756, 437468
17756, 437484
17756, 437496
17756, 437516
17756, 437520
17756, 437540
17756, 437564
17756, 437580
17756, 437592
17756, 437604
17756, 437620
17756, 437636
17756, 437640
17756, 437644
17756, 437664
17756, 437664
17756, 437664
17756, 437672
17756, 437680
17756, 437684
17756, 437688
17756, 437704
17756, 437708
17756, 437724
17756, 437728
17756, 437740
17756, 437744
17756, 437756
17756, 437768
17756, 437772
17756, 437776
17756, 437788
17756, 437792
17756, 437808
17756, 437816
17756, 437824
17756, 437844
17756, 437852
17756, 437868
17756, 437880
17756, 437888
17756, 437892
17756, 437908
17756, 437912
17756, 437924
17756, 437936
17756, 437948
17756, 437960
17756, 437972
17756, 437984
17756, 437996
17756, 438012
17756, 438016
17756, 438028
17756, 438052
17756, 438064
17756, 438084
17756, 438092
17756, 438120
17756, 438156
17756, 438172
17756, 438180
17756, 438220
17756, 438240
17756, 438256
17756, 438292
17756, 438332
17756, 438352
17756, 438408
17756, 438456
17756, 438496
17756, 438536
17756, 438564
17756, 438592
17756, 438612
17756, 438648
17756, 438688
17756, 438720
17756, 438724
17756, 438732
17756, 438752
17756, 438780
17756, 438796
17756, 438816
17756, 438848
17756, 438868
17756, 438908
17756, 438940
17756, 438968
17756, 438984
17756, 438996
17756, 439032
17756, 439048
17756, 439064
17756, 439080
17756, 439104
17756, 439136
17756, 439172
17756, 439216
17756, 439228
17756, 439232
17756, 439252
17756, 439280
17756, 439304
17756, 439332
17756, 439348
17756, 439364
17756, 439380
17756, 439404
17756, 439408
17756, 439428
17756, 439444
17756, 439460
17756, 439480
17756, 439508
17756, 439516
17756, 439524
17756, 439528
17756, 439544
17756, 439564
17756, 439564
17756, 439580
17756, 439584
17756, 439600
17756, 439612
17756, 439624
17756, 439632
17756, 439640
17756, 439656
17756, 439656
17756, 439660
17756, 439676
17756, 439680
17756, 439692
17756, 439704
17756, 439708
17756, 439716
17756, 439720
17756, 439728
17756, 439736
17756, 439764
17756, 439768
17756, 439780
17756, 439792
17756, 439796
17756, 439808
17756, 439812
17756, 439820
17756, 439844
17756, 439844
17756, 439852
17756, 439876
17756, 439880
17756, 439896
17756, 439896
17756, 439908
17756, 439920
17756, 439928
17756, 439932
17756, 439944
17756, 439956
17756, 439972
17756, 439984
17756, 439984
17756, 439996
17756, 440008
17756, 440012
17756, 440028
17756, 440040
17756, 440052
17756, 440060
17756, 440068
17756, 440080
17756, 440092
17756, 440096
17756, 440108
17756, 440116
17756, 440128
17756, 440152
17756, 440156
17756, 440160
17756, 440172
17756, 440188
17756, 440192
17756, 440192
17756, 440196
17756, 440204
17756, 440208
17756, 440224
17756, 440244
17756, 440256
17756, 440268
17756, 440272
17756, 440300
17756, 440316
17756, 440328
17756, 440344
17756, 440364
17756, 440372
17756, 440384
17756, 440400
17756, 440404
17756, 440424
17756, 440440
17756, 440452
17756, 440460
17756, 440484
17756, 440528
17756, 440552
17756, 440568
17756, 440588
17756, 440628
17756, 440664
17756, 440704
17756, 440724
17756, 440748
17756, 440764
17756, 440792
17756, 440828
17756, 440844
17756, 440860
17756, 440880
17756, 440888
17756, 440904
17756, 440924
17756, 440936
17756, 440960
17756, 440984
17756, 441008
17756, 441036
17756, 441052
17756, 441072
17756, 441100
17756, 441132
17756, 441140
17756, 441164
17756, 441208
17756, 441224
17756, 441272
17756, 441288
17756, 441308
17756, 441324
17756, 441352
17756, 441372
17756, 441384
17756, 441396
17756, 441404
17756, 441416
17756, 441448
17756, 441468
17756, 441480
17756, 441496
17756, 441512
17756, 441532
17756, 441552
17756, 441560
17756, 441568
17756, 441576
17756, 441588
17756, 441600
17756, 441616
17756, 441628
17756, 441636
17756, 441648
17756, 441648
17756, 441652
17756, 441652
17756, 441672
17756, 441676
17756, 441680
17756, 441700
17756, 441712
17756, 441736
17756, 441748
17756, 441748
17756, 441752
17756, 441772
17756, 441784
17756, 441792
17756, 441796
17756, 441804
17756, 441816
17756, 441824
17756, 441832
17756, 441836
17756, 441840
17756, 441844
17756, 441856
17756, 441868
17756, 441884
17756, 441892
17756, 441904
17756, 441932
17756, 441944
17756, 441952
17756, 441976
17756, 442004
17756, 442012
17756, 442028
17756, 442036
17756, 442044
17756, 442052
17756, 442064
17756, 442084
17756, 442100
17756, 442104
17756, 442108
17756, 442120
17756, 442132
17756, 442160
17756, 442180
17756, 442196
17756, 442204
17756, 442220
17756, 442228
17756, 442232
17756, 442240
17756, 442252
17756, 442260
17756, 442268
17756, 442280
17756, 442288
17756, 442300
17756, 442308
17756, 442316
17756, 442320
17756, 442328
17756, 442332
17756, 442336
17756, 442340
17756, 442356
17756, 442364
17756, 442368
17756, 442372
17756, 442380
17756, 442392
17756, 442400
17756, 442428
17756, 442440
17756, 442460
17756, 442468
17756, 442488
17756, 442500
17756, 442508
17756, 442516
17756, 442520
17756, 442528
17756, 442552
17756, 442568
17756, 442596
17756, 442612
17756, 442620
17756, 442644
17756, 442676
17756, 442696
17756, 442708
17756, 442720
17756, 442728
17756, 442748
17756, 442776
17756, 442788
17756, 442804
17756, 442832
17756, 442860
17756, 442868
17756, 442876
17756, 442904
17756, 442932
17756, 442952
17756, 442964
17756, 442980
17756, 442996
17756, 443012
17756, 443028
17756, 443048
17756, 443072
17756, 443092
17756, 443104
17756, 443116
17756, 443124
17756, 443148
17756, 443156
17756, 443184
17756, 443204
17756, 443224
17756, 443240
17756, 443252
17756, 443260
17756, 443272
17756, 443288
17756, 443312
17756, 443312
17756, 443336
17756, 443352
17756, 443368
17756, 443372
17756, 443380
17756, 443388
17756, 443388
17756, 443388
17756, 443392
17756, 443392
17756, 443396
17756, 443412
17756, 443428
17756, 443440
17756, 443460
17756, 443472
17756, 443480
17756, 443488
17756, 443492
17756, 443504
17756, 443512
17756, 443524
17756, 443532
17756, 443540
17756, 443548
17756, 443560
17756, 443568
17756, 443580
17756, 443600
17756, 443612
17756, 443620
17756, 443620
17756, 443632
17756, 443644
17756, 443648
17756, 443660
17756, 443664
17756, 443688
17756, 443696
17756, 443704
17756, 443724
17756, 443744
17756, 443756
17756, 443772
17756, 443780
17756, 443796
17756, 443812
17756, 443828
17756, 443852
17756, 443860
17756, 443864
17756, 443864
17756, 443864
17756, 443864
17756, 443876
17756, 443888
17756, 443904
17756, 443916
17756, 443920
17756, 443932
17756, 443944
17756, 443960
17756, 443964
17756, 443972
17756, 443976
17756, 443988
17756, 443996
17756, 444004
17756, 444008
17756, 444012
17756, 444028
17756, 444036
17756, 444048
17756, 444060
17756, 444076
17756, 444080
17756, 444088
17756, 444092
17756, 444104
17756, 444108
17756, 444124
17756, 444128
17756, 444136
17756, 444136
17756, 444144
17756, 444148
17756, 444148
17756, 444160
17756, 444172
17756, 444188
17756, 444204
17756, 444216
17756, 444232
17756, 444236
17756, 444248
17756, 444260
17756, 444276
17756, 444280
17756, 444296
17756, 444300
17756, 444312
17756, 444336
17756, 444356
17756, 444384
17756, 444404
17756, 444428
17756, 444452
17756, 444464
17756, 444472
17756, 444488
17756, 444504
17756, 444516
17756, 444548
17756, 444568
17756, 444588
17756, 444616
17756, 444620
17756, 444628
17756, 444636
17756, 444644
17756, 444672
17756, 444684
17756, 444700
17756, 444712
17756, 444716
17756, 444740
17756, 444756
17756, 444768
17756, 444784
17756, 444784
17756, 444796
17756, 444816
17756, 444836
17756, 444856
17756, 444872
17756, 444884
17756, 444912
17756, 444928
17756, 444952
17756, 444968
17756, 444976
17756, 444984
17756, 445004
17756, 445020
17756, 445024
17756, 445032
17756, 445064
17756, 445076
17756, 445088
17756, 445096
17756, 445104
17756, 445108
17756, 445108
17756, 445120
17756, 445124
17756, 445132
17756, 445144
17756, 445148
17756, 445148
17756, 445160
17756, 445168
17756, 445184
17756, 445188
17756, 445188
17756, 445200
17756, 445204
17756, 445208
17756, 445216
17756, 445224
17756, 445232
17756, 445240
17756, 445252
17756, 445256
17756, 445264
17756, 445268
17756, 445272
17756, 445276
17756, 445284
17756, 445292
17756, 445304
17756, 445304
17756, 445304
17756, 445312
17756, 445316
17756, 445320
17756, 445328
17756, 445340
17756, 445348
17756, 445356
17756, 445368
17756, 445368
17756, 445380
17756, 445388
17756, 445392
17756, 445392
17756, 445396
17756, 445404
17756, 445416
17756, 445428
17756, 445436
17756, 445444
17756, 445444
17756, 445444
17756, 445448
17756, 445456
17756, 445472
17756, 445476
17756, 445480
17756, 445492
17756, 445496
17756, 445504
17756, 445512
17756, 445516
17756, 445532
17756, 445532
17756, 445540
17756, 445540
17756, 445548
17756, 445564
17756, 445564
17756, 445572
17756, 445576
17756, 445576
17756, 445588
17756, 445596
17756, 445596
17756, 445596
17756, 445600
17756, 445612
17756, 445620
17756, 445624
17756, 445632
17756, 445644
17756, 445652
17756, 445660
17756, 445672
17756, 445680
17756, 445684
17756, 445692
17756, 445692
17756, 445696
17756, 445712
17756, 445728
17756, 445740
17756, 445748
17756, 445752
17756, 445784
17756, 445796
17756, 445800
17756, 445820
17756, 445840
17756, 445852
17756, 445864
17756, 445888
17756, 445892
17756, 445916
17756, 445924
17756, 445940
17756, 445952
17756, 445972
17756, 445980
17756, 445984
17756, 446012
17756, 446024
17756, 446036
17756, 446040
17756, 446048
17756, 446060
17756, 446084
17756, 446104
17756, 446112
17756, 446140
17756, 446164
17756, 446176
17756, 446188
17756, 446200
17756, 446208
17756, 446220
17756, 446236
17756, 446244
17756, 446256
17756, 446260
17756, 446288
17756, 446312
17756, 446312
17756, 446320
17756, 446328
17756, 446356
17756, 446364
17756, 446364
17756, 446376
17756, 446376
17756, 446380
17756, 446380
17756, 446388
17756, 446392
17756, 446404
17756, 446404
17756, 446416
17756, 446420
17756, 446428
17756, 446444
17756, 446448
17756, 446448
17756, 446448
17756, 446460
17756, 446468
17756, 446480
17756, 446496
17756, 446504
17756, 446512
17756, 446516
17756, 446524
17756, 446540
17756, 446544
17756, 446552
17756, 446556
17756, 446568
17756, 446572
17756, 446584
17756, 446588
17756, 446600
17756, 446608
17756, 446612
17756, 446620
17756, 446628
17756, 446636
17756, 446636
17756, 446640
17756, 446648
17756, 446648
17756, 446648
17756, 446660
17756, 446660
17756, 446684
17756, 446704
17756, 446712
17756, 446716
17756, 446732
17756, 446744
17756, 446748
17756, 446760
17756, 446776
17756, 446784
17756, 446788
17756, 446788
17756, 446792
17756, 446804
17756, 446812
17756, 446816
17756, 446820
17756, 446820
17756, 446824
17756, 446824
17756, 446832
17756, 446832
17756, 446832
17756, 446844
17756, 446852
17756, 446856
17756, 446856
17756, 446860
17756, 446860
17756, 446872
17756, 446876
17756, 446884
17756, 446884
17756, 446888
17756, 446900
17756, 446900
17756, 446904
17756, 446912
17756, 446916
17756, 446924
17756, 446932
17756, 446932
17756, 446944
17756, 446944
17756, 446952
17756, 446956
17756, 446964
17756, 446964
17756, 446964
17756, 446972
17756, 446972
17756, 446980
17756, 446984
17756, 446988
17756, 446992
17756, 447008
17756, 447012
17756, 447016
17756, 447024
17756, 447036
17756, 447040
17756, 447048
17756, 447052
17756, 447064
17756, 447072
17756, 447084
17756, 447100
17756, 447108
17756, 447120
17756, 447132
17756, 447132
17756, 447140
17756, 447148
17756, 447156
17756, 447176
17756, 447196
17756, 447208
17756, 447232
17756, 447244
17756, 447260
17756, 447268
17756, 447280
17756, 447288
17756, 447292
17756, 447300
17756, 447316
17756, 447328
17756, 447344
17756, 447360
17756, 447368
17756, 447380
17756, 447396
17756, 447396
17756, 447404
17756, 447404
17756, 447412
17756, 447420
17756, 447424
17756, 447424
17756, 447436
17756, 447444
17756, 447452
17756, 447456
17756, 447460
17756, 447460
17756, 447460
17756, 447468
17756, 447476
17756, 447488
17756, 447492
17756, 447508
17756, 447524
17756, 447532
17756, 447540
17756, 447540
17756, 447540
17756, 447552
17756, 447560
17756, 447572
17756, 447584
17756, 447592
17756, 447596
17756, 447604
17756, 447616
17756, 447628
17756, 447648
17756, 447660
17756, 447672
17756, 447676
17756, 447688
17756, 447704
17756, 447712
17756, 447716
17756, 447724
17756, 447732
17756, 447736
17756, 447736
17756, 447752
17756, 447768
17756, 447768
17756, 447772
17756, 447776
17756, 447780
17756, 447792
17756, 447804
17756, 447808
17756, 447812
17756, 447832
17756, 447840
17756, 447848
17756, 447860
17756, 447872
17756, 447880
17756, 447888
17756, 447892
17756, 447896
17756, 447904
17756, 447916
17756, 447924
17756, 447924
17756, 447932
17756, 447936
17756, 447944
17756, 447956
17756, 447960
17756, 447960
17756, 447968
17756, 447976
17756, 447988
17756, 447988
17756, 447996
17756, 448000
17756, 448012
17756, 448016
17756, 448028
17756, 448032
17756, 448040
17756, 448056
17756, 448072
17756, 448076
17756, 448080
17756, 448084
17756, 448088
17756, 448092
17756, 448096
17756, 448104
17756, 448108
17756, 448112
17756, 448112
17756, 448116
17756, 448128
17756, 448128
17756, 448132
17756, 448132
17756, 448132
17756, 448144
17756, 448164
17756, 448172
17756, 448180
17756, 448180
17756, 448196
17756, 448216
17756, 448216
17756, 448224
17756, 448224
17756, 448236
17756, 448256
17756, 448260
17756, 448264
17756, 448264
17756, 448268
17756, 448276
17756, 448284
17756, 448284
17756, 448288
17756, 448296
17756, 448308
17756, 448316
17756, 448340
17756, 448348
17756, 448360
17756, 448384
17756, 448392
17756, 448408
17756, 448416
17756, 448416
17756, 448420
17756, 448428
17756, 448436
17756, 448444
17756, 448460
17756, 448460
17756, 448468
17756, 448472
17756, 448472
17756, 448484
17756, 448492
17756, 448496
17756, 448496
17756, 448500
17756, 448504
17756, 448504
17756, 448512
17756, 448516
17756, 448524
17756, 448540
17756, 448544
17756, 448544
17756, 448556
17756, 448572
17756, 448584
17756, 448592
17756, 448596
17756, 448600
17756, 448600
17756, 448600
17756, 448604
17756, 448616
17756, 448636
17756, 448644
17756, 448648
17756, 448656
17756, 448664
17756, 448680
17756, 448684
17756, 448692
17756, 448704
17756, 448708
17756, 448720
17756, 448736
17756, 448744
17756, 448748
17756, 448772
17756, 448776
17756, 448780
17756, 448780
17756, 448788
17756, 448804
17756, 448816
17756, 448824
17756, 448836
17756, 448836
17756, 448852
17756, 448860
17756, 448864
17756, 448872
17756, 448872
17756, 448888
17756, 448900
17756, 448904
17756, 448912
17756, 448920
17756, 448924
17756, 448924
17756, 448932
17756, 448940
17756, 448944
17756, 448952
17756, 448964
17756, 448964
17756, 448976
17756, 448984
17756, 448988
17756, 449004
17756, 449004
17756, 449008
17756, 449008
17756, 449016
17756, 449028
17756, 449028
17756, 449032
17756, 449040
17756, 449052
17756, 449056
17756, 449076
17756, 449084
17756, 449084
17756, 449100
17756, 449100
17756, 449100
17756, 449116
17756, 449120
17756, 449124
17756, 449124
17756, 449132
17756, 449132
17756, 449148
17756, 449152
17756, 449156
17756, 449156
17756, 449172
17756, 449180
17756, 449184
17756, 449184
17756, 449192
17756, 449196
17756, 449196
17756, 449204
17756, 449212
17756, 449212
17756, 449216
17756, 449240
17756, 449260
17756, 449272
17756, 449284
17756, 449304
17756, 449336
17756, 449344
17756, 449360
17756, 449376
17756, 449392
17756, 449416
17756, 449448
17756, 449468
17756, 449476
17756, 449496
17756, 449504
17756, 449508
17756, 449512
17756, 449520
17756, 449536
17756, 449548
17756, 449560
17756, 449580
17756, 449588
17756, 449608
17756, 449636
17756, 449640
17756, 449660
17756, 449664
17756, 449672
17756, 449676
17756, 449688
17756, 449708
17756, 449720
17756, 449728
17756, 449748
17756, 449752
17756, 449772
17756, 449792
17756, 449804
17756, 449816
17756, 449824
17756, 449836
17756, 449848
17756, 449852
17756, 449856
17756, 449860
17756, 449880
17756, 449888
17756, 449888
17756, 449896
17756, 449900
17756, 449904
17756, 449912
17756, 449924
17756, 449928
17756, 449936
17756, 449936
17756, 449940
17756, 449940
17756, 449948
17756, 449948
17756, 449952
17756, 449964
17756, 449964
17756, 449968
17756, 449976
17756, 449984
17756, 449992
17756, 449992
17756, 449996
17756, 450000
17756, 450000
17756, 450004
17756, 450012
17756, 450024
17756, 450036
17756, 450048
17756, 450056
17756, 450064
17756, 450068
17756, 450072
17756, 450080
17756, 450088
17756, 450096
17756, 450104
17756, 450104
17756, 450104
17756, 450116
17756, 450116
17756, 450116
17756, 450120
17756, 450124
17756, 450124
17756, 450128
17756, 450140
17756, 450144
17756, 450144
17756, 450144
17756, 450144
17756, 450144
17756, 450148
17756, 450152
17756, 450152
17756, 450156
17756, 450156
17756, 450164
17756, 450176
17756, 450192
17756, 450196
17756, 450200
17756, 450204
17756, 450204
17756, 450204
17756, 450208
17756, 450216
17756, 450220
17756, 450236
17756, 450244
17756, 450248
17756, 450252
17756, 450260
17756, 450260
17756, 450260
17756, 450260
17756, 450268
17756, 450276
17756, 450276
17756, 450280
17756, 450284
17756, 450288
17756, 450288
17756, 450292
17756, 450304
17756, 450312
17756, 450324
17756, 450336
17756, 450340
17756, 450340
17756, 450340
17756, 450344
17756, 450348
17756, 450360
17756, 450364
17756, 450376
17756, 450380
17756, 450396
17756, 450400
17756, 450412
17756, 450420
17756, 450444
17756, 450452
17756, 450468
17756, 450496
17756, 450504
17756, 450508
17756, 450512
17756, 450524
17756, 450528
17756, 450556
17756, 450564
17756, 450568
17756, 450576
17756, 450580
17756, 450584
17756, 450596
17756, 450600
17756, 450612
17756, 450616
17756, 450628
17756, 450640
17756, 450640
17756, 450648
17756, 450652
17756, 450656
17756, 450676
17756, 450688
17756, 450692
17756, 450692
17756, 450708
17756, 450716
17756, 450720
17756, 450732
17756, 450744
17756, 450752
17756, 450756
17756, 450756
17756, 450768
17756, 450776
17756, 450796
17756, 450800
17756, 450812
17756, 450824
17756, 450824
17756, 450832
17756, 450836
17756, 450844
17756, 450852
17756, 450852
17756, 450860
17756, 450860
17756, 450864
17756, 450864
17756, 450864
17756, 450868
17756, 450880
17756, 450888
17756, 450896
17756, 450896
17756, 450904
17756, 450912
17756, 450912
17756, 450912
17756, 450912
17756, 450924
17756, 450944
17756, 450952
17756, 450956
17756, 450960
17756, 450960
17756, 450964
17756, 450968
17756, 450972
17756, 450980
17756, 450992
17756, 450996
17756, 450996
17756, 451000
17756, 451000
17756, 451008
17756, 451020
17756, 451020
17756, 451024
17756, 451028
17756, 451040
17756, 451040
17756, 451044
17756, 451048
17756, 451048
17756, 451060
17756, 451060
17756, 451076
17756, 451076
17756, 451084
17756, 451088
17756, 451092
17756, 451092
17756, 451092
17756, 451096
17756, 451100
17756, 451100
17756, 451104
17756, 451108
17756, 451112
17756, 451116
17756, 451128
17756, 451128
17756, 451140
17756, 451144
17756, 451144
17756, 451148
17756, 451156
17756, 451160
17756, 451160
17756, 451164
17756, 451164
17756, 451168
17756, 451172
17756, 451172
17756, 451176
17756, 451184
17756, 451192
17756, 451196
17756, 451212
17756, 451216
17756, 451220
17756, 451228
17756, 451228
17756, 451232
17756, 451240
17756, 451244
17756, 451252
17756, 451264
17756, 451272
17756, 451272
17756, 451276
17756, 451284
17756, 451284
17756, 451296
17756, 451308
17756, 451316
17756, 451324
17756, 451332
17756, 451344
17756, 451360
17756, 451368
17756, 451384
17756, 451396
17756, 451404
17756, 451416
17756, 451432
17756, 451432
17756, 451452
17756, 451456
17756, 451468
17756, 451480
17756, 451480
17756, 451496
17756, 451516
17756, 451536
17756, 451548
17756, 451560
17756, 451568
17756, 451580
17756, 451588
17756, 451600
17756, 451608
17756, 451620
17756, 451632
17756, 451648
17756, 451652
17756, 451660
17756, 451664
17756, 451688
17756, 451696
17756, 451712
17756, 451728
17756, 451744
17756, 451748
17756, 451752
17756, 451760
17756, 451768
17756, 451784
17756, 451796
17756, 451800
17756, 451804
17756, 451804
17756, 451804
17756, 451804
17756, 451808
17756, 451812
17756, 451824
17756, 451832
17756, 451836
17756, 451844
17756, 451844
17756, 451844
17756, 451844
17756, 451848
17756, 451848
17756, 451852
17756, 451864
17756, 451868
17756, 451872
17756, 451872
17756, 451872
17756, 451872
17756, 451876
17756, 451880
17756, 451880
17756, 451880
17756, 451884
17756, 451884
17756, 451892
17756, 451896
17756, 451904
17756, 451904
17756, 451904
17756, 451904
17756, 451908
17756, 451912
17756, 451916
17756, 451920
17756, 451924
17756, 451928
17756, 451936
17756, 451940
17756, 451940
17756, 451944
17756, 451944
17756, 451944
17756, 451948
17756, 451952
17756, 451956
17756, 451964
17756, 451972
17756, 451972
17756, 451980
17756, 451980
17756, 451984
17756, 451984
17756, 451984
17756, 451984
17756, 451988
17756, 451988
17756, 451992
17756, 451996
17756, 452000
17756, 452012
17756, 452020
17756, 452024
17756, 452024
17756, 452028
17756, 452036
17756, 452044
17756, 452044
17756, 452044
17756, 452048
17756, 452052
17756, 452052
17756, 452052
17756, 452052
17756, 452056
17756, 452060
17756, 452064
17756, 452064
17756, 452064
17756, 452068
17756, 452068
17756, 452080
17756, 452084
17756, 452088
17756, 452088
17756, 452096
17756, 452096
17756, 452104
17756, 452112
17756, 452120
17756, 452124
17756, 452140
17756, 452144
17756, 452152
17756, 452168
17756, 452172
17756, 452176
17756, 452180
17756, 452184
17756, 452192
17756, 452212
17756, 452236
17756, 452256
17756, 452268
17756, 452284
17756, 452288
17756, 452296
17756, 452304
17756, 452308
17756, 452308
17756, 452312
17756, 452328
17756, 452336
17756, 452348
17756, 452348
17756, 452364
17756, 452368
17756, 452376
17756, 452384
17756, 452392
17756, 452392
17756, 452400
17756, 452408
17756, 452412
17756, 452420
17756, 452432
17756, 452436
17756, 452448
17756, 452456
17756, 452460
17756, 452472
17756, 452480
17756, 452488
17756, 452492
17756, 452500
17756, 452508
17756, 452528
17756, 452544
17756, 452552
17756, 452552
17756, 452564
17756, 452572
17756, 452572
17756, 452576
17756, 452584
17756, 452588
17756, 452604
17756, 452604
17756, 452608
17756, 452608
17756, 452608
17756, 452612
17756, 452616
17756, 452628
17756, 452632
17756, 452640
17756, 452644
17756, 452644
17756, 452648
17756, 452652
17756, 452652
17756, 452652
17756, 452664
17756, 452664
17756, 452664
17756, 452664
17756, 452672
17756, 452684
17756, 452684
17756, 452684
17756, 452688
17756, 452688
17756, 452688
17756, 452688
17756, 452692
17756, 452696
17756, 452696
17756, 452700
17756, 452700
17756, 452704
17756, 452708
17756, 452712
17756, 452716
17756, 452724
17756, 452728
17756, 452732
17756, 452740
17756, 452744
17756, 452744
17756, 452744
17756, 452748
17756, 452752
17756, 452756
17756, 452760
17756, 452764
17756, 452768
17756, 452776
17756, 452780
17756, 452780
17756, 452784
17756, 452788
17756, 452788
17756, 452792
17756, 452800
17756, 452804
17756, 452812
17756, 452816
17756, 452824
17756, 452828
17756, 452832
17756, 452836
17756, 452840
17756, 452840
17756, 452848
17756, 452848
17756, 452852
17756, 452852
17756, 452860
17756, 452868
17756, 452868
17756, 452876
17756, 452884
17756, 452884
17756, 452892
17756, 452892
17756, 452896
17756, 452900
17756, 452904
17756, 452904
17756, 452904
17756, 452908
17756, 452916
17756, 452924
17756, 452936
17756, 452948
17756, 452948
17756, 452952
17756, 452956
17756, 452964
17756, 452964
17756, 452964
17756, 452972
17756, 452980
17756, 452980
17756, 452984
17756, 452992
17756, 453004
17756, 453012
17756, 453012
17756, 453028
17756, 453032
17756, 453032
17756, 453044
17756, 453056
17756, 453060
17756, 453068
17756, 453068
17756, 453072
17756, 453072
17756, 453080
17756, 453088
17756, 453096
17756, 453104
17756, 453108
17756, 453120
17756, 453128
17756, 453140
17756, 453144
17756, 453148
17756, 453164
17756, 453172
17756, 453184
17756, 453204
17756, 453212
17756, 453212
17756, 453220
17756, 453228
17756, 453248
17756, 453252
17756, 453260
17756, 453264
17756, 453268
17756, 453268
17756, 453276
17756, 453280
17756, 453288
17756, 453292
17756, 453296
17756, 453300
17756, 453308
17756, 453308
17756, 453316
17756, 453316
17756, 453320
17756, 453324
17756, 453328
17756, 453332
17756, 453336
17756, 453344
17756, 453356
17756, 453368
17756, 453368
17756, 453368
17756, 453368
17756, 453376
17756, 453376
17756, 453376
17756, 453384
17756, 453384
17756, 453388
17756, 453392
17756, 453396
17756, 453396
17756, 453404
17756, 453404
17756, 453404
17756, 453404
17756, 453404
17756, 453408
17756, 453408
17756, 453408
17756, 453416
17756, 453416
17756, 453420
17756, 453420
17756, 453424
17756, 453428
17756, 453436
17756, 453444
17756, 453444
17756, 453452
17756, 453452
17756, 453456
17756, 453456
17756, 453460
17756, 453468
17756, 453468
17756, 453468
17756, 453476
17756, 453484
17756, 453496
17756, 453504
17756, 453504
17756, 453504
17756, 453504
17756, 453508
17756, 453512
17756, 453512
17756, 453516
17756, 453516
17756, 453520
17756, 453524
17756, 453532
17756, 453536
17756, 453536
17756, 453536
17756, 453544
17756, 453548
17756, 453556
17756, 453556
17756, 453564
17756, 453564
17756, 453564
17756, 453572
17756, 453580
17756, 453584
17756, 453596
17756, 453596
17756, 453596
17756, 453596
17756, 453600
17756, 453600
17756, 453604
17756, 453608
17756, 453612
17756, 453616
17756, 453616
17756, 453632
17756, 453636
17756, 453636
17756, 453636
17756, 453648
17756, 453652
17756, 453656
17756, 453656
17756, 453656
17756, 453664
17756, 453676
17756, 453684
17756, 453684
17756, 453688
17756, 453696
17756, 453700
17756, 453704
17756, 453704
17756, 453704
17756, 453712
17756, 453712
17756, 453712
17756, 453724
17756, 453732
17756, 453748
17756, 453756
17756, 453760
17756, 453764
17756, 453772
17756, 453772
17756, 453784
17756, 453792
17756, 453808
17756, 453808
17756, 453808
17756, 453808
17756, 453812
17756, 453824
17756, 453824
17756, 453824
17756, 453828
17756, 453836
17756, 453844
17756, 453848
17756, 453856
17756, 453860
17756, 453864
17756, 453868
17756, 453868
17756, 453872
17756, 453876
17756, 453880
17756, 453884
17756, 453888
17756, 453892
17756, 453900
17756, 453900
17756, 453900
17756, 453904
17756, 453908
17756, 453908
17756, 453912
17756, 453912
17756, 453916
17756, 453920
17756, 453920
17756, 453924
17756, 453924
17756, 453924
17756, 453932
17756, 453940
17756, 453940
17756, 453948
17756, 453948
17756, 453960
17756, 453964
17756, 453968
17756, 453980
17756, 453980
17756, 453984
17756, 453988
17756, 453996
17756, 453996
17756, 454000
17756, 454004
17756, 454004
17756, 454008
17756, 454008
17756, 454016
17756, 454024
17756, 454024
17756, 454028
17756, 454028
17756, 454032
17756, 454048
17756, 454048
17756, 454052
17756, 454060
17756, 454060
17756, 454072
17756, 454072
17756, 454072
17756, 454072
17756, 454072
17756, 454072
17756, 454072
17756, 454072
17756, 454072
17756, 454080
17756, 454084
17756, 454084
17756, 454084
17756, 454088
17756, 454088
17756, 454092
17756, 454092
17756, 454096
17756, 454096
17756, 454100
17756, 454100
17756, 454104
17756, 454116
17756, 454116
17756, 454116
17756, 454120
17756, 454128
17756, 454136
17756, 454140
17756, 454144
17756, 454144
17756, 454144
17756, 454148
17756, 454148
17756, 454164
17756, 454172
17756, 454172
17756, 454172
17756, 454172
17756, 454172
17756, 454176
17756, 454176
17756, 454184
17756, 454192
17756, 454204
17756, 454204
17756, 454204
17756, 454208
17756, 454216
17756, 454220
17756, 454224
17756, 454224
17756, 454228
17756, 454228
17756, 454232
17756, 454236
17756, 454236
17756, 454236
17756, 454244
17756, 454248
17756, 454248
17756, 454252
17756, 454256
17756, 454256
17756, 454268
17756, 454272
17756, 454276
17756, 454280
17756, 454292
17756, 454296
17756, 454304
17756, 454304
17756, 454308
17756, 454308
17756, 454312
17756, 454320
17756, 454324
17756, 454332
17756, 454344
17756, 454344
17756, 454352
17756, 454364
17756, 454364
17756, 454368
17756, 454368
17756, 454372
17756, 454372
17756, 454376
17756, 454376
17756, 454376
17756, 454376
17756, 454376
17756, 454376
17756, 454384
17756, 454384
17756, 454392
17756, 454392
17756, 454392
17756, 454392
17756, 454396
17756, 454404
17756, 454408
17756, 454408
17756, 454408
17756, 454408
17756, 454416
17756, 454416
17756, 454424
17756, 454428
17756, 454428
17756, 454432
17756, 454436
17756, 454436
17756, 454448
17756, 454448
17756, 454448
17756, 454452
17756, 454452
17756, 454456
17756, 454460
17756, 454464
17756, 454468
17756, 454472
17756, 454472
17756, 454476
17756, 454480
17756, 454488
17756, 454496
17756, 454504
17756, 454512
17756, 454516
17756, 454520
17756, 454532
17756, 454532
17756, 454532
17756, 454532
17756, 454532
17756, 454536
17756, 454536
17756, 454544
17756, 454548
17756, 454548
17756, 454548
17756, 454548
17756, 454548
17756, 454552
17756, 454552
17756, 454556
17756, 454568
17756, 454568
17756, 454580
17756, 454584
17756, 454584
17756, 454584
17756, 454584
17756, 454588
17756, 454588
17756, 454588
17756, 454592
17756, 454592
17756, 454592
17756, 454592
17756, 454596
17756, 454596
17756, 454596
17756, 454596
17756, 454596
17756, 454600
17756, 454600
17756, 454604
17756, 454604
17756, 454604
17756, 454612
17756, 454612
17756, 454616
17756, 454616
17756, 454624
17756, 454636
17756, 454636
17756, 454636
17756, 454640
17756, 454640
17756, 454640
17756, 454652
17756, 454652
17756, 454656
17756, 454656
17756, 454660
17756, 454660
17756, 454664
17756, 454672
17756, 454672
17756, 454672
17756, 454672
17756, 454672
17756, 454672
17756, 454684
17756, 454696
17756, 454708
17756, 454708
17756, 454716
17756, 454720
17756, 454736
17756, 454736
17756, 454748
17756, 454752
17756, 454752
17756, 454756
17756, 454768
17756, 454772
17756, 454772
17756, 454776
17756, 454780
17756, 454780
17756, 454784
17756, 454792
17756, 454796
17756, 454808
17756, 454816
17756, 454820
17756, 454828
17756, 454832
17756, 454840
17756, 454848
17756, 454852
17756, 454860
17756, 454868
17756, 454884
17756, 454884
17756, 454888
17756, 454900
17756, 454908
17756, 454916
17756, 454920
17756, 454940
17756, 454940
17756, 454948
17756, 454948
17756, 454960
17756, 454968
17756, 454968
17756, 454976
17756, 454976
17756, 454980
17756, 454984
17756, 454984
17756, 454984
17756, 454984
17756, 454988
17756, 454992
17756, 454992
17756, 454996
17756, 455000
17756, 455000
17756, 455000
17756, 455000
17756, 455000
17756, 455000
17756, 455004
17756, 455008
17756, 455008
17756, 455016
17756, 455016
17756, 455016
17756, 455016
17756, 455016
17756, 455020
17756, 455024
17756, 455024
17756, 455024
17756, 455028
17756, 455028
17756, 455028
17756, 455028
17756, 455036
17756, 455036
17756, 455044
17756, 455044
17756, 455048
17756, 455048
17756, 455048
17756, 455052
17756, 455052
17756, 455056
17756, 455060
17756, 455060
17756, 455064
17756, 455064
17756, 455064
17756, 455064
17756, 455064
17756, 455068
17756, 455072
17756, 455072
17756, 455072
17756, 455072
17756, 455080
17756, 455080
17756, 455088
17756, 455092
17756, 455092
17756, 455092
17756, 455096
17756, 455096
17756, 455096
17756, 455096
17756, 455100
17756, 455100
17756, 455100
17756, 455100
17756, 455100
17756, 455100
17756, 455108
17756, 455108
17756, 455108
17756, 455116
17756, 455116
17756, 455120
17756, 455120
17756, 455124
17756, 455124
17756, 455124
17756, 455128
17756, 455136
17756, 455140
17756, 455140
17756, 455140
17756, 455152
17756, 455152
17756, 455164
17756, 455168
17756, 455172
17756, 455172
17756, 455176
17756, 455180
17756, 455180
17756, 455192
17756, 455192
17756, 455208
17756, 455216
17756, 455216
17756, 455224
17756, 455228
17756, 455232
17756, 455236
17756, 455248
17756, 455252
17756, 455264
17756, 455280
17756, 455280
17756, 455284
17756, 455288
17756, 455296
17756, 455296
17756, 455312
17756, 455312
17756, 455316
17756, 455328
17756, 455344
17756, 455344
17756, 455348
17756, 455356
17756, 455360
17756, 455372
17756, 455372
17756, 455384
17756, 455388
17756, 455392
17756, 455400
17756, 455404
17756, 455408
17756, 455420
17756, 455432
17756, 455444
17756, 455448
17756, 455452
17756, 455464
17756, 455468
17756, 455472
17756, 455472
17756, 455480
17756, 455484
17756, 455496
17756, 455500
17756, 455508
17756, 455508
17756, 455512
17756, 455512
17756, 455512
17756, 455512
17756, 455512
17756, 455512
17756, 455520
17756, 455520
17756, 455520
17756, 455520
17756, 455524
17756, 455532
17756, 455532
17756, 455540
17756, 455544
17756, 455544
17756, 455548
17756, 455556
17756, 455560
17756, 455560
17756, 455560
17756, 455564
17756, 455564
17756, 455568
17756, 455572
17756, 455576
17756, 455580
17756, 455580
17756, 455580
17756, 455580
17756, 455584
17756, 455584
17756, 455584
17756, 455584
17756, 455588
17756, 455588
17756, 455592
17756, 455592
17756, 455592
17756, 455592
17756, 455592
17756, 455592
17756, 455596
17756, 455596
17756, 455600
17756, 455600
17756, 455604
17756, 455604
17756, 455608
17756, 455616
17756, 455616
17756, 455620
17756, 455624
17756, 455624
17756, 455628
17756, 455632
17756, 455636
17756, 455636
17756, 455640
17756, 455640
17756, 455652
17756, 455652
17756, 455660
17756, 455660
17756, 455660
17756, 455660
17756, 455660
17756, 455660
17756, 455668
17756, 455668
17756, 455672
17756, 455672
17756, 455672
17756, 455672
17756, 455676
17756, 455684
17756, 455684
17756, 455684
17756, 455696
17756, 455696
17756, 455700
17756, 455700
17756, 455700
17756, 455704
17756, 455704
17756, 455712
17756, 455712
17756, 455716
17756, 455716
17756, 455716
17756, 455724
17756, 455732
17756, 455732
17756, 455736
17756, 455740
17756, 455740
17756, 455748
17756, 455752
17756, 455760
17756, 455764
17756, 455764
17756, 455764
17756, 455772
17756, 455776
17756, 455780
17756, 455784
17756, 455796
17756, 455812
17756, 455816
17756, 455820
17756, 455828
17756, 455828
17756, 455828
17756, 455832
17756, 455832
17756, 455836
17756, 455840
17756, 455840
17756, 455848
17756, 455852
17756, 455856
17756, 455860
17756, 455872
17756, 455880
17756, 455884
17756, 455888
17756, 455896
17756, 455900
17756, 455908
17756, 455912
17756, 455916
17756, 455920
17756, 455924
17756, 455928
17756, 455932
17756, 455932
17756, 455932
17756, 455944
17756, 455948
17756, 455952
17756, 455960
17756, 455960
17756, 455964
17756, 455968
17756, 455972
17756, 455976
17756, 455976
17756, 455980
17756, 455988
17756, 455992
17756, 455992
17756, 455992
17756, 455992
17756, 455996
17756, 455996
17756, 455996
17756, 455996
17756, 456000
17756, 456000
17756, 456000
17756, 456000
17756, 456000
17756, 456000
17756, 456000
17756, 456000
17756, 456000
17756, 456004
17756, 456004
17756, 456004
17756, 456004
17756, 456008
17756, 456008
17756, 456008
17756, 456008
17756, 456008
17756, 456008
17756, 456008
17756, 456008
17756, 456008
17756, 456008
17756, 456012
17756, 456012
17756, 456012
17756, 456016
17756, 456020
17756, 456024
17756, 456024
17756, 456024
17756, 456024
17756, 456024
17756, 456024
17756, 456024
17756, 456024
17756, 456028
17756, 456028
17756, 456032
17756, 456036
17756, 456036
17756, 456040
17756, 456048
17756, 456048
17756, 456052
17756, 456056
17756, 456068
17756, 456068
17756, 456068
17756, 456068
17756, 456068
17756, 456068
17756, 456076
17756, 456084
17756, 456084
17756, 456084
17756, 456088
17756, 456088
17756, 456088
17756, 456088
17756, 456092
17756, 456100
17756, 456100
17756, 456104
17756, 456104
17756, 456104
17756, 456104
17756, 456112
17756, 456112
17756, 456112
17756, 456112
17756, 456116
17756, 456116
17756, 456120
17756, 456120
17756, 456120
17756, 456120
17756, 456120
17756, 456128
17756, 456128
17756, 456128
17756, 456128
17756, 456128
17756, 456140
17756, 456152
17756, 456156
17756, 456156
17756, 456164
17756, 456164
17756, 456168
17756, 456176
17756, 456180
17756, 456180
17756, 456180
17756, 456184
17756, 456188
17756, 456192
17756, 456192
17756, 456196
17756, 456196
17756, 456196
17756, 456200
17756, 456200
17756, 456204
17756, 456208
17756, 456212
17756, 456216
17756, 456216
17756, 456220
17756, 456220
17756, 456220
17756, 456224
17756, 456228
17756, 456240
17756, 456244
17756, 456256
17756, 456260
17756, 456264
17756, 456268
17756, 456268
17756, 456272
17756, 456280
17756, 456284
17756, 456288
17756, 456292
17756, 456296
17756, 456296
17756, 456304
17756, 456304
17756, 456312
17756, 456320
17756, 456324
17756, 456324
17756, 456324
17756, 456324
17756, 456336
17756, 456336
17756, 456336
17756, 456336
17756, 456340
17756, 456348
17756, 456348
17756, 456352
17756, 456352
17756, 456356
17756, 456356
17756, 456356
17756, 456356
17756, 456356
17756, 456356
17756, 456360
17756, 456360
17756, 456360
17756, 456360
17756, 456360
17756, 456360
17756, 456368
17756, 456376
17756, 456380
17756, 456380
17756, 456388
17756, 456388
17756, 456392
17756, 456396
17756, 456396
17756, 456396
17756, 456396
17756, 456400
17756, 456400
17756, 456408
17756, 456412
17756, 456420
17756, 456420
17756, 456424
17756, 456428
17756, 456428
17756, 456428
17756, 456428
17756, 456432
17756, 456432
17756, 456436
17756, 456436
17756, 456436
17756, 456440
17756, 456440
17756, 456440
17756, 456444
17756, 456444
17756, 456448
17756, 456448
17756, 456448
17756, 456448
17756, 456448
17756, 456448
17756, 456448
17756, 456448
17756, 456448
17756, 456448
17756, 456448
17756, 456448
17756, 456452
17756, 456452
17756, 456452
17756, 456456
17756, 456456
17756, 456456
17756, 456464
17756, 456464
17756, 456464
17756, 456468
17756, 456468
17756, 456468
17756, 456472
17756, 456472
17756, 456476
17756, 456476
17756, 456480
17756, 456484
17756, 456484
17756, 456488
17756, 456488
17756, 456492
17756, 456496
17756, 456504
17756, 456504
17756, 456504
17756, 456508
17756, 456512
17756, 456520
17756, 456528
17756, 456532
17756, 456536
17756, 456540
17756, 456540
17756, 456544
17756, 456552
17756, 456552
17756, 456560
17756, 456576
17756, 456580
17756, 456584
17756, 456584
17756, 456588
17756, 456592
17756, 456600
17756, 456616
17756, 456616
17756, 456624
17756, 456632
17756, 456636
17756, 456636
17756, 456648
17756, 456648
17756, 456660
17756, 456668
17756, 456668
17756, 456668
17756, 456668
17756, 456672
17756, 456672
17756, 456672
17756, 456672
17756, 456680
17756, 456684
17756, 456688
17756, 456688
17756, 456688
17756, 456696
17756, 456700
17756, 456700
17756, 456704
17756, 456708
17756, 456708
17756, 456708
17756, 456712
17756, 456716
17756, 456724
17756, 456728
17756, 456740
17756, 456740
17756, 456744
17756, 456744
17756, 456744
17756, 456748
17756, 456748
17756, 456752
17756, 456752
17756, 456760
17756, 456764
17756, 456764
17756, 456764
17756, 456764
17756, 456764
17756, 456764
17756, 456768
17756, 456772
17756, 456776
17756, 456780
17756, 456780
17756, 456780
17756, 456780
17756, 456780
17756, 456780
17756, 456784
17756, 456788
17756, 456788
17756, 456788
17756, 456792
17756, 456792
17756, 456796
17756, 456800
17756, 456808
17756, 456808
17756, 456812
17756, 456816
17756, 456816
17756, 456816
17756, 456824
17756, 456824
17756, 456824
17756, 456824
17756, 456828
17756, 456828
17756, 456828
17756, 456832
17756, 456832
17756, 456840
17756, 456840
17756, 456840
17756, 456840
17756, 456840
17756, 456840
17756, 456840
17756, 456840
17756, 456844
17756, 456844
17756, 456844
17756, 456844
17756, 456844
17756, 456844
17756, 456852
17756, 456856
17756, 456856
17756, 456856
17756, 456856
17756, 456856
17756, 456856
17756, 456856
17756, 456856
17756, 456860
17756, 456864
17756, 456864
17756, 456864
17756, 456864
17756, 456864
17756, 456864
17756, 456864
17756, 456864
17756, 456868
17756, 456868
17756, 456868
17756, 456876
17756, 456876
17756, 456880
17756, 456892
17756, 456896
17756, 456896
17756, 456896
17756, 456896
17756, 456896
17756, 456896
17756, 456896
17756, 456896
17756, 456896
17756, 456900
17756, 456904
17756, 456912
17756, 456916
17756, 456916
17756, 456924
17756, 456924
17756, 456924
17756, 456924
17756, 456932
17756, 456940
17756, 456944
17756, 456948
17756, 456948
17756, 456948
17756, 456952
17756, 456956
17756, 456964
17756, 456972
17756, 456976
17756, 456976
17756, 456984
17756, 456992
17756, 456992
17756, 456992
17756, 456992
17756, 456992
17756, 456992
17756, 456992
17756, 456996
17756, 456996
17756, 457000
17756, 457004
17756, 457004
17756, 457012
17756, 457012
17756, 457012
17756, 457012
17756, 457016
17756, 457016
17756, 457024
17756, 457024
17756, 457024
17756, 457024
17756, 457024
17756, 457024
17756, 457024
17756, 457032
17756, 457032
17756, 457032
17756, 457036
17756, 457036
17756, 457036
17756, 457036
17756, 457040
17756, 457040
17756, 457040
17756, 457040
17756, 457040
17756, 457044
17756, 457044
17756, 457044
17756, 457044
17756, 457048
17756, 457048
17756, 457052
17756, 457056
17756, 457056
17756, 457060
17756, 457068
17756, 457068
17756, 457072
17756, 457076
17756, 457076
17756, 457080
17756, 457080
17756, 457080
17756, 457084
17756, 457084
17756, 457084
17756, 457088
17756, 457088
17756, 457092
17756, 457092
17756, 457092
17756, 457092
17756, 457092
17756, 457092
17756, 457092
17756, 457092
17756, 457092
17756, 457100
17756, 457100
17756, 457104
17756, 457112
17756, 457112
17756, 457112
17756, 457112
17756, 457120
17756, 457120
17756, 457124
17756, 457124
17756, 457124
17756, 457124
17756, 457124
17756, 457124
17756, 457128
17756, 457128
17756, 457128
17756, 457128
17756, 457128
17756, 457128
17756, 457128
17756, 457132
17756, 457132
17756, 457132
17756, 457136
17756, 457140
17756, 457140
17756, 457148
17756, 457156
17756, 457156
17756, 457156
17756, 457156
17756, 457160
17756, 457164
17756, 457164
17756, 457164
17756, 457164
17756, 457164
17756, 457168
17756, 457168
17756, 457168
17756, 457168
17756, 457168
17756, 457172
17756, 457176
17756, 457176
17756, 457176
17756, 457176
17756, 457176
17756, 457176
17756, 457176
17756, 457176
17756, 457176
17756, 457176
17756, 457176
17756, 457176
17756, 457176
17756, 457176
17756, 457176
17756, 457176
17756, 457176
17756, 457180
17756, 457180
17756, 457188
17756, 457196
17756, 457200
17756, 457200
17756, 457208
17756, 457212
17756, 457212
17756, 457212
17756, 457216
17756, 457216
17756, 457220
17756, 457224
17756, 457228
17756, 457240
17756, 457240
17756, 457240
17756, 457240
17756, 457240
17756, 457248
17756, 457248
17756, 457252
17756, 457252
17756, 457252
17756, 457260
17756, 457260
17756, 457260
17756, 457260
17756, 457260
17756, 457260
17756, 457264
17756, 457264
17756, 457268
17756, 457268
17756, 457272
17756, 457272
17756, 457276
17756, 457284
17756, 457284
17756, 457284
17756, 457288
17756, 457292
17756, 457292
17756, 457292
17756, 457292
17756, 457292
17756, 457292
17756, 457292
17756, 457292
17756, 457292
17756, 457292
17756, 457292
17756, 457296
17756, 457296
17756, 457296
17756, 457300
17756, 457304
17756, 457304
17756, 457304
17756, 457304
17756, 457304
17756, 457308
17756, 457316
17756, 457324
17756, 457324
17756, 457324
17756, 457328
17756, 457328
17756, 457332
17756, 457336
17756, 457336
17756, 457336
17756, 457336
17756, 457336
17756, 457344
17756, 457348
17756, 457348
17756, 457348
17756, 457352
17756, 457352
17756, 457352
17756, 457356
17756, 457356
17756, 457356
17756, 457356
17756, 457364
17756, 457364
17756, 457368
17756, 457372
17756, 457372
17756, 457372
17756, 457376
17756, 457376
17756, 457376
17756, 457376
17756, 457380
17756, 457388
17756, 457388
17756, 457388
17756, 457388
17756, 457388
17756, 457388
17756, 457392
17756, 457396
17756, 457400
17756, 457400
17756, 457400
17756, 457412
17756, 457412
17756, 457412
17756, 457416
17756, 457416
17756, 457416
17756, 457416
17756, 457416
17756, 457420
17756, 457424
17756, 457424
17756, 457424
17756, 457424
17756, 457424
17756, 457428
17756, 457432
17756, 457432
17756, 457440
17756, 457444
17756, 457448
17756, 457452
17756, 457456
17756, 457460
17756, 457460
17756, 457460
17756, 457464
17756, 457464
17756, 457468
17756, 457468
17756, 457472
17756, 457472
17756, 457472
17756, 457472
17756, 457476
17756, 457484
17756, 457488
17756, 457488
17756, 457488
17756, 457492
17756, 457492
17756, 457492
17756, 457492
17756, 457492
17756, 457496
17756, 457496
17756, 457500
17756, 457500
17756, 457500
17756, 457500
17756, 457500
17756, 457500
17756, 457500
17756, 457500
17756, 457500
17756, 457508
17756, 457508
17756, 457512
17756, 457512
17756, 457512
17756, 457512
17756, 457512
17756, 457520
17756, 457528
17756, 457528
17756, 457528
17756, 457528
17756, 457532
17756, 457536
17756, 457536
17756, 457540
17756, 457548
17756, 457552
17756, 457552
17756, 457552
17756, 457560
17756, 457564
17756, 457564
17756, 457564
17756, 457572
17756, 457572
17756, 457572
17756, 457572
17756, 457572
17756, 457572
17756, 457572
17756, 457572
17756, 457572
17756, 457572
17756, 457572
17756, 457572
17756, 457572
17756, 457576
17756, 457580
17756, 457580
17756, 457580
17756, 457584
17756, 457584
17756, 457584
17756, 457584
17756, 457588
17756, 457588
17756, 457588
17756, 457588
17756, 457592
17756, 457592
17756, 457596
17756, 457600
17756, 457600
17756, 457600
17756, 457604
17756, 457604
17756, 457604
17756, 457608
17756, 457608
17756, 457608
17756, 457608
17756, 457608
17756, 457608
17756, 457624
17756, 457624
17756, 457624
17756, 457628
17756, 457628
17756, 457628
17756, 457632
17756, 457632
17756, 457632
17756, 457632
17756, 457632
17756, 457632
17756, 457632
17756, 457632
17756, 457636
17756, 457640
17756, 457640
17756, 457640
17756, 457644
17756, 457644
17756, 457648
17756, 457648
17756, 457652
17756, 457652
17756, 457652
17756, 457652
17756, 457652
17756, 457652
17756, 457652
17756, 457656
17756, 457656
17756, 457660
17756, 457660
17756, 457660
17756, 457660
17756, 457660
17756, 457660
17756, 457660
17756, 457664
17756, 457668
17756, 457668
17756, 457668
17756, 457668
17756, 457668
17756, 457668
17756, 457668
17756, 457672
17756, 457676
17756, 457684
17756, 457692
17756, 457696
17756, 457696
17756, 457696
17756, 457696
17756, 457704
17756, 457708
17756, 457712
17756, 457712
17756, 457716
17756, 457720
17756, 457724
17756, 457728
17756, 457728
17756, 457728
17756, 457728
17756, 457728
17756, 457728
17756, 457728
17756, 457728
17756, 457732
17756, 457732
17756, 457732
17756, 457732
17756, 457732
17756, 457732
17756, 457740
17756, 457740
17756, 457740
17756, 457740
17756, 457740
17756, 457744
17756, 457744
17756, 457748
17756, 457748
17756, 457748
17756, 457756
17756, 457756
17756, 457760
17756, 457764
17756, 457764
17756, 457768
17756, 457768
17756, 457768
17756, 457772
17756, 457776
17756, 457776
17756, 457780
17756, 457780
17756, 457780
17756, 457780
17756, 457784
17756, 457784
17756, 457784
17756, 457788
17756, 457788
17756, 457788
17756, 457788
17756, 457788
17756, 457792
17756, 457792
17756, 457792
17756, 457792
17756, 457792
17756, 457796
17756, 457796
17756, 457796
17756, 457796
17756, 457800
17756, 457804
17756, 457804
17756, 457808
17756, 457808
17756, 457808
17756, 457808
17756, 457812
17756, 457816
17756, 457816
17756, 457816
17756, 457816
17756, 457816
17756, 457816
17756, 457816
17756, 457816
17756, 457816
17756, 457816
17756, 457820
17756, 457824
17756, 457828
17756, 457832
17756, 457836
17756, 457836
17756, 457836
17756, 457836
17756, 457836
17756, 457840
17756, 457840
17756, 457840
17756, 457840
17756, 457848
17756, 457848
17756, 457848
17756, 457848
17756, 457848
17756, 457848
17756, 457848
17756, 457852
17756, 457852
17756, 457852
17756, 457852
17756, 457852
17756, 457852
17756, 457856
17756, 457864
17756, 457864
17756, 457864
17756, 457864
17756, 457864
17756, 457868
17756, 457868
17756, 457868
17756, 457868
17756, 457868
17756, 457868
17756, 457868
17756, 457868
17756, 457868
17756, 457876
17756, 457876
17756, 457876
17756, 457876
17756, 457876
17756, 457876
17756, 457876
17756, 457876
17756, 457876
17756, 457876
17756, 457876
17756, 457876
17756, 457876
17756, 457880
17756, 457880
17756, 457880
17756, 457880
17756, 457884
17756, 457884
17756, 457892
17756, 457896
17756, 457896
17756, 457904
17756, 457908
17756, 457908
17756, 457916
17756, 457924
17756, 457924
17756, 457936
17756, 457940
17756, 457940
17756, 457944
17756, 457944
17756, 457948
17756, 457952
17756, 457952
17756, 457956
17756, 457956
17756, 457956
17756, 457960
17756, 457964
17756, 457972
17756, 457976
17756, 457980
17756, 457988
17756, 457988
17756, 457988
17756, 457988
17756, 457996
17756, 458004
17756, 458004
17756, 458012
17756, 458016
17756, 458016
17756, 458016
17756, 458016
17756, 458016
17756, 458020
17756, 458024
17756, 458024
17756, 458028
17756, 458028
17756, 458028
17756, 458032
17756, 458036
17756, 458036
17756, 458036
17756, 458036
17756, 458036
17756, 458040
17756, 458040
17756, 458040
17756, 458044
17756, 458048
17756, 458048
17756, 458052
17756, 458052
17756, 458052
17756, 458052
17756, 458052
17756, 458056
17756, 458060
17756, 458060
17756, 458060
17756, 458060
17756, 458060
17756, 458060
17756, 458060
17756, 458060
17756, 458064
17756, 458064
17756, 458064
17756, 458064
17756, 458064
17756, 458064
17756, 458068
17756, 458076
17756, 458080
17756, 458080
17756, 458080
17756, 458080
17756, 458080
17756, 458080
17756, 458084
17756, 458084
17756, 458092
17756, 458092
17756, 458096
17756, 458096
17756, 458096
17756, 458096
17756, 458096
17756, 458096
17756, 458096
17756, 458096
17756, 458100
17756, 458100
17756, 458100
17756, 458108
17756, 458108
17756, 458108
17756, 458108
17756, 458108
17756, 458108
17756, 458112
17756, 458116
17756, 458120
17756, 458120
17756, 458124
17756, 458124
17756, 458124
17756, 458124
17756, 458124
17756, 458124
17756, 458128
17756, 458128
17756, 458128
17756, 458128
17756, 458128
17756, 458128
17756, 458128
17756, 458128
17756, 458128
17756, 458128
17756, 458128
17756, 458132
17756, 458136
17756, 458136
17756, 458136
17756, 458136
17756, 458136
17756, 458136
17756, 458140
17756, 458140
17756, 458140
17756, 458144
17756, 458144
17756, 458144
17756, 458144
17756, 458144
17756, 458148
17756, 458152
17756, 458156
17756, 458156
17756, 458156
17756, 458156
17756, 458164
17756, 458164
17756, 458168
17756, 458168
17756, 458168
17756, 458168
17756, 458180
17756, 458180
17756, 458188
17756, 458188
17756, 458188
17756, 458188
17756, 458188
17756, 458188
17756, 458188
17756, 458188
17756, 458188
17756, 458188
17756, 458188
17756, 458188
17756, 458188
17756, 458192
17756, 458192
17756, 458196
17756, 458204
17756, 458208
17756, 458216
17756, 458220
17756, 458220
17756, 458228
17756, 458228
17756, 458228
17756, 458228
17756, 458228
17756, 458236
17756, 458244
17756, 458248
17756, 458252
17756, 458260
17756, 458260
17756, 458272
17756, 458272
17756, 458272
17756, 458272
17756, 458272
17756, 458272
17756, 458276
17756, 458276
17756, 458276
17756, 458276
17756, 458280
17756, 458284
17756, 458288
17756, 458288
17756, 458288
17756, 458288
17756, 458288
17756, 458292
17756, 458292
17756, 458292
17756, 458292
17756, 458292
17756, 458292
17756, 458292
17756, 458292
17756, 458296
17756, 458300
17756, 458300
17756, 458300
17756, 458300
17756, 458300
17756, 458300
17756, 458304
17756, 458304
17756, 458308
17756, 458312
17756, 458312
17756, 458312
17756, 458312
17756, 458312
17756, 458312
17756, 458312
17756, 458312
17756, 458312
17756, 458320
17756, 458320
17756, 458320
17756, 458320
17756, 458320
17756, 458320
17756, 458320
17756, 458320
17756, 458324
17756, 458324
17756, 458324
17756, 458324
17756, 458328
17756, 458328
17756, 458328
17756, 458328
17756, 458328
17756, 458328
17756, 458336
17756, 458340
17756, 458340
17756, 458340
17756, 458344
17756, 458344
17756, 458344
17756, 458344
17756, 458344
17756, 458344
17756, 458344
17756, 458344
17756, 458344
17756, 458344
17756, 458344
17756, 458344
17756, 458344
17756, 458344
17756, 458344
17756, 458344
17756, 458344
17756, 458344
17756, 458344
17756, 458344
17756, 458344
17756, 458344
17756, 458348
17756, 458352
17756, 458352
17756, 458352
17756, 458360
17756, 458364
17756, 458364
17756, 458364
17756, 458368
17756, 458368
17756, 458368
17756, 458368
17756, 458376
17756, 458376
17756, 458376
17756, 458380
17756, 458380
17756, 458388
17756, 458392
17756, 458392
17756, 458396
17756, 458396
17756, 458396
17756, 458396
17756, 458396
17756, 458396
17756, 458396
17756, 458396
17756, 458396
17756, 458400
17756, 458400
17756, 458404
17756, 458404
17756, 458404
17756, 458408
17756, 458408
17756, 458416
17756, 458416
17756, 458420
17756, 458420
17756, 458420
17756, 458424
17756, 458424
17756, 458424
17756, 458424
17756, 458424
17756, 458428
17756, 458428
17756, 458428
17756, 458432
17756, 458436
17756, 458436
17756, 458436
17756, 458436
17756, 458444
17756, 458444
17756, 458448
17756, 458452
17756, 458452
17756, 458452
17756, 458452
17756, 458452
17756, 458456
17756, 458456
17756, 458456
17756, 458456
17756, 458456
17756, 458456
17756, 458460
17756, 458460
17756, 458464
17756, 458464
17756, 458472
17756, 458472
17756, 458472
17756, 458476
17756, 458476
17756, 458476
17756, 458480
17756, 458480
17756, 458480
17756, 458480
17756, 458480
17756, 458488
17756, 458488
17756, 458488
17756, 458492
17756, 458496
17756, 458496
17756, 458496
17756, 458496
17756, 458496
17756, 458496
17756, 458496
17756, 458496
17756, 458496
17756, 458500
17756, 458504
17756, 458504
17756, 458504
17756, 458508
17756, 458508
17756, 458516
17756, 458516
17756, 458516
17756, 458516
17756, 458516
17756, 458516
17756, 458516
17756, 458516
17756, 458516
17756, 458516
17756, 458516
17756, 458516
17756, 458516
17756, 458516
17756, 458520
17756, 458520
17756, 458520
17756, 458520
17756, 458520
17756, 458520
17756, 458520
17756, 458520
17756, 458520
17756, 458520
17756, 458520
17756, 458520
17756, 458520
17756, 458520
17756, 458520
17756, 458520
17756, 458524
17756, 458524
17756, 458524
17756, 458524
17756, 458524
17756, 458528
17756, 458528
17756, 458528
17756, 458528
17756, 458528
17756, 458528
17756, 458528
17756, 458528
17756, 458528
17756, 458528
17756, 458528
17756, 458528
17756, 458532
17756, 458532
17756, 458532
17756, 458536
17756, 458536
17756, 458536
17756, 458536
17756, 458540
17756, 458540
17756, 458540
17756, 458540
17756, 458544
17756, 458544
17756, 458544
17756, 458544
17756, 458548
17756, 458548
17756, 458548
17756, 458552
17756, 458556
17756, 458560
17756, 458560
17756, 458560
17756, 458560
17756, 458560
17756, 458564
17756, 458564
17756, 458564
17756, 458572
17756, 458580
17756, 458580
17756, 458584
17756, 458588
17756, 458588
17756, 458592
17756, 458592
17756, 458592
17756, 458592
17756, 458592
17756, 458592
17756, 458592
17756, 458592
17756, 458592
17756, 458592
17756, 458592
17756, 458592
17756, 458592
17756, 458596
17756, 458596
17756, 458596
17756, 458596
17756, 458600
17756, 458600
17756, 458600
17756, 458600
17756, 458600
17756, 458600
17756, 458600
17756, 458600
17756, 458600
17756, 458600
17756, 458600
17756, 458604
17756, 458608
17756, 458608
17756, 458608
17756, 458608
17756, 458608
17756, 458608
17756, 458608
17756, 458608
17756, 458608
17756, 458608
17756, 458608
17756, 458608
17756, 458608
17756, 458612
17756, 458612
17756, 458612
17756, 458612
17756, 458616
17756, 458616
17756, 458616
17756, 458616
17756, 458616
17756, 458616
17756, 458616
17756, 458616
17756, 458620
17756, 458620
17756, 458620
17756, 458620
17756, 458620
17756, 458620
17756, 458620
17756, 458620
17756, 458620
17756, 458620
17756, 458620
17756, 458620
17756, 458620
17756, 458620
17756, 458624
17756, 458624
17756, 458624
17756, 458624
17756, 458628
17756, 458628
17756, 458628
17756, 458628
17756, 458628
17756, 458628
17756, 458636
17756, 458636
17756, 458640
17756, 458640
17756, 458640
17756, 458644
17756, 458644
17756, 458644
17756, 458644
17756, 458644
17756, 458644
17756, 458644
17756, 458644
17756, 458644
17756, 458644
17756, 458644
17756, 458644
17756, 458644
17756, 458644
17756, 458644
17756, 458644
17756, 458644
17756, 458648
17756, 458648
17756, 458652
17756, 458652
17756, 458656
17756, 458656
17756, 458656
17756, 458660
17756, 458660
17756, 458660
17756, 458660
17756, 458660
17756, 458660
17756, 458664
17756, 458664
17756, 458664
17756, 458664
17756, 458664
17756, 458664
17756, 458668
17756, 458668
17756, 458668
17756, 458668
17756, 458668
17756, 458672
17756, 458676
17756, 458676
17756, 458680
17756, 458680
17756, 458680
17756, 458680
17756, 458680
17756, 458680
17756, 458684
17756, 458684
17756, 458692
17756, 458700
17756, 458700
17756, 458704
17756, 458704
17756, 458704
17756, 458704
17756, 458704
17756, 458704
17756, 458704
17756, 458704
17756, 458704
17756, 458704
17756, 458704
17756, 458704
17756, 458704
17756, 458704
17756, 458708
17756, 458708
17756, 458708
17756, 458712
17756, 458716
17756, 458720
17756, 458720
17756, 458720
17756, 458720
17756, 458720
17756, 458720
17756, 458724
17756, 458724
17756, 458728
17756, 458728
17756, 458728
17756, 458732
17756, 458732
17756, 458732
17756, 458732
17756, 458732
17756, 458732
17756, 458732
17756, 458732
17756, 458732
17756, 458732
17756, 458732
17756, 458732
17756, 458732
17756, 458732
17756, 458732
17756, 458732
17756, 458732
17756, 458732
17756, 458732
17756, 458736
17756, 458740
17756, 458740
17756, 458744
17756, 458744
17756, 458744
17756, 458748
17756, 458748
17756, 458748
17756, 458752
17756, 458752
17756, 458752
17756, 458752
17756, 458752
17756, 458752
17756, 458752
17756, 458752
17756, 458752
17756, 458752
17756, 458752
17756, 458752
17756, 458752
17756, 458752
17756, 458752
17756, 458752
17756, 458752
17756, 458756
17756, 458760
17756, 458760
17756, 458760
17756, 458760
17756, 458760
17756, 458760
17756, 458760
17756, 458760
17756, 458760
17756, 458764
17756, 458764
17756, 458768
17756, 458768
17756, 458768
17756, 458772
17756, 458772
17756, 458772
17756, 458772
17756, 458772
17756, 458772
17756, 458772
17756, 458772
17756, 458772
17756, 458772
17756, 458772
17756, 458772
17756, 458772
17756, 458772
17756, 458772
17756, 458772
17756, 458772
17756, 458772
17756, 458772
17756, 458772
17756, 458772
17756, 458772
17756, 458772
17756, 458776
17756, 458780
17756, 458780
17756, 458784
17756, 458784
17756, 458784
17756, 458784
17756, 458784
17756, 458788
17756, 458788
17756, 458788
17756, 458788
17756, 458796
17756, 458796
17756, 458796
17756, 458800
17756, 458804
17756, 458804
17756, 458808
17756, 458812
17756, 458812
17756, 458816
17756, 458816
17756, 458816
17756, 458816
17756, 458820
17756, 458832
17756, 458832
17756, 458836
17756, 458836
17756, 458840
17756, 458840
17756, 458844
17756, 458844
17756, 458844
17756, 458844
17756, 458844
17756, 458844
17756, 458848
17756, 458848
17756, 458848
17756, 458852
17756, 458852
17756, 458852
17756, 458852
17756, 458856
17756, 458856
17756, 458860
17756, 458860
17756, 458860
17756, 458860
17756, 458860
17756, 458860
17756, 458864
17756, 458864
17756, 458864
17756, 458864
17756, 458864
17756, 458864
17756, 458864
17756, 458868
17756, 458872
17756, 458876
17756, 458876
17756, 458876
17756, 458876
17756, 458876
17756, 458876
17756, 458876
17756, 458876
17756, 458876
17756, 458880
17756, 458880
17756, 458880
17756, 458884
17756, 458884
17756, 458888
17756, 458888
17756, 458892
17756, 458892
17756, 458892
17756, 458896
17756, 458896
17756, 458896
17756, 458896
17756, 458896
17756, 458896
17756, 458896
17756, 458896
17756, 458900
17756, 458900
17756, 458900
17756, 458900
17756, 458904
17756, 458904
17756, 458904
17756, 458904
17756, 458904
17756, 458904
17756, 458904
17756, 458904
17756, 458908
17756, 458908
17756, 458908
17756, 458916
17756, 458920
17756, 458920
17756, 458920
17756, 458920
17756, 458924
17756, 458924
17756, 458924
17756, 458924
17756, 458924
17756, 458924
17756, 458924
17756, 458924
17756, 458924
17756, 458924
17756, 458924
17756, 458924
17756, 458924
17756, 458928
17756, 458928
17756, 458928
17756, 458928
17756, 458928
17756, 458932
17756, 458932
17756, 458936
17756, 458936
17756, 458936
17756, 458936
17756, 458936
17756, 458940
17756, 458940
17756, 458940
17756, 458940
17756, 458940
17756, 458940
17756, 458940
17756, 458940
17756, 458940
17756, 458940
17756, 458940
17756, 458940
17756, 458940
17756, 458940
17756, 458940
17756, 458940
17756, 458944
17756, 458952
17756, 458952
17756, 458952
17756, 458952
17756, 458952
17756, 458952
17756, 458952
17756, 458956
17756, 458956
17756, 458960
17756, 458960
17756, 458960
17756, 458960
17756, 458960
17756, 458960
17756, 458964
17756, 458964
17756, 458964
17756, 458964
17756, 458964
17756, 458964
17756, 458972
17756, 458972
17756, 458972
17756, 458972
17756, 458980
17756, 458980
17756, 458984
17756, 458984
17756, 458984
17756, 458984
17756, 458984
17756, 458984
17756, 458984
17756, 458984
17756, 458984
17756, 458984
17756, 458984
17756, 458984
17756, 458988
17756, 458988
17756, 458988
17756, 458988
17756, 458992
17756, 458992
17756, 458992
17756, 458992
17756, 458992
17756, 458992
17756, 458992
17756, 458992
17756, 458992
17756, 458992
17756, 458996
17756, 458996
17756, 458996
17756, 458996
17756, 458996
17756, 458996
17756, 459000
17756, 459000
17756, 459000
17756, 459000
17756, 459000
17756, 459000
17756, 459000
17756, 459000
17756, 459000
17756, 459000
17756, 459000
17756, 459000
17756, 459000
17756, 459000
17756, 459000
17756, 459000
17756, 459000
17756, 459000
17756, 459000
17756, 459000
17756, 459000
17756, 459000
17756, 459000
17756, 459000
17756, 459000
17756, 459000
17756, 459000
17756, 459000
17756, 459004
17756, 459004
17756, 459004
17756, 459004
17756, 459004
17756, 459004
17756, 459008
17756, 459008
17756, 459008
17756, 459008
17756, 459008
17756, 459008
17756, 459008
17756, 459008
17756, 459008
17756, 459008
17756, 459008
17756, 459012
17756, 459012
17756, 459012
17756, 459012
17756, 459012
17756, 459012
17756, 459012
17756, 459012
17756, 459016
17756, 459016
17756, 459016
17756, 459016
17756, 459016
17756, 459016
17756, 459016
17756, 459020
17756, 459024
17756, 459024
17756, 459024
17756, 459024
17756, 459024
17756, 459024
17756, 459024
17756, 459024
17756, 459024
17756, 459024
17756, 459024
17756, 459024
17756, 459024
17756, 459024
17756, 459024
17756, 459024
17756, 459024
17756, 459024
17756, 459024
17756, 459024
17756, 459024
17756, 459024
17756, 459024
17756, 459024
17756, 459024
17756, 459024
17756, 459028
17756, 459028
17756, 459028
17756, 459032
17756, 459032
17756, 459032
17756, 459032
17756, 459036
17756, 459040
17756, 459040
17756, 459044
17756, 459044
17756, 459052
17756, 459056
17756, 459056
17756, 459060
17756, 459060
17756, 459064
17756, 459064
17756, 459064
17756, 459064
17756, 459064
17756, 459064
17756, 459064
17756, 459068
17756, 459068
17756, 459072
17756, 459076
17756, 459076
17756, 459076
17756, 459076
17756, 459076
17756, 459080
17756, 459084
17756, 459088
17756, 459092
17756, 459092
17756, 459092
17756, 459092
17756, 459092
17756, 459092
17756, 459092
17756, 459092
17756, 459092
17756, 459096
17756, 459096
17756, 459096
17756, 459096
17756, 459096
17756, 459096
17756, 459096
17756, 459096
17756, 459096
17756, 459096
17756, 459096
17756, 459096
17756, 459100
17756, 459100
17756, 459100
17756, 459100
17756, 459100
17756, 459100
17756, 459100
17756, 459100
17756, 459100
17756, 459100
17756, 459104
17756, 459104
17756, 459104
17756, 459104
17756, 459104
17756, 459104
17756, 459104
17756, 459104
17756, 459104
17756, 459104
17756, 459104
17756, 459104
17756, 459104
17756, 459104
17756, 459104
17756, 459104
17756, 459108
17756, 459108
17756, 459108
17756, 459108
17756, 459108
17756, 459108
17756, 459108
17756, 459108
17756, 459108
17756, 459108
17756, 459108
17756, 459108
17756, 459108
17756, 459108
17756, 459108
17756, 459108
17756, 459108
17756, 459108
17756, 459108
17756, 459108
17756, 459108
17756, 459108
17756, 459108
17756, 459108
17756, 459108
17756, 459108
17756, 459108
17756, 459108
17756, 459108
17756, 459112
17756, 459112
17756, 459112
17756, 459112
17756, 459112
17756, 459112
17756, 459112
17756, 459112
17756, 459112
17756, 459112
17756, 459112
17756, 459112
17756, 459112
17756, 459112
17756, 459112
17756, 459112
17756, 459112
17756, 459116
17756, 459120
17756, 459120
17756, 459120
17756, 459128
17756, 459128
17756, 459128
17756, 459128
17756, 459128
17756, 459128
17756, 459128
17756, 459128
17756, 459128
17756, 459128
17756, 459128
17756, 459128
17756, 459128
17756, 459128
17756, 459128
17756, 459128
17756, 459132
17756, 459132
17756, 459132
17756, 459132
17756, 459132
17756, 459132
17756, 459132
17756, 459132
17756, 459132
17756, 459132
17756, 459132
17756, 459136
17756, 459140
17756, 459140
17756, 459144
17756, 459144
17756, 459144
17756, 459148
17756, 459148
17756, 459148
17756, 459148
17756, 459148
17756, 459152
17756, 459156
17756, 459156
17756, 459156
17756, 459156
17756, 459156
17756, 459156
17756, 459156
17756, 459160
17756, 459164
17756, 459168
17756, 459168
17756, 459168
17756, 459168
17756, 459168
17756, 459168
17756, 459168
17756, 459168
17756, 459168
17756, 459168
17756, 459168
17756, 459168
17756, 459172
17756, 459176
17756, 459176
17756, 459176
17756, 459176
17756, 459176
17756, 459176
17756, 459176
17756, 459176
17756, 459176
17756, 459176
17756, 459176
17756, 459176
17756, 459176
17756, 459176
17756, 459176
17756, 459176
17756, 459176
17756, 459176
17756, 459176
17756, 459180
17756, 459180
17756, 459180
17756, 459180
17756, 459180
17756, 459180
17756, 459180
17756, 459180
17756, 459180
17756, 459180
17756, 459180
17756, 459184
17756, 459184
17756, 459184
17756, 459184
17756, 459184
17756, 459184
17756, 459184
17756, 459184
17756, 459184
17756, 459184
17756, 459184
17756, 459184
17756, 459184
17756, 459184
17756, 459184
17756, 459184
17756, 459184
17756, 459188
17756, 459188
17756, 459188
17756, 459188
17756, 459188
17756, 459192
17756, 459192
17756, 459192
17756, 459192
17756, 459192
17756, 459192
17756, 459192
17756, 459192
17756, 459192
17756, 459192
17756, 459196
17756, 459196
17756, 459196
17756, 459200
17756, 459200
17756, 459204
17756, 459204
17756, 459204
17756, 459204
17756, 459204
17756, 459204
17756, 459204
17756, 459204
17756, 459204
17756, 459204
17756, 459204
17756, 459204
17756, 459204
17756, 459204
17756, 459204
17756, 459204
17756, 459204
17756, 459204
17756, 459208
17756, 459208
17756, 459208
17756, 459212
17756, 459216
17756, 459216
17756, 459216
17756, 459216
17756, 459224
17756, 459224
17756, 459224
17756, 459224
17756, 459224
17756, 459228
17756, 459228
17756, 459228
17756, 459228
17756, 459228
17756, 459228
17756, 459232
17756, 459232
17756, 459232
17756, 459232
17756, 459232
17756, 459232
17756, 459232
17756, 459232
17756, 459232
17756, 459232
17756, 459236
17756, 459236
17756, 459236
17756, 459240
17756, 459244
17756, 459244
17756, 459244
17756, 459244
17756, 459248
17756, 459252
17756, 459252
17756, 459252
17756, 459256
17756, 459256
17756, 459256
17756, 459256
17756, 459260
17756, 459260
17756, 459260
17756, 459260
17756, 459260
17756, 459260
17756, 459260
17756, 459260
17756, 459264
17756, 459264
17756, 459264
17756, 459272
17756, 459276
17756, 459276
17756, 459276
17756, 459276
17756, 459276
17756, 459276
17756, 459276
17756, 459276
17756, 459276
17756, 459276
17756, 459276
17756, 459276
17756, 459280
17756, 459280
17756, 459280
17756, 459280
17756, 459280
17756, 459280
17756, 459280
17756, 459280
17756, 459280
17756, 459280
17756, 459280
17756, 459280
17756, 459280
17756, 459280
17756, 459280
17756, 459284
17756, 459284
17756, 459284
17756, 459284
17756, 459284
17756, 459284
17756, 459284
17756, 459284
17756, 459284
17756, 459284
17756, 459284
17756, 459284
17756, 459284
17756, 459284
17756, 459284
17756, 459284
17756, 459284
17756, 459288
17756, 459288
17756, 459288
17756, 459288
17756, 459288
17756, 459288
17756, 459288
17756, 459288
17756, 459288
17756, 459288
17756, 459288
17756, 459288
17756, 459288
17756, 459288
17756, 459288
17756, 459288
17756, 459288
17756, 459288
17756, 459288
17756, 459288
17756, 459288
17756, 459288
17756, 459288
17756, 459292
17756, 459292
17756, 459292
17756, 459292
17756, 459292
17756, 459292
17756, 459292
17756, 459292
17756, 459292
17756, 459292
17756, 459292
17756, 459292
17756, 459296
17756, 459296
17756, 459296
17756, 459300
17756, 459300
17756, 459300
17756, 459304
17756, 459304
17756, 459304
17756, 459304
17756, 459308
17756, 459308
17756, 459308
17756, 459308
17756, 459308
17756, 459308
17756, 459308
17756, 459308
17756, 459308
17756, 459308
17756, 459312
17756, 459312
17756, 459312
17756, 459312
17756, 459316
17756, 459316
17756, 459316
17756, 459320
17756, 459320
17756, 459320
17756, 459324
17756, 459324
17756, 459324
17756, 459328
17756, 459332
17756, 459336
17756, 459336
17756, 459340
17756, 459340
17756, 459340
17756, 459340
17756, 459340
17756, 459340
17756, 459340
17756, 459340
17756, 459340
17756, 459340
17756, 459340
17756, 459340
17756, 459340
17756, 459340
17756, 459344
17756, 459344
17756, 459344
17756, 459344
17756, 459344
17756, 459344
17756, 459344
17756, 459344
17756, 459344
17756, 459344
17756, 459344
17756, 459344
17756, 459344
17756, 459344
17756, 459344
17756, 459344
17756, 459344
17756, 459348
17756, 459348
17756, 459348
17756, 459352
17756, 459352
17756, 459352
17756, 459352
17756, 459352
17756, 459352
17756, 459352
17756, 459352
17756, 459352
17756, 459352
17756, 459352
17756, 459352
17756, 459352
17756, 459356
17756, 459356
17756, 459360
17756, 459360
17756, 459364
17756, 459364
17756, 459364
17756, 459368
17756, 459368
17756, 459368
17756, 459368
17756, 459368
17756, 459368
17756, 459368
17756, 459372
17756, 459372
17756, 459372
17756, 459376
17756, 459376
17756, 459380
17756, 459380
17756, 459380
17756, 459380
17756, 459380
17756, 459380
17756, 459380
17756, 459384
17756, 459384
17756, 459384
17756, 459384
17756, 459384
17756, 459384
17756, 459384
17756, 459384
17756, 459384
17756, 459384
17756, 459384
17756, 459384
17756, 459384
17756, 459384
17756, 459384
17756, 459384
17756, 459384
17756, 459384
17756, 459384
17756, 459384
17756, 459384
17756, 459384
17756, 459384
17756, 459384
17756, 459384
17756, 459384
17756, 459384
17756, 459384
17756, 459384
17756, 459384
17756, 459384
17756, 459384
17756, 459384
17756, 459384
17756, 459384
17756, 459384
17756, 459384
17756, 459384
17756, 459384
17756, 459384
17756, 459384
17756, 459384
17756, 459388
17756, 459388
17756, 459388
17756, 459388
17756, 459388
17756, 459388
17756, 459392
17756, 459392
17756, 459392
17756, 459396
17756, 459396
17756, 459396
17756, 459396
17756, 459396
17756, 459396
17756, 459396
17756, 459396
17756, 459396
17756, 459396
17756, 459396
17756, 459396
17756, 459396
17756, 459396
17756, 459396
17756, 459396
17756, 459396
17756, 459396
17756, 459400
17756, 459400
17756, 459404
17756, 459408
17756, 459408
17756, 459412
17756, 459412
17756, 459412
17756, 459412
17756, 459412
17756, 459412
17756, 459412
17756, 459412
17756, 459412
17756, 459412
17756, 459412
17756, 459412
17756, 459416
17756, 459416
17756, 459416
17756, 459416
17756, 459416
17756, 459416
17756, 459416
17756, 459416
17756, 459416
17756, 459416
17756, 459416
17756, 459416
17756, 459416
17756, 459416
17756, 459416
17756, 459424
17756, 459424
17756, 459424
17756, 459424
17756, 459424
17756, 459424
17756, 459424
17756, 459424
17756, 459424
17756, 459424
17756, 459424
17756, 459424
17756, 459424
17756, 459424
17756, 459424
17756, 459424
17756, 459424
17756, 459424
17756, 459424
17756, 459424
17756, 459424
17756, 459424
17756, 459424
17756, 459428
17756, 459428
17756, 459428
17756, 459428
17756, 459428
17756, 459432
17756, 459432
17756, 459432
17756, 459432
17756, 459432
17756, 459432
17756, 459432
17756, 459432
17756, 459432
17756, 459436
17756, 459436
17756, 459436
17756, 459436
17756, 459436
17756, 459436
17756, 459436
17756, 459436
17756, 459440
17756, 459440
17756, 459440
17756, 459440
17756, 459440
17756, 459440
17756, 459440
17756, 459440
17756, 459440
17756, 459444
17756, 459444
17756, 459444
17756, 459444
17756, 459444
17756, 459448
17756, 459448
17756, 459448
17756, 459448
17756, 459448
17756, 459448
17756, 459448
17756, 459448
17756, 459448
17756, 459448
17756, 459448
17756, 459452
17756, 459456
17756, 459456
17756, 459456
17756, 459456
17756, 459456
17756, 459456
17756, 459456
17756, 459456
17756, 459460
17756, 459460
17756, 459460
17756, 459460
17756, 459460
17756, 459460
17756, 459460
17756, 459460
17756, 459460
17756, 459460
17756, 459460
17756, 459460
17756, 459460
17756, 459460
17756, 459460
17756, 459460
17756, 459460
17756, 459460
17756, 459460
17756, 459460
17756, 459460
17756, 459464
17756, 459464
17756, 459464
17756, 459464
17756, 459464
17756, 459464
17756, 459468
17756, 459468
17756, 459468
17756, 459468
17756, 459468
17756, 459468
17756, 459468
17756, 459472
17756, 459472
17756, 459472
17756, 459472
17756, 459472
17756, 459472
17756, 459476
17756, 459476
17756, 459476
17756, 459480
17756, 459480
17756, 459480
17756, 459484
17756, 459484
17756, 459484
17756, 459484
17756, 459488
17756, 459488
17756, 459488
17756, 459488
17756, 459488
17756, 459492
17756, 459492
17756, 459492
17756, 459492
17756, 459496
17756, 459496
17756, 459496
17756, 459496
17756, 459496
17756, 459496
17756, 459496
17756, 459496
17756, 459496
17756, 459496
17756, 459496
17756, 459496
17756, 459496
17756, 459496
17756, 459496
17756, 459500
17756, 459500
17756, 459500
17756, 459500
17756, 459500
17756, 459500
17756, 459500
17756, 459500
17756, 459500
17756, 459500
17756, 459500
17756, 459500
17756, 459500
17756, 459500
17756, 459500
17756, 459508
17756, 459508
17756, 459508
17756, 459508
17756, 459508
17756, 459508
17756, 459508
17756, 459508
17756, 459508
17756, 459512
17756, 459512
17756, 459512
17756, 459516
17756, 459520
17756, 459524
17756, 459524
17756, 459524
17756, 459524
17756, 459524
17756, 459524
17756, 459524
17756, 459524
17756, 459524
17756, 459524
17756, 459524
17756, 459524
17756, 459524
17756, 459524
17756, 459524
17756, 459524
17756, 459524
17756, 459524
17756, 459524
17756, 459524
17756, 459524
17756, 459524
17756, 459524
17756, 459524
17756, 459524
17756, 459528
17756, 459528
17756, 459528
17756, 459528
17756, 459528
17756, 459528
17756, 459528
17756, 459528
17756, 459528
17756, 459528
17756, 459528
17756, 459528
17756, 459528
17756, 459528
17756, 459528
17756, 459528
17756, 459528
17756, 459528
17756, 459528
17756, 459528
17756, 459528
17756, 459528
17756, 459528
17756, 459528
17756, 459528
17756, 459528
17756, 459532
17756, 459532
17756, 459532
17756, 459532
17756, 459536
17756, 459536
17756, 459536
17756, 459536
17756, 459536
17756, 459540
17756, 459540
17756, 459540
17756, 459540
17756, 459540
17756, 459540
17756, 459540
17756, 459540
17756, 459540
17756, 459540
17756, 459540
17756, 459540
17756, 459540
17756, 459540
17756, 459544
17756, 459544
17756, 459544
17756, 459544
17756, 459544
17756, 459544
17756, 459544
17756, 459548
17756, 459548
17756, 459548
17756, 459548
17756, 459548
17756, 459548
17756, 459548
17756, 459548
17756, 459548
17756, 459548
17756, 459548
17756, 459548
17756, 459548
17756, 459548
17756, 459548
17756, 459548
17756, 459548
17756, 459552
17756, 459552
17756, 459552
17756, 459552
17756, 459552
17756, 459552
17756, 459552
17756, 459552
17756, 459552
17756, 459552
17756, 459552
17756, 459552
17756, 459552
17756, 459552
17756, 459552
17756, 459552
17756, 459552
17756, 459556
17756, 459556
17756, 459556
17756, 459556
17756, 459556
17756, 459556
17756, 459556
17756, 459556
17756, 459556
17756, 459556
17756, 459556
17756, 459556
17756, 459556
17756, 459556
17756, 459556
17756, 459556
17756, 459560
17756, 459560
17756, 459560
17756, 459560
17756, 459560
17756, 459560
17756, 459560
17756, 459560
17756, 459560
17756, 459560
17756, 459560
17756, 459560
17756, 459560
17756, 459560
17756, 459560
17756, 459560
17756, 459560
17756, 459560
17756, 459560
17756, 459560
17756, 459560
17756, 459560
17756, 459560
17756, 459564
17756, 459568
17756, 459568
17756, 459568
17756, 459568
17756, 459568
17756, 459568
17756, 459568
17756, 459568
17756, 459568
17756, 459568
17756, 459568
17756, 459568
17756, 459568
17756, 459568
17756, 459568
17756, 459568
17756, 459568
17756, 459568
17756, 459568
17756, 459568
17756, 459568
17756, 459568
17756, 459568
17756, 459568
17756, 459568
17756, 459568
17756, 459568
17756, 459576
17756, 459576
17756, 459576
17756, 459576
17756, 459576
17756, 459576
17756, 459576
17756, 459576
17756, 459576
17756, 459576
17756, 459576
17756, 459580
17756, 459584
17756, 459584
17756, 459584
17756, 459584
17756, 459584
17756, 459584
17756, 459584
17756, 459584
17756, 459584
17756, 459584
17756, 459588
17756, 459588
17756, 459588
17756, 459592
17756, 459592
17756, 459592
17756, 459592
17756, 459592
17756, 459592
17756, 459592
17756, 459592
17756, 459592
17756, 459592
17756, 459592
17756, 459592
17756, 459592
17756, 459592
17756, 459596
17756, 459604
17756, 459604
17756, 459604
17756, 459604
17756, 459604
17756, 459604
17756, 459604
17756, 459604
17756, 459604
17756, 459604
17756, 459604
17756, 459604
17756, 459604
17756, 459604
17756, 459604
17756, 459604
17756, 459604
17756, 459604
17756, 459604
17756, 459604
17756, 459604
17756, 459604
17756, 459604
17756, 459608
17756, 459608
17756, 459608
17756, 459608
17756, 459608
17756, 459608
17756, 459608
17756, 459608
17756, 459608
17756, 459608
17756, 459608
17756, 459608
17756, 459608
17756, 459608
17756, 459608
17756, 459608
17756, 459608
17756, 459616
17756, 459616
17756, 459616
17756, 459616
17756, 459616
17756, 459616
17756, 459616
17756, 459616
17756, 459616
17756, 459616
17756, 459616
17756, 459616
17756, 459616
17756, 459616
17756, 459616
17756, 459616
17756, 459616
17756, 459616
17756, 459616
17756, 459616
17756, 459616
17756, 459616
17756, 459616
17756, 459616
17756, 459616
17756, 459616
17756, 459616
17756, 459616
17756, 459616
17756, 459616
17756, 459616
17756, 459616
17756, 459620
17756, 459620
17756, 459620
17756, 459620
17756, 459620
17756, 459620
17756, 459620
17756, 459620
17756, 459620
17756, 459620
17756, 459620
17756, 459620
17756, 459620
17756, 459620
17756, 459620
17756, 459620
17756, 459620
17756, 459620
17756, 459620
17756, 459620
17756, 459620
17756, 459620
17756, 459620
17756, 459620
17756, 459620
17756, 459620
17756, 459620
17756, 459620
17756, 459620
17756, 459620
17756, 459620
17756, 459620
17756, 459620
17756, 459620
17756, 459620
17756, 459620
17756, 459620
17756, 459624
17756, 459624
17756, 459624
17756, 459628
17756, 459628
17756, 459628
17756, 459628
17756, 459628
17756, 459628
17756, 459628
17756, 459628
17756, 459628
17756, 459628
17756, 459628
17756, 459628
17756, 459628
17756, 459628
17756, 459628
17756, 459632
17756, 459632
17756, 459632
17756, 459632
17756, 459632
17756, 459632
17756, 459632
17756, 459632
17756, 459632
17756, 459632
17756, 459632
17756, 459632
17756, 459632
17756, 459632
17756, 459632
17756, 459632
17756, 459632
17756, 459632
17756, 459632
17756, 459632
17756, 459632
17756, 459632
17756, 459632
17756, 459632
17756, 459632
17756, 459632
17756, 459632
17756, 459632
17756, 459632
17756, 459632
17756, 459632
17756, 459632
17756, 459632
17756, 459636
17756, 459636
17756, 459636
17756, 459636
17756, 459640
17756, 459640
17756, 459644
17756, 459644
17756, 459644
17756, 459644
17756, 459644
17756, 459644
17756, 459644
17756, 459644
17756, 459648
17756, 459648
17756, 459648
17756, 459648
17756, 459648
17756, 459648
17756, 459648
17756, 459648
17756, 459648
17756, 459648
17756, 459648
17756, 459652
17756, 459652
17756, 459652
17756, 459652
17756, 459652
17756, 459652
17756, 459652
17756, 459652
17756, 459652
17756, 459652
17756, 459652
17756, 459652
17756, 459652
17756, 459652
17756, 459652
17756, 459652
17756, 459652
17756, 459652
17756, 459652
17756, 459652
17756, 459652
17756, 459652
17756, 459652
17756, 459652
17756, 459652
17756, 459656
17756, 459656
17756, 459656
17756, 459656
17756, 459656
17756, 459656
17756, 459656
17756, 459656
17756, 459656
17756, 459656
17756, 459656
17756, 459656
17756, 459660
17756, 459660
17756, 459660
17756, 459660
17756, 459660
17756, 459660
17756, 459660
17756, 459660
17756, 459660
17756, 459660
17756, 459660
17756, 459660
17756, 459664
17756, 459664
17756, 459664
17756, 459664
17756, 459664
17756, 459664
17756, 459664
17756, 459664
17756, 459664
17756, 459664
17756, 459664
17756, 459664
17756, 459664
17756, 459664
17756, 459664
17756, 459664
17756, 459664
17756, 459664
17756, 459668
17756, 459672
17756, 459672
17756, 459672
17756, 459672
17756, 459672
17756, 459672
17756, 459672
17756, 459672
17756, 459676
17756, 459676
17756, 459680
17756, 459680
17756, 459684
17756, 459684
17756, 459688
17756, 459688
17756, 459688
17756, 459692
17756, 459692
17756, 459692
17756, 459696
17756, 459700
17756, 459700
17756, 459700
17756, 459700
17756, 459704
17756, 459704
17756, 459704
17756, 459708
17756, 459708
17756, 459708
17756, 459708
17756, 459708
17756, 459708
17756, 459708
17756, 459708
17756, 459708
17756, 459708
17756, 459708
17756, 459708
17756, 459708
17756, 459708
17756, 459708
17756, 459708
17756, 459708
17756, 459708
17756, 459708
17756, 459712
17756, 459716
17756, 459716
17756, 459716
17756, 459716
17756, 459716
17756, 459716
17756, 459716
17756, 459716
17756, 459716
17756, 459716
17756, 459716
17756, 459716
17756, 459716
17756, 459716
17756, 459716
17756, 459716
17756, 459716
17756, 459716
17756, 459716
17756, 459716
17756, 459716
17756, 459720
17756, 459720
17756, 459720
17756, 459720
17756, 459720
17756, 459720
17756, 459720
17756, 459720
17756, 459720
17756, 459720
17756, 459720
17756, 459720
17756, 459720
17756, 459720
17756, 459724
17756, 459724
17756, 459724
17756, 459724
17756, 459724
17756, 459724
17756, 459724
17756, 459724
17756, 459724
17756, 459724
17756, 459724
17756, 459724
17756, 459724
17756, 459724
17756, 459728
17756, 459728
17756, 459728
17756, 459728
17756, 459728
17756, 459728
17756, 459728
17756, 459728
17756, 459728
17756, 459728
17756, 459728
17756, 459728
17756, 459728
17756, 459728
17756, 459728
17756, 459728
17756, 459728
17756, 459732
17756, 459732
17756, 459732
17756, 459732
17756, 459732
17756, 459732
17756, 459732
17756, 459732
17756, 459732
17756, 459732
17756, 459732
17756, 459732
17756, 459732
17756, 459732
17756, 459732
17756, 459732
17756, 459732
17756, 459732
17756, 459732
17756, 459732
17756, 459732
17756, 459732
17756, 459732
17756, 459732
17756, 459732
17756, 459732
17756, 459732
17756, 459732
17756, 459732
17756, 459736
17756, 459740
17756, 459740
17756, 459740
17756, 459740
17756, 459740
17756, 459740
17756, 459740
17756, 459740
17756, 459740
17756, 459740
17756, 459740
17756, 459740
17756, 459744
17756, 459744
17756, 459744
17756, 459744
17756, 459744
17756, 459744
17756, 459744
17756, 459744
17756, 459744
17756, 459744
17756, 459744
17756, 459744
17756, 459748
17756, 459748
17756, 459748
17756, 459748
17756, 459748
17756, 459748
17756, 459748
17756, 459748
17756, 459748
17756, 459748
17756, 459748
17756, 459748
17756, 459748
17756, 459748
17756, 459748
17756, 459748
17756, 459748
17756, 459748
17756, 459748
17756, 459748
17756, 459748
17756, 459748
17756, 459748
17756, 459748
17756, 459748
17756, 459748
17756, 459748
17756, 459748
17756, 459748
17756, 459748
17756, 459748
17756, 459748
17756, 459748
17756, 459748
17756, 459748
17756, 459752
17756, 459752
17756, 459756
17756, 459756
17756, 459756
17756, 459756
17756, 459756
17756, 459756
17756, 459756
17756, 459756
17756, 459756
17756, 459756
17756, 459756
17756, 459756
17756, 459756
17756, 459756
17756, 459756
17756, 459756
17756, 459756
17756, 459756
17756, 459756
17756, 459756
17756, 459756
17756, 459756
17756, 459756
17756, 459756
17756, 459756
17756, 459756
17756, 459756
17756, 459756
17756, 459756
17756, 459756
17756, 459756
17756, 459756
17756, 459756
17756, 459756
17756, 459756
17756, 459756
17756, 459756
17756, 459756
17756, 459756
17756, 459756
17756, 459756
17756, 459756
17756, 459756
17756, 459756
17756, 459756
17756, 459756
17756, 459756
17756, 459756
17756, 459756
17756, 459756
17756, 459756
17756, 459756
17756, 459768
17756, 459768
17756, 459768
17756, 459768
17756, 459768
17756, 459768
17756, 459768
17756, 459768
17756, 459768
17756, 459768
17756, 459768
17756, 459768
17756, 459768
17756, 459768
17756, 459768
17756, 459768
17756, 459768
17756, 459768
17756, 459768
17756, 459768
17756, 459768
17756, 459768
17756, 459768
17756, 459768
17756, 459768
17756, 459768
17756, 459768
17756, 459768
17756, 459768
17756, 459768
17756, 459768
17756, 459768
17756, 459772
17756, 459772
17756, 459772
17756, 459772
17756, 459772
17756, 459772
17756, 459772
17756, 459772
17756, 459772
17756, 459772
17756, 459772
17756, 459772
17756, 459772
17756, 459772
17756, 459772
17756, 459772
17756, 459772
17756, 459772
17756, 459772
17756, 459772
17756, 459772
17756, 459772
17756, 459772
17756, 459772
17756, 459772
17756, 459772
17756, 459772
17756, 459772
17756, 459772
17756, 459772
17756, 459772
17756, 459772
17756, 459772
17756, 459772
17756, 459772
17756, 459772
17756, 459772
17756, 459772
17756, 459772
17756, 459776
17756, 459780
17756, 459780
17756, 459780
17756, 459780
17756, 459780
17756, 459780
17756, 459780
17756, 459780
17756, 459780
17756, 459780
17756, 459780
17756, 459780
17756, 459780
17756, 459780
17756, 459780
17756, 459780
17756, 459780
17756, 459780
17756, 459780
17756, 459780
17756, 459780
17756, 459780
17756, 459780
17756, 459780
17756, 459780
17756, 459780
17756, 459780
17756, 459780
17756, 459784
17756, 459784
17756, 459784
17756, 459784
17756, 459784
17756, 459784
17756, 459784
17756, 459784
17756, 459784
17756, 459784
17756, 459784
17756, 459784
17756, 459784
17756, 459784
17756, 459784
17756, 459784
17756, 459784
17756, 459784
17756, 459784
17756, 459784
17756, 459784
17756, 459784
17756, 459784
17756, 459784
17756, 459784
17756, 459784
17756, 459784
17756, 459784
17756, 459784
17756, 459784
17756, 459784
17756, 459784
17756, 459784
17756, 459784
17756, 459784
17756, 459784
17756, 459784
17756, 459784
17756, 459788
17756, 459788
17756, 459788
17756, 459788
17756, 459788
17756, 459788
17756, 459788
17756, 459788
17756, 459788
17756, 459788
17756, 459788
17756, 459788
17756, 459788
17756, 459788
17756, 459788
17756, 459788
17756, 459788
17756, 459788
17756, 459788
17756, 459788
17756, 459788
17756, 459788
17756, 459788
17756, 459792
17756, 459792
17756, 459792
17756, 459792
17756, 459792
17756, 459792
17756, 459792
17756, 459792
17756, 459792
17756, 459792
17756, 459792
17756, 459792
17756, 459792
17756, 459792
17756, 459796
17756, 459796
17756, 459796
17756, 459796
17756, 459796
17756, 459796
17756, 459796
17756, 459796
17756, 459796
17756, 459796
17756, 459796
17756, 459796
17756, 459796
17756, 459796
17756, 459796
17756, 459796
17756, 459796
17756, 459796
17756, 459796
17756, 459796
17756, 459796
17756, 459796
17756, 459796
17756, 459796
17756, 459796
17756, 459796
17756, 459796
17756, 459796
17756, 459796
17756, 459796
17756, 459796
17756, 459796
17756, 459796
17756, 459796
17756, 459796
17756, 459796
17756, 459796
17756, 459796
17756, 459796
17756, 459796
17756, 459796
17756, 459796
17756, 459796
17756, 459796
17756, 459796
17756, 459796
17756, 459796
17756, 459796
17756, 459796
17756, 459796
17756, 459796
17756, 459796
17756, 459796
17756, 459800
17756, 459800
17756, 459800
17756, 459800
17756, 459800
17756, 459800
17756, 459800
17756, 459800
17756, 459800
17756, 459804
17756, 459804
17756, 459808
17756, 459808
17756, 459808
17756, 459808
17756, 459808
17756, 459808
17756, 459808
17756, 459808
17756, 459808
17756, 459808
17756, 459808
17756, 459808
17756, 459808
17756, 459808
17756, 459808
17756, 459808
17756, 459808
17756, 459808
17756, 459808
17756, 459808
17756, 459812
17756, 459812
17756, 459812
17756, 459812
17756, 459812
17756, 459812
17756, 459812
17756, 459812
17756, 459812
17756, 459812
17756, 459812
17756, 459812
17756, 459812
17756, 459812
17756, 459812
17756, 459812
17756, 459812
17756, 459812
17756, 459812
17756, 459812
17756, 459816
17756, 459816
17756, 459816
17756, 459816
17756, 459816
17756, 459816
17756, 459816
17756, 459816
17756, 459816
17756, 459816
17756, 459816
17756, 459816
17756, 459816
17756, 459816
17756, 459816
17756, 459816
17756, 459816
17756, 459816
17756, 459816
17756, 459816
17756, 459816
17756, 459816
17756, 459816
17756, 459820
17756, 459820
17756, 459820
17756, 459820
17756, 459820
17756, 459820
17756, 459820
17756, 459820
17756, 459820
17756, 459820
17756, 459820
17756, 459820
17756, 459820
17756, 459820
17756, 459820
17756, 459820
17756, 459824
17756, 459824
17756, 459824
17756, 459824
17756, 459824
17756, 459824
17756, 459824
17756, 459824
17756, 459824
17756, 459824
17756, 459828
17756, 459828
17756, 459828
17756, 459828
17756, 459828
17756, 459828
17756, 459828
17756, 459832
17756, 459836
17756, 459836
17756, 459836
17756, 459836
17756, 459836
17756, 459836
17756, 459836
17756, 459836
17756, 459836
17756, 459836
17756, 459836
17756, 459836
17756, 459836
17756, 459836
17756, 459836
17756, 459840
17756, 459840
17756, 459840
17756, 459840
17756, 459840
17756, 459840
17756, 459840
17756, 459840
17756, 459840
17756, 459844
17756, 459844
17756, 459844
17756, 459844
17756, 459844
17756, 459844
17756, 459844
17756, 459844
17756, 459844
17756, 459848
17756, 459848
17756, 459848
17756, 459848
17756, 459848
17756, 459848
17756, 459852
17756, 459852
17756, 459852
17756, 459852
17756, 459852
17756, 459852
17756, 459852
17756, 459852
17756, 459852
17756, 459852
17756, 459852
17756, 459852
17756, 459852
17756, 459852
17756, 459852
17756, 459852
17756, 459852
17756, 459852
17756, 459852
17756, 459852
17756, 459852
17756, 459852
17756, 459852
17756, 459852
17756, 459852
17756, 459852
17756, 459852
17756, 459852
17756, 459852
17756, 459852
17756, 459852
17756, 459856
17756, 459856
17756, 459856
17756, 459856
17756, 459856
17756, 459856
17756, 459856
17756, 459856
17756, 459856
17756, 459856
17756, 459856
17756, 459860
17756, 459860
17756, 459860
17756, 459860
17756, 459860
17756, 459864
17756, 459864
17756, 459864
17756, 459864
17756, 459868
17756, 459868
17756, 459868
17756, 459868
17756, 459868
17756, 459868
17756, 459868
17756, 459868
17756, 459868
17756, 459868
17756, 459868
17756, 459868
17756, 459868
17756, 459868
17756, 459868
17756, 459868
17756, 459868
17756, 459868
17756, 459868
17756, 459868
17756, 459868
17756, 459868
17756, 459868
17756, 459868
17756, 459868
17756, 459868
17756, 459872
17756, 459872
17756, 459872
17756, 459872
17756, 459872
17756, 459872
17756, 459872
17756, 459872
17756, 459872
17756, 459872
17756, 459872
17756, 459872
17756, 459872
17756, 459872
17756, 459872
17756, 459872
17756, 459872
17756, 459872
17756, 459872
17756, 459872
17756, 459872
17756, 459872
17756, 459872
17756, 459872
17756, 459872
17756, 459872
17756, 459872
17756, 459872
17756, 459872
17756, 459872
17756, 459872
17756, 459872
17756, 459872
17756, 459872
17756, 459872
17756, 459872
17756, 459872
17756, 459872
17756, 459872
17756, 459872
17756, 459872
17756, 459876
17756, 459876
17756, 459876
17756, 459876
17756, 459876
17756, 459880
17756, 459880
17756, 459880
17756, 459880
17756, 459880
17756, 459880
17756, 459884
17756, 459884
17756, 459884
17756, 459884
17756, 459884
17756, 459884
17756, 459884
17756, 459884
17756, 459884
17756, 459884
17756, 459884
17756, 459884
17756, 459884
17756, 459884
17756, 459884
17756, 459884
17756, 459888
17756, 459888
17756, 459888
17756, 459892
17756, 459892
17756, 459892
17756, 459892
17756, 459892
17756, 459892
17756, 459892
17756, 459892
17756, 459892
17756, 459892
17756, 459892
17756, 459892
17756, 459892
17756, 459892
17756, 459892
17756, 459892
17756, 459892
17756, 459892
17756, 459892
17756, 459896
17756, 459896
17756, 459896
17756, 459896
17756, 459896
17756, 459896
17756, 459896
17756, 459896
17756, 459896
17756, 459896
17756, 459896
17756, 459896
17756, 459896
17756, 459900
17756, 459900
17756, 459900
17756, 459900
17756, 459900
17756, 459900
17756, 459900
17756, 459900
17756, 459900
17756, 459900
17756, 459900
17756, 459900
17756, 459900
17756, 459900
17756, 459900
17756, 459900
17756, 459900
17756, 459900
17756, 459900
17756, 459900
17756, 459900
17756, 459900
17756, 459900
17756, 459900
17756, 459900
17756, 459900
17756, 459900
17756, 459900
17756, 459900
17756, 459900
17756, 459900
17756, 459900
17756, 459900
17756, 459900
17756, 459900
17756, 459900
17756, 459900
17756, 459900
17756, 459900
17756, 459900
17756, 459900
17756, 459900
17756, 459900
17756, 459900
17756, 459900
17756, 459900
17756, 459900
17756, 459900
17756, 459900
17756, 459900
17756, 459900
17756, 459900
17756, 459900
17756, 459900
17756, 459900
17756, 459900
17756, 459900
17756, 459900
17756, 459900
17756, 459900
17756, 459900
17756, 459900
17756, 459900
17756, 459900
17756, 459904
17756, 459904
17756, 459904
17756, 459904
17756, 459904
17756, 459904
17756, 459904
17756, 459904
17756, 459904
17756, 459904
17756, 459904
17756, 459904
17756, 459904
17756, 459904
17756, 459904
17756, 459908
17756, 459908
17756, 459908
17756, 459908
17756, 459908
17756, 459908
17756, 459908
17756, 459908
17756, 459908
17756, 459908
17756, 459908
17756, 459908
17756, 459908
17756, 459908
17756, 459908
17756, 459908
17756, 459908
17756, 459908
17756, 459908
17756, 459908
17756, 459908
17756, 459912
17756, 459912
17756, 459912
17756, 459912
17756, 459912
17756, 459912
17756, 459912
17756, 459912
17756, 459912
17756, 459912
17756, 459912
17756, 459912
17756, 459912
17756, 459912
17756, 459912
17756, 459912
17756, 459912
17756, 459912
17756, 459912
17756, 459912
17756, 459912
17756, 459912
17756, 459912
17756, 459912
17756, 459912
17756, 459912
17756, 459912
17756, 459912
17756, 459912
17756, 459912
17756, 459912
17756, 459912
17756, 459912
17756, 459912
17756, 459912
17756, 459912
17756, 459912
17756, 459912
17756, 459916
17756, 459916
17756, 459916
17756, 459916
17756, 459916
17756, 459916
17756, 459916
17756, 459916
17756, 459916
17756, 459916
17756, 459916
17756, 459916
17756, 459916
17756, 459916
17756, 459916
17756, 459916
17756, 459916
17756, 459916
17756, 459916
17756, 459916
17756, 459916
17756, 459916
17756, 459916
17756, 459916
17756, 459916
17756, 459916
17756, 459916
17756, 459916
17756, 459916
17756, 459916
17756, 459916
17756, 459916
17756, 459916
17756, 459916
17756, 459916
17756, 459916
17756, 459916
17756, 459916
17756, 459916
17756, 459916
17756, 459916
17756, 459916
17756, 459916
17756, 459916
17756, 459916
17756, 459916
17756, 459916
17756, 459916
17756, 459916
17756, 459916
17756, 459916
17756, 459916
17756, 459916
17756, 459916
17756, 459916
17756, 459916
17756, 459916
17756, 459916
17756, 459916
17756, 459916
17756, 459916
17756, 459916
17756, 459916
17756, 459916
17756, 459916
17756, 459916
17756, 459916
17756, 459920
17756, 459920
17756, 459920
17756, 459920
17756, 459920
17756, 459920
17756, 459920
17756, 459920
17756, 459920
17756, 459920
17756, 459920
17756, 459920
17756, 459920
17756, 459920
17756, 459920
17756, 459920
17756, 459920
17756, 459920
17756, 459924
17756, 459924
17756, 459924
17756, 459924
17756, 459924
17756, 459924
17756, 459924
17756, 459924
17756, 459924
17756, 459924
17756, 459924
17756, 459924
17756, 459924
17756, 459924
17756, 459924
17756, 459924
17756, 459924
17756, 459924
17756, 459924
17756, 459924
17756, 459924
17756, 459924
17756, 459924
17756, 459924
17756, 459928
17756, 459928
17756, 459928
17756, 459928
17756, 459928
17756, 459928
17756, 459928
17756, 459928
17756, 459928
17756, 459928
17756, 459928
17756, 459928
17756, 459928
17756, 459928
17756, 459928
17756, 459928
17756, 459928
17756, 459928
17756, 459928
17756, 459928
17756, 459928
17756, 459928
17756, 459928
17756, 459928
17756, 459928
17756, 459928
17756, 459928
17756, 459928
17756, 459928
17756, 459928
17756, 459928
17756, 459928
17756, 459928
17756, 459928
17756, 459928
17756, 459932
17756, 459932
17756, 459932
17756, 459932
17756, 459932
17756, 459932
17756, 459932
17756, 459932
17756, 459932
17756, 459932
17756, 459932
17756, 459932
17756, 459932
17756, 459932
17756, 459932
17756, 459932
17756, 459932
17756, 459932
17756, 459932
17756, 459932
17756, 459932
17756, 459932
17756, 459932
17756, 459932
17756, 459932
17756, 459932
17756, 459932
17756, 459932
17756, 459932
17756, 459932
17756, 459932
17756, 459932
17756, 459932
17756, 459932
17756, 459932
17756, 459932
17756, 459932
17756, 459932
17756, 459932
17756, 459932
17756, 459932
17756, 459932
17756, 459932
17756, 459932
17756, 459936
17756, 459936
17756, 459936
17756, 459936
17756, 459936
17756, 459936
17756, 459936
17756, 459936
17756, 459936
17756, 459936
17756, 459936
17756, 459936
17756, 459936
17756, 459936
17756, 459936
17756, 459936
17756, 459936
17756, 459936
17756, 459936
17756, 459940
17756, 459940
17756, 459940
17756, 459944
17756, 459944
17756, 459944
17756, 459944
17756, 459944
17756, 459944
17756, 459944
17756, 459944
17756, 459944
17756, 459944
17756, 459944
17756, 459944
17756, 459944
17756, 459944
17756, 459944
17756, 459944
17756, 459944
17756, 459944
17756, 459944
17756, 459944
17756, 459944
17756, 459948
17756, 459948
17756, 459952
17756, 459952
17756, 459952
17756, 459952
17756, 459952
17756, 459952
17756, 459952
17756, 459952
17756, 459952
17756, 459952
17756, 459952
17756, 459952
17756, 459952
17756, 459956
17756, 459956
17756, 459956
17756, 459956
17756, 459956
17756, 459956
17756, 459956
17756, 459956
17756, 459956
17756, 459956
17756, 459956
17756, 459956
17756, 459956
17756, 459956
17756, 459956
17756, 459956
17756, 459960
17756, 459964
17756, 459964
17756, 459964
17756, 459964
17756, 459964
17756, 459964
17756, 459964
17756, 459964
17756, 459964
17756, 459964
17756, 459964
17756, 459964
17756, 459964
17756, 459964
17756, 459968
17756, 459968
17756, 459968
17756, 459968
17756, 459968
17756, 459968
17756, 459968
17756, 459968
17756, 459968
17756, 459968
17756, 459968
17756, 459968
17756, 459972
17756, 459972
17756, 459972
17756, 459972
17756, 459972
17756, 459972
17756, 459972
17756, 459972
17756, 459976
17756, 459976
17756, 459976
17756, 459976
17756, 459976
17756, 459976
17756, 459976
17756, 459976
17756, 459976
17756, 459976
17756, 459976
17756, 459976
17756, 459976
17756, 459976
17756, 459976
17756, 459976
17756, 459976
17756, 459976
17756, 459976
17756, 459976
17756, 459976
17756, 459976
17756, 459976
17756, 459976
17756, 459976
17756, 459976
17756, 459976
17756, 459976
17756, 459976
17756, 459976
17756, 459984
17756, 459984
17756, 459984
17756, 459984
17756, 459984
17756, 459984
17756, 459984
17756, 459988
17756, 459988
17756, 459988
17756, 459988
17756, 459992
17756, 459992
17756, 459992
17756, 459992
17756, 459992
17756, 459992
17756, 459992
17756, 459992
17756, 459992
17756, 459992
17756, 459996
17756, 459996
17756, 459996
17756, 459996
17756, 459996
17756, 459996
17756, 459996
17756, 459996
17756, 459996
17756, 459996
17756, 459996
17756, 459996
17756, 459996
17756, 459996
17756, 459996
17756, 459996
17756, 459996
17756, 459996
17756, 459996
17756, 459996
17756, 459996
17756, 459996
17756, 459996
17756, 459996
17756, 459996
17756, 459996
17756, 459996
17756, 459996
17756, 459996
17756, 459996
17756, 459996
17756, 459996
17756, 459996
17756, 459996
17756, 459996
17756, 459996
17756, 459996
17756, 459996
17756, 459996
17756, 459996
17756, 459996
17756, 460000
17756, 460000
17756, 460000
17756, 460000
17756, 460000
17756, 460000
17756, 460000
17756, 460000
17756, 460000
17756, 460000
17756, 460000
17756, 460000
17756, 460000
17756, 460000
17756, 460000
17756, 460000
17756, 460000
17756, 460000
17756, 460000
17756, 460000
17756, 460000
17756, 460000
17756, 460000
17756, 460000
17756, 460000
17756, 460000
17756, 460000
17756, 460000
17756, 460004
17756, 460004
17756, 460008
17756, 460008
17756, 460008
17756, 460008
17756, 460008
17756, 460008
17756, 460008
17756, 460008
17756, 460008
17756, 460008
17756, 460008
17756, 460008
17756, 460008
17756, 460008
17756, 460008
17756, 460012
17756, 460012
17756, 460012
17756, 460012
17756, 460012
17756, 460012
17756, 460012
17756, 460012
17756, 460012
17756, 460012
17756, 460012
17756, 460012
17756, 460012
17756, 460012
17756, 460012
17756, 460012
17756, 460012
17756, 460012
17756, 460012
17756, 460012
17756, 460012
17756, 460012
17756, 460012
17756, 460012
17756, 460012
17756, 460012
17756, 460012
17756, 460012
17756, 460012
17756, 460012
17756, 460012
17756, 460012
17756, 460012
17756, 460012
17756, 460012
17756, 460012
17756, 460012
17756, 460012
17756, 460012
17756, 460012
17756, 460012
17756, 460012
17756, 460012
17756, 460012
17756, 460012
17756, 460012
17756, 460012
17756, 460012
17756, 460012
17756, 460012
17756, 460012
17756, 460012
17756, 460012
17756, 460012
17756, 460012
17756, 460012
17756, 460012
17756, 460012
17756, 460012
17756, 460012
17756, 460012
17756, 460012
17756, 460012
17756, 460012
17756, 460012
17756, 460012
17756, 460012
17756, 460012
17756, 460012
17756, 460016
17756, 460016
17756, 460016
17756, 460016
17756, 460016
17756, 460016
17756, 460016
17756, 460020
17756, 460020
17756, 460020
17756, 460020
17756, 460024
17756, 460024
17756, 460028
17756, 460028
17756, 460028
17756, 460028
17756, 460028
17756, 460028
17756, 460028
17756, 460028
17756, 460028
17756, 460028
17756, 460028
17756, 460028
17756, 460028
17756, 460032
17756, 460032
17756, 460032
17756, 460032
17756, 460032
17756, 460032
17756, 460032
17756, 460032
17756, 460032
17756, 460032
17756, 460032
17756, 460032
17756, 460032
17756, 460032
17756, 460032
17756, 460032
17756, 460032
17756, 460032
17756, 460036
17756, 460036
17756, 460036
17756, 460036
17756, 460036
17756, 460036
17756, 460036
17756, 460036
17756, 460036
17756, 460036
17756, 460036
17756, 460036
17756, 460036
17756, 460036
17756, 460036
17756, 460036
17756, 460036
17756, 460036
17756, 460036
17756, 460036
17756, 460036
17756, 460036
17756, 460036
17756, 460036
17756, 460036
17756, 460036
17756, 460036
17756, 460036
17756, 460036
17756, 460040
17756, 460040
17756, 460040
17756, 460040
17756, 460040
17756, 460040
17756, 460040
17756, 460040
17756, 460040
17756, 460040
17756, 460040
17756, 460044
17756, 460044
17756, 460044
17756, 460044
17756, 460044
17756, 460044
17756, 460044
17756, 460044
17756, 460044
17756, 460044
17756, 460044
17756, 460044
17756, 460044
17756, 460044
17756, 460044
17756, 460044
17756, 460044
17756, 460044
17756, 460044
17756, 460044
17756, 460044
17756, 460044
17756, 460044
17756, 460044
17756, 460044
17756, 460044
17756, 460044
17756, 460044
17756, 460044
17756, 460044
17756, 460044
17756, 460044
17756, 460044
17756, 460044
17756, 460044
17756, 460044
17756, 460044
17756, 460044
17756, 460044
17756, 460044
17756, 460044
17756, 460044
17756, 460044
17756, 460044
17756, 460044
17756, 460044
17756, 460044
17756, 460044
17756, 460044
17756, 460044
17756, 460044
17756, 460044
17756, 460044
17756, 460044
17756, 460044
17756, 460044
17756, 460044
17756, 460044
17756, 460044
17756, 460044
17756, 460044
17756, 460044
17756, 460044
17756, 460044
17756, 460044
17756, 460044
17756, 460044
17756, 460044
17756, 460044
17756, 460044
17756, 460044
17756, 460044
17756, 460044
17756, 460044
17756, 460044
17756, 460044
17756, 460044
17756, 460044
17756, 460044
17756, 460044
17756, 460044
17756, 460044
17756, 460044
17756, 460044
17756, 460044
17756, 460044
17756, 460044
17756, 460044
17756, 460044
17756, 460044
17756, 460044
17756, 460044
17756, 460044
17756, 460048
17756, 460048
17756, 460048
17756, 460048
17756, 460048
17756, 460048
17756, 460048
17756, 460052
17756, 460052
17756, 460052
17756, 460052
17756, 460052
17756, 460052
17756, 460056
17756, 460056
17756, 460056
17756, 460056
17756, 460056
17756, 460056
17756, 460056
17756, 460056
17756, 460056
17756, 460056
17756, 460056
17756, 460056
17756, 460056
17756, 460056
17756, 460056
17756, 460056
17756, 460056
17756, 460056
17756, 460056
17756, 460056
17756, 460056
17756, 460056
17756, 460056
17756, 460056
17756, 460056
17756, 460056
17756, 460056
17756, 460056
17756, 460056
17756, 460056
17756, 460056
17756, 460056
17756, 460056
17756, 460056
17756, 460056
17756, 460056
17756, 460060
17756, 460060
17756, 460060
17756, 460060
17756, 460060
17756, 460060
17756, 460060
17756, 460060
17756, 460060
17756, 460060
17756, 460060
17756, 460060
17756, 460060
17756, 460060
17756, 460060
17756, 460060
17756, 460060
17756, 460060
17756, 460060
17756, 460060
17756, 460060
17756, 460060
17756, 460060
17756, 460060
17756, 460060
17756, 460060
17756, 460060
17756, 460060
17756, 460060
17756, 460060
17756, 460060
17756, 460060
17756, 460060
17756, 460060
17756, 460060
17756, 460060
17756, 460060
17756, 460060
17756, 460060
17756, 460060
17756, 460060
17756, 460060
17756, 460060
17756, 460060
17756, 460060
17756, 460060
17756, 460060
17756, 460060
17756, 460060
17756, 460060
17756, 460060
17756, 460060
17756, 460060
17756, 460064
17756, 460064
17756, 460064
17756, 460064
17756, 460064
17756, 460064
17756, 460064
17756, 460064
17756, 460064
17756, 460064
17756, 460064
17756, 460064
17756, 460064
17756, 460064
17756, 460064
17756, 460064
17756, 460064
17756, 460064
17756, 460064
17756, 460064
17756, 460064
17756, 460064
17756, 460064
17756, 460064
17756, 460064
17756, 460064
17756, 460064
17756, 460064
17756, 460064
17756, 460064
17756, 460064
17756, 460064
17756, 460064
17756, 460064
17756, 460064
17756, 460064
17756, 460064
17756, 460064
17756, 460064
17756, 460064
17756, 460064
17756, 460064
17756, 460064
17756, 460064
17756, 460064
17756, 460064
17756, 460064
17756, 460064
17756, 460064
17756, 460064
17756, 460064
17756, 460064
17756, 460064
17756, 460064
17756, 460064
17756, 460064
17756, 460064
17756, 460064
17756, 460064
17756, 460064
17756, 460064
17756, 460064
17756, 460064
17756, 460064
17756, 460064
17756, 460064
17756, 460064
17756, 460064
17756, 460064
17756, 460064
17756, 460064
17756, 460064
17756, 460064
17756, 460064
17756, 460064
17756, 460064
17756, 460064
17756, 460064
17756, 460064
17756, 460064
17756, 460064
17756, 460064
17756, 460064
17756, 460064
17756, 460064
17756, 460064
17756, 460064
17756, 460064
17756, 460064
17756, 460064
17756, 460064
17756, 460064
17756, 460064
17756, 460064
17756, 460064
17756, 460064
17756, 460064
17756, 460064
17756, 460064
17756, 460064
17756, 460064
17756, 460064
17756, 460064
17756, 460064
17756, 460064
17756, 460064
17756, 460064
17756, 460064
17756, 460064
17756, 460064
17756, 460064
17756, 460064
17756, 460064
17756, 460064
17756, 460064
17756, 460068
17756, 460068
17756, 460068
17756, 460068
17756, 460068
17756, 460068
17756, 460068
17756, 460068
17756, 460068
17756, 460068
17756, 460068
17756, 460068
17756, 460068
17756, 460072
17756, 460072
17756, 460072
17756, 460072
17756, 460072
17756, 460072
17756, 460072
17756, 460072
17756, 460072
17756, 460072
17756, 460076
17756, 460076
17756, 460076
17756, 460076
17756, 460076
17756, 460076
17756, 460076
17756, 460076
17756, 460076
17756, 460076
17756, 460076
17756, 460076
17756, 460076
17756, 460076
17756, 460076
17756, 460076
17756, 460076
17756, 460076
17756, 460076
17756, 460076
17756, 460076
17756, 460076
17756, 460076
17756, 460076
17756, 460076
17756, 460076
17756, 460076
17756, 460076
17756, 460076
17756, 460076
17756, 460076
17756, 460076
17756, 460080
17756, 460080
17756, 460080
17756, 460080
17756, 460080
17756, 460080
17756, 460080
17756, 460080
17756, 460080
17756, 460080
17756, 460080
17756, 460080
17756, 460080
17756, 460080
17756, 460080
17756, 460080
17756, 460080
17756, 460080
17756, 460080
17756, 460080
17756, 460080
17756, 460080
17756, 460080
17756, 460080
17756, 460080
17756, 460080
17756, 460080
17756, 460080
17756, 460080
17756, 460080
17756, 460080
17756, 460080
17756, 460080
17756, 460080
17756, 460080
17756, 460080
17756, 460080
17756, 460080
17756, 460080
17756, 460080
17756, 460080
17756, 460080
17756, 460080
17756, 460080
17756, 460080
17756, 460080
17756, 460080
17756, 460080
17756, 460080
17756, 460080
17756, 460080
17756, 460080
17756, 460080
17756, 460080
17756, 460080
17756, 460080
17756, 460080
17756, 460080
17756, 460080
17756, 460080
17756, 460080
17756, 460080
17756, 460080
17756, 460080
17756, 460080
17756, 460080
17756, 460080
17756, 460080
17756, 460080
17756, 460080
17756, 460080
17756, 460080
17756, 460080
17756, 460080
17756, 460080
17756, 460080
17756, 460080
17756, 460080
17756, 460080
17756, 460080
17756, 460080
17756, 460080
17756, 460080
17756, 460080
17756, 460080
17756, 460084
17756, 460084
17756, 460084
17756, 460084
17756, 460084
17756, 460084
17756, 460084
17756, 460084
17756, 460084
17756, 460084
17756, 460084
17756, 460084
17756, 460084
17756, 460084
17756, 460084
17756, 460084
17756, 460084
17756, 460084
17756, 460084
17756, 460084
17756, 460084
17756, 460088
17756, 460088
17756, 460088
17756, 460092
17756, 460092
17756, 460092
17756, 460092
17756, 460092
17756, 460092
17756, 460092
17756, 460092
17756, 460092
17756, 460092
17756, 460092
17756, 460092
17756, 460092
17756, 460092
17756, 460092
17756, 460092
17756, 460092
17756, 460092
17756, 460092
17756, 460092
17756, 460092
17756, 460092
17756, 460092
17756, 460092
17756, 460092
17756, 460092
17756, 460092
17756, 460092
17756, 460092
17756, 460092
17756, 460092
17756, 460092
17756, 460092
17756, 460092
17756, 460092
17756, 460092
17756, 460092
17756, 460092
17756, 460092
17756, 460092
17756, 460092
17756, 460092
17756, 460092
17756, 460092
17756, 460092
17756, 460092
17756, 460092
17756, 460092
17756, 460092
17756, 460092
17756, 460092
17756, 460092
17756, 460092
17756, 460092
17756, 460092
17756, 460092
17756, 460092
17756, 460092
17756, 460092
17756, 460092
17756, 460092
17756, 460092
17756, 460092
17756, 460092
17756, 460092
17756, 460092
17756, 460092
17756, 460092
17756, 460092
17756, 460092
17756, 460092
17756, 460092
17756, 460092
17756, 460092
17756, 460092
17756, 460092
17756, 460092
17756, 460092
17756, 460092
17756, 460092
17756, 460092
17756, 460092
17756, 460092
17756, 460092
17756, 460092
17756, 460092
17756, 460092
17756, 460092
17756, 460092
17756, 460092
17756, 460092
17756, 460092
17756, 460092
17756, 460092
17756, 460092
17756, 460092
17756, 460092
17756, 460092
17756, 460092
17756, 460092
17756, 460092
17756, 460092
17756, 460092
17756, 460092
17756, 460092
17756, 460092
17756, 460092
17756, 460092
17756, 460092
17756, 460092
17756, 460092
17756, 460092
17756, 460092
17756, 460092
17756, 460092
17756, 460092
17756, 460092
17756, 460092
17756, 460092
17756, 460092
17756, 460092
17756, 460092
17756, 460092
17756, 460092
17756, 460092
17756, 460092
17756, 460092
17756, 460092
17756, 460092
17756, 460092
17756, 460092
17756, 460092
17756, 460092
17756, 460092
17756, 460092
17756, 460092
17756, 460092
17756, 460092
17756, 460092
17756, 460092
17756, 460092
17756, 460092
17756, 460092
17756, 460092
17756, 460092
17756, 460092
17756, 460092
17756, 460092
17756, 460092
17756, 460092
17756, 460092
17756, 460092
17756, 460092
17756, 460092
17756, 460092
17756, 460092
17756, 460092
17756, 460092
17756, 460092
17756, 460092
17756, 460092
17756, 460092
17756, 460092
17756, 460092
17756, 460092
17756, 460092
17756, 460092
17756, 460092
17756, 460092
17756, 460092
17756, 460092
17756, 460092
17756, 460092
17756, 460092
17756, 460092
17756, 460092
17756, 460092
17756, 460092
17756, 460092
17756, 460092
17756, 460092
17756, 460092
17756, 460092
17756, 460092
17756, 460092
17756, 460092
17756, 460092
17756, 460092
17756, 460092
17756, 460092
17756, 460092
17756, 460092
17756, 460092
17756, 460092
17756, 460092
17756, 460092
17756, 460092
17756, 460092
17756, 460092
17756, 460092
17756, 460092
17756, 460092
17756, 460092
17756, 460092
17756, 460092
17756, 460092
17756, 460092
17756, 460092
17756, 460092
17756, 460092
17756, 460092
17756, 460092
17756, 460092
17756, 460092
17756, 460092
17756, 460092
17756, 460092
17756, 460092
17756, 460092
17756, 460092
17756, 460092
17756, 460092
17756, 460092
17756, 460092
17756, 460092
17756, 460092
17756, 460092
17756, 460092
17756, 460092
17756, 460092
17756, 460092
17756, 460092
17756, 460092
17756, 460092
17756, 460092
17756, 460092
17756, 460092
17756, 460092
17756, 460092
17756, 460092
17756, 460092
17756, 460092
17756, 460092
17756, 460092
17756, 460092
17756, 460092
17756, 460092
17756, 460092
17756, 460092
17756, 460092
17756, 460092
17756, 460092
17756, 460092
17756, 460092
17756, 460092
17756, 460092
17756, 460092
17756, 460092
17756, 460092
17756, 460092
17756, 460092
17756, 460092
17756, 460092
17756, 460092
17756, 460092
17756, 460092
17756, 460092
17756, 460092
17756, 460092
17756, 460092
17756, 460092
17756, 460092
17756, 460092
17756, 460092
17756, 460092
17756, 460092
17756, 460092
17756, 460092
17756, 460092
17756, 460092
17756, 460092
17756, 460092
17756, 460092
17756, 460092
17756, 460092
17756, 460092
17756, 460092
17756, 460092
17756, 460092
17756, 460092
17756, 460092
17756, 460092
17756, 460092
17756, 460092
17756, 460092
17756, 460092
17756, 460092
17756, 460092
17756, 460092
17756, 460092
17756, 460092
17756, 460092
17756, 460092
17756, 460092
17756, 460092
17756, 460092
17756, 460092
17756, 460092
17756, 460092
17756, 460092
17756, 460092
17756, 460092
17756, 460092
17756, 460092
17756, 460092
17756, 460092
17756, 460092
17756, 460092
17756, 460092
17756, 460092
17756, 460092
17756, 460092
17756, 460092
17756, 460096
17756, 460096
17756, 460096
17756, 460096
17756, 460096
17756, 460096
17756, 460096
17756, 460096
17756, 460100
17756, 460100
17756, 460100
17756, 460100
17756, 460100
17756, 460100
17756, 460100
17756, 460100
17756, 460100
17756, 460100
17756, 460100
17756, 460100
17756, 460100
17756, 460100
17756, 460100
17756, 460100
17756, 460100
17756, 460100
17756, 460100
17756, 460100
17756, 460100
17756, 460100
17756, 460100
17756, 460100
17756, 460100
17756, 460100
17756, 460100
17756, 460100
17756, 460100
17756, 460100
17756, 460100
17756, 460100
17756, 460100
17756, 460100
17756, 460100
17756, 460100
17756, 460100
17756, 460100
17756, 460100
17756, 460100
17756, 460100
17756, 460100
17756, 460100
17756, 460100
17756, 460100
17756, 460100
17756, 460100
17756, 460100
17756, 460100
17756, 460100
17756, 460100
17756, 460100
17756, 460100
17756, 460100
17756, 460100
17756, 460100
17756, 460100
17756, 460100
17756, 460100
17756, 460100
17756, 460100
17756, 460100
17756, 460100
17756, 460100
17756, 460100
17756, 460100
17756, 460100
17756, 460100
17756, 460100
17756, 460100
17756, 460100
17756, 460100
17756, 460100
17756, 460100
17756, 460100
17756, 460100
17756, 460100
17756, 460100
17756, 460100
17756, 460100
17756, 460100
17756, 460100
17756, 460100
17756, 460100
17756, 460100
17756, 460100
17756, 460100
17756, 460100
17756, 460100
17756, 460100
17756, 460100
17756, 460100
17756, 460100
17756, 460100
17756, 460100
17756, 460100
17756, 460100
17756, 460100
17756, 460100
17756, 460100
17756, 460100
17756, 460100
17756, 460100
17756, 460100
17756, 460100
17756, 460100
17756, 460100
17756, 460100
17756, 460100
17756, 460100
17756, 460100
17756, 460100
17756, 460100
17756, 460100
17756, 460100
17756, 460100
17756, 460100
17756, 460100
17756, 460100
17756, 460100
17756, 460100
17756, 460100
17756, 460100
17756, 460100
17756, 460100
17756, 460100
17756, 460100
17756, 460100
17756, 460100
17756, 460100
17756, 460100
17756, 460100
17756, 460104
17756, 460104
17756, 460104
17756, 460104
17756, 460104
17756, 460104
17756, 460104
17756, 460108
17756, 460108
17756, 460108
17756, 460108
17756, 460108
17756, 460108
17756, 460108
17756, 460112
17756, 460112
17756, 460112
17756, 460116
17756, 460116
17756, 460120
17756, 460120
17756, 460120
17756, 460120
17756, 460120
17756, 460120
17756, 460120
17756, 460120
17756, 460120
17756, 460120
17756, 460120
17756, 460120
17756, 460120
17756, 460120
17756, 460120
17756, 460120
17756, 460120
17756, 460120
17756, 460120
17756, 460120
17756, 460120
17756, 460120
17756, 460120
17756, 460120
17756, 460120
17756, 460120
17756, 460120
17756, 460120
17756, 460120
17756, 460120
17756, 460120
17756, 460120
17756, 460120
17756, 460120
17756, 460120
17756, 460120
17756, 460120
17756, 460120
17756, 460120
17756, 460120
17756, 460120
17756, 460120
17756, 460120
17756, 460120
17756, 460120
17756, 460120
17756, 460120
17756, 460120
17756, 460120
17756, 460120
17756, 460120
17756, 460120
17756, 460120
17756, 460120
17756, 460120
17756, 460120
17756, 460120
17756, 460120
17756, 460120
17756, 460120
17756, 460120
17756, 460120
17756, 460120
17756, 460120
17756, 460120
17756, 460120
17756, 460120
17756, 460120
17756, 460120
17756, 460120
17756, 460120
17756, 460120
17756, 460120
17756, 460120
17756, 460120
17756, 460120
17756, 460120
17756, 460120
17756, 460120
17756, 460120
17756, 460120
17756, 460120
17756, 460120
17756, 460120
17756, 460120
17756, 460120
17756, 460120
17756, 460120
17756, 460120
17756, 460120
17756, 460120
17756, 460120
17756, 460120
17756, 460120
17756, 460120
17756, 460120
17756, 460120
17756, 460120
17756, 460120
17756, 460120
17756, 460120
17756, 460120
17756, 460120
17756, 460120
17756, 460120
17756, 460120
17756, 460120
17756, 460120
17756, 460120
17756, 460120
17756, 460120
17756, 460120
17756, 460120
17756, 460120
17756, 460120
17756, 460120
17756, 460120
17756, 460120
17756, 460120
17756, 460120
17756, 460120
17756, 460120
17756, 460120
17756, 460120
17756, 460120
17756, 460120
17756, 460120
17756, 460120
17756, 460120
17756, 460120
17756, 460120
17756, 460120
17756, 460120
17756, 460120
17756, 460120
17756, 460120
17756, 460120
17756, 460120
17756, 460120
17756, 460120
17756, 460120
17756, 460120
17756, 460120
17756, 460120
17756, 460120
17756, 460120
17756, 460120
17756, 460120
17756, 460120
17756, 460124
17756, 460124
17756, 460124
17756, 460124
17756, 460124
17756, 460124
17756, 460124
17756, 460124
17756, 460124
17756, 460124
17756, 460124
17756, 460124
17756, 460124
17756, 460124
17756, 460124
17756, 460124
17756, 460124
17756, 460124
17756, 460124
17756, 460124
17756, 460124
17756, 460124
17756, 460124
17756, 460124
17756, 460124
17756, 460124
17756, 460124
17756, 460124
17756, 460124
17756, 460124
17756, 460124
17756, 460124
17756, 460124
17756, 460124
17756, 460124
17756, 460124
17756, 460128
17756, 460128
17756, 460128
17756, 460128
17756, 460128
17756, 460128
17756, 460128
17756, 460128
17756, 460128
17756, 460128
17756, 460128
17756, 460128
17756, 460128
17756, 460128
17756, 460128
17756, 460128
17756, 460128
17756, 460128
17756, 460128
17756, 460128
17756, 460128
17756, 460128
17756, 460128
17756, 460128
17756, 460128
17756, 460128
17756, 460128
17756, 460128
17756, 460128
17756, 460128
17756, 460128
17756, 460128
17756, 460128
17756, 460128
17756, 460128
17756, 460128
17756, 460128
17756, 460128
17756, 460128
17756, 460128
17756, 460128
17756, 460128
17756, 460128
17756, 460128
17756, 460128
17756, 460128
17756, 460128
17756, 460128
17756, 460128
17756, 460128
17756, 460128
17756, 460128
17756, 460128
17756, 460128
17756, 460128
17756, 460128
17756, 460128
17756, 460128
17756, 460128
17756, 460128
17756, 460128
17756, 460128
17756, 460128
17756, 460128
17756, 460128
17756, 460128
17756, 460128
17756, 460128
17756, 460128
17756, 460132
17756, 460132
17756, 460132
17756, 460132
17756, 460136
17756, 460136
17756, 460136
17756, 460140
17756, 460140
17756, 460140
17756, 460140
17756, 460140
17756, 460144
17756, 460144
17756, 460144
17756, 460144
17756, 460144
17756, 460144
17756, 460144
17756, 460144
17756, 460144
17756, 460144
17756, 460144
17756, 460144
17756, 460144
17756, 460144
17756, 460144
17756, 460148
17756, 460148
17756, 460148
17756, 460148
17756, 460148
17756, 460148
17756, 460148
17756, 460148
17756, 460148
17756, 460148
17756, 460148
17756, 460148
17756, 460148
17756, 460148
17756, 460148
17756, 460148
17756, 460148
17756, 460148
17756, 460148
17756, 460148
17756, 460148
17756, 460148
17756, 460148
17756, 460148
17756, 460148
17756, 460148
17756, 460148
17756, 460148
17756, 460148
17756, 460148
17756, 460148
17756, 460148
17756, 460148
17756, 460148
17756, 460148
17756, 460148
17756, 460148
17756, 460148
17756, 460148
17756, 460148
17756, 460148
17756, 460148
17756, 460148
17756, 460148
17756, 460148
17756, 460148
17756, 460148
17756, 460148
17756, 460148
17756, 460148
17756, 460148
17756, 460148
17756, 460148
17756, 460152
17756, 460152
17756, 460152
17756, 460152
17756, 460152
17756, 460152
17756, 460152
17756, 460152
17756, 460152
17756, 460152
17756, 460152
17756, 460152
17756, 460152
17756, 460152
17756, 460152
17756, 460152
17756, 460152
17756, 460152
17756, 460152
17756, 460152
17756, 460152
17756, 460152
17756, 460152
17756, 460152
17756, 460152
17756, 460152
17756, 460152
17756, 460152
17756, 460152
17756, 460152
17756, 460152
17756, 460152
17756, 460152
17756, 460152
17756, 460152
17756, 460152
17756, 460152
17756, 460152
17756, 460152
17756, 460152
17756, 460152
17756, 460152
17756, 460152
17756, 460152
17756, 460152
17756, 460152
17756, 460152
17756, 460152
17756, 460152
17756, 460152
17756, 460152
17756, 460152
17756, 460152
17756, 460152
17756, 460152
17756, 460152
17756, 460152
17756, 460152
17756, 460152
17756, 460152
17756, 460152
17756, 460152
17756, 460152
17756, 460152
17756, 460152
17756, 460152
17756, 460152
17756, 460152
17756, 460152
17756, 460152
17756, 460156
17756, 460156
17756, 460156
17756, 460160
17756, 460160
17756, 460160
17756, 460160
17756, 460160
17756, 460160
17756, 460160
17756, 460160
17756, 460160
17756, 460160
17756, 460160
17756, 460160
17756, 460160
17756, 460160
17756, 460160
17756, 460160
17756, 460160
17756, 460160
17756, 460164
17756, 460164
17756, 460164
17756, 460164
17756, 460164
17756, 460164
17756, 460164
17756, 460164
17756, 460164
17756, 460164
17756, 460164
17756, 460164
17756, 460164
17756, 460164
17756, 460164
17756, 460164
17756, 460168
17756, 460168
17756, 460168
17756, 460168
17756, 460168
17756, 460168
17756, 460168
17756, 460168
17756, 460168
17756, 460168
17756, 460168
17756, 460168
17756, 460168
17756, 460168
17756, 460168
17756, 460168
17756, 460168
17756, 460168
17756, 460168
17756, 460168
17756, 460168
17756, 460172
17756, 460172
17756, 460172
17756, 460172
17756, 460172
17756, 460172
17756, 460172
17756, 460172
17756, 460172
17756, 460172
17756, 460172
17756, 460172
17756, 460172
17756, 460172
17756, 460172
17756, 460172
17756, 460172
17756, 460172
17756, 460172
17756, 460172
17756, 460172
17756, 460172
17756, 460172
17756, 460172
17756, 460172
17756, 460176
17756, 460176
17756, 460176
17756, 460176
17756, 460176
17756, 460176
17756, 460176
17756, 460176
17756, 460176
17756, 460176
17756, 460176
17756, 460176
17756, 460176
17756, 460176
17756, 460180
17756, 460180
17756, 460180
17756, 460180
17756, 460180
17756, 460180
17756, 460180
17756, 460180
17756, 460180
17756, 460180
17756, 460180
17756, 460184
17756, 460184
17756, 460184
17756, 460184
17756, 460184
17756, 460184
17756, 460184
17756, 460184
17756, 460184
17756, 460184
17756, 460184
17756, 460184
17756, 460184
17756, 460184
17756, 460184
17756, 460184
17756, 460184
17756, 460184
17756, 460184
17756, 460184
17756, 460184
17756, 460184
17756, 460184
17756, 460184
17756, 460184
17756, 460184
17756, 460184
17756, 460184
17756, 460184
17756, 460184
17756, 460184
17756, 460184
17756, 460184
17756, 460184
17756, 460184
17756, 460188
17756, 460188
17756, 460188
17756, 460188
17756, 460188
17756, 460188
17756, 460188
17756, 460188
17756, 460188
17756, 460188
17756, 460188
17756, 460188
17756, 460188
17756, 460188
17756, 460188
17756, 460188
17756, 460188
17756, 460188
17756, 460188
17756, 460188
17756, 460188
17756, 460188
17756, 460192
17756, 460192
17756, 460192
17756, 460192
17756, 460192
17756, 460192
17756, 460192
17756, 460192
17756, 460192
17756, 460192
17756, 460192
17756, 460192
17756, 460192
17756, 460192
17756, 460192
17756, 460192
17756, 460192
17756, 460192
17756, 460192
17756, 460192
17756, 460192
17756, 460196
17756, 460196
17756, 460196
17756, 460196
17756, 460196
17756, 460196
17756, 460196
17756, 460196
17756, 460196
17756, 460196
17756, 460196
17756, 460196
17756, 460196
17756, 460196
17756, 460196
17756, 460196
17756, 460196
17756, 460196
17756, 460196
17756, 460196
17756, 460196
17756, 460196
17756, 460196
17756, 460196
17756, 460196
17756, 460196
17756, 460196
17756, 460196
17756, 460196
17756, 460196
17756, 460196
17756, 460196
17756, 460196
17756, 460196
17756, 460196
17756, 460196
17756, 460196
17756, 460196
17756, 460196
17756, 460196
17756, 460196
17756, 460196
17756, 460196
17756, 460196
17756, 460196
17756, 460196
17756, 460196
17756, 460196
17756, 460196
17756, 460196
17756, 460196
17756, 460196
17756, 460196
17756, 460196
17756, 460196
17756, 460196
17756, 460196
17756, 460196
17756, 460196
17756, 460196
17756, 460196
17756, 460196
17756, 460196
17756, 460196
17756, 460196
17756, 460196
17756, 460196
17756, 460196
17756, 460196
17756, 460196
17756, 460196
17756, 460196
17756, 460196
17756, 460196
17756, 460196
17756, 460196
17756, 460196
17756, 460196
17756, 460196
17756, 460196
17756, 460196
17756, 460196
17756, 460196
17756, 460196
17756, 460196
17756, 460196
17756, 460196
17756, 460196
17756, 460196
17756, 460196
17756, 460196
17756, 460196
17756, 460196
17756, 460196
17756, 460196
17756, 460196
17756, 460196
17756, 460196
17756, 460196
17756, 460196
17756, 460196
17756, 460196
17756, 460196
17756, 460196
17756, 460196
17756, 460196
17756, 460196
17756, 460196
17756, 460196
17756, 460196
17756, 460196
17756, 460196
17756, 460196
17756, 460196
17756, 460196
17756, 460196
17756, 460196
17756, 460196
17756, 460196
17756, 460196
17756, 460196
17756, 460196
17756, 460196
17756, 460196
17756, 460196
17756, 460196
17756, 460196
17756, 460196
17756, 460196
17756, 460196
17756, 460196
17756, 460196
17756, 460196
17756, 460196
17756, 460196
17756, 460196
17756, 460196
17756, 460196
17756, 460196
17756, 460196
17756, 460196
17756, 460196
17756, 460196
17756, 460196
17756, 460196
17756, 460196
17756, 460196
17756, 460196
17756, 460196
17756, 460196
17756, 460196
17756, 460196
17756, 460196
17756, 460196
17756, 460196
17756, 460196
17756, 460196
17756, 460196
17756, 460196
17756, 460196
17756, 460196
17756, 460196
17756, 460196
17756, 460196
17756, 460196
17756, 460196
17756, 460196
17756, 460196
17756, 460196
17756, 460196
17756, 460196
17756, 460196
17756, 460196
17756, 460196
17756, 460196
17756, 460196
17756, 460196
17756, 460196
17756, 460196
17756, 460196
17756, 460196
17756, 460196
17756, 460196
17756, 460196
17756, 460196
17756, 460196
17756, 460196
17756, 460196
17756, 460196
17756, 460196
17756, 460196
17756, 460196
17756, 460196
17756, 460196
17756, 460196
17756, 460196
17756, 460196
17756, 460196
17756, 460196
17756, 460196
17756, 460196
17756, 460196
17756, 460196
17756, 460196
17756, 460196
17756, 460196
17756, 460196
17756, 460196
17756, 460196
17756, 460196
17756, 460196
17756, 460196
17756, 460196
17756, 460196
17756, 460196
17756, 460196
17756, 460196
17756, 460196
17756, 460196
17756, 460196
17756, 460196
17756, 460196
17756, 460196
17756, 460196
17756, 460196
17756, 460196
17756, 460196
17756, 460196
17756, 460196
17756, 460196
17756, 460196
17756, 460196
17756, 460196
17756, 460196
17756, 460196
17756, 460196
17756, 460196
17756, 460196
17756, 460196
17756, 460196
17756, 460196
17756, 460196
17756, 460196
17756, 460196
17756, 460196
17756, 460196
17756, 460196
17756, 460196
17756, 460196
17756, 460196
17756, 460196
17756, 460196
17756, 460196
17756, 460196
17756, 460196
17756, 460196
17756, 460196
17756, 460196
17756, 460196
17756, 460196
17756, 460196
17756, 460196
17756, 460196
17756, 460196
17756, 460200
17756, 460200
17756, 460200
17756, 460200
17756, 460200
17756, 460200
17756, 460200
17756, 460200
17756, 460200
17756, 460200
17756, 460200
17756, 460200
17756, 460200
17756, 460200
17756, 460200
17756, 460200
17756, 460200
17756, 460200
17756, 460200
17756, 460200
17756, 460200
17756, 460200
17756, 460200
17756, 460200
17756, 460200
17756, 460200
17756, 460200
17756, 460200
17756, 460200
17756, 460200
17756, 460200
17756, 460200
17756, 460200
17756, 460200
17756, 460200
17756, 460200
17756, 460200
17756, 460200
17756, 460200
17756, 460200
17756, 460200
17756, 460200
17756, 460200
17756, 460200
17756, 460200
17756, 460200
17756, 460200
17756, 460200
17756, 460200
17756, 460200
17756, 460200
17756, 460200
17756, 460200
17756, 460200
17756, 460200
17756, 460200
17756, 460200
17756, 460200
17756, 460200
17756, 460200
17756, 460200
17756, 460200
17756, 460200
17756, 460200
17756, 460200
17756, 460200
17756, 460200
17756, 460200
17756, 460200
17756, 460200
17756, 460200
17756, 460200
17756, 460200
17756, 460200
17756, 460200
17756, 460200
17756, 460200
17756, 460200
17756, 460200
17756, 460200
17756, 460200
17756, 460200
17756, 460200
17756, 460200
17756, 460200
17756, 460200
17756, 460200
17756, 460200
17756, 460200
17756, 460200
17756, 460200
17756, 460200
17756, 460200
17756, 460200
17756, 460200
17756, 460200
17756, 460200
17756, 460200
17756, 460200
17756, 460200
17756, 460200
17756, 460200
17756, 460200
17756, 460200
17756, 460200
17756, 460200
17756, 460200
17756, 460200
17756, 460200
17756, 460200
17756, 460200
17756, 460200
17756, 460200
17756, 460200
17756, 460200
17756, 460200
17756, 460200
17756, 460200
17756, 460200
17756, 460200
17756, 460200
17756, 460200
17756, 460200
17756, 460204
17756, 460204
17756, 460204
17756, 460204
17756, 460204
17756, 460204
17756, 460204
17756, 460204
17756, 460204
17756, 460204
17756, 460204
17756, 460204
17756, 460204
17756, 460204
17756, 460204
17756, 460204
17756, 460204
17756, 460204
17756, 460204
17756, 460204
17756, 460204
17756, 460204
17756, 460204
17756, 460204
17756, 460204
17756, 460204
17756, 460204
17756, 460204
17756, 460204
17756, 460204
17756, 460204
17756, 460204
17756, 460204
17756, 460204
17756, 460204
17756, 460204
17756, 460204
17756, 460204
17756, 460204
17756, 460204
17756, 460204
17756, 460204
17756, 460204
17756, 460204
17756, 460204
17756, 460204
17756, 460204
17756, 460204
17756, 460204
17756, 460204
17756, 460204
17756, 460204
17756, 460204
17756, 460204
17756, 460204
17756, 460204
17756, 460204
17756, 460204
17756, 460204
17756, 460204
17756, 460204
17756, 460204
17756, 460204
17756, 460204
17756, 460204
17756, 460204
17756, 460204
17756, 460204
17756, 460204
17756, 460204
17756, 460204
17756, 460204
17756, 460204
17756, 460204
17756, 460204
17756, 460204
17756, 460204
17756, 460204
17756, 460204
17756, 460204
17756, 460204
17756, 460204
17756, 460204
17756, 460204
17756, 460204
17756, 460204
17756, 460204
17756, 460204
17756, 460204
17756, 460204
17756, 460204
17756, 460204
17756, 460204
17756, 460204
17756, 460204
17756, 460204
17756, 460204
17756, 460204
17756, 460204
17756, 460204
17756, 460204
17756, 460204
17756, 460204
17756, 460204
17756, 460204
17756, 460204
17756, 460204
17756, 460204
17756, 460204
17756, 460204
17756, 460204
17756, 460204
17756, 460204
17756, 460204
17756, 460204
17756, 460204
17756, 460204
17756, 460204
17756, 460204
17756, 460204
17756, 460204
17756, 460204
17756, 460204
17756, 460208
17756, 460208
17756, 460208
17756, 460208
17756, 460208
17756, 460208
17756, 460208
17756, 460208
17756, 460208
17756, 460208
17756, 460208
17756, 460208
17756, 460208
17756, 460208
17756, 460208
17756, 460208
17756, 460208
17756, 460208
17756, 460208
17756, 460208
17756, 460208
17756, 460208
17756, 460208
17756, 460208
17756, 460208
17756, 460208
17756, 460208
17756, 460208
17756, 460208
17756, 460208
17756, 460208
17756, 460208
17756, 460208
17756, 460208
17756, 460208
17756, 460208
17756, 460208
17756, 460212
17756, 460212
17756, 460212
17756, 460212
17756, 460212
17756, 460212
17756, 460212
17756, 460212
17756, 460212
17756, 460212
17756, 460212
17756, 460212
17756, 460212
17756, 460212
17756, 460212
17756, 460212
17756, 460212
17756, 460212
17756, 460212
17756, 460212
17756, 460212
17756, 460212
17756, 460212
17756, 460212
17756, 460212
17756, 460212
17756, 460212
17756, 460212
17756, 460212
17756, 460212
17756, 460212
17756, 460212
17756, 460212
17756, 460212
17756, 460212
17756, 460212
17756, 460212
17756, 460212
17756, 460212
17756, 460212
17756, 460212
17756, 460212
17756, 460212
17756, 460212
17756, 460212
17756, 460212
17756, 460212
17756, 460212
17756, 460212
17756, 460212
17756, 460212
17756, 460212
17756, 460212
17756, 460212
17756, 460212
17756, 460212
17756, 460212
17756, 460212
17756, 460212
17756, 460212
17756, 460212
17756, 460212
17756, 460212
17756, 460212
17756, 460212
17756, 460212
17756, 460212
17756, 460212
17756, 460212
17756, 460212
17756, 460212
17756, 460212
17756, 460212
17756, 460212
17756, 460212
17756, 460212
17756, 460212
17756, 460212
17756, 460212
17756, 460212
17756, 460212
17756, 460212
17756, 460212
17756, 460212
17756, 460212
17756, 460212
17756, 460212
17756, 460212
17756, 460212
17756, 460212
17756, 460212
17756, 460212
17756, 460212
17756, 460212
17756, 460212
17756, 460212
17756, 460212
17756, 460212
17756, 460212
17756, 460212
17756, 460212
17756, 460212
17756, 460212
17756, 460212
17756, 460212
17756, 460212
17756, 460212
17756, 460212
17756, 460212
17756, 460212
17756, 460212
17756, 460212
17756, 460212
17756, 460212
17756, 460212
17756, 460212
17756, 460212
17756, 460212
17756, 460212
17756, 460212
17756, 460216
17756, 460216
17756, 460216
17756, 460216
17756, 460216
17756, 460216
17756, 460216
17756, 460216
17756, 460216
17756, 460216
17756, 460216
17756, 460216
17756, 460216
17756, 460216
17756, 460216
17756, 460216
17756, 460216
17756, 460216
17756, 460216
17756, 460216
17756, 460216
17756, 460216
17756, 460216
17756, 460216
17756, 460220
17756, 460220
17756, 460220
17756, 460220
17756, 460220
17756, 460220
17756, 460220
17756, 460220
17756, 460220
17756, 460220
17756, 460220
17756, 460220
17756, 460220
17756, 460220
17756, 460220
17756, 460220
17756, 460220
17756, 460220
17756, 460220
17756, 460220
17756, 460220
17756, 460220
17756, 460220
17756, 460220
17756, 460220
17756, 460220
17756, 460220
17756, 460220
17756, 460220
17756, 460220
17756, 460220
17756, 460220
17756, 460220
17756, 460220
17756, 460220
17756, 460220
17756, 460220
17756, 460220
17756, 460220
17756, 460220
17756, 460220
17756, 460220
17756, 460220
17756, 460220
17756, 460220
17756, 460220
17756, 460220
17756, 460220
17756, 460220
17756, 460220
17756, 460220
17756, 460220
17756, 460220
17756, 460220
17756, 460220
17756, 460220
17756, 460220
17756, 460220
17756, 460220
17756, 460220
17756, 460220
17756, 460220
17756, 460220
17756, 460220
17756, 460220
17756, 460220
17756, 460220
17756, 460220
17756, 460220
17756, 460220
17756, 460224
17756, 460224
17756, 460224
17756, 460224
17756, 460224
17756, 460224
17756, 460224
17756, 460224
17756, 460224
17756, 460224
17756, 460224
17756, 460224
17756, 460224
17756, 460224
17756, 460224
17756, 460224
17756, 460224
17756, 460224
17756, 460224
17756, 460224
17756, 460224
17756, 460224
17756, 460224
17756, 460224
17756, 460224
17756, 460224
17756, 460224
17756, 460224
17756, 460224
17756, 460224
17756, 460224
17756, 460224
17756, 460224
17756, 460224
17756, 460224
17756, 460224
17756, 460224
17756, 460224
17756, 460224
17756, 460224
17756, 460224
17756, 460224
17756, 460224
17756, 460224
17756, 460224
17756, 460224
17756, 460224
17756, 460224
17756, 460224
17756, 460224
17756, 460224
17756, 460224
17756, 460224
17756, 460224
17756, 460224
17756, 460224
17756, 460224
17756, 460224
17756, 460224
17756, 460224
17756, 460224
17756, 460224
17756, 460224
17756, 460224
17756, 460224
17756, 460224
17756, 460224
17756, 460224
17756, 460224
17756, 460224
17756, 460224
17756, 460224
17756, 460224
17756, 460224
17756, 460224
17756, 460224
17756, 460224
17756, 460224
17756, 460224
17756, 460224
17756, 460224
17756, 460224
17756, 460224
17756, 460224
17756, 460224
17756, 460224
17756, 460224
17756, 460224
17756, 460224
17756, 460224
17756, 460224
17756, 460224
17756, 460224
17756, 460224
17756, 460224
17756, 460224
17756, 460224
17756, 460224
17756, 460224
17756, 460224
17756, 460224
17756, 460224
17756, 460224
17756, 460224
17756, 460224
17756, 460224
17756, 460224
17756, 460224
17756, 460224
17756, 460224
17756, 460224
17756, 460224
17756, 460224
17756, 460224
17756, 460224
17756, 460224
17756, 460224
17756, 460224
17756, 460224
17756, 460224
17756, 460224
17756, 460224
17756, 460224
17756, 460224
17756, 460224
17756, 460224
17756, 460224
17756, 460224
17756, 460224
17756, 460224
17756, 460224
17756, 460224
17756, 460224
17756, 460224
17756, 460224
17756, 460224
17756, 460224
17756, 460224
17756, 460224
17756, 460224
17756, 460224
17756, 460224
17756, 460224
17756, 460224
17756, 460224
17756, 460224
17756, 460224
17756, 460224
17756, 460224
17756, 460224
17756, 460224
17756, 460224
17756, 460224
17756, 460224
17756, 460224
17756, 460224
17756, 460224
17756, 460224
17756, 460224
17756, 460224
17756, 460224
17756, 460224
17756, 460224
17756, 460224
17756, 460224
17756, 460224
17756, 460224
17756, 460224
17756, 460224
17756, 460224
17756, 460224
17756, 460224
17756, 460224
17756, 460224
17756, 460224
17756, 460224
17756, 460224
17756, 460224
17756, 460224
17756, 460224
17756, 460224
17756, 460224
17756, 460224
17756, 460224
17756, 460224
17756, 460224
17756, 460224
17756, 460224
17756, 460224
17756, 460224
17756, 460224
17756, 460224
17756, 460224
17756, 460224
17756, 460224
17756, 460224
17756, 460224
17756, 460224
17756, 460224
17756, 460224
17756, 460224
17756, 460224
17756, 460224
17756, 460224
17756, 460224
17756, 460224
17756, 460224
17756, 460224
17756, 460224
17756, 460224
17756, 460224
17756, 460224
17756, 460224
17756, 460224
17756, 460224
17756, 460224
17756, 460224
17756, 460224
17756, 460224
17756, 460224
17756, 460224
17756, 460224
17756, 460224
17756, 460228
17756, 460228
17756, 460228
17756, 460228
17756, 460228
17756, 460228
17756, 460228
17756, 460228
17756, 460228
17756, 460228
17756, 460228
17756, 460228
17756, 460228
17756, 460228
17756, 460228
17756, 460228
17756, 460228
17756, 460228
17756, 460228
17756, 460228
17756, 460228
17756, 460228
17756, 460228
17756, 460228
17756, 460228
17756, 460228
17756, 460228
17756, 460228
17756, 460228
17756, 460228
17756, 460228
17756, 460228
17756, 460228
17756, 460228
17756, 460228
17756, 460228
17756, 460228
17756, 460228
17756, 460228
17756, 460228
17756, 460228
17756, 460228
17756, 460228
17756, 460228
17756, 460228
17756, 460228
17756, 460228
17756, 460228
17756, 460228
17756, 460228
17756, 460228
17756, 460228
17756, 460228
17756, 460228
17756, 460228
17756, 460228
17756, 460228
17756, 460228
17756, 460228
17756, 460228
17756, 460228
17756, 460228
17756, 460228
17756, 460228
17756, 460228
17756, 460228
17756, 460228
17756, 460228
17756, 460228
17756, 460228
17756, 460228
17756, 460232
17756, 460232
17756, 460232
17756, 460232
17756, 460232
17756, 460232
17756, 460232
17756, 460232
17756, 460232
17756, 460232
17756, 460232
17756, 460232
17756, 460232
17756, 460232
17756, 460232
17756, 460232
17756, 460232
17756, 460232
17756, 460232
17756, 460232
17756, 460232
17756, 460232
17756, 460232
17756, 460232
17756, 460232
17756, 460232
17756, 460232
17756, 460232
17756, 460232
17756, 460232
17756, 460232
17756, 460232
17756, 460232
17756, 460232
17756, 460232
17756, 460232
17756, 460232
17756, 460232
17756, 460232
17756, 460232
17756, 460232
17756, 460232
17756, 460232
17756, 460232
17756, 460232
17756, 460232
17756, 460232
17756, 460232
17756, 460232
17756, 460232
17756, 460232
17756, 460232
17756, 460232
17756, 460232
17756, 460232
17756, 460232
17756, 460232
17756, 460232
17756, 460232
17756, 460232
17756, 460232
17756, 460232
17756, 460232
17756, 460232
17756, 460232
17756, 460232
17756, 460232
17756, 460232
17756, 460232
17756, 460232
17756, 460232
17756, 460232
17756, 460232
17756, 460232
17756, 460232
17756, 460232
17756, 460232
17756, 460232
17756, 460232
17756, 460232
17756, 460232
17756, 460232
17756, 460232
17756, 460232
17756, 460232
17756, 460232
17756, 460232
17756, 460232
17756, 460232
17756, 460232
17756, 460232
17756, 460232
17756, 460232
17756, 460232
17756, 460232
17756, 460232
17756, 460232
17756, 460232
17756, 460232
17756, 460232
17756, 460232
17756, 460232
17756, 460232
17756, 460232
17756, 460232
17756, 460232
17756, 460232
17756, 460232
17756, 460232
17756, 460232
17756, 460232
17756, 460232
17756, 460236
17756, 460236
17756, 460236
17756, 460236
17756, 460236
17756, 460236
17756, 460240
17756, 460240
17756, 460240
17756, 460240
17756, 460240
17756, 460240
17756, 460240
17756, 460240
17756, 460240
17756, 460240
17756, 460240
17756, 460240
17756, 460240
17756, 460240
17756, 460240
17756, 460240
17756, 460240
17756, 460240
17756, 460240
17756, 460240
17756, 460240
17756, 460240
17756, 460240
17756, 460240
17756, 460240
17756, 460240
17756, 460240
17756, 460240
17756, 460240
17756, 460240
17756, 460240
17756, 460240
17756, 460240
17756, 460240
17756, 460240
17756, 460240
17756, 460240
17756, 460240
17756, 460240
17756, 460240
17756, 460240
17756, 460240
17756, 460240
17756, 460240
17756, 460240
17756, 460240
17756, 460240
17756, 460240
17756, 460240
17756, 460240
17756, 460240
17756, 460240
17756, 460240
17756, 460240
17756, 460240
17756, 460240
17756, 460240
17756, 460240
17756, 460240
17756, 460240
17756, 460240
17756, 460240
17756, 460240
17756, 460240
17756, 460240
17756, 460240
17756, 460240
17756, 460240
17756, 460240
17756, 460240
17756, 460240
17756, 460240
17756, 460240
17756, 460240
17756, 460240
17756, 460240
17756, 460240
17756, 460240
17756, 460240
17756, 460240
17756, 460240
17756, 460240
17756, 460240
17756, 460240
17756, 460240
17756, 460240
17756, 460240
17756, 460240
17756, 460240
17756, 460240
17756, 460240
17756, 460240
17756, 460240
17756, 460240
17756, 460240
17756, 460240
17756, 460240
17756, 460240
17756, 460240
17756, 460240
17756, 460240
17756, 460244
17756, 460244
17756, 460244
17756, 460244
17756, 460244
17756, 460244
17756, 460244
17756, 460244
17756, 460244
17756, 460244
17756, 460244
17756, 460244
17756, 460244
17756, 460244
17756, 460244
17756, 460244
17756, 460244
17756, 460244
17756, 460244
17756, 460244
17756, 460244
17756, 460244
17756, 460244
17756, 460244
17756, 460244
17756, 460244
17756, 460244
17756, 460244
17756, 460244
17756, 460244
17756, 460244
17756, 460244
17756, 460244
17756, 460244
17756, 460244
17756, 460244
17756, 460244
17756, 460244
17756, 460244
17756, 460244
17756, 460244
17756, 460244
17756, 460244
17756, 460244
17756, 460244
17756, 460244
17756, 460244
17756, 460244
17756, 460244
17756, 460244
17756, 460244
17756, 460244
17756, 460244
17756, 460244
17756, 460244
17756, 460244
17756, 460244
17756, 460244
17756, 460244
17756, 460244
17756, 460244
17756, 460244
17756, 460244
17756, 460244
17756, 460244
17756, 460244
17756, 460244
17756, 460244
17756, 460244
17756, 460244
17756, 460244
17756, 460244
17756, 460244
17756, 460244
17756, 460244
17756, 460244
17756, 460244
17756, 460244
17756, 460244
17756, 460244
17756, 460244
17756, 460244
17756, 460244
17756, 460244
17756, 460244
17756, 460244
17756, 460244
17756, 460244
17756, 460244
17756, 460244
17756, 460244
17756, 460244
17756, 460244
17756, 460244
17756, 460244
17756, 460244
17756, 460244
17756, 460244
17756, 460244
17756, 460244
17756, 460244
17756, 460244
17756, 460244
17756, 460244
17756, 460244
17756, 460244
17756, 460244
17756, 460244
17756, 460244
17756, 460244
17756, 460244
17756, 460244
17756, 460244
17756, 460244
17756, 460244
17756, 460244
17756, 460244
17756, 460244
17756, 460244
17756, 460244
17756, 460244
17756, 460244
17756, 460244
17756, 460244
17756, 460244
17756, 460244
17756, 460244
17756, 460244
17756, 460244
17756, 460244
17756, 460244
17756, 460244
17756, 460244
17756, 460244
17756, 460244
17756, 460244
17756, 460244
17756, 460244
17756, 460244
17756, 460244
17756, 460244
17756, 460244
17756, 460244
17756, 460244
17756, 460244
17756, 460244
17756, 460244
17756, 460244
17756, 460244
17756, 460244
17756, 460244
17756, 460244
17756, 460244
17756, 460244
17756, 460244
17756, 460244
17756, 460244
17756, 460244
17756, 460244
17756, 460244
17756, 460244
17756, 460244
17756, 460244
17756, 460244
17756, 460244
17756, 460244
17756, 460244
17756, 460244
17756, 460244
17756, 460244
17756, 460244
17756, 460244
17756, 460244
17756, 460244
17756, 460244
17756, 460244
17756, 460244
17756, 460244
17756, 460244
17756, 460244
17756, 460244
17756, 460244
17756, 460244
17756, 460244
17756, 460244
17756, 460244
17756, 460244
17756, 460244
17756, 460244
17756, 460244
17756, 460244
17756, 460244
17756, 460244
17756, 460244
17756, 460244
17756, 460244
17756, 460244
17756, 460244
17756, 460244
17756, 460244
17756, 460244
17756, 460244
17756, 460244
17756, 460244
17756, 460244
17756, 460244
17756, 460244
17756, 460244
17756, 460244
17756, 460244
17756, 460244
17756, 460244
17756, 460244
17756, 460244
17756, 460244
17756, 460244
17756, 460244
17756, 460244
17756, 460244
17756, 460244
17756, 460244
17756, 460244
17756, 460244
17756, 460244
17756, 460244
17756, 460244
17756, 460244
17756, 460244
17756, 460244
17756, 460244
17756, 460244
17756, 460244
17756, 460244
17756, 460244
17756, 460244
17756, 460244
17756, 460244
17756, 460244
17756, 460244
17756, 460244
17756, 460244
17756, 460244
17756, 460244
17756, 460244
17756, 460244
17756, 460244
17756, 460244
17756, 460244
17756, 460244
17756, 460244
17756, 460244
17756, 460244
17756, 460244
17756, 460244
17756, 460244
17756, 460244
17756, 460244
17756, 460244
17756, 460244
17756, 460244
17756, 460244
17756, 460244
17756, 460244
17756, 460244
17756, 460244
17756, 460244
17756, 460244
17756, 460244
17756, 460244
17756, 460244
17756, 460244
17756, 460244
17756, 460244
17756, 460244
17756, 460244
17756, 460244
17756, 460244
17756, 460244
17756, 460244
17756, 460244
17756, 460244
17756, 460244
17756, 460244
17756, 460244
17756, 460244
17756, 460244
17756, 460244
17756, 460244
17756, 460244
17756, 460244
17756, 460244
17756, 460244
17756, 460244
17756, 460244
17756, 460244
17756, 460244
17756, 460244
17756, 460244
17756, 460244
17756, 460244
17756, 460244
17756, 460244
17756, 460244
17756, 460244
17756, 460244
17756, 460244
17756, 460244
17756, 460244
17756, 460244
17756, 460244
17756, 460244
17756, 460244
17756, 460244
17756, 460244
17756, 460244
17756, 460244
17756, 460244
17756, 460244
17756, 460244
17756, 460244
17756, 460244
17756, 460244
17756, 460244
17756, 460244
17756, 460244
17756, 460244
17756, 460244
17756, 460244
17756, 460244
17756, 460244
17756, 460244
17756, 460244
17756, 460244
17756, 460244
17756, 460244
17756, 460244
17756, 460244
17756, 460244
17756, 460244
17756, 460244
17756, 460244
17756, 460244
17756, 460244
17756, 460244
17756, 460244
17756, 460244
17756, 460244
17756, 460244
17756, 460244
17756, 460244
17756, 460244
17756, 460244
17756, 460244
17756, 460244
17756, 460244
17756, 460244
17756, 460244
17756, 460244
17756, 460244
17756, 460244
17756, 460244
17756, 460244
17756, 460244
17756, 460244
17756, 460244
17756, 460244
17756, 460244
17756, 460244
17756, 460244
17756, 460244
17756, 460244
17756, 460244
17756, 460244
17756, 460244
17756, 460244
17756, 460244
17756, 460244
17756, 460244
17756, 460244
17756, 460244
17756, 460244
17756, 460244
17756, 460244
17756, 460244
17756, 460244
17756, 460244
17756, 460244
17756, 460244
17756, 460244
17756, 460244
17756, 460244
17756, 460244
17756, 460244
17756, 460244
17756, 460248
17756, 460248
17756, 460248
17756, 460248
17756, 460248
17756, 460248
17756, 460248
17756, 460248
17756, 460248
17756, 460248
17756, 460248
17756, 460248
17756, 460248
17756, 460248
17756, 460248
17756, 460248
17756, 460248
17756, 460252
17756, 460252
17756, 460252
17756, 460252
17756, 460252
17756, 460252
17756, 460252
17756, 460252
17756, 460252
17756, 460252
17756, 460252
17756, 460252
17756, 460252
17756, 460252
17756, 460252
17756, 460252
17756, 460252
17756, 460252
17756, 460252
17756, 460252
17756, 460252
17756, 460252
17756, 460256
17756, 460256
17756, 460256
17756, 460256
17756, 460256
17756, 460256
17756, 460256
17756, 460256
17756, 460256
17756, 460256
17756, 460256
17756, 460256
17756, 460256
17756, 460256
17756, 460256
17756, 460256
17756, 460256
17756, 460256
17756, 460256
17756, 460256
17756, 460256
17756, 460256
17756, 460256
17756, 460256
17756, 460256
17756, 460256
17756, 460256
17756, 460256
17756, 460256
17756, 460256
17756, 460256
17756, 460256
17756, 460256
17756, 460256
17756, 460256
17756, 460256
17756, 460256
17756, 460256
17756, 460256
17756, 460256
17756, 460256
17756, 460256
17756, 460256
17756, 460256
17756, 460256
17756, 460256
17756, 460256
17756, 460256
17756, 460256
17756, 460256
17756, 460256
17756, 460256
17756, 460256
17756, 460256
17756, 460256
17756, 460256
17756, 460256
17756, 460256
17756, 460256
17756, 460256
17756, 460256
17756, 460256
17756, 460256
17756, 460256
17756, 460256
17756, 460256
17756, 460256
17756, 460256
17756, 460256
17756, 460256
17756, 460256
17756, 460256
17756, 460256
17756, 460256
17756, 460256
17756, 460256
17756, 460256
17756, 460256
17756, 460256
17756, 460256
17756, 460256
17756, 460256
17756, 460256
17756, 460256
17756, 460256
17756, 460256
17756, 460256
17756, 460256
17756, 460256
17756, 460256
17756, 460256
17756, 460256
17756, 460256
17756, 460256
17756, 460256
17756, 460256
17756, 460256
17756, 460256
17756, 460256
17756, 460260
17756, 460260
17756, 460260
17756, 460260
17756, 460260
17756, 460260
17756, 460260
17756, 460260
17756, 460260
17756, 460260
17756, 460260
17756, 460260
17756, 460260
17756, 460260
17756, 460260
17756, 460260
17756, 460260
17756, 460260
17756, 460260
17756, 460260
17756, 460260
17756, 460260
17756, 460260
17756, 460260
17756, 460260
17756, 460260
17756, 460260
17756, 460260
17756, 460260
17756, 460260
17756, 460260
17756, 460260
17756, 460260
17756, 460260
17756, 460260
17756, 460260
17756, 460260
17756, 460260
17756, 460260
17756, 460260
17756, 460260
17756, 460260
17756, 460260
17756, 460260
17756, 460260
17756, 460260
17756, 460260
17756, 460260
17756, 460260
17756, 460260
17756, 460260
17756, 460260
17756, 460260
17756, 460260
17756, 460260
17756, 460260
17756, 460260
17756, 460260
17756, 460260
17756, 460260
17756, 460260
17756, 460260
17756, 460260
17756, 460260
17756, 460260
17756, 460260
17756, 460260
17756, 460260
17756, 460264
17756, 460264
17756, 460264
17756, 460264
17756, 460264
17756, 460264
17756, 460264
17756, 460264
17756, 460264
17756, 460264
17756, 460264
17756, 460264
17756, 460264
17756, 460264
17756, 460264
17756, 460264
17756, 460264
17756, 460264
17756, 460264
17756, 460264
17756, 460264
17756, 460264
17756, 460264
17756, 460264
17756, 460264
17756, 460264
17756, 460264
17756, 460264
17756, 460264
17756, 460264
17756, 460264
17756, 460264
17756, 460264
17756, 460264
17756, 460264
17756, 460264
17756, 460264
17756, 460264
17756, 460264
17756, 460264
17756, 460264
17756, 460264
17756, 460264
17756, 460264
17756, 460264
17756, 460264
17756, 460264
17756, 460264
17756, 460264
17756, 460264
17756, 460264
17756, 460264
17756, 460264
17756, 460264
17756, 460264
17756, 460264
17756, 460264
17756, 460264
17756, 460264
17756, 460264
17756, 460264
17756, 460264
17756, 460264
17756, 460264
17756, 460264
17756, 460264
17756, 460264
17756, 460264
17756, 460264
17756, 460264
17756, 460264
17756, 460264
17756, 460264
17756, 460264
17756, 460264
17756, 460264
17756, 460264
17756, 460264
17756, 460264
17756, 460264
17756, 460264
17756, 460264
17756, 460264
17756, 460264
17756, 460264
17756, 460264
17756, 460264
17756, 460264
17756, 460264
17756, 460264
17756, 460264
17756, 460264
17756, 460264
17756, 460264
17756, 460264
17756, 460264
17756, 460264
17756, 460264
17756, 460264
17756, 460264
17756, 460264
17756, 460264
17756, 460264
17756, 460264
17756, 460264
17756, 460264
17756, 460264
17756, 460264
17756, 460264
17756, 460264
17756, 460264
17756, 460264
17756, 460264
17756, 460264
17756, 460264
17756, 460264
17756, 460264
17756, 460264
17756, 460264
17756, 460264
17756, 460264
17756, 460264
17756, 460264
17756, 460264
17756, 460264
17756, 460264
17756, 460264
17756, 460264
17756, 460264
17756, 460264
17756, 460264
17756, 460264
17756, 460264
17756, 460264
17756, 460264
17756, 460264
17756, 460264
17756, 460264
17756, 460264
17756, 460264
17756, 460264
17756, 460264
17756, 460264
17756, 460264
17756, 460264
17756, 460264
17756, 460264
17756, 460264
17756, 460264
17756, 460264
17756, 460264
17756, 460264
17756, 460264
17756, 460264
17756, 460264
17756, 460264
17756, 460264
17756, 460264
17756, 460264
17756, 460264
17756, 460264
17756, 460264
17756, 460264
17756, 460264
17756, 460264
17756, 460264
17756, 460264
17756, 460264
17756, 460264
17756, 460264
17756, 460264
17756, 460264
17756, 460264
17756, 460264
17756, 460264
17756, 460264
17756, 460264
17756, 460264
17756, 460264
17756, 460264
17756, 460264
17756, 460264
17756, 460264
17756, 460264
17756, 460264
17756, 460264
17756, 460264
17756, 460264
17756, 460264
17756, 460264
17756, 460264
17756, 460264
17756, 460264
17756, 460264
17756, 460264
17756, 460264
17756, 460264
17756, 460264
17756, 460264
17756, 460264
17756, 460264
17756, 460264
17756, 460264
17756, 460264
17756, 460264
17756, 460264
17756, 460264
17756, 460264
17756, 460264
17756, 460264
17756, 460264
17756, 460264
17756, 460264
17756, 460264
17756, 460264
17756, 460264
17756, 460264
17756, 460264
17756, 460264
17756, 460264
17756, 460264
17756, 460264
17756, 460264
17756, 460264
17756, 460264
17756, 460264
17756, 460264
17756, 460264
17756, 460264
17756, 460264
17756, 460264
17756, 460264
17756, 460264
17756, 460264
17756, 460264
17756, 460264
17756, 460264
17756, 460264
17756, 460264
17756, 460268
17756, 460268
17756, 460268
17756, 460268
17756, 460268
17756, 460268
17756, 460268
17756, 460268
17756, 460268
17756, 460268
17756, 460268
17756, 460268
17756, 460268
17756, 460268
17756, 460268
17756, 460268
17756, 460268
17756, 460268
17756, 460268
17756, 460268
17756, 460268
17756, 460268
17756, 460268
17756, 460268
17756, 460272
17756, 460272
17756, 460272
17756, 460272
17756, 460272
17756, 460272
17756, 460272
17756, 460272
17756, 460272
17756, 460272
17756, 460272
17756, 460272
17756, 460272
17756, 460272
17756, 460272
17756, 460272
17756, 460272
17756, 460272
17756, 460272
17756, 460272
17756, 460272
17756, 460272
17756, 460272
17756, 460272
17756, 460272
17756, 460272
17756, 460272
17756, 460272
17756, 460272
17756, 460272
17756, 460272
17756, 460272
17756, 460272
17756, 460272
17756, 460272
17756, 460272
17756, 460272
17756, 460272
17756, 460272
17756, 460272
17756, 460272
17756, 460272
17756, 460272
17756, 460272
17756, 460272
17756, 460272
17756, 460272
17756, 460272
17756, 460272
17756, 460272
17756, 460272
17756, 460272
17756, 460272
17756, 460272
17756, 460272
17756, 460272
17756, 460272
17756, 460272
17756, 460272
17756, 460272
17756, 460272
17756, 460272
17756, 460272
17756, 460272
17756, 460272
17756, 460272
17756, 460272
17756, 460272
17756, 460272
17756, 460272
17756, 460272
17756, 460272
17756, 460272
17756, 460272
17756, 460272
17756, 460272
17756, 460272
17756, 460272
17756, 460272
17756, 460272
17756, 460272
17756, 460272
17756, 460272
17756, 460272
17756, 460272
17756, 460272
17756, 460272
17756, 460272
17756, 460272
17756, 460272
17756, 460272
17756, 460272
17756, 460272
17756, 460272
17756, 460272
17756, 460272
17756, 460272
17756, 460272
17756, 460272
17756, 460272
17756, 460272
17756, 460272
17756, 460272
17756, 460272
17756, 460272
17756, 460272
17756, 460272
17756, 460272
17756, 460272
17756, 460272
17756, 460272
17756, 460272
17756, 460272
17756, 460272
17756, 460272
17756, 460272
17756, 460272
17756, 460272
17756, 460272
17756, 460272
17756, 460272
17756, 460272
17756, 460272
17756, 460272
17756, 460272
17756, 460272
17756, 460272
17756, 460272
17756, 460272
17756, 460272
17756, 460272
17756, 460272
17756, 460272
17756, 460272
17756, 460272
17756, 460272
17756, 460272
17756, 460272
17756, 460272
17756, 460272
17756, 460272
17756, 460272
17756, 460272
17756, 460272
17756, 460272
17756, 460272
17756, 460272
17756, 460272
17756, 460272
17756, 460272
17756, 460272
17756, 460272
17756, 460272
17756, 460272
17756, 460272
17756, 460272
17756, 460272
17756, 460272
17756, 460272
17756, 460272
17756, 460276
17756, 460276
17756, 460276
17756, 460276
17756, 460276
17756, 460276
17756, 460276
17756, 460276
17756, 460276
17756, 460276
17756, 460276
17756, 460276
17756, 460276
17756, 460276
17756, 460276
17756, 460276
17756, 460276
17756, 460276
17756, 460276
17756, 460276
17756, 460276
17756, 460276
17756, 460276
17756, 460276
17756, 460276
17756, 460276
17756, 460276
17756, 460276
17756, 460276
17756, 460276
17756, 460276
17756, 460276
17756, 460276
17756, 460276
17756, 460276
17756, 460276
17756, 460276
17756, 460276
17756, 460276
17756, 460280
17756, 460280
17756, 460280
17756, 460280
17756, 460280
17756, 460280
17756, 460280
17756, 460280
17756, 460280
17756, 460280
17756, 460280
17756, 460280
17756, 460280
17756, 460280
17756, 460280
17756, 460280
17756, 460280
17756, 460280
17756, 460280
17756, 460280
17756, 460280
17756, 460280
17756, 460280
17756, 460280
17756, 460280
17756, 460280
17756, 460280
17756, 460280
17756, 460280
17756, 460280
17756, 460280
17756, 460280
17756, 460280
17756, 460280
17756, 460280
17756, 460280
17756, 460280
17756, 460280
17756, 460280
17756, 460280
17756, 460280
17756, 460280
17756, 460280
17756, 460280
17756, 460280
17756, 460280
17756, 460280
17756, 460280
17756, 460280
17756, 460280
17756, 460280
17756, 460280
17756, 460280
17756, 460280
17756, 460280
17756, 460280
17756, 460280
17756, 460280
17756, 460280
17756, 460280
17756, 460280
17756, 460280
17756, 460280
17756, 460280
17756, 460280
17756, 460280
17756, 460280
17756, 460280
17756, 460280
17756, 460280
17756, 460280
17756, 460280
17756, 460280
17756, 460280
17756, 460280
17756, 460280
17756, 460280
17756, 460280
17756, 460280
17756, 460280
17756, 460280
17756, 460280
17756, 460280
17756, 460280
17756, 460280
17756, 460280
17756, 460280
17756, 460280
17756, 460280
17756, 460280
17756, 460280
17756, 460280
17756, 460280
17756, 460280
17756, 460280
17756, 460280
17756, 460280
17756, 460280
17756, 460280
17756, 460280
17756, 460280
17756, 460280
17756, 460280
17756, 460280
17756, 460280
17756, 460280
17756, 460280
17756, 460280
17756, 460280
17756, 460280
17756, 460280
17756, 460280
17756, 460280
17756, 460280
17756, 460280
17756, 460280
17756, 460280
17756, 460280
17756, 460280
17756, 460280
17756, 460280
17756, 460280
17756, 460280
17756, 460280
17756, 460280
17756, 460280
17756, 460280
17756, 460280
17756, 460280
17756, 460280
17756, 460280
17756, 460280
17756, 460280
17756, 460280
17756, 460280
17756, 460280
17756, 460280
17756, 460280
17756, 460280
17756, 460280
17756, 460280
17756, 460280
17756, 460280
17756, 460280
17756, 460280
17756, 460280
17756, 460280
17756, 460280
17756, 460280
17756, 460280
17756, 460280
17756, 460280
17756, 460280
17756, 460280
17756, 460280
17756, 460280
17756, 460280
17756, 460280
17756, 460280
17756, 460280
17756, 460280
17756, 460280
17756, 460280
17756, 460280
17756, 460280
17756, 460280
17756, 460280
17756, 460280
17756, 460280
17756, 460280
17756, 460280
17756, 460280
17756, 460280
17756, 460280
17756, 460280
17756, 460280
17756, 460280
17756, 460280
17756, 460280
17756, 460280
17756, 460280
17756, 460280
17756, 460280
17756, 460280
17756, 460280
17756, 460280
17756, 460280
17756, 460280
17756, 460280
17756, 460280
17756, 460280
17756, 460280
17756, 460280
17756, 460280
17756, 460280
17756, 460280
17756, 460280
17756, 460280
17756, 460280
17756, 460280
17756, 460280
17756, 460280
17756, 460280
17756, 460280
17756, 460280
17756, 460280
17756, 460280
17756, 460280
17756, 460280
17756, 460280
17756, 460280
17756, 460280
17756, 460280
17756, 460280
17756, 460280
17756, 460280
17756, 460280
17756, 460280
17756, 460280
17756, 460280
17756, 460280
17756, 460280
17756, 460280
17756, 460280
17756, 460280
17756, 460280
17756, 460280
17756, 460280
17756, 460280
17756, 460280
17756, 460280
17756, 460280
17756, 460280
17756, 460280
17756, 460280
17756, 460280
17756, 460280
17756, 460280
17756, 460280
17756, 460280
17756, 460280
17756, 460280
17756, 460280
17756, 460280
17756, 460280
17756, 460280
17756, 460280
17756, 460280
17756, 460280
17756, 460280
17756, 460280
17756, 460280
17756, 460280
17756, 460280
17756, 460280
17756, 460280
17756, 460280
17756, 460280
17756, 460280
17756, 460280
17756, 460280
17756, 460280
17756, 460280
17756, 460280
17756, 460280
17756, 460280
17756, 460280
17756, 460280
17756, 460280
17756, 460280
17756, 460280
17756, 460280
17756, 460280
17756, 460280
17756, 460280
17756, 460280
17756, 460280
17756, 460280
17756, 460280
17756, 460280
17756, 460280
17756, 460280
17756, 460280
17756, 460280
17756, 460280
17756, 460280
17756, 460280
17756, 460280
17756, 460280
17756, 460280
17756, 460280
17756, 460280
17756, 460280
17756, 460280
17756, 460280
17756, 460280
17756, 460280
17756, 460280
17756, 460280
17756, 460280
17756, 460280
17756, 460280
17756, 460280
17756, 460280
17756, 460280
17756, 460280
17756, 460280
17756, 460280
17756, 460280
17756, 460280
17756, 460280
17756, 460280
17756, 460280
17756, 460280
17756, 460280
17756, 460280
17756, 460280
17756, 460280
17756, 460280
17756, 460280
17756, 460280
17756, 460280
17756, 460280
17756, 460280
17756, 460280
17756, 460280
17756, 460280
17756, 460280
17756, 460280
17756, 460280
17756, 460280
17756, 460280
17756, 460280
17756, 460280
17756, 460280
17756, 460280
17756, 460280
17756, 460280
17756, 460280
17756, 460280
17756, 460280
17756, 460280
17756, 460280
17756, 460280
17756, 460280
17756, 460280
17756, 460280
17756, 460280
17756, 460280
17756, 460280
17756, 460280
17756, 460280
17756, 460280
17756, 460280
17756, 460280
17756, 460280
17756, 460280
17756, 460280
17756, 460280
17756, 460280
17756, 460280
17756, 460280
17756, 460280
17756, 460280
17756, 460280
17756, 460280
17756, 460280
17756, 460280
17756, 460280
17756, 460280
17756, 460280
17756, 460280
17756, 460280
17756, 460280
17756, 460280
17756, 460280
17756, 460280
17756, 460280
17756, 460280
17756, 460280
17756, 460280
17756, 460280
17756, 460280
17756, 460280
17756, 460280
17756, 460280
17756, 460280
17756, 460280
17756, 460280
17756, 460280
17756, 460280
17756, 460280
17756, 460280
17756, 460280
17756, 460280
17756, 460280
17756, 460280
17756, 460280
17756, 460280
17756, 460280
17756, 460280
17756, 460280
17756, 460280
17756, 460280
17756, 460280
17756, 460280
17756, 460280
17756, 460280
17756, 460280
17756, 460280
17756, 460280
17756, 460280
17756, 460280
17756, 460280
17756, 460280
17756, 460280
17756, 460280
17756, 460280
17756, 460280
17756, 460280
17756, 460280
17756, 460280
17756, 460280
17756, 460280
17756, 460280
17756, 460280
17756, 460280
17756, 460280
17756, 460280
17756, 460280
17756, 460280
17756, 460280
17756, 460280
17756, 460280
17756, 460280
17756, 460280
17756, 460280
17756, 460280
17756, 460280
17756, 460280
17756, 460280
17756, 460280
17756, 460280
17756, 460280
17756, 460280
17756, 460280
17756, 460280
17756, 460280
17756, 460280
17756, 460280
17756, 460280
17756, 460280
17756, 460280
17756, 460280
17756, 460280
17756, 460280
17756, 460280
17756, 460280
17756, 460280
17756, 460280
17756, 460280
17756, 460280
17756, 460280
17756, 460280
17756, 460280
17756, 460280
17756, 460280
17756, 460280
17756, 460280
17756, 460280
17756, 460280
17756, 460280
17756, 460280
17756, 460280
17756, 460280
17756, 460280
17756, 460280
17756, 460280
17756, 460280
17756, 460280
17756, 460280
17756, 460280
17756, 460280
17756, 460280
17756, 460280
17756, 460280
17756, 460280
17756, 460280
17756, 460280
17756, 460280
17756, 460280
17756, 460280
17756, 460280
17756, 460280
17756, 460280
17756, 460280
17756, 460280
17756, 460280
17756, 460280
17756, 460280
17756, 460280
17756, 460280
17756, 460280
17756, 460280
17756, 460280
17756, 460280
17756, 460280
17756, 460280
17756, 460280
17756, 460280
17756, 460280
17756, 460280
17756, 460280
17756, 460280
17756, 460280
17756, 460280
17756, 460280
17756, 460280
17756, 460280
17756, 460280
17756, 460280
17756, 460280
17756, 460280
17756, 460280
17756, 460280
17756, 460280
17756, 460280
17756, 460280
17756, 460280
17756, 460280
17756, 460280
17756, 460280
17756, 460280
17756, 460280
17756, 460280
17756, 460280
17756, 460280
17756, 460280
17756, 460280
17756, 460280
17756, 460280
17756, 460280
17756, 460280
17756, 460280
17756, 460280
17756, 460280
17756, 460280
17756, 460280
17756, 460280
17756, 460280
17756, 460280
17756, 460280
17756, 460280
17756, 460280
17756, 460280
17756, 460280
17756, 460280
17756, 460280
17756, 460280
17756, 460280
17756, 460280
17756, 460280
17756, 460280
17756, 460280
17756, 460280
17756, 460280
17756, 460280
17756, 460280
17756, 460280
17756, 460280
17756, 460280
17756, 460280
17756, 460280
17756, 460280
17756, 460280
17756, 460280
17756, 460280
17756, 460280
17756, 460280
17756, 460280
17756, 460280
17756, 460280
17756, 460280
17756, 460280
17756, 460280
17756, 460280
17756, 460280
17756, 460280
17756, 460280
17756, 460280
17756, 460280
17756, 460280
17756, 460280
17756, 460280
17756, 460280
17756, 460280
17756, 460280
17756, 460280
17756, 460280
17756, 460280
17756, 460280
17756, 460280
17756, 460280
17756, 460280
17756, 460280
17756, 460280
17756, 460280
17756, 460280
17756, 460280
17756, 460280
17756, 460280
17756, 460280
17756, 460280
17756, 460280
17756, 460280
17756, 460280
17756, 460280
17756, 460280
17756, 460280
17756, 460280
17756, 460280
17756, 460280
17756, 460280
17756, 460280
17756, 460280
17756, 460280
17756, 460280
17756, 460280
17756, 460280
17756, 460280
17756, 460280
17756, 460280
17756, 460280
17756, 460280
17756, 460280
17756, 460280
17756, 460280
17756, 460280
17756, 460280
17756, 460280
17756, 460280
17756, 460280
17756, 460280
17756, 460280
17756, 460280
17756, 460280
17756, 460280
17756, 460280
17756, 460280
17756, 460280
17756, 460280
17756, 460280
17756, 460280
17756, 460280
17756, 460280
17756, 460280
17756, 460280
17756, 460280
17756, 460280
17756, 460280
17756, 460280
17756, 460280
17756, 460280
17756, 460280
17756, 460280
17756, 460280
17756, 460280
17756, 460280
17756, 460280
17756, 460280
17756, 460280
17756, 460280
17756, 460280
17756, 460280
17756, 460280
17756, 460280
17756, 460280
17756, 460280
17756, 460280
17756, 460280
17756, 460280
17756, 460280
17756, 460284
17756, 460284
17756, 460284
17756, 460284
17756, 460284
17756, 460284
17756, 460284
17756, 460284
17756, 460284
17756, 460284
17756, 460284
17756, 460284
17756, 460284
17756, 460284
17756, 460284
17756, 460284
17756, 460284
17756, 460284
17756, 460284
17756, 460284
17756, 460284
17756, 460284
17756, 460284
17756, 460284
17756, 460284
17756, 460284
17756, 460284
17756, 460284
17756, 460284
17756, 460284
17756, 460284
17756, 460284
17756, 460284
17756, 460284
17756, 460284
17756, 460284
17756, 460284
17756, 460284
17756, 460284
17756, 460284
17756, 460284
17756, 460284
17756, 460284
17756, 460284
17756, 460284
17756, 460284
17756, 460284
17756, 460284
17756, 460284
17756, 460284
17756, 460284
17756, 460284
17756, 460284
17756, 460284
17756, 460284
17756, 460284
17756, 460284
17756, 460284
17756, 460284
17756, 460284
17756, 460284
17756, 460284
17756, 460284
17756, 460284
17756, 460284
17756, 460284
17756, 460284
17756, 460284
17756, 460284
17756, 460284
17756, 460284
17756, 460284
17756, 460284
17756, 460284
17756, 460284
17756, 460284
17756, 460284
17756, 460284
17756, 460284
17756, 460284
17756, 460284
17756, 460284
17756, 460284
17756, 460284
17756, 460284
17756, 460284
17756, 460284
17756, 460284
17756, 460284
17756, 460284
17756, 460284
17756, 460284
17756, 460284
17756, 460284
17756, 460284
17756, 460284
17756, 460284
17756, 460284
17756, 460284
17756, 460284
17756, 460284
17756, 460284
17756, 460284
17756, 460284
17756, 460284
17756, 460284
17756, 460284
17756, 460284
17756, 460284
17756, 460284
17756, 460284
17756, 460284
17756, 460284
17756, 460284
17756, 460284
17756, 460284
17756, 460284
17756, 460284
17756, 460284
17756, 460284
17756, 460284
17756, 460284
17756, 460284
17756, 460284
17756, 460284
17756, 460284
17756, 460284
17756, 460284
17756, 460284
17756, 460284
17756, 460284
17756, 460284
17756, 460284
17756, 460284
17756, 460284
17756, 460284
17756, 460284
17756, 460284
17756, 460284
17756, 460284
17756, 460284
17756, 460284
17756, 460284
17756, 460284
17756, 460284
17756, 460284
17756, 460284
17756, 460284
17756, 460284
17756, 460284
17756, 460284
17756, 460284
17756, 460284
17756, 460284
17756, 460284
17756, 460284
17756, 460284
17756, 460284
17756, 460284
17756, 460284
17756, 460284
17756, 460284
17756, 460284
17756, 460284
17756, 460284
17756, 460284
17756, 460284
17756, 460284
17756, 460284
17756, 460284
17756, 460284
17756, 460284
17756, 460284
17756, 460284
17756, 460284
17756, 460284
17756, 460284
17756, 460284
17756, 460284
17756, 460284
17756, 460284
17756, 460284
17756, 460284
17756, 460284
17756, 460284
17756, 460284
17756, 460284
17756, 460284
17756, 460284
17756, 460284
17756, 460284
17756, 460284
17756, 460284
17756, 460284
17756, 460284
17756, 460284
17756, 460284
17756, 460284
17756, 460284
17756, 460284
17756, 460284
17756, 460284
17756, 460284
17756, 460284
17756, 460284
17756, 460284
17756, 460284
17756, 460284
17756, 460284
17756, 460284
17756, 460284
17756, 460284
17756, 460284
17756, 460284
17756, 460284
17756, 460284
17756, 460284
17756, 460284
17756, 460284
17756, 460284
17756, 460284
17756, 460284
17756, 460284
17756, 460284
17756, 460284
17756, 460284
17756, 460284
17756, 460284
17756, 460284
17756, 460284
17756, 460284
17756, 460284
17756, 460284
17756, 460284
17756, 460284
17756, 460284
17756, 460284
17756, 460284
17756, 460284
17756, 460284
17756, 460284
17756, 460284
17756, 460284
17756, 460284
17756, 460284
17756, 460284
17756, 460284
17756, 460284
17756, 460284
17756, 460284
17756, 460284
17756, 460284
17756, 460284
17756, 460284
17756, 460284
17756, 460284
17756, 460284
17756, 460284
17756, 460284
17756, 460284
17756, 460284
17756, 460284
17756, 460284
17756, 460284
17756, 460284
17756, 460284
17756, 460284
17756, 460284
17756, 460284
17756, 460284
17756, 460284
17756, 460284
17756, 460284
17756, 460284
17756, 460284
17756, 460284
17756, 460284
17756, 460284
17756, 460284
17756, 460284
17756, 460284
17756, 460284
17756, 460284
17756, 460284
17756, 460284
17756, 460284
17756, 460284
17756, 460284
17756, 460284
17756, 460284
17756, 460284
17756, 460284
17756, 460284
17756, 460284
17756, 460284
17756, 460284
17756, 460284
17756, 460284
17756, 460284
17756, 460284
17756, 460284
17756, 460284
17756, 460284
17756, 460284
17756, 460284
17756, 460284
17756, 460284
17756, 460284
17756, 460284
17756, 460284
17756, 460284
17756, 460284
17756, 460284
17756, 460284
17756, 460284
17756, 460284
17756, 460284
17756, 460284
17756, 460284
17756, 460284
17756, 460284
17756, 460284
17756, 460284
17756, 460284
17756, 460284
17756, 460284
17756, 460284
17756, 460284
17756, 460284
17756, 460284
17756, 460284
17756, 460284
17756, 460284
17756, 460284
17756, 460284
17756, 460284
17756, 460284
17756, 460284
17756, 460284
17756, 460284
17756, 460284
17756, 460284
17756, 460284
17756, 460284
17756, 460284
17756, 460284
17756, 460284
17756, 460284
17756, 460284
17756, 460284
17756, 460284
17756, 460284
17756, 460284
17756, 460284
17756, 460284
17756, 460284
17756, 460284
17756, 460284
17756, 460284
17756, 460284
17756, 460284
17756, 460284
17756, 460284
17756, 460284
17756, 460284
17756, 460284
17756, 460284
17756, 460284
17756, 460284
17756, 460284
17756, 460284
17756, 460284
17756, 460284
17756, 460284
17756, 460284
17756, 460284
17756, 460284
17756, 460284
17756, 460284
17756, 460284
17756, 460284
17756, 460284
17756, 460284
17756, 460284
17756, 460284
17756, 460284
17756, 460284
17756, 460284
17756, 460284
17756, 460284
17756, 460284
17756, 460284
17756, 460284
17756, 460284
17756, 460284
17756, 460284
17756, 460284
17756, 460284
17756, 460284
17756, 460284
17756, 460284
17756, 460284
17756, 460284
17756, 460284
17756, 460284
17756, 460284
17756, 460284
17756, 460284
17756, 460284
17756, 460284
17756, 460284
17756, 460284
17756, 460284
17756, 460284
17756, 460284
17756, 460284
17756, 460284
17756, 460284
17756, 460284
17756, 460284
17756, 460284
17756, 460284
17756, 460284
17756, 460284
17756, 460284
17756, 460284
17756, 460284
17756, 460284
17756, 460284
17756, 460284
17756, 460284
17756, 460284
17756, 460284
17756, 460284
17756, 460284
17756, 460284
17756, 460284
17756, 460284
17756, 460284
17756, 460284
17756, 460284
17756, 460284
17756, 460284
17756, 460284
17756, 460284
17756, 460284
17756, 460284
17756, 460284
17756, 460284
17756, 460284
17756, 460284
17756, 460284
17756, 460284
17756, 460284
17756, 460284
17756, 460284
17756, 460284
17756, 460284
17756, 460284
17756, 460284
17756, 460284
17756, 460284
17756, 460284
17756, 460284
17756, 460284
17756, 460284
17756, 460284
17756, 460284
17756, 460284
17756, 460284
17756, 460284
17756, 460284
17756, 460284
17756, 460284
17756, 460284
17756, 460284
17756, 460284
17756, 460284
17756, 460284
17756, 460284
17756, 460284
17756, 460284
17756, 460284
17756, 460284
17756, 460284
17756, 460284
17756, 460284
17756, 460284
17756, 460284
17756, 460284
17756, 460284
17756, 460284
17756, 460284
17756, 460284
17756, 460284
17756, 460284
17756, 460284
17756, 460284
17756, 460284
17756, 460284
17756, 460284
17756, 460284
17756, 460284
17756, 460284
17756, 460284
17756, 460284
17756, 460284
17756, 460284
17756, 460284
17756, 460284
17756, 460284
17756, 460284
17756, 460284
17756, 460284
17756, 460284
17756, 460284
17756, 460284
17756, 460284
17756, 460284
17756, 460284
17756, 460284
17756, 460284
17756, 460284
17756, 460284
17756, 460284
17756, 460284
17756, 460284
17756, 460284
17756, 460284
17756, 460284
17756, 460284
17756, 460284
17756, 460284
17756, 460284
17756, 460284
17756, 460284
17756, 460284
17756, 460284
17756, 460284
17756, 460284
17756, 460284
17756, 460284
17756, 460284
17756, 460284
17756, 460284
17756, 460284
17756, 460284
17756, 460284
17756, 460284
17756, 460284
17756, 460284
17756, 460284
17756, 460284
17756, 460284
17756, 460284
17756, 460284
17756, 460284
17756, 460284
17756, 460284
17756, 460284
17756, 460284
17756, 460284
17756, 460284
17756, 460284
17756, 460284
17756, 460284
17756, 460284
17756, 460284
17756, 460284
17756, 460284
17756, 460284
17756, 460284
17756, 460284
17756, 460284
17756, 460284
17756, 460284
17756, 460284
17756, 460284
17756, 460284
17756, 460284
17756, 460284
17756, 460284
17756, 460284
17756, 460284
17756, 460284
17756, 460284
17756, 460284
17756, 460284
17756, 460284
17756, 460284
17756, 460284
17756, 460284
17756, 460284
17756, 460284
17756, 460284
17756, 460284
17756, 460284
17756, 460284
17756, 460284
17756, 460284
17756, 460284
17756, 460284
17756, 460284
17756, 460284
17756, 460284
17756, 460284
17756, 460284
17756, 460284
17756, 460284
17756, 460284
17756, 460284
17756, 460284
17756, 460284
17756, 460284
17756, 460284
17756, 460284
17756, 460284
17756, 460284
17756, 460284
17756, 460284
17756, 460284
17756, 460284
17756, 460284
17756, 460284
17756, 460284
17756, 460284
17756, 460284
17756, 460284
17756, 460284
17756, 460284
17756, 460284
17756, 460284
17756, 460284
17756, 460284
17756, 460284
17756, 460284
17756, 460284
17756, 460284
17756, 460284
17756, 460284
17756, 460284
17756, 460284
17756, 460284
17756, 460284
17756, 460284
17756, 460284
17756, 460284
17756, 460284
17756, 460284
17756, 460284
17756, 460284
17756, 460284
17756, 460284
17756, 460284
17756, 460284
17756, 460284
17756, 460284
17756, 460284
17756, 460284
17756, 460284
17756, 460284
17756, 460284
17756, 460284
17756, 460284
17756, 460284
17756, 460284
17756, 460284
17756, 460284
17756, 460284
17756, 460284
17756, 460284
17756, 460284
17756, 460284
17756, 460284
17756, 460284
17756, 460284
17756, 460284
17756, 460284
17756, 460284
17756, 460284
17756, 460284
17756, 460284
17756, 460284
17756, 460284
17756, 460284
17756, 460284
17756, 460284
17756, 460284
17756, 460284
17756, 460284
17756, 460284
17756, 460284
17756, 460284
17756, 460284
17756, 460284
17756, 460284
17756, 460284
17756, 460284
17756, 460284
17756, 460284
17756, 460284
17756, 460284
17756, 460284
17756, 460284
17756, 460284
17756, 460284
17756, 460284
17756, 460284
17756, 460284
17756, 460284
17756, 460284
17756, 460284
17756, 460284
17756, 460284
17756, 460284
17756, 460284
17756, 460284
17756, 460284
17756, 460284
17756, 460284
17756, 460284
17756, 460284
17756, 460284
17756, 460284
17756, 460284
17756, 460284
17756, 460284
17756, 460284
17756, 460284
17756, 460284
17756, 460284
17756, 460284
17756, 460284
17756, 460284
17756, 460284
17756, 460284
17756, 460284
17756, 460284
17756, 460284
17756, 460284
17756, 460284
17756, 460284
17756, 460284
17756, 460284
17756, 460284
17756, 460284
17756, 460284
17756, 460284
17756, 460284
17756, 460284
17756, 460284
17756, 460284
17756, 460284
17756, 460284
17756, 460284
17756, 460284
17756, 460284
17756, 460284
17756, 460284
17756, 460284
17756, 460284
17756, 460284
17756, 460284
17756, 460284
17756, 460284
17756, 460284
17756, 460284
17756, 460284
17756, 460284
17756, 460284
17756, 460284
17756, 460284
17756, 460284
17756, 460284
17756, 460284
17756, 460284
17756, 460284
17756, 460284
17756, 460284
17756, 460284
17756, 460284
17756, 460284
17756, 460284
17756, 460284
17756, 460284
17756, 460284
17756, 460284
17756, 460284
17756, 460284
17756, 460284
17756, 460284
17756, 460284
17756, 460284
17756, 460284
17756, 460284
17756, 460284
17756, 460284
17756, 460284
17756, 460284
17756, 460284
17756, 460284
17756, 460284
17756, 460284
17756, 460284
17756, 460284
17756, 460284
17756, 460284
17756, 460284
17756, 460284
17756, 460284
17756, 460284
17756, 460284
17756, 460284
17756, 460284
17756, 460284
17756, 460284
17756, 460284
17756, 460284
17756, 460284
17756, 460284
17756, 460284
17756, 460284
17756, 460284
17756, 460284
17756, 460284
17756, 460284
17756, 460284
17756, 460284
17756, 460284
17756, 460284
17756, 460284
17756, 460284
17756, 460284
17756, 460284
17756, 460284
17756, 460284
17756, 460284
17756, 460284
17756, 460284
17756, 460284
17756, 460284
17756, 460284
17756, 460284
17756, 460284
17756, 460284
17756, 460284
17756, 460284
17756, 460284
17756, 460284
17756, 460284
17756, 460284
17756, 460284
17756, 460284
17756, 460284
17756, 460284
17756, 460284
17756, 460284
17756, 460284
17756, 460284
17756, 460284
17756, 460284
17756, 460284
17756, 460284
17756, 460284
17756, 460284
17756, 460284
17756, 460284
17756, 460284
17756, 460284
17756, 460284
17756, 460284
17756, 460284
17756, 460284
17756, 460284
17756, 460284
17756, 460284
17756, 460284
17756, 460284
17756, 460284
17756, 460284
17756, 460284
17756, 460284
17756, 460284
17756, 460284
17756, 460284
17756, 460284
17756, 460284
17756, 460284
17756, 460284
17756, 460284
17756, 460284
17756, 460284
17756, 460284
17756, 460284
17756, 460284
17756, 460284
17756, 460284
17756, 460284
17756, 460284
17756, 460284
17756, 460284
17756, 460284
17756, 460284
17756, 460284
17756, 460284
17756, 460284
17756, 460284
17756, 460284
17756, 460284
17756, 460284
17756, 460284
17756, 460284
17756, 460284
17756, 460284
17756, 460284
17756, 460284
17756, 460284
17756, 460284
17756, 460284
17756, 460284
17756, 460284
17756, 460284
17756, 460284
17756, 460284
17756, 460284
17756, 460284
17756, 460284
17756, 460284
17756, 460284
17756, 460284
17756, 460284
17756, 460284
17756, 460284
17756, 460284
17756, 460284
17756, 460284
17756, 460284
17756, 460284
17756, 460284
17756, 460284
17756, 460284
17756, 460284
17756, 460284
17756, 460284
17756, 460284
17756, 460284
17756, 460284
17756, 460284
17756, 460284
17756, 460284
17756, 460284
17756, 460284
17756, 460284
17756, 460284
17756, 460284
17756, 460284
17756, 460284
17756, 460284
17756, 460284
17756, 460284
17756, 460284
17756, 460284
17756, 460284
17756, 460284
17756, 460284
17756, 460284
17756, 460284
17756, 460284
17756, 460284
17756, 460284
17756, 460284
17756, 460284
17756, 460284
17756, 460284
17756, 460284
17756, 460284
17756, 460284
17756, 460284
17756, 460284
17756, 460284
17756, 460284
17756, 460284
17756, 460284
17756, 460284
17756, 460284
17756, 460284
17756, 460284
17756, 460284
17756, 460284
17756, 460284
17756, 460284
17756, 460284
17756, 460284
17756, 460284
17756, 460284
17756, 460284
17756, 460284
17756, 460284
17756, 460284
17756, 460284
17756, 460284
17756, 460284
17756, 460284
17756, 460284
17756, 460284
17756, 460284
17756, 460284
17756, 460284
17756, 460284
17756, 460284
17756, 460284
17756, 460284
17756, 460284
17756, 460284
17756, 460284
17756, 460284
17756, 460284
17756, 460284
17756, 460284
17756, 460284
17756, 460284
17756, 460284
17756, 460284
17756, 460284
17756, 460284
17756, 460284
17756, 460284
17756, 460284
17756, 460284
17756, 460284
17756, 460284
17756, 460284
17756, 460284
17756, 460284
17756, 460284
17756, 460284
17756, 460284
17756, 460284
17756, 460284
17756, 460284
17756, 460284
17756, 460284
17756, 460284
17756, 460284
17756, 460284
17756, 460284
17756, 460284
17756, 460284
17756, 460284
17756, 460284
17756, 460284
17756, 460284
17756, 460284
17756, 460284
17756, 460284
17756, 460284
17756, 460284
17756, 460284
17756, 460284
17756, 460284
17756, 460284
17756, 460284
17756, 460284
17756, 460284
17756, 460284
17756, 460284
17756, 460284
17756, 460284
17756, 460284
17756, 460284
17756, 460284
17756, 460284
17756, 460284
17756, 460284
17756, 460284
17756, 460284
17756, 460284
17756, 460284
17756, 460284
17756, 460284
17756, 460284
17756, 460284
17756, 460284
17756, 460284
17756, 460284
17756, 460284
17756, 460284
17756, 460284
17756, 460284
17756, 460284
17756, 460284
17756, 460284
17756, 460284
17756, 460284
17756, 460284
17756, 460284
17756, 460284
17756, 460284
17756, 460284
17756, 460284
17756, 460284
17756, 460284
17756, 460284
17756, 460284
17756, 460284
17756, 460284
17756, 460284
17756, 460284
17756, 460284
17756, 460284
17756, 460284
17756, 460284
17756, 460284
17756, 460284
17756, 460284
17756, 460284
17756, 460284
17756, 460284
17756, 460284
17756, 460284
17756, 460284
17756, 460284
17756, 460284
17756, 460284
17756, 460284
17756, 460284
17756, 460284
17756, 460284
17756, 460284
17756, 460284
17756, 460284
17756, 460284
17756, 460284
17756, 460284
17756, 460284
17756, 460284
17756, 460284
17756, 460284
17756, 460284
17756, 460284
17756, 460284
17756, 460284
17756, 460284
17756, 460284
17756, 460284
17756, 460284
17756, 460284
17756, 460284
17756, 460284
17756, 460284
17756, 460284
17756, 460284
17756, 460284
17756, 460284
17756, 460284
17756, 460284
17756, 460284
17756, 460284
17756, 460284
17756, 460284
17756, 460284
17756, 460284
17756, 460284
17756, 460284
17756, 460284
17756, 460284
17756, 460284
17756, 460284
17756, 460284
17756, 460284
17756, 460284
17756, 460284
17756, 460284
17756, 460284
17756, 460284
17756, 460284
17756, 460284
17756, 460284
17756, 460284
17756, 460284
17756, 460284
17756, 460284
17756, 460284
17756, 460284
17756, 460284
17756, 460284
17756, 460284
17756, 460284
17756, 460284
17756, 460284
17756, 460284
17756, 460284
17756, 460284
17756, 460284
17756, 460284
17756, 460284
17756, 460284
17756, 460284
17756, 460284
17756, 460284
17756, 460284
17756, 460284
17756, 460284
17756, 460284
17756, 460284
17756, 460284
17756, 460284
17756, 460284
17756, 460284
17756, 460284
17756, 460284
17756, 460284
17756, 460284
17756, 460284
17756, 460284
17756, 460284
17756, 460284
17756, 460284
17756, 460284
17756, 460284
17756, 460284
17756, 460284
17756, 460284
17756, 460284
17756, 460284
17756, 460284
17756, 460284
17756, 460284
17756, 460284
17756, 460284
17756, 460284
17756, 460284
17756, 460284
17756, 460284
17756, 460284
17756, 460284
17756, 460284
17756, 460284
17756, 460284
17756, 460284
17756, 460284
17756, 460284
17756, 460284
17756, 460284
17756, 460284
17756, 460284
17756, 460284
17756, 460284
17756, 460284
17756, 460284
17756, 460284
17756, 460284
17756, 460284
17756, 460284
17756, 460284
17756, 460284
17756, 460284
17756, 460284
17756, 460284
17756, 460284
17756, 460284
17756, 460284
17756, 460284
17756, 460284
17756, 460284
17756, 460284
17756, 460284
17756, 460284
17756, 460284
17756, 460284
17756, 460284
17756, 460284
17756, 460284
17756, 460284
17756, 460284
17756, 460284
17756, 460284
17756, 460284
17756, 460284
17756, 460284
17756, 460284
17756, 460284
17756, 460284
17756, 460284
17756, 460284
17756, 460284
17756, 460284
17756, 460284
17756, 460284
17756, 460284
17756, 460284
17756, 460284
17756, 460284
17756, 460284
17756, 460284
17756, 460284
17756, 460284
17756, 460284
17756, 460284
17756, 460284
17756, 460284
17756, 460284
17756, 460284
17756, 460284
17756, 460284
17756, 460284
17756, 460284
17756, 460284
17756, 460284
17756, 460284
17756, 460284
17756, 460284
17756, 460284
17756, 460284
17756, 460284
17756, 460284
17756, 460284
17756, 460284
17756, 460284
17756, 460284
17756, 460284
17756, 460284
17756, 460284
17756, 460284
17756, 460284
17756, 460284
17756, 460284
17756, 460284
17756, 460284
17756, 460284
17756, 460284
17756, 460284
17756, 460284
17756, 460284
17756, 460284
17756, 460284
17756, 460284
17756, 460284
17756, 460284
17756, 460284
17756, 460284
17756, 460284
17756, 460284
17756, 460284
17756, 460284
17756, 460284
17756, 460284
17756, 460284
17756, 460284
17756, 460284
17756, 460284
17756, 460284
17756, 460284
17756, 460284
17756, 460284
17756, 460284
17756, 460284
17756, 460284
17756, 460284
17756, 460284
17756, 460284
17756, 460284
17756, 460284
17756, 460284
17756, 460284
17756, 460284
17756, 460284
17756, 460284
17756, 460284
17756, 460284
17756, 460284
17756, 460284
17756, 460284
17756, 460284
17756, 460284
17756, 460284
17756, 460284
17756, 460284
17756, 460284
17756, 460284
17756, 460284
17756, 460284
17756, 460284
17756, 460284
17756, 460284
17756, 460284
17756, 460284
17756, 460284
17756, 460284
17756, 460284
17756, 460284
17756, 460284
17756, 460284
17756, 460284
17756, 460284
17756, 460284
17756, 460284
17756, 460284
17756, 460284
17756, 460284
17756, 460284
17756, 460284
17756, 460284
17756, 460284
17756, 460284
17756, 460284
17756, 460284
17756, 460284
17756, 460284
17756, 460284
17756, 460284
17756, 460284
17756, 460284
17756, 460284
17756, 460284
17756, 460284
17756, 460284
17756, 460284
17756, 460284
17756, 460284
17756, 460284
17756, 460284
17756, 460284
17756, 460284
17756, 460284
17756, 460284
17756, 460284
17756, 460284
17756, 460284
17756, 460284
17756, 460284
17756, 460284
17756, 460284
17756, 460284
17756, 460284
17756, 460284
17756, 460284
17756, 460284
17756, 460284
17756, 460284
17756, 460284
17756, 460284
17756, 460284
17756, 460284
17756, 460284
17756, 460284
17756, 460284
17756, 460284
17756, 460284
17756, 460284
17756, 460284
17756, 460284
17756, 460284
17756, 460284
17756, 460284
17756, 460284
17756, 460284
17756, 460284
17756, 460284
17756, 460284
17756, 460284
17756, 460284
17756, 460284
17756, 460284
17756, 460284
17756, 460284
17756, 460284
17756, 460284
17756, 460284
17756, 460284
17756, 460284
17756, 460284
17756, 460284
17756, 460284
17756, 460284
17756, 460284
17756, 460284
17756, 460284
17756, 460284
17756, 460284
17756, 460284
17756, 460284
17756, 460284
17756, 460284
17756, 460284
17756, 460284
17756, 460284
17756, 460284
17756, 460284
17756, 460284
17756, 460284
17756, 460284
17756, 460284
17756, 460284
17756, 460284
17756, 460284
17756, 460284
17756, 460284
17756, 460284
17756, 460284
17756, 460284
17756, 460284
17756, 460284
17756, 460284
17756, 460284
17756, 460284
17756, 460284
17756, 460284
17756, 460284
17756, 460284
17756, 460284
17756, 460284
17756, 460284
17756, 460284
17756, 460284
17756, 460284
17756, 460284
17756, 460284
17756, 460284
17756, 460284
17756, 460284
17756, 460284
17756, 460284
17756, 460284
17756, 460284
17756, 460284
17756, 460284
17756, 460284
17756, 460284
17756, 460284
17756, 460284
17756, 460284
17756, 460284
17756, 460284
17756, 460284
17756, 460284
17756, 460284
17756, 460284
17756, 460284
17756, 460284
17756, 460284
17756, 460284
17756, 460284
17756, 460284
17756, 460284
17756, 460284
17756, 460284
17756, 460284
17756, 460284
17756, 460284
17756, 460284
17756, 460284
17756, 460284
17756, 460284
17756, 460284
17756, 460284
17756, 460284
17756, 460284
17756, 460284
17756, 460284
17756, 460284
17756, 460284
17756, 460284
17756, 460284
17756, 460284
17756, 460284
17756, 460284
17756, 460284
17756, 460284
17756, 460284
17756, 460284
17756, 460284
17756, 460284
17756, 460284
17756, 460284
17756, 460284
17756, 460284
17756, 460284
17756, 460284
17756, 460284
17756, 460284
17756, 460284
17756, 460284
17756, 460284
17756, 460284
17756, 460284
17756, 460284
17756, 460284
17756, 460284
17756, 460284
17756, 460284
17756, 460284
17756, 460284
17756, 460284
17756, 460284
17756, 460284
17756, 460284
17756, 460284
17756, 460284
17756, 460284
17756, 460284
17756, 460284
17756, 460284
17756, 460284
17756, 460284
17756, 460284
17756, 460284
17756, 460284
17756, 460284
17756, 460284
17756, 460284
17756, 460284
17756, 460284
17756, 460284
17756, 460284
17756, 460284
17756, 460284
17756, 460284
17756, 460284
17756, 460284
17756, 460284
17756, 460284
17756, 460284
17756, 460284
17756, 460284
17756, 460284
17756, 460284
17756, 460284
17756, 460284
17756, 460284
17756, 460284
17756, 460284
17756, 460284
17756, 460284
17756, 460284
17756, 460284
17756, 460284
17756, 460284
17756, 460284
17756, 460284
17756, 460284
17756, 460284
17756, 460284
17756, 460284
17756, 460284
17756, 460284
17756, 460284
17756, 460284
17756, 460284
17756, 460284
17756, 460284
17756, 460284
17756, 460284
17756, 460284
17756, 460284
17756, 460284
17756, 460284
17756, 460284
17756, 460284
17756, 460284
17756, 460284
17756, 460284
17756, 460284
17756, 460284
17756, 460284
17756, 460284
17756, 460284
17756, 460284
17756, 460284
17756, 460284
17756, 460284
17756, 460284
17756, 460284
17756, 460284
17756, 460284
17756, 460284
17756, 460284
17756, 460284
17756, 460284
17756, 460284
17756, 460284
17756, 460284
17756, 460284
17756, 460284
17756, 460284
17756, 460284
17756, 460284
17756, 460284
17756, 460284
17756, 460284
17756, 460284
17756, 460284
17756, 460284
17756, 460284
17756, 460284
17756, 460284
17756, 460284
17756, 460284
17756, 460284
17756, 460284
17756, 460284
17756, 460284
17756, 460284
17756, 460284
17756, 460284
17756, 460284
17756, 460284
17756, 460284
17756, 460284
17756, 460284
17756, 460284
17756, 460284
17756, 460284
17756, 460284
17756, 460284
17756, 460284
17756, 460284
17756, 460284
17756, 460284
17756, 460284
17756, 460284
17756, 460284
17756, 460284
17756, 460284
17756, 460284
17756, 460284
17756, 460284
17756, 460284
17756, 460284
17756, 460284
17756, 460284
17756, 460284
17756, 460284
17756, 460284
17756, 460284
17756, 460284
17756, 460284
17756, 460284
17756, 460284
17756, 460284
17756, 460284
17756, 460284
17756, 460284
17756, 460284
17756, 460284
17756, 460284
17756, 460284
17756, 460284
17756, 460284
17756, 460284
17756, 460284
17756, 460284
17756, 460284
17756, 460284
17756, 460284
17756, 460284
17756, 460284
17756, 460284
17756, 460284
17756, 460284
17756, 460284
17756, 460284
17756, 460284
17756, 460284
17756, 460284
17756, 460284
17756, 460284
17756, 460284
17756, 460284
17756, 460284
17756, 460284
17756, 460284
17756, 460284
17756, 460284
17756, 460284
17756, 460284
17756, 460284
17756, 460284
17756, 460284
17756, 460284
17756, 460284
17756, 460284
17756, 460284
17756, 460284
17756, 460284
17756, 460284
17756, 460284
17756, 460284
17756, 460284
17756, 460284
17756, 460284
17756, 460284
17756, 460284
17756, 460284
17756, 460284
17756, 460284
17756, 460284
17756, 460284
17756, 460284
17756, 460284
17756, 460284
17756, 460284
17756, 460284
17756, 460284
17756, 460284
17756, 460284
17756, 460284
17756, 460284
17756, 460284
17756, 460284
17756, 460284
17756, 460284
17756, 460284
17756, 460284
17756, 460284
17756, 460284
17756, 460284
17756, 460284
17756, 460284
17756, 460284
17756, 460284
17756, 460284
17756, 460284
17756, 460284
17756, 460284
17756, 460284
17756, 460284
17756, 460284
17756, 460284
17756, 460284
17756, 460284
17756, 460284
17756, 460284
17756, 460284
17756, 460284
17756, 460284
17756, 460284
17756, 460284
17756, 460284
17756, 460284
17756, 460284
17756, 460284
17756, 460284
17756, 460284
17756, 460284
17756, 460284
17756, 460284
17756, 460284
17756, 460284
17756, 460284
17756, 460284
17756, 460284
17756, 460284
17756, 460284
17756, 460284
17756, 460284
17756, 460284
17756, 460284
17756, 460284
17756, 460284
17756, 460284
17756, 460284
17756, 460284
17756, 460284
17756, 460284
17756, 460284
17756, 460284
17756, 460284
17756, 460284
17756, 460284
17756, 460284
17756, 460284
17756, 460284
17756, 460284
17756, 460284
17756, 460284
17756, 460284
17756, 460284
17756, 460284
17756, 460284
17756, 460284
17756, 460284
17756, 460284
17756, 460284
17756, 460284
17756, 460284
17756, 460284
17756, 460284
17756, 460284
17756, 460284
17756, 460284
17756, 460284
17756, 460284
17756, 460284
17756, 460284
17756, 460284
17756, 460284
17756, 460284
17756, 460284
17756, 460284
17756, 460284
17756, 460284
17756, 460284
17756, 460284
17756, 460284
17756, 460284
17756, 460284
17756, 460284
17756, 460284
17756, 460284
17756, 460284
17756, 460284
17756, 460284
17756, 460284
17756, 460284
17756, 460284
17756, 460284
17756, 460284
17756, 460284
17756, 460284
17756, 460284
17756, 460284
17756, 460284
17756, 460284
17756, 460284
17756, 460284
17756, 460284
17756, 460284
17756, 460284
17756, 460284
17756, 460284
17756, 460284
17756, 460284
17756, 460284
17756, 460284
17756, 460284
17756, 460284
17756, 460284
17756, 460284
17756, 460284
17756, 460284
17756, 460284
17756, 460284
17756, 460284
17756, 460284
17756, 460284
17756, 460284
17756, 460284
17756, 460284
17756, 460284
17756, 460284
17756, 460284
17756, 460284
17756, 460284
17756, 460284
17756, 460284
17756, 460284
17756, 460284
17756, 460284
17756, 460284
17756, 460284
17756, 460284
17756, 460284
17756, 460284
17756, 460284
17756, 460284
17756, 460284
17756, 460284
17756, 460284
17756, 460284
17756, 460284
17756, 460284
17756, 460284
17756, 460284
17756, 460284
17756, 460284
17756, 460284
17756, 460284
17756, 460284
17756, 460284
17756, 460284
17756, 460284
17756, 460284
17756, 460284
17756, 460284
17756, 460284
17756, 460284
17756, 460284
17756, 460284
17756, 460284
17756, 460284
17756, 460284
17756, 460284
17756, 460284
17756, 460284
17756, 460284
17756, 460284
17756, 460284
17756, 460284
17756, 460284
17756, 460284
17756, 460284
17756, 460284
17756, 460284
17756, 460284
17756, 460284
17756, 460284
17756, 460284
17756, 460284
17756, 460284
17756, 460284
17756, 460284
17756, 460284
17756, 460284
17756, 460284
17756, 460284
17756, 460284
17756, 460284
17756, 460284
17756, 460284
17756, 460284
17756, 460284
17756, 460284
17756, 460284
17756, 460284
17756, 460284
17756, 460284
17756, 460284
17756, 460284
17756, 460284
17756, 460284
17756, 460284
17756, 460284
17756, 460284
17756, 460284
17756, 460284
17756, 460284
17756, 460284
17756, 460284
17756, 460284
17756, 460284
17756, 460284
17756, 460284
17756, 460284
17756, 460284
17756, 460284
17756, 460284
17756, 460284
17756, 460284
17756, 460284
17756, 460284
17756, 460284
17756, 460284
17756, 460284
17756, 460284
17756, 460284
17756, 460284
17756, 460284
17756, 460284
17756, 460284
17756, 460284
17756, 460284
17756, 460284
17756, 460284
17756, 460284
17756, 460284
17756, 460284
17756, 460284
17756, 460284
17756, 460284
17756, 460284
17756, 460284
17756, 460284
17756, 460284
17756, 460284
17756, 460284
17756, 460284
17756, 460284
17756, 460284
17756, 460284
17756, 460284
17756, 460284
17756, 460284
17756, 460284
17756, 460284
17756, 460284
17756, 460284
17756, 460284
17756, 460284
17756, 460284
17756, 460284
17756, 460284
17756, 460284
17756, 460284
17756, 460284
17756, 460284
17756, 460284
17756, 460284
17756, 460284
17756, 460284
17756, 460284
17756, 460284
17756, 460284
17756, 460284
17756, 460284
17756, 460284
17756, 460284
17756, 460284
17756, 460284
17756, 460284
17756, 460284
17756, 460284
17756, 460284
17756, 460284
17756, 460284
17756, 460284
17756, 460284
17756, 460284
17756, 460284
17756, 460284
17756, 460284
17756, 460284
17756, 460284
17756, 460284
17756, 460284
17756, 460284
17756, 460284
17756, 460284
17756, 460284
17756, 460284
17756, 460284
17756, 460284
17756, 460284
17756, 460284
17756, 460284
17756, 460284
17756, 460284
17756, 460284
17756, 460284
17756, 460284
17756, 460284
17756, 460284
17756, 460284
17756, 460284
17756, 460284
17756, 460284
17756, 460284
17756, 460284
17756, 460284
17756, 460284
17756, 460284
17756, 460284
17756, 460284
17756, 460284
17756, 460284
17756, 460284
17756, 460284
17756, 460284
17756, 460284
17756, 460284
17756, 460284
17756, 460284
17756, 460284
17756, 460284
17756, 460284
17756, 460284
17756, 460284
17756, 460284
17756, 460284
17756, 460284
17756, 460284
17756, 460284
17756, 460284
17756, 460284
17756, 460284
17756, 460284
17756, 460284
17756, 460284
17756, 460284
17756, 460284
17756, 460284
17756, 460284
17756, 460284
17756, 460284
17756, 460284
17756, 460284
17756, 460284
17756, 460284
17756, 460284
17756, 460284
17756, 460284
17756, 460284
17756, 460284
17756, 460284
17756, 460284
17756, 460284
17756, 460284
17756, 460284
17756, 460284
17756, 460284
17756, 460284
17756, 460284
17756, 460284
17756, 460284
17756, 460284
17756, 460284
17756, 460284
17756, 460284
17756, 460284
17756, 460284
17756, 460284
17756, 460284
17756, 460284
17756, 460284
17756, 460284
17756, 460284
17756, 460284
17756, 460284
17756, 460284
17756, 460284
17756, 460284
17756, 460284
17756, 460284
17756, 460284
17756, 460284
17756, 460284
17756, 460284
17756, 460284
17756, 460284
17756, 460284
17756, 460284
17756, 460284
17756, 460284
17756, 460284
17756, 460284
17756, 460284
17756, 460284
17756, 460284
17756, 460284
17756, 460284
17756, 460284
17756, 460284
17756, 460284
17756, 460284
17756, 460284
17756, 460284
17756, 460284
17756, 460284
17756, 460284
17756, 460284
17756, 460284
17756, 460284
17756, 460284
17756, 460284
17756, 460284
17756, 460284
17756, 460284
17756, 460284
17756, 460284
17756, 460284
17756, 460284
17756, 460284
17756, 460284
17756, 460284
17756, 460284
17756, 460284
17756, 460284
17756, 460284
17756, 460284
17756, 460284
17756, 460284
17756, 460284
17756, 460284
17756, 460284
17756, 460284
17756, 460284
17756, 460284
17756, 460284
17756, 460284
17756, 460284
17756, 460284
17756, 460284
17756, 460284
17756, 460284
17756, 460284
17756, 460284
17756, 460284
17756, 460284
17756, 460284
17756, 460284
17756, 460284
17756, 460284
17756, 460284
17756, 460284
17756, 460284
17756, 460284
17756, 460284
17756, 460284
17756, 460284
17756, 460284
17756, 460284
17756, 460284
17756, 460284
17756, 460284
17756, 460284
17756, 460284
17756, 460284
17756, 460284
17756, 460284
17756, 460284
17756, 460284
17756, 460284
17756, 460284
17756, 460284
17756, 460284
17756, 460284
17756, 460284
17756, 460284
17756, 460284
17756, 460284
17756, 460284
17756, 460284
17756, 460284
17756, 460284
17756, 460284
17756, 460284
17756, 460284
17756, 460284
17756, 460284
17756, 460284
17756, 460284
17756, 460284
17756, 460284
17756, 460284
17756, 460284
17756, 460284
17756, 460284
17756, 460284
17756, 460284
17756, 460284
17756, 460284
17756, 460284
17756, 460284
17756, 460284
17756, 460284
17756, 460284
17756, 460284
17756, 460284
17756, 460284
17756, 460284
17756, 460284
17756, 460284
17756, 460284
17756, 460284
17756, 460284
17756, 460284
17756, 460284
17756, 460284
17756, 460284
17756, 460284
17756, 460284
17756, 460284
17756, 460284
17756, 460284
17756, 460284
17756, 460284
17756, 460284
17756, 460284
17756, 460284
17756, 460284
17756, 460284
17756, 460284
17756, 460284
17756, 460284
17756, 460284
17756, 460284
17756, 460284
17756, 460284
17756, 460284
17756, 460284
17756, 460284
17756, 460284
17756, 460284
17756, 460284
17756, 460284
17756, 460284
17756, 460284
17756, 460284
17756, 460284
17756, 460284
17756, 460284
17756, 460284
17756, 460284
17756, 460284
17756, 460284
17756, 460284
17756, 460284
17756, 460284
17756, 460284
17756, 460284
17756, 460284
17756, 460284
17756, 460284
17756, 460284
17756, 460284
17756, 460284
17756, 460284
17756, 460284
17756, 460284
17756, 460284
17756, 460284
17756, 460284
17756, 460284
17756, 460284
17756, 460284
17756, 460284
17756, 460284
17756, 460284
17756, 460284
17756, 460284
17756, 460284
17756, 460284
17756, 460284
17756, 460284
17756, 460284
17756, 460284
17756, 460284
17756, 460284
17756, 460284
17756, 460284
17756, 460284
17756, 460284
17756, 460284
17756, 460284
17756, 460284
17756, 460284
17756, 460284
17756, 460284
17756, 460284
17756, 460284
17756, 460284
17756, 460284
17756, 460284
17756, 460284
17756, 460284
17756, 460284
17756, 460284
17756, 460284
17756, 460284
17756, 460284
17756, 460284
17756, 460284
17756, 460284
17756, 460284
17756, 460284
17756, 460284
17756, 460284
17756, 460284
17756, 460284
17756, 460284
17756, 460284
17756, 460284
17756, 460284
17756, 460284
17756, 460284
17756, 460284
17756, 460284
17756, 460284
17756, 460284
17756, 460284
17756, 460284
17756, 460284
17756, 460284
17756, 460284
17756, 460284
17756, 460284
17756, 460284
17756, 460284
17756, 460284
17756, 460284
17756, 460284
17756, 460284
17756, 460284
17756, 460284
17756, 460284
17756, 460284
17756, 460284
17756, 460284
17756, 460284
17756, 460284
17756, 460284
17756, 460284
17756, 460284
17756, 460284
17756, 460284
17756, 460284
17756, 460284
17756, 460284
17756, 460284
17756, 460284
17756, 460284
17756, 460284
17756, 460284
17756, 460284
17756, 460284
17756, 460284
17756, 460284
17756, 460284
17756, 460284
17756, 460284
17756, 460284
17756, 460284
17756, 460284
17756, 460284
17756, 460284
17756, 460284
17756, 460284
17756, 460284
17756, 460284
17756, 460284
17756, 460284
17756, 460284
17756, 460284
17756, 460284
17756, 460284
17756, 460284
17756, 460284
17756, 460284
17756, 460284
17756, 460284
17756, 460284
17756, 460284
17756, 460284
17756, 460284
17756, 460284
17756, 460284
17756, 460284
17756, 460284
17756, 460284
17756, 460284
17756, 460284
17756, 460284
17756, 460284
17756, 460284
17756, 460284
17756, 460284
17756, 460284
17756, 460284
17756, 460284
17756, 460284
17756, 460284
17756, 460284
17756, 460284
17756, 460284
17756, 460284
17756, 460284
17756, 460284
17756, 460284
17756, 460284
17756, 460284
17756, 460284
17756, 460284
17756, 460284
17756, 460284
17756, 460284
17756, 460284
17756, 460284
17756, 460284
17756, 460284
17756, 460284
17756, 460284
17756, 460284
17756, 460284
17756, 460284
17756, 460284
17756, 460284
17756, 460284
17756, 460284
17756, 460284
17756, 460284
17756, 460284
17756, 460284
17756, 460284
17756, 460284
17756, 460284
17756, 460284
17756, 460284
17756, 460284
17756, 460284
17756, 460284
17756, 460284
17756, 460284
17756, 460284
17756, 460284
17756, 460284
17756, 460284
17756, 460284
17756, 460284
17756, 460284
17756, 460284
17756, 460284
17756, 460284
17756, 460284
17756, 460284
17756, 460284
17756, 460284
17756, 460284
17756, 460284
17756, 460284
17756, 460284
17756, 460284
17756, 460284
17756, 460284
17756, 460284
17756, 460284
17756, 460284
17756, 460284
17756, 460284
17756, 460284
17756, 460284
17756, 460284
17756, 460284
17756, 460284
17756, 460284
17756, 460284
17756, 460284
17756, 460284
17756, 460284
17756, 460284
17756, 460284
17756, 460284
17756, 460284
17756, 460284
17756, 460284
17756, 460284
17756, 460284
17756, 460284
17756, 460284
17756, 460284
17756, 460284
17756, 460284
17756, 460284
17756, 460284
17756, 460284
17756, 460284
17756, 460284
17756, 460284
17756, 460284
17756, 460284
17756, 460284
17756, 460284
17756, 460284
17756, 460284
17756, 460284
17756, 460284
17756, 460284
17756, 460284
17756, 460284
17756, 460284
17756, 460284
17756, 460284
17756, 460284
17756, 460284
17756, 460284
17756, 460284
17756, 460284
17756, 460284
17756, 460284
17756, 460284
17756, 460284
17756, 460284
17756, 460284
17756, 460284
17756, 460284
17756, 460284
17756, 460284
17756, 460284
17756, 460284
17756, 460284
17756, 460284
17756, 460284
17756, 460284
17756, 460284
17756, 460284
17756, 460284
17756, 460284
17756, 460284
17756, 460284
17756, 460284
17756, 460284
17756, 460284
17756, 460284
17756, 460284
17756, 460284
17756, 460284
17756, 460284
17756, 460284
17756, 460284
17756, 460284
17756, 460284
17756, 460284
17756, 460284
17756, 460284
17756, 460284
17756, 460284
17756, 460284
17756, 460284
17756, 460284
17756, 460284
17756, 460284
17756, 460284
17756, 460284
17756, 460284
17756, 460284
17756, 460284
17756, 460284
17756, 460284
17756, 460284
17756, 460284
17756, 460284
17756, 460284
17756, 460284
17756, 460284
17756, 460284
17756, 460284
17756, 460284
17756, 460284
17756, 460284
17756, 460284
17756, 460284
17756, 460284
17756, 460284
17756, 460284
17756, 460284
17756, 460284
17756, 460284
17756, 460284
17756, 460284
17756, 460284
17756, 460284
17756, 460284
17756, 460284
17756, 460284
17756, 460284
17756, 460284
17756, 460284
17756, 460284
17756, 460284
17756, 460284
17756, 460284
17756, 460284
17756, 460284
17756, 460284
17756, 460284
17756, 460284
17756, 460284
17756, 460284
17756, 460284
17756, 460284
17756, 460284
17756, 460284
17756, 460284
17756, 460284
17756, 460284
17756, 460284
17756, 460284
17756, 460284
17756, 460284
17756, 460284
17756, 460284
17756, 460284
17756, 460284
17756, 460284
17756, 460284
17756, 460284
17756, 460284
17756, 460284
17756, 460284
17756, 460284
17756, 460284
17756, 460284
17756, 460284
17756, 460284
17756, 460284
17756, 460284
17756, 460284
17756, 460284
17756, 460284
17756, 460284
17756, 460284
17756, 460284
17756, 460284
17756, 460284
17756, 460284
17756, 460284
17756, 460284
17756, 460284
17756, 460284
17756, 460284
17756, 460284
17756, 460284
17756, 460284
17756, 460284
17756, 460284
17756, 460284
17756, 460284
17756, 460284
17756, 460284
17756, 460284
17756, 460284
17756, 460284
17756, 460284
17756, 460284
17756, 460284
17756, 460284
17756, 460284
17756, 460284
17756, 460284
17756, 460284
17756, 460284
17756, 460284
17756, 460284
17756, 460284
17756, 460284
17756, 460284
17756, 460284
17756, 460284
17756, 460284
17756, 460284
17756, 460284
17756, 460284
17756, 460284
17756, 460284
17756, 460284
17756, 460284
17756, 460284
17756, 460284
17756, 460284
17756, 460284
17756, 460284
17756, 460284
17756, 460284
17756, 460284
17756, 460284
17756, 460284
17756, 460284
17756, 460284
17756, 460284
17756, 460284
17756, 460284
17756, 460284
17756, 460284
17756, 460284
17756, 460284
17756, 460284
17756, 460284
17756, 460284
17756, 460284
17756, 460284
17756, 460284
17756, 460284
17756, 460284
17756, 460284
17756, 460284
17756, 460284
17756, 460284
17756, 460284
17756, 460284
17756, 460284
17756, 460284
17756, 460284
17756, 460284
17756, 460284
17756, 460284
17756, 460284
17756, 460284
17756, 460284
17756, 460284
17756, 460284
17756, 460284
17756, 460284
17756, 460284
17756, 460284
17756, 460284
17756, 460284
17756, 460284
17756, 460284
17756, 460284
17756, 460284
17756, 460284
17756, 460284
17756, 460284
17756, 460284
17756, 460284
17756, 460284
17756, 460284
17756, 460284
17756, 460284
17756, 460284
17756, 460284
17756, 460284
17756, 460284
17756, 460284
17756, 460284
17756, 460284
17756, 460284
17756, 460284
17756, 460284
17756, 460284
17756, 460284
17756, 460284
17756, 460284
17756, 460284
17756, 460284
17756, 460284
17756, 460284
17756, 460284
17756, 460284
17756, 460284
17756, 460284
17756, 460284
17756, 460284
17756, 460284
17756, 460284
17756, 460284
17756, 460284
17756, 460284
17756, 460284
17756, 460284
17756, 460284
17756, 460284
17756, 460284
17756, 460284
17756, 460284
17756, 460284
17756, 460284
17756, 460284
17756, 460284
17756, 460284
17756, 460284
17756, 460284
17756, 460284
17756, 460284
17756, 460284
17756, 460284
17756, 460284
17756, 460284
17756, 460284
17756, 460284
17756, 460284
17756, 460284
17756, 460284
17756, 460284
17756, 460284
17756, 460284
17756, 460284
17756, 460284
17756, 460284
17756, 460284
17756, 460284
17756, 460284
17756, 460284
17756, 460284
17756, 460284
17756, 460284
17756, 460284
17756, 460284
17756, 460284
17756, 460284
17756, 460284
17756, 460284
17756, 460284
17756, 460284
17756, 460284
17756, 460284
17756, 460284
17756, 460284
17756, 460284
17756, 460284
17756, 460284
17756, 460284
17756, 460284
17756, 460284
17756, 460284
17756, 460284
17756, 460284
17756, 460284
17756, 460284
17756, 460284
17756, 460284
17756, 460284
17756, 460284
17756, 460284
17756, 460284
17756, 460284
17756, 460284
17756, 460284
17756, 460284
17756, 460284
17756, 460284
17756, 460284
17756, 460284
17756, 460284
17756, 460284
17756, 460284
17756, 460284
17756, 460284
17756, 460284
17756, 460284
17756, 460284
17756, 460284
17756, 460284
17756, 460284
17756, 460284
17756, 460284
17756, 460284
17756, 460284
17756, 460284
17756, 460284
17756, 460284
17756, 460284
17756, 460284
17756, 460284
17756, 460284
17756, 460284
17756, 460284
17756, 460284
17756, 460284
17756, 460284
17756, 460284
17756, 460284
17756, 460284
17756, 460284
17756, 460284
17756, 460284
17756, 460284
17756, 460284
17756, 460284
17756, 460284
17756, 460284
17756, 460284
17756, 460284
17756, 460284
17756, 460284
17756, 460284
17756, 460284
17756, 460284
17756, 460284
17756, 460284
17756, 460284
17756, 460284
17756, 460284
17756, 460284
17756, 460284
17756, 460284
17756, 460284
17756, 460284
17756, 460284
17756, 460284
17756, 460284
17756, 460284
17756, 460284
17756, 460284
17756, 460284
17756, 460284
17756, 460284
17756, 460284
17756, 460284
17756, 460284
17756, 460284
17756, 460284
17756, 460284
17756, 460284
17756, 460284
17756, 460284
17756, 460284
17756, 460284
17756, 460284
17756, 460284
17756, 460284
17756, 460284
17756, 460284
17756, 460284
17756, 460284
17756, 460284
17756, 460284
17756, 460284
17756, 460284
17756, 460284
17756, 460284
17756, 460284
17756, 460284
17756, 460284
17756, 460284
17756, 460284
17756, 460284
17756, 460284
17756, 460284
17756, 460284
17756, 460284
17756, 460284
17756, 460284
17756, 460284
17756, 460284
17756, 460284
17756, 460284
17756, 460284
17756, 460284
17756, 460284
17756, 460284
17756, 460284
17756, 460284
17756, 460284
17756, 460284
17756, 460284
17756, 460284
17756, 460284
17756, 460284
17756, 460284
17756, 460284
17756, 460284
17756, 460284
17756, 460284
17756, 460284
17756, 460284
17756, 460284
17756, 460284
17756, 460284
17756, 460284
17756, 460284
17756, 460284
17756, 460284
17756, 460284
17756, 460284
17756, 460284
17756, 460284
17756, 460284
17756, 460284
17756, 460284
17756, 460284
17756, 460284
17756, 460284
17756, 460284
17756, 460284
17756, 460284
17756, 460284
17756, 460284
17756, 460284
17756, 460284
17756, 460284
17756, 460284
17756, 460284
17756, 460284
17756, 460284
17756, 460284
17756, 460284
17756, 460284
17756, 460284
17756, 460284
17756, 460284
17756, 460284
17756, 460284
17756, 460284
17756, 460284
17756, 460284
17756, 460284
17756, 460284
17756, 460284
17756, 460284
17756, 460284
17756, 460284
17756, 460284
17756, 460284
17756, 460284
17756, 460284
17756, 460284
17756, 460284
17756, 460284
17756, 460284
17756, 460284
17756, 460284
17756, 460284
17756, 460284
17756, 460284
17756, 460284
17756, 460284
17756, 460284
17756, 460284
17756, 460284
17756, 460284
17756, 460284
17756, 460284
17756, 460284
17756, 460284
17756, 460284
17756, 460284
17756, 460284
17756, 460284
17756, 460284
17756, 460284
17756, 460284
17756, 460284
17756, 460284
17756, 460284
17756, 460284
17756, 460284
17756, 460284
17756, 460284
17756, 460284
17756, 460284
17756, 460284
17756, 460284
17756, 460284
17756, 460284
17756, 460284
17756, 460284
17756, 460284
17756, 460284
17756, 460284
17756, 460284
17756, 460284
17756, 460284
17756, 460284
17756, 460284
17756, 460284
17756, 460284
17756, 460284
17756, 460284
17756, 460284
17756, 460284
17756, 460284
17756, 460284
17756, 460284
17756, 460284
17756, 460284
17756, 460284
17756, 460284
17756, 460284
17756, 460284
17756, 460284
17756, 460284
17756, 460284
17756, 460284
17756, 460284
17756, 460284
17756, 460284
17756, 460284
17756, 460284
17756, 460284
17756, 460284
17756, 460284
17756, 460284
17756, 460284
17756, 460284
17756, 460284
17756, 460284
17756, 460284
17756, 460284
17756, 460284
17756, 460284
17756, 460284
17756, 460284
17756, 460284
17756, 460284
17756, 460284
17756, 460284
17756, 460284
17756, 460284
17756, 460284
17756, 460284
17756, 460284
17756, 460284
17756, 460284
17756, 460284
17756, 460284
17756, 460284
17756, 460284
17756, 460284
17756, 460284
17756, 460284
17756, 460284
17756, 460284
17756, 460284
17756, 460284
17756, 460284
17756, 460284
17756, 460284
17756, 460284
17756, 460284
17756, 460284
17756, 460284
17756, 460284
17756, 460284
17756, 460284
17756, 460284
17756, 460284
17756, 460284
17756, 460284
17756, 460284
17756, 460284
17756, 460284
17756, 460284
17756, 460284
17756, 460284
17756, 460284
17756, 460284
17756, 460284
17756, 460284
17756, 460284
17756, 460284
17756, 460284
17756, 460284
17756, 460284
17756, 460284
17756, 460284
17756, 460284
17756, 460284
17756, 460284
17756, 460284
17756, 460284
17756, 460284
17756, 460284
17756, 460284
17756, 460284
17756, 460284
17756, 460284
17756, 460284
17756, 460284
17756, 460284
17756, 460284
17756, 460284
17756, 460284
17756, 460284
17756, 460284
17756, 460284
17756, 460284
17756, 460284
17756, 460284
17756, 460284
17756, 460284
17756, 460284
17756, 460284
17756, 460284
17756, 460284
17756, 460284
17756, 460284
17756, 460284
17756, 460284
17756, 460284
17756, 460284
17756, 460284
17756, 460284
17756, 460284
17756, 460284
17756, 460284
17756, 460284
17756, 460284
17756, 460284
17756, 460284
17756, 460284
17756, 460284
17756, 460284
17756, 460284
17756, 460284
17756, 460284
17756, 460284
17756, 460284
17756, 460284
17756, 460284
17756, 460284
17756, 460284
17756, 460284
17756, 460284
17756, 460284
17756, 460284
17756, 460284
17756, 460284
17756, 460284
17756, 460284
17756, 460284
17756, 460284
17756, 460284
17756, 460284
17756, 460284
17756, 460284
17756, 460284
17756, 460284
17756, 460284
17756, 460284
17756, 460284
17756, 460284
17756, 460284
17756, 460284
17756, 460284
17756, 460284
17756, 460284
17756, 460284
17756, 460284
17756, 460284
17756, 460284
17756, 460284
17756, 460284
17756, 460284
17756, 460284
17756, 460284
17756, 460284
17756, 460284
17756, 460284
17756, 460284
17756, 460284
17756, 460284
17756, 460284
17756, 460284
17756, 460284
17756, 460284
17756, 460284
17756, 460284
17756, 460284
17756, 460284
17756, 460284
17756, 460284
17756, 460284
17756, 460284
17756, 460284
17756, 460284
17756, 460284
17756, 460284
17756, 460284
17756, 460284
17756, 460284
17756, 460284
17756, 460284
17756, 460284
17756, 460284
17756, 460284
17756, 460284
17756, 460284
17756, 460284
17756, 460284
17756, 460284
17756, 460284
17756, 460284
17756, 460284
17756, 460284
17756, 460284
17756, 460284
17756, 460284
17756, 460284
17756, 460284
17756, 460284
17756, 460284
17756, 460284
17756, 460284
17756, 460284
17756, 460284
17756, 460284
17756, 460284
17756, 460284
17756, 460284
17756, 460284
17756, 460284
17756, 460284
17756, 460284
17756, 460284
17756, 460284
17756, 460284
17756, 460284
17756, 460284
17756, 460284
17756, 460284
17756, 460284
17756, 460284
17756, 460284
17756, 460284
17756, 460284
17756, 460284
17756, 460284
17756, 460284
17756, 460284
17756, 460284
17756, 460284
17756, 460284
17756, 460284
17756, 460284
17756, 460284
17756, 460284
17756, 460284
17756, 460284
17756, 460284
17756, 460284
17756, 460284
17756, 460284
17756, 460284
17756, 460284
17756, 460284
17756, 460284
17756, 460284
17756, 460284
17756, 460284
17756, 460284
17756, 460284
17756, 460284
17756, 460284
17756, 460284
17756, 460284
17756, 460284
17756, 460284
17756, 460284
17756, 460284
17756, 460284
17756, 460284
17756, 460284
17756, 460284
17756, 460284
17756, 460284
17756, 460284
17756, 460284
17756, 460284
17756, 460284
17756, 460284
17756, 460284
17756, 460284
17756, 460284
17756, 460284
17756, 460284
17756, 460284
17756, 460284
17756, 460284
17756, 460284
17756, 460284
17756, 460284
17756, 460284
17756, 460284
17756, 460284
17756, 460284
17756, 460284
17756, 460284
17756, 460284
17756, 460284
17756, 460284
17756, 460284
17756, 460284
17756, 460284
17756, 460284
17756, 460284
17756, 460284
17756, 460284
17756, 460284
17756, 460284
17756, 460284
17756, 460284
17756, 460284
17756, 460284
17756, 460284
17756, 460284
17756, 460284
17756, 460284
17756, 460284
17756, 460284
17756, 460284
17756, 460284
17756, 460284
17756, 460284
17756, 460284
17756, 460284
17756, 460284
17756, 460284
17756, 460284
17756, 460284
17756, 460284
17756, 460284
17756, 460284
17756, 460284
17756, 460284
17756, 460284
17756, 460284
17756, 460284
17756, 460284
17756, 460284
17756, 460284
17756, 460284
17756, 460284
17756, 460284
17756, 460284
17756, 460284
17756, 460284
17756, 460284
17756, 460284
17756, 460284
17756, 460284
17756, 460284
17756, 460284
17756, 460284
17756, 460284
17756, 460284
17756, 460284
17756, 460284
17756, 460284
17756, 460284
17756, 460284
17756, 460284
17756, 460284
17756, 460284
17756, 460284
17756, 460284
17756, 460284
17756, 460284
17756, 460284
17756, 460284
17756, 460284
17756, 460284
17756, 460284
17756, 460284
17756, 460284
17756, 460284
17756, 460284
17756, 460284
17756, 460284
17756, 460284
17756, 460284
17756, 460284
17756, 460284
17756, 460284
17756, 460284
17756, 460284
17756, 460284
17756, 460284
17756, 460284
17756, 460284
17756, 460284
17756, 460284
17756, 460284
17756, 460284
17756, 460284
17756, 460284
17756, 460284
17756, 460284
17756, 460284
17756, 460284
17756, 460284
17756, 460284
17756, 460284
17756, 460284
17756, 460284
17756, 460284
17756, 460284
17756, 460284
17756, 460284
17756, 460284
17756, 460284
17756, 460284
17756, 460284
17756, 460284
17756, 460284
17756, 460284
17756, 460284
17756, 460284
17756, 460284
17756, 460284
17756, 460284
17756, 460284
17756, 460284
17756, 460284
17756, 460284
17756, 460284
17756, 460284
17756, 460284
17756, 460284
17756, 460284
17756, 460284
17756, 460284
17756, 460284
17756, 460284
17756, 460284
17756, 460284
17756, 460284
17756, 460284
17756, 460284
17756, 460284
17756, 460284
17756, 460284
17756, 460284
17756, 460284
17756, 460284
17756, 460284
17756, 460284
17756, 460284
17756, 460284
17756, 460284
17756, 460284
17756, 460284
17756, 460284
17756, 460284
17756, 460284
17756, 460284
17756, 460284
17756, 460284
17756, 460284
17756, 460284
17756, 460284
17756, 460284
17756, 460284
17756, 460284
17756, 460284
17756, 460284
17756, 460284
17756, 460284
17756, 460284
17756, 460284
17756, 460284
17756, 460284
17756, 460284
17756, 460284
17756, 460284
17756, 460284
17756, 460284
17756, 460284
17756, 460284
17756, 460284
17756, 460284
17756, 460284
17756, 460284
17756, 460284
17756, 460284
17756, 460284
17756, 460284
17756, 460284
17756, 460284
17756, 460284
17756, 460284
17756, 460284
17756, 460284
17756, 460284
17756, 460284
17756, 460284
17756, 460284
17756, 460284
17756, 460284
17756, 460284
17756, 460284
17756, 460284
17756, 460284
17756, 460284
17756, 460284
17756, 460284
17756, 460284
17756, 460284
17756, 460284
17756, 460284
17756, 460284
17756, 460284
17756, 460284
17756, 460284
17756, 460284
17756, 460284
17756, 460284
17756, 460284
17756, 460284
17756, 460284
17756, 460284
17756, 460284
17756, 460284
17756, 460284
17756, 460284
17756, 460284
17756, 460284
17756, 460284
17756, 460284
17756, 460284
17756, 460284
17756, 460284
17756, 460284
17756, 460284
17756, 460284
17756, 460284
17756, 460284
17756, 460284
17756, 460284
17756, 460284
17756, 460284
17756, 460284
17756, 460284
17756, 460284
17756, 460284
17756, 460284
17756, 460284
17756, 460284
17756, 460284
17756, 460284
17756, 460284
17756, 460284
17756, 460284
17756, 460284
17756, 460284
17756, 460284
17756, 460284
17756, 460284
17756, 460284
17756, 460284
17756, 460284
17756, 460284
17756, 460284
17756, 460284
17756, 460284
17756, 460284
17756, 460284
17756, 460284
17756, 460284
17756, 460284
17756, 460284
17756, 460284
17756, 460284
17756, 460284
17756, 460284
17756, 460284
17756, 460284
17756, 460284
17756, 460284
17756, 460284
17756, 460284
17756, 460284
17756, 460284
17756, 460284
17756, 460284
17756, 460284
17756, 460284
17756, 460284
17756, 460284
17756, 460284
17756, 460284
17756, 460284
17756, 460284
17756, 460284
17756, 460284
17756, 460284
17756, 460284
17756, 460284
17756, 460284
17756, 460284
17756, 460284
17756, 460284
17756, 460284
17756, 460284
17756, 460284
17756, 460284
17756, 460284
17756, 460284
17756, 460284
17756, 460284
17756, 460284
17756, 460284
17756, 460284
17756, 460284
17756, 460284
17756, 460284
17756, 460284
17756, 460284
17756, 460284
17756, 460284
17756, 460284
17756, 460284
17756, 460284
17756, 460284
17756, 460284
17756, 460284
17756, 460284
17756, 460284
17756, 460284
17756, 460284
17756, 460284
17756, 460284
17756, 460284
17756, 460284
17756, 460284
17756, 460284
17756, 460284
17756, 460284
17756, 460284
17756, 460284
17756, 460284
17756, 460284
17756, 460284
17756, 460284
17756, 460284
17756, 460284
17756, 460284
17756, 460284
17756, 460284
17756, 460284
17756, 460284
17756, 460284
17756, 460284
17756, 460284
17756, 460284
17756, 460284
17756, 460284
17756, 460284
17756, 460284
17756, 460284
17756, 460284
17756, 460284
17756, 460284
17756, 460284
17756, 460284
17756, 460284
17756, 460284
17756, 460284
17756, 460284
17756, 460284
17756, 460284
17756, 460284
17756, 460284
17756, 460284
17756, 460284
17756, 460284
17756, 460284
17756, 460284
17756, 460284
17756, 460284
17756, 460284
17756, 460284
17756, 460284
17756, 460284
17756, 460284
17756, 460284
17756, 460284
17756, 460284
17756, 460284
17756, 460284
17756, 460284
17756, 460284
17756, 460284
17756, 460284
17756, 460284
17756, 460284
17756, 460284
17756, 460284
17756, 460284
17756, 460284
17756, 460284
17756, 460284
17756, 460284
17756, 460284
17756, 460284
17756, 460284
17756, 460284
17756, 460284
17756, 460284
17756, 460284
17756, 460284
17756, 460284
17756, 460284
17756, 460284
17756, 460284
17756, 460284
17756, 460284
17756, 460284
17756, 460284
17756, 460284
17756, 460284
17756, 460284
17756, 460284
17756, 460284
17756, 460284
17756, 460284
17756, 460284
17756, 460284
17756, 460284
17756, 460284
17756, 460284
17756, 460284
17756, 460284
17756, 460284
17756, 460284
17756, 460284
17756, 460284
17756, 460284
17756, 460284
17756, 460284
17756, 460284
17756, 460284
17756, 460284
17756, 460284
17756, 460284
17756, 460284
17756, 460284
17756, 460284
17756, 460284
17756, 460284
17756, 460284
17756, 460284
17756, 460284
17756, 460284
17756, 460284
17756, 460284
17756, 460284
17756, 460284
17756, 460284
17756, 460284
17756, 460284
17756, 460284
17756, 460284
17756, 460284
17756, 460284
17756, 460284
17756, 460284
17756, 460284
17756, 460284
17756, 460284
17756, 460284
17756, 460284
17756, 460284
17756, 460284
17756, 460284
17756, 460284
17756, 460284
17756, 460284
17756, 460284
17756, 460284
17756, 460284
17756, 460284
17756, 460284
17756, 460284
17756, 460284
17756, 460284
17756, 460284
17756, 460284
17756, 460284
17756, 460284
17756, 460284
17756, 460284
17756, 460284
17756, 460284
17756, 460284
17756, 460284
17756, 460284
17756, 460284
17756, 460284
17756, 460284
17756, 460284
17756, 460284
17756, 460284
17756, 460284
17756, 460284
17756, 460284
17756, 460284
17756, 460284
17756, 460284
17756, 460284
17756, 460284
17756, 460284
17756, 460284
17756, 460284
17756, 460284
17756, 460284
17756, 460284
17756, 460284
17756, 460284
17756, 460284
17756, 460284
17756, 460284
17756, 460284
17756, 460284
17756, 460284
17756, 460284
17756, 460284
17756, 460284
17756, 460284
17756, 460284
17756, 460284
17756, 460284
17756, 460284
17756, 460284
17756, 460284
17756, 460284
17756, 460284
17756, 460284
17756, 460284
17756, 460284
17756, 460284
17756, 460284
17756, 460284
17756, 460284
17756, 460284
17756, 460284
17756, 460284
17756, 460284
17756, 460284
17756, 460284
17756, 460284
17756, 460284
17756, 460284
17756, 460284
17756, 460284
17756, 460284
17756, 460284
17756, 460284
17756, 460284
17756, 460284
17756, 460284
17756, 460284
17756, 460284
17756, 460284
17756, 460284
17756, 460284
17756, 460284
17756, 460284
17756, 460284
17756, 460284
17756, 460284
17756, 460284
17756, 460284
17756, 460284
17756, 460284
17756, 460284
17756, 460284
17756, 460284
17756, 460284
17756, 460284
17756, 460284
17756, 460284
17756, 460284
17756, 460284
17756, 460284
17756, 460284
17756, 460284
17756, 460284
17756, 460284
17756, 460284
17756, 460284
17756, 460284
17756, 460284
17756, 460284
17756, 460284
17756, 460284
17756, 460284
17756, 460284
17756, 460284
17756, 460284
17756, 460284
17756, 460284
17756, 460284
17756, 460284
17756, 460284
17756, 460284
17756, 460284
17756, 460284
17756, 460284
17756, 460284
17756, 460284
17756, 460284
17756, 460284
17756, 460284
17756, 460284
17756, 460284
17756, 460284
17756, 460284
17756, 460284
17756, 460284
17756, 460284
17756, 460284
17756, 460284
17756, 460284
17756, 460284
17756, 460284
17756, 460284
17756, 460284
17756, 460284
17756, 460284
17756, 460284
17756, 460284
17756, 460284
17756, 460284
17756, 460284
17756, 460284
17756, 460284
17756, 460284
17756, 460284
17756, 460284
17756, 460284
17756, 460284
17756, 460284
17756, 460284
17756, 460284
17756, 460284
17756, 460284
17756, 460284
17756, 460284
17756, 460284
17756, 460284
17756, 460284
17756, 460284
17756, 460284
17756, 460284
17756, 460284
17756, 460284
17756, 460284
17756, 460284
17756, 460284
17756, 460284
17756, 460284
17756, 460284
17756, 460284
17756, 460284
17756, 460284
17756, 460284
17756, 460284
17756, 460284
17756, 460284
17756, 460284
17756, 460284
17756, 460284
17756, 460284
17756, 460284
17756, 460284
17756, 460284
17756, 460284
17756, 460284
17756, 460284
17756, 460284
17756, 460284
17756, 460284
17756, 460284
17756, 460284
17756, 460284
17756, 460284
17756, 460284
17756, 460284
17756, 460284
17756, 460284
17756, 460284
17756, 460284
17756, 460284
17756, 460284
17756, 460284
17756, 460284
17756, 460284
17756, 460284
17756, 460284
17756, 460284
17756, 460284
17756, 460284
17756, 460284
17756, 460284
17756, 460284
17756, 460284
17756, 460284
17756, 460284
17756, 460284
17756, 460284
17756, 460284
17756, 460284
17756, 460284
17756, 460284
17756, 460284
17756, 460284
17756, 460284
17756, 460284
17756, 460284
17756, 460284
17756, 460284
17756, 460284
17756, 460284
17756, 460284
17756, 460284
17756, 460284
17756, 460284
17756, 460284
17756, 460284
17756, 460284
17756, 460284
17756, 460284
17756, 460284
17756, 460284
17756, 460284
17756, 460284
17756, 460284
17756, 460284
17756, 460284
17756, 460284
17756, 460284
17756, 460284
17756, 460284
17756, 460284
17756, 460284
17756, 460284
17756, 460284
17756, 460284
17756, 460284
17756, 460284
17756, 460284
17756, 460284
17756, 460284
17756, 460284
17756, 460284
17756, 460284
17756, 460284
17756, 460284
17756, 460284
17756, 460284
17756, 460284
17756, 460284
17756, 460284
17756, 460284
17756, 460284
17756, 460284
17756, 460284
17756, 460284
17756, 460284
17756, 460284
17756, 460284
17756, 460284
17756, 460284
17756, 460284
17756, 460284
17756, 460284
17756, 460284
17756, 460284
17756, 460284
17756, 460284
17756, 460284
17756, 460284
17756, 460284
17756, 460284
17756, 460284
17756, 460284
17756, 460284
17756, 460284
17756, 460284
17756, 460284
17756, 460284
17756, 460284
17756, 460284
17756, 460284
17756, 460284
17756, 460284
17756, 460284
17756, 460284
17756, 460284
17756, 460284
17756, 460284
17756, 460284
17756, 460284
17756, 460284
17756, 460284
17756, 460284
17756, 460284
17756, 460284
17756, 460284
17756, 460284
17756, 460284
17756, 460284
17756, 460284
17756, 460284
17756, 460284
17756, 460284
17756, 460284
17756, 460284
17756, 460284
17756, 460284
17756, 460284
17756, 460284
17756, 460284
17756, 460284
17756, 460284
17756, 460284
17756, 460284
17756, 460284
17756, 460284
17756, 460284
17756, 460284
17756, 460284
17756, 460284
17756, 460284
17756, 460284
17756, 460284
17756, 460284
17756, 460284
17756, 460284
17756, 460284
17756, 460284
17756, 460284
17756, 460284
17756, 460284
17756, 460284
17756, 460284
17756, 460284
17756, 460284
17756, 460284
17756, 460284
17756, 460284
17756, 460284
17756, 460284
17756, 460284
17756, 460284
17756, 460284
17756, 460284
17756, 460284
17756, 460284
17756, 460284
17756, 460284
17756, 460284
17756, 460284
17756, 460284
17756, 460284
17756, 460284
17756, 460284
17756, 460284
17756, 460284
17756, 460284
17756, 460284
17756, 460284
17756, 460284
17756, 460284
17756, 460284
17756, 460284
17756, 460284
17756, 460284
17756, 460284
17756, 460284
17756, 460284
17756, 460284
17756, 460284
17756, 460284
17756, 460284
17756, 460284
17756, 460284
17756, 460284
17756, 460284
17756, 460284
17756, 460284
17756, 460284
17756, 460284
17756, 460284
17756, 460284
17756, 460284
17756, 460284
17756, 460284
17756, 460284
17756, 460284
17756, 460284
17756, 460284
17756, 460284
17756, 460284
17756, 460284
17756, 460284
17756, 460284
17756, 460284
17756, 460284
17756, 460284
17756, 460284
17756, 460284
17756, 460284
17756, 460284
17756, 460284
17756, 460284
17756, 460284
17756, 460284
17756, 460284
17756, 460284
17756, 460284
17756, 460284
17756, 460284
17756, 460284
17756, 460284
17756, 460284
17756, 460284
17756, 460284
17756, 460284
17756, 460284
17756, 460284
17756, 460284
17756, 460284
17756, 460284
17756, 460284
17756, 460284
17756, 460284
17756, 460284
17756, 460284
17756, 460284
17756, 460284
17756, 460284
17756, 460284
17756, 460284
17756, 460284
17756, 460284
17756, 460284
17756, 460284
17756, 460284
17756, 460284
17756, 460284
17756, 460284
17756, 460284
17756, 460284
17756, 460284
17756, 460284
17756, 460284
17756, 460284
17756, 460284
17756, 460284
17756, 460284
17756, 460284
17756, 460284
17756, 460284
17756, 460284
17756, 460284
17756, 460284
17756, 460284
17756, 460284
17756, 460284
17756, 460284
17756, 460284
17756, 460284
17756, 460284
17756, 460284
17756, 460284
17756, 460284
17756, 460284
17756, 460284
17756, 460284
17756, 460284
17756, 460284
17756, 460284
17756, 460284
17756, 460284
17756, 460284
17756, 460284
17756, 460284
17756, 460284
17756, 460284
17756, 460284
17756, 460284
17756, 460284
17756, 460284
17756, 460284
17756, 460284
17756, 460284
17756, 460284
17756, 460284
17756, 460284
17756, 460284
17756, 460284
17756, 460284
17756, 460284
17756, 460284
17756, 460284
17756, 460284
17756, 460284
17756, 460284
17756, 460284
17756, 460284
17756, 460284
17756, 460284
17756, 460284
17756, 460284
17756, 460284
17756, 460284
17756, 460284
17756, 460284
17756, 460284
17756, 460284
17756, 460284
17756, 460284
17756, 460284
17756, 460284
17756, 460284
17756, 460284
17756, 460284
17756, 460284
17756, 460284
17756, 460284
17756, 460284
17756, 460284
17756, 460284
17756, 460284
17756, 460284
17756, 460284
17756, 460284
17756, 460284
17756, 460284
17756, 460284
17756, 460284
17756, 460284
17756, 460284
17756, 460284
17756, 460284
17756, 460284
17756, 460284
17756, 460284
17756, 460284
17756, 460284
17756, 460284
17756, 460284
17756, 460284
17756, 460284
17756, 460284
17756, 460284
17756, 460284
17756, 460284
17756, 460284
17756, 460284
17756, 460284
17756, 460284
17756, 460284
17756, 460284
17756, 460284
17756, 460284
17756, 460284
17756, 460284
17756, 460284
17756, 460284
17756, 460284
17756, 460284
17756, 460284
17756, 460284
17756, 460284
17756, 460284
17756, 460284
17756, 460284
17756, 460284
17756, 460284
17756, 460284
17756, 460284
17756, 460284
17756, 460284
17756, 460284
17756, 460284
17756, 460284
17756, 460284
17756, 460284
17756, 460284
17756, 460284
17756, 460284
17756, 460284
17756, 460284
17756, 460284
17756, 460284
17756, 460284
17756, 460284
17756, 460284
17756, 460284
17756, 460284
17756, 460284
17756, 460284
17756, 460284
17756, 460284
17756, 460284
17756, 460284
17756, 460284
17756, 460284
17756, 460284
17756, 460284
17756, 460284
17756, 460284
17756, 460284
17756, 460284
17756, 460284
17756, 460284
17756, 460284
17756, 460284
17756, 460284
17756, 460284
17756, 460284
17756, 460284
17756, 460284
17756, 460284
17756, 460284
17756, 460284
17756, 460284
17756, 460284
17756, 460284
17756, 460284
17756, 460284
17756, 460284
17756, 460284
17756, 460284
17756, 460284
17756, 460284
17756, 460284
17756, 460284
17756, 460284
17756, 460284
17756, 460284
17756, 460284
17756, 460284
17756, 460284
17756, 460284
17756, 460284
17756, 460284
17756, 460284
17756, 460284
17756, 460284
17756, 460284
17756, 460284
17756, 460284
17756, 460284
17756, 460284
17756, 460284
17756, 460284
17756, 460284
17756, 460284
17756, 460284
17756, 460284
17756, 460284
17756, 460284
17756, 460284
17756, 460284
17756, 460284
17756, 460284
17756, 460284
17756, 460284
17756, 460284
17756, 460284
17756, 460284
17756, 460284
17756, 460284
17756, 460284
17756, 460284
17756, 460284
17756, 460284
17756, 460284
17756, 460284
17756, 460284
17756, 460284
17756, 460284
17756, 460284
17756, 460284
17756, 460284
17756, 460284
17756, 460284
17756, 460284
17756, 460284
17756, 460284
17756, 460284
17756, 460284
17756, 460284
17756, 460284
17756, 460284
17756, 460284
17756, 460284
17756, 460284
17756, 460284
17756, 460284
17756, 460284
17756, 460284
17756, 460284
17756, 460284
17756, 460284
17756, 460284
17756, 460284
17756, 460284
17756, 460284
17756, 460284
17756, 460284
17756, 460284
17756, 460284
17756, 460284
17756, 460284
17756, 460284
17756, 460284
17756, 460284
17756, 460284
17756, 460284
17756, 460284
17756, 460284
17756, 460284
17756, 460284
17756, 460284
17756, 460284
17756, 460284
17756, 460284
17756, 460284
17756, 460284
17756, 460284
17756, 460284
17756, 460284
17756, 460284
17756, 460284
17756, 460284
17756, 460284
17756, 460284
17756, 460284
17756, 460284
17756, 460284
17756, 460284
17756, 460284
17756, 460284
17756, 460284
17756, 460284
17756, 460284
17756, 460284
17756, 460284
17756, 460284
17756, 460284
17756, 460284
17756, 460284
17756, 460284
17756, 460284
17756, 460284
17756, 460284
17756, 460284
17756, 460284
17756, 460284
17756, 460284
17756, 460284
17756, 460284
17756, 460284
17756, 460284
17756, 460284
17756, 460284
17756, 460284
17756, 460284
17756, 460284
17756, 460284
17756, 460284
17756, 460284
17756, 460284
17756, 460284
17756, 460284
17756, 460284
17756, 460284
17756, 460284
17756, 460284
17756, 460284
17756, 460284
17756, 460284
17756, 460284
17756, 460284
17756, 460284
17756, 460284
17756, 460284
17756, 460284
17756, 460284
17756, 460284
17756, 460284
17756, 460284
17756, 460284
17756, 460284
17756, 460284
17756, 460284
17756, 460284
17756, 460284
17756, 460284
17756, 460284
17756, 460284
17756, 460284
17756, 460284
17756, 460284
17756, 460284
17756, 460284
17756, 460284
17756, 460284
17756, 460284
17756, 460284
17756, 460284
17756, 460284
17756, 460284
17756, 460284
17756, 460284
17756, 460284
17756, 460284
17756, 460284
17756, 460284
17756, 460284
17756, 460284
17756, 460284
17756, 460284
17756, 460284
17756, 460284
17756, 460284
17756, 460284
17756, 460284
17756, 460284
17756, 460284
17756, 460284
17756, 460284
17756, 460284
17756, 460284
17756, 460284
17756, 460284
17756, 460284
17756, 460284
17756, 460284
17756, 460284
17756, 460284
17756, 460284
17756, 460284
17756, 460284
17756, 460284
17756, 460284
17756, 460284
17756, 460284
17756, 460284
17756, 460284
17756, 460284
17756, 460284
17756, 460284
17756, 460284
17756, 460284
17756, 460284
17756, 460284
17756, 460284
17756, 460284
17756, 460284
17756, 460284
17756, 460284
17756, 460284
17756, 460284
17756, 460284
17756, 460284
17756, 460284
17756, 460284
17756, 460284
17756, 460284
17756, 460284
17756, 460284
17756, 460284
17756, 460284
17756, 460284
17756, 460284
17756, 460284
17756, 460284
17756, 460284
17756, 460284
17756, 460284
17756, 460284
17756, 460284
17756, 460284
17756, 460284
17756, 460284
17756, 460284
17756, 460284
17756, 460284
17756, 460284
17756, 460284
17756, 460284
17756, 460284
17756, 460284
17756, 460284
17756, 460284
17756, 460284
17756, 460284
17756, 460284
17756, 460284
17756, 460284
17756, 460284
17756, 460284
17756, 460284
17756, 460284
17756, 460284
17756, 460284
17756, 460284
17756, 460284
17756, 460284
17756, 460284
17756, 460284
17756, 460284
17756, 460284
17756, 460284
17756, 460284
17756, 460284
17756, 460284
17756, 460284
17756, 460284
17756, 460284
17756, 460284
17756, 460284
17756, 460284
17756, 460284
17756, 460284
17756, 460284
17756, 460284
17756, 460284
17756, 460284
17756, 460284
17756, 460284
17756, 460284
17756, 460284
17756, 460284
17756, 460284
17756, 460284
17756, 460284
17756, 460284
17756, 460284
17756, 460284
17756, 460284
17756, 460284
17756, 460284
17756, 460284
17756, 460284
17756, 460284
17756, 460284
17756, 460284
17756, 460284
17756, 460284
17756, 460284
17756, 460284
17756, 460284
17756, 460284
17756, 460284
17756, 460284
17756, 460284
17756, 460284
17756, 460284
17756, 460284
17756, 460284
17756, 460284
17756, 460284
17756, 460284
17756, 460284
17756, 460284
17756, 460284
17756, 460284
17756, 460284
17756, 460284
17756, 460284
17756, 460284
17756, 460284
17756, 460284
17756, 460284
17756, 460284
17756, 460284
17756, 460284
17756, 460284
17756, 460284
17756, 460284
17756, 460284
17756, 460284
17756, 460284
17756, 460284
17756, 460284
17756, 460284
17756, 460284
17756, 460284
17756, 460284
17756, 460284
17756, 460284
17756, 460284
17756, 460284
17756, 460284
17756, 460284
17756, 460284
17756, 460284
17756, 460284
17756, 460284
17756, 460284
17756, 460284
17756, 460284
17756, 460284
17756, 460284
17756, 460284
17756, 460284
17756, 460284
17756, 460284
17756, 460284
17756, 460284
17756, 460284
17756, 460284
17756, 460284
17756, 460284
17756, 460284
17756, 460284
17756, 460284
17756, 460284
17756, 460284
17756, 460284
17756, 460284
17756, 460284
17756, 460284
17756, 460284
17756, 460284
17756, 460284
17756, 460284
17756, 460284
17756, 460284
17756, 460284
17756, 460284
17756, 460284
17756, 460284
17756, 460284
17756, 460284
17756, 460284
17756, 460284
17756, 460284
17756, 460284
17756, 460284
17756, 460284
17756, 460284
17756, 460284
17756, 460284
17756, 460284
17756, 460284
17756, 460284
17756, 460284
17756, 460284
17756, 460284
17756, 460284
17756, 460284
17756, 460284
17756, 460284
17756, 460284
17756, 460284
17756, 460284
17756, 460284
17756, 460284
17756, 460284
17756, 460284
17756, 460284
17756, 460284
17756, 460284
17756, 460284
17756, 460284
17756, 460284
17756, 460284
17756, 460284
17756, 460284
17756, 460284
17756, 460284
17756, 460284
17756, 460284
17756, 460284
17756, 460284
17756, 460284
17756, 460284
17756, 460284
17756, 460284
17756, 460284
17756, 460284
17756, 460284
17756, 460284
17756, 460284
17756, 460284
17756, 460284
17756, 460284
17756, 460284
17756, 460284
17756, 460284
17756, 460284
17756, 460284
17756, 460284
17756, 460284
17756, 460284
17756, 460284
17756, 460284
17756, 460284
17756, 460284
17756, 460284
17756, 460284
17756, 460284
17756, 460284
17756, 460284
17756, 460284
17756, 460284
17756, 460284
17756, 460284
17756, 460284
17756, 460284
17756, 460284
17756, 460284
17756, 460284
17756, 460284
17756, 460284
17756, 460284
17756, 460284
17756, 460284
17756, 460284
17756, 460284
17756, 460284
17756, 460284
17756, 460284
17756, 460284
17756, 460284
17756, 460284
17756, 460284
17756, 460284
17756, 460284
17756, 460284
17756, 460284
17756, 460284
17756, 460284
17756, 460284
17756, 460284
17756, 460284
17756, 460284
17756, 460284
17756, 460284
17756, 460284
17756, 460284
17756, 460284
17756, 460284
17756, 460284
17756, 460284
17756, 460284
17756, 460284
17756, 460284
17756, 460284
17756, 460284
17756, 460284
17756, 460284
17756, 460284
17756, 460284
17756, 460284
17756, 460284
17756, 460284
17756, 460284
17756, 460284
17756, 460284
17756, 460284
17756, 460284
17756, 460284
17756, 460284
17756, 460284
17756, 460284
17756, 460284
17756, 460284
17756, 460284
17756, 460284
17756, 460284
17756, 460284
17756, 460284
17756, 460284
17756, 460284
17756, 460284
17756, 460284
17756, 460284
17756, 460284
17756, 460284
17756, 460284
17756, 460284
17756, 460284
17756, 460284
17756, 460284
17756, 460284
17756, 460284
17756, 460284
17756, 460284
17756, 460284
17756, 460284
17756, 460284
17756, 460284
17756, 460284
17756, 460284
17756, 460284
17756, 460284
17756, 460284
17756, 460284
17756, 460284
17756, 460284
17756, 460284
17756, 460284
17756, 460284
17756, 460284
17756, 460284
17756, 460284
17756, 460284
17756, 460284
17756, 460284
17756, 460284
17756, 460284
17756, 460284
17756, 460284
17756, 460284
17756, 460284
17756, 460284
17756, 460284
17756, 460284
17756, 460284
17756, 460284
17756, 460284
17756, 460284
17756, 460284
17756, 460284
17756, 460284
17756, 460284
17756, 460284
17756, 460284
17756, 460284
17756, 460284
17756, 460284
17756, 460284
17756, 460284
17756, 460284
17756, 460284
17756, 460284
17756, 460284
17756, 460284
17756, 460284
17756, 460284
17756, 460284
17756, 460284
17756, 460284
17756, 460284
17756, 460284
17756, 460284
17756, 460284
17756, 460284
17756, 460284
17756, 460284
17756, 460284
17756, 460284
17756, 460284
17756, 460284
17756, 460284
17756, 460284
17756, 460284
17756, 460284
17756, 460284
17756, 460284
17756, 460284
17756, 460284
17756, 460284
17756, 460284
17756, 460284
17756, 460284
17756, 460284
17756, 460284
17756, 460284
17756, 460284
17756, 460284
17756, 460284
17756, 460284
17756, 460284
17756, 460284
17756, 460284
17756, 460284
17756, 460284
17756, 460284
17756, 460284
17756, 460284
17756, 460284
17756, 460284
17756, 460284
17756, 460284
17756, 460284
17756, 460284
17756, 460284
17756, 460284
17756, 460284
17756, 460284
17756, 460284
17756, 460284
17756, 460284
17756, 460284
17756, 460284
17756, 460284
17756, 460284
17756, 460284
17756, 460284
17756, 460284
17756, 460284
17756, 460284
17756, 460284
17756, 460284
17756, 460284
17756, 460284
17756, 460284
17756, 460284
17756, 460284
17756, 460284
17756, 460284
17756, 460284
17756, 460284
17756, 460284
17756, 460284
17756, 460284
17756, 460284
17756, 460284
17756, 460284
17756, 460284
17756, 460284
17756, 460284
17756, 460284
17756, 460284
17756, 460284
17756, 460284
17756, 460284
17756, 460284
17756, 460284
17756, 460284
17756, 460284
17756, 460284
17756, 460284
17756, 460284
17756, 460284
17756, 460284
17756, 460284
17756, 460284
17756, 460284
17756, 460284
17756, 460284
17756, 460284
17756, 460284
17756, 460284
17756, 460284
17756, 460284
17756, 460284
17756, 460284
17756, 460284
17756, 460284
17756, 460284
17756, 460284
17756, 460284
17756, 460284
17756, 460284
17756, 460284
17756, 460284
17756, 460284
17756, 460284
17756, 460284
17756, 460284
17756, 460284
17756, 460284
17756, 460284
17756, 460284
17756, 460284
17756, 460284
17756, 460284
17756, 460284
17756, 460284
17756, 460284
17756, 460284
17756, 460284
17756, 460284
17756, 460284
17756, 460284
17756, 460284
17756, 460284
17756, 460284
17756, 460284
17756, 460284
17756, 460284
17756, 460284
17756, 460284
17756, 460284
17756, 460284
17756, 460284
17756, 460284
17756, 460284
17756, 460284
17756, 460284
17756, 460284
17756, 460284
17756, 460284
17756, 460284
17756, 460284
17756, 460284
17756, 460284
17756, 460284
17756, 460284
17756, 460284
17756, 460284
17756, 460284
17756, 460284
17756, 460284
17756, 460284
17756, 460284
17756, 460284
17756, 460284
17756, 460284
17756, 460284
17756, 460284
17756, 460284
17756, 460284
17756, 460284
17756, 460284
17756, 460284
17756, 460284
17756, 460284
17756, 460284
17756, 460284
17756, 460284
17756, 460284
17756, 460284
17756, 460284
17756, 460284
17756, 460284
17756, 460284
17756, 460284
17756, 460284
17756, 460284
17756, 460284
17756, 460284
17756, 460284
17756, 460284
17756, 460284
17756, 460284
17756, 460284
17756, 460284
17756, 460284
17756, 460284
17756, 460284
17756, 460284
17756, 460284
17756, 460284
17756, 460284
17756, 460284
17756, 460284
17756, 460284
17756, 460284
17756, 460284
17756, 460284
17756, 460284
17756, 460284
17756, 460284
17756, 460284
17756, 460284
17756, 460284
17756, 460284
17756, 460284
17756, 460284
17756, 460284
17756, 460284
17756, 460284
17756, 460284
17756, 460284
17756, 460284
17756, 460284
17756, 460284
17756, 460284
17756, 460284
17756, 460284
17756, 460284
17756, 460284
17756, 460284
17756, 460284
17756, 460284
17756, 460284
17756, 460284
17756, 460284
17756, 460284
17756, 460284
17756, 460284
17756, 460284
17756, 460284
17756, 460284
17756, 460284
17756, 460284
17756, 460284
17756, 460284
17756, 460284
17756, 460284
17756, 460284
17756, 460284
17756, 460284
17756, 460284
17756, 460284
17756, 460284
17756, 460284
17756, 460284
17756, 460284
17756, 460284
17756, 460284
17756, 460284
17756, 460284
17756, 460284
17756, 460284
17756, 460284
17756, 460284
17756, 460284
17756, 460284
17756, 460284
17756, 460284
17756, 460284
17756, 460284
17756, 460284
17756, 460284
17756, 460284
17756, 460284
17756, 460284
17756, 460284
17756, 460284
17756, 460284
17756, 460284
17756, 460284
17756, 460284
17756, 460284
17756, 460284
17756, 460284
17756, 460284
17756, 460284
17756, 460284
17756, 460284
17756, 460284
17756, 460284
17756, 460284
17756, 460284
17756, 460284
17756, 460284
17756, 460284
17756, 460284
17756, 460284
17756, 460284
17756, 460284
17756, 460284
17756, 460284
17756, 460284
17756, 460284
17756, 460284
17756, 460284
17756, 460284
17756, 460284
17756, 460284
17756, 460284
17756, 460284
17756, 460284
17756, 460284
17756, 460284
17756, 460284
17756, 460284
17756, 460284
17756, 460284
17756, 460284
17756, 460284
17756, 460284
17756, 460284
17756, 460284
17756, 460284
17756, 460284
17756, 460284
17756, 460284
17756, 460284
17756, 460284
17756, 460284
17756, 460284
17756, 460284
17756, 460284
17756, 460284
17756, 460284
17756, 460284
17756, 460284
17756, 460284
17756, 460284
17756, 460284
17756, 460284
17756, 460284
17756, 460284
17756, 460284
17756, 460284
17756, 460284
17756, 460284
17756, 460284
17756, 460284
17756, 460284
17756, 460284
17756, 460284
17756, 460284
17756, 460284
17756, 460284
17756, 460284
17756, 460284
17756, 460284
17756, 460284
17756, 460284
17756, 460284
17756, 460284
17756, 460284
17756, 460284
17756, 460284
17756, 460284
17756, 460284
17756, 460284
17756, 460284
17756, 460284
17756, 460284
17756, 460284
17756, 460284
17756, 460284
17756, 460284
17756, 460284
17756, 460284
17756, 460284
17756, 460284
17756, 460284
17756, 460284
17756, 460284
17756, 460284
17756, 460284
17756, 460284
17756, 460284
17756, 460284
17756, 460284
17756, 460284
17756, 460284
17756, 460284
17756, 460284
17756, 460284
17756, 460284
17756, 460284
17756, 460284
17756, 460284
17756, 460284
17756, 460284
17756, 460284
17756, 460284
17756, 460284
17756, 460284
17756, 460284
17756, 460284
17756, 460284
17756, 460284
17756, 460284
17756, 460284
17756, 460284
17756, 460284
17756, 460284
17756, 460284
17756, 460284
17756, 460284
17756, 460284
17756, 460284
17756, 460284
17756, 460284
17756, 460284
17756, 460284
17756, 460284
17756, 460284
17756, 460284
17756, 460284
17756, 460284
17756, 460284
17756, 460284
17756, 460284
17756, 460284
17756, 460284
17756, 460284
17756, 460284
17756, 460284
17756, 460284
17756, 460284
17756, 460284
17756, 460284
17756, 460284
17756, 460284
17756, 460284
17756, 460284
17756, 460284
17756, 460284
17756, 460284
17756, 460284
17756, 460284
17756, 460284
17756, 460284
17756, 460284
17756, 460284
17756, 460284
17756, 460284
17756, 460284
17756, 460284
17756, 460284
17756, 460284
17756, 460284
17756, 460284
17756, 460284
17756, 460284
17756, 460284
17756, 460284
17756, 460284
17756, 460284
17756, 460284
17756, 460284
17756, 460284
17756, 460284
17756, 460284
17756, 460284
17756, 460284
17756, 460284
17756, 460284
17756, 460284
17756, 460284
17756, 460284
17756, 460284
17756, 460284
17756, 460284
17756, 460284
17756, 460284
17756, 460284
17756, 460284
17756, 460284
17756, 460284
17756, 460284
17756, 460284
17756, 460284
17756, 460284
17756, 460284
17756, 460284
17756, 460284
17756, 460284
17756, 460284
17756, 460284
17756, 460284
17756, 460284
17756, 460284
17756, 460284
17756, 460284
17756, 460284
17756, 460284
17756, 460284
17756, 460284
17756, 460284
17756, 460284
17756, 460284
17756, 460284
17756, 460284
17756, 460284
17756, 460284
17756, 460284
17756, 460284
17756, 460284
17756, 460284
17756, 460284
17756, 460284
17756, 460284
17756, 460284
17756, 460284
17756, 460284
17756, 460284
17756, 460284
17756, 460284
17756, 460284
17756, 460284
17756, 460284
17756, 460284
17756, 460284
17756, 460284
17756, 460284
17756, 460284
17756, 460284
17756, 460284
17756, 460284
17756, 460284
17756, 460284
17756, 460284
17756, 460284
17756, 460284
17756, 460284
17756, 460284
17756, 460284
17756, 460284
17756, 460284
17756, 460284
17756, 460284
17756, 460284
17756, 460284
17756, 460284
17756, 460284
17756, 460284
17756, 460284
17756, 460284
17756, 460284
17756, 460284
17756, 460284
17756, 460284
17756, 460284
17756, 460284
17756, 460284
17756, 460284
17756, 460284
17756, 460284
17756, 460284
17756, 460284
17756, 460284
17756, 460284
17756, 460284
17756, 460284
17756, 460284
17756, 460284
17756, 460284
17756, 460284
17756, 460284
17756, 460284
17756, 460284
17756, 460284
17756, 460284
17756, 460284
17756, 460284
17756, 460284
17756, 460284
17756, 460284
17756, 460284
17756, 460284
17756, 460284
17756, 460284
17756, 460284
17756, 460284
17756, 460284
17756, 460284
17756, 460284
17756, 460284
17756, 460284
17756, 460284
17756, 460284
17756, 460284
17756, 460284
17756, 460284
17756, 460284
17756, 460284
17756, 460284
17756, 460284
17756, 460284
17756, 460284
17756, 460284
17756, 460284
17756, 460284
17756, 460284
17756, 460284
17756, 460284
17756, 460284
17756, 460284
17756, 460284
17756, 460284
17756, 460284
17756, 460284
17756, 460284
17756, 460284
17756, 460284
17756, 460284
17756, 460284
17756, 460284
17756, 460284
17756, 460284
17756, 460284
17756, 460284
17756, 460284
17756, 460284
17756, 460284
17756, 460284
17756, 460284
17756, 460284
17756, 460284
17756, 460284
17756, 460284
17756, 460284
17756, 460284
17756, 460284
17756, 460284
17756, 460284
17756, 460284
17756, 460284
17756, 460284
17756, 460284
17756, 460284
17756, 460284
17756, 460284
17756, 460284
17756, 460284
17756, 460284
17756, 460284
17756, 460284
17756, 460284
17756, 460284
17756, 460284
17756, 460284
17756, 460284
17756, 460284
17756, 460284
17756, 460284
17756, 460284
17756, 460284
17756, 460284
17756, 460284
17756, 460284
17756, 460284
17756, 460284
17756, 460284
17756, 460284
17756, 460284
17756, 460284
17756, 460284
17756, 460284
17756, 460284
17756, 460284
17756, 460284
17756, 460284
17756, 460284
17756, 460284
17756, 460284
17756, 460284
17756, 460284
17756, 460284
17756, 460284
17756, 460284
17756, 460284
17756, 460284
17756, 460284
17756, 460284
17756, 460284
17756, 460284
17756, 460284
17756, 460284
17756, 460284
17756, 460284
17756, 460284
17756, 460284
17756, 460284
17756, 460284
17756, 460284
17756, 460284
17756, 460284
17756, 460284
17756, 460284
17756, 460284
17756, 460284
17756, 460284
17756, 460284
17756, 460284
17756, 460284
17756, 460284
17756, 460284
17756, 460284
17756, 460284
17756, 460284
17756, 460284
17756, 460284
17756, 460284
17756, 460284
17756, 460284
17756, 460284
17756, 460284
17756, 460284
17756, 460284
17756, 460284
17756, 460284
17756, 460284
17756, 460284
17756, 460284
17756, 460284
17756, 460284
17756, 460284
17756, 460284
17756, 460284
17756, 460284
17756, 460284
17756, 460284
17756, 460284
17756, 460284
17756, 460284
17756, 460284
17756, 460284
17756, 460284
17756, 460284
17756, 460284
17756, 460284
17756, 460284
17756, 460284
17756, 460284
17756, 460284
17756, 460284
17756, 460284
17756, 460284
17756, 460284
17756, 460284
17756, 460284
17756, 460284
17756, 460284
17756, 460284
17756, 460284
17756, 460284
17756, 460284
17756, 460284
17756, 460284
17756, 460284
17756, 460284
17756, 460284
17756, 460284
17756, 460284
17756, 460284
17756, 460284
17756, 460284
17756, 460284
17756, 460284
17756, 460284
17756, 460284
17756, 460284
17756, 460284
17756, 460284
17756, 460284
17756, 460284
17756, 460284
17756, 460284
17756, 460284
17756, 460284
17756, 460284
17756, 460284
17756, 460284
17756, 460284
17756, 460284
17756, 460284
17756, 460284
17756, 460284
17756, 460284
17756, 460284
17756, 460284
17756, 460284
17756, 460284
17756, 460284
17756, 460284
17756, 460284
17756, 460284
17756, 460284
17756, 460284
17756, 460284
17756, 460284
17756, 460284
17756, 460284
17756, 460284
17756, 460284
17756, 460284
17756, 460284
17756, 460284
17756, 460284
17756, 460284
17756, 460284
17756, 460284
17756, 460284
17756, 460284
17756, 460284
17756, 460284
17756, 460284
17756, 460284
17756, 460284
17756, 460284
17756, 460284
17756, 460284
17756, 460284
17756, 460284
17756, 460284
17756, 460284
17756, 460284
17756, 460284
17756, 460284
17756, 460284
17756, 460284
17756, 460284
17756, 460284
17756, 460284
17756, 460284
17756, 460284
17756, 460284
17756, 460284
17756, 460284
17756, 460284
17756, 460284
17756, 460284
17756, 460284
17756, 460284
17756, 460284
17756, 460284
17756, 460284
17756, 460284
17756, 460284
17756, 460284
17756, 460284
17756, 460284
17756, 460284
17756, 460284
17756, 460284
17756, 460284
17756, 460284
17756, 460284
17756, 460284
17756, 460284
17756, 460284
17756, 460284
17756, 460284
17756, 460284
17756, 460284
17756, 460284
17756, 460284
17756, 460284
17756, 460284
17756, 460284
17756, 460284
17756, 460284
17756, 460284
17756, 460284
17756, 460284
17756, 460284
17756, 460284
17756, 460284
17756, 460284
17756, 460284
17756, 460284
17756, 460284
17756, 460284
17756, 460284
17756, 460284
17756, 460284
17756, 460284
17756, 460284
17756, 460284
17756, 460284
17756, 460284
17756, 460284
17756, 460284
17756, 460284
17756, 460284
17756, 460284
17756, 460284
17756, 460284
17756, 460284
17756, 460284
17756, 460284
17756, 460284
17756, 460284
17756, 460284
17756, 460284
17756, 460284
17756, 460284
17756, 460284
17756, 460284
17756, 460284
17756, 460284
17756, 460284
17756, 460284
17756, 460284
17756, 460284
17756, 460284
17756, 460284
17756, 460284
17756, 460284
17756, 460284
17756, 460284
17756, 460284
17756, 460284
17756, 460284
17756, 460284
17756, 460284
17756, 460284
17756, 460284
17756, 460284
17756, 460284
17756, 460284
17756, 460284
17756, 460284
17756, 460284
17756, 460284
17756, 460284
17756, 460284
17756, 460284
17756, 460284
17756, 460284
17756, 460284
17756, 460284
17756, 460284
17756, 460284
17756, 460284
17756, 460284
17756, 460284
17756, 460284
17756, 460284
17756, 460284
17756, 460284
17756, 460284
17756, 460284
17756, 460284
17756, 460284
17756, 460284
17756, 460284
17756, 460284
17756, 460284
17756, 460284
17756, 460284
17756, 460284
17756, 460284
17756, 460284
17756, 460284
17756, 460284
17756, 460284
17756, 460284
17756, 460284
17756, 460284
17756, 460284
17756, 460284
17756, 460284
17756, 460284
17756, 460284
17756, 460284
17756, 460284
17756, 460284
17756, 460284
17756, 460284
17756, 460284
17756, 460284
17756, 460284
17756, 460284
17756, 460284
17756, 460284
17756, 460284
17756, 460284
17756, 460284
17756, 460284
17756, 460284
17756, 460284
17756, 460284
17756, 460284
17756, 460284
17756, 460284
17756, 460284
17756, 460284
17756, 460284
17756, 460284
17756, 460284
17756, 460284
17756, 460284
17756, 460284
17756, 460284
17756, 460284
17756, 460284
17756, 460284
17756, 460284
17756, 460284
17756, 460284
17756, 460284
17756, 460284
17756, 460284
17756, 460284
17756, 460284
17756, 460284
17756, 460284
17756, 460284
17756, 460284
17756, 460284
17756, 460284
17756, 460284
17756, 460284
17756, 460284
17756, 460284
17756, 460284
17756, 460284
17756, 460284
17756, 460284
17756, 460284
17756, 460284
17756, 460284
17756, 460284
17756, 460284
17756, 460284
17756, 460284
17756, 460284
17756, 460284
17756, 460284
17756, 460284
17756, 460284
17756, 460284
17756, 460284
17756, 460284
17756, 460284
17756, 460284
17756, 460284
17756, 460284
17756, 460284
17756, 460284
17756, 460284
17756, 460284
17756, 460284
17756, 460284
17756, 460284
17756, 460284
17756, 460284
17756, 460284
17756, 460284
17756, 460284
17756, 460284
17756, 460284
17756, 460284
17756, 460284
17756, 460284
17756, 460284
17756, 460284
17756, 460284
17756, 460284
17756, 460284
17756, 460284
17756, 460284
17756, 460284
17756, 460284
17756, 460284
17756, 460284
17756, 460284
17756, 460284
17756, 460284
17756, 460284
17756, 460284
17756, 460284
17756, 460284
17756, 460284
17756, 460284
17756, 460284
17756, 460284
17756, 460284
17756, 460284
17756, 460284
17756, 460284
17756, 460284
17756, 460284
17756, 460284
17756, 460284
17756, 460284
17756, 460284
17756, 460284
17756, 460284
17756, 460284
17756, 460284
17756, 460284
17756, 460284
17756, 460284
17756, 460284
17756, 460284
17756, 460284
17756, 460284
17756, 460284
17756, 460284
17756, 460284
17756, 460284
17756, 460284
17756, 460284
17756, 460284
17756, 460284
17756, 460284
17756, 460284
17756, 460284
17756, 460284
17756, 460284
17756, 460284
17756, 460284
17756, 460284
17756, 460284
17756, 460284
17756, 460284
17756, 460284
17756, 460284
17756, 460284
17756, 460284
17756, 460284
17756, 460284
17756, 460284
17756, 460284
17756, 460284
17756, 460284
17756, 460284
17756, 460284
17756, 460284
17756, 460284
17756, 460284
17756, 460284
17756, 460284
17756, 460284
17756, 460284
17756, 460284
17756, 460284
17756, 460284
17756, 460284
17756, 460284
17756, 460284
17756, 460284
17756, 460284
17756, 460284
17756, 460284
17756, 460284
17756, 460284
17756, 460284
17756, 460284
17756, 460284
17756, 460284
17756, 460284
17756, 460284
17756, 460284
17756, 460284
17756, 460284
17756, 460284
17756, 460284
17756, 460284
17756, 460284
17756, 460284
17756, 460284
17756, 460284
17756, 460284
17756, 460284
17756, 460284
17756, 460284
17756, 460284
17756, 460284
17756, 460284
17756, 460284
17756, 460284
17756, 460284
17756, 460284
17756, 460284
17756, 460284
17756, 460284
17756, 460284
17756, 460284
17756, 460284
17756, 460284
17756, 460284
17756, 460284
17756, 460284
17756, 460284
17756, 460284
17756, 460284
17756, 460284
17756, 460284
17756, 460284
17756, 460284
17756, 460284
17756, 460284
17756, 460284
17756, 460284
17756, 460284
17756, 460284
17756, 460284
17756, 460284
17756, 460284
17756, 460284
17756, 460284
17756, 460284
17756, 460284
17756, 460284
17756, 460284
17756, 460284
17756, 460284
17756, 460284
17756, 460284
17756, 460284
17756, 460284
17756, 460284
17756, 460284
17756, 460284
17756, 460284
17756, 460284
17756, 460284
17756, 460284
17756, 460284
17756, 460284
17756, 460284
17756, 460284
17756, 460284
17756, 460284
17756, 460284
17756, 460284
17756, 460284
17756, 460284
17756, 460284
17756, 460284
17756, 460284
17756, 460284
17756, 460284
17756, 460284
17756, 460284
17756, 460284
17756, 460284
17756, 460284
17756, 460284
17756, 460284
17756, 460284
17756, 460284
17756, 460284
17756, 460284
17756, 460284
17756, 460284
17756, 460284
17756, 460284
17756, 460284
17756, 460284
17756, 460284
17756, 460284
17756, 460284
17756, 460284
17756, 460284
17756, 460284
17756, 460284
17756, 460284
17756, 460284
17756, 460284
17756, 460284
17756, 460284
17756, 460284
17756, 460284
17756, 460284
17756, 460284
17756, 460284
17756, 460284
17756, 460284
17756, 460284
17756, 460284
17756, 460284
17756, 460284
17756, 460284
17756, 460284
17756, 460284
17756, 460284
17756, 460284
17756, 460284
17756, 460284
17756, 460284
17756, 460284
17756, 460284
17756, 460284
17756, 460284
17756, 460284
17756, 460284
17756, 460284
17756, 460284
17756, 460284
17756, 460284
17756, 460284
17756, 460284
17756, 460284
17756, 460284
17756, 460284
17756, 460284
17756, 460284
17756, 460284
17756, 460284
17756, 460284
17756, 460284
17756, 460284
17756, 460284
17756, 460284
17756, 460284
17756, 460284
17756, 460284
17756, 460284
17756, 460284
17756, 460284
17756, 460284
17756, 460284
17756, 460284
17756, 460284
17756, 460284
17756, 460284
17756, 460284
17756, 460284
17756, 460284
17756, 460284
17756, 460284
17756, 460284
17756, 460284
17756, 460284
17756, 460284
17756, 460284
17756, 460284
17756, 460284
17756, 460284
17756, 460284
17756, 460284
17756, 460284
17756, 460284
17756, 460284
17756, 460284
17756, 460284
17756, 460284
17756, 460284
17756, 460284
17756, 460284
17756, 460284
17756, 460284
17756, 460284
17756, 460284
17756, 460284
17756, 460284
17756, 460284
17756, 460284
17756, 460284
17756, 460284
17756, 460284
17756, 460284
17756, 460284
17756, 460284
17756, 460284
17756, 460284
17756, 460284
17756, 460284
17756, 460284
17756, 460284
17756, 460284
17756, 460284
17756, 460284
17756, 460284
17756, 460284
17756, 460284
17756, 460284
17756, 460284
17756, 460284
17756, 460284
17756, 460284
17756, 460284
17756, 460284
17756, 460284
17756, 460284
17756, 460284
17756, 460284
17756, 460284
17756, 460284
17756, 460284
17756, 460284
17756, 460284
17756, 460284
17756, 460284
17756, 460284
17756, 460284
17756, 460284
17756, 460284
17756, 460284
17756, 460284
17756, 460284
17756, 460284
17756, 460284
17756, 460284
17756, 460284
17756, 460284
17756, 460284
17756, 460284
17756, 460284
17756, 460284
17756, 460284
17756, 460284
17756, 460284
17756, 460284
17756, 460284
17756, 460284
17756, 460284
17756, 460284
17756, 460284
17756, 460284
17756, 460284
17756, 460284
17756, 460284
17756, 460284
17756, 460284
17756, 460284
17756, 460284
17756, 460284
17756, 460284
17756, 460284
17756, 460284
17756, 460284
17756, 460284
17756, 460284
17756, 460284
17756, 460284
17756, 460284
17756, 460284
17756, 460284
17756, 460284
17756, 460284
17756, 460284
17756, 460284
17756, 460284
17756, 460284
17756, 460284
17756, 460284
17756, 460284
17756, 460284
17756, 460284
17756, 460284
17756, 460284
17756, 460284
17756, 460284
17756, 460284
17756, 460284
17756, 460284
17756, 460284
17756, 460284
17756, 460284
17756, 460284
17756, 460284
17756, 460284
17756, 460284
17756, 460284
17756, 460284
17756, 460284
17756, 460284
17756, 460284
17756, 460284
17756, 460284
17756, 460284
17756, 460284
17756, 460284
17756, 460284
17756, 460284
17756, 460284
17756, 460284
17756, 460284
17756, 460284
17756, 460284
17756, 460284
17756, 460284
17756, 460284
17756, 460284
17756, 460284
17756, 460284
17756, 460284
17756, 460284
17756, 460284
17756, 460284
17756, 460284
17756, 460284
17756, 460284
17756, 460284
17756, 460284
17756, 460284
17756, 460284
17756, 460284
17756, 460284
17756, 460284
17756, 460284
17756, 460284
17756, 460284
17756, 460284
17756, 460284
17756, 460284
17756, 460284
17756, 460284
17756, 460284
17756, 460284
17756, 460284
17756, 460284
17756, 460284
17756, 460284
17756, 460284
17756, 460284
17756, 460284
17756, 460284
17756, 460284
17756, 460284
17756, 460284
17756, 460284
17756, 460284
17756, 460284
17756, 460284
17756, 460284
17756, 460284
17756, 460284
17756, 460284
17756, 460284
17756, 460284
17756, 460284
17756, 460284
17756, 460284
17756, 460284
17756, 460284
17756, 460284
17756, 460284
17756, 460284
17756, 460284
17756, 460284
17756, 460284
17756, 460284
17756, 460284
17756, 460284
17756, 460284
17756, 460284
17756, 460284
17756, 460284
17756, 460284
17756, 460284
17756, 460284
17756, 460284
17756, 460284
17756, 460284
17756, 460284
17756, 460284
17756, 460284
17756, 460284
17756, 460284
17756, 460284
17756, 460284
17756, 460284
17756, 460284
17756, 460284
17756, 460284
17756, 460284
17756, 460284
17756, 460284
17756, 460284
17756, 460284
17756, 460284
17756, 460284
17756, 460284
17756, 460284
17756, 460284
17756, 460284
17756, 460284
17756, 460284
17756, 460284
17756, 460284
17756, 460284
17756, 460284
17756, 460284
17756, 460284
17756, 460284
17756, 460284
17756, 460284
17756, 460284
17756, 460284
17756, 460284
17756, 460284
17756, 460284
17756, 460284
17756, 460284
17756, 460284
17756, 460284
17756, 460284
17756, 460284
17756, 460284
17756, 460284
17756, 460284
17756, 460284
17756, 460284
17756, 460284
17756, 460284
17756, 460284
17756, 460284
17756, 460284
17756, 460284
17756, 460284
17756, 460284
17756, 460284
17756, 460284
17756, 460284
17756, 460284
17756, 460284
17756, 460284
17756, 460284
17756, 460284
17756, 460284
17756, 460284
17756, 460284
17756, 460284
17756, 460284
17756, 460284
17756, 460284
17756, 460284
17756, 460284
17756, 460284
17756, 460284
17756, 460284
17756, 460284
17756, 460284
17756, 460284
17756, 460284
17756, 460284
17756, 460284
17756, 460284
17756, 460284
17756, 460284
17756, 460284
17756, 460284
17756, 460284
17756, 460284
17756, 460284
17756, 460284
17756, 460284
17756, 460284
17756, 460284
17756, 460284
17756, 460284
17756, 460284
17756, 460284
17756, 460284
17756, 460284
17756, 460284
17756, 460284
17756, 460284
17756, 460284
17756, 460284
17756, 460284
17756, 460284
17756, 460284
17756, 460284
17756, 460284
17756, 460284
17756, 460284
17756, 460284
17756, 460284
17756, 460284
17756, 460284
17756, 460284
17756, 460284
17756, 460284
17756, 460284
17756, 460284
17756, 460284
17756, 460284
17756, 460284
17756, 460284
17756, 460284
17756, 460284
17756, 460284
17756, 460284
17756, 460284
17756, 460284
17756, 460284
17756, 460284
17756, 460284
17756, 460284
17756, 460284
17756, 460284
17756, 460284
17756, 460284
17756, 460284
17756, 460284
17756, 460284
17756, 460284
17756, 460284
17756, 460284
17756, 460284
17756, 460284
17756, 460284
17756, 460284
17756, 460284
17756, 460284
17756, 460284
17756, 460284
17756, 460284
17756, 460284
17756, 460284
17756, 460284
17756, 460284
17756, 460284
17756, 460284
17756, 460284
17756, 460284
17756, 460284
17756, 460284
17756, 460284
17756, 460284
17756, 460284
17756, 460284
17756, 460284
17756, 460284
17756, 460284
17756, 460284
17756, 460284
17756, 460284
17756, 460284
17756, 460284
17756, 460284
17756, 460284
17756, 460284
17756, 460284
17756, 460284
17756, 460284
17756, 460284
17756, 460284
17756, 460284
17756, 460284
17756, 460284
17756, 460284
17756, 460284
17756, 460284
17756, 460284
17756, 460284
17756, 460284
17756, 460284
17756, 460284
17756, 460284
17756, 460284
17756, 460284
17756, 460284
17756, 460284
17756, 460284
17756, 460284
17756, 460284
17756, 460284
17756, 460284
17756, 460284
17756, 460284
17756, 460284
17756, 460284
17756, 460284
17756, 460284
17756, 460284
17756, 460284
17756, 460284
17756, 460284
17756, 460284
17756, 460284
17756, 460284
17756, 460284
17756, 460284
17756, 460284
17756, 460284
17756, 460284
17756, 460284
17756, 460284
17756, 460284
17756, 460284
17756, 460284
17756, 460284
17756, 460284
17756, 460284
17756, 460284
17756, 460284
17756, 460284
17756, 460284
17756, 460284
17756, 460284
17756, 460284
17756, 460284
17756, 460284
17756, 460284
17756, 460284
17756, 460284
17756, 460284
17756, 460284
17756, 460284
17756, 460284
17756, 460284
17756, 460284
17756, 460284
17756, 460284
17756, 460284
17756, 460284
17756, 460284
17756, 460284
17756, 460284
17756, 460284
17756, 460284
17756, 460284
17756, 460284
17756, 460284
17756, 460284
17756, 460284
17756, 460284
17756, 460284
17756, 460284
17756, 460284
17756, 460284
17756, 460284
17756, 460284
17756, 460284
17756, 460284
17756, 460284
17756, 460284
17756, 460284
17756, 460284
17756, 460284
17756, 460284
17756, 460284
17756, 460284
17756, 460284
17756, 460284
17756, 460284
17756, 460284
17756, 460284
17756, 460284
17756, 460284
17756, 460284
17756, 460284
17756, 460284
17756, 460284
17756, 460284
17756, 460284
17756, 460284
17756, 460284
17756, 460284
17756, 460284
17756, 460284
17756, 460284
17756, 460284
17756, 460284
17756, 460284
17756, 460284
17756, 460284
17756, 460284
17756, 460284
17756, 460284
17756, 460284
17756, 460284
17756, 460284
17756, 460284
17756, 460284
17756, 460284
17756, 460284
17756, 460284
17756, 460284
17756, 460284
17756, 460284
17756, 460284
17756, 460284
17756, 460284
17756, 460284
17756, 460284
17756, 460284
17756, 460284
17756, 460284
17756, 460284
17756, 460284
17756, 460284
17756, 460284
17756, 460284
17756, 460284
17756, 460284
17756, 460284
17756, 460284
17756, 460284
17756, 460284
17756, 460284
17756, 460284
17756, 460284
17756, 460284
17756, 460284
17756, 460284
17756, 460284
17756, 460284
17756, 460284
17756, 460284
17756, 460284
17756, 460284
17756, 460284
17756, 460284
17756, 460284
17756, 460284
17756, 460284
17756, 460284
17756, 460284
17756, 460284
17756, 460284
17756, 460284
17756, 460284
17756, 460284
17756, 460284
17756, 460284
17756, 460284
17756, 460284
17756, 460284
17756, 460284
17756, 460284
17756, 460284
17756, 460284
17756, 460284
17756, 460284
17756, 460284
17756, 460284
17756, 460284
17756, 460284
17756, 460284
17756, 460284
17756, 460284
17756, 460284
17756, 460284
17756, 460284
17756, 460284
17756, 460284
17756, 460284
17756, 460284
17756, 460284
17756, 460284
17756, 460284
17756, 460284
17756, 460284
17756, 460284
17756, 460284
17756, 460284
17756, 460284
17756, 460284
17756, 460284
17756, 460284
17756, 460284
17756, 460284
17756, 460284
17756, 460284
17756, 460284
17756, 460284
17756, 460284
17756, 460284
17756, 460284
17756, 460284
17756, 460284
17756, 460284
17756, 460284
17756, 460284
17756, 460284
17756, 460284
17756, 460284
17756, 460284
17756, 460284
17756, 460284
17756, 460284
17756, 460284
17756, 460284
17756, 460284
17756, 460284
17756, 460284
17756, 460284
17756, 460284
17756, 460284
17756, 460284
17756, 460284
17756, 460284
17756, 460284
17756, 460284
17756, 460284
17756, 460284
17756, 460284
17756, 460284
17756, 460284
17756, 460284
17756, 460284
17756, 460284
17756, 460284
17756, 460284
17756, 460284
17756, 460284
17756, 460284
17756, 460284
17756, 460284
17756, 460284
17756, 460284
17756, 460284
17756, 460284
17756, 460284
17756, 460284
17756, 460284
17756, 460284
17756, 460284
17756, 460284
17756, 460284
17756, 460284
17756, 460284
17756, 460284
17756, 460284
17756, 460284
17756, 460284
17756, 460284
17756, 460284
17756, 460284
17756, 460284
17756, 460284
17756, 460284
17756, 460284
17756, 460284
17756, 460284
17756, 460284
17756, 460284
17756, 460284
17756, 460284
17756, 460284
17756, 460284
17756, 460284
17756, 460284
17756, 460284
17756, 460284
17756, 460284
17756, 460284
17756, 460284
17756, 460284
17756, 460284
17756, 460284
17756, 460284
17756, 460284
17756, 460284
17756, 460284
17756, 460284
17756, 460284
17756, 460284
17756, 460284
17756, 460284
17756, 460284
17756, 460284
17756, 460284
17756, 460284
17756, 460284
17756, 460284
17756, 460284
17756, 460284
17756, 460284
17756, 460284
17756, 460284
17756, 460284
17756, 460284
17756, 460284
17756, 460284
17756, 460284
17756, 460284
17756, 460284
17756, 460284
17756, 460284
17756, 460284
17756, 460284
17756, 460284
17756, 460284
17756, 460284
17756, 460284
17756, 460284
17756, 460284
17756, 460284
17756, 460284
17756, 460284
17756, 460284
17756, 460284
17756, 460284
17756, 460284
17756, 460284
17756, 460284
17756, 460284
17756, 460284
17756, 460284
17756, 460284
17756, 460284
17756, 460284
17756, 460284
17756, 460284
17756, 460284
17756, 460284
17756, 460284
17756, 460284
17756, 460284
17756, 460284
17756, 460284
17756, 460284
17756, 460284
17756, 460284
17756, 460284
17756, 460284
17756, 460284
17756, 460284
17756, 460284
17756, 460284
17756, 460284
17756, 460284
17756, 460284
17756, 460284
17756, 460284
17756, 460284
17756, 460284
17756, 460284
17756, 460284
17756, 460284
17756, 460284
17756, 460284
17756, 460284
17756, 460284
17756, 460284
17756, 460284
17756, 460284
17756, 460284
17756, 460284
17756, 460284
17756, 460284
17756, 460284
17756, 460284
17756, 460284
17756, 460284
17756, 460284
17756, 460284
17756, 460284
17756, 460284
17756, 460284
17756, 460284
17756, 460284
17756, 460284
17756, 460284
17756, 460284
17756, 460284
17756, 460284
17756, 460284
17756, 460284
17756, 460284
17756, 460284
17756, 460284
17756, 460284
17756, 460284
17756, 460284
17756, 460284
17756, 460284
17756, 460284
17756, 460284
17756, 460284
17756, 460284
17756, 460284
17756, 460284
17756, 460284
17756, 460284
17756, 460284
17756, 460284
17756, 460284
17756, 460284
17756, 460284
17756, 460284
17756, 460284
17756, 460284
17756, 460284
17756, 460284
17756, 460284
17756, 460284
17756, 460284
17756, 460284
17756, 460284
17756, 460284
17756, 460284
17756, 460284
17756, 460284
17756, 460284
17756, 460284
17756, 460284
17756, 460284
17756, 460284
17756, 460284
17756, 460284
17756, 460284
17756, 460284
17756, 460284
17756, 460284
17756, 460284
17756, 460284
17756, 460284
17756, 460284
17756, 460284
17756, 460284
17756, 460284
17756, 460284
17756, 460284
17756, 460284
17756, 460284
17756, 460284
17756, 460284
17756, 460284
17756, 460284
17756, 460284
17756, 460284
17756, 460284
17756, 460284
17756, 460284
17756, 460284
17756, 460284
17756, 460284
17756, 460284
17756, 460284
17756, 460284
17756, 460284
17756, 460284
17756, 460284
17756, 460284
17756, 460284
17756, 460284
17756, 460284
17756, 460284
17756, 460284
17756, 460284
17756, 460284
17756, 460284
17756, 460284
17756, 460284
17756, 460284
17756, 460284
17756, 460284
17756, 460284
17756, 460284
17756, 460284
17756, 460284
17756, 460284
17756, 460284
17756, 460284
17756, 460284
17756, 460284
17756, 460284
17756, 460284
17756, 460284
17756, 460284
17756, 460284
17756, 460284
17756, 460284
17756, 460284
17756, 460284
17756, 460284
17756, 460284
17756, 460284
17756, 460284
17756, 460284
17756, 460284
17756, 460284
17756, 460284
17756, 460284
17756, 460284
17756, 460284
17756, 460284
17756, 460284
17756, 460284
17756, 460284
17756, 460284
17756, 460284
17756, 460284
17756, 460284
17756, 460284
17756, 460284
17756, 460284
17756, 460284
17756, 460284
17756, 460284
17756, 460284
17756, 460284
17756, 460284
17756, 460284
17756, 460284
17756, 460284
17756, 460284
17756, 460284
17756, 460284
17756, 460284
17756, 460284
17756, 460284
17756, 460284
17756, 460284
17756, 460284
17756, 460284
17756, 460284
17756, 460284
17756, 460284
17756, 460284
17756, 460284
17756, 460284
17756, 460284
17756, 460284
17756, 460284
17756, 460284
17756, 460284
17756, 460284
17756, 460284
17756, 460284
17756, 460284
17756, 460284
17756, 460284
17756, 460284
17756, 460284
17756, 460284
17756, 460284
17756, 460284
17756, 460284
17756, 460284
17756, 460284
17756, 460284
17756, 460284
17756, 460284
17756, 460284
17756, 460284
17756, 460284
17756, 460284
17756, 460284
17756, 460284
17756, 460284
17756, 460284
17756, 460284
17756, 460284
17756, 460284
17756, 460284
17756, 460284
17756, 460284
17756, 460284
17756, 460284
17756, 460284
17756, 460284
17756, 460284
17756, 460284
17756, 460284
17756, 460284
17756, 460284
17756, 460284
17756, 460284
17756, 460284
17756, 460284
17756, 460284
17756, 460284
17756, 460284
17756, 460284
17756, 460284
17756, 460284
17756, 460284
17756, 460284
17756, 460284
17756, 460284
17756, 460284
17756, 460284
17756, 460284
17756, 460284
17756, 460284
17756, 460284
17756, 460284
17756, 460284
17756, 460284
17756, 460284
17756, 460284
17756, 460284
17756, 460284
17756, 460284
17756, 460284
17756, 460284
17756, 460284
17756, 460284
17756, 460284
17756, 460284
17756, 460284
17756, 460284
17756, 460284
17756, 460284
17756, 460284
17756, 460284
17756, 460284
17756, 460284
17756, 460284
17756, 460284
17756, 460284
17756, 460284
17756, 460284
17756, 460284
17756, 460284
17756, 460284
17756, 460284
17756, 460284
17756, 460284
17756, 460284
17756, 460284
17756, 460284
17756, 460284
17756, 460284
17756, 460284
17756, 460284
17756, 460284
17756, 460284
17756, 460284
17756, 460284
17756, 460284
17756, 460284
17756, 460284
17756, 460284
17756, 460284
17756, 460284
17756, 460284
17756, 460284
17756, 460284
17756, 460284
17756, 460284
17756, 460284
17756, 460284
17756, 460284
17756, 460284
17756, 460284
17756, 460284
17756, 460284
17756, 460284
17756, 460284
17756, 460284
17756, 460284
17756, 460284
17756, 460284
17756, 460284
17756, 460284
17756, 460284
17756, 460284
17756, 460284
17756, 460284
17756, 460284
17756, 460284
17756, 460284
17756, 460284
17756, 460284
17756, 460284
17756, 460284
17756, 460284
17756, 460284
17756, 460284
17756, 460284
17756, 460284
17756, 460284
17756, 460284
17756, 460284
17756, 460284
17756, 460284
17756, 460284
17756, 460284
17756, 460284
17756, 460284
17756, 460284
17756, 460284
17756, 460284
17756, 460284
17756, 460284
17756, 460284
17756, 460284
17756, 460284
17756, 460284
17756, 460284
17756, 460284
17756, 460284
17756, 460284
17756, 460284
17756, 460284
17756, 460284
17756, 460284
17756, 460284
17756, 460284
17756, 460284
17756, 460284
17756, 460284
17756, 460284
17756, 460284
17756, 460284
17756, 460284
17756, 460284
17756, 460284
17756, 460284
17756, 460284
17756, 460284
17756, 460284
17756, 460284
17756, 460284
17756, 460284
17756, 460284
17756, 460284
17756, 460284
17756, 460284
17756, 460284
17756, 460284
17756, 460284
17756, 460284
17756, 460284
17756, 460284
17756, 460284
17756, 460284
17756, 460284
17756, 460284
17756, 460284
17756, 460284
17756, 460284
17756, 460284
17756, 460284
17756, 460284
17756, 460284
17756, 460284
17756, 460284
17756, 460284
17756, 460284
17756, 460284
17756, 460284
17756, 460284
17756, 460284
17756, 460284
17756, 460284
17756, 460284
17756, 460284
17756, 460284
17756, 460284
17756, 460284
17756, 460284
17756, 460284
17756, 460284
17756, 460284
17756, 460284
17756, 460284
17756, 460284
17756, 460284
17756, 460284
17756, 460284
17756, 460284
17756, 460284
17756, 460284
17756, 460284
17756, 460284
17756, 460284
17756, 460284
17756, 460284
17756, 460284
17756, 460284
17756, 460284
17756, 460284
17756, 460284
17756, 460284
17756, 460284
17756, 460284
17756, 460284
17756, 460284
17756, 460284
17756, 460284
17756, 460284
17756, 460284
17756, 460284
17756, 460284
17756, 460284
17756, 460284
17756, 460284
17756, 460284
17756, 460284
17756, 460284
17756, 460284
17756, 460284
17756, 460284
17756, 460284
17756, 460284
17756, 460284
17756, 460284
17756, 460284
17756, 460284
17756, 460284
17756, 460284
17756, 460284
17756, 460284
17756, 460284
17756, 460284
17756, 460284
17756, 460284
17756, 460284
17756, 460284
17756, 460284
17756, 460284
17756, 460284
17756, 460284
17756, 460284
17756, 460284
17756, 460284
17756, 460284
17756, 460284
17756, 460284
17756, 460284
17756, 460284
17756, 460284
17756, 460284
17756, 460284
17756, 460284
17756, 460284
17756, 460284
17756, 460284
17756, 460284
17756, 460284
17756, 460284
17756, 460284
17756, 460284
17756, 460284
17756, 460284
17756, 460284
17756, 460284
17756, 460284
17756, 460284
17756, 460284
17756, 460284
17756, 460284
17756, 460284
17756, 460284
17756, 460284
17756, 460284
17756, 460284
17756, 460284
17756, 460284
17756, 460284
17756, 460284
17756, 460284
17756, 460284
17756, 460284
17756, 460284
17756, 460284
17756, 460284
17756, 460284
17756, 460284
17756, 460284
17756, 460284
17756, 460284
17756, 460284
17756, 460284
17756, 460284
17756, 460284
17756, 460284
17756, 460284
17756, 460284
17756, 460284
17756, 460284
17756, 460284
17756, 460284
17756, 460284
17756, 460284
17756, 460284
17756, 460284
17756, 460284
17756, 460284
17756, 460284
17756, 460284
17756, 460284
17756, 460284
17756, 460284
17756, 460284
17756, 460284
17756, 460284
17756, 460284
17756, 460284
17756, 460284
17756, 460284
17756, 460284
17756, 460284
17756, 460284
17756, 460284
17756, 460284
17756, 460284
17756, 460284
17756, 460284
17756, 460284
17756, 460284
17756, 460284
17756, 460284
17756, 460284
17756, 460284
17756, 460284
17756, 460284
17756, 460284
17756, 460284
17756, 460284
17756, 460284
17756, 460284
17756, 460284
17756, 460284
17756, 460284
17756, 460284
17756, 460284
17756, 460284
17756, 460284
17756, 460284
17756, 460284
17756, 460284
17756, 460284
17756, 460284
17756, 460284
17756, 460284
17756, 460284
17756, 460284
17756, 460284
17756, 460284
17756, 460284
17756, 460284
17756, 460284
17756, 460284
17756, 460284
17756, 460284
17756, 460284
17756, 460284
17756, 460284
17756, 460284
17756, 460284
17756, 460284
17756, 460284
17756, 460284
17756, 460284
17756, 460284
17756, 460284
17756, 460284
17756, 460284
17756, 460284
17756, 460284
17756, 460284
17756, 460284
17756, 460284
17756, 460284
17756, 460284
17756, 460284
17756, 460284
17756, 460284
17756, 460284
17756, 460284
17756, 460284
17756, 460284
17756, 460284
17756, 460284
17756, 460284
17756, 460284
17756, 460284
17756, 460284
17756, 460284
17756, 460284
17756, 460284
17756, 460284
17756, 460284
17756, 460284
17756, 460284
17756, 460284
17756, 460284
17756, 460284
17756, 460284
17756, 460284
17756, 460284
17756, 460284
17756, 460284
17756, 460284
17756, 460284
17756, 460284
17756, 460284
17756, 460284
17756, 460284
17756, 460284
17756, 460284
17756, 460284
17756, 460284
17756, 460284
17756, 460284
17756, 460284
17756, 460284
17756, 460284
17756, 460284
17756, 460284
17756, 460284
17756, 460284
17756, 460284
17756, 460284
17756, 460284
17756, 460284
17756, 460284
17756, 460284
17756, 460284
17756, 460284
17756, 460284
17756, 460284
17756, 460284
17756, 460284
17756, 460284
17756, 460284
17756, 460284
17756, 460284
17756, 460284
17756, 460284
17756, 460284
17756, 460284
17756, 460284
17756, 460284
17756, 460284
17756, 460284
17756, 460284
17756, 460284
17756, 460284
17756, 460284
17756, 460284
17756, 460284
17756, 460284
17756, 460284
17756, 460284
17756, 460284
17756, 460284
17756, 460284
17756, 460284
17756, 460284
17756, 460284
17756, 460284
17756, 460284
17756, 460284
17756, 460284
17756, 460284
17756, 460284
17756, 460284
17756, 460284
17756, 460284
17756, 460284
17756, 460284
17756, 460284
17756, 460284
17756, 460284
17756, 460284
17756, 460284
17756, 460284
17756, 460284
17756, 460284
17756, 460284
17756, 460284
17756, 460284
17756, 460284
17756, 460284
17756, 460284
17756, 460284
17756, 460284
17756, 460284
17756, 460284
17756, 460284
17756, 460284
17756, 460284
17756, 460284
17756, 460284
17756, 460284
17756, 460284
17756, 460284
17756, 460284
17756, 460284
17756, 460284
17756, 460284
17756, 460284
17756, 460284
17756, 460284
17756, 460284
17756, 460284
17756, 460284
17756, 460284
17756, 460284
17756, 460284
17756, 460284
17756, 460284
17756, 460284
17756, 460284
17756, 460284
17756, 460284
17756, 460284
17756, 460284
17756, 460284
17756, 460284
17756, 460284
17756, 460284
17756, 460284
17756, 460284
17756, 460284
17756, 460284
17756, 460284
17756, 460284
17756, 460284
17756, 460284
17756, 460284
17756, 460284
17756, 460284
17756, 460284
17756, 460284
17756, 460284
17756, 460284
17756, 460284
17756, 460284
17756, 460284
17756, 460284
17756, 460284
17756, 460284
17756, 460284
17756, 460284
17756, 460284
17756, 460284
17756, 460284
17756, 460284
17756, 460284
17756, 460284
17756, 460284
17756, 460284
17756, 460284
17756, 460284
17756, 460284
17756, 460284
17756, 460284
17756, 460284
17756, 460284
17756, 460284
17756, 460284
17756, 460284
17756, 460284
17756, 460284
17756, 460284
17756, 460284
17756, 460284
17756, 460284
17756, 460284
17756, 460284
17756, 460284
17756, 460284
17756, 460284
17756, 460284
17756, 460284
17756, 460284
17756, 460284
17756, 460284
17756, 460284
17756, 460284
17756, 460284
17756, 460284
17756, 460284
17756, 460284
17756, 460284
17756, 460284
17756, 460284
17756, 460284
17756, 460284
17756, 460284
17756, 460284
17756, 460284
17756, 460284
17756, 460284
17756, 460284
17756, 460284
17756, 460284
17756, 460284
17756, 460284
17756, 460284
17756, 460284
17756, 460284
17756, 460284
17756, 460284
17756, 460284
17756, 460284
17756, 460284
17756, 460284
17756, 460284
17756, 460284
17756, 460284
17756, 460284
17756, 460284
17756, 460284
17756, 460284
17756, 460284
17756, 460284
17756, 460284
17756, 460284
17756, 460284
17756, 460284
17756, 460284
17756, 460284
17756, 460284
17756, 460284
17756, 460284
17756, 460284
17756, 460284
17756, 460284
17756, 460284
17756, 460284
17756, 460284
17756, 460284
17756, 460284
17756, 460284
17756, 460284
17756, 460284
17756, 460284
17756, 460284
17756, 460284
17756, 460284
17756, 460284
17756, 460284
17756, 460284
17756, 460284
17756, 460284
17756, 460284
17756, 460284
17756, 460284
17756, 460284
17756, 460284
17756, 460284
17756, 460284
17756, 460284
17756, 460284
17756, 460284
17756, 460284
17756, 460284
17756, 460284
17756, 460284
17756, 460284
17756, 460284
17756, 460284
17756, 460284
17756, 460284
17756, 460284
17756, 460284
17756, 460284
17756, 460284
17756, 460284
17756, 460284
17756, 460284
17756, 460284
17756, 460284
17756, 460284
17756, 460284
17756, 460284
17756, 460284
17756, 460284
17756, 460284
17756, 460284
17756, 460284
17756, 460284
17756, 460284
17756, 460284
17756, 460284
17756, 460284
17756, 460284
17756, 460284
17756, 460284
17756, 460284
17756, 460284
17756, 460284
17756, 460284
17756, 460284
17756, 460284
17756, 460284
17756, 460284
17756, 460284
17756, 460284
17756, 460284
17756, 460284
17756, 460284
17756, 460284
17756, 460284
17756, 460284
17756, 460284
17756, 460284
17756, 460284
17756, 460284
17756, 460284
17756, 460284
17756, 460284
17756, 460284
17756, 460284
17756, 460284
17756, 460284
17756, 460284
17756, 460284
17756, 460284
17756, 460284
17756, 460284
17756, 460284
17756, 460284
17756, 460284
17756, 460284
17756, 460284
17756, 460284
17756, 460284
17756, 460284
17756, 460284
17756, 460284
17756, 460284
17756, 460284
17756, 460284
17756, 460284
17756, 460284
17756, 460284
17756, 460284
17756, 460284
17756, 460284
17756, 460284
17756, 460284
17756, 460284
17756, 460284
17756, 460284
17756, 460284
17756, 460284
17756, 460284
17756, 460284
17756, 460284
17756, 460284
17756, 460284
17756, 460284
17756, 460284
17756, 460284
17756, 460284
17756, 460284
17756, 460284
17756, 460284
17756, 460284
17756, 460284
17756, 460284
17756, 460284
17756, 460284
17756, 460284
17756, 460284
17756, 460284
17756, 460284
17756, 460284
17756, 460284
17756, 460284
17756, 460284
17756, 460284
17756, 460284
17756, 460284
17756, 460284
17756, 460284
17756, 460284
17756, 460284
17756, 460284
17756, 460284
17756, 460284
17756, 460284
17756, 460284
17756, 460284
17756, 460284
17756, 460284
17756, 460284
17756, 460284
17756, 460284
17756, 460284
17756, 460284
17756, 460284
17756, 460284
17756, 460284
17756, 460284
17756, 460284
17756, 460284
17756, 460284
17756, 460284
17756, 460284
17756, 460284
17756, 460284
17756, 460284
17756, 460284
17756, 460284
17756, 460284
17756, 460284
17756, 460284
17756, 460284
17756, 460284
17756, 460284
17756, 460284
17756, 460284
17756, 460284
17756, 460284
17756, 460284
17756, 460284
17756, 460284
17756, 460284
17756, 460284
17756, 460284
17756, 460284
17756, 460284
17756, 460284
17756, 460284
17756, 460284
17756, 460284
17756, 460284
17756, 460284
17756, 460284
17756, 460284
17756, 460284
17756, 460284
17756, 460284
17756, 460284
17756, 460284
17756, 460284
17756, 460284
17756, 460284
17756, 460284
17756, 460284
17756, 460284
17756, 460284
17756, 460284
17756, 460284
17756, 460284
17756, 460284
17756, 460284
17756, 460284
17756, 460284
17756, 460284
17756, 460284
17756, 460284
17756, 460284
17756, 460284
17756, 460284
17756, 460284
17756, 460284
17756, 460284
17756, 460284
17756, 460284
17756, 460284
17756, 460284
17756, 460284
17756, 460284
17756, 460284
17756, 460284
17756, 460284
17756, 460284
17756, 460284
17756, 460284
17756, 460284
17756, 460284
17756, 460284
17756, 460284
17756, 460284
17756, 460284
17756, 460284
17756, 460284
17756, 460284
17756, 460284
17756, 460284
17756, 460284
17756, 460284
17756, 460284
17756, 460284
17756, 460284
17756, 460284
17756, 460284
17756, 460284
17756, 460284
17756, 460284
17756, 460284
17756, 460284
17756, 460284
17756, 460284
17756, 460284
17756, 460284
17756, 460284
17756, 460284
17756, 460284
17756, 460284
17756, 460284
17756, 460284
17756, 460284
17756, 460284
17756, 460284
17756, 460284
17756, 460284
17756, 460284
17756, 460284
17756, 460284
17756, 460284
17756, 460284
17756, 460284
17756, 460284
17756, 460284
17756, 460284
17756, 460284
17756, 460284
17756, 460284
17756, 460284
17756, 460284
17756, 460284
17756, 460284
17756, 460284
17756, 460284
17756, 460284
17756, 460284
17756, 460284
17756, 460284
17756, 460284
17756, 460284
17756, 460284
17756, 460284
17756, 460284
17756, 460284
17756, 460284
17756, 460284
17756, 460284
17756, 460284
17756, 460284
17756, 460284
17756, 460284
17756, 460284
17756, 460284
17756, 460284
17756, 460284
17756, 460284
17756, 460284
17756, 460284
17756, 460284
17756, 460284
17756, 460284
17756, 460284
17756, 460284
17756, 460284
17756, 460284
17756, 460284
17756, 460284
17756, 460284
17756, 460284
17756, 460284
17756, 460284
17756, 460284
17756, 460284
17756, 460284
17756, 460284
17756, 460284
17756, 460284
17756, 460284
17756, 460284
17756, 460284
17756, 460284
17756, 460284
17756, 460284
17756, 460284
17756, 460284
17756, 460284
17756, 460284
17756, 460284
17756, 460284
17756, 460284
17756, 460284
17756, 460284
17756, 460284
17756, 460284
17756, 460284
17756, 460284
17756, 460284
17756, 460284
17756, 460284
17756, 460284
17756, 460284
17756, 460284
17756, 460284
17756, 460284
17756, 460284
17756, 460284
17756, 460284
17756, 460284
17756, 460284
17756, 460284
17756, 460284
17756, 460284
17756, 460284
17756, 460284
17756, 460284
17756, 460284
17756, 460284
17756, 460284
17756, 460284
17756, 460284
17756, 460284
17756, 460284
17756, 460284
17756, 460284
17756, 460284
17756, 460284
17756, 460284
17756, 460284
17756, 460284
17756, 460284
17756, 460284
17756, 460284
17756, 460284
17756, 460284
17756, 460284
17756, 460284
17756, 460284
17756, 460284
17756, 460284
17756, 460284
17756, 460284
17756, 460284
17756, 460284
17756, 460284
17756, 460284
17756, 460284
17756, 460284
17756, 460284
17756, 460284
17756, 460284
17756, 460284
17756, 460284
17756, 460284
17756, 460284
17756, 460284
17756, 460284
17756, 460284
17756, 460284
17756, 460284
17756, 460284
17756, 460284
17756, 460284
17756, 460284
17756, 460284
17756, 460284
17756, 460284
17756, 460284
17756, 460284
17756, 460284
17756, 460284
17756, 460284
17756, 460284
17756, 460284
17756, 460284
17756, 460284
17756, 460284
17756, 460284
17756, 460284
17756, 460284
17756, 460284
17756, 460284
17756, 460284
17756, 460284
17756, 460284
17756, 460284
17756, 460284
17756, 460284
17756, 460284
17756, 460284
17756, 460284
17756, 460284
17756, 460284
17756, 460284
17756, 460284
17756, 460284
17756, 460284
17756, 460284
17756, 460284
17756, 460284
17756, 460284
17756, 460284
17756, 460284
17756, 460284
17756, 460284
17756, 460284
17756, 460284
17756, 460284
17756, 460284
17756, 460284
17756, 460284
17756, 460284
17756, 460284
17756, 460284
17756, 460284
17756, 460284
17756, 460284
17756, 460284
17756, 460284
17756, 460284
17756, 460284
17756, 460284
17756, 460284
17756, 460284
17756, 460284
17756, 460284
17756, 460284
17756, 460284
17756, 460284
17756, 460284
17756, 460284
17756, 460284
17756, 460284
17756, 460284
17756, 460284
17756, 460284
17756, 460284
17756, 460284
17756, 460284
17756, 460284
17756, 460284
17756, 460284
17756, 460284
17756, 460284
17756, 460284
17756, 460284
17756, 460284
17756, 460284
17756, 460284
17756, 460284
17756, 460284
17756, 460284
17756, 460284
17756, 460284
17756, 460284
17756, 460284
17756, 460284
17756, 460284
17756, 460284
17756, 460284
17756, 460284
17756, 460284
17756, 460284
17756, 460284
17756, 460284
17756, 460284
17756, 460284
17756, 460284
17756, 460284
17756, 460284
17756, 460284
17756, 460284
17756, 460284
17756, 460284
17756, 460284
17756, 460284
17756, 460284
17756, 460284
17756, 460284
17756, 460284
17756, 460284
17756, 460284
17756, 460284
17756, 460284
17756, 460284
17756, 460284
17756, 460284
17756, 460284
17756, 460284
17756, 460284
17756, 460284
17756, 460284
17756, 460284
17756, 460284
17756, 460284
17756, 460284
17756, 460284
17756, 460284
17756, 460284
17756, 460284
17756, 460284
17756, 460284
17756, 460284
17756, 460284
17756, 460284
17756, 460284
17756, 460284
17756, 460284
17756, 460284
17756, 460284
17756, 460284
17756, 460284
17756, 460284
17756, 460284
17756, 460284
17756, 460284
17756, 460284
17756, 460284
17756, 460284
17756, 460284
17756, 460284
17756, 460284
17756, 460284
17756, 460284
17756, 460284
17756, 460284
17756, 460284
17756, 460284
17756, 460284
17756, 460284
17756, 460284
17756, 460284
17756, 460284
17756, 460284
17756, 460284
17756, 460284
17756, 460284
17756, 460284
17756, 460284
17756, 460284
17756, 460284
17756, 460284
17756, 460284
17756, 460284
17756, 460284
17756, 460284
17756, 460284
17756, 460284
17756, 460284
17756, 460284
17756, 460284
17756, 460284
17756, 460284
17756, 460284
17756, 460284
17756, 460284
17756, 460284
17756, 460284
17756, 460284
17756, 460284
17756, 460284
17756, 460284
17756, 460284
17756, 460284
17756, 460284
17756, 460284
17756, 460284
17756, 460284
17756, 460284
17756, 460284
17756, 460284
17756, 460284
17756, 460284
17756, 460284
17756, 460284
17756, 460284
17756, 460284
17756, 460284
17756, 460284
17756, 460284
17756, 460284
17756, 460284
17756, 460284
17756, 460284
17756, 460284
17756, 460284
17756, 460284
17756, 460284
17756, 460284
17756, 460284
17756, 460284
17756, 460284
17756, 460284
17756, 460284
17756, 460284
17756, 460284
17756, 460284
17756, 460284
17756, 460284
17756, 460284
17756, 460284
17756, 460284
17756, 460284
17756, 460284
17756, 460284
17756, 460284
17756, 460284
17756, 460284
17756, 460284
17756, 460284
17756, 460284
17756, 460284
17756, 460284
17756, 460284
17756, 460284
17756, 460284
17756, 460284
17756, 460284
17756, 460284
17756, 460284
17756, 460284
17756, 460284
17756, 460284
17756, 460284
17756, 460284
17756, 460284
17756, 460284
17756, 460284
17756, 460284
17756, 460284
17756, 460284
17756, 460284
17756, 460284
17756, 460284
17756, 460284
17756, 460284
17756, 460284
17756, 460284
17756, 460284
17756, 460284
17756, 460284
17756, 460284
17756, 460284
17756, 460284
17756, 460284
17756, 460284
17756, 460284
17756, 460284
17756, 460284
17756, 460284
17756, 460284
17756, 460284
17756, 460284
17756, 460284
17756, 460284
17756, 460284
17756, 460284
17756, 460284
17756, 460284
17756, 460284
17756, 460284
17756, 460284
17756, 460284
17756, 460284
17756, 460284
17756, 460284
17756, 460284
17756, 460284
17756, 460284
17756, 460284
17756, 460284
17756, 460284
17756, 460284
17756, 460284
17756, 460284
17756, 460284
17756, 460284
17756, 460284
17756, 460284
17756, 460284
17756, 460284
17756, 460284
17756, 460284
17756, 460284
17756, 460284
17756, 460284
17756, 460284
17756, 460284
17756, 460284
17756, 460284
17756, 460284
17756, 460284
17756, 460284
17756, 460284
17756, 460284
17756, 460284
17756, 460284
17756, 460284
17756, 460284
17756, 460284
17756, 460284
17756, 460284
17756, 460284
17756, 460284
17756, 460284
17756, 460284
17756, 460284
17756, 460284
17756, 460284
17756, 460284
17756, 460284
17756, 460284
17756, 460284
17756, 460284
17756, 460284
17756, 460284
17756, 460284
17756, 460284
17756, 460284
17756, 460284
17756, 460284
17756, 460284
17756, 460284
17756, 460284
17756, 460284
17756, 460284
17756, 460284
17756, 460284
17756, 460284
17756, 460284
17756, 460284
17756, 460284
17756, 460284
17756, 460284
17756, 460284
17756, 460284
17756, 460284
17756, 460284
17756, 460284
17756, 460284
17756, 460284
17756, 460284
17756, 460284
17756, 460284
17756, 460284
17756, 460284
17756, 460284
17756, 460284
17756, 460284
17756, 460284
17756, 460284
17756, 460284
17756, 460284
17756, 460284
17756, 460284
17756, 460284
17756, 460284
17756, 460284
17756, 460284
17756, 460284
17756, 460284
17756, 460284
17756, 460284
17756, 460284
17756, 460284
17756, 460284
17756, 460284
17756, 460284
17756, 460284
17756, 460284
17756, 460284
17756, 460284
17756, 460284
17756, 460284
17756, 460284
17756, 460284
17756, 460284
17756, 460284
17756, 460284
17756, 460284
17756, 460284
17756, 460284
17756, 460284
17756, 460284
17756, 460284
17756, 460284
17756, 460284
17756, 460284
17756, 460284
17756, 460284
17756, 460284
17756, 460284
17756, 460284
17756, 460284
17756, 460284
17756, 460284
17756, 460284
17756, 460284
17756, 460284
17756, 460284
17756, 460284
17756, 460284
17756, 460284
17756, 460284
17756, 460284
17756, 460284
17756, 460284
17756, 460284
17756, 460284
17756, 460284
17756, 460284
17756, 460284
17756, 460284
17756, 460284
17756, 460284
17756, 460284
17756, 460284
17756, 460284
17756, 460284
17756, 460284
17756, 460284
17756, 460284
17756, 460284
17756, 460284
17756, 460284
17756, 460284
17756, 460284
17756, 460284
17756, 460284
17756, 460284
17756, 460284
17756, 460284
17756, 460284
17756, 460284
17756, 460284
17756, 460284
17756, 460284
17756, 460284
17756, 460284
17756, 460284
17756, 460284
17756, 460284
17756, 460284
17756, 460284
17756, 460284
17756, 460284
17756, 460284
17756, 460284
17756, 460284
17756, 460284
17756, 460284
17756, 460284
17756, 460284
17756, 460284
17756, 460284
17756, 460284
17756, 460284
17756, 460284
17756, 460284
17756, 460284
17756, 460284
17756, 460284
17756, 460284
17756, 460284
17756, 460284
17756, 460284
17756, 460284
17756, 460284
17756, 460284
17756, 460284
17756, 460284
17756, 460284
17756, 460284
17756, 460284
17756, 460284
17756, 460284
17756, 460284
17756, 460284
17756, 460284
17756, 460284
17756, 460284
17756, 460284
17756, 460284
17756, 460284
17756, 460284
17756, 460284
17756, 460284
17756, 460284
17756, 460284
17756, 460284
17756, 460284
17756, 460284
17756, 460284
17756, 460284
17756, 460284
17756, 460284
17756, 460284
17756, 460284
17756, 460284
17756, 460284
17756, 460284
17756, 460284
17756, 460284
17756, 460284
17756, 460284
17756, 460284
17756, 460284
17756, 460284
17756, 460284
17756, 460284
17756, 460284
17756, 460284
17756, 460284
17756, 460284
17756, 460284
17756, 460284
17756, 460284
17756, 460284
17756, 460284
17756, 460284
17756, 460284
17756, 460284
17756, 460284
17756, 460284
17756, 460284
17756, 460284
17756, 460284
17756, 460284
17756, 460284
17756, 460284
17756, 460284
17756, 460284
17756, 460284
17756, 460284
17756, 460284
17756, 460284
17756, 460284
17756, 460284
17756, 460284
17756, 460284
17756, 460284
17756, 460284
17756, 460284
17756, 460284
17756, 460284
17756, 460284
17756, 460284
17756, 460284
17756, 460284
17756, 460284
17756, 460284
17756, 460284
17756, 460284
17756, 460284
17756, 460284
17756, 460284
17756, 460284
17756, 460284
17756, 460284
17756, 460284
17756, 460284
17756, 460284
17756, 460284
17756, 460284
17756, 460284
17756, 460284
17756, 460284
17756, 460284
17756, 460284
17756, 460284
17756, 460284
17756, 460284
17756, 460284
17756, 460284
17756, 460284
17756, 460284
17756, 460284
17756, 460284
17756, 460284
17756, 460284
17756, 460284
17756, 460284
17756, 460284
17756, 460284
17756, 460284
17756, 460284
17756, 460284
17756, 460284
17756, 460284
17756, 460284
17756, 460284
17756, 460284
17756, 460284
17756, 460284
17756, 460284
17756, 460284
17756, 460284
17756, 460284
17756, 460284
17756, 460284
17756, 460284
17756, 460284
17756, 460284
17756, 460284
17756, 460284
17756, 460284
17756, 460284
17756, 460284
17756, 460284
17756, 460284
17756, 460284
17756, 460284
17756, 460284
17756, 460284
17756, 460284
17756, 460284
17756, 460284
17756, 460284
17756, 460284
17756, 460284
17756, 460284
17756, 460284
17756, 460284
17756, 460284
17756, 460284
17756, 460284
17756, 460284
17756, 460284
17756, 460284
17756, 460284
17756, 460284
17756, 460284
17756, 460284
17756, 460284
17756, 460284
17756, 460284
17756, 460284
17756, 460284
17756, 460284
17756, 460284
17756, 460284
17756, 460284
17756, 460284
17756, 460284
17756, 460284
17756, 460284
17756, 460284
17756, 460284
17756, 460284
17756, 460284
17756, 460284
17756, 460284
17756, 460284
17756, 460284
17756, 460284
17756, 460284
17756, 460284
17756, 460284
17756, 460284
17756, 460284
17756, 460284
17756, 460284
17756, 460284
17756, 460284
17756, 460284
17756, 460284
17756, 460284
17756, 460284
17756, 460284
17756, 460284
17756, 460284
17756, 460284
17756, 460284
17756, 460284
17756, 460284
17756, 460284
17756, 460284
17756, 460284
17756, 460284
17756, 460284
17756, 460284
17756, 460284
17756, 460284
17756, 460284
17756, 460284
17756, 460284
17756, 460284
17756, 460284
17756, 460284
17756, 460284
17756, 460284
17756, 460284
17756, 460284
17756, 460284
17756, 460284
17756, 460284
17756, 460284
17756, 460284
17756, 460284
17756, 460284
17756, 460284
17756, 460284
17756, 460284
17756, 460284
17756, 460284
17756, 460284
17756, 460284
17756, 460284
17756, 460284
17756, 460284
17756, 460284
17756, 460284
17756, 460284
17756, 460284
17756, 460284
17756, 460284
17756, 460284
17756, 460284
17756, 460284
17756, 460284
17756, 460284
17756, 460284
17756, 460284
17756, 460284
17756, 460284
17756, 460284
17756, 460284
17756, 460284
17756, 460284
17756, 460284
17756, 460284
17756, 460284
17756, 460284
17756, 460284
17756, 460284
17756, 460284
17756, 460284
17756, 460284
17756, 460284
17756, 460284
17756, 460284
17756, 460284
17756, 460284
17756, 460284
17756, 460284
17756, 460284
17756, 460284
17756, 460284
17756, 460284
17756, 460284
17756, 460284
17756, 460284
17756, 460284
17756, 460284
17756, 460284
17756, 460284
17756, 460284
17756, 460284
17756, 460284
17756, 460284
17756, 460284
17756, 460284
17756, 460284
17756, 460284
17756, 460284
17756, 460284
17756, 460284
17756, 460284
17756, 460284
17756, 460284
17756, 460284
17756, 460284
17756, 460284
17756, 460284
17756, 460284
17756, 460284
17756, 460284
17756, 460284
17756, 460284
17756, 460284
17756, 460284
17756, 460284
17756, 460284
17756, 460284
17756, 460284
17756, 460284
17756, 460284
17756, 460284
17756, 460284
17756, 460284
17756, 460284
17756, 460284
17756, 460284
17756, 460284
17756, 460284
17756, 460284
17756, 460284
17756, 460284
17756, 460284
17756, 460284
17756, 460284
17756, 460284
17756, 460284
17756, 460284
17756, 460284
17756, 460284
17756, 460284
17756, 460284
17756, 460284
17756, 460284
17756, 460284
17756, 460284
17756, 460284
17756, 460284
17756, 460284
17756, 460284
17756, 460284
17756, 460284
17756, 460284
17756, 460284
17756, 460284
17756, 460284
17756, 460284
17756, 460284
17756, 460284
17756, 460284
17756, 460284
17756, 460284
17756, 460284
17756, 460284
17756, 460284
17756, 460284
17756, 460284
17756, 460284
17756, 460284
17756, 460284
17756, 460284
17756, 460284
17756, 460284
17756, 460284
17756, 460284
17756, 460284
17756, 460284
17756, 460284
17756, 460284
17756, 460284
17756, 460284
17756, 460284
17756, 460284
17756, 460284
17756, 460284
17756, 460284
17756, 460284
17756, 460284
17756, 460284
17756, 460284
17756, 460284
17756, 460284
17756, 460284
17756, 460284
17756, 460284
17756, 460284
17756, 460284
17756, 460284
17756, 460284
17756, 460284
17756, 460284
17756, 460284
17756, 460284
17756, 460284
17756, 460284
17756, 460284
17756, 460284
17756, 460284
17756, 460284
17756, 460284
17756, 460284
17756, 460284
17756, 460284
17756, 460284
17756, 460284
17756, 460284
17756, 460284
17756, 460284
17756, 460284
17756, 460284
17756, 460284
17756, 460284
17756, 460284
17756, 460284
17756, 460284
17756, 460284
17756, 460284
17756, 460284
17756, 460284
17756, 460284
17756, 460284
17756, 460284
17756, 460284
17756, 460284
17756, 460284
17756, 460284
17756, 460284
17756, 460284
17756, 460284
17756, 460284
17756, 460284
17756, 460284
17756, 460284
17756, 460284
17756, 460284
17756, 460284
17756, 460284
17756, 460284
17756, 460284
17756, 460284
17756, 460284
17756, 460284
17756, 460284
17756, 460284
17756, 460284
17756, 460284
17756, 460284
17756, 460284
17756, 460284
17756, 460284
17756, 460284
17756, 460284
17756, 460284
17756, 460284
17756, 460284
17756, 460284
17756, 460284
17756, 460284
17756, 460284
17756, 460284
17756, 460284
17756, 460284
17756, 460284
17756, 460284
17756, 460284
17756, 460284
17756, 460284
17756, 460284
17756, 460284
17756, 460284
17756, 460284
17756, 460284
17756, 460284
17756, 460284
17756, 460284
17756, 460284
17756, 460284
17756, 460284
17756, 460284
17756, 460284
17756, 460284
17756, 460284
17756, 460284
17756, 460284
17756, 460284
17756, 460284
17756, 460284
17756, 460284
17756, 460284
17756, 460284
17756, 460284
17756, 460284
17756, 460284
17756, 460284
17756, 460284
17756, 460284
17756, 460284
17756, 460284
17756, 460284
17756, 460284
17756, 460284
17756, 460284
17756, 460284
17756, 460284
17756, 460284
17756, 460284
17756, 460284
17756, 460284
17756, 460284
17756, 460284
17756, 460284
17756, 460284
17756, 460284
17756, 460284
17756, 460284
17756, 460284
17756, 460284
17756, 460284
17756, 460284
17756, 460284
17756, 460284
17756, 460284
17756, 460284
17756, 460284
17756, 460284
17756, 460284
17756, 460284
17756, 460284
17756, 460284
17756, 460284
17756, 460284
17756, 460284
17756, 460284
17756, 460284
17756, 460284
17756, 460284
17756, 460284
17756, 460284
17756, 460284
17756, 460284
17756, 460284
17756, 460284
17756, 460284
17756, 460284
17756, 460284
17756, 460284
17756, 460284
17756, 460284
17756, 460284
17756, 460284
17756, 460284
17756, 460284
17756, 460284
17756, 460284
17756, 460284
17756, 460284
17756, 460284
17756, 460284
17756, 460284
17756, 460284
17756, 460284
17756, 460284
17756, 460284
17756, 460284
17756, 460284
17756, 460284
17756, 460284
17756, 460284
17756, 460284
17756, 460284
17756, 460284
17756, 460284
17756, 460284
17756, 460284
17756, 460284
17756, 460284
17756, 460284
17756, 460284
17756, 460284
17756, 460284
17756, 460284
17756, 460284
17756, 460284
17756, 460284
17756, 460284
17756, 460284
17756, 460284
17756, 460284
17756, 460284
17756, 460284
17756, 460284
17756, 460284
17756, 460284
17756, 460284
17756, 460284
17756, 460284
17756, 460284
17756, 460284
17756, 460284
17756, 460284
17756, 460284
17756, 460284
17756, 460284
17756, 460284
17756, 460284
17756, 460284
17756, 460284
17756, 460284
17756, 460284
17756, 460284
17756, 460284
17756, 460284
17756, 460284
17756, 460284
17756, 460284
17756, 460284
17756, 460284
17756, 460284
17756, 460284
17756, 460284
17756, 460284
17756, 460284
17756, 460284
17756, 460284
17756, 460284
17756, 460284
17756, 460284
17756, 460284
17756, 460284
17756, 460284
17756, 460284
17756, 460284
17756, 460284
17756, 460284
17756, 460284
17756, 460284
17756, 460284
17756, 460284
17756, 460284
17756, 460284
17756, 460284
17756, 460284
17756, 460284
17756, 460284
17756, 460284
17756, 460284
17756, 460284
17756, 460284
17756, 460284
17756, 460284
17756, 460284
17756, 460284
17756, 460284
17756, 460284
17756, 460284
17756, 460284
17756, 460284
17756, 460284
17756, 460284
17756, 460284
17756, 460284
17756, 460284
17756, 460284
17756, 460284
17756, 460284
17756, 460284
17756, 460284
17756, 460284
17756, 460284
17756, 460284
17756, 460284
17756, 460284
17756, 460284
17756, 460284
17756, 460284
17756, 460284
17756, 460284
17756, 460284
17756, 460284
17756, 460284
17756, 460284
17756, 460284
17756, 460284
17756, 460284
17756, 460284
17756, 460284
17756, 460284
17756, 460284
17756, 460284
17756, 460284
17756, 460284
17756, 460284
17756, 460284
17756, 460284
17756, 460284
17756, 460284
17756, 460284
17756, 460284
17756, 460284
17756, 460284
17756, 460284
17756, 460284
17756, 460284
17756, 460284
17756, 460284
17756, 460284
17756, 460284
17756, 460284
17756, 460284
17756, 460284
17756, 460284
17756, 460284
17756, 460284
17756, 460284
17756, 460284
17756, 460284
17756, 460284
17756, 460284
17756, 460284
17756, 460284
17756, 460284
17756, 460284
17756, 460284
17756, 460284
17756, 460284
17756, 460284
17756, 460284
17756, 460284
17756, 460284
17756, 460284
17756, 460284
17756, 460284
17756, 460284
17756, 460284
17756, 460284
17756, 460284
17756, 460284
17756, 460284
17756, 460284
17756, 460284
17756, 460284
17756, 460284
17756, 460284
17756, 460284
17756, 460284
17756, 460284
17756, 460284
17756, 460284
17756, 460284
17756, 460284
17756, 460284
17756, 460284
17756, 460284
17756, 460284
17756, 460284
17756, 460284
17756, 460284
17756, 460284
17756, 460284
17756, 460284
17756, 460284
17756, 460284
17756, 460284
17756, 460284
17756, 460284
17756, 460284
17756, 460284
17756, 460284
17756, 460284
17756, 460284
17756, 460284
17756, 460284
17756, 460284
17756, 460284
17756, 460284
17756, 460284
17756, 460284
17756, 460284
17756, 460284
17756, 460284
17756, 460284
17756, 460284
17756, 460284
17756, 460284
17756, 460284
17756, 460284
17756, 460284
17756, 460284
17756, 460284
17756, 460284
17756, 460284
17756, 460284
17756, 460284
17756, 460284
17756, 460284
17756, 460284
17756, 460284
17756, 460284
17756, 460284
17756, 460284
17756, 460284
17756, 460284
17756, 460284
17756, 460284
17756, 460284
17756, 460284
17756, 460284
17756, 460284
17756, 460284
17756, 460284
17756, 460284
17756, 460284
17756, 460284
17756, 460284
17756, 460284
17756, 460284
17756, 460284
17756, 460284
17756, 460284
17756, 460284
17756, 460284
17756, 460284
17756, 460284
17756, 460284
17756, 460284
17756, 460284
17756, 460284
17756, 460284
17756, 460284
17756, 460284
17756, 460284
17756, 460284
17756, 460284
17756, 460284
17756, 460284
17756, 460284
17756, 460284
17756, 460284
17756, 460284
17756, 460284
17756, 460284
17756, 460284
17756, 460284
17756, 460284
17756, 460284
17756, 460284
17756, 460284
17756, 460284
17756, 460284
17756, 460284
17756, 460284
17756, 460284
17756, 460284
17756, 460284
17756, 460284
17756, 460284
17756, 460284
17756, 460284
17756, 460284
17756, 460284
17756, 460284
17756, 460284
17756, 460284
17756, 460284
17756, 460284
17756, 460284
17756, 460284
17756, 460284
17756, 460284
17756, 460284
17756, 460284
17756, 460284
17756, 460284
17756, 460284
17756, 460284
17756, 460284
17756, 460284
17756, 460284
17756, 460284
17756, 460284
17756, 460284
17756, 460284
17756, 460284
17756, 460284
17756, 460284
17756, 460284
17756, 460284
17756, 460284
17756, 460284
17756, 460284
17756, 460284
17756, 460284
17756, 460284
17756, 460284
17756, 460284
17756, 460284
17756, 460284
17756, 460284
17756, 460284
17756, 460284
17756, 460284
17756, 460284
17756, 460284
17756, 460284
17756, 460284
17756, 460284
17756, 460284
17756, 460284
17756, 460284
17756, 460284
17756, 460284
17756, 460284
17756, 460284
17756, 460284
17756, 460284
17756, 460284
17756, 460284
17756, 460284
17756, 460284
17756, 460284
17756, 460284
17756, 460284
17756, 460284
17756, 460284
17756, 460284
17756, 460284
17756, 460284
17756, 460284
17756, 460284
17756, 460284
17756, 460284
17756, 460284
17756, 460284
17756, 460284
17756, 460284
17756, 460284
17756, 460284
17756, 460284
17756, 460284
17756, 460284
17756, 460284
17756, 460284
17756, 460284
17756, 460284
17756, 460284
17756, 460284
17756, 460284
17756, 460284
17756, 460284
17756, 460284
17756, 460284
17756, 460284
17756, 460284
17756, 460284
17756, 460284
17756, 460284
17756, 460284
17756, 460284
17756, 460284
17756, 460284
17756, 460284
17756, 460284
17756, 460284
17756, 460284
17756, 460284
17756, 460284
17756, 460284
17756, 460284
17756, 460284
17756, 460284
17756, 460284
17756, 460284
17756, 460284
17756, 460284
17756, 460284
17756, 460284
17756, 460284
17756, 460284
17756, 460284
17756, 460284
17756, 460284
17756, 460284
17756, 460284
17756, 460284
17756, 460284
17756, 460284
17756, 460284
17756, 460284
17756, 460284
17756, 460284
17756, 460284
17756, 460284
17756, 460284
17756, 460284
17756, 460284
17756, 460284
17756, 460284
17756, 460284
17756, 460284
17756, 460284
17756, 460284
17756, 460284
17756, 460284
17756, 460284
17756, 460284
17756, 460284
17756, 460284
17756, 460284
17756, 460284
17756, 460284
17756, 460284
17756, 460284
17756, 460284
17756, 460284
17756, 460284
17756, 460284
17756, 460284
17756, 460284
17756, 460284
17756, 460284
17756, 460284
17756, 460284
17756, 460284
17756, 460284
17756, 460284
17756, 460284
17756, 460284
17756, 460284
17756, 460284
17756, 460284
17756, 460284
17756, 460284
17756, 460284
17756, 460284
17756, 460284
17756, 460284
17756, 460284
17756, 460284
17756, 460284
17756, 460284
17756, 460284
17756, 460284
17756, 460284
17756, 460284
17756, 460284
17756, 460284
17756, 460284
17756, 460284
17756, 460284
17756, 460284
17756, 460284
17756, 460284
17756, 460284
17756, 460284
17756, 460284
17756, 460284
17756, 460284
17756, 460284
17756, 460284
17756, 460284
17756, 460284
17756, 460284
17756, 460284
17756, 460284
17756, 460284
17756, 460284
17756, 460284
17756, 460284
17756, 460284
17756, 460284
17756, 460284
17756, 460284
17756, 460284
17756, 460284
17756, 460284
17756, 460284
17756, 460284
17756, 460284
17756, 460284
17756, 460284
17756, 460284
17756, 460284
17756, 460284
17756, 460284
17756, 460284
17756, 460284
17756, 460284
17756, 460284
17756, 460284
17756, 460284
17756, 460284
17756, 460284
17756, 460284
17756, 460284
17756, 460284
17756, 460284
17756, 460284
17756, 460284
17756, 460284
17756, 460284
17756, 460284
17756, 460284
17756, 460284
17756, 460284
17756, 460284
17756, 460284
17756, 460284
17756, 460284
17756, 460284
17756, 460284
17756, 460284
17756, 460284
17756, 460284
17756, 460284
17756, 460284
17756, 460284
17756, 460284
17756, 460284
17756, 460284
17756, 460284
17756, 460284
17756, 460284
17756, 460284
17756, 460284
17756, 460284
17756, 460284
17756, 460284
17756, 460284
17756, 460284
17756, 460284
17756, 460284
17756, 460284
17756, 460284
17756, 460284
17756, 460284
17756, 460284
17756, 460284
17756, 460284
17756, 460284
17756, 460284
17756, 460284
17756, 460284
17756, 460284
17756, 460284
17756, 460284
17756, 460284
17756, 460284
17756, 460284
17756, 460284
17756, 460284
17756, 460284
17756, 460284
17756, 460284
17756, 460284
17756, 460284
17756, 460284
17756, 460284
17756, 460284
17756, 460284
17756, 460284
17756, 460284
17756, 460284
17756, 460284
17756, 460284
17756, 460284
17756, 460284
17756, 460284
17756, 460284
17756, 460284
17756, 460284
17756, 460284
17756, 460284
17756, 460284
17756, 460284
17756, 460284
17756, 460284
17756, 460284
17756, 460284
17756, 460284
17756, 460284
17756, 460284
17756, 460284
17756, 460284
17756, 460284
17756, 460284
17756, 460284
17756, 460284
17756, 460284
17756, 460284
17756, 460284
17756, 460284
17756, 460284
17756, 460284
17756, 460284
17756, 460284
17756, 460284
17756, 460284
17756, 460284
17756, 460284
17756, 460284
17756, 460284
17756, 460284
17756, 460284
17756, 460284
17756, 460284
17756, 460284
17756, 460284
17756, 460284
17756, 460284
17756, 460284
17756, 460284
17756, 460284
17756, 460284
17756, 460284
17756, 460284
17756, 460284
17756, 460284
17756, 460284
17756, 460284
17756, 460284
17756, 460284
17756, 460284
17756, 460284
17756, 460284
17756, 460284
17756, 460284
17756, 460284
17756, 460284
17756, 460284
17756, 460284
17756, 460284
17756, 460284
17756, 460284
17756, 460284
17756, 460284
17756, 460284
17756, 460284
17756, 460284
17756, 460284
17756, 460284
17756, 460284
17756, 460284
17756, 460284
17756, 460284
17756, 460284
17756, 460284
17756, 460284
17756, 460284
17756, 460284
17756, 460284
17756, 460284
17756, 460284
17756, 460284
17756, 460284
17756, 460284
17756, 460284
17756, 460284
17756, 460284
17756, 460284
17756, 460284
17756, 460284
17756, 460284
17756, 460284
17756, 460284
17756, 460284
17756, 460284
17756, 460284
17756, 460284
17756, 460284
17756, 460284
17756, 460284
17756, 460284
17756, 460284
17756, 460284
17756, 460284
17756, 460284
17756, 460284
17756, 460284
17756, 460284
17756, 460284
17756, 460284
17756, 460284
17756, 460284
17756, 460284
17756, 460284
17756, 460284
17756, 460284
17756, 460284
17756, 460284
17756, 460284
17756, 460284
17756, 460284
17756, 460284
17756, 460284
17756, 460284
17756, 460284
17756, 460284
17756, 460284
17756, 460284
17756, 460284
17756, 460284
17756, 460284
17756, 460284
17756, 460284
17756, 460284
17756, 460284
17756, 460284
17756, 460284
17756, 460284
17756, 460284
17756, 460284
17756, 460284
17756, 460284
17756, 460284
17756, 460284
17756, 460284
17756, 460284
17756, 460284
17756, 460284
17756, 460284
17756, 460284
17756, 460284
17756, 460284
17756, 460284
17756, 460284
17756, 460284
17756, 460284
17756, 460284
17756, 460284
17756, 460284
17756, 460284
17756, 460284
17756, 460284
17756, 460284
17756, 460284
17756, 460284
17756, 460284
17756, 460284
17756, 460284
17756, 460284
17756, 460284
17756, 460284
17756, 460284
17756, 460284
17756, 460284
17756, 460284
17756, 460284
17756, 460284
17756, 460284
17756, 460284
17756, 460284
17756, 460284
17756, 460284
17756, 460284
17756, 460284
17756, 460284
17756, 460284
17756, 460284
17756, 460284
17756, 460284
17756, 460284
17756, 460284
17756, 460284
17756, 460284
17756, 460284
17756, 460284
17756, 460284
17756, 460284
17756, 460284
17756, 460284
17756, 460284
17756, 460284
17756, 460284
17756, 460284
17756, 460284
17756, 460284
17756, 460284
17756, 460284
17756, 460284
17756, 460284
17756, 460284
17756, 460284
17756, 460284
17756, 460284
17756, 460284
17756, 460284
17756, 460284
17756, 460284
17756, 460284
17756, 460284
17756, 460284
17756, 460284
17756, 460284
17756, 460284
17756, 460284
17756, 460284
17756, 460284
17756, 460284
17756, 460284
17756, 460284
17756, 460284
17756, 460284
17756, 460284
17756, 460284
17756, 460284
17756, 460284
17756, 460284
17756, 460284
17756, 460284
17756, 460284
17756, 460284
17756, 460284
17756, 460284
17756, 460284
17756, 460284
17756, 460284
17756, 460284
17756, 460284
17756, 460284
17756, 460284
17756, 460284
17756, 460284
17756, 460284
17756, 460284
17756, 460284
17756, 460284
17756, 460284
17756, 460284
17756, 460284
17756, 460284
17756, 460284
17756, 460284
17756, 460284
17756, 460284
17756, 460284
17756, 460284
17756, 460284
17756, 460284
17756, 460284
17756, 460284
17756, 460284
17756, 460284
17756, 460284
17756, 460284
17756, 460284
17756, 460284
17756, 460284
17756, 460284
17756, 460284
17756, 460284
17756, 460284
17756, 460284
17756, 460284
17756, 460284
17756, 460284
17756, 460284
17756, 460284
17756, 460284
17756, 460284
17756, 460284
17756, 460284
17756, 460284
17756, 460284
17756, 460284
17756, 460284
17756, 460284
17756, 460284
17756, 460284
17756, 460284
17756, 460284
17756, 460284
17756, 460284
17756, 460284
17756, 460284
17756, 460284
17756, 460284
17756, 460284
17756, 460284
17756, 460284
17756, 460284
17756, 460284
17756, 460284
17756, 460284
17756, 460284
17756, 460284
17756, 460284
17756, 460284
17756, 460284
17756, 460284
17756, 460284
17756, 460284
17756, 460284
17756, 460284
17756, 460284
17756, 460284
17756, 460284
17756, 460284
17756, 460284
17756, 460284
17756, 460284
17756, 460284
17756, 460284
17756, 460284
17756, 460284
17756, 460284
17756, 460284
17756, 460284
17756, 460284
17756, 460284
17756, 460284
17756, 460284
17756, 460284
17756, 460284
17756, 460284
17756, 460284
17756, 460284
17756, 460284
17756, 460284
17756, 460284
17756, 460284
17756, 460284
17756, 460284
17756, 460284
17756, 460284
17756, 460284
17756, 460284
17756, 460284
17756, 460284
17756, 460284
17756, 460284
17756, 460284
17756, 460284
17756, 460284
17756, 460284
17756, 460284
17756, 460284
17756, 460284
17756, 460284
17756, 460284
17756, 460284
17756, 460284
17756, 460284
17756, 460284
17756, 460284
17756, 460284
17756, 460284
17756, 460284
17756, 460284
17756, 460284
17756, 460284
17756, 460284
17756, 460284
17756, 460284
17756, 460284
17756, 460284
17756, 460284
17756, 460284
17756, 460284
17756, 460284
17756, 460284
17756, 460284
17756, 460284
17756, 460284
17756, 460284
17756, 460284
17756, 460284
17756, 460284
17756, 460284
17756, 460284
17756, 460284
17756, 460284
17756, 460284
17756, 460284
17756, 460284
17756, 460284
17756, 460284
17756, 460284
17756, 460284
17756, 460284
17756, 460284
17756, 460284
17756, 460284
17756, 460284
17756, 460284
17756, 460284
17756, 460284
17756, 460284
17756, 460284
17756, 460284
17756, 460284
17756, 460284
17756, 460284
17756, 460284
17756, 460284
17756, 460284
17756, 460284
17756, 460284
17756, 460284
17756, 460284
17756, 460284
17756, 460284
17756, 460284
17756, 460284
17756, 460284
17756, 460284
17756, 460284
17756, 460284
17756, 460284
17756, 460284
17756, 460284
17756, 460284
17756, 460284
17756, 460284
17756, 460284
17756, 460284
17756, 460284
17756, 460284
17756, 460284
17756, 460284
17756, 460284
17756, 460284
17756, 460284
17756, 460284
17756, 460284
17756, 460284
17756, 460284
17756, 460284
17756, 460284
17756, 460284
17756, 460284
17756, 460284
17756, 460284
17756, 460284
17756, 460284
17756, 460284
17756, 460284
17756, 460284
17756, 460284
17756, 460284
17756, 460284
17756, 460284
17756, 460284
17756, 460284
17756, 460284
17756, 460284
17756, 460284
17756, 460284
17756, 460284
17756, 460284
17756, 460284
17756, 460284
17756, 460284
17756, 460284
17756, 460284
17756, 460284
17756, 460284
17756, 460284
17756, 460284
17756, 460284
17756, 460284
17756, 460284
17756, 460284
17756, 460284
17756, 460284
17756, 460284
17756, 460284
17756, 460284
17756, 460284
17756, 460284
17756, 460284
17756, 460284
17756, 460284
17756, 460284
17756, 460284
17756, 460284
17756, 460284
17756, 460284
17756, 460284
17756, 460284
17756, 460284
17756, 460284
17756, 460284
17756, 460284
17756, 460284
17756, 460284
17756, 460284
17756, 460284
17756, 460284
17756, 460284
17756, 460284
17756, 460284
17756, 460284
17756, 460284
17756, 460284
17756, 460284
17756, 460284
17756, 460284
17756, 460284
17756, 460284
17756, 460284
17756, 460284
17756, 460284
17756, 460284
17756, 460284
17756, 460284
17756, 460284
17756, 460284
17756, 460284
17756, 460284
17756, 460284
17756, 460284
17756, 460284
17756, 460284
17756, 460284
17756, 460284
17756, 460284
17756, 460284
17756, 460284
17756, 460284
17756, 460284
17756, 460284
17756, 460284
17756, 460284
17756, 460284
17756, 460284
17756, 460284
17756, 460284
17756, 460284
17756, 460284
17756, 460284
17756, 460284
17756, 460284
17756, 460284
17756, 460284
17756, 460284
17756, 460284
17756, 460284
17756, 460284
17756, 460284
17756, 460284
17756, 460284
17756, 460284
17756, 460284
17756, 460284
17756, 460284
17756, 460284
17756, 460284
17756, 460284
17756, 460284
17756, 460284
17756, 460284
17756, 460284
17756, 460284
17756, 460284
17756, 460284
17756, 460284
17756, 460284
17756, 460284
17756, 460284
17756, 460284
17756, 460284
17756, 460284
17756, 460284
17756, 460284
17756, 460284
17756, 460284
17756, 460284
17756, 460284
17756, 460284
17756, 460284
17756, 460284
17756, 460284
17756, 460284
17756, 460284
17756, 460284
17756, 460284
17756, 460284
17756, 460284
17756, 460284
17756, 460284
17756, 460284
17756, 460284
17756, 460284
17756, 460284
17756, 460284
17756, 460284
17756, 460284
17756, 460284
17756, 460284
17756, 460284
17756, 460284
17756, 460284
17756, 460284
17756, 460284
17756, 460284
17756, 460284
17756, 460284
17756, 460284
17756, 460284
17756, 460284
17756, 460284
17756, 460284
17756, 460284
17756, 460284
17756, 460284
17756, 460284
17756, 460284
17756, 460284
17756, 460284
17756, 460284
17756, 460284
17756, 460284
17756, 460284
17756, 460284
17756, 460284
17756, 460284
17756, 460284
17756, 460284
17756, 460284
17756, 460284
17756, 460284
17756, 460284
17756, 460284
17756, 460284
17756, 460284
17756, 460284
17756, 460284
17756, 460284
17756, 460284
17756, 460284
17756, 460284
17756, 460284
17756, 460284
17756, 460284
17756, 460284
17756, 460284
17756, 460284
17756, 460284
17756, 460284
17756, 460284
17756, 460284
17756, 460284
17756, 460284
17756, 460284
17756, 460284
17756, 460284
17756, 460284
17756, 460284
17756, 460284
17756, 460284
17756, 460284
17756, 460284
17756, 460284
17756, 460284
17756, 460284
17756, 460284
17756, 460284
17756, 460284
17756, 460284
17756, 460284
17756, 460284
17756, 460284
17756, 460284
17756, 460284
17756, 460284
17756, 460284
17756, 460284
17756, 460284
17756, 460284
17756, 460284
17756, 460284
17756, 460284
17756, 460284
17756, 460284
17756, 460284
17756, 460284
17756, 460284
17756, 460284
17756, 460284
17756, 460284
17756, 460284
17756, 460284
17756, 460284
17756, 460284
17756, 460284
17756, 460284
17756, 460284
17756, 460284
17756, 460284
17756, 460284
17756, 460284
17756, 460284
17756, 460284
17756, 460284
17756, 460284
17756, 460284
17756, 460284
17756, 460284
17756, 460284
17756, 460284
17756, 460284
17756, 460284
17756, 460284
17756, 460284
17756, 460284
17756, 460284
17756, 460284
17756, 460284
17756, 460284
17756, 460284
17756, 460284
17756, 460284
17756, 460284
17756, 460284
17756, 460284
17756, 460284
17756, 460284
17756, 460284
17756, 460284
17756, 460284
17756, 460284
17756, 460284
17756, 460284
17756, 460284
17756, 460284
17756, 460284
17756, 460284
17756, 460284
17756, 460284
17756, 460284
17756, 460284
17756, 460284
17756, 460284
17756, 460284
17756, 460284
17756, 460284
17756, 460284
17756, 460284
17756, 460284
17756, 460284
17756, 460284
17756, 460284
17756, 460284
17756, 460284
17756, 460284
17756, 460284
17756, 460284
17756, 460284
17756, 460284
17756, 460284
17756, 460284
17756, 460284
17756, 460284
17756, 460284
17756, 460284
17756, 460284
17756, 460284
17756, 460284
17756, 460284
17756, 460284
17756, 460284
17756, 460284
17756, 460284
17756, 460284
17756, 460284
17756, 460284
17756, 460284
17756, 460284
17756, 460284
17756, 460284
17756, 460284
17756, 460284
17756, 460284
17756, 460284
17756, 460284
17756, 460284
17756, 460284
17756, 460284
17756, 460284
17756, 460284
17756, 460284
17756, 460284
17756, 460284
17756, 460284
17756, 460284
17756, 460284
17756, 460284
17756, 460284
17756, 460284
17756, 460284
17756, 460284
17756, 460284
17756, 460284
17756, 460284
17756, 460284
17756, 460284
17756, 460284
17756, 460284
17756, 460284
17756, 460284
17756, 460284
17756, 460284
17756, 460284
17756, 460284
17756, 460284
17756, 460284
17756, 460284
17756, 460284
17756, 460284
17756, 460284
17756, 460284
17756, 460284
17756, 460284
17756, 460284
17756, 460284
17756, 460284
17756, 460284
17756, 460284
17756, 460284
17756, 460284
17756, 460284
17756, 460284
17756, 460284
17756, 460284
17756, 460284
17756, 460284
17756, 460284
17756, 460284
17756, 460284
17756, 460284
17756, 460284
17756, 460284
17756, 460284
17756, 460284
17756, 460284
17756, 460284
17756, 460284
17756, 460284
17756, 460284
17756, 460284
17756, 460284
17756, 460284
17756, 460284
17756, 460284
17756, 460284
17756, 460284
17756, 460284
17756, 460284
17756, 460284
17756, 460284
17756, 460284
17756, 460284
17756, 460284
17756, 460284
17756, 460284
17756, 460284
17756, 460284
17756, 460284
17756, 460284
17756, 460284
17756, 460284
17756, 460284
17756, 460284
17756, 460284
17756, 460284
17756, 460284
17756, 460284
17756, 460284
17756, 460284
17756, 460284
17756, 460284
17756, 460284
17756, 460284
17756, 460284
17756, 460284
17756, 460284
17756, 460284
17756, 460284
17756, 460284
17756, 460284
17756, 460284
17756, 460284
17756, 460284
17756, 460284
17756, 460284
17756, 460284
17756, 460284
17756, 460284
17756, 460284
17756, 460284
17756, 460284
17756, 460284
17756, 460284
17756, 460284
17756, 460284
17756, 460284
17756, 460284
17756, 460284
17756, 460284
17756, 460284
17756, 460284
17756, 460284
17756, 460284
17756, 460284
17756, 460284
17756, 460284
17756, 460284
17756, 460284
17756, 460284
17756, 460284
17756, 460284
17756, 460284
17756, 460284
17756, 460284
17756, 460284
17756, 460284
17756, 460284
17756, 460284
17756, 460284
17756, 460284
17756, 460284
17756, 460284
17756, 460284
17756, 460284
17756, 460284
17756, 460284
17756, 460284
17756, 460284
17756, 460284
17756, 460284
17756, 460284
17756, 460284
17756, 460284
17756, 460284
17756, 460284
17756, 460284
17756, 460284
17756, 460284
17756, 460284
17756, 460284
17756, 460284
17756, 460284
17756, 460284
17756, 460284
17756, 460284
17756, 460284
17756, 460284
17756, 460284
17756, 460284
17756, 460284
17756, 460284
17756, 460284
17756, 460284
17756, 460284
17756, 460284
17756, 460284
17756, 460284
17756, 460284
17756, 460284
17756, 460284
17756, 460284
17756, 460284
17756, 460284
17756, 460284
17756, 460284
17756, 460284
17756, 460284
17756, 460284
17756, 460284
17756, 460284
17756, 460284
17756, 460284
17756, 460284
17756, 460284
17756, 460284
17756, 460284
17756, 460284
17756, 460284
17756, 460284
17756, 460284
17756, 460284
17756, 460284
17756, 460284
17756, 460284
17756, 460284
17756, 460284
17756, 460284
17756, 460284
17756, 460284
17756, 460284
17756, 460284
17756, 460284
17756, 460284
17756, 460284
17756, 460284
17756, 460284
17756, 460284
17756, 460284
17756, 460284
17756, 460284
17756, 460284
17756, 460284
17756, 460284
17756, 460284
17756, 460284
17756, 460284
17756, 460284
17756, 460284
17756, 460284
17756, 460284
17756, 460284
17756, 460284
17756, 460284
17756, 460284
17756, 460284
17756, 460284
17756, 460284
17756, 460284
17756, 460284
17756, 460284
17756, 460284
17756, 460284
17756, 460284
17756, 460284
17756, 460284
17756, 460284
17756, 460284
17756, 460284
17756, 460284
17756, 460284
17756, 460284
17756, 460284
17756, 460284
17756, 460284
17756, 460284
17756, 460284
17756, 460284
17756, 460284
17756, 460284
17756, 460284
17756, 460284
17756, 460284
17756, 460284
17756, 460284
17756, 460284
17756, 460284
17756, 460284
17756, 460284
17756, 460284
17756, 460284
17756, 460284
17756, 460284
17756, 460284
17756, 460284
17756, 460284
17756, 460284
17756, 460284
17756, 460284
17756, 460284
17756, 460284
17756, 460284
17756, 460284
17756, 460284
17756, 460284
17756, 460284
17756, 460284
17756, 460284
17756, 460284
17756, 460284
17756, 460284
17756, 460284
17756, 460284
17756, 460284
17756, 460284
17756, 460284
17756, 460284
17756, 460284
17756, 460284
17756, 460284
17756, 460284
17756, 460284
17756, 460284
17756, 460284
17756, 460284
17756, 460284
17756, 460284
17756, 460284
17756, 460284
17756, 460284
17756, 460284
17756, 460284
17756, 460284
17756, 460284
17756, 460284
17756, 460284
17756, 460284
17756, 460284
17756, 460284
17756, 460284
17756, 460284
17756, 460284
17756, 460284
17756, 460284
17756, 460284
17756, 460284
17756, 460284
17756, 460284
17756, 460284
17756, 460284
17756, 460284
17756, 460284
17756, 460284
17756, 460284
17756, 460284
17756, 460284
17756, 460284
17756, 460284
17756, 460284
17756, 460284
17756, 460284
17756, 460284
17756, 460284
17756, 460284
17756, 460284
17756, 460284
17756, 460284
17756, 460284
17756, 460284
17756, 460284
17756, 460284
17756, 460284
17756, 460284
17756, 460284
17756, 460284
17756, 460284
17756, 460284
17756, 460284
17756, 460284
17756, 460284
17756, 460284
17756, 460284
17756, 460284
17756, 460284
17756, 460284
17756, 460284
17756, 460284
17756, 460284
17756, 460284
17756, 460284
17756, 460284
17756, 460284
17756, 460284
17756, 460284
17756, 460284
17756, 460284
17756, 460284
17756, 460284
17756, 460284
17756, 460284
17756, 460284
17756, 460284
17756, 460284
17756, 460284
17756, 460284
17756, 460284
17756, 460284
17756, 460284
17756, 460284
17756, 460284
17756, 460284
17756, 460284
17756, 460284
17756, 460284
17756, 460284
17756, 460284
17756, 460284
17756, 460284
17756, 460284
17756, 460284
17756, 460284
17756, 460284
17756, 460284
17756, 460284
17756, 460284
17756, 460284
17756, 460284
17756, 460284
17756, 460284
17756, 460284
17756, 460284
17756, 460284
17756, 460284
17756, 460284
17756, 460284
17756, 460284
17756, 460284
17756, 460284
17756, 460284
17756, 460284
17756, 460284
17756, 460284
17756, 460284
17756, 460284
17756, 460284
17756, 460284
17756, 460284
17756, 460284
17756, 460284
17756, 460284
17756, 460284
17756, 460284
17756, 460284
17756, 460284
17756, 460284
17756, 460284
17756, 460284
17756, 460284
17756, 460284
17756, 460284
17756, 460284
17756, 460284
17756, 460284
17756, 460284
17756, 460284
17756, 460284
17756, 460284
17756, 460284
17756, 460284
17756, 460284
17756, 460284
17756, 460284
17756, 460284
17756, 460284
17756, 460284
17756, 460284
17756, 460284
17756, 460284
17756, 460284
17756, 460284
17756, 460284
17756, 460284
17756, 460284
17756, 460284
17756, 460284
17756, 460284
17756, 460284
17756, 460284
17756, 460284
17756, 460284
17756, 460284
17756, 460284
17756, 460284
17756, 460284
17756, 460284
17756, 460284
17756, 460284
17756, 460284
17756, 460284
17756, 460284
17756, 460284
17756, 460284
17756, 460284
17756, 460284
17756, 460284
17756, 460284
17756, 460284
17756, 460284
17756, 460284
17756, 460284
17756, 460284
17756, 460284
17756, 460284
17756, 460284
17756, 460284
17756, 460284
17756, 460284
17756, 460284
17756, 460284
17756, 460284
17756, 460284
17756, 460284
17756, 460284
17756, 460284
17756, 460284
17756, 460284
17756, 460284
17756, 460284
17756, 460284
17756, 460284
17756, 460284
17756, 460284
17756, 460284
17756, 460284
17756, 460284
17756, 460284
17756, 460284
17756, 460284
17756, 460284
17756, 460284
17756, 460284
17756, 460284
17756, 460284
17756, 460284
17756, 460284
17756, 460284
17756, 460284
17756, 460284
17756, 460284
17756, 460284
17756, 460284
17756, 460284
17756, 460284
17756, 460284
17756, 460284
17756, 460284
17756, 460284
17756, 460284
17756, 460284
17756, 460284
17756, 460284
17756, 460284
17756, 460284
17756, 460284
17756, 460284
17756, 460284
17756, 460284
17756, 460284
17756, 460284
17756, 460284
17756, 460284
17756, 460284
17756, 460284
17756, 460284
17756, 460284
17756, 460284
17756, 460284
17756, 460284
17756, 460284
17756, 460284
17756, 460284
17756, 460284
17756, 460284
17756, 460284
17756, 460284
17756, 460284
17756, 460284
17756, 460284
17756, 460284
17756, 460284
17756, 460284
17756, 460284
17756, 460284
17756, 460284
17756, 460284
17756, 460284
17756, 460284
17756, 460284
17756, 460284
17756, 460284
17756, 460284
17756, 460284
17756, 460284
17756, 460284
17756, 460284
17756, 460284
17756, 460284
17756, 460284
17756, 460284
17756, 460284
17756, 460284
17756, 460284
17756, 460284
17756, 460284
17756, 460284
17756, 460284
17756, 460284
17756, 460284
17756, 460284
17756, 460284
17756, 460284
17756, 460284
17756, 460284
17756, 460284
17756, 460284
17756, 460284
17756, 460284
17756, 460284
17756, 460284
17756, 460284
17756, 460284
17756, 460284
17756, 460284
17756, 460284
17756, 460284
17756, 460284
17756, 460284
17756, 460284
17756, 460284
17756, 460284
17756, 460284
17756, 460284
17756, 460284
17756, 460284
17756, 460284
17756, 460284
17756, 460284
17756, 460284
17756, 460284
17756, 460284
17756, 460284
17756, 460284
17756, 460284
17756, 460284
17756, 460284
17756, 460284
17756, 460284
17756, 460284
17756, 460284
17756, 460284
17756, 460284
17756, 460284
17756, 460284
17756, 460284
17756, 460284
17756, 460284
17756, 460284
17756, 460284
17756, 460284
17756, 460284
17756, 460284
17756, 460284
17756, 460284
17756, 460284
17756, 460284
17756, 460284
17756, 460284
17756, 460284
17756, 460284
17756, 460284
17756, 460284
17756, 460284
17756, 460284
17756, 460284
17756, 460284
17756, 460284
17756, 460284
17756, 460284
17756, 460284
17756, 460284
17756, 460284
17756, 460284
17756, 460284
17756, 460284
17756, 460284
17756, 460284
17756, 460284
17756, 460284
17756, 460284
17756, 460284
17756, 460284
17756, 460284
17756, 460284
17756, 460284
17756, 460284
17756, 460284
17756, 460284
17756, 460284
17756, 460284
17756, 460284
17756, 460284
17756, 460284
17756, 460284
17756, 460284
17756, 460284
17756, 460284
17756, 460284
17756, 460284
17756, 460284
17756, 460284
17756, 460284
17756, 460284
17756, 460284
17756, 460284
17756, 460284
17756, 460284
17756, 460284
17756, 460284
17756, 460284
17756, 460284
17756, 460284
17756, 460284
17756, 460284
17756, 460284
17756, 460284
17756, 460284
17756, 460284
17756, 460284
17756, 460284
17756, 460284
17756, 460284
17756, 460284
17756, 460284
17756, 460284
17756, 460284
17756, 460284
17756, 460284
17756, 460284
17756, 460284
17756, 460284
17756, 460284
17756, 460284
17756, 460284
17756, 460284
17756, 460284
17756, 460284
17756, 460284
17756, 460284
17756, 460284
17756, 460284
17756, 460284
17756, 460284
17756, 460284
17756, 460284
17756, 460284
17756, 460284
17756, 460284
17756, 460284
17756, 460284
17756, 460284
17756, 460284
17756, 460284
17756, 460284
17756, 460284
17756, 460284
17756, 460284
17756, 460284
17756, 460284
17756, 460284
17756, 460284
17756, 460284
17756, 460284
17756, 460284
17756, 460284
17756, 460284
17756, 460284
17756, 460284
17756, 460284
17756, 460284
17756, 460284
17756, 460284
17756, 460284
17756, 460284
17756, 460284
17756, 460284
17756, 460284
17756, 460284
17756, 460284
17756, 460284
17756, 460284
17756, 460284
17756, 460284
17756, 460284
17756, 460284
17756, 460284
17756, 460284
17756, 460284
17756, 460284
17756, 460284
17756, 460284
17756, 460284
17756, 460284
17756, 460284
17756, 460284
17756, 460284
17756, 460284
17756, 460284
17756, 460284
17756, 460284
17756, 460284
17756, 460284
17756, 460284
17756, 460284
17756, 460284
17756, 460284
17756, 460284
17756, 460284
17756, 460284
17756, 460284
17756, 460284
17756, 460284
17756, 460284
17756, 460284
17756, 460284
17756, 460284
17756, 460284
17756, 460284
17756, 460284
17756, 460284
17756, 460284
17756, 460284
17756, 460284
17756, 460284
17756, 460284
17756, 460284
17756, 460284
17756, 460284
17756, 460284
17756, 460284
17756, 460284
17756, 460284
17756, 460284
17756, 460284
17756, 460284
17756, 460284
17756, 460284
17756, 460284
17756, 460284
17756, 460284
17756, 460284
17756, 460284
17756, 460284
17756, 460284
17756, 460284
17756, 460284
17756, 460284
17756, 460284
17756, 460284
17756, 460284
17756, 460284
17756, 460284
17756, 460284
17756, 460284
17756, 460284
17756, 460284
17756, 460284
17756, 460284
17756, 460284
17756, 460284
17756, 460284
17756, 460284
17756, 460284
17756, 460284
17756, 460284
17756, 460284
17756, 460284
17756, 460284
17756, 460284
17756, 460284
17756, 460284
17756, 460284
17756, 460284
17756, 460284
17756, 460284
17756, 460284
17756, 460284
17756, 460284
17756, 460284
17756, 460284
17756, 460284
17756, 460284
17756, 460284
17756, 460284
17756, 460284
17756, 460284
17756, 460284
17756, 460284
17756, 460284
17756, 460284
17756, 460284
17756, 460284
17756, 460284
17756, 460284
17756, 460284
17756, 460284
17756, 460284
17756, 460284
17756, 460284
17756, 460284
17756, 460284
17756, 460284
17756, 460284
17756, 460284
17756, 460284
17756, 460284
17756, 460284
17756, 460284
17756, 460284
17756, 460284
17756, 460284
17756, 460284
17756, 460284
17756, 460284
17756, 460284
17756, 460284
17756, 460284
17756, 460284
17756, 460284
17756, 460284
17756, 460284
17756, 460284
17756, 460284
17756, 460284
17756, 460284
17756, 460284
17756, 460284
17756, 460284
17756, 460284
17756, 460284
17756, 460284
17756, 460284
17756, 460284
17756, 460284
17756, 460284
17756, 460284
17756, 460284
17756, 460284
17756, 460284
17756, 460284
17756, 460284
17756, 460284
17756, 460284
17756, 460284
17756, 460284
17756, 460284
17756, 460284
17756, 460284
17756, 460284
17756, 460284
17756, 460284
17756, 460284
17756, 460284
17756, 460284
17756, 460284
17756, 460284
17756, 460284
17756, 460284
17756, 460284
17756, 460284
17756, 460284
17756, 460284
17756, 460284
17756, 460284
17756, 460284
17756, 460284
17756, 460284
17756, 460284
17756, 460284
17756, 460284
17756, 460284
17756, 460284
17756, 460284
17756, 460284
17756, 460284
17756, 460284
17756, 460284
17756, 460284
17756, 460284
17756, 460284
17756, 460284
17756, 460284
17756, 460284
17756, 460284
17756, 460284
17756, 460284
17756, 460284
17756, 460284
17756, 460284
17756, 460284
17756, 460284
17756, 460284
17756, 460284
17756, 460284
17756, 460284
17756, 460284
17756, 460284
17756, 460284
17756, 460284
17756, 460284
17756, 460284
17756, 460284
17756, 460284
17756, 460284
17756, 460284
17756, 460284
17756, 460284
17756, 460284
17756, 460284
17756, 460284
17756, 460284
17756, 460284
17756, 460284
17756, 460284
17756, 460284
17756, 460284
17756, 460284
17756, 460284
17756, 460284
17756, 460284
17756, 460284
17756, 460284
17756, 460284
17756, 460284
17756, 460284
17756, 460284
17756, 460284
17756, 460284
17756, 460284
17756, 460284
17756, 460284
17756, 460284
17756, 460284
17756, 460284
17756, 460284
17756, 460284
17756, 460284
17756, 460284
17756, 460284
17756, 460284
17756, 460284
17756, 460284
17756, 460284
17756, 460284
17756, 460284
17756, 460284
17756, 460284
17756, 460284
17756, 460284
17756, 460284
17756, 460284
17756, 460284
17756, 460284
17756, 460284
17756, 460284
17756, 460284
17756, 460284
17756, 460284
17756, 460284
17756, 460284
17756, 460284
17756, 460284
17756, 460284
17756, 460284
17756, 460284
17756, 460284
17756, 460284
17756, 460284
17756, 460284
17756, 460284
17756, 460284
17756, 460284
17756, 460284
17756, 460284
17756, 460284
17756, 460284
17756, 460284
17756, 460284
17756, 460284
17756, 460284
17756, 460284
17756, 460284
17756, 460284
17756, 460284
17756, 460284
17756, 460284
17756, 460284
17756, 460284
17756, 460284
17756, 460284
17756, 460284
17756, 460284
17756, 460284
17756, 460284
17756, 460284
17756, 460284
17756, 460284
17756, 460284
17756, 460284
17756, 460284
17756, 460284
17756, 460284
17756, 460284
17756, 460284
17756, 460284
17756, 460284
17756, 460284
17756, 460284
17756, 460284
17756, 460284
17756, 460284
17756, 460284
17756, 460284
17756, 460284
17756, 460284
17756, 460284
17756, 460284
17756, 460284
17756, 460284
17756, 460284
17756, 460284
17756, 460284
17756, 460284
17756, 460284
17756, 460284
17756, 460284
17756, 460284
17756, 460284
17756, 460284
17756, 460284
17756, 460284
17756, 460284
17756, 460284
17756, 460284
17756, 460284
17756, 460284
17756, 460284
17756, 460284
17756, 460284
17756, 460284
17756, 460284
17756, 460284
17756, 460284
17756, 460284
17756, 460284
17756, 460284
17756, 460284
17756, 460284
17756, 460284
17756, 460284
17756, 460284
17756, 460284
17756, 460284
17756, 460284
17756, 460284
17756, 460284
17756, 460284
17756, 460284
17756, 460284
17756, 460284
17756, 460284
17756, 460284
17756, 460284
17756, 460284
17756, 460284
17756, 460284
17756, 460284
17756, 460284
17756, 460284
17756, 460284
17756, 460284
17756, 460284
17756, 460284
17756, 460284
17756, 460284
17756, 460284
17756, 460284
17756, 460284
17756, 460284
17756, 460284
17756, 460284
17756, 460284
17756, 460284
17756, 460284
17756, 460284
17756, 460284
17756, 460284
17756, 460284
17756, 460284
17756, 460284
17756, 460284
17756, 460284
17756, 460284
17756, 460284
17756, 460284
17756, 460284
17756, 460284
17756, 460284
17756, 460284
17756, 460284
17756, 460284
17756, 460284
17756, 460284
17756, 460284
17756, 460284
17756, 460284
17756, 460284
17756, 460284
17756, 460284
17756, 460284
17756, 460284
17756, 460284
17756, 460284
17756, 460284
17756, 460284
17756, 460284
17756, 460284
17756, 460284
17756, 460284
17756, 460284
17756, 460284
17756, 460284
17756, 460284
17756, 460284
17756, 460284
17756, 460284
17756, 460284
17756, 460284
17756, 460284
17756, 460284
17756, 460284
17756, 460284
17756, 460284
17756, 460284
17756, 460284
17756, 460284
17756, 460284
17756, 460284
17756, 460284
17756, 460284
17756, 460284
17756, 460284
17756, 460284
17756, 460284
17756, 460284
17756, 460284
17756, 460284
17756, 460284
17756, 460284
17756, 460284
17756, 460284
17756, 460284
17756, 460284
17756, 460284
17756, 460284
17756, 460284
17756, 460284
17756, 460284
17756, 460284
17756, 460284
17756, 460284
17756, 460284
17756, 460284
17756, 460284
17756, 460284
17756, 460284
17756, 460284
17756, 460284
17756, 460284
17756, 460284
17756, 460284
17756, 460284
17756, 460284
17756, 460284
17756, 460284
17756, 460284
17756, 460284
17756, 460284
17756, 460284
17756, 460284
17756, 460284
17756, 460284
17756, 460284
17756, 460284
17756, 460284
17756, 460284
17756, 460284
17756, 460284
17756, 460284
17756, 460284
17756, 460284
17756, 460284
17756, 460284
17756, 460284
17756, 460284
17756, 460284
17756, 460284
17756, 460284
17756, 460284
17756, 460284
17756, 460284
17756, 460284
17756, 460284
17756, 460284
17756, 460284
17756, 460284
17756, 460284
17756, 460284
17756, 460284
17756, 460284
17756, 460284
17756, 460284
17756, 460284
17756, 460284
17756, 460284
17756, 460284
17756, 460284
17756, 460284
17756, 460284
17756, 460284
17756, 460284
17756, 460284
17756, 460284
17756, 460284
17756, 460284
17756, 460284
17756, 460284
17756, 460284
17756, 460284
17756, 460284
17756, 460284
17756, 460284
17756, 460284
17756, 460284
17756, 460284
17756, 460284
17756, 460284
17756, 460284
17756, 460284
17756, 460284
17756, 460284
17756, 460284
17756, 460284
17756, 460284
17756, 460284
17756, 460284
17756, 460284
17756, 460284
17756, 460284
17756, 460284
17756, 460284
17756, 460284
17756, 460284
17756, 460284
17756, 460284
17756, 460284
17756, 460284
17756, 460284
17756, 460284
17756, 460284
17756, 460284
17756, 460284
17756, 460284
17756, 460284
17756, 460284
17756, 460284
17756, 460284
17756, 460284
17756, 460284
17756, 460284
17756, 460284
17756, 460284
17756, 460284
17756, 460284
17756, 460284
17756, 460284
17756, 460284
17756, 460284
17756, 460284
17756, 460284
17756, 460284
17756, 460284
17756, 460284
17756, 460284
17756, 460284
17756, 460284
17756, 460284
17756, 460284
17756, 460284
17756, 460284
17756, 460284
17756, 460284
17756, 460284
17756, 460284
17756, 460284
17756, 460284
17756, 460284
17756, 460284
17756, 460284
17756, 460284
17756, 460284
17756, 460284
17756, 460284
17756, 460284
17756, 460284
17756, 460284
17756, 460284
17756, 460284
17756, 460284
17756, 460284
17756, 460284
17756, 460284
17756, 460284
17756, 460284
17756, 460284
17756, 460284
17756, 460284
17756, 460284
17756, 460284
17756, 460284
17756, 460284
17756, 460284
17756, 460284
17756, 460284
17756, 460284
17756, 460284
17756, 460284
17756, 460284
17756, 460284
17756, 460284
17756, 460284
17756, 460284
17756, 460284
17756, 460284
17756, 460284
17756, 460284
17756, 460284
17756, 460284
17756, 460284
17756, 460284
17756, 460284
17756, 460284
17756, 460284
17756, 460284
17756, 460284
17756, 460284
17756, 460284
17756, 460284
17756, 460284
17756, 460284
17756, 460284
17756, 460284
17756, 460284
17756, 460284
17756, 460284
17756, 460284
17756, 460284
17756, 460284
17756, 460284
17756, 460284
17756, 460284
17756, 460284
17756, 460284
17756, 460284
17756, 460284
17756, 460284
17756, 460284
17756, 460284
17756, 460284
17756, 460284
17756, 460284
17756, 460284
17756, 460284
17756, 460284
17756, 460284
17756, 460284
17756, 460284
17756, 460284
17756, 460284
17756, 460284
17756, 460284
17756, 460284
17756, 460284
17756, 460284
17756, 460284
17756, 460284
17756, 460284
17756, 460284
17756, 460284
17756, 460284
17756, 460284
17756, 460284
17756, 460284
17756, 460284
17756, 460284
17756, 460284
17756, 460284
17756, 460284
17756, 460284
17756, 460284
17756, 460284
17756, 460284
17756, 460284
17756, 460284
17756, 460284
17756, 460284
17756, 460284
17756, 460284
17756, 460284
17756, 460284
17756, 460284
17756, 460284
17756, 460284
17756, 460284
17756, 460284
17756, 460284
17756, 460284
17756, 460284
17756, 460284
17756, 460284
17756, 460284
17756, 460284
17756, 460284
17756, 460284
17756, 460284
17756, 460284
17756, 460284
17756, 460284
17756, 460284
17756, 460284
17756, 460284
17756, 460284
17756, 460284
17756, 460284
17756, 460284
17756, 460284
17756, 460284
17756, 460284
17756, 460284
17756, 460284
17756, 460284
17756, 460284
17756, 460284
17756, 460284
17756, 460284
17756, 460284
17756, 460284
17756, 460284
17756, 460284
17756, 460284
17756, 460284
17756, 460284
17756, 460284
17756, 460284
17756, 460284
17756, 460284
17756, 460284
17756, 460284
17756, 460284
17756, 460284
17756, 460284
17756, 460284
17756, 460284
17756, 460284
17756, 460284
17756, 460284
17756, 460284
17756, 460284
17756, 460284
17756, 460284
17756, 460284
17756, 460284
17756, 460284
17756, 460284
17756, 460284
17756, 460284
17756, 460284
17756, 460284
17756, 460284
17756, 460284
17756, 460284
17756, 460284
17756, 460284
17756, 460284
17756, 460284
17756, 460284
17756, 460284
17756, 460284
17756, 460284
17756, 460284
17756, 460284
17756, 460284
17756, 460284
17756, 460284
17756, 460284
17756, 460284
17756, 460284
17756, 460284
17756, 460284
17756, 460284
17756, 460284
17756, 460284
17756, 460284
17756, 460284
17756, 460284
17756, 460284
17756, 460284
17756, 460284
17756, 460284
17756, 460284
17756, 460284
17756, 460284
17756, 460284
17756, 460284
17756, 460284
17756, 460284
17756, 460284
17756, 460284
17756, 460284
17756, 460284
17756, 460284
17756, 460284
17756, 460284
17756, 460284
17756, 460284
17756, 460284
17756, 460284
17756, 460284
17756, 460284
17756, 460284
17756, 460284
17756, 460284
17756, 460284
17756, 460284
17756, 460284
17756, 460284
17756, 460284
17756, 460284
17756, 460284
17756, 460284
17756, 460284
17756, 460284
17756, 460284
17756, 460284
17756, 460284
17756, 460284
17756, 460284
17756, 460284
17756, 460284
17756, 460284
17756, 460284
17756, 460284
17756, 460284
17756, 460284
17756, 460284
17756, 460284
17756, 460284
17756, 460284
17756, 460284
17756, 460284
17756, 460284
17756, 460284
17756, 460284
17756, 460284
17756, 460284
17756, 460284
17756, 460284
17756, 460284
17756, 460284
17756, 460284
17756, 460284
17756, 460284
17756, 460284
17756, 460284
17756, 460284
17756, 460284
17756, 460284
17756, 460284
17756, 460284
17756, 460284
17756, 460284
17756, 460284
17756, 460284
17756, 460284
17756, 460284
17756, 460284
17756, 460284
17756, 460284
17756, 460284
17756, 460284
17756, 460284
17756, 460284
17756, 460284
17756, 460284
17756, 460284
17756, 460284
17756, 460284
17756, 460284
17756, 460284
17756, 460284
17756, 460284
17756, 460284
17756, 460284
17756, 460284
17756, 460284
17756, 460284
17756, 460284
17756, 460284
17756, 460284
17756, 460284
17756, 460284
17756, 460284
17756, 460284
17756, 460284
17756, 460284
17756, 460284
17756, 460284
17756, 460284
17756, 460284
17756, 460284
17756, 460284
17756, 460284
17756, 460284
17756, 460284
17756, 460284
17756, 460284
17756, 460284
17756, 460284
17756, 460284
17756, 460284
17756, 460284
17756, 460284
17756, 460284
17756, 460284
17756, 460284
17756, 460284
17756, 460284
17756, 460284
17756, 460284
17756, 460284
17756, 460284
17756, 460284
17756, 460284
17756, 460284
17756, 460284
17756, 460284
17756, 460284
17756, 460284
17756, 460284
17756, 460284
17756, 460284
17756, 460284
17756, 460284
17756, 460284
17756, 460284
17756, 460284
17756, 460284
17756, 460284
17756, 460284
17756, 460284
17756, 460284
17756, 460284
17756, 460284
17756, 460284
17756, 460284
17756, 460284
17756, 460284
17756, 460284
17756, 460284
17756, 460284
17756, 460284
17756, 460284
17756, 460284
17756, 460284
17756, 460284
17756, 460284
17756, 460284
17756, 460284
17756, 460284
17756, 460284
17756, 460284
17756, 460284
17756, 460284
17756, 460284
17756, 460284
17756, 460284
17756, 460284
17756, 460284
17756, 460284
17756, 460284
17756, 460284
17756, 460284
17756, 460284
17756, 460284
17756, 460284
17756, 460284
17756, 460284
17756, 460284
17756, 460284
17756, 460284
17756, 460284
17756, 460284
17756, 460284
17756, 460284
17756, 460284
17756, 460284
17756, 460284
17756, 460284
17756, 460284
17756, 460284
17756, 460284
17756, 460284
17756, 460284
17756, 460284
17756, 460284
17756, 460284
17756, 460284
17756, 460284
17756, 460284
17756, 460284
17756, 460284
17756, 460284
17756, 460284
17756, 460284
17756, 460284
17756, 460284
17756, 460284
17756, 460284
17756, 460284
17756, 460284
17756, 460284
17756, 460284
17756, 460284
17756, 460284
17756, 460284
17756, 460284
17756, 460284
17756, 460284
17756, 460284
17756, 460284
17756, 460284
17756, 460284
17756, 460284
17756, 460284
17756, 460284
17756, 460284
17756, 460284
17756, 460284
17756, 460284
17756, 460284
17756, 460284
17756, 460284
17756, 460284
17756, 460284
17756, 460284
17756, 460284
17756, 460284
17756, 460284
17756, 460284
17756, 460284
17756, 460284
17756, 460284
17756, 460284
17756, 460284
17756, 460284
17756, 460284
17756, 460284
17756, 460284
17756, 460284
17756, 460284
17756, 460284
17756, 460284
17756, 460284
17756, 460284
17756, 460284
17756, 460284
17756, 460284
17756, 460284
17756, 460284
17756, 460284
17756, 460284
17756, 460284
17756, 460284
17756, 460284
17756, 460284
17756, 460284
17756, 460284
17756, 460284
17756, 460284
17756, 460284
17756, 460284
17756, 460284
17756, 460284
17756, 460284
17756, 460284
17756, 460284
17756, 460284
17756, 460284
17756, 460284
17756, 460284
17756, 460284
17756, 460284
17756, 460284
17756, 460284
17756, 460284
17756, 460284
17756, 460284
17756, 460284
17756, 460284
17756, 460284
17756, 460284
17756, 460284
17756, 460284
17756, 460284
17756, 460284
17756, 460284
17756, 460284
17756, 460284
17756, 460284
17756, 460284
17756, 460284
17756, 460284
17756, 460284
17756, 460284
17756, 460284
17756, 460284
17756, 460284
17756, 460284
17756, 460284
17756, 460284
17756, 460284
17756, 460284
17756, 460284
17756, 460284
17756, 460284
17756, 460284
17756, 460284
17756, 460284
17756, 460284
17756, 460284
17756, 460284
17756, 460284
17756, 460284
17756, 460284
17756, 460284
17756, 460284
17756, 460284
17756, 460284
17756, 460284
17756, 460284
17756, 460284
17756, 460284
17756, 460284
17756, 460284
17756, 460284
17756, 460284
17756, 460284
17756, 460284
17756, 460284
17756, 460284
17756, 460284
17756, 460284
17756, 460284
17756, 460284
17756, 460284
17756, 460284
17756, 460284
17756, 460284
17756, 460284
17756, 460284
17756, 460284
17756, 460284
17756, 460284
17756, 460284
17756, 460284
17756, 460284
17756, 460284
17756, 460284
17756, 460284
17756, 460284
17756, 460284
17756, 460284
17756, 460284
17756, 460284
17756, 460284
17756, 460284
17756, 460284
17756, 460284
17756, 460284
17756, 460284
17756, 460284
17756, 460284
17756, 460284
17756, 460284
17756, 460284
17756, 460284
17756, 460284
17756, 460284
17756, 460284
17756, 460284
17756, 460284
17756, 460284
17756, 460284
17756, 460284
17756, 460284
17756, 460284
17756, 460284
17756, 460284
17756, 460284
17756, 460284
17756, 460284
17756, 460284
17756, 460284
17756, 460284
17756, 460284
17756, 460284
17756, 460284
17756, 460284
17756, 460284
17756, 460284
17756, 460284
17756, 460284
17756, 460284
17756, 460284
17756, 460284
17756, 460284
17756, 460284
17756, 460284
17756, 460284
17756, 460284
17756, 460284
17756, 460284
17756, 460284
17756, 460284
17756, 460284
17756, 460284
17756, 460284
17756, 460284
17756, 460284
17756, 460284
17756, 460284
17756, 460284
17756, 460284
17756, 460284
17756, 460284
17756, 460284
17756, 460284
17756, 460284
17756, 460284
17756, 460284
17756, 460284
17756, 460284
17756, 460284
17756, 460284
17756, 460284
17756, 460284
17756, 460284
17756, 460284
17756, 460284
17756, 460284
17756, 460284
17756, 460284
17756, 460284
17756, 460284
17756, 460284
17756, 460284
17756, 460284
17756, 460284
17756, 460284
17756, 460284
17756, 460284
17756, 460284
17756, 460284
17756, 460284
17756, 460284
17756, 460284
17756, 460284
17756, 460284
17756, 460284
17756, 460284
17756, 460284
17756, 460284
17756, 460284
17756, 460284
17756, 460284
17756, 460284
17756, 460284
17756, 460284
17756, 460284
17756, 460284
17756, 460284
17756, 460284
17756, 460284
17756, 460284
17756, 460284
17756, 460284
17756, 460284
17756, 460284
17756, 460284
17756, 460284
17756, 460284
17756, 460284
17756, 460284
17756, 460284
17756, 460284
17756, 460284
17756, 460284
17756, 460284
17756, 460284
17756, 460284
17756, 460284
17756, 460284
17756, 460284
17756, 460284
17756, 460284
17756, 460284
17756, 460284
17756, 460284
17756, 460284
17756, 460284
17756, 460284
17756, 460284
17756, 460284
17756, 460284
17756, 460284
17756, 460284
17756, 460284
17756, 460284
17756, 460284
17756, 460284
17756, 460284
17756, 460284
17756, 460284
17756, 460284
17756, 460284
17756, 460284
17756, 460284
17756, 460284
17756, 460284
17756, 460284
17756, 460284
17756, 460284
17756, 460284
17756, 460284
17756, 460284
17756, 460284
17756, 460284
17756, 460284
17756, 460284
17756, 460284
17756, 460284
17756, 460284
17756, 460284
17756, 460284
17756, 460284
17756, 460284
17756, 460284
17756, 460284
17756, 460284
17756, 460284
17756, 460284
17756, 460284
17756, 460284
17756, 460284
17756, 460284
17756, 460284
17756, 460284
17756, 460284
17756, 460284
17756, 460284
17756, 460284
17756, 460284
17756, 460284
17756, 460284
17756, 460284
17756, 460284
17756, 460284
17756, 460284
17756, 460284
17756, 460284
17756, 460284
17756, 460284
17756, 460284
17756, 460284
17756, 460284
17756, 460284
17756, 460284
17756, 460284
17756, 460284
17756, 460284
17756, 460284
17756, 460284
17756, 460284
17756, 460284
17756, 460284
17756, 460284
17756, 460284
17756, 460284
17756, 460284
17756, 460284
17756, 460284
17756, 460284
17756, 460284
17756, 460284
17756, 460284
17756, 460284
17756, 460284
17756, 460284
17756, 460284
17756, 460284
17756, 460284
17756, 460284
17756, 460284
17756, 460284
17756, 460284
17756, 460284
17756, 460284
17756, 460284
17756, 460284
17756, 460284
17756, 460284
17756, 460284
17756, 460284
17756, 460284
17756, 460284
17756, 460284
17756, 460284
17756, 460284
17756, 460284
17756, 460284
17756, 460284
17756, 460284
17756, 460284
17756, 460284
17756, 460284
17756, 460284
17756, 460284
17756, 460284
17756, 460284
17756, 460284
17756, 460284
17756, 460284
17756, 460284
17756, 460284
17756, 460284
17756, 460284
17756, 460284
17756, 460284
17756, 460284
17756, 460284
17756, 460284
17756, 460284
17756, 460284
17756, 460284
17756, 460284
17756, 460284
17756, 460284
17756, 460284
17756, 460284
17756, 460284
17756, 460284
17756, 460284
17756, 460284
17756, 460284
17756, 460284
17756, 460284
17756, 460284
17756, 460284
17756, 460284
17756, 460284
17756, 460284
17756, 460284
17756, 460284
17756, 460284
17756, 460284
17756, 460284
17756, 460284
17756, 460284
17756, 460284
17756, 460284
17756, 460284
17756, 460284
17756, 460284
17756, 460284
17756, 460284
17756, 460284
17756, 460284
17756, 460284
17756, 460284
17756, 460284
17756, 460284
17756, 460284
17756, 460284
17756, 460284
17756, 460284
17756, 460284
17756, 460284
17756, 460284
17756, 460284
17756, 460284
17756, 460284
17756, 460284
17756, 460284
17756, 460284
17756, 460284
17756, 460284
17756, 460284
17756, 460284
17756, 460284
17756, 460284
17756, 460284
17756, 460284
17756, 460284
17756, 460284
17756, 460284
17756, 460284
17756, 460284
17756, 460284
17756, 460284
17756, 460284
17756, 460284
17756, 460284
17756, 460284
17756, 460284
17756, 460284
17756, 460284
17756, 460284
17756, 460284
17756, 460284
17756, 460284
17756, 460284
17756, 460284
17756, 460284
17756, 460284
17756, 460284
17756, 460284
17756, 460284
17756, 460284
17756, 460284
17756, 460284
17756, 460284
17756, 460284
17756, 460284
17756, 460284
17756, 460284
17756, 460284
17756, 460284
17756, 460284
17756, 460284
17756, 460284
17756, 460284
17756, 460284
17756, 460284
17756, 460284
17756, 460284
17756, 460284
17756, 460284
17756, 460284
17756, 460284
17756, 460284
17756, 460284
17756, 460284
17756, 460284
17756, 460284
17756, 460284
17756, 460284
17756, 460284
17756, 460284
17756, 460284
17756, 460284
17756, 460284
17756, 460284
17756, 460284
17756, 460284
17756, 460284
17756, 460284
17756, 460284
17756, 460284
17756, 460284
17756, 460284
17756, 460284
17756, 460284
17756, 460284
17756, 460284
17756, 460284
17756, 460284
17756, 460284
17756, 460284
17756, 460284
17756, 460284
17756, 460284
17756, 460284
17756, 460284
17756, 460284
17756, 460284
17756, 460284
17756, 460284
17756, 460284
17756, 460284
17756, 460284
17756, 460284
17756, 460284
17756, 460284
17756, 460284
17756, 460284
17756, 460284
17756, 460284
17756, 460284
17756, 460284
17756, 460284
17756, 460284
17756, 460284
17756, 460284
17756, 460284
17756, 460284
17756, 460284
17756, 460284
17756, 460284
17756, 460284
17756, 460284
17756, 460284
17756, 460284
17756, 460284
17756, 460284
17756, 460284
17756, 460284
17756, 460284
17756, 460284
17756, 460284
17756, 460284
17756, 460284
17756, 460284
17756, 460284
17756, 460284
17756, 460284
17756, 460284
17756, 460284
17756, 460284
17756, 460284
17756, 460284
17756, 460284
17756, 460284
17756, 460284
17756, 460284
17756, 460284
17756, 460284
17756, 460284
17756, 460284
17756, 460284
17756, 460284
17756, 460284
17756, 460284
17756, 460284
17756, 460284
17756, 460284
17756, 460284
17756, 460284
17756, 460284
17756, 460284
17756, 460284
17756, 460284
17756, 460284
17756, 460284
17756, 460284
17756, 460284
17756, 460284
17756, 460284
17756, 460284
17756, 460284
17756, 460284
17756, 460284
17756, 460284
17756, 460284
17756, 460284
17756, 460284
17756, 460284
17756, 460284
17756, 460284
17756, 460284
17756, 460284
17756, 460284
17756, 460284
17756, 460284
17756, 460284
17756, 460284
17756, 460284
17756, 460284
17756, 460284
17756, 460284
17756, 460284
17756, 460284
17756, 460284
17756, 460284
17756, 460284
17756, 460284
17756, 460284
17756, 460284
17756, 460284
17756, 460284
17756, 460284
17756, 460284
17756, 460284
17756, 460284
17756, 460284
17756, 460284
17756, 460284
17756, 460284
17756, 460284
17756, 460284
17756, 460284
17756, 460284
17756, 460284
17756, 460284
17756, 460284
17756, 460284
17756, 460284
17756, 460284
17756, 460284
17756, 460284
17756, 460284
17756, 460284
17756, 460284
17756, 460284
17756, 460284
17756, 460284
17756, 460284
17756, 460284
17756, 460284
17756, 460284
17756, 460284
17756, 460284
17756, 460284
17756, 460284
17756, 460284
17756, 460284
17756, 460284
17756, 460284
17756, 460284
17756, 460284
17756, 460284
17756, 460284
17756, 460284
17756, 460284
17756, 460284
17756, 460284
17756, 460284
17756, 460284
17756, 460284
17756, 460284
17756, 460284
17756, 460284
17756, 460284
17756, 460284
17756, 460284
17756, 460284
17756, 460284
17756, 460284
17756, 460284
17756, 460284
17756, 460284
17756, 460284
17756, 460284
17756, 460284
17756, 460284
17756, 460284
17756, 460284
17756, 460284
17756, 460284
17756, 460284
17756, 460284
17756, 460284
17756, 460284
17756, 460284
17756, 460284
17756, 460284
17756, 460284
17756, 460284
17756, 460284
17756, 460284
17756, 460284
17756, 460284
17756, 460284
17756, 460284
17756, 460284
17756, 460284
17756, 460284
17756, 460284
17756, 460284
17756, 460284
17756, 460284
17756, 460284
17756, 460284
17756, 460284
17756, 460284
17756, 460284
17756, 460284
17756, 460284
17756, 460284
17756, 460284
17756, 460284
17756, 460284
17756, 460284
17756, 460284
17756, 460284
17756, 460284
17756, 460284
17756, 460284
17756, 460284
17756, 460284
17756, 460284
17756, 460284
17756, 460284
17756, 460284
17756, 460284
17756, 460284
17756, 460284
17756, 460284
17756, 460284
17756, 460284
17756, 460284
17756, 460284
17756, 460284
17756, 460284
17756, 460284
17756, 460284
17756, 460284
17756, 460284
17756, 460284
17756, 460284
17756, 460284
17756, 460284
17756, 460284
17756, 460284
17756, 460284
17756, 460284
17756, 460284
17756, 460284
17756, 460284
17756, 460284
17756, 460284
17756, 460284
17756, 460284
17756, 460284
17756, 460284
17756, 460284
17756, 460284
17756, 460284
17756, 460284
17756, 460284
17756, 460284
17756, 460284
17756, 460284
17756, 460284
17756, 460284
17756, 460284
17756, 460284
17756, 460284
17756, 460284
17756, 460284
17756, 460284
17756, 460284
17756, 460284
17756, 460284
17756, 460284
17756, 460284
17756, 460284
17756, 460284
17756, 460284
17756, 460284
17756, 460284
17756, 460284
17756, 460284
17756, 460284
17756, 460284
17756, 460284
17756, 460284
17756, 460284
17756, 460284
17756, 460284
17756, 460284
17756, 460284
17756, 460284
17756, 460284
17756, 460284
17756, 460284
17756, 460284
17756, 460284
17756, 460284
17756, 460284
17756, 460284
17756, 460284
17756, 460284
17756, 460284
17756, 460284
17756, 460284
17756, 460284
17756, 460284
17756, 460284
17756, 460284
17756, 460284
17756, 460284
17756, 460284
17756, 460284
17756, 460284
17756, 460284
17756, 460284
17756, 460284
17756, 460284
17756, 460284
17756, 460284
17756, 460284
17756, 460284
17756, 460284
17756, 460284
17756, 460284
17756, 460284
17756, 460284
17756, 460284
17756, 460284
17756, 460284
17756, 460284
17756, 460284
17756, 460284
17756, 460284
17756, 460284
17756, 460284
17756, 460284
17756, 460284
17756, 460284
17756, 460284
17756, 460284
17756, 460284
17756, 460284
17756, 460284
17756, 460284
17756, 460284
17756, 460284
17756, 460284
17756, 460284
17756, 460284
17756, 460284
17756, 460284
17756, 460284
17756, 460284
17756, 460284
17756, 460284
17756, 460284
17756, 460284
17756, 460284
17756, 460284
17756, 460284
17756, 460284
17756, 460284
17756, 460284
17756, 460284
17756, 460284
17756, 460284
17756, 460284
17756, 460284
17756, 460284
17756, 460284
17756, 460284
17756, 460284
17756, 460284
17756, 460284
17756, 460284
17756, 460284
17756, 460284
17756, 460284
17756, 460284
17756, 460284
17756, 460284
17756, 460284
17756, 460284
17756, 460284
17756, 460284
17756, 460284
17756, 460284
17756, 460284
17756, 460284
17756, 460284
17756, 460284
17756, 460284
17756, 460284
17756, 460284
17756, 460284
17756, 460284
17756, 460284
17756, 460284
17756, 460284
17756, 460284
17756, 460284
17756, 460284
17756, 460284
17756, 460284
17756, 460284
17756, 460284
17756, 460284
17756, 460284
17756, 460284
17756, 460284
17756, 460284
17756, 460284
17756, 460284
17756, 460284
17756, 460284
17756, 460284
17756, 460284
17756, 460284
17756, 460284
17756, 460284
17756, 460284
17756, 460284
17756, 460284
17756, 460284
17756, 460284
17756, 460284
17756, 460284
17756, 460284
17756, 460284
17756, 460284
17756, 460284
17756, 460284
17756, 460284
17756, 460284
17756, 460284
17756, 460284
17756, 460284
17756, 460284
17756, 460284
17756, 460284
17756, 460284
17756, 460284
17756, 460284
17756, 460284
17756, 460284
17756, 460284
17756, 460284
17756, 460284
17756, 460284
17756, 460284
17756, 460284
17756, 460284
17756, 460284
17756, 460284
17756, 460284
17756, 460284
17756, 460284
17756, 460284
17756, 460284
17756, 460284
17756, 460284
17756, 460284
17756, 460284
17756, 460284
17756, 460284
17756, 460284
17756, 460284
17756, 460284
17756, 460284
17756, 460284
17756, 460284
17756, 460284
17756, 460284
17756, 460284
17756, 460284
17756, 460284
17756, 460284
17756, 460284
17756, 460284
17756, 460284
17756, 460284
17756, 460284
17756, 460284
17756, 460284
17756, 460284
17756, 460284
17756, 460284
17756, 460284
17756, 460284
17756, 460284
17756, 460284
17756, 460284
17756, 460284
17756, 460284
17756, 460284
17756, 460284
17756, 460284
17756, 460284
17756, 460284
17756, 460284
17756, 460284
17756, 460284
17756, 460284
17756, 460284
17756, 460284
17756, 460284
17756, 460284
17756, 460284
17756, 460284
17756, 460284
17756, 460284
17756, 460284
17756, 460284
17756, 460284
17756, 460284
17756, 460284
17756, 460284
17756, 460284
17756, 460284
17756, 460284
17756, 460284
17756, 460284
17756, 460284
17756, 460284
17756, 460284
17756, 460284
17756, 460284
17756, 460284
17756, 460284
17756, 460284
17756, 460284
17756, 460284
17756, 460284
17756, 460284
17756, 460284
17756, 460284
17756, 460284
17756, 460284
17756, 460284
17756, 460284
17756, 460284
17756, 460284
17756, 460284
17756, 460284
17756, 460284
17756, 460284
17756, 460284
17756, 460284
17756, 460284
17756, 460284
17756, 460284
17756, 460284
17756, 460284
17756, 460284
17756, 460284
17756, 460284
17756, 460284
17756, 460284
17756, 460284
17756, 460284
17756, 460284
17756, 460284
17756, 460284
17756, 460284
17756, 460284
17756, 460284
17756, 460284
17756, 460284
17756, 460284
17756, 460284
17756, 460284
17756, 460284
17756, 460284
17756, 460284
17756, 460284
17756, 460284
17756, 460284
17756, 460284
17756, 460284
17756, 460284
17756, 460284
17756, 460284
17756, 460284
17756, 460284
17756, 460284
17756, 460284
17756, 460284
17756, 460284
17756, 460284
17756, 460284
17756, 460284
17756, 460284
17756, 460284
17756, 460284
17756, 460284
17756, 460284
17756, 460284
17756, 460284
17756, 460284
17756, 460284
17756, 460284
17756, 460284
17756, 460284
17756, 460284
17756, 460284
17756, 460284
17756, 460284
17756, 460284
17756, 460284
17756, 460284
17756, 460284
17756, 460284
17756, 460284
17756, 460284
17756, 460284
17756, 460284
17756, 460284
17756, 460284
17756, 460284
17756, 460284
17756, 460284
17756, 460284
17756, 460284
17756, 460284
17756, 460284
17756, 460284
17756, 460284
17756, 460284
17756, 460284
17756, 460284
17756, 460284
17756, 460284
17756, 460284
17756, 460284
17756, 460284
17756, 460284
17756, 460284
17756, 460284
17756, 460284
17756, 460284
17756, 460284
17756, 460284
17756, 460284
17756, 460284
17756, 460284
17756, 460284
17756, 460284
17756, 460284
17756, 460284
17756, 460284
17756, 460284
17756, 460284
17756, 460284
17756, 460284
17756, 460284
17756, 460284
17756, 460284
17756, 460284
17756, 460284
17756, 460284
17756, 460284
17756, 460284
17756, 460284
17756, 460284
17756, 460284
17756, 460284
17756, 460284
17756, 460284
17756, 460284
17756, 460284
17756, 460284
17756, 460284
17756, 460284
17756, 460284
17756, 460284
17756, 460284
17756, 460284
17756, 460284
17756, 460284
17756, 460284
17756, 460284
17756, 460284
17756, 460284
17756, 460284
17756, 460284
17756, 460284
17756, 460284
17756, 460284
17756, 460284
17756, 460284
17756, 460284
17756, 460284
17756, 460284
17756, 460284
17756, 460284
17756, 460284
17756, 460284
17756, 460284
17756, 460284
17756, 460284
17756, 460284
17756, 460284
17756, 460284
17756, 460284
17756, 460284
17756, 460284
17756, 460284
17756, 460284
17756, 460284
17756, 460284
17756, 460284
17756, 460284
17756, 460284
17756, 460284
17756, 460284
17756, 460284
17756, 460284
17756, 460284
17756, 460284
17756, 460284
17756, 460284
17756, 460284
17756, 460284
17756, 460284
17756, 460284
17756, 460284
17756, 460284
17756, 460284
17756, 460284
17756, 460284
17756, 460284
17756, 460284
17756, 460284
17756, 460284
17756, 460284
17756, 460284
17756, 460284
17756, 460284
17756, 460284
17756, 460284
17756, 460284
17756, 460284
17756, 460284
17756, 460284
17756, 460284
17756, 460284
17756, 460284
17756, 460284
17756, 460284
17756, 460284
17756, 460284
17756, 460284
17756, 460284
17756, 460284
17756, 460284
17756, 460284
17756, 460284
17756, 460284
17756, 460284
17756, 460284
17756, 460284
17756, 460284
17756, 460284
17756, 460284
17756, 460284
17756, 460284
17756, 460284
17756, 460284
17756, 460284
17756, 460284
17756, 460284
17756, 460284
17756, 460284
17756, 460284
17756, 460284
17756, 460284
17756, 460284
17756, 460284
17756, 460284
17756, 460284
17756, 460284
17756, 460284
17756, 460284
17756, 460284
17756, 460284
17756, 460284
17756, 460284
17756, 460284
17756, 460284
17756, 460284
17756, 460284
17756, 460284
17756, 460284
17756, 460284
17756, 460284
17756, 460284
17756, 460284
17756, 460284
17756, 460284
17756, 460284
17756, 460284
17756, 460284
17756, 460284
17756, 460284
17756, 460284
17756, 460284
17756, 460284
17756, 460284
17756, 460284
17756, 460284
17756, 460284
17756, 460284
17756, 460284
17756, 460284
17756, 460284
17756, 460284
17756, 460284
17756, 460284
17756, 460284
17756, 460284
17756, 460284
17756, 460284
17756, 460284
17756, 460284
17756, 460284
17756, 460284
17756, 460284
17756, 460284
17756, 460284
17756, 460284
17756, 460284
17756, 460284
17756, 460284
17756, 460284
17756, 460284
17756, 460284
17756, 460284
17756, 460284
17756, 460284
17756, 460284
17756, 460284
17756, 460284
17756, 460284
17756, 460284
17756, 460284
17756, 460284
17756, 460284
17756, 460284
17756, 460284
17756, 460284
17756, 460284
17756, 460284
17756, 460284
17756, 460284
17756, 460284
17756, 460284
17756, 460284
17756, 460284
17756, 460284
17756, 460284
17756, 460284
17756, 460284
17756, 460284
17756, 460284
17756, 460284
17756, 460284
17756, 460284
17756, 460284
17756, 460284
17756, 460284
17756, 460284
17756, 460284
17756, 460284
17756, 460284
17756, 460284
17756, 460284
17756, 460284
17756, 460284
17756, 460284
17756, 460284
17756, 460284
17756, 460284
17756, 460284
17756, 460284
17756, 460284
17756, 460284
17756, 460284
17756, 460284
17756, 460284
17756, 460284
17756, 460284
17756, 460284
17756, 460284
17756, 460284
17756, 460284
17756, 460284
17756, 460284
17756, 460284
17756, 460284
17756, 460284
17756, 460284
17756, 460284
17756, 460284
17756, 460284
17756, 460284
17756, 460284
17756, 460284
17756, 460284
17756, 460284
17756, 460284
17756, 460284
17756, 460284
17756, 460284
17756, 460284
17756, 460284
17756, 460284
17756, 460284
17756, 460284
17756, 460284
17756, 460284
17756, 460284
17756, 460284
17756, 460284
17756, 460284
17756, 460284
17756, 460284
17756, 460284
17756, 460284
17756, 460284
17756, 460284
17756, 460284
17756, 460284
17756, 460284
17756, 460284
17756, 460284
17756, 460284
17756, 460284
17756, 460284
17756, 460284
17756, 460284
17756, 460284
17756, 460284
17756, 460284
17756, 460284
17756, 460284
17756, 460284
17756, 460284
17756, 460284
17756, 460284
17756, 460284
17756, 460284
17756, 460284
17756, 460284
17756, 460284
17756, 460284
17756, 460284
17756, 460284
17756, 460284
17756, 460284
17756, 460284
17756, 460284
17756, 460284
17756, 460284
17756, 460284
17756, 460284
17756, 460284
17756, 460284
17756, 460284
17756, 460284
17756, 460284
17756, 460284
17756, 460284
17756, 460284
17756, 460284
17756, 460284
17756, 460284
17756, 460284
17756, 460284
17756, 460284
17756, 460284
17756, 460284
17756, 460284
17756, 460284
17756, 460284
17756, 460284
17756, 460284
17756, 460284
17756, 460284
17756, 460284
17756, 460284
17756, 460284
17756, 460284
17756, 460284
17756, 460284
17756, 460284
17756, 460284
17756, 460284
17756, 460284
17756, 460284
17756, 460284
17756, 460284
17756, 460284
17756, 460284
17756, 460284
17756, 460284
17756, 460284
17756, 460284
17756, 460284
17756, 460284
17756, 460284
17756, 460284
17756, 460284
17756, 460284
17756, 460284
17756, 460284
17756, 460284
17756, 460284
17756, 460284
17756, 460284
17756, 460284
17756, 460284
17756, 460284
17756, 460284
17756, 460284
17756, 460284
17756, 460284
17756, 460284
17756, 460284
17756, 460284
17756, 460284
17756, 460284
17756, 460284
17756, 460284
17756, 460284
17756, 460284
17756, 460284
17756, 460284
17756, 460284
17756, 460284
17756, 460284
17756, 460284
17756, 460284
17756, 460284
17756, 460284
17756, 460284
17756, 460284
17756, 460284
17756, 460284
17756, 460284
17756, 460284
17756, 460284
17756, 460284
17756, 460284
17756, 460284
17756, 460284
17756, 460284
17756, 460284
17756, 460284
17756, 460284
17756, 460284
17756, 460284
17756, 460284
17756, 460284
17756, 460284
17756, 460284
17756, 460284
17756, 460284
17756, 460284
17756, 460284
17756, 460284
17756, 460284
17756, 460284
17756, 460284
17756, 460284
17756, 460284
17756, 460284
17756, 460284
17756, 460284
17756, 460284
17756, 460284
17756, 460284
17756, 460284
17756, 460284
17756, 460284
17756, 460284
17756, 460284
17756, 460284
17756, 460284
17756, 460284
17756, 460284
17756, 460284
17756, 460284
17756, 460284
17756, 460284
17756, 460284
17756, 460284
17756, 460284
17756, 460284
17756, 460284
17756, 460284
17756, 460284
17756, 460284
17756, 460284
17756, 460284
17756, 460284
17756, 460284
17756, 460284
17756, 460284
17756, 460284
17756, 460284
17756, 460284
17756, 460284
17756, 460284
17756, 460284
17756, 460284
17756, 460284
17756, 460284
17756, 460284
17756, 460284
17756, 460284
17756, 460284
17756, 460284
17756, 460284
17756, 460284
17756, 460284
17756, 460284
17756, 460284
17756, 460284
17756, 460284
17756, 460284
17756, 460284
17756, 460284
17756, 460284
17756, 460284
17756, 460284
17756, 460284
17756, 460284
17756, 460284
17756, 460284
17756, 460284
17756, 460284
17756, 460284
17756, 460284
17756, 460284
17756, 460284
17756, 460284
17756, 460284
17756, 460284
17756, 460284
17756, 460284
17756, 460284
17756, 460284
17756, 460284
17756, 460284
17756, 460284
17756, 460284
17756, 460284
17756, 460284
17756, 460284
17756, 460284
17756, 460284
17756, 460284
17756, 460284
17756, 460284
17756, 460284
17756, 460284
17756, 460284
17756, 460284
17756, 460284
17756, 460284
17756, 460284
17756, 460284
17756, 460284
17756, 460284
17756, 460284
17756, 460284
17756, 460284
17756, 460284
17756, 460284
17756, 460284
17756, 460284
17756, 460284
17756, 460284
17756, 460284
17756, 460284
17756, 460284
17756, 460284
17756, 460284
17756, 460284
17756, 460284
17756, 460284
17756, 460284
17756, 460284
17756, 460284
17756, 460284
17756, 460284
17756, 460284
17756, 460284
17756, 460284
17756, 460284
17756, 460284
17756, 460284
17756, 460284
17756, 460284
17756, 460284
17756, 460284
17756, 460284
17756, 460284
17756, 460284
17756, 460284
17756, 460284
17756, 460284
17756, 460284
17756, 460284
17756, 460284
17756, 460284
17756, 460284
17756, 460284
17756, 460284
17756, 460284
17756, 460284
17756, 460284
17756, 460284
17756, 460284
17756, 460284
17756, 460284
17756, 460284
17756, 460284
17756, 460284
17756, 460284
17756, 460284
17756, 460284
17756, 460284
17756, 460284
17756, 460284
17756, 460284
17756, 460284
17756, 460284
17756, 460284
17756, 460284
17756, 460284
17756, 460284
17756, 460284
17756, 460284
17756, 460284
17756, 460284
17756, 460284
17756, 460284
17756, 460284
17756, 460284
17756, 460284
17756, 460284
17756, 460284
17756, 460284
17756, 460284
17756, 460284
17756, 460284
17756, 460284
17756, 460284
17756, 460284
17756, 460284
17756, 460284
17756, 460284
17756, 460284
17756, 460284
17756, 460284
17756, 460284
17756, 460284
17756, 460284
17756, 460284
17756, 460284
17756, 460284
17756, 460284
17756, 460284
17756, 460284
17756, 460284
17756, 460284
17756, 460284
17756, 460284
17756, 460284
17756, 460284
17756, 460284
17756, 460284
17756, 460284
17756, 460284
17756, 460284
17756, 460284
17756, 460284
17756, 460284
17756, 460284
17756, 460284
17756, 460284
17756, 460284
17756, 460284
17756, 460284
17756, 460284
17756, 460284
17756, 460284
17756, 460284
17756, 460284
17756, 460284
17756, 460284
17756, 460284
17756, 460284
17756, 460284
17756, 460284
17756, 460284
17756, 460284
17756, 460284
17756, 460284
17756, 460284
17756, 460284
17756, 460284
17756, 460284
17756, 460284
17756, 460284
17756, 460284
17756, 460284
17756, 460284
17756, 460284
17756, 460284
17756, 460284
17756, 460284
17756, 460284
17756, 460284
17756, 460284
17756, 460284
17756, 460284
17756, 460284
17756, 460284
17756, 460284
17756, 460284
17756, 460284
17756, 460284
17756, 460284
17756, 460284
17756, 460284
17756, 460284
17756, 460284
17756, 460284
17756, 460284
17756, 460284
17756, 460284
17756, 460284
17756, 460284
17756, 460284
17756, 460284
17756, 460284
17756, 460284
17756, 460284
17756, 460284
17756, 460284
17756, 460284
17756, 460284
17756, 460284
17756, 460284
17756, 460284
17756, 460284
17756, 460284
17756, 460284
17756, 460284
17756, 460284
17756, 460284
17756, 460284
17756, 460284
17756, 460284
17756, 460284
17756, 460284
17756, 460284
17756, 460284
17756, 460284
17756, 460284
17756, 460284
17756, 460284
17756, 460284
17756, 460284
17756, 460284
17756, 460284
17756, 460284
17756, 460284
17756, 460284
17756, 460284
17756, 460284
17756, 460284
17756, 460284
17756, 460284
17756, 460284
17756, 460284
17756, 460284
17756, 460284
17756, 460284
17756, 460284
17756, 460284
17756, 460284
17756, 460284
17756, 460284
17756, 460284
17756, 460284
17756, 460284
17756, 460284
17756, 460284
17756, 460284
17756, 460284
17756, 460284
17756, 460284
17756, 460284
17756, 460284
17756, 460284
17756, 460284
17756, 460284
17756, 460284
17756, 460284
17756, 460284
17756, 460284
17756, 460284
17756, 460284
17756, 460284
17756, 460284
17756, 460284
17756, 460284
17756, 460284
17756, 460284
17756, 460284
17756, 460284
17756, 460284
17756, 460284
17756, 460284
17756, 460284
17756, 460284
17756, 460284
17756, 460284
17756, 460284
17756, 460284
17756, 460284
17756, 460284
17756, 460284
17756, 460284
17756, 460284
17756, 460284
17756, 460284
17756, 460284
17756, 460284
17756, 460284
17756, 460284
17756, 460284
17756, 460284
17756, 460284
17756, 460284
17756, 460284
17756, 460284
17756, 460284
17756, 460284
17756, 460284
17756, 460284
17756, 460284
17756, 460284
17756, 460284
17756, 460284
17756, 460284
17756, 460284
17756, 460284
17756, 460284
17756, 460284
17756, 460284
17756, 460284
17756, 460284
17756, 460284
17756, 460284
17756, 460284
17756, 460284
17756, 460284
17756, 460284
17756, 460284
17756, 460284
17756, 460284
17756, 460284
17756, 460284
17756, 460284
17756, 460284
17756, 460284
17756, 460284
17756, 460284
17756, 460284
17756, 460284
17756, 460284
17756, 460284
17756, 460284
17756, 460284
17756, 460284
17756, 460284
17756, 460284
17756, 460284
17756, 460284
17756, 460284
17756, 460284
17756, 460284
17756, 460284
17756, 460284
17756, 460284
17756, 460284
17756, 460284
17756, 460284
17756, 460284
17756, 460284
17756, 460284
17756, 460284
17756, 460284
17756, 460284
17756, 460284
17756, 460284
17756, 460284
17756, 460284
17756, 460284
17756, 460284
17756, 460284
17756, 460284
17756, 460284
17756, 460284
17756, 460284
17756, 460284
17756, 460284
17756, 460284
17756, 460284
17756, 460284
17756, 460284
17756, 460284
17756, 460284
17756, 460284
17756, 460284
17756, 460284
17756, 460284
17756, 460284
17756, 460284
17756, 460284
17756, 460284
17756, 460284
17756, 460284
17756, 460284
17756, 460284
17756, 460284
17756, 460284
17756, 460284
17756, 460284
17756, 460284
17756, 460284
17756, 460284
17756, 460284
17756, 460284
17756, 460284
17756, 460284
17756, 460284
17756, 460284
17756, 460284
17756, 460284
17756, 460284
17756, 460284
17756, 460284
17756, 460284
17756, 460284
17756, 460284
17756, 460284
17756, 460284
17756, 460284
17756, 460284
17756, 460284
17756, 460284
17756, 460284
17756, 460284
17756, 460284
17756, 460284
17756, 460284
17756, 460284
17756, 460284
17756, 460284
17756, 460284
17756, 460284
17756, 460284
17756, 460284
17756, 460284
17756, 460284
17756, 460284
17756, 460284
17756, 460284
17756, 460284
17756, 460284
17756, 460284
17756, 460284
17756, 460284
17756, 460284
17756, 460284
17756, 460284
17756, 460284
17756, 460284
17756, 460284
17756, 460284
17756, 460284
17756, 460284
17756, 460284
17756, 460284
17756, 460284
17756, 460284
17756, 460284
17756, 460284
17756, 460284
17756, 460284
17756, 460284
17756, 460284
17756, 460284
17756, 460284
17756, 460284
17756, 460284
17756, 460284
17756, 460284
17756, 460284
17756, 460284
17756, 460284
17756, 460284
17756, 460284
17756, 460284
17756, 460284
17756, 460284
17756, 460284
17756, 460284
17756, 460284
17756, 460284
17756, 460284
17756, 460284
17756, 460284
17756, 460284
17756, 460284
17756, 460284
17756, 460284
17756, 460284
17756, 460284
17756, 460284
17756, 460284
17756, 460284
17756, 460284
17756, 460284
17756, 460284
17756, 460284
17756, 460284
17756, 460284
17756, 460284
17756, 460284
17756, 460284
17756, 460284
17756, 460284
17756, 460284
17756, 460284
17756, 460284
17756, 460284
17756, 460284
17756, 460284
17756, 460284
17756, 460284
17756, 460284
17756, 460284
17756, 460284
17756, 460284
17756, 460284
17756, 460284
17756, 460284
17756, 460284
17756, 460284
17756, 460284
17756, 460284
17756, 460284
17756, 460284
17756, 460284
17756, 460284
17756, 460284
17756, 460284
17756, 460284
17756, 460284
17756, 460284
17756, 460284
17756, 460284
17756, 460284
17756, 460284
17756, 460284
17756, 460284
17756, 460284
17756, 460284
17756, 460284
17756, 460284
17756, 460284
17756, 460284
17756, 460284
17756, 460284
17756, 460284
17756, 460284
17756, 460284
17756, 460284
17756, 460284
17756, 460284
17756, 460284
17756, 460284
17756, 460284
17756, 460284
17756, 460284
17756, 460284
17756, 460284
17756, 460284
17756, 460284
17756, 460284
17756, 460284
17756, 460284
17756, 460284
17756, 460284
17756, 460284
17756, 460284
17756, 460284
17756, 460284
17756, 460284
17756, 460284
17756, 460284
17756, 460284
17756, 460284
17756, 460284
17756, 460284
17756, 460284
17756, 460284
17756, 460284
17756, 460284
17756, 460284
17756, 460284
17756, 460284
17756, 460284
17756, 460284
17756, 460284
17756, 460284
17756, 460284
17756, 460284
17756, 460284
17756, 460284
17756, 460284
17756, 460284
17756, 460284
17756, 460284
17756, 460284
17756, 460284
17756, 460284
17756, 460284
17756, 460284
17756, 460284
17756, 460284
17756, 460284
17756, 460284
17756, 460284
17756, 460284
17756, 460284
17756, 460284
17756, 460284
17756, 460284
17756, 460284
17756, 460284
17756, 460284
17756, 460284
17756, 460284
17756, 460284
17756, 460284
17756, 460284
17756, 460284
17756, 460284
17756, 460284
17756, 460284
17756, 460284
17756, 460284
17756, 460284
17756, 460284
17756, 460284
17756, 460284
17756, 460284
17756, 460284
17756, 460284
17756, 460284
17756, 460284
17756, 460284
17756, 460284
17756, 460284
17756, 460284
17756, 460284
17756, 460284
17756, 460284
17756, 460284
17756, 460284
17756, 460284
17756, 460284
17756, 460284
17756, 460284
17756, 460284
17756, 460284
17756, 460284
17756, 460284
17756, 460284
17756, 460284
17756, 460284
17756, 460284
17756, 460284
17756, 460284
17756, 460284
17756, 460284
17756, 460284
17756, 460284
17756, 460284
17756, 460284
17756, 460284
17756, 460284
17756, 460284
17756, 460284
17756, 460284
17756, 460284
17756, 460284
17756, 460284
17756, 460284
17756, 460284
17756, 460284
17756, 460284
17756, 460284
17756, 460284
17756, 460284
17756, 460284
17756, 460284
17756, 460284
17756, 460284
17756, 460284
17756, 460284
17756, 460284
17756, 460284
17756, 460284
17756, 460284
17756, 460284
17756, 460284
17756, 460284
17756, 460284
17756, 460284
17756, 460284
17756, 460284
17756, 460284
17756, 460284
17756, 460284
17756, 460284
17756, 460284
17756, 460284
17756, 460284
17756, 460284
17756, 460284
17756, 460284
17756, 460284
17756, 460284
17756, 460284
17756, 460284
17756, 460284
17756, 460284
17756, 460284
17756, 460284
17756, 460284
17756, 460284
17756, 460284
17756, 460284
17756, 460284
17756, 460284
17756, 460284
17756, 460284
17756, 460284
17756, 460284
17756, 460284
17756, 460284
17756, 460284
17756, 460284
17756, 460284
17756, 460284
17756, 460284
17756, 460284
17756, 460284
17756, 460284
17756, 460284
17756, 460284
17756, 460284
17756, 460284
17756, 460284
17756, 460284
17756, 460284
17756, 460284
17756, 460284
17756, 460284
17756, 460284
17756, 460284
17756, 460284
17756, 460284
17756, 460284
17756, 460284
17756, 460284
17756, 460284
17756, 460284
17756, 460284
17756, 460284
17756, 460284
17756, 460284
17756, 460284
17756, 460284
17756, 460284
17756, 460284
17756, 460284
17756, 460284
17756, 460284
17756, 460284
17756, 460284
17756, 460284
17756, 460284
17756, 460284
17756, 460284
17756, 460284
17756, 460284
17756, 460284
17756, 460284
17756, 460284
17756, 460284
17756, 460284
17756, 460284
17756, 460284
17756, 460284
17756, 460284
17756, 460284
17756, 460284
17756, 460284
17756, 460284
17756, 460284
17756, 460284
17756, 460284
17756, 460284
17756, 460284
17756, 460284
17756, 460284
17756, 460284
17756, 460284
17756, 460284
17756, 460284
17756, 460284
17756, 460284
17756, 460284
17756, 460284
17756, 460284
17756, 460284
17756, 460284
17756, 460284
17756, 460284
17756, 460284
17756, 460284
17756, 460284
17756, 460284
17756, 460284
17756, 460284
17756, 460284
17756, 460284
17756, 460284
17756, 460284
17756, 460284
17756, 460284
17756, 460284
17756, 460284
17756, 460284
17756, 460284
17756, 460284
17756, 460284
17756, 460284
17756, 460284
17756, 460284
17756, 460284
17756, 460284
17756, 460284
17756, 460284
17756, 460284
17756, 460284
17756, 460284
17756, 460284
17756, 460284
17756, 460284
17756, 460284
17756, 460284
17756, 460284
17756, 460284
17756, 460284
17756, 460284
17756, 460284
17756, 460284
17756, 460284
17756, 460284
17756, 460284
17756, 460284
17756, 460284
17756, 460284
17756, 460284
17756, 460284
17756, 460284
17756, 460284
17756, 460284
17756, 460284
17756, 460284
17756, 460284
17756, 460284
17756, 460284
17756, 460284
17756, 460284
17756, 460284
17756, 460284
17756, 460284
17756, 460284
17756, 460284
17756, 460284
17756, 460284
17756, 460284
17756, 460284
17756, 460284
17756, 460284
17756, 460284
17756, 460284
17756, 460284
17756, 460284
17756, 460284
17756, 460284
17756, 460284
17756, 460284
17756, 460284
17756, 460284
17756, 460284
17756, 460284
17756, 460284
17756, 460284
17756, 460284
17756, 460284
17756, 460284
17756, 460284
17756, 460284
17756, 460284
17756, 460284
17756, 460284
17756, 460284
17756, 460284
17756, 460284
17756, 460284
17756, 460284
17756, 460284
17756, 460284
17756, 460284
17756, 460284
17756, 460284
17756, 460284
17756, 460284
17756, 460284
17756, 460284
17756, 460284
17756, 460284
17756, 460284
17756, 460284
17756, 460284
17756, 460284
17756, 460284
17756, 460284
17756, 460284
17756, 460284
17756, 460284
17756, 460284
17756, 460284
17756, 460284
17756, 460284
17756, 460284
17756, 460284
17756, 460284
17756, 460284
17756, 460284
17756, 460284
17756, 460284
17756, 460284
17756, 460284
17756, 460284
17756, 460284
17756, 460284
17756, 460284
17756, 460284
17756, 460284
17756, 460284
17756, 460284
17756, 460284
17756, 460284
17756, 460284
17756, 460284
17756, 460284
17756, 460284
17756, 460284
17756, 460284
17756, 460284
17756, 460284
17756, 460284
17756, 460284
17756, 460284
17756, 460284
17756, 460284
17756, 460284
17756, 460284
17756, 460284
17756, 460284
17756, 460284
17756, 460284
17756, 460284
17756, 460284
17756, 460284
17756, 460284
17756, 460284
17756, 460284
17756, 460284
17756, 460284
17756, 460284
17756, 460284
17756, 460284
17756, 460284
17756, 460284
17756, 460284
17756, 460284
17756, 460284
17756, 460284
17756, 460284
17756, 460284
17756, 460284
17756, 460284
17756, 460284
17756, 460284
17756, 460284
17756, 460284
17756, 460284
17756, 460284
17756, 460284
17756, 460284
17756, 460284
17756, 460284
17756, 460284
17756, 460284
17756, 460284
17756, 460284
17756, 460284
17756, 460284
17756, 460284
17756, 460284
17756, 460284
17756, 460284
17756, 460284
17756, 460284
17756, 460284
17756, 460284
17756, 460284
17756, 460284
17756, 460284
17756, 460284
17756, 460284
17756, 460284
17756, 460284
17756, 460284
17756, 460284
17756, 460284
17756, 460284
17756, 460284
17756, 460284
17756, 460284
17756, 460284
17756, 460284
17756, 460284
17756, 460284
17756, 460284
17756, 460284
17756, 460284
17756, 460284
17756, 460284
17756, 460284
17756, 460284
17756, 460284
17756, 460284
17756, 460284
17756, 460284
17756, 460284
17756, 460284
17756, 460284
17756, 460284
17756, 460284
17756, 460284
17756, 460284
17756, 460284
17756, 460284
17756, 460284
17756, 460284
17756, 460284
17756, 460284
17756, 460284
17756, 460284
17756, 460284
17756, 460284
17756, 460284
17756, 460284
17756, 460284
17756, 460284
17756, 460284
17756, 460284
17756, 460284
17756, 460284
17756, 460284
17756, 460284
17756, 460284
17756, 460284
17756, 460284
17756, 460284
17756, 460284
17756, 460284
17756, 460284
17756, 460284
17756, 460284
17756, 460284
17756, 460284
17756, 460284
17756, 460284
17756, 460284
17756, 460284
17756, 460284
17756, 460284
17756, 460284
17756, 460284
17756, 460284
17756, 460284
17756, 460284
17756, 460284
17756, 460284
17756, 460284
17756, 460284
17756, 460284
17756, 460284
17756, 460284
17756, 460284
17756, 460284
17756, 460284
17756, 460284
17756, 460284
17756, 460284
17756, 460284
17756, 460284
17756, 460284
17756, 460284
17756, 460284
17756, 460284
17756, 460284
17756, 460284
17756, 460284
17756, 460284
17756, 460284
17756, 460284
17756, 460284
17756, 460284
17756, 460284
17756, 460284
17756, 460284
17756, 460284
17756, 460284
17756, 460284
17756, 460284
17756, 460284
17756, 460284
17756, 460284
17756, 460284
17756, 460284
17756, 460284
17756, 460284
17756, 460284
17756, 460284
17756, 460284
17756, 460284
17756, 460284
17756, 460284
17756, 460284
17756, 460284
17756, 460284
17756, 460284
17756, 460284
17756, 460284
17756, 460284
17756, 460284
17756, 460284
17756, 460284
17756, 460284
17756, 460284
17756, 460284
17756, 460284
17756, 460284
17756, 460284
17756, 460284
17756, 460284
17756, 460284
17756, 460284
17756, 460284
17756, 460284
17756, 460284
17756, 460284
17756, 460284
17756, 460284
17756, 460284
17756, 460284
17756, 460284
17756, 460284
17756, 460284
17756, 460284
17756, 460284
17756, 460284
17756, 460284
17756, 460284
17756, 460284
17756, 460284
17756, 460284
17756, 460284
17756, 460284
17756, 460284
17756, 460284
17756, 460284
17756, 460284
17756, 460284
17756, 460284
17756, 460284
17756, 460284
17756, 460284
17756, 460284
17756, 460284
17756, 460284
17756, 460284
17756, 460284
17756, 460284
17756, 460284
17756, 460284
17756, 460284
17756, 460284
17756, 460284
17756, 460284
17756, 460284
17756, 460284
17756, 460284
17756, 460284
17756, 460284
17756, 460284
17756, 460284
17756, 460284
17756, 460284
17756, 460284
17756, 460284
17756, 460284
17756, 460284
17756, 460284
17756, 460284
17756, 460284
17756, 460284
17756, 460284
17756, 460284
17756, 460284
17756, 460284
17756, 460284
17756, 460284
17756, 460284
17756, 460284
17756, 460284
17756, 460284
17756, 460284
17756, 460284
17756, 460284
17756, 460284
17756, 460284
17756, 460284
17756, 460284
17756, 460284
17756, 460284
17756, 460284
17756, 460284
17756, 460284
17756, 460284
17756, 460284
17756, 460284
17756, 460284
17756, 460284
17756, 460284
17756, 460284
17756, 460284
17756, 460284
17756, 460284
17756, 460284
17756, 460284
17756, 460284
17756, 460284
17756, 460284
17756, 460284
17756, 460284
17756, 460284
17756, 460284
17756, 460284
17756, 460284
17756, 460284
17756, 460284
17756, 460284
17756, 460284
17756, 460284
17756, 460284
17756, 460284
17756, 460284
17756, 460284
17756, 460284
17756, 460284
17756, 460284
17756, 460284
17756, 460284
17756, 460284
17756, 460284
17756, 460284
17756, 460284
17756, 460284
17756, 460284
17756, 460284
17756, 460284
17756, 460284
17756, 460284
17756, 460284
17756, 460284
17756, 460284
17756, 460284
17756, 460284
17756, 460284
17756, 460284
17756, 460284
17756, 460284
17756, 460284
17756, 460284
17756, 460284
17756, 460284
17756, 460284
17756, 460284
17756, 460284
17756, 460284
17756, 460284
17756, 460284
17756, 460284
17756, 460284
17756, 460284
17756, 460284
17756, 460284
17756, 460284
17756, 460284
17756, 460284
17756, 460284
17756, 460284
17756, 460284
17756, 460284
17756, 460284
17756, 460284
17756, 460284
17756, 460284
17756, 460284
17756, 460284
17756, 460284
17756, 460284
17756, 460284
17756, 460284
17756, 460284
17756, 460284
17756, 460284
17756, 460284
17756, 460284
17756, 460284
17756, 460284
17756, 460284
17756, 460284
17756, 460284
17756, 460284
17756, 460284
17756, 460284
17756, 460284
17756, 460284
17756, 460284
17756, 460284
17756, 460284
17756, 460284
17756, 460284
17756, 460284
17756, 460284
17756, 460284
17756, 460284
17756, 460284
17756, 460284
17756, 460284
17756, 460284
17756, 460284
17756, 460284
17756, 460284
17756, 460284
17756, 460284
17756, 460284
17756, 460284
17756, 460284
17756, 460284
17756, 460284
17756, 460284
17756, 460284
17756, 460284
17756, 460284
17756, 460284
17756, 460284
17756, 460284
17756, 460284
17756, 460284
17756, 460284
17756, 460284
17756, 460284
17756, 460284
17756, 460284
17756, 460284
17756, 460284
17756, 460284
17756, 460284
17756, 460284
17756, 460284
17756, 460284
17756, 460284
17756, 460284
17756, 460284
17756, 460284
17756, 460284
17756, 460284
17756, 460284
17756, 460284
17756, 460284
17756, 460284
17756, 460284
17756, 460284
17756, 460284
17756, 460284
17756, 460284
17756, 460284
17756, 460284
17756, 460284
17756, 460284
17756, 460284
17756, 460284
17756, 460284
17756, 460284
17756, 460284
17756, 460284
17756, 460284
17756, 460284
17756, 460284
17756, 460284
17756, 460284
17756, 460284
17756, 460284
17756, 460284
17756, 460284
17756, 460284
17756, 460284
17756, 460284
17756, 460284
17756, 460284
17756, 460284
17756, 460284
17756, 460284
17756, 460284
17756, 460284
17756, 460284
17756, 460284
17756, 460284
17756, 460284
17756, 460284
17756, 460284
17756, 460284
17756, 460284
17756, 460284
17756, 460284
17756, 460284
17756, 460284
17756, 460284
17756, 460284
17756, 460284
17756, 460284
17756, 460284
17756, 460284
17756, 460284
17756, 460284
17756, 460284
17756, 460284
17756, 460284
17756, 460284
17756, 460284
17756, 460284
17756, 460284
17756, 460284
17756, 460284
17756, 460284
17756, 460284
17756, 460284
17756, 460284
17756, 460284
17756, 460284
17756, 460284
17756, 460284
17756, 460284
17756, 460284
17756, 460284
17756, 460284
17756, 460284
17756, 460284
17756, 460284
17756, 460284
17756, 460284
17756, 460284
17756, 460284
17756, 460284
17756, 460284
17756, 460284
17756, 460284
17756, 460284
17756, 460284
17756, 460284
17756, 460284
17756, 460284
17756, 460284
17756, 460284
17756, 460284
17756, 460284
17756, 460284
17756, 460284
17756, 460284
17756, 460284
17756, 460284
17756, 460284
17756, 460284
17756, 460284
17756, 460284
17756, 460284
17756, 460284
17756, 460284
17756, 460284
17756, 460284
17756, 460284
17756, 460284
17756, 460284
17756, 460284
17756, 460284
17756, 460284
17756, 460284
17756, 460284
17756, 460284
17756, 460284
17756, 460284
17756, 460284
17756, 460284
17756, 460284
17756, 460284
17756, 460284
17756, 460284
17756, 460284
17756, 460284
17756, 460284
17756, 460284
17756, 460284
17756, 460284
17756, 460284
17756, 460284
17756, 460284
17756, 460284
17756, 460284
17756, 460284
17756, 460284
17756, 460284
17756, 460284
17756, 460284
17756, 460284
17756, 460284
17756, 460284
17756, 460284
17756, 460284
17756, 460284
17756, 460284
17756, 460284
17756, 460284
17756, 460284
17756, 460284
17756, 460284
17756, 460284
17756, 460284
17756, 460284
17756, 460284
17756, 460284
17756, 460284
17756, 460284
17756, 460284
17756, 460284
17756, 460284
17756, 460284
17756, 460284
17756, 460284
17756, 460284
17756, 460284
17756, 460284
17756, 460284
17756, 460284
17756, 460284
17756, 460284
17756, 460284
17756, 460284
17756, 460284
17756, 460284
17756, 460284
17756, 460284
17756, 460284
17756, 460284
17756, 460284
17756, 460284
17756, 460284
17756, 460284
17756, 460284
17756, 460284
17756, 460284
17756, 460284
17756, 460284
17756, 460284
17756, 460284
17756, 460284
17756, 460284
17756, 460284
17756, 460284
17756, 460284
17756, 460284
17756, 460284
17756, 460284
17756, 460284
17756, 460284
17756, 460284
17756, 460284
17756, 460284
17756, 460284
17756, 460284
17756, 460284
17756, 460284
17756, 460284
17756, 460284
17756, 460284
17756, 460284
17756, 460284
17756, 460284
17756, 460284
17756, 460284
17756, 460284
17756, 460284
17756, 460284
17756, 460284
17756, 460284
17756, 460284
17756, 460284
17756, 460284
17756, 460284
17756, 460284
17756, 460284
17756, 460284
17756, 460284
17756, 460284
17756, 460284
17756, 460284
17756, 460284
17756, 460284
17756, 460284
17756, 460284
17756, 460284
17756, 460284
17756, 460284
17756, 460284
17756, 460284
17756, 460284
17756, 460284
17756, 460284
17756, 460284
17756, 460284
17756, 460284
17756, 460284
17756, 460284
17756, 460284
17756, 460284
17756, 460284
17756, 460284
17756, 460284
17756, 460284
17756, 460284
17756, 460284
17756, 460284
17756, 460284
17756, 460284
17756, 460284
17756, 460284
17756, 460284
17756, 460284
17756, 460284
17756, 460284
17756, 460284
17756, 460284
17756, 460284
17756, 460284
17756, 460284
17756, 460284
17756, 460284
17756, 460284
17756, 460284
17756, 460284
17756, 460284
17756, 460284
17756, 460284
17756, 460284
17756, 460284
17756, 460284
17756, 460284
17756, 460284
17756, 460284
17756, 460284
17756, 460284
17756, 460284
17756, 460284
17756, 460284
17756, 460284
17756, 460284
17756, 460284
17756, 460284
17756, 460284
17756, 460284
17756, 460284
17756, 460284
17756, 460284
17756, 460284
17756, 460284
17756, 460284
17756, 460284
17756, 460284
17756, 460284
17756, 460284
17756, 460284
17756, 460284
17756, 460284
17756, 460284
17756, 460284
17756, 460284
17756, 460284
17756, 460284
17756, 460284
17756, 460284
17756, 460284
17756, 460284
17756, 460284
17756, 460284
17756, 460284
17756, 460284
17756, 460284
17756, 460284
17756, 460284
17756, 460284
17756, 460284
17756, 460284
17756, 460284
17756, 460284
17756, 460284
17756, 460284
17756, 460284
17756, 460284
17756, 460284
17756, 460284
17756, 460284
17756, 460284
17756, 460284
17756, 460284
17756, 460284
17756, 460284
17756, 460284
17756, 460284
17756, 460284
17756, 460284
17756, 460284
17756, 460284
17756, 460284
17756, 460284
17756, 460284
17756, 460284
17756, 460284
17756, 460284
17756, 460284
17756, 460284
17756, 460284
17756, 460284
17756, 460284
17756, 460284
17756, 460284
17756, 460284
17756, 460284
17756, 460284
17756, 460284
17756, 460284
17756, 460284
17756, 460284
17756, 460284
17756, 460284
17756, 460284
17756, 460284
17756, 460284
17756, 460284
17756, 460284
17756, 460284
17756, 460284
17756, 460284
17756, 460284
17756, 460284
17756, 460284
17756, 460284
17756, 460284
17756, 460284
17756, 460284
17756, 460284
17756, 460284
17756, 460284
17756, 460284
17756, 460284
17756, 460284
17756, 460284
17756, 460284
17756, 460284
17756, 460284
17756, 460284
17756, 460284
17756, 460284
17756, 460284
17756, 460284
17756, 460284
17756, 460284
17756, 460284
17756, 460284
17756, 460284
17756, 460284
17756, 460284
17756, 460284
17756, 460284
17756, 460284
17756, 460284
17756, 460284
17756, 460284
17756, 460284
17756, 460284
17756, 460284
17756, 460284
17756, 460284
17756, 460284
17756, 460284
17756, 460284
17756, 460284
17756, 460284
17756, 460284
17756, 460284
17756, 460284
17756, 460284
17756, 460284
17756, 460284
17756, 460284
17756, 460284
17756, 460284
17756, 460284
17756, 460284
17756, 460284
17756, 460284
17756, 460284
17756, 460284
17756, 460284
17756, 460284
17756, 460284
17756, 460284
17756, 460284
17756, 460284
17756, 460284
17756, 460284
17756, 460284
17756, 460284
17756, 460284
17756, 460284
17756, 460284
17756, 460284
17756, 460284
17756, 460284
17756, 460284
17756, 460284
17756, 460284
17756, 460284
17756, 460284
17756, 460284
17756, 460284
17756, 460284
17756, 460284
17756, 460284
17756, 460284
17756, 460284
17756, 460284
17756, 460284
17756, 460284
17756, 460284
17756, 460284
17756, 460284
17756, 460284
17756, 460284
17756, 460284
17756, 460284
17756, 460284
17756, 460284
17756, 460284
17756, 460284
17756, 460284
17756, 460284
17756, 460284
17756, 460284
17756, 460284
17756, 460284
17756, 460284
17756, 460284
17756, 460284
17756, 460284
17756, 460284
17756, 460284
17756, 460284
17756, 460284
17756, 460284
17756, 460284
17756, 460284
17756, 460284
17756, 460284
17756, 460284
17756, 460284
17756, 460284
17756, 460284
17756, 460284
17756, 460284
17756, 460284
17756, 460284
17756, 460284
17756, 460284
17756, 460284
17756, 460284
17756, 460284
17756, 460284
17756, 460284
17756, 460284
17756, 460284
17756, 460284
17756, 460284
17756, 460284
17756, 460284
17756, 460284
17756, 460284
17756, 460284
17756, 460284
17756, 460284
17756, 460284
17756, 460284
17756, 460284
17756, 460284
17756, 460284
17756, 460284
17756, 460284
17756, 460284
17756, 460284
17756, 460284
17756, 460284
17756, 460284
17756, 460284
17756, 460284
17756, 460284
17756, 460284
17756, 460284
17756, 460284
17756, 460284
17756, 460284
17756, 460284
17756, 460284
17756, 460284
17756, 460284
17756, 460284
17756, 460284
17756, 460284
17756, 460284
17756, 460284
17756, 460284
17756, 460284
17756, 460284
17756, 460284
17756, 460284
17756, 460284
17756, 460284
17756, 460284
17756, 460284
17756, 460284
17756, 460284
17756, 460284
17756, 460284
17756, 460284
17756, 460284
17756, 460284
17756, 460284
17756, 460284
17756, 460284
17756, 460284
17756, 460284
17756, 460284
17756, 460284
17756, 460284
17756, 460284
17756, 460284
17756, 460284
17756, 460284
17756, 460284
17756, 460284
17756, 460284
17756, 460284
17756, 460284
17756, 460284
17756, 460284
17756, 460284
17756, 460284
17756, 460284
17756, 460284
17756, 460284
17756, 460284
17756, 460284
17756, 460284
17756, 460284
17756, 460284
17756, 460284
17756, 460284
17756, 460284
17756, 460284
17756, 460284
17756, 460284
17756, 460284
17756, 460284
17756, 460284
17756, 460284
17756, 460284
17756, 460284
17756, 460284
17756, 460284
17756, 460284
17756, 460284
17756, 460284
17756, 460284
17756, 460284
17756, 460284
17756, 460284
17756, 460284
17756, 460284
17756, 460284
17756, 460284
17756, 460284
17756, 460284
17756, 460284
17756, 460284
17756, 460284
17756, 460284
17756, 460284
17756, 460284
17756, 460284
17756, 460284
17756, 460284
17756, 460284
17756, 460284
17756, 460284
17756, 460284
17756, 460284
17756, 460284
17756, 460284
17756, 460284
17756, 460284
17756, 460284
17756, 460284
17756, 460284
17756, 460284
17756, 460284
17756, 460284
17756, 460284
17756, 460284
17756, 460284
17756, 460284
17756, 460284
17756, 460284
17756, 460284
17756, 460284
17756, 460284
17756, 460284
17756, 460284
17756, 460284
17756, 460284
17756, 460284
17756, 460284
17756, 460284
17756, 460284
17756, 460284
17756, 460284
17756, 460284
17756, 460284
17756, 460284
17756, 460284
17756, 460284
17756, 460284
17756, 460284
17756, 460284
17756, 460284
17756, 460284
17756, 460284
17756, 460284
17756, 460284
17756, 460284
17756, 460284
17756, 460284
17756, 460284
17756, 460284
17756, 460284
17756, 460284
17756, 460284
17756, 460284
17756, 460284
17756, 460284
17756, 460284
17756, 460284
17756, 460284
17756, 460284
17756, 460284
17756, 460284
17756, 460284
17756, 460284
17756, 460284
17756, 460284
17756, 460284
17756, 460284
17756, 460284
17756, 460284
17756, 460284
17756, 460284
17756, 460284
17756, 460284
17756, 460284
17756, 460284
17756, 460284
17756, 460284
17756, 460284
17756, 460284
17756, 460284
17756, 460284
17756, 460284
17756, 460284
17756, 460284
17756, 460284
17756, 460284
17756, 460284
17756, 460284
17756, 460284
17756, 460284
17756, 460284
17756, 460284
17756, 460284
17756, 460284
17756, 460284
17756, 460284
17756, 460284
17756, 460284
17756, 460284
17756, 460284
17756, 460284
17756, 460284
17756, 460284
17756, 460284
17756, 460284
17756, 460284
17756, 460284
17756, 460284
17756, 460284
17756, 460284
17756, 460284
17756, 460284
17756, 460284
17756, 460284
17756, 460284
17756, 460284
17756, 460284
17756, 460284
17756, 460284
17756, 460284
17756, 460284
17756, 460284
17756, 460284
17756, 460284
17756, 460284
17756, 460284
17756, 460284
17756, 460284
17756, 460284
17756, 460284
17756, 460284
17756, 460284
17756, 460284
17756, 460284
17756, 460284
17756, 460284
17756, 460284
17756, 460284
17756, 460284
17756, 460284
17756, 460284
17756, 460284
17756, 460284
17756, 460284
17756, 460284
17756, 460284
17756, 460284
17756, 460284
17756, 460284
17756, 460284
17756, 460284
17756, 460284
17756, 460284
17756, 460284
17756, 460284
17756, 460284
17756, 460284
17756, 460284
17756, 460284
17756, 460284
17756, 460284
17756, 460284
17756, 460284
17756, 460284
17756, 460284
17756, 460284
17756, 460284
17756, 460284
17756, 460284
17756, 460284
17756, 460284
17756, 460284
17756, 460284
17756, 460284
17756, 460284
17756, 460284
17756, 460284
17756, 460284
17756, 460284
17756, 460284
17756, 460284
17756, 460284
17756, 460284
17756, 460284
17756, 460284
17756, 460284
17756, 460284
17756, 460284
17756, 460284
17756, 460284
17756, 460284
17756, 460284
17756, 460284
17756, 460284
17756, 460284
17756, 460284
17756, 460284
17756, 460284
17756, 460284
17756, 460284
17756, 460284
17756, 460284
17756, 460284
17756, 460284
17756, 460284
17756, 460284
17756, 460284
17756, 460284
17756, 460284
17756, 460284
17756, 460284
17756, 460284
17756, 460284
17756, 460284
17756, 460284
17756, 460284
17756, 460284
17756, 460284
17756, 460284
17756, 460284
17756, 460284
17756, 460284
17756, 460284
17756, 460284
17756, 460284
17756, 460284
17756, 460284
17756, 460284
17756, 460284
17756, 460284
17756, 460284
17756, 460284
17756, 460284
17756, 460284
17756, 460284
17756, 460284
17756, 460284
17756, 460284
17756, 460284
17756, 460284
17756, 460284
17756, 460284
17756, 460284
17756, 460284
17756, 460284
17756, 460284
17756, 460284
17756, 460284
17756, 460284
17756, 460284
17756, 460284
17756, 460284
17756, 460284
17756, 460284
17756, 460284
17756, 460284
17756, 460284
17756, 460284
17756, 460284
17756, 460284
17756, 460284
17756, 460284
17756, 460284
17756, 460284
17756, 460284
17756, 460284
17756, 460284
17756, 460284
17756, 460284
17756, 460284
17756, 460284
17756, 460284
17756, 460284
17756, 460284
17756, 460284
17756, 460284
17756, 460284
17756, 460284
17756, 460284
17756, 460284
17756, 460284
17756, 460284
17756, 460284
17756, 460284
17756, 460284
17756, 460284
17756, 460284
17756, 460284
17756, 460284
17756, 460284
17756, 460284
17756, 460284
17756, 460284
17756, 460284
17756, 460284
17756, 460284
17756, 460284
17756, 460284
17756, 460284
17756, 460284
17756, 460284
17756, 460284
17756, 460284
17756, 460284
17756, 460284
17756, 460284
17756, 460284
17756, 460284
17756, 460284
17756, 460284
17756, 460284
17756, 460284
17756, 460284
17756, 460284
17756, 460284
17756, 460284
17756, 460284
17756, 460284
17756, 460284
17756, 460284
17756, 460284
17756, 460284
17756, 460284
17756, 460284
17756, 460284
17756, 460284
17756, 460284
17756, 460284
17756, 460284
17756, 460284
17756, 460284
17756, 460284
17756, 460284
17756, 460284
17756, 460284
17756, 460284
17756, 460284
17756, 460284
17756, 460284
17756, 460284
17756, 460284
17756, 460284
17756, 460284
17756, 460284
17756, 460284
17756, 460284
17756, 460284
17756, 460284
17756, 460284
17756, 460284
17756, 460284
17756, 460284
17756, 460284
17756, 460284
17756, 460284
17756, 460284
17756, 460284
17756, 460284
17756, 460284
17756, 460284
17756, 460284
17756, 460284
17756, 460284
17756, 460284
17756, 460284
17756, 460284
17756, 460284
17756, 460284
17756, 460284
17756, 460284
17756, 460284
17756, 460284
17756, 460284
17756, 460284
17756, 460284
17756, 460284
17756, 460284
17756, 460284
17756, 460284
17756, 460284
17756, 460284
17756, 460284
17756, 460284
17756, 460284
17756, 460284
17756, 460284
17756, 460284
17756, 460284
17756, 460284
17756, 460284
17756, 460284
17756, 460284
17756, 460284
17756, 460284
17756, 460284
17756, 460284
17756, 460284
17756, 460284
17756, 460284
17756, 460284
17756, 460284
17756, 460284
17756, 460284
17756, 460284
17756, 460284
17756, 460284
17756, 460284
17756, 460284
17756, 460284
17756, 460284
17756, 460284
17756, 460284
17756, 460284
17756, 460284
17756, 460284
17756, 460284
17756, 460284
17756, 460284
17756, 460284
17756, 460284
17756, 460284
17756, 460284
17756, 460284
17756, 460284
17756, 460284
17756, 460284
17756, 460284
17756, 460284
17756, 460284
17756, 460284
17756, 460284
17756, 460284
17756, 460284
17756, 460284
17756, 460284
17756, 460284
17756, 460284
17756, 460284
17756, 460284
17756, 460284
17756, 460284
17756, 460284
17756, 460284
17756, 460284
17756, 460284
17756, 460284
17756, 460284
17756, 460284
17756, 460284
17756, 460284
17756, 460284
17756, 460284
17756, 460284
17756, 460284
17756, 460284
17756, 460284
17756, 460284
17756, 460284
17756, 460284
17756, 460284
17756, 460284
17756, 460284
17756, 460284
17756, 460284
17756, 460284
17756, 460284
17756, 460284
17756, 460284
17756, 460284
17756, 460284
17756, 460284
17756, 460284
17756, 460284
17756, 460284
17756, 460284
17756, 460284
17756, 460284
17756, 460284
17756, 460284
17756, 460284
17756, 460284
17756, 460284
17756, 460284
17756, 460284
17756, 460284
17756, 460284
17756, 460284
17756, 460284
17756, 460284
17756, 460284
17756, 460284
17756, 460284
17756, 460284
17756, 460284
17756, 460284
17756, 460284
17756, 460284
17756, 460284
17756, 460284
17756, 460284
17756, 460284
17756, 460284
17756, 460284
17756, 460284
17756, 460284
17756, 460284
17756, 460284
17756, 460284
17756, 460284
17756, 460284
17756, 460284
17756, 460284
17756, 460284
17756, 460284
17756, 460284
17756, 460284
17756, 460284
17756, 460284
17756, 460284
17756, 460284
17756, 460284
17756, 460284
17756, 460284
17756, 460284
17756, 460284
17756, 460284
17756, 460284
17756, 460284
17756, 460284
17756, 460284
17756, 460284
17756, 460284
17756, 460284
17756, 460284
17756, 460284
17756, 460284
17756, 460284
17756, 460284
17756, 460284
17756, 460284
17756, 460284
17756, 460284
17756, 460284
17756, 460284
17756, 460284
17756, 460284
17756, 460284
17756, 460284
17756, 460284
17756, 460284
17756, 460284
17756, 460284
17756, 460284
17756, 460284
17756, 460284
17756, 460284
17756, 460284
17756, 460284
17756, 460284
17756, 460284
17756, 460284
17756, 460284
17756, 460284
17756, 460284
17756, 460284
17756, 460284
17756, 460284
17756, 460284
17756, 460284
17756, 460284
17756, 460284
17756, 460284
17756, 460284
17756, 460284
17756, 460284
17756, 460284
17756, 460284
17756, 460284
17756, 460284
17756, 460284
17756, 460284
17756, 460284
17756, 460284
17756, 460284
17756, 460284
17756, 460284
17756, 460284
17756, 460284
17756, 460284
17756, 460284
17756, 460284
17756, 460284
17756, 460284
17756, 460284
17756, 460284
17756, 460284
17756, 460284
17756, 460284
17756, 460284
17756, 460284
17756, 460284
17756, 460284
17756, 460284
17756, 460284
17756, 460284
17756, 460284
17756, 460284
17756, 460284
17756, 460284
17756, 460284
17756, 460284
17756, 460284
17756, 460284
17756, 460284
17756, 460284
17756, 460284
17756, 460284
17756, 460284
17756, 460284
17756, 460284
17756, 460284
17756, 460284
17756, 460284
17756, 460284
17756, 460284
17756, 460284
17756, 460284
17756, 460284
17756, 460284
17756, 460284
17756, 460284
17756, 460284
17756, 460284
17756, 460284
17756, 460284
17756, 460284
17756, 460284
17756, 460284
17756, 460284
17756, 460284
17756, 460284
17756, 460284
17756, 460284
17756, 460284
17756, 460284
17756, 460284
17756, 460284
17756, 460284
17756, 460284
17756, 460284
17756, 460284
17756, 460284
17756, 460284
17756, 460284
17756, 460284
17756, 460284
17756, 460284
17756, 460284
17756, 460284
17756, 460284
17756, 460284
17756, 460284
17756, 460284
17756, 460284
17756, 460284
17756, 460284
17756, 460284
17756, 460284
17756, 460284
17756, 460284
17756, 460284
17756, 460284
17756, 460284
17756, 460284
17756, 460284
17756, 460284
17756, 460284
17756, 460284
17756, 460284
17756, 460284
17756, 460284
17756, 460284
17756, 460284
17756, 460284
17756, 460284
17756, 460284
17756, 460284
17756, 460284
17756, 460284
17756, 460284
17756, 460284
17756, 460284
17756, 460284
17756, 460284
17756, 460284
17756, 460284
17756, 460284
17756, 460284
17756, 460284
17756, 460284
17756, 460284
17756, 460284
17756, 460284
17756, 460284
17756, 460284
17756, 460284
17756, 460284
17756, 460284
17756, 460284
17756, 460284
17756, 460284
17756, 460284
17756, 460284
17756, 460284
17756, 460284
17756, 460284
17756, 460284
17756, 460284
17756, 460284
17756, 460284
17756, 460284
17756, 460284
17756, 460284
17756, 460284
17756, 460284
17756, 460284
17756, 460284
17756, 460284
17756, 460284
17756, 460284
17756, 460284
17756, 460284
17756, 460284
17756, 460284
17756, 460284
17756, 460284
17756, 460284
17756, 460284
17756, 460284
17756, 460284
17756, 460284
17756, 460284
17756, 460284
17756, 460284
17756, 460284
17756, 460284
17756, 460284
17756, 460284
17756, 460284
17756, 460284
17756, 460284
17756, 460284
17756, 460284
17756, 460284
17756, 460284
17756, 460284
17756, 460284
17756, 460284
17756, 460284
17756, 460284
17756, 460284
17756, 460284
17756, 460284
17756, 460284
17756, 460284
17756, 460284
17756, 460284
17756, 460284
17756, 460284
17756, 460284
17756, 460284
17756, 460284
17756, 460284
17756, 460284
17756, 460284
17756, 460284
17756, 460284
17756, 460284
17756, 460284
17756, 460284
17756, 460284
17756, 460284
17756, 460284
17756, 460284
17756, 460284
17756, 460284
17756, 460284
17756, 460284
17756, 460284
17756, 460284
17756, 460284
17756, 460284
17756, 460284
17756, 460284
17756, 460284
17756, 460284
17756, 460284
17756, 460284
17756, 460284
17756, 460284
17756, 460284
17756, 460284
17756, 460284
17756, 460284
17756, 460284
17756, 460284
17756, 460284
17756, 460284
17756, 460284
17756, 460284
17756, 460284
17756, 460284
17756, 460284
17756, 460284
17756, 460284
17756, 460284
17756, 460284
17756, 460284
17756, 460284
17756, 460284
17756, 460284
17756, 460284
17756, 460284
17756, 460284
17756, 460284
17756, 460284
17756, 460284
17756, 460284
17756, 460284
17756, 460284
17756, 460284
17756, 460284
17756, 460284
17756, 460284
17756, 460284
17756, 460284
17756, 460284
17756, 460284
17756, 460284
17756, 460284
17756, 460284
17756, 460284
17756, 460284
17756, 460284
17756, 460284
17756, 460284
17756, 460284
17756, 460284
17756, 460284
17756, 460284
17756, 460284
17756, 460284
17756, 460284
17756, 460284
17756, 460284
17756, 460284
17756, 460284
17756, 460284
17756, 460284
17756, 460284
17756, 460284
17756, 460284
17756, 460284
17756, 460284
17756, 460284
17756, 460284
17756, 460284
17756, 460284
17756, 460284
17756, 460284
17756, 460284
17756, 460284
17756, 460284
17756, 460284
17756, 460284
17756, 460284
17756, 460284
17756, 460284
17756, 460284
17756, 460284
17756, 460284
17756, 460284
17756, 460284
17756, 460284
17756, 460284
17756, 460284
17756, 460284
17756, 460284
17756, 460284
17756, 460284
17756, 460284
17756, 460284
17756, 460284
17756, 460284
17756, 460284
17756, 460284
17756, 460284
17756, 460284
17756, 460284
17756, 460284
17756, 460284
17756, 460284
17756, 460284
17756, 460284
17756, 460284
17756, 460284
17756, 460284
17756, 460284
17756, 460284
17756, 460284
17756, 460284
17756, 460284
17756, 460284
17756, 460284
17756, 460284
17756, 460284
17756, 460284
17756, 460284
17756, 460284
17756, 460284
17756, 460284
17756, 460284
17756, 460284
17756, 460284
17756, 460284
17756, 460284
17756, 460284
17756, 460284
17756, 460284
17756, 460284
17756, 460284
17756, 460284
17756, 460284
17756, 460284
17756, 460284
17756, 460284
17756, 460284
17756, 460284
17756, 460284
17756, 460284
17756, 460284
17756, 460284
17756, 460284
17756, 460284
17756, 460284
17756, 460284
17756, 460284
17756, 460284
17756, 460284
17756, 460284
17756, 460284
17756, 460284
17756, 460284
17756, 460284
17756, 460284
17756, 460284
17756, 460284
17756, 460284
17756, 460284
17756, 460284
17756, 460284
17756, 460284
17756, 460284
17756, 460284
17756, 460284
17756, 460284
17756, 460284
17756, 460284
17756, 460284
17756, 460284
17756, 460284
17756, 460284
17756, 460284
17756, 460284
17756, 460284
17756, 460284
17756, 460284
17756, 460284
17756, 460284
17756, 460284
17756, 460284
17756, 460284
17756, 460284
17756, 460284
17756, 460284
17756, 460284
17756, 460284
17756, 460284
17756, 460284
17756, 460284
17756, 460284
17756, 460284
17756, 460284
17756, 460284
17756, 460284
17756, 460284
17756, 460284
17756, 460284
17756, 460284
17756, 460284
17756, 460284
17756, 460284
17756, 460284
17756, 460284
17756, 460284
17756, 460284
17756, 460284
17756, 460284
17756, 460284
17756, 460284
17756, 460284
17756, 460284
17756, 460284
17756, 460284
17756, 460284
17756, 460284
17756, 460284
17756, 460284
17756, 460284
17756, 460284
17756, 460284
17756, 460284
17756, 460284
17756, 460284
17756, 460284
17756, 460284
17756, 460284
17756, 460284
17756, 460284
17756, 460284
17756, 460284
17756, 460284
17756, 460284
17756, 460284
17756, 460284
17756, 460284
17756, 460284
17756, 460284
17756, 460284
17756, 460284
17756, 460284
17756, 460284
17756, 460284
17756, 460284
17756, 460284
17756, 460284
17756, 460284
17756, 460284
17756, 460284
17756, 460284
17756, 460284
17756, 460284
17756, 460284
17756, 460284
17756, 460284
17756, 460284
17756, 460284
17756, 460284
17756, 460284
17756, 460284
17756, 460284
17756, 460284
17756, 460284
17756, 460284
17756, 460284
17756, 460284
17756, 460284
17756, 460284
17756, 460284
17756, 460284
17756, 460284
17756, 460284
17756, 460284
17756, 460284
17756, 460284
17756, 460284
17756, 460284
17756, 460284
17756, 460284
17756, 460284
17756, 460284
17756, 460284
17756, 460284
17756, 460284
17756, 460284
17756, 460284
17756, 460284
17756, 460284
17756, 460284
17756, 460284
17756, 460284
17756, 460284
17756, 460284
17756, 460284
17756, 460284
17756, 460284
17756, 460284
17756, 460284
17756, 460284
17756, 460284
17756, 460284
17756, 460284
17756, 460284
17756, 460284
17756, 460284
17756, 460284
17756, 460284
17756, 460284
17756, 460284
17756, 460284
17756, 460284
17756, 460284
17756, 460284
17756, 460284
17756, 460284
17756, 460284
17756, 460284
17756, 460284
17756, 460284
17756, 460284
17756, 460284
17756, 460284
17756, 460284
17756, 460284
17756, 460284
17756, 460284
17756, 460284
17756, 460284
17756, 460284
17756, 460284
17756, 460284
17756, 460284
17756, 460284
17756, 460284
17756, 460284
17756, 460284
17756, 460284
17756, 460284
17756, 460284
17756, 460284
17756, 460284
17756, 460284
17756, 460284
17756, 460284
17756, 460284
17756, 460284
17756, 460284
17756, 460284
17756, 460284
17756, 460284
17756, 460284
17756, 460284
17756, 460284
17756, 460284
17756, 460284
17756, 460284
17756, 460284
17756, 460284
17756, 460284
17756, 460284
17756, 460284
17756, 460284
17756, 460284
17756, 460284
17756, 460284
17756, 460284
17756, 460284
17756, 460284
17756, 460284
17756, 460284
17756, 460284
17756, 460284
17756, 460284
17756, 460284
17756, 460284
17756, 460284
17756, 460284
17756, 460284
17756, 460284
17756, 460284
17756, 460284
17756, 460284
17756, 460284
17756, 460284
17756, 460284
17756, 460284
17756, 460284
17756, 460284
17756, 460284
17756, 460284
17756, 460284
17756, 460284
17756, 460284
17756, 460284
17756, 460284
17756, 460284
17756, 460284
17756, 460284
17756, 460284
17756, 460284
17756, 460284
17756, 460284
17756, 460284
17756, 460284
17756, 460284
17756, 460284
17756, 460284
17756, 460284
17756, 460284
17756, 460284
17756, 460284
17756, 460284
17756, 460284
17756, 460284
17756, 460284
17756, 460284
17756, 460284
17756, 460284
17756, 460284
17756, 460284
17756, 460284
17756, 460284
17756, 460284
17756, 460284
17756, 460284
17756, 460284
17756, 460284
17756, 460284
17756, 460284
17756, 460284
17756, 460284
17756, 460284
17756, 460284
17756, 460284
17756, 460284
17756, 460284
17756, 460284
17756, 460284
17756, 460284
17756, 460284
17756, 460284
17756, 460284
17756, 460284
17756, 460284
17756, 460284
17756, 460284
17756, 460284
17756, 460284
17756, 460284
17756, 460284
17756, 460284
17756, 460284
17756, 460284
17756, 460284
17756, 460284
17756, 460284
17756, 460284
17756, 460284
17756, 460284
17756, 460284
17756, 460284
17756, 460284
17756, 460284
17756, 460284
17756, 460284
17756, 460284
17756, 460284
17756, 460284
17756, 460284
17756, 460284
17756, 460284
17756, 460284
17756, 460284
17756, 460284
17756, 460284
17756, 460284
17756, 460284
17756, 460284
17756, 460284
17756, 460284
17756, 460284
17756, 460284
17756, 460284
17756, 460284
17756, 460284
17756, 460284
17756, 460284
17756, 460284
17756, 460284
17756, 460284
17756, 460284
17756, 460284
17756, 460284
17756, 460284
17756, 460284
17756, 460284
17756, 460284
17756, 460284
17756, 460284
17756, 460284
17756, 460284
17756, 460284
17756, 460284
17756, 460284
17756, 460284
17756, 460284
17756, 460284
17756, 460284
17756, 460284
17756, 460284
17756, 460284
17756, 460284
17756, 460284
17756, 460284
17756, 460284
17756, 460284
17756, 460284
17756, 460284
17756, 460284
17756, 460284
17756, 460284
17756, 460284
17756, 460284
17756, 460284
17756, 460284
17756, 460284
17756, 460284
17756, 460284
17756, 460284
17756, 460284
17756, 460284
17756, 460284
17756, 460284
17756, 460284
17756, 460284
17756, 460284
17756, 460284
17756, 460284
17756, 460284
17756, 460284
17756, 460284
17756, 460284
17756, 460284
17756, 460284
17756, 460284
17756, 460284
17756, 460284
17756, 460284
17756, 460284
17756, 460284
17756, 460284
17756, 460284
17756, 460284
17756, 460284
17756, 460284
17756, 460284
17756, 460284
17756, 460284
17756, 460284
17756, 460284
17756, 460284
17756, 460284
17756, 460284
17756, 460284
17756, 460284
17756, 460284
17756, 460284
17756, 460284
17756, 460284
17756, 460284
17756, 460284
17756, 460284
17756, 460284
17756, 460284
17756, 460284
17756, 460284
17756, 460284
17756, 460284
17756, 460284
17756, 460284
17756, 460284
17756, 460284
17756, 460284
17756, 460284
17756, 460284
17756, 460284
17756, 460284
17756, 460284
17756, 460284
17756, 460284
17756, 460284
17756, 460284
17756, 460284
17756, 460284
17756, 460284
17756, 460284
17756, 460284
17756, 460284
17756, 460284
17756, 460284
17756, 460284
17756, 460284
17756, 460284
17756, 460284
17756, 460284
17756, 460284
17756, 460284
17756, 460284
17756, 460284
17756, 460284
17756, 460284
17756, 460284
17756, 460284
17756, 460284
17756, 460284
17756, 460284
17756, 460284
17756, 460284
17756, 460284
17756, 460284
17756, 460284
17756, 460284
17756, 460284
17756, 460284
17756, 460284
17756, 460284
17756, 460284
17756, 460284
17756, 460284
17756, 460284
17756, 460284
17756, 460284
17756, 460284
17756, 460284
17756, 460284
17756, 460284
17756, 460284
17756, 460284
17756, 460284
17756, 460284
17756, 460284
17756, 460284
17756, 460284
17756, 460284
17756, 460284
17756, 460284
17756, 460284
17756, 460284
17756, 460284
17756, 460284
17756, 460284
17756, 460284
17756, 460284
17756, 460284
17756, 460284
17756, 460284
17756, 460284
17756, 460284
17756, 460284
17756, 460284
17756, 460284
17756, 460284
17756, 460284
17756, 460284
17756, 460284
17756, 460284
17756, 460284
17756, 460284
17756, 460284
17756, 460284
17756, 460284
17756, 460284
17756, 460284
17756, 460284
17756, 460284
17756, 460284
17756, 460284
17756, 460284
17756, 460284
17756, 460284
17756, 460284
17756, 460284
17756, 460284
17756, 460284
17756, 460284
17756, 460284
17756, 460284
17756, 460284
17756, 460284
17756, 460284
17756, 460284
17756, 460284
17756, 460284
17756, 460284
17756, 460284
17756, 460284
17756, 460284
17756, 460284
17756, 460284
17756, 460284
17756, 460284
17756, 460284
17756, 460284
17756, 460284
17756, 460284
17756, 460284
17756, 460284
17756, 460284
17756, 460284
17756, 460284
17756, 460284
17756, 460284
17756, 460284
17756, 460284
17756, 460284
17756, 460284
17756, 460284
17756, 460284
17756, 460284
17756, 460284
17756, 460284
17756, 460284
17756, 460284
17756, 460284
17756, 460284
17756, 460284
17756, 460284
17756, 460284
17756, 460284
17756, 460284
17756, 460284
17756, 460284
17756, 460284
17756, 460284
17756, 460284
17756, 460284
17756, 460284
17756, 460284
17756, 460284
17756, 460284
17756, 460284
17756, 460284
17756, 460284
17756, 460284
17756, 460284
17756, 460284
17756, 460284
17756, 460284
17756, 460284
17756, 460284
17756, 460284
17756, 460284
17756, 460284
17756, 460284
17756, 460284
17756, 460284
17756, 460284
17756, 460284
17756, 460284
17756, 460284
17756, 460284
17756, 460284
17756, 460284
17756, 460284
17756, 460284
17756, 460284
17756, 460284
17756, 460284
17756, 460284
17756, 460284
17756, 460284
17756, 460284
17756, 460284
17756, 460284
17756, 460284
17756, 460284
17756, 460284
17756, 460284
17756, 460284
17756, 460284
17756, 460284
17756, 460284
17756, 460284
17756, 460284
17756, 460284
17756, 460284
17756, 460284
17756, 460284
17756, 460284
17756, 460284
17756, 460284
17756, 460284
17756, 460284
17756, 460284
17756, 460284
17756, 460284
17756, 460284
17756, 460284
17756, 460284
17756, 460284
17756, 460284
17756, 460284
17756, 460284
17756, 460284
17756, 460284
17756, 460284
17756, 460284
17756, 460284
17756, 460284
17756, 460284
17756, 460284
17756, 460284
17756, 460284
17756, 460284
17756, 460284
17756, 460284
17756, 460284
17756, 460284
17756, 460284
17756, 460284
17756, 460284
17756, 460284
17756, 460284
17756, 460284
17756, 460284
17756, 460284
17756, 460284
17756, 460284
17756, 460284
17756, 460284
17756, 460284
17756, 460284
17756, 460284
17756, 460284
17756, 460284
17756, 460284
17756, 460284
17756, 460284
17756, 460284
17756, 460284
17756, 460284
17756, 460284
17756, 460284
17756, 460284
17756, 460284
17756, 460284
17756, 460284
17756, 460284
17756, 460284
17756, 460284
17756, 460284
17756, 460284
17756, 460284
17756, 460284
17756, 460284
17756, 460284
17756, 460284
17756, 460284
17756, 460284
17756, 460284
17756, 460284
17756, 460284
17756, 460284
17756, 460284
17756, 460284
17756, 460284
17756, 460284
17756, 460284
17756, 460284
17756, 460284
17756, 460284
17756, 460284
17756, 460284
17756, 460284
17756, 460284
17756, 460284
17756, 460284
17756, 460284
17756, 460284
17756, 460284
17756, 460284
17756, 460284
17756, 460284
17756, 460284
17756, 460284
17756, 460284
17756, 460284
17756, 460284
17756, 460284
17756, 460284
17756, 460284
17756, 460284
17756, 460284
17756, 460284
17756, 460284
17756, 460284
17756, 460284
17756, 460284
17756, 460284
17756, 460284
17756, 460284
17756, 460284
17756, 460284
17756, 460284
17756, 460284
17756, 460284
17756, 460284
17756, 460284
17756, 460284
17756, 460284
17756, 460284
17756, 460284
17756, 460284
17756, 460284
17756, 460284
17756, 460284
17756, 460284
17756, 460284
17756, 460284
17756, 460284
17756, 460284
17756, 460284
17756, 460284
17756, 460284
17756, 460284
17756, 460284
17756, 460284
17756, 460284
17756, 460284
17756, 460284
17756, 460284
17756, 460284
17756, 460284
17756, 460284
17756, 460284
17756, 460284
17756, 460284
17756, 460284
17756, 460284
17756, 460284
17756, 460284
17756, 460284
17756, 460284
17756, 460284
17756, 460284
17756, 460284
17756, 460284
17756, 460284
17756, 460284
17756, 460284
17756, 460284
17756, 460284
17756, 460284
17756, 460284
17756, 460284
17756, 460284
17756, 460284
17756, 460284
17756, 460284
17756, 460284
17756, 460284
17756, 460284
17756, 460284
17756, 460284
17756, 460284
17756, 460284
17756, 460284
17756, 460284
17756, 460284
17756, 460284
17756, 460284
17756, 460284
17756, 460284
17756, 460284
17756, 460284
17756, 460284
17756, 460284
17756, 460284
17756, 460284
17756, 460284
17756, 460284
17756, 460284
17756, 460284
17756, 460284
17756, 460284
17756, 460284
17756, 460284
17756, 460284
17756, 460284
17756, 460284
17756, 460284
17756, 460284
17756, 460284
17756, 460284
17756, 460284
17756, 460284
17756, 460284
17756, 460284
17756, 460284
17756, 460284
17756, 460284
17756, 460284
17756, 460284
17756, 460284
17756, 460284
17756, 460284
17756, 460284
17756, 460284
17756, 460284
17756, 460284
17756, 460284
17756, 460284
17756, 460284
17756, 460284
17756, 460284
17756, 460284
17756, 460284
17756, 460284
17756, 460284
17756, 460284
17756, 460284
17756, 460284
17756, 460284
17756, 460284
17756, 460284
17756, 460284
17756, 460284
17756, 460284
17756, 460284
17756, 460284
17756, 460284
17756, 460284
17756, 460284
17756, 460284
17756, 460284
17756, 460284
17756, 460284
17756, 460284
17756, 460284
17756, 460284
17756, 460284
17756, 460284
17756, 460284
17756, 460284
17756, 460284
17756, 460284
17756, 460284
17756, 460284
17756, 460284
17756, 460284
17756, 460284
17756, 460284
17756, 460284
17756, 460284
17756, 460284
17756, 460284
17756, 460284
17756, 460284
17756, 460284
17756, 460284
17756, 460284
17756, 460284
17756, 460284
17756, 460284
17756, 460284
17756, 460284
17756, 460284
17756, 460284
17756, 460284
17756, 460284
17756, 460284
17756, 460284
17756, 460284
17756, 460284
17756, 460284
17756, 460284
17756, 460284
17756, 460284
17756, 460284
17756, 460284
17756, 460284
17756, 460284
17756, 460284
17756, 460284
17756, 460284
17756, 460284
17756, 460284
17756, 460284
17756, 460284
17756, 460284
17756, 460284
17756, 460284
17756, 460284
17756, 460284
17756, 460284
17756, 460284
17756, 460284
17756, 460284
17756, 460284
17756, 460284
17756, 460284
17756, 460284
17756, 460284
17756, 460284
17756, 460284
17756, 460284
17756, 460284
17756, 460284
17756, 460284
17756, 460284
17756, 460284
17756, 460284
17756, 460284
17756, 460284
17756, 460284
17756, 460284
17756, 460284
17756, 460284
17756, 460284
17756, 460284
17756, 460284
17756, 460284
17756, 460284
17756, 460284
17756, 460284
17756, 460284
17756, 460284
17756, 460284
17756, 460284
17756, 460284
17756, 460284
17756, 460284
17756, 460284
17756, 460284
17756, 460284
17756, 460284
17756, 460284
17756, 460284
17756, 460284
17756, 460284
17756, 460284
17756, 460284
17756, 460284
17756, 460284
17756, 460284
17756, 460284
17756, 460284
17756, 460284
17756, 460284
17756, 460284
17756, 460284
17756, 460284
17756, 460284
17756, 460284
17756, 460284
17756, 460284
17756, 460284
17756, 460284
17756, 460284
17756, 460284
17756, 460284
17756, 460284
17756, 460284
17756, 460284
17756, 460284
17756, 460284
17756, 460284
17756, 460284
17756, 460284
17756, 460284
17756, 460284
17756, 460284
17756, 460284
17756, 460284
17756, 460284
17756, 460284
17756, 460284
17756, 460284
17756, 460284
17756, 460284
17756, 460284
17756, 460284
17756, 460284
17756, 460284
17756, 460284
17756, 460284
17756, 460284
17756, 460284
17756, 460284
17756, 460284
17756, 460284
17756, 460284
17756, 460284
17756, 460284
17756, 460284
17756, 460284
17756, 460284
17756, 460284
17756, 460284
17756, 460284
17756, 460284
17756, 460284
17756, 460284
17756, 460284
17756, 460284
17756, 460284
17756, 460284
17756, 460284
17756, 460284
17756, 460284
17756, 460284
17756, 460284
17756, 460284
17756, 460284
17756, 460284
17756, 460284
17756, 460284
17756, 460284
17756, 460284
17756, 460284
17756, 460284
17756, 460284
17756, 460284
17756, 460284
17756, 460284
17756, 460284
17756, 460284
17756, 460284
17756, 460284
17756, 460284
17756, 460284
17756, 460284
17756, 460284
17756, 460284
17756, 460284
17756, 460284
17756, 460284
17756, 460284
17756, 460284
17756, 460284
17756, 460284
17756, 460284
17756, 460284
17756, 460284
17756, 460284
17756, 460284
17756, 460284
17756, 460284
17756, 460284
17756, 460284
17756, 460284
17756, 460284
17756, 460284
17756, 460284
17756, 460284
17756, 460284
17756, 460284
17756, 460284
17756, 460284
17756, 460284
17756, 460284
17756, 460284
17756, 460284
17756, 460284
17756, 460284
17756, 460284
17756, 460284
17756, 460284
17756, 460284
17756, 460284
17756, 460284
17756, 460284
17756, 460284
17756, 460284
17756, 460284
17756, 460284
17756, 460284
17756, 460284
17756, 460284
17756, 460284
17756, 460284
17756, 460284
17756, 460284
17756, 460284
17756, 460284
17756, 460284
17756, 460284
17756, 460284
17756, 460284
17756, 460284
17756, 460284
17756, 460284
17756, 460284
17756, 460284
17756, 460284
17756, 460284
17756, 460284
17756, 460284
17756, 460284
17756, 460284
17756, 460284
17756, 460284
17756, 460284
17756, 460284
17756, 460284
17756, 460284
17756, 460284
17756, 460284
17756, 460284
17756, 460284
17756, 460284
17756, 460284
17756, 460284
17756, 460284
17756, 460284
17756, 460284
17756, 460284
17756, 460284
17756, 460284
17756, 460284
17756, 460284
17756, 460284
17756, 460284
17756, 460284
17756, 460284
17756, 460284
17756, 460284
17756, 460284
17756, 460284
17756, 460284
17756, 460284
17756, 460284
17756, 460284
17756, 460284
17756, 460284
17756, 460284
17756, 460284
17756, 460284
17756, 460284
17756, 460284
17756, 460284
17756, 460284
17756, 460284
17756, 460284
17756, 460284
17756, 460284
17756, 460284
17756, 460284
17756, 460284
17756, 460284
17756, 460284
17756, 460284
17756, 460284
17756, 460284
17756, 460284
17756, 460284
17756, 460284
17756, 460284
17756, 460284
17756, 460284
17756, 460284
17756, 460284
17756, 460284
17756, 460284
17756, 460284
17756, 460284
17756, 460284
17756, 460284
17756, 460284
17756, 460284
17756, 460284
17756, 460284
17756, 460284
17756, 460284
17756, 460284
17756, 460284
17756, 460284
17756, 460284
17756, 460284
17756, 460284
17756, 460284
17756, 460284
17756, 460284
17756, 460284
17756, 460284
17756, 460284
17756, 460284
17756, 460284
17756, 460284
17756, 460284
17756, 460284
17756, 460284
17756, 460284
17756, 460284
17756, 460284
17756, 460284
17756, 460284
17756, 460284
17756, 460284
17756, 460284
17756, 460284
17756, 460284
17756, 460284
17756, 460284
17756, 460284
17756, 460284
17756, 460284
17756, 460284
17756, 460284
17756, 460284
17756, 460284
17756, 460284
17756, 460284
17756, 460284
17756, 460284
17756, 460284
17756, 460284
17756, 460284
17756, 460284
17756, 460284
17756, 460284
17756, 460284
17756, 460284
17756, 460284
17756, 460284
17756, 460284
17756, 460284
17756, 460284
17756, 460284
17756, 460284
17756, 460284
17756, 460284
17756, 460284
17756, 460284
17756, 460284
17756, 460284
17756, 460284
17756, 460284
17756, 460284
17756, 460284
17756, 460284
17756, 460284
17756, 460284
17756, 460284
17756, 460284
17756, 460284
17756, 460284
17756, 460284
17756, 460284
17756, 460284
17756, 460284
17756, 460284
17756, 460284
17756, 460284
17756, 460284
17756, 460284
17756, 460284
17756, 460284
17756, 460284
17756, 460284
17756, 460284
17756, 460284
17756, 460284
17756, 460284
17756, 460284
17756, 460284
17756, 460284
17756, 460284
17756, 460284
17756, 460284
17756, 460284
17756, 460284
17756, 460284
17756, 460284
17756, 460284
17756, 460284
17756, 460284
17756, 460284
17756, 460284
17756, 460284
17756, 460284
17756, 460284
17756, 460284
17756, 460284
17756, 460284
17756, 460284
17756, 460284
17756, 460284
17756, 460284
17756, 460284
17756, 460284
17756, 460284
17756, 460284
17756, 460284
17756, 460284
17756, 460284
17756, 460284
17756, 460284
17756, 460284
17756, 460284
17756, 460284
17756, 460284
17756, 460284
17756, 460284
17756, 460284
17756, 460284
17756, 460284
17756, 460284
17756, 460284
17756, 460284
17756, 460284
17756, 460284
17756, 460284
17756, 460284
17756, 460284
17756, 460284
17756, 460284
17756, 460284
17756, 460284
17756, 460284
17756, 460284
17756, 460284
17756, 460284
17756, 460284
17756, 460284
17756, 460284
17756, 460284
17756, 460284
17756, 460284
17756, 460284
17756, 460284
17756, 460284
17756, 460284
17756, 460284
17756, 460284
17756, 460284
17756, 460284
17756, 460284
17756, 460284
17756, 460284
17756, 460284
17756, 460284
17756, 460284
17756, 460284
17756, 460284
17756, 460284
17756, 460284
17756, 460284
17756, 460284
17756, 460284
17756, 460284
17756, 460284
17756, 460284
17756, 460284
17756, 460284
17756, 460284
17756, 460284
17756, 460284
17756, 460284
17756, 460284
17756, 460284
17756, 460284
17756, 460284
17756, 460284
17756, 460284
17756, 460284
17756, 460284
17756, 460284
17756, 460284
17756, 460284
17756, 460284
17756, 460284
17756, 460284
17756, 460284
17756, 460284
17756, 460284
17756, 460284
17756, 460284
17756, 460284
17756, 460284
17756, 460284
17756, 460284
17756, 460284
17756, 460284
17756, 460284
17756, 460284
17756, 460284
17756, 460284
17756, 460284
17756, 460284
17756, 460284
17756, 460284
17756, 460284
17756, 460284
17756, 460284
17756, 460284
17756, 460284
17756, 460284
17756, 460284
17756, 460284
17756, 460284
17756, 460284
17756, 460284
17756, 460284
17756, 460284
17756, 460284
17756, 460284
17756, 460284
17756, 460284
17756, 460284
17756, 460284
17756, 460284
17756, 460284
17756, 460284
17756, 460284
17756, 460284
17756, 460284
17756, 460284
17756, 460284
17756, 460284
17756, 460284
17756, 460284
17756, 460284
17756, 460284
17756, 460284
17756, 460284
17756, 460284
17756, 460284
17756, 460284
17756, 460284
17756, 460284
17756, 460284
17756, 460284
17756, 460284
17756, 460284
17756, 460284
17756, 460284
17756, 460284
17756, 460284
17756, 460284
17756, 460284
17756, 460284
17756, 460284
17756, 460284
17756, 460284
17756, 460284
17756, 460284
17756, 460284
17756, 460284
17756, 460284
17756, 460284
17756, 460284
17756, 460284
17756, 460284
17756, 460284
17756, 460284
17756, 460284
17756, 460284
17756, 460284
17756, 460284
17756, 460284
17756, 460284
17756, 460284
17756, 460284
17756, 460284
17756, 460284
17756, 460284
17756, 460284
17756, 460284
17756, 460284
17756, 460284
17756, 460284
17756, 460284
17756, 460284
17756, 460284
17756, 460284
17756, 460284
17756, 460284
17756, 460284
17756, 460284
17756, 460284
17756, 460284
17756, 460284
17756, 460284
17756, 460284
17756, 460284
17756, 460284
17756, 460284
17756, 460284
17756, 460284
17756, 460284
17756, 460284
17756, 460284
17756, 460284
17756, 460284
17756, 460284
17756, 460284
17756, 460284
17756, 460284
17756, 460284
17756, 460284
17756, 460284
17756, 460284
17756, 460284
17756, 460284
17756, 460284
17756, 460284
17756, 460284
17756, 460284
17756, 460284
17756, 460284
17756, 460284
17756, 460284
17756, 460284
17756, 460284
17756, 460284
17756, 460284
17756, 460284
17756, 460284
17756, 460284
17756, 460284
17756, 460284
17756, 460284
17756, 460284
17756, 460284
17756, 460284
17756, 460284
17756, 460284
17756, 460284
17756, 460284
17756, 460284
17756, 460284
17756, 460284
17756, 460284
17756, 460284
17756, 460284
17756, 460284
17756, 460284
17756, 460284
17756, 460284
17756, 460284
17756, 460284
17756, 460284
17756, 460284
17756, 460284
17756, 460284
17756, 460284
17756, 460284
17756, 460284
17756, 460284
17756, 460284
17756, 460284
17756, 460284
17756, 460284
17756, 460284
17756, 460284
17756, 460284
17756, 460284
17756, 460284
17756, 460284
17756, 460284
17756, 460284
17756, 460284
17756, 460284
17756, 460284
17756, 460284
17756, 460284
17756, 460284
17756, 460284
17756, 460284
17756, 460284
17756, 460284
17756, 460284
17756, 460284
17756, 460284
17756, 460284
17756, 460284
17756, 460284
17756, 460284
17756, 460284
17756, 460284
17756, 460284
17756, 460284
17756, 460284
17756, 460284
17756, 460284
17756, 460284
17756, 460284
17756, 460284
17756, 460284
17756, 460284
17756, 460284
17756, 460284
17756, 460284
17756, 460284
17756, 460284
17756, 460284
17756, 460284
17756, 460284
17756, 460284
17756, 460284
17756, 460284
17756, 460284
17756, 460284
17756, 460284
17756, 460284
17756, 460284
17756, 460284
17756, 460284
17756, 460284
17756, 460284
17756, 460284
17756, 460284
17756, 460284
17756, 460284
17756, 460284
17756, 460284
17756, 460284
17756, 460284
17756, 460284
17756, 460284
17756, 460284
17756, 460284
17756, 460284
17756, 460284
17756, 460284
17756, 460284
17756, 460284
17756, 460284
17756, 460284
17756, 460284
17756, 460284
17756, 460284
17756, 460284
17756, 460284
17756, 460284
17756, 460284
17756, 460284
17756, 460284
17756, 460284
17756, 460284
17756, 460284
17756, 460284
17756, 460284
17756, 460284
17756, 460284
17756, 460284
17756, 460284
17756, 460284
17756, 460284
17756, 460284
17756, 460284
17756, 460284
17756, 460284
17756, 460284
17756, 460284
17756, 460284
17756, 460284
17756, 460284
17756, 460284
17756, 460284
17756, 460284
17756, 460284
17756, 460284
17756, 460284
17756, 460284
17756, 460284
17756, 460284
17756, 460284
17756, 460284
17756, 460284
17756, 460284
17756, 460284
17756, 460284
17756, 460284
17756, 460284
17756, 460284
17756, 460284
17756, 460284
17756, 460284
17756, 460284
17756, 460284
17756, 460284
17756, 460284
17756, 460284
17756, 460284
17756, 460284
17756, 460284
17756, 460284
17756, 460284
17756, 460284
17756, 460284
17756, 460284
17756, 460284
17756, 460284
17756, 460284
17756, 460284
17756, 460284
17756, 460284
17756, 460284
17756, 460284
17756, 460284
17756, 460284
17756, 460284
17756, 460284
17756, 460284
17756, 460284
17756, 460284
17756, 460284
17756, 460284
17756, 460284
17756, 460284
17756, 460284
17756, 460284
17756, 460284
17756, 460284
17756, 460284
17756, 460284
17756, 460284
17756, 460284
17756, 460284
17756, 460284
17756, 460284
17756, 460284
17756, 460284
17756, 460284
17756, 460284
17756, 460284
17756, 460284
17756, 460284
17756, 460284
17756, 460284
17756, 460284
17756, 460284
17756, 460284
17756, 460284
17756, 460284
17756, 460284
17756, 460284
17756, 460284
17756, 460284
17756, 460284
17756, 460284
17756, 460284
17756, 460284
17756, 460284
17756, 460284
17756, 460284
17756, 460284
17756, 460284
17756, 460284
17756, 460284
17756, 460284
17756, 460284
17756, 460284
17756, 460284
17756, 460284
17756, 460284
17756, 460284
17756, 460284
17756, 460284
17756, 460284
17756, 460284
17756, 460284
17756, 460284
17756, 460284
17756, 460284
17756, 460284
17756, 460284
17756, 460284
17756, 460284
17756, 460284
17756, 460284
17756, 460284
17756, 460284
17756, 460284
17756, 460284
17756, 460284
17756, 460284
17756, 460284
17756, 460284
17756, 460284
17756, 460284
17756, 460284
17756, 460284
17756, 460284
17756, 460284
17756, 460284
17756, 460284
17756, 460284
17756, 460284
17756, 460284
17756, 460284
17756, 460284
17756, 460284
17756, 460284
17756, 460284
17756, 460284
17756, 460284
17756, 460284
17756, 460284
17756, 460284
17756, 460284
17756, 460284
17756, 460284
17756, 460284
17756, 460284
17756, 460284
17756, 460284
17756, 460284
17756, 460284
17756, 460284
17756, 460284
17756, 460284
17756, 460284
17756, 460284
17756, 460284
17756, 460284
17756, 460284
17756, 460284
17756, 460284
17756, 460284
17756, 460284
17756, 460284
17756, 460284
17756, 460284
17756, 460284
17756, 460284
17756, 460284
17756, 460284
17756, 460284
17756, 460284
17756, 460284
17756, 460284
17756, 460284
17756, 460284
17756, 460284
17756, 460284
17756, 460284
17756, 460284
17756, 460284
17756, 460284
17756, 460284
17756, 460284
17756, 460284
17756, 460284
17756, 460284
17756, 460284
17756, 460284
17756, 460284
17756, 460284
17756, 460284
17756, 460284
17756, 460284
17756, 460284
17756, 460284
17756, 460284
17756, 460284
17756, 460284
17756, 460284
17756, 460284
17756, 460284
17756, 460284
17756, 460284
17756, 460284
17756, 460284
17756, 460284
17756, 460284
17756, 460284
17756, 460284
17756, 460284
17756, 460284
17756, 460284
17756, 460284
17756, 460284
17756, 460284
17756, 460284
17756, 460284
17756, 460284
17756, 460284
17756, 460284
17756, 460284
17756, 460284
17756, 460284
17756, 460284
17756, 460284
17756, 460284
17756, 460284
17756, 460284
17756, 460284
17756, 460284
17756, 460284
17756, 460284
17756, 460284
17756, 460284
17756, 460284
17756, 460284
17756, 460284
17756, 460284
17756, 460284
17756, 460284
17756, 460284
17756, 460284
17756, 460284
17756, 460284
17756, 460284
17756, 460284
17756, 460284
17756, 460284
17756, 460284
17756, 460284
17756, 460284
17756, 460284
17756, 460284
17756, 460284
17756, 460284
17756, 460284
17756, 460284
17756, 460284
17756, 460284
17756, 460284
17756, 460284
17756, 460284
17756, 460284
17756, 460284
17756, 460284
17756, 460284
17756, 460284
17756, 460284
17756, 460284
17756, 460284
17756, 460284
17756, 460284
17756, 460284
17756, 460284
17756, 460284
17756, 460284
17756, 460284
17756, 460284
17756, 460284
17756, 460284
17756, 460284
17756, 460284
17756, 460284
17756, 460284
17756, 460284
17756, 460284
17756, 460284
17756, 460284
17756, 460284
17756, 460284
17756, 460284
17756, 460284
17756, 460284
17756, 460284
17756, 460284
17756, 460284
17756, 460284
17756, 460284
17756, 460284
17756, 460284
17756, 460284
17756, 460284
17756, 460284
17756, 460284
17756, 460284
17756, 460284
17756, 460284
17756, 460284
17756, 460284
17756, 460284
17756, 460284
17756, 460284
17756, 460284
17756, 460284
17756, 460284
17756, 460284
17756, 460284
17756, 460284
17756, 460284
17756, 460284
17756, 460284
17756, 460284
17756, 460284
17756, 460284
17756, 460284
17756, 460284
17756, 460284
17756, 460284
17756, 460284
17756, 460284
17756, 460284
17756, 460284
17756, 460284
17756, 460284
17756, 460284
17756, 460284
17756, 460284
17756, 460284
17756, 460284
17756, 460284
17756, 460284
17756, 460284
17756, 460284
17756, 460284
17756, 460284
17756, 460284
17756, 460284
17756, 460284
17756, 460284
17756, 460284
17756, 460284
17756, 460284
17756, 460284
17756, 460284
17756, 460284
17756, 460284
17756, 460284
17756, 460284
17756, 460284
17756, 460284
17756, 460284
17756, 460284
17756, 460284
17756, 460284
17756, 460284
17756, 460284
17756, 460284
17756, 460284
17756, 460284
17756, 460284
17756, 460284
17756, 460284
17756, 460284
17756, 460284
17756, 460284
17756, 460284
17756, 460284
17756, 460284
17756, 460284
17756, 460284
17756, 460284
17756, 460284
17756, 460284
17756, 460284
17756, 460284
17756, 460284
17756, 460284
17756, 460284
17756, 460284
17756, 460284
17756, 460284
17756, 460284
17756, 460284
17756, 460284
17756, 460284
17756, 460284
17756, 460284
17756, 460284
17756, 460284
17756, 460284
17756, 460284
17756, 460284
17756, 460284
17756, 460284
17756, 460284
17756, 460284
17756, 460284
17756, 460284
17756, 460284
17756, 460284
17756, 460284
17756, 460284
17756, 460284
17756, 460284
17756, 460284
17756, 460284
17756, 460284
17756, 460284
17756, 460284
17756, 460284
17756, 460284
17756, 460284
17756, 460284
17756, 460284
17756, 460284
17756, 460284
17756, 460284
17756, 460284
17756, 460284
17756, 460284
17756, 460284
17756, 460284
17756, 460284
17756, 460284
17756, 460284
17756, 460284
17756, 460284
17756, 460284
17756, 460284
17756, 460284
17756, 460284
17756, 460284
17756, 460284
17756, 460284
17756, 460284
17756, 460284
17756, 460284
17756, 460284
17756, 460284
17756, 460284
17756, 460284
17756, 460284
17756, 460284
17756, 460284
17756, 460284
17756, 460284
17756, 460284
17756, 460284
17756, 460284
17756, 460284
17756, 460284
17756, 460284
17756, 460284
17756, 460284
17756, 460284
17756, 460284
17756, 460284
17756, 460284
17756, 460284
17756, 460284
17756, 460284
17756, 460284
17756, 460284
17756, 460284
17756, 460284
17756, 460284
17756, 460284
17756, 460284
17756, 460284
17756, 460284
17756, 460284
17756, 460284
17756, 460284
17756, 460284
17756, 460284
17756, 460284
17756, 460284
17756, 460284
17756, 460284
17756, 460284
17756, 460284
17756, 460284
17756, 460284
17756, 460284
17756, 460284
17756, 460284
17756, 460284
17756, 460284
17756, 460284
17756, 460284
17756, 460284
17756, 460284
17756, 460284
17756, 460284
17756, 460284
17756, 460284
17756, 460284
17756, 460284
17756, 460284
17756, 460284
17756, 460284
17756, 460284
17756, 460284
17756, 460284
17756, 460284
17756, 460284
17756, 460284
17756, 460284
17756, 460284
17756, 460284
17756, 460284
17756, 460284
17756, 460284
17756, 460284
17756, 460284
17756, 460284
17756, 460284
17756, 460284
17756, 460284
17756, 460284
17756, 460284
17756, 460284
17756, 460284
17756, 460284
17756, 460284
17756, 460284
17756, 460284
17756, 460284
17756, 460284
17756, 460284
17756, 460284
17756, 460284
17756, 460284
17756, 460284
17756, 460284
17756, 460284
17756, 460284
17756, 460284
17756, 460284
17756, 460284
17756, 460284
17756, 460284
17756, 460284
17756, 460284
17756, 460284
17756, 460284
17756, 460284
17756, 460284
17756, 460284
17756, 460284
17756, 460284
17756, 460284
17756, 460284
17756, 460284
17756, 460284
17756, 460284
17756, 460284
17756, 460284
17756, 460284
17756, 460284
17756, 460284
17756, 460284
17756, 460284
17756, 460284
17756, 460284
17756, 460284
17756, 460284
17756, 460284
17756, 460284
17756, 460284
17756, 460284
17756, 460284
17756, 460284
17756, 460284
17756, 460284
17756, 460284
17756, 460284
17756, 460284
17756, 460284
17756, 460284
17756, 460284
17756, 460284
17756, 460284
17756, 460284
17756, 460284
17756, 460284
17756, 460284
17756, 460284
17756, 460284
17756, 460284
17756, 460284
17756, 460284
17756, 460284
17756, 460284
17756, 460284
17756, 460284
17756, 460284
17756, 460284
17756, 460284
17756, 460284
17756, 460284
17756, 460284
17756, 460284
17756, 460284
17756, 460284
17756, 460284
17756, 460284
17756, 460284
17756, 460284
17756, 460284
17756, 460284
17756, 460284
17756, 460284
17756, 460284
17756, 460284
17756, 460284
17756, 460284
17756, 460284
17756, 460284
17756, 460284
17756, 460284
17756, 460284
17756, 460284
17756, 460284
17756, 460284
17756, 460284
17756, 460284
17756, 460284
17756, 460284
17756, 460284
17756, 460284
17756, 460284
17756, 460284
17756, 460284
17756, 460284
17756, 460284
17756, 460284
17756, 460284
17756, 460284
17756, 460284
17756, 460284
17756, 460284
17756, 460284
17756, 460284
17756, 460284
17756, 460284
17756, 460284
17756, 460284
17756, 460284
17756, 460284
17756, 460284
17756, 460284
17756, 460284
17756, 460284
17756, 460284
17756, 460284
17756, 460284
17756, 460284
17756, 460284
17756, 460284
17756, 460284
17756, 460284
17756, 460284
17756, 460284
17756, 460284
17756, 460284
17756, 460284
17756, 460284
17756, 460284
17756, 460284
17756, 460284
17756, 460284
17756, 460284
17756, 460284
17756, 460284
17756, 460284
17756, 460284
17756, 460284
17756, 460284
17756, 460284
17756, 460284
17756, 460284
17756, 460284
17756, 460284
17756, 460284
17756, 460284
17756, 460284
17756, 460284
17756, 460284
17756, 460284
17756, 460284
17756, 460284
17756, 460284
17756, 460284
17756, 460284
17756, 460284
17756, 460284
17756, 460284
17756, 460284
17756, 460284
17756, 460284
17756, 460284
17756, 460284
17756, 460284
17756, 460284
17756, 460284
17756, 460284
17756, 460284
17756, 460284
17756, 460284
17756, 460284
17756, 460284
17756, 460284
17756, 460284
17756, 460284
17756, 460284
17756, 460284
17756, 460284
17756, 460284
17756, 460284
17756, 460284
17756, 460284
17756, 460284
17756, 460284
17756, 460284
17756, 460284
17756, 460284
17756, 460284
17756, 460284
17756, 460284
17756, 460284
17756, 460284
17756, 460284
17756, 460284
17756, 460284
17756, 460284
17756, 460284
17756, 460284
17756, 460284
17756, 460284
17756, 460284
17756, 460284
17756, 460284
17756, 460284
17756, 460284
17756, 460284
17756, 460284
17756, 460284
17756, 460284
17756, 460284
17756, 460284
17756, 460284
17756, 460284
17756, 460284
17756, 460284
17756, 460284
17756, 460284
17756, 460284
17756, 460284
17756, 460284
17756, 460284
17756, 460284
17756, 460284
17756, 460284
17756, 460284
17756, 460284
17756, 460284
17756, 460284
17756, 460284
17756, 460284
17756, 460284
17756, 460284
17756, 460284
17756, 460284
17756, 460284
17756, 460284
17756, 460284
17756, 460284
17756, 460284
17756, 460284
17756, 460284
17756, 460284
17756, 460284
17756, 460284
17756, 460284
17756, 460284
17756, 460284
17756, 460284
17756, 460284
17756, 460284
17756, 460284
17756, 460284
17756, 460284
17756, 460284
17756, 460284
17756, 460284
17756, 460284
17756, 460284
17756, 460284
17756, 460284
17756, 460284
17756, 460284
17756, 460284
17756, 460284
17756, 460284
17756, 460284
17756, 460284
17756, 460284
17756, 460284
17756, 460284
17756, 460284
17756, 460284
17756, 460284
17756, 460284
17756, 460284
17756, 460284
17756, 460284
17756, 460284
17756, 460284
17756, 460284
17756, 460284
17756, 460284
17756, 460284
17756, 460284
17756, 460284
17756, 460284
17756, 460284
17756, 460284
17756, 460284
17756, 460284
17756, 460284
17756, 460284
17756, 460284
17756, 460284
17756, 460284
17756, 460284
17756, 460284
17756, 460284
17756, 460284
17756, 460284
17756, 460284
17756, 460284
17756, 460284
17756, 460284
17756, 460284
17756, 460284
17756, 460284
17756, 460284
17756, 460284
17756, 460284
17756, 460284
17756, 460284
17756, 460284
17756, 460284
17756, 460284
17756, 460284
17756, 460284
17756, 460284
17756, 460284
17756, 460284
17756, 460284
17756, 460284
17756, 460284
17756, 460284
17756, 460284
17756, 460284
17756, 460284
17756, 460284
17756, 460284
17756, 460284
17756, 460284
17756, 460284
17756, 460284
17756, 460284
17756, 460284
17756, 460284
17756, 460284
17756, 460284
17756, 460284
17756, 460284
17756, 460284
17756, 460284
17756, 460284
17756, 460284
17756, 460284
17756, 460284
17756, 460284
17756, 460284
17756, 460284
17756, 460284
17756, 460284
17756, 460284
17756, 460284
17756, 460284
17756, 460284
17756, 460284
17756, 460284
17756, 460284
17756, 460284
17756, 460284
17756, 460284
17756, 460284
17756, 460284
17756, 460284
17756, 460284
17756, 460284
17756, 460284
17756, 460284
17756, 460284
17756, 460284
17756, 460284
17756, 460284
17756, 460284
17756, 460284
17756, 460284
17756, 460284
17756, 460284
17756, 460284
17756, 460284
17756, 460284
17756, 460284
17756, 460284
17756, 460284
17756, 460284
17756, 460284
17756, 460284
17756, 460284
17756, 460284
17756, 460284
17756, 460284
17756, 460284
17756, 460284
17756, 460284
17756, 460284
17756, 460284
17756, 460284
17756, 460284
17756, 460284
17756, 460284
17756, 460284
17756, 460284
17756, 460284
17756, 460284
17756, 460284
17756, 460284
17756, 460284
17756, 460284
17756, 460284
17756, 460284
17756, 460284
17756, 460284
17756, 460284
17756, 460284
17756, 460284
17756, 460284
17756, 460284
17756, 460284
17756, 460284
17756, 460284
17756, 460284
17756, 460284
17756, 460284
17756, 460284
17756, 460284
17756, 460284
17756, 460284
17756, 460284
17756, 460284
17756, 460284
17756, 460284
17756, 460284
17756, 460284
17756, 460284
17756, 460284
17756, 460284
17756, 460284
17756, 460284
17756, 460284
17756, 460284
17756, 460284
17756, 460284
17756, 460284
17756, 460284
17756, 460284
17756, 460284
17756, 460284
17756, 460284
17756, 460284
17756, 460284
17756, 460284
17756, 460284
17756, 460284
17756, 460284
17756, 460284
17756, 460284
17756, 460284
17756, 460284
17756, 460284
17756, 460284
17756, 460284
17756, 460284
17756, 460284
17756, 460284
17756, 460284
17756, 460284
17756, 460284
17756, 460284
17756, 460284
17756, 460284
17756, 460284
17756, 460284
17756, 460284
17756, 460284
17756, 460284
17756, 460284
17756, 460284
17756, 460284
17756, 460284
17756, 460284
17756, 460284
17756, 460284
17756, 460284
17756, 460284
17756, 460284
17756, 460284
17756, 460284
17756, 460284
17756, 460284
17756, 460284
17756, 460284
17756, 460284
17756, 460284
17756, 460284
17756, 460284
17756, 460284
17756, 460284
17756, 460284
17756, 460284
17756, 460284
17756, 460284
17756, 460284
17756, 460284
17756, 460284
17756, 460284
17756, 460284
17756, 460284
17756, 460284
17756, 460284
17756, 460284
17756, 460284
17756, 460284
17756, 460284
17756, 460284
17756, 460284
17756, 460284
17756, 460284
17756, 460284
17756, 460284
17756, 460284
17756, 460284
17756, 460284
17756, 460284
17756, 460284
17756, 460284
17756, 460284
17756, 460284
17756, 460284
17756, 460284
17756, 460284
17756, 460284
17756, 460284
17756, 460284
17756, 460284
17756, 460284
17756, 460284
17756, 460284
17756, 460284
17756, 460284
17756, 460284
17756, 460284
17756, 460284
17756, 460284
17756, 460284
17756, 460284
17756, 460284
17756, 460284
17756, 460284
17756, 460284
17756, 460284
17756, 460284
17756, 460284
17756, 460284
17756, 460284
17756, 460284
17756, 460284
17756, 460284
17756, 460284
17756, 460284
17756, 460284
17756, 460284
17756, 460284
17756, 460284
17756, 460284
17756, 460284
17756, 460284
17756, 460284
17756, 460284
17756, 460284
17756, 460284
17756, 460284
17756, 460284
17756, 460284
17756, 460284
17756, 460284
17756, 460284
17756, 460284
17756, 460284
17756, 460284
17756, 460284
17756, 460284
17756, 460284
17756, 460284
17756, 460284
17756, 460284
17756, 460284
17756, 460284
17756, 460284
17756, 460284
17756, 460284
17756, 460284
17756, 460284
17756, 460284
17756, 460284
17756, 460284
17756, 460284
17756, 460284
17756, 460284
17756, 460284
17756, 460284
17756, 460284
17756, 460284
17756, 460284
17756, 460284
17756, 460284
17756, 460284
17756, 460284
17756, 460284
17756, 460284
17756, 460284
17756, 460284
17756, 460284
17756, 460284
17756, 460284
17756, 460284
17756, 460284
17756, 460284
17756, 460284
17756, 460284
17756, 460284
17756, 460284
17756, 460284
17756, 460284
17756, 460284
17756, 460284
17756, 460284
17756, 460284
17756, 460284
17756, 460284
17756, 460284
17756, 460284
17756, 460284
17756, 460284
17756, 460284
17756, 460284
17756, 460284
17756, 460284
17756, 460284
17756, 460284
17756, 460284
17756, 460284
17756, 460284
17756, 460284
17756, 460284
17756, 460284
17756, 460284
17756, 460284
17756, 460284
17756, 460284
17756, 460284
17756, 460284
17756, 460284
17756, 460284
17756, 460284
17756, 460284
17756, 460284
17756, 460284
17756, 460284
17756, 460284
17756, 460284
17756, 460284
17756, 460284
17756, 460284
17756, 460284
17756, 460284
17756, 460284
17756, 460284
17756, 460284
17756, 460284
17756, 460284
17756, 460284
17756, 460284
17756, 460284
17756, 460284
17756, 460284
17756, 460284
17756, 460284
17756, 460284
17756, 460284
17756, 460284
17756, 460284
17756, 460284
17756, 460284
17756, 460284
17756, 460284
17756, 460284
17756, 460284
17756, 460284
17756, 460284
17756, 460284
17756, 460284
17756, 460284
17756, 460284
17756, 460284
17756, 460284
17756, 460284
17756, 460284
17756, 460284
17756, 460284
17756, 460284
17756, 460284
17756, 460284
17756, 460284
17756, 460284
17756, 460284
17756, 460284
17756, 460284
17756, 460284
17756, 460284
17756, 460284
17756, 460284
17756, 460284
17756, 460284
17756, 460284
17756, 460284
17756, 460284
17756, 460284
17756, 460284
17756, 460284
17756, 460284
17756, 460284
17756, 460284
17756, 460284
17756, 460284
17756, 460284
17756, 460284
17756, 460284
17756, 460284
17756, 460284
17756, 460284
17756, 460284
17756, 460284
17756, 460284
17756, 460284
17756, 460284
17756, 460284
17756, 460284
17756, 460284
17756, 460284
17756, 460284
17756, 460284
17756, 460284
17756, 460284
17756, 460284
17756, 460284
17756, 460284
17756, 460284
17756, 460284
17756, 460284
17756, 460284
17756, 460284
17756, 460284
17756, 460284
17756, 460284
17756, 460284
17756, 460284
17756, 460284
17756, 460284
17756, 460284
17756, 460284
17756, 460284
17756, 460284
17756, 460284
17756, 460284
17756, 460284
17756, 460284
17756, 460284
17756, 460284
17756, 460284
17756, 460284
17756, 460284
17756, 460284
17756, 460284
17756, 460284
17756, 460284
17756, 460284
17756, 460284
17756, 460284
17756, 460284
17756, 460284
17756, 460284
17756, 460284
17756, 460284
17756, 460284
17756, 460284
17756, 460284
17756, 460284
17756, 460284
17756, 460284
17756, 460284
17756, 460284
17756, 460284
17756, 460284
17756, 460284
17756, 460284
17756, 460284
17756, 460284
17756, 460284
17756, 460284
17756, 460284
17756, 460284
17756, 460284
17756, 460284
17756, 460284
17756, 460284
17756, 460284
17756, 460284
17756, 460284
17756, 460284
17756, 460284
17756, 460284
17756, 460284
17756, 460284
17756, 460284
17756, 460284
17756, 460284
17756, 460284
17756, 460284
17756, 460284
17756, 460284
17756, 460284
17756, 460284
17756, 460284
17756, 460284
17756, 460284
17756, 460284
17756, 460284
17756, 460284
17756, 460284
17756, 460284
17756, 460284
17756, 460284
17756, 460284
17756, 460284
17756, 460284
17756, 460284
17756, 460284
17756, 460284
17756, 460284
17756, 460284
17756, 460284
17756, 460284
17756, 460284
17756, 460284
17756, 460284
17756, 460284
17756, 460284
17756, 460284
17756, 460284
17756, 460284
17756, 460284
17756, 460284
17756, 460284
17756, 460284
17756, 460284
17756, 460284
17756, 460284
17756, 460284
17756, 460284
17756, 460284
17756, 460284
17756, 460284
17756, 460284
17756, 460284
17756, 460284
17756, 460284
17756, 460284
17756, 460284
17756, 460284
17756, 460284
17756, 460284
17756, 460284
17756, 460284
17756, 460284
17756, 460284
17756, 460284
17756, 460284
17756, 460284
17756, 460284
17756, 460284
17756, 460284
17756, 460284
17756, 460284
17756, 460284
17756, 460284
17756, 460284
17756, 460284
17756, 460284
17756, 460284
17756, 460284
17756, 460284
17756, 460284
17756, 460284
17756, 460284
17756, 460284
17756, 460284
17756, 460284
17756, 460284
17756, 460284
17756, 460284
17756, 460284
17756, 460284
17756, 460284
17756, 460284
17756, 460284
17756, 460284
17756, 460284
17756, 460284
17756, 460284
17756, 460284
17756, 460284
17756, 460284
17756, 460284
17756, 460284
17756, 460284
17756, 460284
17756, 460284
17756, 460284
17756, 460284
17756, 460284
17756, 460284
17756, 460284
17756, 460284
17756, 460284
17756, 460284
17756, 460284
17756, 460284
17756, 460284
17756, 460284
17756, 460284
17756, 460284
17756, 460284
17756, 460284
17756, 460284
17756, 460284
17756, 460284
17756, 460284
17756, 460284
17756, 460284
17756, 460284
17756, 460284
17756, 460284
17756, 460284
17756, 460284
17756, 460284
17756, 460284
17756, 460284
17756, 460284
17756, 460284
17756, 460284
17756, 460284
17756, 460284
17756, 460284
17756, 460284
17756, 460284
17756, 460284
17756, 460284
17756, 460284
17756, 460284
17756, 460284
17756, 460284
17756, 460284
17756, 460284
17756, 460284
17756, 460284
17756, 460284
17756, 460284
17756, 460284
17756, 460284
17756, 460284
17756, 460284
17756, 460284
17756, 460284
17756, 460284
17756, 460284
17756, 460284
17756, 460284
17756, 460284
17756, 460284
17756, 460284
17756, 460284
17756, 460284
17756, 460284
17756, 460284
17756, 460284
17756, 460284
17756, 460284
17756, 460284
17756, 460284
17756, 460284
17756, 460284
17756, 460284
17756, 460284
17756, 460284
17756, 460284
17756, 460284
17756, 460284
17756, 460284
17756, 460284
17756, 460284
17756, 460284
17756, 460284
17756, 460284
17756, 460284
17756, 460284
17756, 460284
17756, 460284
17756, 460284
17756, 460284
17756, 460284
17756, 460284
17756, 460284
17756, 460284
17756, 460284
17756, 460284
17756, 460284
17756, 460284
17756, 460284
17756, 460284
17756, 460284
17756, 460284
17756, 460284
17756, 460284
17756, 460284
17756, 460284
17756, 460284
17756, 460284
17756, 460284
17756, 460284
17756, 460284
17756, 460284
17756, 460284
17756, 460284
17756, 460284
17756, 460284
17756, 460284
17756, 460284
17756, 460284
17756, 460284
17756, 460284
17756, 460284
17756, 460284
17756, 460284
17756, 460284
17756, 460284
17756, 460284
17756, 460284
17756, 460284
17756, 460284
17756, 460284
17756, 460284
17756, 460284
17756, 460284
17756, 460284
17756, 460284
17756, 460284
17756, 460284
17756, 460284
17756, 460284
17756, 460284
17756, 460284
17756, 460284
17756, 460284
17756, 460284
17756, 460284
17756, 460284
17756, 460284
17756, 460284
17756, 460284
17756, 460284
17756, 460284
17756, 460284
17756, 460284
17756, 460284
17756, 460284
17756, 460284
17756, 460284
17756, 460284
17756, 460284
17756, 460284
17756, 460284
17756, 460284
17756, 460284
17756, 460284
17756, 460284
17756, 460284
17756, 460284
17756, 460284
17756, 460284
17756, 460284
17756, 460284
17756, 460284
17756, 460284
17756, 460284
17756, 460284
17756, 460284
17756, 460284
17756, 460284
17756, 460284
17756, 460284
17756, 460284
17756, 460284
17756, 460284
17756, 460284
17756, 460284
17756, 460284
17756, 460284
17756, 460284
17756, 460284
17756, 460284
17756, 460284
17756, 460284
17756, 460284
17756, 460284
17756, 460284
17756, 460284
17756, 460284
17756, 460284
17756, 460284
17756, 460284
17756, 460284
17756, 460284
17756, 460284
17756, 460284
17756, 460284
17756, 460284
17756, 460284
17756, 460284
17756, 460284
17756, 460284
17756, 460284
17756, 460284
17756, 460284
17756, 460284
17756, 460284
17756, 460284
17756, 460284
17756, 460284
17756, 460284
17756, 460284
17756, 460284
17756, 460284
17756, 460284
17756, 460284
17756, 460284
17756, 460284
17756, 460284
17756, 460284
17756, 460284
17756, 460284
17756, 460284
17756, 460284
17756, 460284
17756, 460284
17756, 460284
17756, 460284
17756, 460284
17756, 460284
17756, 460284
17756, 460284
17756, 460284
17756, 460284
17756, 460284
17756, 460284
17756, 460284
17756, 460284
17756, 460284
17756, 460284
17756, 460284
17756, 460284
17756, 460284
17756, 460284
17756, 460284
17756, 460284
17756, 460284
17756, 460284
17756, 460284
17756, 460284
17756, 460284
17756, 460284
17756, 460284
17756, 460284
17756, 460284
17756, 460284
17756, 460284
17756, 460284
17756, 460284
17756, 460284
17756, 460284
17756, 460284
17756, 460284
17756, 460284
17756, 460284
17756, 460284
17756, 460284
17756, 460284
17756, 460284
17756, 460284
17756, 460284
17756, 460284
17756, 460284
17756, 460284
17756, 460284
17756, 460284
17756, 460284
17756, 460284
17756, 460284
17756, 460284
17756, 460284
17756, 460284
17756, 460284
17756, 460284
17756, 460284
17756, 460284
17756, 460284
17756, 460284
17756, 460284
17756, 460284
17756, 460284
17756, 460284
17756, 460284
17756, 460284
17756, 460284
17756, 460284
17756, 460284
17756, 460284
17756, 460284
17756, 460284
17756, 460284
17756, 460284
17756, 460284
17756, 460284
17756, 460284
17756, 460284
17756, 460284
17756, 460284
17756, 460284
17756, 460284
17756, 460284
17756, 460284
17756, 460284
17756, 460284
17756, 460284
17756, 460284
17756, 460284
17756, 460284
17756, 460284
17756, 460284
17756, 460284
17756, 460284
17756, 460284
17756, 460284
17756, 460284
17756, 460284
17756, 460284
17756, 460284
17756, 460284
17756, 460284
17756, 460284
17756, 460284
17756, 460284
17756, 460284
17756, 460284
17756, 460284
17756, 460284
17756, 460284
17756, 460284
17756, 460284
17756, 460284
17756, 460284
17756, 460284
17756, 460284
17756, 460284
17756, 460284
17756, 460284
17756, 460284
17756, 460284
17756, 460284
17756, 460284
17756, 460284
17756, 460284
17756, 460284
17756, 460284
17756, 460284
17756, 460284
17756, 460284
17756, 460284
17756, 460284
17756, 460284
17756, 460284
17756, 460284
17756, 460284
17756, 460284
17756, 460284
17756, 460284
17756, 460284
17756, 460284
17756, 460284
17756, 460284
17756, 460284
17756, 460284
17756, 460284
17756, 460284
17756, 460284
17756, 460284
17756, 460284
17756, 460284
17756, 460284
17756, 460284
17756, 460284
17756, 460284
17756, 460284
17756, 460284
17756, 460284
17756, 460284
17756, 460284
17756, 460284
17756, 460284
17756, 460284
17756, 460284
17756, 460284
17756, 460284
17756, 460284
17756, 460284
17756, 460284
17756, 460284
17756, 460284
17756, 460284
17756, 460284
17756, 460284
17756, 460284
17756, 460284
17756, 460284
17756, 460284
17756, 460284
17756, 460284
17756, 460284
17756, 460284
17756, 460284
17756, 460284
17756, 460284
17756, 460284
17756, 460284
17756, 460284
17756, 460284
17756, 460284
17756, 460284
17756, 460284
17756, 460284
17756, 460284
17756, 460284
17756, 460284
17756, 460284
17756, 460284
17756, 460284
17756, 460284
17756, 460284
17756, 460284
17756, 460284
17756, 460284
17756, 460284
17756, 460284
17756, 460284
17756, 460284
17756, 460284
17756, 460284
17756, 460284
17756, 460284
17756, 460284
17756, 460284
17756, 460284
17756, 460284
17756, 460284
17756, 460284
17756, 460284
17756, 460284
17756, 460284
17756, 460284
17756, 460284
17756, 460284
17756, 460284
17756, 460284
17756, 460284
17756, 460284
17756, 460284
17756, 460284
17756, 460284
17756, 460284
17756, 460284
17756, 460284
17756, 460284
17756, 460284
17756, 460284
17756, 460284
17756, 460284
17756, 460284
17756, 460284
17756, 460284
17756, 460284
17756, 460284
17756, 460284
17756, 460284
17756, 460284
17756, 460284
17756, 460284
17756, 460284
17756, 460284
17756, 460284
17756, 460284
17756, 460284
17756, 460284
17756, 460284
17756, 460284
17756, 460284
17756, 460284
17756, 460284
17756, 460284
17756, 460284
17756, 460284
17756, 460284
17756, 460284
17756, 460284
17756, 460284
17756, 460284
17756, 460284
17756, 460284
17756, 460284
17756, 460284
17756, 460284
17756, 460284
17756, 460284
17756, 460284
17756, 460284
17756, 460284
17756, 460284
17756, 460284
17756, 460284
17756, 460284
17756, 460284
17756, 460284
17756, 460284
17756, 460284
17756, 460284
17756, 460284
17756, 460284
17756, 460284
17756, 460284
17756, 460284
17756, 460284
17756, 460284
17756, 460284
17756, 460284
17756, 460284
17756, 460284
17756, 460284
17756, 460284
17756, 460284
17756, 460284
17756, 460284
17756, 460284
17756, 460284
17756, 460284
17756, 460284
17756, 460284
17756, 460284
17756, 460284
17756, 460284
17756, 460284
17756, 460284
17756, 460284
17756, 460284
17756, 460284
17756, 460284
17756, 460284
17756, 460284
17756, 460284
17756, 460284
17756, 460284
17756, 460284
17756, 460284
17756, 460284
17756, 460284
17756, 460284
17756, 460284
17756, 460284
17756, 460284
17756, 460284
17756, 460284
17756, 460284
17756, 460284
17756, 460284
17756, 460284
17756, 460284
17756, 460284
17756, 460284
17756, 460284
17756, 460284
17756, 460284
17756, 460284
17756, 460284
17756, 460284
17756, 460284
17756, 460284
17756, 460284
17756, 460284
17756, 460284
17756, 460284
17756, 460284
17756, 460284
17756, 460284
17756, 460284
17756, 460284
17756, 460284
17756, 460284
17756, 460284
17756, 460284
17756, 460284
17756, 460284
17756, 460284
17756, 460284
17756, 460284
17756, 460284
17756, 460284
17756, 460284
17756, 460284
17756, 460284
17756, 460284
17756, 460284
17756, 460284
17756, 460284
17756, 460284
17756, 460284
17756, 460284
17756, 460284
17756, 460284
17756, 460284
17756, 460284
17756, 460284
17756, 460284
17756, 460284
17756, 460284
17756, 460284
17756, 460284
17756, 460284
17756, 460284
17756, 460284
17756, 460284
17756, 460284
17756, 460284
17756, 460284
17756, 460284
17756, 460284
17756, 460284
17756, 460284
17756, 460284
17756, 460284
17756, 460284
17756, 460284
17756, 460284
17756, 460284
17756, 460284
17756, 460284
17756, 460284
17756, 460284
17756, 460284
17756, 460284
17756, 460284
17756, 460284
17756, 460284
17756, 460284
17756, 460284
17756, 460284
17756, 460284
17756, 460284
17756, 460284
17756, 460284
17756, 460284
17756, 460284
17756, 460284
17756, 460284
17756, 460284
17756, 460284
17756, 460284
17756, 460284
17756, 460284
17756, 460284
17756, 460284
17756, 460284
17756, 460284
17756, 460284
17756, 460284
17756, 460284
17756, 460284
17756, 460284
17756, 460284
17756, 460284
17756, 460284
17756, 460284
17756, 460284
17756, 460284
17756, 460284
17756, 460284
17756, 460284
17756, 460284
17756, 460284
17756, 460284
17756, 460284
17756, 460284
17756, 460284
17756, 460284
17756, 460284
17756, 460284
17756, 460284
17756, 460284
17756, 460284
17756, 460284
17756, 460284
17756, 460284
17756, 460284
17756, 460284
17756, 460284
17756, 460284
17756, 460284
17756, 460284
17756, 460284
17756, 460284
17756, 460284
17756, 460284
17756, 460284
17756, 460284
17756, 460284
17756, 460284
17756, 460284
17756, 460284
17756, 460284
17756, 460284
17756, 460284
17756, 460284
17756, 460284
17756, 460284
17756, 460284
17756, 460284
17756, 460284
17756, 460284
17756, 460284
17756, 460284
17756, 460284
17756, 460284
17756, 460284
17756, 460284
17756, 460284
17756, 460284
17756, 460284
17756, 460284
17756, 460284
17756, 460284
17756, 460284
17756, 460284
17756, 460284
17756, 460284
17756, 460284
17756, 460284
17756, 460284
17756, 460284
17756, 460284
17756, 460284
17756, 460284
17756, 460284
17756, 460284
17756, 460284
17756, 460284
17756, 460284
17756, 460284
17756, 460284
17756, 460284
17756, 460284
17756, 460284
17756, 460284
17756, 460284
17756, 460284
17756, 460284
17756, 460284
17756, 460284
17756, 460284
17756, 460284
17756, 460284
17756, 460284
17756, 460284
17756, 460284
17756, 460284
17756, 460284
17756, 460284
17756, 460284
17756, 460284
17756, 460284
17756, 460284
17756, 460284
17756, 460284
17756, 460284
17756, 460284
17756, 460284
17756, 460284
17756, 460284
17756, 460284
17756, 460284
17756, 460284
17756, 460284
17756, 460284
17756, 460284
17756, 460284
17756, 460284
17756, 460284
17756, 460284
17756, 460284
17756, 460284
17756, 460284
17756, 460284
17756, 460284
17756, 460284
17756, 460284
17756, 460284
17756, 460284
17756, 460284
17756, 460284
17756, 460284
17756, 460284
17756, 460284
17756, 460284
17756, 460284
17756, 460284
17756, 460284
17756, 460284
17756, 460284
17756, 460284
17756, 460284
17756, 460284
17756, 460284
17756, 460284
17756, 460284
17756, 460284
17756, 460284
17756, 460284
17756, 460284
17756, 460284
17756, 460284
17756, 460284
17756, 460284
17756, 460284
17756, 460284
17756, 460284
17756, 460284
17756, 460284
17756, 460284
17756, 460284
17756, 460284
17756, 460284
17756, 460284
17756, 460284
17756, 460284
17756, 460284
17756, 460284
17756, 460284
17756, 460284
17756, 460284
17756, 460284
17756, 460284
17756, 460284
17756, 460284
17756, 460284
17756, 460284
17756, 460284
17756, 460284
17756, 460284
17756, 460284
17756, 460284
17756, 460284
17756, 460284
17756, 460284
17756, 460284
17756, 460284
17756, 460284
17756, 460284
17756, 460284
17756, 460284
17756, 460284
17756, 460284
17756, 460284
17756, 460284
17756, 460284
17756, 460284
17756, 460284
17756, 460284
17756, 460284
17756, 460284
17756, 460284
17756, 460284
17756, 460284
17756, 460284
17756, 460284
17756, 460284
17756, 460284
17756, 460284
17756, 460284
17756, 460284
17756, 460284
17756, 460284
17756, 460284
17756, 460284
17756, 460284
17756, 460284
17756, 460284
17756, 460284
17756, 460284
17756, 460284
17756, 460284
17756, 460284
17756, 460284
17756, 460284
17756, 460284
17756, 460284
17756, 460284
17756, 460284
17756, 460284
17756, 460284
17756, 460284
17756, 460284
17756, 460284
17756, 460284
17756, 460284
17756, 460284
17756, 460284
17756, 460284
17756, 460284
17756, 460284
17756, 460284
17756, 460284
17756, 460284
17756, 460284
17756, 460284
17756, 460284
17756, 460284
17756, 460284
17756, 460284
17756, 460284
17756, 460284
17756, 460284
17756, 460284
17756, 460284
17756, 460284
17756, 460284
17756, 460284
17756, 460284
17756, 460284
17756, 460284
17756, 460284
17756, 460284
17756, 460284
17756, 460284
17756, 460284
17756, 460284
17756, 460284
17756, 460284
17756, 460284
17756, 460284
17756, 460284
17756, 460284
17756, 460284
17756, 460284
17756, 460284
17756, 460284
17756, 460284
17756, 460284
17756, 460284
17756, 460284
17756, 460284
17756, 460284
17756, 460284
17756, 460284
17756, 460284
17756, 460284
17756, 460284
17756, 460284
17756, 460284
17756, 460284
17756, 460284
17756, 460284
17756, 460284
17756, 460284
17756, 460284
17756, 460284
17756, 460284
17756, 460284
17756, 460284
17756, 460284
17756, 460284
17756, 460284
17756, 460284
17756, 460284
17756, 460284
17756, 460284
17756, 460284
17756, 460284
17756, 460284
17756, 460284
17756, 460284
17756, 460284
17756, 460284
17756, 460284
17756, 460284
17756, 460284
17756, 460284
17756, 460284
17756, 460284
17756, 460284
17756, 460284
17756, 460284
17756, 460284
17756, 460284
17756, 460284
17756, 460284
17756, 460284
17756, 460284
17756, 460284
17756, 460284
17756, 460284
17756, 460284
17756, 460284
17756, 460284
17756, 460284
17756, 460284
17756, 460284
17756, 460284
17756, 460284
17756, 460284
17756, 460284
17756, 460284
17756, 460284
17756, 460284
17756, 460284
17756, 460284
17756, 460284
17756, 460284
17756, 460284
17756, 460284
17756, 460284
17756, 460284
17756, 460284
17756, 460284
17756, 460284
17756, 460284
17756, 460284
17756, 460284
17756, 460284
17756, 460284
17756, 460284
17756, 460284
17756, 460284
17756, 460284
17756, 460284
17756, 460284
17756, 460284
17756, 460284
17756, 460284
17756, 460284
17756, 460284
17756, 460284
17756, 460284
17756, 460284
17756, 460284
17756, 460284
17756, 460284
17756, 460284
17756, 460284
17756, 460284
17756, 460284
17756, 460284
17756, 460284
17756, 460284
17756, 460284
17756, 460284
17756, 460284
17756, 460284
17756, 460284
17756, 460284
17756, 460284
17756, 460284
17756, 460284
17756, 460284
17756, 460284
17756, 460284
17756, 460284
17756, 460284
17756, 460284
17756, 460284
17756, 460284
17756, 460284
17756, 460284
17756, 460284
17756, 460284
17756, 460284
17756, 460284
17756, 460284
17756, 460284
17756, 460284
17756, 460284
17756, 460284
17756, 460284
17756, 460284
17756, 460284
17756, 460284
17756, 460284
17756, 460284
17756, 460284
17756, 460284
17756, 460284
17756, 460284
17756, 460284
17756, 460284
17756, 460284
17756, 460284
17756, 460284
17756, 460284
17756, 460284
17756, 460284
17756, 460284
17756, 460284
17756, 460284
17756, 460284
17756, 460284
17756, 460284
17756, 460284
17756, 460284
17756, 460284
17756, 460284
17756, 460284
17756, 460284
17756, 460284
17756, 460284
17756, 460284
17756, 460284
17756, 460284
17756, 460284
17756, 460284
17756, 460284
17756, 460284
17756, 460284
17756, 460284
17756, 460284
17756, 460284
17756, 460284
17756, 460284
17756, 460284
17756, 460284
17756, 460284
17756, 460284
17756, 460284
17756, 460284
17756, 460284
17756, 460284
17756, 460284
17756, 460284
17756, 460284
17756, 460284
17756, 460284
17756, 460284
17756, 460284
17756, 460284
17756, 460284
17756, 460284
17756, 460284
17756, 460284
17756, 460284
17756, 460284
17756, 460284
17756, 460284
17756, 460284
17756, 460284
17756, 460284
17756, 460284
17756, 460284
17756, 460284
17756, 460284
17756, 460284
17756, 460284
17756, 460284
17756, 460284
17756, 460284
17756, 460284
17756, 460284
17756, 460284
17756, 460284
17756, 460284
17756, 460284
17756, 460284
17756, 460284
17756, 460284
17756, 460284
17756, 460284
17756, 460284
17756, 460284
17756, 460284
17756, 460284
17756, 460284
17756, 460284
17756, 460284
17756, 460284
17756, 460284
17756, 460284
17756, 460284
17756, 460284
17756, 460284
17756, 460284
17756, 460284
17756, 460284
17756, 460284
17756, 460284
17756, 460284
17756, 460284
17756, 460284
17756, 460284
17756, 460284
17756, 460284
17756, 460284
17756, 460284
17756, 460284
17756, 460284
17756, 460284
17756, 460284
17756, 460284
17756, 460284
17756, 460284
17756, 460284
17756, 460284
17756, 460284
17756, 460284
17756, 460284
17756, 460284
17756, 460284
17756, 460284
17756, 460284
17756, 460284
17756, 460284
17756, 460284
17756, 460284
17756, 460284
17756, 460284
17756, 460284
17756, 460284
17756, 460284
17756, 460284
17756, 460284
17756, 460284
17756, 460284
17756, 460284
17756, 460284
17756, 460284
17756, 460284
17756, 460284
17756, 460284
17756, 460284
17756, 460284
17756, 460284
17756, 460284
17756, 460284
17756, 460284
17756, 460284
17756, 460284
17756, 460284
17756, 460284
17756, 460284
17756, 460284
17756, 460284
17756, 460284
17756, 460284
17756, 460284
17756, 460284
17756, 460284
17756, 460284
17756, 460284
17756, 460284
17756, 460284
17756, 460284
17756, 460284
17756, 460284
17756, 460284
17756, 460284
17756, 460284
17756, 460284
17756, 460284
17756, 460284
17756, 460284
17756, 460284
17756, 460284
17756, 460284
17756, 460284
17756, 460284
17756, 460284
17756, 460284
17756, 460284
17756, 460284
17756, 460284
17756, 460284
17756, 460284
17756, 460284
17756, 460284
17756, 460284
17756, 460284
17756, 460284
17756, 460284
17756, 460284
17756, 460284
17756, 460284
17756, 460284
17756, 460284
17756, 460284
17756, 460284
17756, 460284
17756, 460284
17756, 460284
17756, 460284
17756, 460284
17756, 460284
17756, 460284
17756, 460284
17756, 460284
17756, 460284
17756, 460284
17756, 460284
17756, 460284
17756, 460284
17756, 460284
17756, 460284
17756, 460284
17756, 460284
17756, 460284
17756, 460284
17756, 460284
17756, 460284
17756, 460284
17756, 460284
17756, 460284
17756, 460284
17756, 460284
17756, 460284
17756, 460284
17756, 460284
17756, 460284
17756, 460284
17756, 460284
17756, 460284
17756, 460284
17756, 460284
17756, 460284
17756, 460284
17756, 460284
17756, 460284
17756, 460284
17756, 460284
17756, 460284
17756, 460284
17756, 460284
17756, 460284
17756, 460284
17756, 460284
17756, 460284
17756, 460284
17756, 460284
17756, 460284
17756, 460284
17756, 460284
17756, 460284
17756, 460284
17756, 460284
17756, 460284
17756, 460284
17756, 460284
17756, 460284
17756, 460284
17756, 460284
17756, 460284
17756, 460284
17756, 460284
17756, 460284
17756, 460284
17756, 460284
17756, 460284
17756, 460284
17756, 460284
17756, 460284
17756, 460284
17756, 460284
17756, 460284
17756, 460284
17756, 460284
17756, 460284
17756, 460284
17756, 460284
17756, 460284
17756, 460284
17756, 460284
17756, 460284
17756, 460284
17756, 460284
17756, 460284
17756, 460284
17756, 460284
17756, 460284
17756, 460284
17756, 460284
17756, 460284
17756, 460284
17756, 460284
17756, 460284
17756, 460284
17756, 460284
17756, 460284
17756, 460284
17756, 460284
17756, 460284
17756, 460284
17756, 460284
17756, 460284
17756, 460284
17756, 460284
17756, 460284
17756, 460284
17756, 460284
17756, 460284
17756, 460284
17756, 460284
17756, 460284
17756, 460284
17756, 460284
17756, 460284
17756, 460284
17756, 460284
17756, 460284
17756, 460284
17756, 460284
17756, 460284
17756, 460284
17756, 460284
17756, 460284
17756, 460284
17756, 460284
17756, 460284
17756, 460284
17756, 460284
17756, 460284
17756, 460284
17756, 460284
17756, 460284
17756, 460284
17756, 460284
17756, 460284
17756, 460284
17756, 460284
17756, 460284
17756, 460284
17756, 460284
17756, 460284
17756, 460284
17756, 460284
17756, 460284
17756, 460284
17756, 460284
17756, 460284
17756, 460284
17756, 460284
17756, 460284
17756, 460284
17756, 460284
17756, 460284
17756, 460284
17756, 460284
17756, 460284
17756, 460284
17756, 460284
17756, 460284
17756, 460284
17756, 460284
17756, 460284
17756, 460284
17756, 460284
17756, 460284
17756, 460284
17756, 460284
17756, 460284
17756, 460284
17756, 460284
17756, 460284
17756, 460284
17756, 460284
17756, 460284
17756, 460284
17756, 460284
17756, 460284
17756, 460284
17756, 460284
17756, 460284
17756, 460284
17756, 460284
17756, 460284
17756, 460284
17756, 460284
17756, 460284
17756, 460284
17756, 460284
17756, 460284
17756, 460284
17756, 460284
17756, 460284
17756, 460284
17756, 460284
17756, 460284
17756, 460284
17756, 460284
17756, 460284
17756, 460284
17756, 460284
17756, 460284
17756, 460284
17756, 460284
17756, 460284
17756, 460284
17756, 460284
17756, 460284
17756, 460284
17756, 460284
17756, 460284
17756, 460284
17756, 460284
17756, 460284
17756, 460284
17756, 460284
17756, 460284
17756, 460284
17756, 460284
17756, 460284
17756, 460284
17756, 460284
17756, 460284
17756, 460284
17756, 460284
17756, 460284
17756, 460284
17756, 460284
17756, 460284
17756, 460284
17756, 460284
17756, 460284
17756, 460284
17756, 460284
17756, 460284
17756, 460284
17756, 460284
17756, 460284
17756, 460284
17756, 460284
17756, 460284
17756, 460284
17756, 460284
17756, 460284
17756, 460284
17756, 460284
17756, 460284
17756, 460284
17756, 460284
17756, 460284
17756, 460284
17756, 460284
17756, 460284
17756, 460284
17756, 460284
17756, 460284
17756, 460284
17756, 460284
17756, 460284
17756, 460284
17756, 460284
17756, 460284
17756, 460284
17756, 460284
17756, 460284
17756, 460284
17756, 460284
17756, 460284
17756, 460284
17756, 460284
17756, 460284
17756, 460284
17756, 460284
17756, 460284
17756, 460284
17756, 460284
17756, 460284
17756, 460284
17756, 460284
17756, 460284
17756, 460284
17756, 460284
17756, 460284
17756, 460284
17756, 460284
17756, 460284
17756, 460284
17756, 460284
17756, 460284
17756, 460284
17756, 460284
17756, 460284
17756, 460284
17756, 460284
17756, 460284
17756, 460284
17756, 460284
17756, 460284
17756, 460284
17756, 460284
17756, 460284
17756, 460284
17756, 460284
17756, 460284
17756, 460284
17756, 460284
17756, 460284
17756, 460284
17756, 460284
17756, 460284
17756, 460284
17756, 460284
17756, 460284
17756, 460284
17756, 460284
17756, 460284
17756, 460284
17756, 460284
17756, 460284
17756, 460284
17756, 460284
17756, 460284
17756, 460284
17756, 460284
17756, 460284
17756, 460284
17756, 460284
17756, 460284
17756, 460284
17756, 460284
17756, 460284
17756, 460284
17756, 460284
17756, 460284
17756, 460284
17756, 460284
17756, 460284
17756, 460284
17756, 460284
17756, 460284
17756, 460284
17756, 460284
17756, 460284
17756, 460284
17756, 460284
17756, 460284
17756, 460284
17756, 460284
17756, 460284
17756, 460284
17756, 460284
17756, 460284
17756, 460284
17756, 460284
17756, 460284
17756, 460284
17756, 460284
17756, 460284
17756, 460284
17756, 460284
17756, 460284
17756, 460284
17756, 460284
17756, 460284
17756, 460284
17756, 460284
17756, 460284
17756, 460284
17756, 460284
17756, 460284
17756, 460284
17756, 460284
17756, 460284
17756, 460284
17756, 460284
17756, 460284
17756, 460284
17756, 460284
17756, 460284
17756, 460284
17756, 460284
17756, 460284
17756, 460284
17756, 460284
17756, 460284
17756, 460284
17756, 460284
17756, 460284
17756, 460284
17756, 460284
17756, 460284
17756, 460284
17756, 460284
17756, 460284
17756, 460284
17756, 460284
17756, 460284
17756, 460284
17756, 460284
17756, 460284
17756, 460284
17756, 460284
17756, 460284
17756, 460284
17756, 460284
17756, 460284
17756, 460284
17756, 460284
17756, 460284
17756, 460284
17756, 460284
17756, 460284
17756, 460284
17756, 460284
17756, 460284
17756, 460284
17756, 460284
17756, 460284
17756, 460284
17756, 460284
17756, 460284
17756, 460284
17756, 460284
17756, 460284
17756, 460284
17756, 460284
17756, 460284
17756, 460284
17756, 460284
17756, 460284
17756, 460284
17756, 460284
17756, 460284
17756, 460284
17756, 460284
17756, 460284
17756, 460284
17756, 460284
17756, 460284
17756, 460284
17756, 460284
17756, 460284
17756, 460284
17756, 460284
17756, 460284
17756, 460284
17756, 460284
17756, 460284
17756, 460284
17756, 460284
17756, 460284
17756, 460284
17756, 460284
17756, 460284
17756, 460284
17756, 460284
17756, 460284
17756, 460284
17756, 460284
17756, 460284
17756, 460284
17756, 460284
17756, 460284
17756, 460284
17756, 460284
17756, 460284
17756, 460284
17756, 460284
17756, 460284
17756, 460284
17756, 460284
17756, 460284
17756, 460284
17756, 460284
17756, 460284
17756, 460284
17756, 460284
17756, 460284
17756, 460284
17756, 460284
17756, 460284
17756, 460284
17756, 460284
17756, 460284
17756, 460284
17756, 460284
17756, 460284
17756, 460284
17756, 460284
17756, 460284
17756, 460284
17756, 460284
17756, 460284
17756, 460284
17756, 460284
17756, 460284
17756, 460284
17756, 460284
17756, 460284
17756, 460284
17756, 460284
17756, 460284
17756, 460284
17756, 460284
17756, 460284
17756, 460284
17756, 460284
17756, 460284
17756, 460284
17756, 460284
17756, 460284
17756, 460284
17756, 460284
17756, 460284
17756, 460284
17756, 460284
17756, 460284
17756, 460284
17756, 460284
17756, 460284
17756, 460284
17756, 460284
17756, 460284
17756, 460284
17756, 460284
17756, 460284
17756, 460284
17756, 460284
17756, 460284
17756, 460284
17756, 460284
17756, 460284
17756, 460284
17756, 460284
17756, 460284
17756, 460284
17756, 460284
17756, 460284
17756, 460284
17756, 460284
17756, 460284
17756, 460284
17756, 460284
17756, 460284
17756, 460284
17756, 460284
17756, 460284
17756, 460284
17756, 460284
17756, 460284
17756, 460284
17756, 460284
17756, 460284
17756, 460284
17756, 460284
17756, 460284
17756, 460284
17756, 460284
17756, 460284
17756, 460284
17756, 460284
17756, 460284
17756, 460284
17756, 460284
17756, 460284
17756, 460284
17756, 460284
17756, 460284
17756, 460284
17756, 460284
17756, 460284
17756, 460284
17756, 460284
17756, 460284
17756, 460284
17756, 460284
17756, 460284
17756, 460284
17756, 460284
17756, 460284
17756, 460284
17756, 460284
17756, 460284
17756, 460284
17756, 460284
17756, 460284
17756, 460284
17756, 460284
17756, 460284
17756, 460284
17756, 460284
17756, 460284
17756, 460284
17756, 460284
17756, 460284
17756, 460284
17756, 460284
17756, 460284
17756, 460284
17756, 460284
17756, 460284
17756, 460284
17756, 460284
17756, 460284
17756, 460284
17756, 460284
17756, 460284
17756, 460284
17756, 460284
17756, 460284
17756, 460284
17756, 460284
17756, 460284
17756, 460284
17756, 460284
17756, 460284
17756, 460284
17756, 460284
17756, 460284
17756, 460284
17756, 460284
17756, 460284
17756, 460284
17756, 460284
17756, 460284
17756, 460284
17756, 460284
17756, 460284
17756, 460284
17756, 460284
17756, 460284
17756, 460284
17756, 460284
17756, 460284
17756, 460284
17756, 460284
17756, 460284
17756, 460284
17756, 460284
17756, 460284
17756, 460284
17756, 460284
17756, 460284
17756, 460284
17756, 460284
17756, 460284
17756, 460284
17756, 460284
17756, 460284
17756, 460284
17756, 460284
17756, 460284
17756, 460284
17756, 460284
17756, 460284
17756, 460284
17756, 460284
17756, 460284
17756, 460284
17756, 460284
17756, 460284
17756, 460284
17756, 460284
17756, 460284
17756, 460284
17756, 460284
17756, 460284
17756, 460284
17756, 460284
17756, 460284
17756, 460284
17756, 460284
17756, 460284
17756, 460284
17756, 460284
17756, 460284
17756, 460284
17756, 460284
17756, 460284
17756, 460284
17756, 460284
17756, 460284
17756, 460284
17756, 460284
17756, 460284
17756, 460284
17756, 460284
17756, 460284
17756, 460284
17756, 460284
17756, 460284
17756, 460284
17756, 460284
17756, 460284
17756, 460284
17756, 460284
17756, 460284
17756, 460284
17756, 460284
17756, 460284
17756, 460284
17756, 460284
17756, 460284
17756, 460284
17756, 460284
17756, 460284
17756, 460284
17756, 460284
17756, 460284
17756, 460284
17756, 460284
17756, 460284
17756, 460284
17756, 460284
17756, 460284
17756, 460284
17756, 460284
17756, 460284
17756, 460284
17756, 460284
17756, 460284
17756, 460284
17756, 460284
17756, 460284
17756, 460284
17756, 460284
17756, 460284
17756, 460284
17756, 460284
17756, 460284
17756, 460284
17756, 460284
17756, 460284
17756, 460284
17756, 460284
17756, 460284
17756, 460284
17756, 460284
17756, 460284
17756, 460284
17756, 460284
17756, 460284
17756, 460284
17756, 460284
17756, 460284
17756, 460284
17756, 460284
17756, 460284
17756, 460284
17756, 460284
17756, 460284
17756, 460284
17756, 460284
17756, 460284
17756, 460284
17756, 460284
17756, 460284
17756, 460284
17756, 460284
17756, 460284
17756, 460284
17756, 460284
17756, 460284
17756, 460284
17756, 460284
17756, 460284
17756, 460284
17756, 460284
17756, 460284
17756, 460284
17756, 460284
17756, 460284
17756, 460284
17756, 460284
17756, 460284
17756, 460284
17756, 460284
17756, 460284
17756, 460284
17756, 460284
17756, 460284
17756, 460284
17756, 460284
17756, 460284
17756, 460284
17756, 460284
17756, 460284
17756, 460284
17756, 460284
17756, 460284
17756, 460284
17756, 460284
17756, 460284
17756, 460284
17756, 460284
17756, 460284
17756, 460284
17756, 460284
17756, 460284
17756, 460284
17756, 460284
17756, 460284
17756, 460284
17756, 460284
17756, 460284
17756, 460284
17756, 460284
17756, 460284
17756, 460284
17756, 460284
17756, 460284
17756, 460284
17756, 460284
17756, 460284
17756, 460284
17756, 460284
17756, 460284
17756, 460284
17756, 460284
17756, 460284
17756, 460284
17756, 460284
17756, 460284
17756, 460284
17756, 460284
17756, 460284
17756, 460284
17756, 460284
17756, 460284
17756, 460284
17756, 460284
17756, 460284
17756, 460284
17756, 460284
17756, 460284
17756, 460284
17756, 460284
17756, 460284
17756, 460284
17756, 460284
17756, 460284
17756, 460284
17756, 460284
17756, 460284
17756, 460284
17756, 460284
17756, 460284
17756, 460284
17756, 460284
17756, 460284
17756, 460284
17756, 460284
17756, 460284
17756, 460284
17756, 460284
17756, 460284
17756, 460284
17756, 460284
17756, 460284
17756, 460284
17756, 460284
17756, 460284
17756, 460284
17756, 460284
17756, 460284
17756, 460284
17756, 460284
17756, 460284
17756, 460284
17756, 460284
17756, 460284
17756, 460284
17756, 460284
17756, 460284
17756, 460284
17756, 460284
17756, 460284
17756, 460284
17756, 460284
17756, 460284
17756, 460284
17756, 460284
17756, 460284
17756, 460284
17756, 460284
17756, 460284
17756, 460284
17756, 460284
17756, 460284
17756, 460284
17756, 460284
17756, 460284
17756, 460284
17756, 460284
17756, 460284
17756, 460284
17756, 460284
17756, 460284
17756, 460284
17756, 460284
17756, 460284
17756, 460284
17756, 460284
17756, 460284
17756, 460284
17756, 460284
17756, 460284
17756, 460284
17756, 460284
17756, 460284
17756, 460284
17756, 460284
17756, 460284
17756, 460284
17756, 460284
17756, 460284
17756, 460284
17756, 460284
17756, 460284
17756, 460284
17756, 460284
17756, 460284
17756, 460284
17756, 460284
17756, 460284
17756, 460284
17756, 460284
17756, 460284
17756, 460284
17756, 460284
17756, 460284
17756, 460284
17756, 460284
17756, 460284
17756, 460284
17756, 460284
17756, 460284
17756, 460284
17756, 460284
17756, 460284
17756, 460284
17756, 460284
17756, 460284
17756, 460284
17756, 460284
17756, 460284
17756, 460284
17756, 460284
17756, 460284
17756, 460284
17756, 460284
17756, 460284
17756, 460284
17756, 460284
17756, 460284
17756, 460284
17756, 460284
17756, 460284
17756, 460284
17756, 460284
17756, 460284
17756, 460284
17756, 460284
17756, 460284
17756, 460284
17756, 460284
17756, 460284
17756, 460284
17756, 460284
17756, 460284
17756, 460284
17756, 460284
17756, 460284
17756, 460284
17756, 460284
17756, 460284
17756, 460284
17756, 460284
17756, 460284
17756, 460284
17756, 460284
17756, 460284
17756, 460284
17756, 460284
17756, 460284
17756, 460284
17756, 460284
17756, 460284
17756, 460284
17756, 460284
17756, 460284
17756, 460284
17756, 460284
17756, 460284
17756, 460284
17756, 460284
17756, 460284
17756, 460284
17756, 460284
17756, 460284
17756, 460284
17756, 460284
17756, 460284
17756, 460284
17756, 460284
17756, 460284
17756, 460284
17756, 460284
17756, 460284
17756, 460284
17756, 460284
17756, 460284
17756, 460284
17756, 460284
17756, 460284
17756, 460284
17756, 460284
17756, 460284
17756, 460284
17756, 460284
17756, 460284
17756, 460284
17756, 460284
17756, 460284
17756, 460284
17756, 460284
17756, 460284
17756, 460284
17756, 460284
17756, 460284
17756, 460284
17756, 460284
17756, 460284
17756, 460284
17756, 460284
17756, 460284
17756, 460284
17756, 460284
17756, 460284
17756, 460284
17756, 460284
17756, 460284
17756, 460284
17756, 460284
17756, 460284
17756, 460284
17756, 460284
17756, 460284
17756, 460284
17756, 460284
17756, 460284
17756, 460284
17756, 460284
17756, 460284
17756, 460284
17756, 460284
17756, 460284
17756, 460284
17756, 460284
17756, 460284
17756, 460284
17756, 460284
17756, 460284
17756, 460284
17756, 460284
17756, 460284
17756, 460284
17756, 460284
17756, 460284
17756, 460284
17756, 460284
17756, 460284
17756, 460284
17756, 460284
17756, 460284
17756, 460284
17756, 460284
17756, 460284
17756, 460284
17756, 460284
17756, 460284
17756, 460284
17756, 460284
17756, 460284
17756, 460284
17756, 460284
17756, 460284
17756, 460284
17756, 460284
17756, 460284
17756, 460284
17756, 460284
17756, 460284
17756, 460284
17756, 460284
17756, 460284
17756, 460284
17756, 460284
17756, 460284
17756, 460284
17756, 460284
17756, 460284
17756, 460284
17756, 460284
17756, 460284
17756, 460284
17756, 460284
17756, 460284
17756, 460284
17756, 460284
17756, 460284
17756, 460284
17756, 460284
17756, 460284
17756, 460284
17756, 460284
17756, 460284
17756, 460284
17756, 460284
17756, 460284
17756, 460284
17756, 460284
17756, 460284
17756, 460284
17756, 460284
17756, 460284
17756, 460284
17756, 460284
17756, 460284
17756, 460284
17756, 460284
17756, 460284
17756, 460284
17756, 460284
17756, 460284
17756, 460284
17756, 460284
17756, 460284
17756, 460284
17756, 460284
17756, 460284
17756, 460284
17756, 460284
17756, 460284
17756, 460284
17756, 460284
17756, 460284
17756, 460284
17756, 460284
17756, 460284
17756, 460284
17756, 460284
17756, 460284
17756, 460284
17756, 460284
17756, 460284
17756, 460284
17756, 460284
17756, 460284
17756, 460284
17756, 460284
17756, 460284
17756, 460284
17756, 460284
17756, 460284
17756, 460284
17756, 460284
17756, 460284
17756, 460284
17756, 460284
17756, 460284
17756, 460284
17756, 460284
17756, 460284
17756, 460284
17756, 460284
17756, 460284
17756, 460284
17756, 460284
17756, 460284
17756, 460284
17756, 460284
17756, 460284
17756, 460284
17756, 460284
17756, 460284
17756, 460284
17756, 460284
17756, 460284
17756, 460284
17756, 460284
17756, 460284
17756, 460284
17756, 460284
17756, 460284
17756, 460284
17756, 460284
17756, 460284
17756, 460284
17756, 460284
17756, 460284
17756, 460284
17756, 460284
17756, 460284
17756, 460284
17756, 460284
17756, 460284
17756, 460284
17756, 460284
17756, 460284
17756, 460284
17756, 460284
17756, 460284
17756, 460284
17756, 460284
17756, 460284
17756, 460284
17756, 460284
17756, 460284
17756, 460284
17756, 460284
17756, 460284
17756, 460284
17756, 460284
17756, 460284
17756, 460284
17756, 460284
17756, 460284
17756, 460284
17756, 460284
17756, 460284
17756, 460284
17756, 460284
17756, 460284
17756, 460284
17756, 460284
17756, 460284
17756, 460284
17756, 460284
17756, 460284
17756, 460284
17756, 460284
17756, 460284
17756, 460284
17756, 460284
17756, 460284
17756, 460284
17756, 460284
17756, 460284
17756, 460284
17756, 460284
17756, 460284
17756, 460284
17756, 460284
17756, 460284
17756, 460284
17756, 460284
17756, 460284
17756, 460284
17756, 460284
17756, 460284
17756, 460284
17756, 460284
17756, 460284
17756, 460284
17756, 460284
17756, 460284
17756, 460284
17756, 460284
17756, 460284
17756, 460284
17756, 460284
17756, 460284
17756, 460284
17756, 460284
17756, 460284
17756, 460284
17756, 460284
17756, 460284
17756, 460284
17756, 460284
17756, 460284
17756, 460284
17756, 460284
17756, 460284
17756, 460284
17756, 460284
17756, 460284
17756, 460284
17756, 460284
17756, 460284
17756, 460284
17756, 460284
17756, 460284
17756, 460284
17756, 460284
17756, 460284
17756, 460284
17756, 460284
17756, 460284
17756, 460284
17756, 460284
17756, 460284
17756, 460284
17756, 460284
17756, 460284
17756, 460284
17756, 460284
17756, 460284
17756, 460284
17756, 460284
17756, 460284
17756, 460284
17756, 460284
17756, 460284
17756, 460284
17756, 460284
17756, 460284
17756, 460284
17756, 460284
17756, 460284
17756, 460284
17756, 460284
17756, 460284
17756, 460284
17756, 460284
17756, 460284
17756, 460284
17756, 460284
17756, 460284
17756, 460284
17756, 460284
17756, 460284
17756, 460284
17756, 460284
17756, 460284
17756, 460284
17756, 460284
17756, 460284
17756, 460284
17756, 460284
17756, 460284
17756, 460284
17756, 460284
17756, 460284
17756, 460284
17756, 460284
17756, 460284
17756, 460284
17756, 460284
17756, 460284
17756, 460284
17756, 460284
17756, 460284
17756, 460284
17756, 460284
17756, 460284
17756, 460284
17756, 460284
17756, 460284
17756, 460284
17756, 460284
17756, 460284
17756, 460284
17756, 460284
17756, 460284
17756, 460284
17756, 460284
17756, 460284
17756, 460284
17756, 460284
17756, 460284
17756, 460284
17756, 460284
17756, 460284
17756, 460284
17756, 460284
17756, 460284
17756, 460284
17756, 460284
17756, 460284
17756, 460284
17756, 460284
17756, 460284
17756, 460284
17756, 460284
17756, 460284
17756, 460284
17756, 460284
17756, 460284
17756, 460284
17756, 460284
17756, 460284
17756, 460284
17756, 460284
17756, 460284
17756, 460284
17756, 460284
17756, 460284
17756, 460284
17756, 460284
17756, 460284
17756, 460284
17756, 460284
17756, 460284
17756, 460284
17756, 460284
17756, 460284
17756, 460284
17756, 460284
17756, 460284
17756, 460284
17756, 460284
17756, 460284
17756, 460284
17756, 460284
17756, 460284
17756, 460284
17756, 460284
17756, 460284
17756, 460284
17756, 460284
17756, 460284
17756, 460284
17756, 460284
17756, 460284
17756, 460284
17756, 460284
17756, 460284
17756, 460284
17756, 460284
17756, 460284
17756, 460284
17756, 460284
17756, 460284
17756, 460284
17756, 460284
17756, 460284
17756, 460284
17756, 460284
17756, 460284
17756, 460284
17756, 460284
17756, 460284
17756, 460284
17756, 460284
17756, 460284
17756, 460284
17756, 460284
17756, 460284
17756, 460284
17756, 460284
17756, 460284
17756, 460284
17756, 460284
17756, 460284
17756, 460284
17756, 460284
17756, 460284
17756, 460284
17756, 460284
17756, 460284
17756, 460284
17756, 460284
17756, 460284
17756, 460284
17756, 460284
17756, 460284
17756, 460284
17756, 460284
17756, 460284
17756, 460284
17756, 460284
17756, 460284
17756, 460284
17756, 460284
17756, 460284
17756, 460284
17756, 460284
17756, 460284
17756, 460284
17756, 460284
17756, 460284
17756, 460284
17756, 460284
17756, 460284
17756, 460284
17756, 460284
17756, 460284
17756, 460284
17756, 460284
17756, 460284
17756, 460284
17756, 460284
17756, 460284
17756, 460284
17756, 460284
17756, 460284
17756, 460284
17756, 460284
17756, 460284
17756, 460284
17756, 460284
17756, 460284
17756, 460284
17756, 460284
17756, 460284
17756, 460284
17756, 460284
17756, 460284
17756, 460284
17756, 460284
17756, 460284
17756, 460284
17756, 460284
17756, 460284
17756, 460284
17756, 460284
17756, 460284
17756, 460284
17756, 460284
17756, 460284
17756, 460284
17756, 460284
17756, 460284
17756, 460284
17756, 460284
17756, 460284
17756, 460284
17756, 460284
17756, 460284
17756, 460284
17756, 460284
17756, 460284
17756, 460284
17756, 460284
17756, 460284
17756, 460284
17756, 460284
17756, 460284
17756, 460284
17756, 460284
17756, 460284
17756, 460284
17756, 460284
17756, 460284
17756, 460284
17756, 460284
17756, 460284
17756, 460284
17756, 460284
17756, 460284
17756, 460284
17756, 460284
17756, 460284
17756, 460284
17756, 460284
17756, 460284
17756, 460284
17756, 460284
17756, 460284
17756, 460284
17756, 460284
17756, 460284
17756, 460284
17756, 460284
17756, 460284
17756, 460284
17756, 460284
17756, 460284
17756, 460284
17756, 460284
17756, 460284
17756, 460284
17756, 460284
17756, 460284
17756, 460284
17756, 460284
17756, 460284
17756, 460284
17756, 460284
17756, 460284
17756, 460284
17756, 460284
17756, 460284
17756, 460284
17756, 460284
17756, 460284
17756, 460284
17756, 460284
17756, 460284
17756, 460284
17756, 460284
17756, 460284
17756, 460284
17756, 460284
17756, 460284
17756, 460284
17756, 460284
17756, 460284
17756, 460284
17756, 460284
17756, 460284
17756, 460284
17756, 460284
17756, 460284
17756, 460284
17756, 460284
17756, 460284
17756, 460284
17756, 460284
17756, 460284
17756, 460284
17756, 460284
17756, 460284
17756, 460284
17756, 460284
17756, 460284
17756, 460284
17756, 460284
17756, 460284
17756, 460284
17756, 460284
17756, 460284
17756, 460284
17756, 460284
17756, 460284
17756, 460284
17756, 460284
17756, 460284
17756, 460284
17756, 460284
17756, 460284
17756, 460284
17756, 460284
17756, 460284
17756, 460284
17756, 460284
17756, 460284
17756, 460284
17756, 460284
17756, 460284
17756, 460284
17756, 460284
17756, 460284
17756, 460284
17756, 460284
17756, 460284
17756, 460284
17756, 460284
17756, 460284
17756, 460284
17756, 460284
17756, 460284
17756, 460284
17756, 460284
17756, 460284
17756, 460284
17756, 460284
17756, 460284
17756, 460284
17756, 460284
17756, 460284
17756, 460284
17756, 460284
17756, 460284
17756, 460284
17756, 460284
17756, 460284
17756, 460284
17756, 460284
17756, 460284
17756, 460284
17756, 460284
17756, 460284
17756, 460284
17756, 460284
17756, 460284
17756, 460284
17756, 460284
17756, 460284
17756, 460284
17756, 460284
17756, 460284
17756, 460284
17756, 460284
17756, 460284
17756, 460284
17756, 460284
17756, 460284
17756, 460284
17756, 460284
17756, 460284
17756, 460284
17756, 460284
17756, 460284
17756, 460284
17756, 460284
17756, 460284
17756, 460284
17756, 460284
17756, 460284
17756, 460284
17756, 460284
17756, 460284
17756, 460284
17756, 460284
17756, 460284
17756, 460284
17756, 460284
17756, 460284
17756, 460284
17756, 460284
17756, 460284
17756, 460284
17756, 460284
17756, 460284
17756, 460284
17756, 460284
17756, 460284
17756, 460284
17756, 460284
17756, 460284
17756, 460284
17756, 460284
17756, 460284
17756, 460284
17756, 460284
17756, 460284
17756, 460284
17756, 460284
17756, 460284
17756, 460284
17756, 460284
17756, 460284
17756, 460284
17756, 460284
17756, 460284
17756, 460284
17756, 460284
17756, 460284
17756, 460284
17756, 460284
17756, 460284
17756, 460284
17756, 460284
17756, 460284
17756, 460284
17756, 460284
17756, 460284
17756, 460284
17756, 460284
17756, 460284
17756, 460284
17756, 460284
17756, 460284
17756, 460284
17756, 460284
17756, 460284
17756, 460284
17756, 460284
17756, 460284
17756, 460284
17756, 460284
17756, 460284
17756, 460284
17756, 460284
17756, 460284
17756, 460284
17756, 460284
17756, 460284
17756, 460284
17756, 460284
17756, 460284
17756, 460284
17756, 460284
17756, 460284
17756, 460284
17756, 460284
17756, 460284
17756, 460284
17756, 460284
17756, 460284
17756, 460284
17756, 460284
17756, 460284
17756, 460284
17756, 460284
17756, 460284
17756, 460284
17756, 460284
17756, 460284
17756, 460284
17756, 460284
17756, 460284
17756, 460284
17756, 460284
17756, 460284
17756, 460284
17756, 460284
17756, 460284
17756, 460284
17756, 460284
17756, 460284
17756, 460284
17756, 460284
17756, 460284
17756, 460284
17756, 460284
17756, 460284
17756, 460284
17756, 460284
17756, 460284
17756, 460284
17756, 460284
17756, 460284
17756, 460284
17756, 460284
17756, 460284
17756, 460284
17756, 460284
17756, 460284
17756, 460284
17756, 460284
17756, 460284
17756, 460284
17756, 460284
17756, 460284
17756, 460284
17756, 460284
17756, 460284
17756, 460284
17756, 460284
17756, 460284
17756, 460284
17756, 460284
17756, 460284
17756, 460284
17756, 460284
17756, 460284
17756, 460284
17756, 460284
17756, 460284
17756, 460284
17756, 460284
17756, 460284
17756, 460284
17756, 460284
17756, 460284
17756, 460284
17756, 460284
17756, 460284
17756, 460284
17756, 460284
17756, 460284
17756, 460284
17756, 460284
17756, 460284
17756, 460284
17756, 460284
17756, 460284
17756, 460284
17756, 460284
17756, 460284
17756, 460284
17756, 460284
17756, 460284
17756, 460284
17756, 460284
17756, 460284
17756, 460284
17756, 460284
17756, 460284
17756, 460284
17756, 460284
17756, 460284
17756, 460284
17756, 460284
17756, 460284
17756, 460284
17756, 460284
17756, 460284
17756, 460284
17756, 460284
17756, 460284
17756, 460284
17756, 460284
17756, 460284
17756, 460284
17756, 460284
17756, 460284
17756, 460284
17756, 460284
17756, 460284
17756, 460284
17756, 460284
17756, 460284
17756, 460284
17756, 460284
17756, 460284
17756, 460284
17756, 460284
17756, 460284
17756, 460284
17756, 460284
17756, 460284
17756, 460284
17756, 460284
17756, 460284
17756, 460284
17756, 460284
17756, 460284
17756, 460284
17756, 460284
17756, 460284
17756, 460284
17756, 460284
17756, 460284
17756, 460284
17756, 460284
17756, 460284
17756, 460284
17756, 460284
17756, 460284
17756, 460284
17756, 460284
17756, 460284
17756, 460284
17756, 460284
17756, 460284
17756, 460284
17756, 460284
17756, 460284
17756, 460284
17756, 460284
17756, 460284
17756, 460284
17756, 460284
17756, 460284
17756, 460284
17756, 460284
17756, 460284
17756, 460284
17756, 460284
17756, 460284
17756, 460284
17756, 460284
17756, 460284
17756, 460284
17756, 460284
17756, 460284
17756, 460284
17756, 460284
17756, 460284
17756, 460284
17756, 460284
17756, 460284
17756, 460284
17756, 460284
17756, 460284
17756, 460284
17756, 460284
17756, 460284
17756, 460284
17756, 460284
17756, 460284
17756, 460284
17756, 460284
17756, 460284
17756, 460284
17756, 460284
17756, 460284
17756, 460284
17756, 460284
17756, 460284
17756, 460284
17756, 460284
17756, 460284
17756, 460284
17756, 460284
17756, 460284
17756, 460284
17756, 460284
17756, 460284
17756, 460284
17756, 460284
17756, 460284
17756, 460284
17756, 460284
17756, 460284
17756, 460284
17756, 460284
17756, 460284
17756, 460284
17756, 460284
17756, 460284
17756, 460284
17756, 460284
17756, 460284
17756, 460284
17756, 460284
17756, 460284
17756, 460284
17756, 460284
17756, 460284
17756, 460284
17756, 460284
17756, 460284
17756, 460284
17756, 460284
17756, 460284
17756, 460284
17756, 460284
17756, 460284
17756, 460284
17756, 460284
17756, 460284
17756, 460284
17756, 460284
17756, 460284
17756, 460284
17756, 460284
17756, 460284
17756, 460284
17756, 460284
17756, 460284
17756, 460284
17756, 460284
17756, 460284
17756, 460284
17756, 460284
17756, 460284
17756, 460284
17756, 460284
17756, 460284
17756, 460284
17756, 460284
17756, 460284
17756, 460284
17756, 460284
17756, 460284
17756, 460284
17756, 460284
17756, 460284
17756, 460284
17756, 460284
17756, 460284
17756, 460284
17756, 460284
17756, 460284
17756, 460284
17756, 460284
17756, 460284
17756, 460284
17756, 460284
17756, 460284
17756, 460284
17756, 460284
17756, 460284
17756, 460284
17756, 460284
17756, 460284
17756, 460284
17756, 460284
17756, 460284
17756, 460284
17756, 460284
17756, 460284
17756, 460284
17756, 460284
17756, 460284
17756, 460284
17756, 460284
17756, 460284
17756, 460284
17756, 460284
17756, 460284
17756, 460284
17756, 460284
17756, 460284
17756, 460284
17756, 460284
17756, 460284
17756, 460284
17756, 460284
17756, 460284
17756, 460284
17756, 460284
17756, 460284
17756, 460284
17756, 460284
17756, 460284
17756, 460284
17756, 460284
17756, 460284
17756, 460284
17756, 460284
17756, 460284
17756, 460284
17756, 460284
17756, 460284
17756, 460284
17756, 460284
17756, 460284
17756, 460284
17756, 460284
17756, 460284
17756, 460284
17756, 460284
17756, 460284
17756, 460284
17756, 460284
17756, 460284
17756, 460284
17756, 460284
17756, 460284
17756, 460284
17756, 460284
17756, 460284
17756, 460284
17756, 460284
17756, 460284
17756, 460284
17756, 460284
17756, 460284
17756, 460284
17756, 460284
17756, 460284
17756, 460284
17756, 460284
17756, 460284
17756, 460284
17756, 460284
17756, 460284
17756, 460284
17756, 460284
17756, 460284
17756, 460284
17756, 460284
17756, 460284
17756, 460284
17756, 460284
17756, 460284
17756, 460284
17756, 460284
17756, 460284
17756, 460284
17756, 460284
17756, 460284
17756, 460284
17756, 460284
17756, 460284
17756, 460284
17756, 460284
17756, 460284
17756, 460284
17756, 460284
17756, 460284
17756, 460284
17756, 460284
17756, 460284
17756, 460284
17756, 460284
17756, 460284
17756, 460284
17756, 460284
17756, 460284
17756, 460284
17756, 460284
17756, 460284
17756, 460284
17756, 460284
17756, 460284
17756, 460284
17756, 460284
17756, 460284
17756, 460284
17756, 460284
17756, 460284
17756, 460284
17756, 460284
17756, 460284
17756, 460284
17756, 460284
17756, 460284
17756, 460284
17756, 460284
17756, 460284
17756, 460284
17756, 460284
17756, 460284
17756, 460284
17756, 460284
17756, 460284
17756, 460284
17756, 460284
17756, 460284
17756, 460284
17756, 460284
17756, 460284
17756, 460284
17756, 460284
17756, 460284
17756, 460284
17756, 460284
17756, 460284
17756, 460284
17756, 460284
17756, 460284
17756, 460284
17756, 460284
17756, 460284
17756, 460284
17756, 460284
17756, 460284
17756, 460284
17756, 460284
17756, 460284
17756, 460284
17756, 460284
17756, 460284
17756, 460284
17756, 460284
17756, 460284
17756, 460284
17756, 460284
17756, 460284
17756, 460284
17756, 460284
17756, 460284
17756, 460284
17756, 460284
17756, 460284
17756, 460284
17756, 460284
17756, 460284
17756, 460284
17756, 460284
17756, 460284
17756, 460284
17756, 460284
17756, 460284
17756, 460284
17756, 460284
17756, 460284
17756, 460284
17756, 460284
17756, 460284
17756, 460284
17756, 460284
17756, 460284
17756, 460284
17756, 460284
17756, 460284
17756, 460284
17756, 460284
17756, 460284
17756, 460284
17756, 460284
17756, 460284
17756, 460284
17756, 460284
17756, 460284
17756, 460284
17756, 460284
17756, 460284
17756, 460284
17756, 460284
17756, 460284
17756, 460284
17756, 460284
17756, 460284
17756, 460284
17756, 460284
17756, 460284
17756, 460284
17756, 460284
17756, 460284
17756, 460284
17756, 460284
17756, 460284
17756, 460284
17756, 460284
17756, 460284
17756, 460284
17756, 460284
17756, 460284
17756, 460284
17756, 460284
17756, 460284
17756, 460284
17756, 460284
17756, 460284
17756, 460284
17756, 460284
17756, 460284
17756, 460284
17756, 460284
17756, 460284
17756, 460284
17756, 460284
17756, 460284
17756, 460284
17756, 460284
17756, 460284
17756, 460284
17756, 460284
17756, 460284
17756, 460284
17756, 460284
17756, 460284
17756, 460284
17756, 460284
17756, 460284
17756, 460284
17756, 460284
17756, 460284
17756, 460284
17756, 460284
17756, 460284
17756, 460284
17756, 460284
17756, 460284
17756, 460284
17756, 460284
17756, 460284
17756, 460284
17756, 460284
17756, 460284
17756, 460284
17756, 460284
17756, 460284
17756, 460284
17756, 460284
17756, 460284
17756, 460284
17756, 460284
17756, 460284
17756, 460284
17756, 460284
17756, 460284
17756, 460284
17756, 460284
17756, 460284
17756, 460284
17756, 460284
17756, 460284
17756, 460284
17756, 460284
17756, 460284
17756, 460284
17756, 460284
17756, 460284
17756, 460284
17756, 460284
17756, 460284
17756, 460284
17756, 460284
17756, 460284
17756, 460284
17756, 460284
17756, 460284
17756, 460284
17756, 460284
17756, 460284
17756, 460284
17756, 460284
17756, 460284
17756, 460284
17756, 460284
17756, 460284
17756, 460284
17756, 460284
17756, 460284
17756, 460284
17756, 460284
17756, 460284
17756, 460284
17756, 460284
17756, 460284
17756, 460284
17756, 460284
17756, 460284
17756, 460284
17756, 460284
17756, 460284
17756, 460284
17756, 460284
17756, 460284
17756, 460284
17756, 460284
17756, 460284
17756, 460284
17756, 460284
17756, 460284
17756, 460284
17756, 460284
17756, 460284
17756, 460284
17756, 460284
17756, 460284
17756, 460284
17756, 460284
17756, 460284
17756, 460284
17756, 460284
17756, 460284
17756, 460284
17756, 460284
17756, 460284
17756, 460284
17756, 460284
17756, 460284
17756, 460284
17756, 460284
17756, 460284
17756, 460284
17756, 460284
17756, 460284
17756, 460284
17756, 460284
17756, 460284
17756, 460284
17756, 460284
17756, 460284
17756, 460284
17756, 460284
17756, 460284
17756, 460284
17756, 460284
17756, 460284
17756, 460284
17756, 460284
17756, 460284
17756, 460284
17756, 460284
17756, 460284
17756, 460284
17756, 460284
17756, 460284
17756, 460284
17756, 460284
17756, 460284
17756, 460284
17756, 460284
17756, 460284
17756, 460284
17756, 460284
17756, 460284
17756, 460284
17756, 460284
17756, 460284
17756, 460284
17756, 460284
17756, 460284
17756, 460284
17756, 460284
17756, 460284
17756, 460284
17756, 460284
17756, 460284
17756, 460284
17756, 460284
17756, 460284
17756, 460284
17756, 460284
17756, 460284
17756, 460284
17756, 460284
17756, 460284
17756, 460284
17756, 460284
17756, 460284
17756, 460284
17756, 460284
17756, 460284
17756, 460284
17756, 460284
17756, 460284
17756, 460284
17756, 460284
17756, 460284
17756, 460284
17756, 460284
17756, 460284
17756, 460284
17756, 460284
17756, 460284
17756, 460284
17756, 460284
17756, 460284
17756, 460284
17756, 460284
17756, 460284
17756, 460284
17756, 460284
17756, 460284
17756, 460284
17756, 460284
17756, 460284
17756, 460284
17756, 460284
17756, 460284
17756, 460284
17756, 460284
17756, 460284
17756, 460284
17756, 460284
17756, 460284
17756, 460284
17756, 460284
17756, 460284
17756, 460284
17756, 460284
17756, 460284
17756, 460284
17756, 460284
17756, 460284
17756, 460284
17756, 460284
17756, 460284
17756, 460284
17756, 460284
17756, 460284
17756, 460284
17756, 460284
17756, 460284
17756, 460284
17756, 460284
17756, 460284
17756, 460284
17756, 460284
17756, 460284
17756, 460284
17756, 460284
17756, 460284
17756, 460284
17756, 460284
17756, 460284
17756, 460284
17756, 460284
17756, 460284
17756, 460284
17756, 460284
17756, 460284
17756, 460284
17756, 460284
17756, 460284
17756, 460284
17756, 460284
17756, 460284
17756, 460284
17756, 460284
17756, 460284
17756, 460284
17756, 460284
17756, 460284
17756, 460284
17756, 460284
17756, 460284
17756, 460284
17756, 460284
17756, 460284
17756, 460284
17756, 460284
17756, 460284
17756, 460284
17756, 460284
17756, 460284
17756, 460284
17756, 460284
17756, 460284
17756, 460284
17756, 460284
17756, 460284
17756, 460284
17756, 460284
17756, 460284
17756, 460284
17756, 460284
17756, 460284
17756, 460284
17756, 460284
17756, 460284
17756, 460284
17756, 460284
17756, 460284
17756, 460284
17756, 460284
17756, 460284
17756, 460284
17756, 460284
17756, 460284
17756, 460284
17756, 460284
17756, 460284
17756, 460284
17756, 460284
17756, 460284
17756, 460284
17756, 460284
17756, 460284
17756, 460284
17756, 460284
17756, 460284
17756, 460284
17756, 460284
17756, 460284
17756, 460284
17756, 460284
17756, 460284
17756, 460284
17756, 460284
17756, 460284
17756, 460284
17756, 460284
17756, 460284
17756, 460284
17756, 460284
17756, 460284
17756, 460284
17756, 460284
17756, 460284
17756, 460284
17756, 460284
17756, 460284
17756, 460284
17756, 460284
17756, 460284
17756, 460284
17756, 460284
17756, 460284
17756, 460284
17756, 460284
17756, 460284
17756, 460284
17756, 460284
17756, 460284
17756, 460284
17756, 460284
17756, 460284
17756, 460284
17756, 460284
17756, 460284
17756, 460284
17756, 460284
17756, 460284
17756, 460284
17756, 460284
17756, 460284
17756, 460284
17756, 460284
17756, 460284
17756, 460284
17756, 460284
17756, 460284
17756, 460284
17756, 460284
17756, 460284
17756, 460284
17756, 460284
17756, 460284
17756, 460284
17756, 460284
17756, 460284
17756, 460284
17756, 460284
17756, 460284
17756, 460284
17756, 460284
17756, 460284
17756, 460284
17756, 460284
17756, 460284
17756, 460284
17756, 460284
17756, 460284
17756, 460284
17756, 460284
17756, 460284
17756, 460284
17756, 460284
17756, 460284
17756, 460284
17756, 460284
17756, 460284
17756, 460284
17756, 460284
17756, 460284
17756, 460284
17756, 460284
17756, 460284
17756, 460284
17756, 460284
17756, 460284
17756, 460284
17756, 460284
17756, 460284
17756, 460284
17756, 460284
17756, 460284
17756, 460284
17756, 460284
17756, 460284
17756, 460284
17756, 460284
17756, 460284
17756, 460284
17756, 460284
17756, 460284
17756, 460284
17756, 460284
17756, 460284
17756, 460284
17756, 460284
17756, 460284
17756, 460284
17756, 460284
17756, 460284
17756, 460284
17756, 460284
17756, 460284
17756, 460284
17756, 460284
17756, 460284
17756, 460284
17756, 460284
17756, 460284
17756, 460284
17756, 460284
17756, 460284
17756, 460284
17756, 460284
17756, 460284
17756, 460284
17756, 460284
17756, 460284
17756, 460284
17756, 460284
17756, 460284
17756, 460284
17756, 460284
17756, 460284
17756, 460284
17756, 460284
17756, 460284
17756, 460284
17756, 460284
17756, 460284
17756, 460284
17756, 460284
17756, 460284
17756, 460284
17756, 460284
17756, 460284
17756, 460284
17756, 460284
17756, 460284
17756, 460284
17756, 460284
17756, 460284
17756, 460284
17756, 460284
17756, 460284
17756, 460284
17756, 460284
17756, 460284
17756, 460284
17756, 460284
17756, 460284
17756, 460284
17756, 460284
17756, 460284
17756, 460284
17756, 460284
17756, 460284
17756, 460284
17756, 460284
17756, 460284
17756, 460284
17756, 460284
17756, 460284
17756, 460284
17756, 460284
17756, 460284
17756, 460284
17756, 460284
17756, 460284
17756, 460284
17756, 460284
17756, 460284
17756, 460284
17756, 460284
17756, 460284
17756, 460284
17756, 460284
17756, 460284
17756, 460284
17756, 460284
17756, 460284
17756, 460284
17756, 460284
17756, 460284
17756, 460284
17756, 460284
17756, 460284
17756, 460284
17756, 460284
17756, 460284
17756, 460284
17756, 460284
17756, 460284
17756, 460284
17756, 460284
17756, 460284
17756, 460284
17756, 460284
17756, 460284
17756, 460284
17756, 460284
17756, 460284
17756, 460284
17756, 460284
17756, 460284
17756, 460284
17756, 460284
17756, 460284
17756, 460284
17756, 460284
17756, 460284
17756, 460284
17756, 460284
17756, 460284
17756, 460284
17756, 460284
17756, 460284
17756, 460284
17756, 460284
17756, 460284
17756, 460284
17756, 460284
17756, 460284
17756, 460284
17756, 460284
17756, 460284
17756, 460284
17756, 460284
17756, 460284
17756, 460284
17756, 460284
17756, 460284
17756, 460284
17756, 460284
17756, 460284
17756, 460284
17756, 460284
17756, 460284
17756, 460284
17756, 460284
17756, 460284
17756, 460284
17756, 460284
17756, 460284
17756, 460284
17756, 460284
17756, 460284
17756, 460284
17756, 460284
17756, 460284
17756, 460284
17756, 460284
17756, 460284
17756, 460284
17756, 460284
17756, 460284
17756, 460284
17756, 460284
17756, 460284
17756, 460284
17756, 460284
17756, 460284
17756, 460284
17756, 460284
17756, 460284
17756, 460284
17756, 460284
17756, 460284
17756, 460284
17756, 460284
17756, 460284
17756, 460284
17756, 460284
17756, 460284
17756, 460284
17756, 460284
17756, 460284
17756, 460284
17756, 460284
17756, 460284
17756, 460284
17756, 460284
17756, 460284
17756, 460284
17756, 460284
17756, 460284
17756, 460284
17756, 460284
17756, 460284
17756, 460284
17756, 460284
17756, 460284
17756, 460284
17756, 460284
17756, 460284
17756, 460284
17756, 460284
17756, 460284
17756, 460284
17756, 460284
17756, 460284
17756, 460284
17756, 460284
17756, 460284
17756, 460284
17756, 460284
17756, 460284
17756, 460284
17756, 460284
17756, 460284
17756, 460284
17756, 460284
17756, 460284
17756, 460284
17756, 460284
17756, 460284
17756, 460284
17756, 460284
17756, 460284
17756, 460284
17756, 460284
17756, 460284
17756, 460284
17756, 460284
17756, 460284
17756, 460284
17756, 460284
17756, 460284
17756, 460284
17756, 460284
17756, 460284
17756, 460284
17756, 460284
17756, 460284
17756, 460284
17756, 460284
17756, 460284
17756, 460284
17756, 460284
17756, 460284
17756, 460284
17756, 460284
17756, 460284
17756, 460284
17756, 460284
17756, 460284
17756, 460284
17756, 460284
17756, 460284
17756, 460284
17756, 460284
17756, 460284
17756, 460284
17756, 460284
17756, 460284
17756, 460284
17756, 460284
17756, 460284
17756, 460284
17756, 460284
17756, 460284
17756, 460284
17756, 460284
17756, 460284
17756, 460284
17756, 460284
17756, 460284
17756, 460284
17756, 460284
17756, 460284
17756, 460284
17756, 460284
17756, 460284
17756, 460284
17756, 460284
17756, 460284
17756, 460284
17756, 460284
17756, 460284
17756, 460284
17756, 460284
17756, 460284
17756, 460284
17756, 460284
17756, 460284
17756, 460284
17756, 460284
17756, 460284
17756, 460284
17756, 460284
17756, 460284
17756, 460284
17756, 460284
17756, 460284
17756, 460284
17756, 460284
17756, 460284
17756, 460284
17756, 460284
17756, 460284
17756, 460284
17756, 460284
17756, 460284
17756, 460284
17756, 460284
17756, 460284
17756, 460284
17756, 460284
17756, 460284
17756, 460284
17756, 460284
17756, 460284
17756, 460284
17756, 460284
17756, 460284
17756, 460284
17756, 460284
17756, 460284
17756, 460284
17756, 460284
17756, 460284
17756, 460284
17756, 460284
17756, 460284
17756, 460284
17756, 460284
17756, 460284
17756, 460284
17756, 460284
17756, 460284
17756, 460284
17756, 460284
17756, 460284
17756, 460284
17756, 460284
17756, 460284
17756, 460284
17756, 460284
17756, 460284
17756, 460284
17756, 460284
17756, 460284
17756, 460284
17756, 460284
17756, 460284
17756, 460284
17756, 460284
17756, 460284
17756, 460284
17756, 460284
17756, 460284
17756, 460284
17756, 460284
17756, 460284
17756, 460284
17756, 460284
17756, 460284
17756, 460284
17756, 460284
17756, 460284
17756, 460284
17756, 460284
17756, 460284
17756, 460284
17756, 460284
17756, 460284
17756, 460284
17756, 460284
17756, 460284
17756, 460284
17756, 460284
17756, 460284
17756, 460284
17756, 460284
17756, 460284
17756, 460284
17756, 460284
17756, 460284
17756, 460284
17756, 460284
17756, 460284
17756, 460284
17756, 460284
17756, 460284
17756, 460284
17756, 460284
17756, 460284
17756, 460284
17756, 460284
17756, 460284
17756, 460284
17756, 460284
17756, 460284
17756, 460284
17756, 460284
17756, 460284
17756, 460284
17756, 460284
17756, 460284
17756, 460284
17756, 460284
17756, 460284
17756, 460284
17756, 460284
17756, 460284
17756, 460284
17756, 460284
17756, 460284
17756, 460284
17756, 460284
17756, 460284
17756, 460284
17756, 460284
17756, 460284
17756, 460284
17756, 460284
17756, 460284
17756, 460284
17756, 460284
17756, 460284
17756, 460284
17756, 460284
17756, 460284
17756, 460284
17756, 460284
17756, 460284
17756, 460284
17756, 460284
17756, 460284
17756, 460284
17756, 460284
17756, 460284
17756, 460284
17756, 460284
17756, 460284
17756, 460284
17756, 460284
17756, 460284
17756, 460284
17756, 460284
17756, 460284
17756, 460284
17756, 460284
17756, 460284
17756, 460284
17756, 460284
17756, 460284
17756, 460284
17756, 460284
17756, 460284
17756, 460284
17756, 460284
17756, 460284
17756, 460284
17756, 460284
17756, 460284
17756, 460284
17756, 460284
17756, 460284
17756, 460284
17756, 460284
17756, 460284
17756, 460284
17756, 460284
17756, 460284
17756, 460284
17756, 460284
17756, 460284
17756, 460284
17756, 460284
17756, 460284
17756, 460284
17756, 460284
17756, 460284
17756, 460284
17756, 460284
17756, 460284
17756, 460284
17756, 460284
17756, 460284
17756, 460284
17756, 460284
17756, 460284
17756, 460284
17756, 460284
17756, 460284
17756, 460284
17756, 460284
17756, 460284
17756, 460284
17756, 460284
17756, 460284
17756, 460284
17756, 460284
17756, 460284
17756, 460284
17756, 460284
17756, 460284
17756, 460284
17756, 460284
17756, 460284
17756, 460284
17756, 460284
17756, 460284
17756, 460284
17756, 460284
17756, 460284
17756, 460284
17756, 460284
17756, 460284
17756, 460284
17756, 460284
17756, 460284
17756, 460284
17756, 460284
17756, 460284
17756, 460284
17756, 460284
17756, 460284
17756, 460284
17756, 460284
17756, 460284
17756, 460284
17756, 460284
17756, 460284
17756, 460284
17756, 460284
17756, 460284
17756, 460284
17756, 460284
17756, 460284
17756, 460284
17756, 460284
17756, 460284
17756, 460284
17756, 460284
17756, 460284
17756, 460284
17756, 460284
17756, 460284
17756, 460284
17756, 460284
17756, 460284
17756, 460284
17756, 460284
17756, 460284
17756, 460284
17756, 460284
17756, 460284
17756, 460284
17756, 460284
17756, 460284
17756, 460284
17756, 460284
17756, 460284
17756, 460284
17756, 460284
17756, 460284
17756, 460284
17756, 460284
17756, 460284
17756, 460284
17756, 460284
17756, 460284
17756, 460284
17756, 460284
17756, 460284
17756, 460284
17756, 460284
17756, 460284
17756, 460284
17756, 460284
17756, 460284
17756, 460284
17756, 460284
17756, 460284
17756, 460284
17756, 460284
17756, 460284
17756, 460284
17756, 460284
17756, 460284
17756, 460284
17756, 460284
17756, 460284
17756, 460284
17756, 460284
17756, 460284
17756, 460284
17756, 460284
17756, 460284
17756, 460284
17756, 460284
17756, 460284
17756, 460284
17756, 460284
17756, 460284
17756, 460284
17756, 460284
17756, 460284
17756, 460284
17756, 460284
17756, 460284
17756, 460284
17756, 460284
17756, 460284
17756, 460284
17756, 460284
17756, 460284
17756, 460284
17756, 460284
17756, 460284
17756, 460284
17756, 460284
17756, 460284
17756, 460284
17756, 460284
17756, 460284
17756, 460284
17756, 460284
17756, 460284
17756, 460284
17756, 460284
17756, 460284
17756, 460284
17756, 460284
17756, 460284
17756, 460284
17756, 460284
17756, 460284
17756, 460284
17756, 460284
17756, 460284
17756, 460284
17756, 460284
17756, 460284
17756, 460284
17756, 460284
17756, 460284
17756, 460284
17756, 460284
17756, 460284
17756, 460284
17756, 460284
17756, 460284
17756, 460284
17756, 460284
17756, 460284
17756, 460284
17756, 460284
17756, 460284
17756, 460284
17756, 460284
17756, 460284
17756, 460284
17756, 460284
17756, 460284
17756, 460284
17756, 460284
17756, 460284
17756, 460284
17756, 460284
17756, 460284
17756, 460284
17756, 460284
17756, 460284
17756, 460284
17756, 460284
17756, 460284
17756, 460284
17756, 460284
17756, 460284
17756, 460284
17756, 460284
17756, 460284
17756, 460284
17756, 460284
17756, 460284
17756, 460284
17756, 460284
17756, 460284
17756, 460284
17756, 460284
17756, 460284
17756, 460284
17756, 460284
17756, 460284
17756, 460284
17756, 460284
17756, 460284
17756, 460284
17756, 460284
17756, 460284
17756, 460284
17756, 460284
17756, 460284
17756, 460284
17756, 460284
17756, 460284
17756, 460284
17756, 460284
17756, 460284
17756, 460284
17756, 460284
17756, 460284
17756, 460284
17756, 460284
17756, 460284
17756, 460284
17756, 460284
17756, 460284
17756, 460284
17756, 460284
17756, 460284
17756, 460284
17756, 460284
17756, 460284
17756, 460284
17756, 460284
17756, 460284
17756, 460284
17756, 460284
17756, 460284
17756, 460284
17756, 460284
17756, 460284
17756, 460284
17756, 460284
17756, 460284
17756, 460284
17756, 460284
17756, 460284
17756, 460284
17756, 460284
17756, 460284
17756, 460284
17756, 460284
17756, 460284
17756, 460284
17756, 460284
17756, 460284
17756, 460284
17756, 460284
17756, 460284
17756, 460284
17756, 460284
17756, 460284
17756, 460284
17756, 460284
17756, 460284
17756, 460284
17756, 460284
17756, 460284
17756, 460284
17756, 460284
17756, 460284
17756, 460284
17756, 460284
17756, 460284
17756, 460284
17756, 460284
17756, 460284
17756, 460284
17756, 460284
17756, 460284
17756, 460284
17756, 460284
17756, 460284
17756, 460284
17756, 460284
17756, 460284
17756, 460284
17756, 460284
17756, 460284
17756, 460284
17756, 460284
17756, 460284
17756, 460284
17756, 460284
17756, 460284
17756, 460284
17756, 460284
17756, 460284
17756, 460284
17756, 460284
17756, 460284
17756, 460284
17756, 460284
17756, 460284
17756, 460284
17756, 460284
17756, 460284
17756, 460284
17756, 460284
17756, 460284
17756, 460284
17756, 460284
17756, 460284
17756, 460284
17756, 460284
17756, 460284
17756, 460284
17756, 460284
17756, 460284
17756, 460284
17756, 460284
17756, 460284
17756, 460284
17756, 460284
17756, 460284
17756, 460284
17756, 460284
17756, 460284
17756, 460284
17756, 460284
17756, 460284
17756, 460284
17756, 460284
17756, 460284
17756, 460284
17756, 460284
17756, 460284
17756, 460284
17756, 460284
17756, 460284
17756, 460284
17756, 460284
17756, 460284
17756, 460284
17756, 460284
17756, 460284
17756, 460284
17756, 460284
17756, 460284
17756, 460284
17756, 460284
17756, 460284
17756, 460284
17756, 460284
17756, 460284
17756, 460284
17756, 460284
17756, 460284
17756, 460284
17756, 460284
17756, 460284
17756, 460284
17756, 460284
17756, 460284
17756, 460284
17756, 460284
17756, 460284
17756, 460284
17756, 460284
17756, 460284
17756, 460284
17756, 460284
17756, 460284
17756, 460284
17756, 460284
17756, 460284
17756, 460284
17756, 460284
17756, 460284
17756, 460284
17756, 460284
17756, 460284
17756, 460284
17756, 460284
17756, 460284
17756, 460284
17756, 460284
17756, 460284
17756, 460284
17756, 460284
17756, 460284
17756, 460284
17756, 460284
17756, 460284
17756, 460284
17756, 460284
17756, 460284
17756, 460284
17756, 460284
17756, 460284
17756, 460284
17756, 460284
17756, 460284
17756, 460284
17756, 460284
17756, 460284
17756, 460284
17756, 460284
17756, 460284
17756, 460284
17756, 460284
17756, 460284
17756, 460284
17756, 460284
17756, 460284
17756, 460284
17756, 460284
17756, 460284
17756, 460284
17756, 460284
17756, 460284
17756, 460284
17756, 460284
17756, 460284
17756, 460284
17756, 460284
17756, 460284
17756, 460284
17756, 460284
17756, 460284
17756, 460284
17756, 460284
17756, 460284
17756, 460284
17756, 460284
17756, 460284
17756, 460284
17756, 460284
17756, 460284
17756, 460284
17756, 460284
17756, 460284
17756, 460284
17756, 460284
17756, 460284
17756, 460284
17756, 460284
17756, 460284
17756, 460284
17756, 460284
17756, 460284
17756, 460284
17756, 460284
17756, 460284
17756, 460284
17756, 460284
17756, 460284
17756, 460284
17756, 460284
17756, 460284
17756, 460284
17756, 460284
17756, 460284
17756, 460284
17756, 460284
17756, 460284
17756, 460284
17756, 460284
17756, 460284
17756, 460284
17756, 460284
17756, 460284
17756, 460284
17756, 460284
17756, 460284
17756, 460284
17756, 460284
17756, 460284
17756, 460284
17756, 460284
17756, 460284
17756, 460284
17756, 460284
17756, 460284
17756, 460284
17756, 460284
17756, 460284
17756, 460284
17756, 460284
17756, 460284
17756, 460284
17756, 460284
17756, 460284
17756, 460284
17756, 460284
17756, 460284
17756, 460284
17756, 460284
17756, 460284
17756, 460284
17756, 460284
17756, 460284
17756, 460284
17756, 460284
17756, 460284
17756, 460284
17756, 460284
17756, 460284
17756, 460284
17756, 460284
17756, 460284
17756, 460284
17756, 460284
17756, 460284
17756, 460284
17756, 460284
17756, 460284
17756, 460284
17756, 460284
17756, 460284
17756, 460284
17756, 460284
17756, 460284
17756, 460284
17756, 460284
17756, 460284
17756, 460284
17756, 460284
17756, 460284
17756, 460284
17756, 460284
17756, 460284
17756, 460284
17756, 460284
17756, 460284
17756, 460284
17756, 460284
17756, 460284
17756, 460284
17756, 460284
17756, 460284
17756, 460284
17756, 460284
17756, 460284
17756, 460284
17756, 460284
17756, 460284
17756, 460284
17756, 460284
17756, 460284
17756, 460284
17756, 460284
17756, 460284
17756, 460284
17756, 460284
17756, 460284
17756, 460284
17756, 460284
17756, 460284
17756, 460284
17756, 460284
17756, 460284
17756, 460284
17756, 460284
17756, 460284
17756, 460284
17756, 460284
17756, 460284
17756, 460284
17756, 460284
17756, 460284
17756, 460284
17756, 460284
17756, 460284
17756, 460284
17756, 460284
17756, 460284
17756, 460284
17756, 460284
17756, 460284
17756, 460284
17756, 460284
17756, 460284
17756, 460284
17756, 460284
17756, 460284
17756, 460284
17756, 460284
17756, 460284
17756, 460284
17756, 460284
17756, 460284
17756, 460284
17756, 460284
17756, 460284
17756, 460284
17756, 460284
17756, 460284
17756, 460284
17756, 460284
17756, 460284
17756, 460284
17756, 460284
17756, 460284
17756, 460284
17756, 460284
17756, 460284
17756, 460284
17756, 460284
17756, 460284
17756, 460284
17756, 460284
17756, 460284
17756, 460284
17756, 460284
17756, 460284
17756, 460284
17756, 460284
17756, 460284
17756, 460284
17756, 460284
17756, 460284
17756, 460284
17756, 460284
17756, 460284
17756, 460284
17756, 460284
17756, 460284
17756, 460284
17756, 460284
17756, 460284
17756, 460284
17756, 460284
17756, 460284
17756, 460284
17756, 460284
17756, 460284
17756, 460284
17756, 460284
17756, 460284
17756, 460284
17756, 460284
17756, 460284
17756, 460284
17756, 460284
17756, 460284
17756, 460284
17756, 460284
17756, 460284
17756, 460284
17756, 460284
17756, 460284
17756, 460284
17756, 460284
17756, 460284
17756, 460284
17756, 460284
17756, 460284
17756, 460284
17756, 460284
17756, 460284
17756, 460284
17756, 460284
17756, 460284
17756, 460284
17756, 460284
17756, 460284
17756, 460284
17756, 460284
17756, 460284
17756, 460284
17756, 460284
17756, 460284
17756, 460284
17756, 460284
17756, 460284
17756, 460284
17756, 460284
17756, 460284
17756, 460284
17756, 460284
17756, 460284
17756, 460284
17756, 460284
17756, 460284
17756, 460284
17756, 460284
17756, 460284
17756, 460284
17756, 460284
17756, 460284
17756, 460284
17756, 460284
17756, 460284
17756, 460284
17756, 460284
17756, 460284
17756, 460284
17756, 460284
17756, 460284
17756, 460284
17756, 460284
17756, 460284
17756, 460284
17756, 460284
17756, 460284
17756, 460284
17756, 460284
17756, 460284
17756, 460284
17756, 460284
17756, 460284
17756, 460284
17756, 460284
17756, 460284
17756, 460284
17756, 460284
17756, 460284
17756, 460284
17756, 460284
17756, 460284
17756, 460284
17756, 460284
17756, 460284
17756, 460284
17756, 460284
17756, 460284
17756, 460284
17756, 460284
17756, 460284
17756, 460284
17756, 460284
17756, 460284
17756, 460284
17756, 460284
17756, 460284
17756, 460284
17756, 460284
17756, 460284
17756, 460284
17756, 460284
17756, 460284
17756, 460284
17756, 460284
17756, 460284
17756, 460284
17756, 460284
17756, 460284
17756, 460284
17756, 460284
17756, 460284
17756, 460284
17756, 460284
17756, 460284
17756, 460284
17756, 460284
17756, 460284
17756, 460284
17756, 460284
17756, 460284
17756, 460284
17756, 460284
17756, 460284
17756, 460284
17756, 460284
17756, 460284
17756, 460284
17756, 460284
17756, 460284
17756, 460284
17756, 460284
17756, 460284
17756, 460284
17756, 460284
17756, 460284
17756, 460284
17756, 460284
17756, 460284
17756, 460284
17756, 460284
17756, 460284
17756, 460284
17756, 460284
17756, 460284
17756, 460284
17756, 460284
17756, 460284
17756, 460284
17756, 460284
17756, 460284
17756, 460284
17756, 460284
17756, 460284
17756, 460284
17756, 460284
17756, 460284
17756, 460284
17756, 460284
17756, 460284
17756, 460284
17756, 460284
17756, 460284
17756, 460284
17756, 460284
17756, 460284
17756, 460284
17756, 460284
17756, 460284
17756, 460284
17756, 460284
17756, 460284
17756, 460284
17756, 460284
17756, 460284
17756, 460284
17756, 460284
17756, 460284
17756, 460284
17756, 460284
17756, 460284
17756, 460284
17756, 460284
17756, 460284
17756, 460284
17756, 460284
17756, 460284
17756, 460284
17756, 460284
17756, 460284
17756, 460284
17756, 460284
17756, 460284
17756, 460284
17756, 460284
17756, 460284
17756, 460284
17756, 460284
17756, 460284
17756, 460284
17756, 460284
17756, 460284
17756, 460284
17756, 460284
17756, 460284
17756, 460284
17756, 460284
17756, 460284
17756, 460284
17756, 460284
17756, 460284
17756, 460284
17756, 460284
17756, 460284
17756, 460284
17756, 460284
17756, 460284
17756, 460284
17756, 460284
17756, 460284
17756, 460284
17756, 460284
17756, 460284
17756, 460284
17756, 460284
17756, 460284
17756, 460284
17756, 460284
17756, 460284
17756, 460284
17756, 460284
17756, 460284
17756, 460284
17756, 460284
17756, 460284
17756, 460284
17756, 460284
17756, 460284
17756, 460284
17756, 460284
17756, 460284
17756, 460284
17756, 460284
17756, 460284
17756, 460284
17756, 460284
17756, 460284
17756, 460284
17756, 460284
17756, 460284
17756, 460284
17756, 460284
17756, 460284
17756, 460284
17756, 460284
17756, 460284
17756, 460284
17756, 460284
17756, 460284
17756, 460284
17756, 460284
17756, 460284
17756, 460284
17756, 460284
17756, 460284
17756, 460284
17756, 460284
17756, 460284
17756, 460284
17756, 460284
17756, 460284
17756, 460284
17756, 460284
17756, 460284
17756, 460284
17756, 460284
17756, 460284
17756, 460284
17756, 460284
17756, 460284
17756, 460284
17756, 460284
17756, 460284
17756, 460284
17756, 460284
17756, 460284
17756, 460284
17756, 460284
17756, 460284
17756, 460284
17756, 460284
17756, 460284
17756, 460284
17756, 460284
17756, 460284
17756, 460284
17756, 460284
17756, 460284
17756, 460284
17756, 460284
17756, 460284
17756, 460284
17756, 460284
17756, 460284
17756, 460284
17756, 460284
17756, 460284
17756, 460284
17756, 460284
17756, 460284
17756, 460284
17756, 460284
17756, 460284
17756, 460284
17756, 460284
17756, 460284
17756, 460284
17756, 460284
17756, 460284
17756, 460284
17756, 460284
17756, 460284
17756, 460284
17756, 460284
17756, 460284
17756, 460284
17756, 460284
17756, 460284
17756, 460284
17756, 460284
17756, 460284
17756, 460284
17756, 460284
17756, 460284
17756, 460284
17756, 460284
17756, 460284
17756, 460284
17756, 460284
17756, 460284
17756, 460284
17756, 460284
17756, 460284
17756, 460284
17756, 460284
17756, 460284
17756, 460284
17756, 460284
17756, 460284
17756, 460284
17756, 460284
17756, 460284
17756, 460284
17756, 460284
17756, 460284
17756, 460284
17756, 460284
17756, 460284
17756, 460284
17756, 460284
17756, 460284
17756, 460284
17756, 460284
17756, 460284
17756, 460284
17756, 460284
17756, 460284
17756, 460284
17756, 460284
17756, 460284
17756, 460284
17756, 460284
17756, 460284
17756, 460284
17756, 460284
17756, 460284
17756, 460284
17756, 460284
17756, 460284
17756, 460284
17756, 460284
17756, 460284
17756, 460284
17756, 460284
17756, 460284
17756, 460284
17756, 460284
17756, 460284
17756, 460284
17756, 460284
17756, 460284
17756, 460284
17756, 460284
17756, 460284
17756, 460284
17756, 460284
17756, 460284
17756, 460284
17756, 460284
17756, 460284
17756, 460284
17756, 460284
17756, 460284
17756, 460284
17756, 460284
17756, 460284
17756, 460284
17756, 460284
17756, 460284
17756, 460284
17756, 460284
17756, 460284
17756, 460284
17756, 460284
17756, 460284
17756, 460284
17756, 460284
17756, 460284
17756, 460284
17756, 460284
17756, 460284
17756, 460284
17756, 460284
17756, 460284
17756, 460284
17756, 460284
17756, 460284
17756, 460284
17756, 460284
17756, 460284
17756, 460284
17756, 460284
17756, 460284
17756, 460284
17756, 460284
17756, 460284
17756, 460284
17756, 460284
17756, 460284
17756, 460284
17756, 460284
17756, 460284
17756, 460284
17756, 460284
17756, 460284
17756, 460284
17756, 460284
17756, 460284
17756, 460284
17756, 460284
17756, 460284
17756, 460284
17756, 460284
17756, 460284
17756, 460284
17756, 460284
17756, 460284
17756, 460284
17756, 460284
17756, 460284
17756, 460284
17756, 460284
17756, 460284
17756, 460284
17756, 460284
17756, 460284
17756, 460284
17756, 460284
17756, 460284
17756, 460284
17756, 460284
17756, 460284
17756, 460284
17756, 460284
17756, 460284
17756, 460284
17756, 460284
17756, 460284
17756, 460284
17756, 460284
17756, 460284
17756, 460284
17756, 460284
17756, 460284
17756, 460284
17756, 460284
17756, 460284
17756, 460284
17756, 460284
17756, 460284
17756, 460284
17756, 460284
17756, 460284
17756, 460284
17756, 460284
17756, 460284
17756, 460284
17756, 460284
17756, 460284
17756, 460284
17756, 460284
17756, 460284
17756, 460284
17756, 460284
17756, 460284
17756, 460284
17756, 460284
17756, 460284
17756, 460284
17756, 460284
17756, 460284
17756, 460284
17756, 460284
17756, 460284
17756, 460284
17756, 460284
17756, 460284
17756, 460284
17756, 460284
17756, 460284
17756, 460284
17756, 460284
17756, 460284
17756, 460284
17756, 460284
17756, 460284
17756, 460284
17756, 460284
17756, 460284
17756, 460284
17756, 460284
17756, 460284
17756, 460284
17756, 460284
17756, 460284
17756, 460284
17756, 460284
17756, 460284
17756, 460284
17756, 460284
17756, 460284
17756, 460284
17756, 460284
17756, 460284
17756, 460284
17756, 460284
17756, 460284
17756, 460284
17756, 460284
17756, 460284
17756, 460284
17756, 460284
17756, 460284
17756, 460284
17756, 460284
17756, 460284
17756, 460284
17756, 460284
17756, 460284
17756, 460284
17756, 460284
17756, 460284
17756, 460284
17756, 460284
17756, 460284
17756, 460284
17756, 460284
17756, 460284
17756, 460284
17756, 460284
17756, 460284
17756, 460284
17756, 460284
17756, 460284
17756, 460284
17756, 460284
17756, 460284
17756, 460284
17756, 460284
17756, 460284
17756, 460284
17756, 460284
17756, 460284
17756, 460284
17756, 460284
17756, 460284
17756, 460284
17756, 460284
17756, 460284
17756, 460284
17756, 460284
17756, 460284
17756, 460284
17756, 460284
17756, 460284
17756, 460284
17756, 460284
17756, 460284
17756, 460284
17756, 460284
17756, 460284
17756, 460284
17756, 460284
17756, 460284
17756, 460284
17756, 460284
17756, 460284
17756, 460284
17756, 460284
17756, 460284
17756, 460284
17756, 460284
17756, 460284
17756, 460284
17756, 460284
17756, 460284
17756, 460284
17756, 460284
17756, 460284
17756, 460284
17756, 460284
17756, 460284
17756, 460284
17756, 460284
17756, 460284
17756, 460284
17756, 460284
17756, 460284
17756, 460284
17756, 460284
17756, 460284
17756, 460284
17756, 460284
17756, 460284
17756, 460284
17756, 460284
17756, 460284
17756, 460284
17756, 460284
17756, 460284
17756, 460284
17756, 460284
17756, 460284
17756, 460284
17756, 460284
17756, 460284
17756, 460284
17756, 460284
17756, 460284
17756, 460284
17756, 460284
17756, 460284
17756, 460284
17756, 460284
17756, 460284
17756, 460284
17756, 460284
17756, 460284
17756, 460284
17756, 460284
17756, 460284
17756, 460284
17756, 460284
17756, 460284
17756, 460284
17756, 460284
17756, 460284
17756, 460284
17756, 460284
17756, 460284
17756, 460284
17756, 460284
17756, 460284
17756, 460284
17756, 460284
17756, 460284
17756, 460284
17756, 460284
17756, 460284
17756, 460284
17756, 460284
17756, 460284
17756, 460284
17756, 460284
17756, 460284
17756, 460284
17756, 460284
17756, 460284
17756, 460284
17756, 460284
17756, 460284
17756, 460284
17756, 460284
17756, 460284
17756, 460284
17756, 460284
17756, 460284
17756, 460284
17756, 460284
17756, 460284
17756, 460284
17756, 460284
17756, 460284
17756, 460284
17756, 460284
17756, 460284
17756, 460284
17756, 460284
17756, 460284
17756, 460284
17756, 460284
17756, 460284
17756, 460284
17756, 460284
17756, 460284
17756, 460284
17756, 460284
17756, 460284
17756, 460284
17756, 460284
17756, 460284
17756, 460284
17756, 460284
17756, 460284
17756, 460284
17756, 460284
17756, 460284
17756, 460284
17756, 460284
17756, 460284
17756, 460284
17756, 460284
17756, 460284
17756, 460284
17756, 460284
17756, 460284
17756, 460284
17756, 460284
17756, 460284
17756, 460284
17756, 460284
17756, 460284
17756, 460284
17756, 460284
17756, 460284
17756, 460284
17756, 460284
17756, 460284
17756, 460284
17756, 460284
17756, 460284
17756, 460284
17756, 460284
17756, 460284
17756, 460284
17756, 460284
17756, 460284
17756, 460284
17756, 460284
17756, 460284
17756, 460284
17756, 460284
17756, 460284
17756, 460284
17756, 460284
17756, 460284
17756, 460284
17756, 460284
17756, 460284
17756, 460284
17756, 460284
17756, 460284
17756, 460284
17756, 460284
17756, 460284
17756, 460284
17756, 460284
17756, 460284
17756, 460284
17756, 460284
17756, 460284
17756, 460284
17756, 460284
17756, 460284
17756, 460284
17756, 460284
17756, 460284
17756, 460284
17756, 460284
17756, 460284
17756, 460284
17756, 460284
17756, 460284
17756, 460284
17756, 460284
17756, 460284
17756, 460284
17756, 460284
17756, 460284
17756, 460284
17756, 460284
17756, 460284
17756, 460284
17756, 460284
17756, 460284
17756, 460284
17756, 460284
17756, 460284
17756, 460284
17756, 460284
17756, 460284
17756, 460284
17756, 460284
17756, 460284
17756, 460284
17756, 460284
17756, 460284
17756, 460284
17756, 460284
17756, 460284
17756, 460284
17756, 460284
17756, 460284
17756, 460284
17756, 460284
17756, 460284
17756, 460284
17756, 460284
17756, 460284
17756, 460284
17756, 460284
17756, 460284
17756, 460284
17756, 460284
17756, 460284
17756, 460284
17756, 460284
17756, 460284
17756, 460284
17756, 460284
17756, 460284
17756, 460284
17756, 460284
17756, 460284
17756, 460284
17756, 460284
17756, 460284
17756, 460284
17756, 460284
17756, 460284
17756, 460284
17756, 460284
17756, 460284
17756, 460284
17756, 460284
17756, 460284
17756, 460284
17756, 460284
17756, 460284
17756, 460284
17756, 460284
17756, 460284
17756, 460284
17756, 460284
17756, 460284
17756, 460284
17756, 460284
17756, 460284
17756, 460284
17756, 460284
17756, 460284
17756, 460284
17756, 460284
17756, 460284
17756, 460284
17756, 460284
17756, 460284
17756, 460284
17756, 460284
17756, 460284
17756, 460284
17756, 460284
17756, 460284
17756, 460284
17756, 460284
17756, 460284
17756, 460284
17756, 460284
17756, 460284
17756, 460284
17756, 460284
17756, 460284
17756, 460284
17756, 460284
17756, 460284
17756, 460284
17756, 460284
17756, 460284
17756, 460284
17756, 460284
17756, 460284
17756, 460284
17756, 460284
17756, 460284
17756, 460284
17756, 460284
17756, 460284
17756, 460284
17756, 460284
17756, 460284
17756, 460284
17756, 460284
17756, 460284
17756, 460284
17756, 460284
17756, 460284
17756, 460284
17756, 460284
17756, 460284
17756, 460284
17756, 460284
17756, 460284
17756, 460284
17756, 460284
17756, 460284
17756, 460284
17756, 460284
17756, 460284
17756, 460284
17756, 460284
17756, 460284
17756, 460284
17756, 460284
17756, 460284
17756, 460284
17756, 460284
17756, 460284
17756, 460284
17756, 460284
17756, 460284
17756, 460284
17756, 460284
17756, 460284
17756, 460284
17756, 460284
17756, 460284
17756, 460284
17756, 460284
17756, 460284
17756, 460284
17756, 460284
17756, 460284
17756, 460284
17756, 460284
17756, 460284
17756, 460284
17756, 460284
17756, 460284
17756, 460284
17756, 460284
17756, 460284
17756, 460284
17756, 460284
17756, 460284
17756, 460284
17756, 460284
17756, 460284
17756, 460284
17756, 460284
17756, 460284
17756, 460284
17756, 460284
17756, 460284
17756, 460284
17756, 460284
17756, 460284
17756, 460284
17756, 460284
17756, 460284
17756, 460284
17756, 460284
17756, 460284
17756, 460284
17756, 460284
17756, 460284
17756, 460284
17756, 460284
17756, 460284
17756, 460284
17756, 460284
17756, 460284
17756, 460284
17756, 460284
17756, 460284
17756, 460284
17756, 460284
17756, 460284
17756, 460284
17756, 460284
17756, 460284
17756, 460284
17756, 460284
17756, 460284
17756, 460284
17756, 460284
17756, 460284
17756, 460284
17756, 460284
17756, 460284
17756, 460284
17756, 460284
17756, 460284
17756, 460284
17756, 460284
17756, 460284
17756, 460284
17756, 460284
17756, 460284
17756, 460284
17756, 460284
17756, 460284
17756, 460284
17756, 460284
17756, 460284
17756, 460284
17756, 460284
17756, 460284
17756, 460284
17756, 460284
17756, 460284
17756, 460284
17756, 460284
17756, 460284
17756, 460284
17756, 460284
17756, 460284
17756, 460284
17756, 460284
17756, 460284
17756, 460284
17756, 460284
17756, 460284
17756, 460284
17756, 460284
17756, 460284
17756, 460284
17756, 460284
17756, 460284
17756, 460284
17756, 460284
17756, 460284
17756, 460284
17756, 460284
17756, 460284
17756, 460284
17756, 460284
17756, 460284
17756, 460284
17756, 460284
17756, 460284
17756, 460284
17756, 460284
17756, 460284
17756, 460284
17756, 460284
17756, 460284
17756, 460284
17756, 460284
17756, 460284
17756, 460284
17756, 460284
17756, 460284
17756, 460284
17756, 460284
17756, 460284
17756, 460284
17756, 460284
17756, 460284
17756, 460284
17756, 460284
17756, 460284
17756, 460284
17756, 460284
17756, 460284
17756, 460284
17756, 460284
17756, 460284
17756, 460284
17756, 460284
17756, 460284
17756, 460284
17756, 460284
17756, 460284
17756, 460284
17756, 460284
17756, 460284
17756, 460284
17756, 460284
17756, 460284
17756, 460284
17756, 460284
17756, 460284
17756, 460284
17756, 460284
17756, 460284
17756, 460284
17756, 460284
17756, 460284
17756, 460284
17756, 460284
17756, 460284
17756, 460284
17756, 460284
17756, 460284
17756, 460284
17756, 460284
17756, 460284
17756, 460284
17756, 460284
17756, 460284
17756, 460284
17756, 460284
17756, 460284
17756, 460284
17756, 460284
17756, 460284
17756, 460284
17756, 460284
17756, 460284
17756, 460284
17756, 460284
17756, 460284
17756, 460284
17756, 460284
17756, 460284
17756, 460284
17756, 460284
17756, 460284
17756, 460284
17756, 460284
17756, 460284
17756, 460284
17756, 460284
17756, 460284
17756, 460284
17756, 460284
17756, 460284
17756, 460284
17756, 460284
17756, 460284
17756, 460284
17756, 460284
17756, 460284
17756, 460284
17756, 460284
17756, 460284
17756, 460284
17756, 460284
17756, 460284
17756, 460284
17756, 460284
17756, 460284
17756, 460284
17756, 460284
17756, 460284
17756, 460284
17756, 460284
17756, 460284
17756, 460284
17756, 460284
17756, 460284
17756, 460284
17756, 460284
17756, 460284
17756, 460284
17756, 460284
17756, 460284
17756, 460284
17756, 460284
17756, 460284
17756, 460284
17756, 460284
17756, 460284
17756, 460284
17756, 460284
17756, 460284
17756, 460284
17756, 460284
17756, 460284
17756, 460284
17756, 460284
17756, 460284
17756, 460284
17756, 460284
17756, 460284
17756, 460284
17756, 460284
17756, 460284
17756, 460284
17756, 460284
17756, 460284
17756, 460284
17756, 460284
17756, 460284
17756, 460284
17756, 460284
17756, 460284
17756, 460284
17756, 460284
17756, 460284
17756, 460284
17756, 460284
17756, 460284
17756, 460284
17756, 460284
17756, 460284
17756, 460284
17756, 460284
17756, 460284
17756, 460284
17756, 460284
17756, 460284
17756, 460284
17756, 460284
17756, 460284
17756, 460284
17756, 460284
17756, 460284
17756, 460284
17756, 460284
17756, 460284
17756, 460284
17756, 460284
17756, 460284
17756, 460284
17756, 460284
17756, 460284
17756, 460284
17756, 460284
17756, 460284
17756, 460284
17756, 460284
17756, 460284
17756, 460284
17756, 460284
17756, 460284
17756, 460284
17756, 460284
17756, 460284
17756, 460284
17756, 460284
17756, 460284
17756, 460284
17756, 460284
17756, 460284
17756, 460284
17756, 460284
17756, 460284
17756, 460284
17756, 460284
17756, 460284
17756, 460284
17756, 460284
17756, 460284
17756, 460284
17756, 460284
17756, 460284
17756, 460284
17756, 460284
17756, 460284
17756, 460284
17756, 460284
17756, 460284
17756, 460284
17756, 460284
17756, 460284
17756, 460284
17756, 460284
17756, 460284
17756, 460284
17756, 460284
17756, 460284
17756, 460284
17756, 460284
17756, 460284
17756, 460284
17756, 460284
17756, 460284
17756, 460284
17756, 460284
17756, 460284
17756, 460284
17756, 460284
17756, 460284
17756, 460284
17756, 460284
17756, 460284
17756, 460284
17756, 460284
17756, 460284
17756, 460284
17756, 460284
17756, 460284
17756, 460284
17756, 460284
17756, 460284
17756, 460284
17756, 460284
17756, 460284
17756, 460284
17756, 460284
17756, 460284
17756, 460284
17756, 460284
17756, 460284
17756, 460284
17756, 460284
17756, 460284
17756, 460284
17756, 460284
17756, 460284
17756, 460284
17756, 460284
17756, 460284
17756, 460284
17756, 460284
17756, 460284
17756, 460284
17756, 460284
17756, 460284
17756, 460284
17756, 460284
17756, 460284
17756, 460284
17756, 460284
17756, 460284
17756, 460284
17756, 460284
17756, 460284
17756, 460284
17756, 460284
17756, 460284
17756, 460284
17756, 460284
17756, 460284
17756, 460284
17756, 460284
17756, 460284
17756, 460284
17756, 460284
17756, 460284
17756, 460284
17756, 460284
17756, 460284
17756, 460284
17756, 460284
17756, 460284
17756, 460284
17756, 460284
17756, 460284
17756, 460284
17756, 460284
17756, 460284
17756, 460284
17756, 460284
17756, 460284
17756, 460284
17756, 460284
17756, 460284
17756, 460284
17756, 460284
17756, 460284
17756, 460284
17756, 460284
17756, 460284
17756, 460284
17756, 460284
17756, 460284
17756, 460284
17756, 460284
17756, 460284
17756, 460284
17756, 460284
17756, 460284
17756, 460284
17756, 460284
17756, 460284
17756, 460284
17756, 460284
17756, 460284
17756, 460284
17756, 460284
17756, 460284
17756, 460284
17756, 460284
17756, 460284
17756, 460284
17756, 460284
17756, 460284
17756, 460284
17756, 460284
17756, 460284
17756, 460284
17756, 460284
17756, 460284
17756, 460284
17756, 460284
17756, 460284
17756, 460284
17756, 460284
17756, 460284
17756, 460284
17756, 460284
17756, 460284
17756, 460284
17756, 460284
17756, 460284
17756, 460284
17756, 460284
17756, 460284
17756, 460284
17756, 460284
17756, 460284
17756, 460284
17756, 460284
17756, 460284
17756, 460284
17756, 460284
17756, 460284
17756, 460284
17756, 460284
17756, 460284
17756, 460284
17756, 460284
17756, 460284
17756, 460284
17756, 460284
17756, 460284
17756, 460284
17756, 460284
17756, 460284
17756, 460284
17756, 460284
17756, 460284
17756, 460284
17756, 460284
17756, 460284
17756, 460284
17756, 460284
17756, 460284
17756, 460284
17756, 460284
17756, 460284
17756, 460284
17756, 460284
17756, 460284
17756, 460284
17756, 460284
17756, 460284
17756, 460284
17756, 460284
17756, 460284
17756, 460284
17756, 460284
17756, 460284
17756, 460284
17756, 460284
17756, 460284
17756, 460284
17756, 460284
17756, 460284
17756, 460284
17756, 460284
17756, 460284
17756, 460284
17756, 460284
17756, 460284
17756, 460284
17756, 460284
17756, 460284
17756, 460284
17756, 460284
17756, 460284
17756, 460284
17756, 460284
17756, 460284
17756, 460284
17756, 460284
17756, 460284
17756, 460284
17756, 460284
17756, 460284
17756, 460284
17756, 460284
17756, 460284
17756, 460284
17756, 460284
17756, 460284
17756, 460284
17756, 460284
17756, 460284
17756, 460284
17756, 460284
17756, 460284
17756, 460284
17756, 460284
17756, 460284
17756, 460284
17756, 460284
17756, 460284
17756, 460284
17756, 460284
17756, 460284
17756, 460284
17756, 460284
17756, 460284
17756, 460284
17756, 460284
17756, 460284
17756, 460284
17756, 460284
17756, 460284
17756, 460284
17756, 460284
17756, 460284
17756, 460284
17756, 460284
17756, 460284
17756, 460284
17756, 460284
17756, 460284
17756, 460284
17756, 460284
17756, 460284
17756, 460284
17756, 460284
17756, 460284
17756, 460284
17756, 460284
17756, 460284
17756, 460284
17756, 460284
17756, 460284
17756, 460284
17756, 460284
17756, 460284
17756, 460284
17756, 460284
17756, 460284
17756, 460284
17756, 460284
17756, 460284
17756, 460284
17756, 460284
17756, 460284
17756, 460284
17756, 460284
17756, 460284
17756, 460284
17756, 460284
17756, 460284
17756, 460284
17756, 460284
17756, 460284
17756, 460284
17756, 460284
17756, 460284
17756, 460284
17756, 460284
17756, 460284
17756, 460284
17756, 460284
17756, 460284
17756, 460284
17756, 460284
17756, 460284
17756, 460284
17756, 460284
17756, 460284
17756, 460284
17756, 460284
17756, 460284
17756, 460284
17756, 460284
17756, 460284
17756, 460284
17756, 460284
17756, 460284
17756, 460284
17756, 460284
17756, 460284
17756, 460284
17756, 460284
17756, 460284
17756, 460284
17756, 460284
17756, 460284
17756, 460284
17756, 460284
17756, 460284
17756, 460284
17756, 460284
17756, 460284
17756, 460284
17756, 460284
17756, 460284
17756, 460284
17756, 460284
17756, 460284
17756, 460284
17756, 460284
17756, 460284
17756, 460284
17756, 460284
17756, 460284
17756, 460284
17756, 460284
17756, 460284
17756, 460284
17756, 460284
17756, 460284
17756, 460284
17756, 460284
17756, 460284
17756, 460284
17756, 460284
17756, 460284
17756, 460284
17756, 460284
17756, 460284
17756, 460284
17756, 460284
17756, 460284
17756, 460284
17756, 460284
17756, 460284
17756, 460284
17756, 460284
17756, 460284
17756, 460284
17756, 460284
17756, 460284
17756, 460284
17756, 460284
17756, 460284
17756, 460284
17756, 460284
17756, 460284
17756, 460284
17756, 460284
17756, 460284
17756, 460284
17756, 460284
17756, 460284
17756, 460284
17756, 460284
17756, 460284
17756, 460284
17756, 460284
17756, 460284
17756, 460284
17756, 460284
17756, 460284
17756, 460284
17756, 460284
17756, 460284
17756, 460284
17756, 460284
17756, 460284
17756, 460284
17756, 460284
17756, 460284
17756, 460284
17756, 460284
17756, 460284
17756, 460284
17756, 460284
17756, 460284
17756, 460284
17756, 460284
17756, 460284
17756, 460284
17756, 460284
17756, 460284
17756, 460284
17756, 460284
17756, 460284
17756, 460284
17756, 460284
17756, 460284
17756, 460284
17756, 460284
17756, 460284
17756, 460284
17756, 460284
17756, 460284
17756, 460284
17756, 460284
17756, 460284
17756, 460284
17756, 460284
17756, 460284
17756, 460284
17756, 460284
17756, 460284
17756, 460284
17756, 460284
17756, 460284
17756, 460284
17756, 460284
17756, 460284
17756, 460284
17756, 460284
17756, 460284
17756, 460284
17756, 460284
17756, 460284
17756, 460284
17756, 460284
17756, 460284
17756, 460284
17756, 460284
17756, 460284
17756, 460284
17756, 460284
17756, 460284
17756, 460284
17756, 460284
17756, 460284
17756, 460284
17756, 460284
17756, 460284
17756, 460284
17756, 460284
17756, 460284
17756, 460284
17756, 460284
17756, 460284
17756, 460284
17756, 460284
17756, 460284
17756, 460284
17756, 460284
17756, 460284
17756, 460284
17756, 460284
17756, 460284
17756, 460284
17756, 460284
17756, 460284
17756, 460284
17756, 460284
17756, 460284
17756, 460284
17756, 460284
17756, 460284
17756, 460284
17756, 460284
17756, 460284
17756, 460284
17756, 460284
17756, 460284
17756, 460284
17756, 460284
17756, 460284
17756, 460284
17756, 460284
17756, 460284
17756, 460284
17756, 460284
17756, 460284
17756, 460284
17756, 460284
17756, 460284
17756, 460284
17756, 460284
17756, 460284
17756, 460284
17756, 460284
17756, 460284
17756, 460284
17756, 460284
17756, 460284
17756, 460284
17756, 460284
17756, 460284
17756, 460284
17756, 460284
17756, 460284
17756, 460284
17756, 460284
17756, 460284
17756, 460284
17756, 460284
17756, 460284
17756, 460284
17756, 460284
17756, 460284
17756, 460284
17756, 460284
17756, 460284
17756, 460284
17756, 460284
17756, 460284
17756, 460284
17756, 460284
17756, 460284
17756, 460284
17756, 460284
17756, 460284
17756, 460284
17756, 460284
17756, 460284
17756, 460284
17756, 460284
17756, 460284
17756, 460284
17756, 460284
17756, 460284
17756, 460284
17756, 460284
17756, 460284
17756, 460284
17756, 460284
17756, 460284
17756, 460284
17756, 460284
17756, 460284
17756, 460284
17756, 460284
17756, 460284
17756, 460284
17756, 460284
17756, 460284
17756, 460284
17756, 460284
17756, 460284
17756, 460284
17756, 460284
17756, 460284
17756, 460284
17756, 460284
17756, 460284
17756, 460284
17756, 460284
17756, 460284
17756, 460284
17756, 460284
17756, 460284
17756, 460284
17756, 460284
17756, 460284
17756, 460284
17756, 460284
17756, 460284
17756, 460284
17756, 460284
17756, 460284
17756, 460284
17756, 460284
17756, 460284
17756, 460284
17756, 460284
17756, 460284
17756, 460284
17756, 460284
17756, 460284
17756, 460284
17756, 460284
17756, 460284
17756, 460284
17756, 460284
17756, 460284
17756, 460284
17756, 460284
17756, 460284
17756, 460284
17756, 460284
17756, 460284
17756, 460284
17756, 460284
17756, 460284
17756, 460284
17756, 460284
17756, 460284
17756, 460284
17756, 460284
17756, 460284
17756, 460284
17756, 460284
17756, 460284
17756, 460284
17756, 460284
17756, 460284
17756, 460284
17756, 460284
17756, 460284
17756, 460284
17756, 460284
17756, 460284
17756, 460284
17756, 460284
17756, 460284
17756, 460284
17756, 460284
17756, 460284
17756, 460284
17756, 460284
17756, 460284
17756, 460284
17756, 460284
17756, 460284
17756, 460284
17756, 460284
17756, 460284
17756, 460284
17756, 460284
17756, 460284
17756, 460284
17756, 460284
17756, 460284
17756, 460284
17756, 460284
17756, 460284
17756, 460284
17756, 460284
17756, 460284
17756, 460284
17756, 460284
17756, 460284
17756, 460284
17756, 460284
17756, 460284
17756, 460284
17756, 460284
17756, 460284
17756, 460284
17756, 460284
17756, 460284
17756, 460284
17756, 460284
17756, 460284
17756, 460284
17756, 460284
17756, 460284
17756, 460284
17756, 460284
17756, 460284
17756, 460284
17756, 460284
17756, 460284
17756, 460284
17756, 460284
17756, 460284
17756, 460284
17756, 460284
17756, 460284
17756, 460284
17756, 460284
17756, 460284
17756, 460284
17756, 460284
17756, 460284
17756, 460284
17756, 460284
17756, 460284
17756, 460284
17756, 460284
17756, 460284
17756, 460284
17756, 460284
17756, 460284
17756, 460284
17756, 460284
17756, 460284
17756, 460284
17756, 460284
17756, 460284
17756, 460284
17756, 460284
17756, 460284
17756, 460284
17756, 460284
17756, 460284
17756, 460284
17756, 460284
17756, 460284
17756, 460284
17756, 460284
17756, 460284
17756, 460284
17756, 460284
17756, 460284
17756, 460284
17756, 460284
17756, 460284
17756, 460284
17756, 460284
17756, 460284
17756, 460284
17756, 460284
17756, 460284
17756, 460284
17756, 460284
17756, 460284
17756, 460284
17756, 460284
17756, 460284
17756, 460284
17756, 460284
17756, 460284
17756, 460284
17756, 460284
17756, 460284
17756, 460284
17756, 460284
17756, 460284
17756, 460284
17756, 460284
17756, 460284
17756, 460284
17756, 460284
17756, 460284
17756, 460284
17756, 460284
17756, 460284
17756, 460284
17756, 460284
17756, 460284
17756, 460284
17756, 460284
17756, 460284
17756, 460284
17756, 460284
17756, 460284
17756, 460284
17756, 460284
17756, 460284
17756, 460284
17756, 460284
17756, 460284
17756, 460284
17756, 460284
17756, 460284
17756, 460284
17756, 460284
17756, 460284
17756, 460284
17756, 460284
17756, 460284
17756, 460284
17756, 460284
17756, 460284
17756, 460284
17756, 460284
17756, 460284
17756, 460284
17756, 460284
17756, 460284
17756, 460284
17756, 460284
17756, 460284
17756, 460284
17756, 460284
17756, 460284
17756, 460284
17756, 460284
17756, 460284
17756, 460284
17756, 460284
17756, 460284
17756, 460284
17756, 460284
17756, 460284
17756, 460284
17756, 460284
17756, 460284
17756, 460284
17756, 460284
17756, 460284
17756, 460284
17756, 460284
17756, 460284
17756, 460284
17756, 460284
17756, 460284
17756, 460284
17756, 460284
17756, 460284
17756, 460284
17756, 460284
17756, 460284
17756, 460284
17756, 460284
17756, 460284
17756, 460284
17756, 460284
17756, 460284
17756, 460284
17756, 460284
17756, 460284
17756, 460284
17756, 460284
17756, 460284
17756, 460284
17756, 460284
17756, 460284
17756, 460284
17756, 460284
17756, 460284
17756, 460284
17756, 460284
17756, 460284
17756, 460284
17756, 460284
17756, 460284
17756, 460284
17756, 460284
17756, 460284
17756, 460284
17756, 460284
17756, 460284
17756, 460284
17756, 460284
17756, 460284
17756, 460284
17756, 460284
17756, 460284
17756, 460284
17756, 460284
17756, 460284
17756, 460284
17756, 460284
17756, 460284
17756, 460284
17756, 460284
17756, 460284
17756, 460284
17756, 460284
17756, 460284
17756, 460284
17756, 460284
17756, 460284
17756, 460284
17756, 460284
17756, 460284
17756, 460284
17756, 460284
17756, 460284
17756, 460284
17756, 460284
17756, 460284
17756, 460284
17756, 460284
17756, 460284
17756, 460284
17756, 460284
17756, 460284
17756, 460284
17756, 460284
17756, 460284
17756, 460284
17756, 460284
17756, 460284
17756, 460284
17756, 460284
17756, 460284
17756, 460284
17756, 460284
17756, 460284
17756, 460284
17756, 460284
17756, 460284
17756, 460284
17756, 460284
17756, 460284
17756, 460284
17756, 460284
17756, 460284
17756, 460284
17756, 460284
17756, 460284
17756, 460284
17756, 460284
17756, 460284
17756, 460284
17756, 460284
17756, 460284
17756, 460284
17756, 460284
17756, 460284
17756, 460284
17756, 460284
17756, 460284
17756, 460284
17756, 460284
17756, 460284
17756, 460284
17756, 460284
17756, 460284
17756, 460284
17756, 460284
17756, 460284
17756, 460284
17756, 460284
17756, 460284
17756, 460284
17756, 460284
17756, 460284
17756, 460284
17756, 460284
17756, 460284
17756, 460284
17756, 460284
17756, 460284
17756, 460284
17756, 460284
17756, 460284
17756, 460284
17756, 460284
17756, 460284
17756, 460284
17756, 460284
17756, 460284
17756, 460284
17756, 460284
17756, 460284
17756, 460284
17756, 460284
17756, 460284
17756, 460284
17756, 460284
17756, 460284
17756, 460284
17756, 460284
17756, 460284
17756, 460284
17756, 460284
17756, 460284
17756, 460284
17756, 460284
17756, 460284
17756, 460284
17756, 460284
17756, 460284
17756, 460284
17756, 460284
17756, 460284
17756, 460284
17756, 460284
17756, 460284
17756, 460284
17756, 460284
17756, 460284
17756, 460284
17756, 460284
17756, 460284
17756, 460284
17756, 460284
17756, 460284
17756, 460284
17756, 460284
17756, 460284
17756, 460284
17756, 460284
17756, 460284
17756, 460284
17756, 460284
17756, 460284
17756, 460284
17756, 460284
17756, 460284
17756, 460284
17756, 460284
17756, 460284
17756, 460284
17756, 460284
17756, 460284
17756, 460284
17756, 460284
17756, 460284
17756, 460284
17756, 460284
17756, 460284
17756, 460284
17756, 460284
17756, 460284
17756, 460284
17756, 460284
17756, 460284
17756, 460284
17756, 460284
17756, 460284
17756, 460284
17756, 460284
17756, 460284
17756, 460284
17756, 460284
17756, 460284
17756, 460284
17756, 460284
17756, 460284
17756, 460284
17756, 460284
17756, 460284
17756, 460284
17756, 460284
17756, 460284
17756, 460284
17756, 460284
17756, 460284
17756, 460284
17756, 460284
17756, 460284
17756, 460284
17756, 460284
17756, 460284
17756, 460284
17756, 460284
17756, 460284
17756, 460284
17756, 460284
17756, 460284
17756, 460284
17756, 460284
17756, 460284
17756, 460284
17756, 460284
17756, 460284
17756, 460284
17756, 460284
17756, 460284
17756, 460284
17756, 460284
17756, 460284
17756, 460284
17756, 460284
17756, 460284
17756, 460284
17756, 460284
17756, 460284
17756, 460284
17756, 460284
17756, 460284
17756, 460284
17756, 460284
17756, 460284
17756, 460284
17756, 460284
17756, 460284
17756, 460284
17756, 460284
17756, 460284
17756, 460284
17756, 460284
17756, 460284
17756, 460284
17756, 460284
17756, 460284
17756, 460284
17756, 460284
17756, 460284
17756, 460284
17756, 460284
17756, 460284
17756, 460284
17756, 460284
17756, 460284
17756, 460284
17756, 460284
17756, 460284
17756, 460284
17756, 460284
17756, 460284
17756, 460284
17756, 460284
17756, 460284
17756, 460284
17756, 460284
17756, 460284
17756, 460284
17756, 460284
17756, 460284
17756, 460284
17756, 460284
17756, 460284
17756, 460284
17756, 460284
17756, 460284
17756, 460284
17756, 460284
17756, 460284
17756, 460284
17756, 460284
17756, 460284
17756, 460284
17756, 460284
17756, 460284
17756, 460284
17756, 460284
17756, 460284
17756, 460284
17756, 460284
17756, 460284
17756, 460284
17756, 460284
17756, 460284
17756, 460284
17756, 460284
17756, 460284
17756, 460284
17756, 460284
17756, 460284
17756, 460284
17756, 460284
17756, 460284
17756, 460284
17756, 460284
17756, 460284
17756, 460284
17756, 460284
17756, 460284
17756, 460284
17756, 460284
17756, 460284
17756, 460284
17756, 460284
17756, 460284
17756, 460284
17756, 460284
17756, 460284
17756, 460284
17756, 460284
17756, 460284
17756, 460284
17756, 460284
17756, 460284
17756, 460284
17756, 460284
17756, 460284
17756, 460284
17756, 460284
17756, 460284
17756, 460284
17756, 460284
17756, 460284
17756, 460284
17756, 460284
17756, 460284
17756, 460284
17756, 460284
17756, 460284
17756, 460284
17756, 460284
17756, 460284
17756, 460284
17756, 460284
17756, 460284
17756, 460284
17756, 460284
17756, 460284
17756, 460284
17756, 460284
17756, 460284
17756, 460284
17756, 460284
17756, 460284
17756, 460284
17756, 460284
17756, 460284
17756, 460284
17756, 460284
17756, 460284
17756, 460284
17756, 460284
17756, 460284
17756, 460284
17756, 460284
17756, 460284
17756, 460284
17756, 460284
17756, 460284
17756, 460284
17756, 460284
17756, 460284
17756, 460284
17756, 460284
17756, 460284
17756, 460284
17756, 460284
17756, 460284
17756, 460284
17756, 460284
17756, 460284
17756, 460284
17756, 460284
17756, 460284
17756, 460284
17756, 460284
17756, 460284
17756, 460284
17756, 460284
17756, 460284
17756, 460284
17756, 460284
17756, 460284
17756, 460284
17756, 460284
17756, 460284
17756, 460284
17756, 460284
17756, 460284
17756, 460284
17756, 460284
17756, 460284
17756, 460284
17756, 460284
17756, 460284
17756, 460284
17756, 460284
17756, 460284
17756, 460284
17756, 460284
17756, 460284
17756, 460284
17756, 460284
17756, 460284
17756, 460284
17756, 460284
17756, 460284
17756, 460284
17756, 460284
17756, 460284
17756, 460284
17756, 460284
17756, 460284
17756, 460284
17756, 460284
17756, 460284
17756, 460284
17756, 460284
17756, 460284
17756, 460284
17756, 460284
17756, 460284
17756, 460284
17756, 460284
17756, 460284
17756, 460284
17756, 460284
17756, 460284
17756, 460284
17756, 460284
17756, 460284
17756, 460284
17756, 460284
17756, 460284
17756, 460284
17756, 460284
17756, 460284
17756, 460284
17756, 460284
17756, 460284
17756, 460284
17756, 460284
17756, 460284
17756, 460284
17756, 460284
17756, 460284
17756, 460284
17756, 460284
17756, 460284
17756, 460284
17756, 460284
17756, 460284
17756, 460284
17756, 460284
17756, 460284
17756, 460284
17756, 460284
17756, 460284
17756, 460284
17756, 460284
17756, 460284
17756, 460284
17756, 460284
17756, 460284
17756, 460284
17756, 460284
17756, 460284
17756, 460284
17756, 460284
17756, 460284
17756, 460284
17756, 460284
17756, 460284
17756, 460284
17756, 460284
17756, 460284
17756, 460284
17756, 460284
17756, 460284
17756, 460284
17756, 460284
17756, 460284
17756, 460284
17756, 460284
17756, 460284
17756, 460284
17756, 460284
17756, 460284
17756, 460284
17756, 460284
17756, 460284
17756, 460284
17756, 460284
17756, 460284
17756, 460284
17756, 460284
17756, 460284
17756, 460284
17756, 460284
17756, 460284
17756, 460284
17756, 460284
17756, 460284
17756, 460284
17756, 460284
17756, 460284
17756, 460284
17756, 460284
17756, 460284
17756, 460284
17756, 460284
17756, 460284
17756, 460284
17756, 460284
17756, 460284
17756, 460284
17756, 460284
17756, 460284
17756, 460284
17756, 460284
17756, 460284
17756, 460284
17756, 460284
17756, 460284
17756, 460284
17756, 460284
17756, 460284
17756, 460284
17756, 460284
17756, 460284
17756, 460284
17756, 460284
17756, 460284
17756, 460284
17756, 460284
17756, 460284
17756, 460284
17756, 460284
17756, 460284
17756, 460284
17756, 460284
17756, 460284
17756, 460284
17756, 460284
17756, 460284
17756, 460284
17756, 460284
17756, 460284
17756, 460284
17756, 460284
17756, 460284
17756, 460284
17756, 460284
17756, 460284
17756, 460284
17756, 460284
17756, 460284
17756, 460284
17756, 460284
17756, 460284
17756, 460284
17756, 460284
17756, 460284
17756, 460284
17756, 460284
17756, 460284
17756, 460284
17756, 460284
17756, 460284
17756, 460284
17756, 460284
17756, 460284
17756, 460284
17756, 460284
17756, 460284
17756, 460284
17756, 460284
17756, 460284
17756, 460284
17756, 460284
17756, 460284
17756, 460284
17756, 460284
17756, 460284
17756, 460284
17756, 460284
17756, 460284
17756, 460284
17756, 460284
17756, 460284
17756, 460284
17756, 460284
17756, 460284
17756, 460284
17756, 460284
17756, 460284
17756, 460284
17756, 460284
17756, 460284
17756, 460284
17756, 460284
17756, 460284
17756, 460284
17756, 460284
17756, 460284
17756, 460284
17756, 460284
17756, 460284
17756, 460284
17756, 460284
17756, 460284
17756, 460284
17756, 460284
17756, 460284
17756, 460284
17756, 460284
17756, 460284
17756, 460284
17756, 460284
17756, 460284
17756, 460284
17756, 460284
17756, 460284
17756, 460284
17756, 460284
17756, 460284
17756, 460284
17756, 460284
17756, 460284
17756, 460284
17756, 460284
17756, 460284
17756, 460284
17756, 460284
17756, 460284
17756, 460284
17756, 460284
17756, 460284
17756, 460284
17756, 460284
17756, 460284
17756, 460284
17756, 460284
17756, 460284
17756, 460284
17756, 460284
17756, 460284
17756, 460284
17756, 460284
17756, 460284
17756, 460284
17756, 460284
17756, 460284
17756, 460284
17756, 460284
17756, 460284
17756, 460284
17756, 460284
17756, 460284
17756, 460284
17756, 460284
17756, 460284
17756, 460284
17756, 460284
17756, 460284
17756, 460284
17756, 460284
17756, 460284
17756, 460284
17756, 460284
17756, 460284
17756, 460284
17756, 460284
17756, 460284
17756, 460284
17756, 460284
17756, 460284
17756, 460284
17756, 460284
17756, 460284
17756, 460284
17756, 460284
17756, 460284
17756, 460284
17756, 460284
17756, 460284
17756, 460284
17756, 460284
17756, 460284
17756, 460284
17756, 460284
17756, 460284
17756, 460284
17756, 460284
17756, 460284
17756, 460284
17756, 460284
17756, 460284
17756, 460284
17756, 460284
17756, 460284
17756, 460284
17756, 460284
17756, 460284
17756, 460284
17756, 460284
17756, 460284
17756, 460284
17756, 460284
17756, 460284
17756, 460284
17756, 460284
17756, 460284
17756, 460284
17756, 460284
17756, 460284
17756, 460284
17756, 460284
17756, 460284
17756, 460284
17756, 460284
17756, 460284
17756, 460284
17756, 460284
17756, 460284
17756, 460284
17756, 460284
17756, 460284
17756, 460284
17756, 460284
17756, 460284
17756, 460284
17756, 460284
17756, 460284
17756, 460284
17756, 460284
17756, 460284
17756, 460284
17756, 460284
17756, 460284
17756, 460284
17756, 460284
17756, 460284
17756, 460284
17756, 460284
17756, 460284
17756, 460284
17756, 460284
17756, 460284
17756, 460284
17756, 460284
17756, 460284
17756, 460284
17756, 460284
17756, 460284
17756, 460284
17756, 460284
17756, 460284
17756, 460284
17756, 460284
17756, 460284
17756, 460284
17756, 460284
17756, 460284
17756, 460284
17756, 460284
17756, 460284
17756, 460284
17756, 460284
17756, 460284
17756, 460284
17756, 460284
17756, 460284
17756, 460284
17756, 460284
17756, 460284
17756, 460284
17756, 460284
17756, 460284
17756, 460284
17756, 460284
17756, 460284
17756, 460284
17756, 460284
17756, 460284
17756, 460284
17756, 460284
17756, 460284
17756, 460284
17756, 460284
17756, 460284
17756, 460284
17756, 460284
17756, 460284
17756, 460284
17756, 460284
17756, 460284
17756, 460284
17756, 460284
17756, 460284
17756, 460284
17756, 460284
17756, 460284
17756, 460284
17756, 460284
17756, 460284
17756, 460284
17756, 460284
17756, 460284
17756, 460284
17756, 460284
17756, 460284
17756, 460284
17756, 460284
17756, 460284
17756, 460284
17756, 460284
17756, 460284
17756, 460284
17756, 460284
17756, 460284
17756, 460284
17756, 460284
17756, 460284
17756, 460284
17756, 460284
17756, 460284
17756, 460284
17756, 460284
17756, 460284
17756, 460284
17756, 460284
17756, 460284
17756, 460284
17756, 460284
17756, 460284
17756, 460284
17756, 460284
17756, 460284
17756, 460284
17756, 460284
17756, 460284
17756, 460284
17756, 460284
17756, 460284
17756, 460284
17756, 460284
17756, 460284
17756, 460284
17756, 460284
17756, 460284
17756, 460284
17756, 460284
17756, 460284
17756, 460284
17756, 460284
17756, 460284
17756, 460284
17756, 460284
17756, 460284
17756, 460284
17756, 460284
17756, 460284
17756, 460284
17756, 460284
17756, 460284
17756, 460284
17756, 460284
17756, 460284
17756, 460284
17756, 460284
17756, 460284
17756, 460284
17756, 460284
17756, 460284
17756, 460284
17756, 460284
17756, 460284
17756, 460284
17756, 460284
17756, 460284
17756, 460284
17756, 460284
17756, 460284
17756, 460284
17756, 460284
17756, 460284
17756, 460284
17756, 460284
17756, 460284
17756, 460284
17756, 460284
17756, 460284
17756, 460284
17756, 460284
17756, 460284
17756, 460284
17756, 460284
17756, 460284
17756, 460284
17756, 460284
17756, 460284
17756, 460284
17756, 460284
17756, 460284
17756, 460284
17756, 460284
17756, 460284
17756, 460284
17756, 460284
17756, 460284
17756, 460284
17756, 460284
17756, 460284
17756, 460284
17756, 460284
17756, 460284
17756, 460284
17756, 460284
17756, 460284
17756, 460284
17756, 460284
17756, 460284
17756, 460284
17756, 460284
17756, 460284
17756, 460284
17756, 460284
17756, 460284
17756, 460284
17756, 460284
17756, 460284
17756, 460284
17756, 460284
17756, 460284
17756, 460284
17756, 460284
17756, 460284
17756, 460284
17756, 460284
17756, 460284
17756, 460284
17756, 460284
17756, 460284
17756, 460284
17756, 460284
17756, 460284
17756, 460284
17756, 460284
17756, 460284
17756, 460284
17756, 460284
17756, 460284
17756, 460284
17756, 460284
17756, 460284
17756, 460284
17756, 460284
17756, 460284
17756, 460284
17756, 460284
17756, 460284
17756, 460284
17756, 460284
17756, 460284
17756, 460284
17756, 460284
17756, 460284
17756, 460284
17756, 460284
17756, 460284
17756, 460284
17756, 460284
17756, 460284
17756, 460284
17756, 460284
17756, 460284
17756, 460284
17756, 460284
17756, 460284
17756, 460284
17756, 460284
17756, 460284
17756, 460284
17756, 460284
17756, 460284
17756, 460284
17756, 460284
17756, 460284
17756, 460284
17756, 460284
17756, 460284
17756, 460284
17756, 460284
17756, 460284
17756, 460284
17756, 460284
17756, 460284
17756, 460284
17756, 460284
17756, 460284
17756, 460284
17756, 460284
17756, 460284
17756, 460284
17756, 460284
17756, 460284
17756, 460284
17756, 460284
17756, 460284
17756, 460284
17756, 460284
17756, 460284
17756, 460284
17756, 460284
17756, 460284
17756, 460284
17756, 460284
17756, 460284
17756, 460284
17756, 460284
17756, 460284
17756, 460284
17756, 460284
17756, 460284
17756, 460284
17756, 460284
17756, 460284
17756, 460284
17756, 460284
17756, 460284
17756, 460284
17756, 460284
17756, 460284
17756, 460284
17756, 460284
17756, 460284
17756, 460284
17756, 460284
17756, 460284
17756, 460284
17756, 460284
17756, 460284
17756, 460284
17756, 460284
17756, 460284
17756, 460284
17756, 460284
17756, 460284
17756, 460284
17756, 460284
17756, 460284
17756, 460284
17756, 460284
17756, 460284
17756, 460284
17756, 460284
17756, 460284
17756, 460284
17756, 460284
17756, 460284
17756, 460284
17756, 460284
17756, 460284
17756, 460284
17756, 460284
17756, 460284
17756, 460284
17756, 460284
17756, 460284
17756, 460284
17756, 460284
17756, 460284
17756, 460284
17756, 460284
17756, 460284
17756, 460284
17756, 460284
17756, 460284
17756, 460284
17756, 460284
17756, 460284
17756, 460284
17756, 460284
17756, 460284
17756, 460284
17756, 460284
17756, 460284
17756, 460284
17756, 460284
17756, 460284
17756, 460284
17756, 460284
17756, 460284
17756, 460284
17756, 460284
17756, 460284
17756, 460284
17756, 460284
17756, 460284
17756, 460284
17756, 460284
17756, 460284
17756, 460284
17756, 460284
17756, 460284
17756, 460284
17756, 460284
17756, 460284
17756, 460284
17756, 460284
17756, 460284
17756, 460284
17756, 460284
17756, 460284
17756, 460284
17756, 460284
17756, 460284
17756, 460284
17756, 460284
17756, 460284
17756, 460284
17756, 460284
17756, 460284
17756, 460284
17756, 460284
17756, 460284
17756, 460284
17756, 460284
17756, 460284
17756, 460284
17756, 460284
17756, 460284
17756, 460284
17756, 460284
17756, 460284
17756, 460284
17756, 460284
17756, 460284
17756, 460284
17756, 460284
17756, 460284
17756, 460284
17756, 460284
17756, 460284
17756, 460284
17756, 460284
17756, 460284
17756, 460284
17756, 460284
17756, 460284
17756, 460284
17756, 460284
17756, 460284
17756, 460284
17756, 460284
17756, 460284
17756, 460284
17756, 460284
17756, 460284
17756, 460284
17756, 460284
17756, 460284
17756, 460284
17756, 460284
17756, 460284
17756, 460284
17756, 460284
17756, 460284
17756, 460284
17756, 460284
17756, 460284
17756, 460284
17756, 460284
17756, 460284
17756, 460284
17756, 460284
17756, 460284
17756, 460284
17756, 460284
17756, 460284
17756, 460284
17756, 460284
17756, 460284
17756, 460284
17756, 460284
17756, 460284
17756, 460284
17756, 460284
17756, 460284
17756, 460284
17756, 460284
17756, 460284
17756, 460284
17756, 460284
17756, 460284
17756, 460284
17756, 460284
17756, 460284
17756, 460284
17756, 460284
17756, 460284
17756, 460284
17756, 460284
17756, 460284
17756, 460284
17756, 460284
17756, 460284
17756, 460284
17756, 460284
17756, 460284
17756, 460284
17756, 460284
17756, 460284
17756, 460284
17756, 460284
17756, 460284
17756, 460284
17756, 460284
17756, 460284
17756, 460284
17756, 460284
17756, 460284
17756, 460284
17756, 460284
17756, 460284
17756, 460284
17756, 460284
17756, 460284
17756, 460284
17756, 460284
17756, 460284
17756, 460284
17756, 460284
17756, 460284
17756, 460284
17756, 460284
17756, 460284
17756, 460284
17756, 460284
17756, 460284
17756, 460284
17756, 460284
17756, 460284
17756, 460284
17756, 460284
17756, 460284
17756, 460284
17756, 460284
17756, 460284
17756, 460284
17756, 460284
17756, 460284
17756, 460284
17756, 460284
17756, 460284
17756, 460284
17756, 460284
17756, 460284
17756, 460284
17756, 460284
17756, 460284
17756, 460284
17756, 460284
17756, 460284
17756, 460284
17756, 460284
17756, 460284
17756, 460284
17756, 460284
17756, 460284
17756, 460284
17756, 460284
17756, 460284
17756, 460284
17756, 460284
17756, 460284
17756, 460284
17756, 460284
17756, 460284
17756, 460284
17756, 460284
17756, 460284
17756, 460284
17756, 460284
17756, 460284
17756, 460284
17756, 460284
17756, 460284
17756, 460284
17756, 460284
17756, 460284
17756, 460284
17756, 460284
17756, 460284
17756, 460284
17756, 460284
17756, 460284
17756, 460284
17756, 460284
17756, 460284
17756, 460284
17756, 460284
17756, 460284
17756, 460284
17756, 460284
17756, 460284
17756, 460284
17756, 460284
17756, 460284
17756, 460284
17756, 460284
17756, 460284
17756, 460284
17756, 460284
17756, 460284
17756, 460284
17756, 460284
17756, 460284
17756, 460284
17756, 460284
17756, 460284
17756, 460284
17756, 460284
17756, 460284
17756, 460284
17756, 460284
17756, 460284
17756, 460284
17756, 460284
17756, 460284
17756, 460284
17756, 460284
17756, 460284
17756, 460284
17756, 460284
17756, 460284
17756, 460284
17756, 460284
17756, 460284
17756, 460284
17756, 460284
17756, 460284
17756, 460284
17756, 460284
17756, 460284
17756, 460284
17756, 460284
17756, 460284
17756, 460284
17756, 460284
17756, 460284
17756, 460284
17756, 460284
17756, 460284
17756, 460284
17756, 460284
17756, 460284
17756, 460284
17756, 460284
17756, 460284
17756, 460284
17756, 460284
17756, 460284
17756, 460284
17756, 460284
17756, 460284
17756, 460284
17756, 460284
17756, 460284
17756, 460284
17756, 460284
17756, 460284
17756, 460284
17756, 460284
17756, 460284
17756, 460284
17756, 460284
17756, 460284
17756, 460284
17756, 460284
17756, 460284
17756, 460284
17756, 460284
17756, 460284
17756, 460284
17756, 460284
17756, 460284
17756, 460284
17756, 460284
17756, 460284
17756, 460284
17756, 460284
17756, 460284
17756, 460284
17756, 460284
17756, 460284
17756, 460284
17756, 460284
17756, 460284
17756, 460284
17756, 460284
17756, 460284
17756, 460284
17756, 460284
17756, 460284
17756, 460284
17756, 460284
17756, 460284
17756, 460284
17756, 460284
17756, 460284
17756, 460284
17756, 460284
17756, 460284
17756, 460284
17756, 460284
17756, 460284
17756, 460284
17756, 460284
17756, 460284
17756, 460284
17756, 460284
17756, 460284
17756, 460284
17756, 460284
17756, 460284
17756, 460284
17756, 460284
17756, 460284
17756, 460284
17756, 460284
17756, 460284
17756, 460284
17756, 460284
17756, 460284
17756, 460284
17756, 460284
17756, 460284
17756, 460284
17756, 460284
17756, 460284
17756, 460284
17756, 460284
17756, 460284
17756, 460284
17756, 460284
17756, 460284
17756, 460284
17756, 460284
17756, 460284
17756, 460284
17756, 460284
17756, 460284
17756, 460284
17756, 460284
17756, 460284
17756, 460284
17756, 460284
17756, 460284
17756, 460284
17756, 460284
17756, 460284
17756, 460284
17756, 460284
17756, 460284
17756, 460284
17756, 460284
17756, 460284
17756, 460284
17756, 460284
17756, 460284
17756, 460284
17756, 460284
17756, 460284
17756, 460284
17756, 460284
17756, 460284
17756, 460284
17756, 460284
17756, 460284
17756, 460284
17756, 460284
17756, 460284
17756, 460284
17756, 460284
17756, 460284
17756, 460284
17756, 460284
17756, 460284
17756, 460284
17756, 460284
17756, 460284
17756, 460284
17756, 460284
17756, 460284
17756, 460284
17756, 460284
17756, 460284
17756, 460284
17756, 460284
17756, 460284
17756, 460284
17756, 460284
17756, 460284
17756, 460284
17756, 460284
17756, 460284
17756, 460284
17756, 460284
17756, 460284
17756, 460284
17756, 460284
17756, 460284
17756, 460284
17756, 460284
17756, 460284
17756, 460284
17756, 460284
17756, 460284
17756, 460284
17756, 460284
17756, 460284
17756, 460284
17756, 460284
17756, 460284
17756, 460284
17756, 460284
17756, 460284
17756, 460284
17756, 460284
17756, 460284
17756, 460284
17756, 460284
17756, 460284
17756, 460284
17756, 460284
17756, 460284
17756, 460284
17756, 460284
17756, 460284
17756, 460284
17756, 460284
17756, 460284
17756, 460284
17756, 460284
17756, 460284
17756, 460284
17756, 460284
17756, 460284
17756, 460284
17756, 460284
17756, 460284
17756, 460284
17756, 460284
17756, 460284
17756, 460284
17756, 460284
17756, 460284
17756, 460284
17756, 460284
17756, 460284
17756, 460284
17756, 460284
17756, 460284
17756, 460284
17756, 460284
17756, 460284
17756, 460284
17756, 460284
17756, 460284
17756, 460284
17756, 460284
17756, 460284
17756, 460284
17756, 460284
17756, 460284
17756, 460284
17756, 460284
17756, 460284
17756, 460284
17756, 460284
17756, 460284
17756, 460284
17756, 460284
17756, 460284
17756, 460284
17756, 460284
17756, 460284
17756, 460284
17756, 460284
17756, 460284
17756, 460284
17756, 460284
17756, 460284
17756, 460284
17756, 460284
17756, 460284
17756, 460284
17756, 460284
17756, 460284
17756, 460284
17756, 460284
17756, 460284
17756, 460284
17756, 460284
17756, 460284
17756, 460284
17756, 460284
17756, 460284
17756, 460284
17756, 460284
17756, 460284
17756, 460284
17756, 460284
17756, 460284
17756, 460284
17756, 460284
17756, 460284
17756, 460284
17756, 460284
17756, 460284
17756, 460284
17756, 460284
17756, 460284
17756, 460284
17756, 460284
17756, 460284
17756, 460284
17756, 460284
17756, 460284
17756, 460284
17756, 460284
17756, 460284
17756, 460284
17756, 460284
17756, 460284
17756, 460284
17756, 460284
17756, 460284
17756, 460284
17756, 460284
17756, 460284
17756, 460284
17756, 460284
17756, 460284
17756, 460284
17756, 460284
17756, 460284
17756, 460284
17756, 460284
17756, 460284
17756, 460284
17756, 460284
17756, 460284
17756, 460284
17756, 460284
17756, 460284
17756, 460284
17756, 460284
17756, 460284
17756, 460284
17756, 460284
17756, 460284
17756, 460284
17756, 460284
17756, 460284
17756, 460284
17756, 460284
17756, 460284
17756, 460284
17756, 460284
17756, 460284
17756, 460284
17756, 460284
17756, 460284
17756, 460284
17756, 460284
17756, 460284
17756, 460284
17756, 460284
17756, 460284
17756, 460284
17756, 460284
17756, 460284
17756, 460284
17756, 460284
17756, 460284
17756, 460284
17756, 460284
17756, 460284
17756, 460284
17756, 460284
17756, 460284
17756, 460284
17756, 460284
17756, 460284
17756, 460284
17756, 460284
17756, 460284
17756, 460284
17756, 460284
17756, 460284
17756, 460284
17756, 460284
17756, 460284
17756, 460284
17756, 460284
17756, 460284
17756, 460284
17756, 460284
17756, 460284
17756, 460284
17756, 460284
17756, 460284
17756, 460284
17756, 460284
17756, 460284
17756, 460284
17756, 460284
17756, 460284
17756, 460284
17756, 460284
17756, 460284
17756, 460284
17756, 460284
17756, 460284
17756, 460284
17756, 460284
17756, 460284
17756, 460284
17756, 460284
17756, 460284
17756, 460284
17756, 460284
17756, 460284
17756, 460284
17756, 460284
17756, 460284
17756, 460284
17756, 460284
17756, 460284
17756, 460284
17756, 460284
17756, 460284
17756, 460284
17756, 460284
17756, 460284
17756, 460284
17756, 460284
17756, 460284
17756, 460284
17756, 460284
17756, 460284
17756, 460284
17756, 460284
17756, 460284
17756, 460284
17756, 460284
17756, 460284
17756, 460284
17756, 460284
17756, 460284
17756, 460284
17756, 460284
17756, 460284
17756, 460284
17756, 460284
17756, 460284
17756, 460284
17756, 460284
17756, 460284
17756, 460284
17756, 460284
17756, 460284
17756, 460284
17756, 460284
17756, 460284
17756, 460284
17756, 460284
17756, 460284
17756, 460284
17756, 460284
17756, 460284
17756, 460284
17756, 460284
17756, 460284
17756, 460284
17756, 460284
17756, 460284
17756, 460284
17756, 460284
17756, 460284
17756, 460284
17756, 460284
17756, 460284
17756, 460284
17756, 460284
17756, 460284
17756, 460284
17756, 460284
17756, 460284
17756, 460284
17756, 460284
17756, 460284
17756, 460284
17756, 460284
17756, 460284
17756, 460284
17756, 460284
17756, 460284
17756, 460284
17756, 460284
17756, 460284
17756, 460284
17756, 460284
17756, 460284
17756, 460284
17756, 460284
17756, 460284
17756, 460284
17756, 460284
17756, 460284
17756, 460284
17756, 460284
17756, 460284
17756, 460284
17756, 460284
17756, 460284
17756, 460284
17756, 460284
17756, 460284
17756, 460284
17756, 460284
17756, 460284
17756, 460284
17756, 460284
17756, 460284
17756, 460284
17756, 460284
17756, 460284
17756, 460284
17756, 460284
17756, 460284
17756, 460284
17756, 460284
17756, 460284
17756, 460284
17756, 460284
17756, 460284
17756, 460284
17756, 460284
17756, 460284
17756, 460284
17756, 460284
17756, 460284
17756, 460284
17756, 460284
17756, 460284
17756, 460284
17756, 460284
17756, 460284
17756, 460284
17756, 460284
17756, 460284
17756, 460284
17756, 460284
17756, 460284
17756, 460284
17756, 460284
17756, 460284
17756, 460284
17756, 460284
17756, 460284
17756, 460284
17756, 460284
17756, 460284
17756, 460284
17756, 460284
17756, 460284
17756, 460284
17756, 460284
17756, 460284
17756, 460284
17756, 460284
17756, 460284
17756, 460284
17756, 460284
17756, 460284
17756, 460284
17756, 460284
17756, 460284
17756, 460284
17756, 460284
17756, 460284
17756, 460284
17756, 460284
17756, 460284
17756, 460284
17756, 460284
17756, 460284
17756, 460284
17756, 460284
17756, 460284
17756, 460284
17756, 460284
17756, 460284
17756, 460284
17756, 460284
17756, 460284
17756, 460284
17756, 460284
17756, 460284
17756, 460284
17756, 460284
17756, 460284
17756, 460284
17756, 460284
17756, 460284
17756, 460284
17756, 460284
17756, 460284
17756, 460284
17756, 460284
17756, 460284
17756, 460284
17756, 460284
17756, 460284
17756, 460284
17756, 460284
17756, 460284
17756, 460284
17756, 460284
17756, 460284
17756, 460284
17756, 460284
17756, 460284
17756, 460284
17756, 460284
17756, 460284
17756, 460284
17756, 460284
17756, 460284
17756, 460284
17756, 460284
17756, 460284
17756, 460284
17756, 460284
17756, 460284
17756, 460284
17756, 460284
17756, 460284
17756, 460284
17756, 460284
17756, 460284
17756, 460284
17756, 460284
17756, 460284
17756, 460284
17756, 460284
17756, 460284
17756, 460284
17756, 460284
17756, 460284
17756, 460284
17756, 460284
17756, 460284
17756, 460284
17756, 460284
17756, 460284
17756, 460284
17756, 460284
17756, 460284
17756, 460284
17756, 460284
17756, 460284
17756, 460284
17756, 460284
17756, 460284
17756, 460284
17756, 460284
17756, 460284
17756, 460284
17756, 460284
17756, 460284
17756, 460284
17756, 460284
17756, 460284
17756, 460284
17756, 460284
17756, 460284
17756, 460284
17756, 460284
17756, 460284
17756, 460284
17756, 460284
17756, 460284
17756, 460284
17756, 460284
17756, 460284
17756, 460284
17756, 460284
17756, 460284
17756, 460284
17756, 460284
17756, 460284
17756, 460284
17756, 460284
17756, 460284
17756, 460284
17756, 460284
17756, 460284
17756, 460284
17756, 460284
17756, 460284
17756, 460284
17756, 460284
17756, 460284
17756, 460284
17756, 460284
17756, 460284
17756, 460284
17756, 460284
17756, 460284
17756, 460284
17756, 460284
17756, 460284
17756, 460284
17756, 460284
17756, 460284
17756, 460284
17756, 460284
17756, 460284
17756, 460284
17756, 460284
17756, 460284
17756, 460284
17756, 460284
17756, 460284
17756, 460284
17756, 460284
17756, 460284
17756, 460284
17756, 460284
17756, 460284
17756, 460284
17756, 460284
17756, 460284
17756, 460284
17756, 460284
17756, 460284
17756, 460284
17756, 460284
17756, 460284
17756, 460284
17756, 460284
17756, 460284
17756, 460284
17756, 460284
17756, 460284
17756, 460284
17756, 460284
17756, 460284
17756, 460284
17756, 460284
17756, 460284
17756, 460284
17756, 460284
17756, 460284
17756, 460284
17756, 460284
17756, 460284
17756, 460284
17756, 460284
17756, 460284
17756, 460284
17756, 460284
17756, 460284
17756, 460284
17756, 460284
17756, 460284
17756, 460284
17756, 460284
17756, 460284
17756, 460284
17756, 460284
17756, 460284
17756, 460284
17756, 460284
17756, 460284
17756, 460284
17756, 460284
17756, 460284
17756, 460284
17756, 460284
17756, 460284
17756, 460284
17756, 460284
17756, 460284
17756, 460284
17756, 460284
17756, 460284
17756, 460284
17756, 460284
17756, 460284
17756, 460284
17756, 460284
17756, 460284
17756, 460284
17756, 460284
17756, 460284
17756, 460284
17756, 460284
17756, 460284
17756, 460284
17756, 460284
17756, 460284
17756, 460284
17756, 460284
17756, 460284
17756, 460284
17756, 460284
17756, 460284
17756, 460284
17756, 460284
17756, 460284
17756, 460284
17756, 460284
17756, 460284
17756, 460284
17756, 460284
17756, 460284
17756, 460284
17756, 460284
17756, 460284
17756, 460284
17756, 460284
17756, 460284
17756, 460284
17756, 460284
17756, 460284
17756, 460284
17756, 460284
17756, 460284
17756, 460284
17756, 460284
17756, 460284
17756, 460284
17756, 460284
17756, 460284
17756, 460284
17756, 460284
17756, 460284
17756, 460284
17756, 460284
17756, 460284
17756, 460284
17756, 460284
17756, 460284
17756, 460284
17756, 460284
17756, 460284
17756, 460284
17756, 460284
17756, 460284
17756, 460284
17756, 460284
17756, 460284
17756, 460284
17756, 460284
17756, 460284
17756, 460284
17756, 460284
17756, 460284
17756, 460284
17756, 460284
17756, 460284
17756, 460284
17756, 460284
17756, 460284
17756, 460284
17756, 460284
17756, 460284
17756, 460284
17756, 460284
17756, 460284
17756, 460284
17756, 460284
17756, 460284
17756, 460284
17756, 460284
17756, 460284
17756, 460284
17756, 460284
17756, 460284
17756, 460284
17756, 460284
17756, 460284
17756, 460284
17756, 460284
17756, 460284
17756, 460284
17756, 460284
17756, 460284
17756, 460284
17756, 460284
17756, 460284
17756, 460284
17756, 460284
17756, 460284
17756, 460284
17756, 460284
17756, 460284
17756, 460284
17756, 460284
17756, 460284
17756, 460284
17756, 460284
17756, 460284
17756, 460284
17756, 460284
17756, 460284
17756, 460284
17756, 460284
17756, 460284
17756, 460284
17756, 460284
17756, 460284
17756, 460284
17756, 460284
17756, 460284
17756, 460284
17756, 460284
17756, 460284
17756, 460284
17756, 460284
17756, 460284
17756, 460284
17756, 460284
17756, 460284
17756, 460284
17756, 460284
17756, 460284
17756, 460284
17756, 460284
17756, 460284
17756, 460284
17756, 460284
17756, 460284
17756, 460284
17756, 460284
17756, 460284
17756, 460284
17756, 460284
17756, 460284
17756, 460284
17756, 460284
17756, 460284
17756, 460284
17756, 460284
17756, 460284
17756, 460284
17756, 460284
17756, 460284
17756, 460284
17756, 460284
17756, 460284
17756, 460284
17756, 460284
17756, 460284
17756, 460284
17756, 460284
17756, 460284
17756, 460284
17756, 460284
17756, 460284
17756, 460284
17756, 460284
17756, 460284
17756, 460284
17756, 460284
17756, 460284
17756, 460284
17756, 460284
17756, 460284
17756, 460284
17756, 460284
17756, 460284
17756, 460284
17756, 460284
17756, 460284
17756, 460284
17756, 460284
17756, 460284
17756, 460284
17756, 460284
17756, 460284
17756, 460284
17756, 460284
17756, 460284
17756, 460284
17756, 460284
17756, 460284
17756, 460284
17756, 460284
17756, 460284
17756, 460284
17756, 460284
17756, 460284
17756, 460284
17756, 460284
17756, 460284
17756, 460284
17756, 460284
17756, 460284
17756, 460284
17756, 460284
17756, 460284
17756, 460284
17756, 460284
17756, 460284
17756, 460284
17756, 460284
17756, 460284
17756, 460284
17756, 460284
17756, 460284
17756, 460284
17756, 460284
17756, 460284
17756, 460284
17756, 460284
17756, 460284
17756, 460284
17756, 460284
17756, 460284
17756, 460284
17756, 460284
17756, 460284
17756, 460284
17756, 460284
17756, 460284
17756, 460284
17756, 460284
17756, 460284
17756, 460284
17756, 460284
17756, 460284
17756, 460284
17756, 460284
17756, 460284
17756, 460284
17756, 460284
17756, 460284
17756, 460284
17756, 460284
17756, 460284
17756, 460284
17756, 460284
17756, 460284
17756, 460284
17756, 460284
17756, 460284
17756, 460284
17756, 460284
17756, 460284
17756, 460284
17756, 460284
17756, 460284
17756, 460284
17756, 460284
17756, 460284
17756, 460284
17756, 460284
17756, 460284
17756, 460284
17756, 460284
17756, 460284
17756, 460284
17756, 460284
17756, 460284
17756, 460284
17756, 460284
17756, 460284
17756, 460284
17756, 460284
17756, 460284
17756, 460284
17756, 460284
17756, 460284
17756, 460284
17756, 460284
17756, 460284
17756, 460284
17756, 460284
17756, 460284
17756, 460284
17756, 460284
17756, 460284
17756, 460284
17756, 460284
17756, 460284
17756, 460284
17756, 460284
17756, 460284
17756, 460284
17756, 460284
17756, 460284
17756, 460284
17756, 460284
17756, 460284
17756, 460284
17756, 460284
17756, 460284
17756, 460284
17756, 460284
17756, 460284
17756, 460284
17756, 460284
17756, 460284
17756, 460284
17756, 460284
17756, 460284
17756, 460284
17756, 460284
17756, 460284
17756, 460284
17756, 460284
17756, 460284
17756, 460284
17756, 460284
17756, 460284
17756, 460284
17756, 460284
17756, 460284
17756, 460284
17756, 460284
17756, 460284
17756, 460284
17756, 460284
17756, 460284
17756, 460284
17756, 460284
17756, 460284
17756, 460284
17756, 460284
17756, 460284
17756, 460284
17756, 460284
17756, 460284
17756, 460284
17756, 460284
17756, 460284
17756, 460284
17756, 460284
17756, 460284
17756, 460284
17756, 460284
17756, 460284
17756, 460284
17756, 460284
17756, 460284
17756, 460284
17756, 460284
17756, 460284
17756, 460284
17756, 460284
17756, 460284
17756, 460284
17756, 460284
17756, 460284
17756, 460284
17756, 460284
17756, 460284
17756, 460284
17756, 460284
17756, 460284
17756, 460284
17756, 460284
17756, 460284
17756, 460284
17756, 460284
17756, 460284
17756, 460284
17756, 460284
17756, 460284
17756, 460284
17756, 460284
17756, 460284
17756, 460284
17756, 460284
17756, 460284
17756, 460284
17756, 460284
17756, 460284
17756, 460284
17756, 460284
17756, 460284
17756, 460284
17756, 460284
17756, 460284
17756, 460284
17756, 460284
17756, 460284
17756, 460284
17756, 460284
17756, 460284
17756, 460284
17756, 460284
17756, 460284
17756, 460284
17756, 460284
17756, 460284
17756, 460284
17756, 460284
17756, 460284
17756, 460284
17756, 460284
17756, 460284
17756, 460284
17756, 460284
17756, 460284
17756, 460284
17756, 460284
17756, 460284
17756, 460284
17756, 460284
17756, 460284
17756, 460284
17756, 460284
17756, 460284
17756, 460284
17756, 460284
17756, 460284
17756, 460284
17756, 460284
17756, 460284
17756, 460284
17756, 460284
17756, 460284
17756, 460284
17756, 460284
17756, 460284
17756, 460284
17756, 460284
17756, 460284
17756, 460284
17756, 460284
17756, 460284
17756, 460284
17756, 460284
17756, 460284
17756, 460284
17756, 460284
17756, 460284
17756, 460284
17756, 460284
17756, 460284
17756, 460284
17756, 460284
17756, 460284
17756, 460284
17756, 460284
17756, 460284
17756, 460284
17756, 460284
17756, 460284
17756, 460284
17756, 460284
17756, 460284
17756, 460284
17756, 460284
17756, 460284
17756, 460284
17756, 460284
17756, 460284
17756, 460284
17756, 460284
17756, 460284
17756, 460284
17756, 460284
17756, 460284
17756, 460284
17756, 460284
17756, 460284
17756, 460284
17756, 460284
17756, 460284
17756, 460284
17756, 460284
17756, 460284
17756, 460284
17756, 460284
17756, 460284
17756, 460284
17756, 460284
17756, 460284
17756, 460284
17756, 460284
17756, 460284
17756, 460284
17756, 460284
17756, 460284
17756, 460284
17756, 460284
17756, 460284
17756, 460284
17756, 460284
17756, 460284
17756, 460284
17756, 460284
17756, 460284
17756, 460284
17756, 460284
17756, 460284
17756, 460284
17756, 460284
17756, 460284
17756, 460284
17756, 460284
17756, 460284
17756, 460284
17756, 460284
17756, 460284
17756, 460284
17756, 460284
17756, 460284
17756, 460284
17756, 460284
17756, 460284
17756, 460284
17756, 460284
17756, 460284
17756, 460284
17756, 460284
17756, 460284
17756, 460284
17756, 460284
17756, 460284
17756, 460284
17756, 460284
17756, 460284
17756, 460284
17756, 460284
17756, 460284
17756, 460284
17756, 460284
17756, 460284
17756, 460284
17756, 460284
17756, 460284
17756, 460284
17756, 460284
17756, 460284
17756, 460284
17756, 460284
17756, 460284
17756, 460284
17756, 460284
17756, 460284
17756, 460284
17756, 460284
17756, 460284
17756, 460284
17756, 460284
17756, 460284
17756, 460284
17756, 460284
17756, 460284
17756, 460284
17756, 460284
17756, 460284
17756, 460284
17756, 460284
17756, 460284
17756, 460284
17756, 460284
17756, 460284
17756, 460284
17756, 460284
17756, 460284
17756, 460284
17756, 460284
17756, 460284
17756, 460284
17756, 460284
17756, 460284
17756, 460284
17756, 460284
17756, 460284
17756, 460284
17756, 460284
17756, 460284
17756, 460284
17756, 460284
17756, 460284
17756, 460284
17756, 460284
17756, 460284
17756, 460284
17756, 460284
17756, 460284
17756, 460284
17756, 460284
17756, 460284
17756, 460284
17756, 460284
17756, 460284
17756, 460284
17756, 460284
17756, 460284
17756, 460284
17756, 460284
17756, 460284
17756, 460284
17756, 460284
17756, 460284
17756, 460284
17756, 460284
17756, 460284
17756, 460284
17756, 460284
17756, 460284
17756, 460284
17756, 460284
17756, 460284
17756, 460284
17756, 460284
17756, 460284
17756, 460284
17756, 460284
17756, 460284
17756, 460284
17756, 460284
17756, 460284
17756, 460284
17756, 460284
17756, 460284
17756, 460284
17756, 460284
17756, 460284
17756, 460284
17756, 460284
17756, 460284
17756, 460284
17756, 460284
17756, 460284
17756, 460284
17756, 460284
17756, 460284
17756, 460284
17756, 460284
17756, 460284
17756, 460284
17756, 460284
17756, 460284
17756, 460284
17756, 460284
17756, 460284
17756, 460284
17756, 460284
17756, 460284
17756, 460284
17756, 460284
17756, 460284
17756, 460284
17756, 460284
17756, 460284
17756, 460284
17756, 460284
17756, 460284
17756, 460284
17756, 460284
17756, 460284
17756, 460284
17756, 460284
17756, 460284
17756, 460284
17756, 460284
17756, 460284
17756, 460284
17756, 460284
17756, 460284
17756, 460284
17756, 460284
17756, 460284
17756, 460284
17756, 460284
17756, 460284
17756, 460284
17756, 460284
17756, 460284
17756, 460284
17756, 460284
17756, 460284
17756, 460284
17756, 460284
17756, 460284
17756, 460284
17756, 460284
17756, 460284
17756, 460284
17756, 460284
17756, 460284
17756, 460284
17756, 460284
17756, 460284
17756, 460284
17756, 460284
17756, 460284
17756, 460284
17756, 460284
17756, 460284
17756, 460284
17756, 460284
17756, 460284
17756, 460284
17756, 460284
17756, 460284
17756, 460284
17756, 460284
17756, 460284
17756, 460284
17756, 460284
17756, 460284
17756, 460284
17756, 460284
17756, 460284
17756, 460284
17756, 460284
17756, 460284
17756, 460284
17756, 460284
17756, 460284
17756, 460284
17756, 460284
17756, 460284
17756, 460284
17756, 460284
17756, 460284
17756, 460284
17756, 460284
17756, 460284
17756, 460284
17756, 460284
17756, 460284
17756, 460284
17756, 460284
17756, 460284
17756, 460284
17756, 460284
17756, 460284
17756, 460284
17756, 460284
17756, 460284
17756, 460284
17756, 460284
17756, 460284
17756, 460284
17756, 460284
17756, 460284
17756, 460284
17756, 460284
17756, 460284
17756, 460284
17756, 460284
17756, 460284
17756, 460284
17756, 460284
17756, 460284
17756, 460284
17756, 460284
17756, 460284
17756, 460284
17756, 460284
17756, 460284
17756, 460284
17756, 460284
17756, 460284
17756, 460284
17756, 460284
17756, 460284
17756, 460284
17756, 460284
17756, 460284
17756, 460284
17756, 460284
17756, 460284
17756, 460284
17756, 460284
17756, 460284
17756, 460284
17756, 460284
17756, 460284
17756, 460284
17756, 460284
17756, 460284
17756, 460284
17756, 460284
17756, 460284
17756, 460284
17756, 460284
17756, 460284
17756, 460284
17756, 460284
17756, 460284
17756, 460284
17756, 460284
17756, 460284
17756, 460284
17756, 460284
17756, 460284
17756, 460284
17756, 460284
17756, 460284
17756, 460284
17756, 460284
17756, 460284
17756, 460284
17756, 460284
17756, 460284
17756, 460284
17756, 460284
17756, 460284
17756, 460284
17756, 460284
17756, 460284
17756, 460284
17756, 460284
17756, 460284
17756, 460284
17756, 460284
17756, 460284
17756, 460284
17756, 460284
17756, 460284
17756, 460284
17756, 460284
17756, 460284
17756, 460284
17756, 460284
17756, 460284
17756, 460284
17756, 460284
17756, 460284
17756, 460284
17756, 460284
17756, 460284
17756, 460284
17756, 460284
17756, 460284
17756, 460284
17756, 460284
17756, 460284
17756, 460284
17756, 460284
17756, 460284
17756, 460284
17756, 460284
17756, 460284
17756, 460284
17756, 460284
17756, 460284
17756, 460284
17756, 460284
17756, 460284
17756, 460284
17756, 460284
17756, 460284
17756, 460284
17756, 460284
17756, 460284
17756, 460284
17756, 460284
17756, 460284
17756, 460284
17756, 460284
17756, 460284
17756, 460284
17756, 460284
17756, 460284
17756, 460284
17756, 460284
17756, 460284
17756, 460284
17756, 460284
17756, 460284
17756, 460284
17756, 460284
17756, 460284
17756, 460284
17756, 460284
17756, 460284
17756, 460284
17756, 460284
17756, 460284
17756, 460284
17756, 460284
17756, 460284
17756, 460284
17756, 460284
17756, 460284
17756, 460284
17756, 460284
17756, 460284
17756, 460284
17756, 460284
17756, 460284
17756, 460284
17756, 460284
17756, 460284
17756, 460284
17756, 460284
17756, 460284
17756, 460284
17756, 460284
17756, 460284
17756, 460284
17756, 460284
17756, 460284
17756, 460284
17756, 460284
17756, 460284
17756, 460284
17756, 460284
17756, 460284
17756, 460284
17756, 460284
17756, 460284
17756, 460284
17756, 460284
17756, 460284
17756, 460284
17756, 460284
17756, 460284
17756, 460284
17756, 460284
17756, 460284
17756, 460284
17756, 460284
17756, 460284
17756, 460284
17756, 460284
17756, 460284
17756, 460284
17756, 460284
17756, 460284
17756, 460284
17756, 460284
17756, 460284
17756, 460284
17756, 460284
17756, 460284
17756, 460284
17756, 460284
17756, 460284
17756, 460284
17756, 460284
17756, 460284
17756, 460284
17756, 460284
17756, 460284
17756, 460284
17756, 460284
17756, 460284
17756, 460284
17756, 460284
17756, 460284
17756, 460284
17756, 460284
17756, 460284
17756, 460284
17756, 460284
17756, 460284
17756, 460284
17756, 460284
17756, 460284
17756, 460284
17756, 460284
17756, 460284
17756, 460284
17756, 460284
17756, 460284
17756, 460284
17756, 460284
17756, 460284
17756, 460284
17756, 460284
17756, 460284
17756, 460284
17756, 460284
17756, 460284
17756, 460284
17756, 460284
17756, 460284
17756, 460284
17756, 460284
17756, 460284
17756, 460284
17756, 460284
17756, 460284
17756, 460284
17756, 460284
17756, 460284
17756, 460284
17756, 460284
17756, 460284
17756, 460284
17756, 460284
17756, 460284
17756, 460284
17756, 460284
17756, 460284
17756, 460284
17756, 460284
17756, 460284
17756, 460284
17756, 460284
17756, 460284
17756, 460284
17756, 460284
17756, 460284
17756, 460284
17756, 460284
17756, 460284
17756, 460284
17756, 460284
17756, 460284
17756, 460284
17756, 460284
17756, 460284
17756, 460284
17756, 460284
17756, 460284
17756, 460284
17756, 460284
17756, 460284
17756, 460284
17756, 460284
17756, 460284
17756, 460284
17756, 460284
17756, 460284
17756, 460284
17756, 460284
17756, 460284
17756, 460284
17756, 460284
17756, 460284
17756, 460284
17756, 460284
17756, 460284
17756, 460284
17756, 460284
17756, 460284
17756, 460284
17756, 460284
17756, 460284
17756, 460284
17756, 460284
17756, 460284
17756, 460284
17756, 460284
17756, 460284
17756, 460284
17756, 460284
17756, 460284
17756, 460284
17756, 460284
17756, 460284
17756, 460284
17756, 460284
17756, 460284
17756, 460284
17756, 460284
17756, 460284
17756, 460284
17756, 460284
17756, 460284
17756, 460284
17756, 460284
17756, 460284
17756, 460284
17756, 460284
17756, 460284
17756, 460284
17756, 460284
17756, 460284
17756, 460284
17756, 460284
17756, 460284
17756, 460284
17756, 460284
17756, 460284
17756, 460284
17756, 460284
17756, 460284
17756, 460284
17756, 460284
17756, 460284
17756, 460284
17756, 460284
17756, 460284
17756, 460284
17756, 460284
17756, 460284
17756, 460284
17756, 460284
17756, 460284
17756, 460284
17756, 460284
17756, 460284
17756, 460284
17756, 460284
17756, 460284
17756, 460284
17756, 460284
17756, 460284
17756, 460284
17756, 460284
17756, 460284
17756, 460284
17756, 460284
17756, 460284
17756, 460284
17756, 460284
17756, 460284
17756, 460284
17756, 460284
17756, 460284
17756, 460284
17756, 460284
17756, 460284
17756, 460284
17756, 460284
17756, 460284
17756, 460284
17756, 460284
17756, 460284
17756, 460284
17756, 460284
17756, 460284
17756, 460284
17756, 460284
17756, 460284
17756, 460284
17756, 460284
17756, 460284
17756, 460284
17756, 460284
17756, 460284
17756, 460284
17756, 460284
17756, 460284
17756, 460284
17756, 460284
17756, 460284
17756, 460284
17756, 460284
17756, 460284
17756, 460284
17756, 460284
17756, 460284
17756, 460284
17756, 460284
17756, 460284
17756, 460284
17756, 460284
17756, 460284
17756, 460284
17756, 460284
17756, 460284
17756, 460284
17756, 460284
17756, 460284
17756, 460284
17756, 460284
17756, 460284
17756, 460284
17756, 460284
17756, 460284
17756, 460284
17756, 460284
17756, 460284
17756, 460284
17756, 460284
17756, 460284
17756, 460284
17756, 460284
17756, 460284
17756, 460284
17756, 460284
17756, 460284
17756, 460284
17756, 460284
17756, 460284
17756, 460284
17756, 460284
17756, 460284
17756, 460284
17756, 460284
17756, 460284
17756, 460284
17756, 460284
17756, 460284
17756, 460284
17756, 460284
17756, 460284
17756, 460284
17756, 460284
17756, 460284
17756, 460284
17756, 460284
17756, 460284
17756, 460284
17756, 460284
17756, 460284
17756, 460284
17756, 460284
17756, 460284
17756, 460284
17756, 460284
17756, 460284
17756, 460284
17756, 460284
17756, 460284
17756, 460284
17756, 460284
17756, 460284
17756, 460284
17756, 460284
17756, 460284
17756, 460284
17756, 460284
17756, 460284
17756, 460284
17756, 460284
17756, 460284
17756, 460284
17756, 460284
17756, 460284
17756, 460284
17756, 460284
17756, 460284
17756, 460284
17756, 460284
17756, 460284
17756, 460284
17756, 460284
17756, 460284
17756, 460284
17756, 460284
17756, 460284
17756, 460284
17756, 460284
17756, 460284
17756, 460284
17756, 460284
17756, 460284
17756, 460284
17756, 460284
17756, 460284
17756, 460284
17756, 460284
17756, 460284
17756, 460284
17756, 460284
17756, 460284
17756, 460284
17756, 460284
17756, 460284
17756, 460284
17756, 460284
17756, 460284
17756, 460284
17756, 460284
17756, 460284
17756, 460284
17756, 460284
17756, 460284
17756, 460284
17756, 460284
17756, 460284
17756, 460284
17756, 460284
17756, 460284
17756, 460284
17756, 460284
17756, 460284
17756, 460284
17756, 460284
17756, 460284
17756, 460284
17756, 460284
17756, 460284
17756, 460284
17756, 460284
17756, 460284
17756, 460284
17756, 460284
17756, 460284
17756, 460284
17756, 460284
17756, 460284
17756, 460284
17756, 460284
17756, 460284
17756, 460284
17756, 460284
17756, 460284
17756, 460284
17756, 460284
17756, 460284
17756, 460284
17756, 460284
17756, 460284
17756, 460284
17756, 460284
17756, 460284
17756, 460284
17756, 460284
17756, 460284
17756, 460284
17756, 460284
17756, 460284
17756, 460284
17756, 460284
17756, 460284
17756, 460284
17756, 460284
17756, 460284
17756, 460284
17756, 460284
17756, 460284
17756, 460284
17756, 460284
17756, 460284
17756, 460284
17756, 460284
17756, 460284
17756, 460284
17756, 460284
17756, 460284
17756, 460284
17756, 460284
17756, 460284
17756, 460284
17756, 460284
17756, 460284
17756, 460284
17756, 460284
17756, 460284
17756, 460284
17756, 460284
17756, 460284
17756, 460284
17756, 460284
17756, 460284
17756, 460284
17756, 460284
17756, 460284
17756, 460284
17756, 460284
17756, 460284
17756, 460284
17756, 460284
17756, 460284
17756, 460284
17756, 460284
17756, 460284
17756, 460284
17756, 460284
17756, 460284
17756, 460284
17756, 460284
17756, 460284
17756, 460284
17756, 460284
17756, 460284
17756, 460284
17756, 460284
17756, 460284
17756, 460284
17756, 460284
17756, 460284
17756, 460284
17756, 460284
17756, 460284
17756, 460284
17756, 460284
17756, 460284
17756, 460284
17756, 460284
17756, 460284
17756, 460284
17756, 460284
17756, 460284
17756, 460284
17756, 460284
17756, 460284
17756, 460284
17756, 460284
17756, 460284
17756, 460284
17756, 460284
17756, 460284
17756, 460284
17756, 460284
17756, 460284
17756, 460284
17756, 460284
17756, 460284
17756, 460284
17756, 460284
17756, 460284
17756, 460284
17756, 460284
17756, 460284
17756, 460284
17756, 460284
17756, 460284
17756, 460284
17756, 460284
17756, 460284
17756, 460284
17756, 460284
17756, 460284
17756, 460284
17756, 460284
17756, 460284
17756, 460284
17756, 460284
17756, 460284
17756, 460284
17756, 460284
17756, 460284
17756, 460284
17756, 460284
17756, 460284
17756, 460284
17756, 460284
17756, 460284
17756, 460284
17756, 460284
17756, 460284
17756, 460284
17756, 460284
17756, 460284
17756, 460284
17756, 460284
17756, 460284
17756, 460284
17756, 460284
17756, 460284
17756, 460284
17756, 460284
17756, 460284
17756, 460284
17756, 460284
17756, 460284
17756, 460284
17756, 460284
17756, 460284
17756, 460284
17756, 460284
17756, 460284
17756, 460284
17756, 460284
17756, 460284
17756, 460284
17756, 460284
17756, 460284
17756, 460284
17756, 460284
17756, 460284
17756, 460284
17756, 460284
17756, 460284
17756, 460284
17756, 460284
17756, 460284
17756, 460284
17756, 460284
17756, 460284
17756, 460284
17756, 460284
17756, 460284
17756, 460284
17756, 460284
17756, 460284
17756, 460284
17756, 460284
17756, 460284
17756, 460284
17756, 460284
17756, 460284
17756, 460284
17756, 460284
17756, 460284
17756, 460284
17756, 460284
17756, 460284
17756, 460284
17756, 460284
17756, 460284
17756, 460284
17756, 460284
17756, 460284
17756, 460284
17756, 460284
17756, 460284
17756, 460284
17756, 460284
17756, 460284
17756, 460284
17756, 460284
17756, 460284
17756, 460284
17756, 460284
17756, 460284
17756, 460284
17756, 460284
17756, 460284
17756, 460284
17756, 460284
17756, 460284
17756, 460284
17756, 460284
17756, 460284
17756, 460284
17756, 460284
17756, 460284
17756, 460284
17756, 460284
17756, 460284
17756, 460284
17756, 460284
17756, 460284
17756, 460284
17756, 460284
17756, 460284
17756, 460284
17756, 460284
17756, 460284
17756, 460284
17756, 460284
17756, 460284
17756, 460284
17756, 460284
17756, 460284
17756, 460284
17756, 460284
17756, 460284
17756, 460284
17756, 460284
17756, 460284
17756, 460284
17756, 460284
17756, 460284
17756, 460284
17756, 460284
17756, 460284
17756, 460284
17756, 460284
17756, 460284
17756, 460284
17756, 460284
17756, 460284
17756, 460284
17756, 460284
17756, 460284
17756, 460284
17756, 460284
17756, 460284
17756, 460284
17756, 460284
17756, 460284
17756, 460284
17756, 460284
17756, 460284
17756, 460284
17756, 460284
17756, 460284
17756, 460284
17756, 460284
17756, 460284
17756, 460284
17756, 460284
17756, 460284
17756, 460284
17756, 460284
17756, 460284
17756, 460284
17756, 460284
17756, 460284
17756, 460284
17756, 460284
17756, 460284
17756, 460284
17756, 460284
17756, 460284
17756, 460284
17756, 460284
17756, 460284
17756, 460284
17756, 460284
17756, 460284
17756, 460284
17756, 460284
17756, 460284
17756, 460284
17756, 460284
17756, 460284
17756, 460284
17756, 460284
17756, 460284
17756, 460284
17756, 460284
17756, 460284
17756, 460284
17756, 460284
17756, 460284
17756, 460284
17756, 460284
17756, 460284
17756, 460284
17756, 460284
17756, 460284
17756, 460284
17756, 460284
17756, 460284
17756, 460284
17756, 460284
17756, 460284
17756, 460284
17756, 460284
17756, 460284
17756, 460284
17756, 460284
17756, 460284
17756, 460284
17756, 460284
17756, 460284
17756, 460284
17756, 460284
17756, 460284
17756, 460284
17756, 460284
17756, 460284
17756, 460284
17756, 460284
17756, 460284
17756, 460284
17756, 460284
17756, 460284
17756, 460284
17756, 460284
17756, 460284
17756, 460284
17756, 460284
17756, 460284
17756, 460284
17756, 460284
17756, 460284
17756, 460284
17756, 460284
17756, 460284
17756, 460284
17756, 460284
17756, 460284
17756, 460284
17756, 460284
17756, 460284
17756, 460284
17756, 460284
17756, 460284
17756, 460284
17756, 460284
17756, 460284
17756, 460284
17756, 460284
17756, 460284
17756, 460284
17756, 460284
17756, 460284
17756, 460284
17756, 460284
17756, 460284
17756, 460284
17756, 460284
17756, 460284
17756, 460284
17756, 460284
17756, 460284
17756, 460284
17756, 460284
17756, 460284
17756, 460284
17756, 460284
17756, 460284
17756, 460284
17756, 460284
17756, 460284
17756, 460284
17756, 460284
17756, 460284
17756, 460284
17756, 460284
17756, 460284
17756, 460284
17756, 460284
17756, 460284
17756, 460284
17756, 460284
17756, 460284
17756, 460284
17756, 460284
17756, 460284
17756, 460284
17756, 460284
17756, 460284
17756, 460284
17756, 460284
17756, 460284
17756, 460284
17756, 460284
17756, 460284
17756, 460284
17756, 460284
17756, 460284
17756, 460284
17756, 460284
17756, 460284
17756, 460284
17756, 460284
17756, 460284
17756, 460284
17756, 460284
17756, 460284
17756, 460284
17756, 460284
17756, 460284
17756, 460284
17756, 460284
17756, 460284
17756, 460284
17756, 460284
17756, 460284
17756, 460284
17756, 460284
17756, 460284
17756, 460284
17756, 460284
17756, 460284
17756, 460284
17756, 460284
17756, 460284
17756, 460284
17756, 460284
17756, 460284
17756, 460284
17756, 460284
17756, 460284
17756, 460284
17756, 460284
17756, 460284
17756, 460284
17756, 460284
17756, 460284
17756, 460284
17756, 460284
17756, 460284
17756, 460284
17756, 460284
17756, 460284
17756, 460284
17756, 460284
17756, 460284
17756, 460284
17756, 460284
17756, 460284
17756, 460284
17756, 460284
17756, 460284
17756, 460284
17756, 460284
17756, 460284
17756, 460284
17756, 460284
17756, 460284
17756, 460284
17756, 460284
17756, 460284
17756, 460284
17756, 460284
17756, 460284
17756, 460284
17756, 460284
17756, 460284
17756, 460284
17756, 460284
17756, 460284
17756, 460284
17756, 460284
17756, 460284
17756, 460284
17756, 460284
17756, 460284
17756, 460284
17756, 460284
17756, 460284
17756, 460284
17756, 460284
17756, 460284
17756, 460284
17756, 460284
17756, 460284
17756, 460284
17756, 460284
17756, 460284
17756, 460284
17756, 460284
17756, 460284
17756, 460284
17756, 460284
17756, 460284
17756, 460284
17756, 460284
17756, 460284
17756, 460284
17756, 460284
17756, 460284
17756, 460284
17756, 460284
17756, 460284
17756, 460284
17756, 460284
17756, 460284
17756, 460284
17756, 460284
17756, 460284
17756, 460284
17756, 460284
17756, 460284
17756, 460284
17756, 460284
17756, 460284
17756, 460284
17756, 460284
17756, 460284
17756, 460284
17756, 460284
17756, 460284
17756, 460284
17756, 460284
17756, 460284
17756, 460284
17756, 460284
17756, 460284
17756, 460284
17756, 460284
17756, 460284
17756, 460284
17756, 460284
17756, 460284
17756, 460284
17756, 460284
17756, 460284
17756, 460284
17756, 460284
17756, 460284
17756, 460284
17756, 460284
17756, 460284
17756, 460284
17756, 460284
17756, 460284
17756, 460284
17756, 460284
17756, 460284
17756, 460284
17756, 460284
17756, 460284
17756, 460284
17756, 460284
17756, 460284
17756, 460284
17756, 460284
17756, 460284
17756, 460284
17756, 460284
17756, 460284
17756, 460284
17756, 460284
17756, 460284
17756, 460284
17756, 460284
17756, 460284
17756, 460284
17756, 460284
17756, 460284
17756, 460284
17756, 460284
17756, 460284
17756, 460284
17756, 460284
17756, 460284
17756, 460284
17756, 460284
17756, 460284
17756, 460284
17756, 460284
17756, 460284
17756, 460284
17756, 460284
17756, 460284
17756, 460284
17756, 460284
17756, 460284
17756, 460284
17756, 460284
17756, 460284
17756, 460284
17756, 460284
17756, 460284
17756, 460284
17756, 460284
17756, 460284
17756, 460284
17756, 460284
17756, 460284
17756, 460284
17756, 460284
17756, 460284
17756, 460284
17756, 460284
17756, 460284
17756, 460284
17756, 460284
17756, 460284
17756, 460284
17756, 460284
17756, 460284
17756, 460284
17756, 460284
17756, 460284
17756, 460284
17756, 460284
17756, 460284
17756, 460284
17756, 460284
17756, 460284
17756, 460284
17756, 460284
17756, 460284
17756, 460284
17756, 460284
17756, 460284
17756, 460284
17756, 460284
17756, 460284
17756, 460284
17756, 460284
17756, 460284
17756, 460284
17756, 460284
17756, 460284
17756, 460284
17756, 460284
17756, 460284
17756, 460284
17756, 460284
17756, 460284
17756, 460284
17756, 460284
17756, 460284
17756, 460284
17756, 460284
17756, 460284
17756, 460284
17756, 460284
17756, 460284
17756, 460284
17756, 460284
17756, 460284
17756, 460284
17756, 460284
17756, 460284
17756, 460284
17756, 460284
17756, 460284
17756, 460284
17756, 460284
17756, 460284
17756, 460284
17756, 460284
17756, 460284
17756, 460284
17756, 460284
17756, 460284
17756, 460284
17756, 460284
17756, 460284
17756, 460284
17756, 460284
17756, 460284
17756, 460284
17756, 460284
17756, 460284
17756, 460284
17756, 460284
17756, 460284
17756, 460284
17756, 460284
17756, 460284
17756, 460284
17756, 460284
17756, 460284
17756, 460284
17756, 460284
17756, 460284
17756, 460284
17756, 460284
17756, 460284
17756, 460284
17756, 460284
17756, 460284
17756, 460284
17756, 460284
17756, 460284
17756, 460284
17756, 460284
17756, 460284
17756, 460284
17756, 460284
17756, 460284
17756, 460284
17756, 460284
17756, 460284
17756, 460284
17756, 460284
17756, 460284
17756, 460284
17756, 460284
17756, 460284
17756, 460284
17756, 460284
17756, 460284
17756, 460284
17756, 460284
17756, 460284
17756, 460284
17756, 460284
17756, 460284
17756, 460284
17756, 460284
17756, 460284
17756, 460284
17756, 460284
17756, 460284
17756, 460284
17756, 460284
17756, 460284
17756, 460284
17756, 460284
17756, 460284
17756, 460284
17756, 460284
17756, 460284
17756, 460284
17756, 460284
17756, 460284
17756, 460284
17756, 460284
17756, 460284
17756, 460284
17756, 460284
17756, 460284
17756, 460284
17756, 460284
17756, 460284
17756, 460284
17756, 460284
17756, 460284
17756, 460284
17756, 460284
17756, 460284
17756, 460284
17756, 460284
17756, 460284
17756, 460284
17756, 460284
17756, 460284
17756, 460284
17756, 460284
17756, 460284
17756, 460284
17756, 460284
17756, 460284
17756, 460284
17756, 460284
17756, 460284
17756, 460284
17756, 460284
17756, 460284
17756, 460284
17756, 460284
17756, 460284
17756, 460284
17756, 460284
17756, 460284
17756, 460284
17756, 460284
17756, 460284
17756, 460284
17756, 460284
17756, 460284
17756, 460284
17756, 460284
17756, 460284
17756, 460284
17756, 460284
17756, 460284
17756, 460284
17756, 460284
17756, 460284
17756, 460284
17756, 460284
17756, 460284
17756, 460284
17756, 460284
17756, 460284
17756, 460284
17756, 460284
17756, 460284
17756, 460284
17756, 460284
17756, 460284
17756, 460284
17756, 460284
17756, 460284
17756, 460284
17756, 460284
17756, 460284
17756, 460284
17756, 460284
17756, 460284
17756, 460284
17756, 460284
17756, 460284
17756, 460284
17756, 460284
17756, 460284
17756, 460284
17756, 460284
17756, 460284
17756, 460284
17756, 460284
17756, 460284
17756, 460284
17756, 460284
17756, 460284
17756, 460284
17756, 460284
17756, 460284
17756, 460284
17756, 460284
17756, 460284
17756, 460284
17756, 460284
17756, 460284
17756, 460284
17756, 460284
17756, 460284
17756, 460284
17756, 460284
17756, 460284
17756, 460284
17756, 460284
17756, 460284
17756, 460284
17756, 460284
17756, 460284
17756, 460284
17756, 460284
17756, 460284
17756, 460284
17756, 460284
17756, 460284
17756, 460284
17756, 460284
17756, 460284
17756, 460284
17756, 460284
17756, 460284
17756, 460284
17756, 460284
17756, 460284
17756, 460284
17756, 460284
17756, 460284
17756, 460284
17756, 460284
17756, 460284
17756, 460284
17756, 460284
17756, 460284
17756, 460284
17756, 460284
17756, 460284
17756, 460284
17756, 460284
17756, 460284
17756, 460284
17756, 460284
17756, 460284
17756, 460284
17756, 460284
17756, 460284
17756, 460284
17756, 460284
17756, 460284
17756, 460284
17756, 460284
17756, 460284
17756, 460284
17756, 460284
17756, 460284
17756, 460284
17756, 460284
17756, 460284
17756, 460284
17756, 460284
17756, 460284
17756, 460284
17756, 460284
17756, 460284
17756, 460284
17756, 460284
17756, 460284
17756, 460284
17756, 460284
17756, 460284
17756, 460284
17756, 460284
17756, 460284
17756, 460284
17756, 460284
17756, 460284
17756, 460284
17756, 460284
17756, 460284
17756, 460284
17756, 460284
17756, 460284
17756, 460284
17756, 460284
17756, 460284
17756, 460284
17756, 460284
17756, 460284
17756, 460284
17756, 460284
17756, 460284
17756, 460284
17756, 460284
17756, 460284
17756, 460284
17756, 460284
17756, 460284
17756, 460284
17756, 460284
17756, 460284
17756, 460284
17756, 460284
17756, 460284
17756, 460284
17756, 460284
17756, 460284
17756, 460284
17756, 460284
17756, 460284
17756, 460284
17756, 460284
17756, 460284
17756, 460284
17756, 460284
17756, 460284
17756, 460284
17756, 460284
17756, 460284
17756, 460284
17756, 460284
17756, 460284
17756, 460284
17756, 460284
17756, 460284
17756, 460284
17756, 460284
17756, 460284
17756, 460284
17756, 460284
17756, 460284
17756, 460284
17756, 460284
17756, 460284
17756, 460284
17756, 460284
17756, 460284
17756, 460284
17756, 460284
17756, 460284
17756, 460284
17756, 460284
17756, 460284
17756, 460284
17756, 460284
17756, 460284
17756, 460284
17756, 460284
17756, 460284
17756, 460284
17756, 460284
17756, 460284
17756, 460284
17756, 460284
17756, 460284
17756, 460284
17756, 460284
17756, 460284
17756, 460284
17756, 460284
17756, 460284
17756, 460284
17756, 460284
17756, 460284
17756, 460284
17756, 460284
17756, 460284
17756, 460284
17756, 460284
17756, 460284
17756, 460284
17756, 460284
17756, 460284
17756, 460284
17756, 460284
17756, 460284
17756, 460284
17756, 460284
17756, 460284
17756, 460284
17756, 460284
17756, 460284
17756, 460284
17756, 460284
17756, 460284
17756, 460284
17756, 460284
17756, 460284
17756, 460284
17756, 460284
17756, 460284
17756, 460284
17756, 460284
17756, 460284
17756, 460284
17756, 460284
17756, 460284
17756, 460284
17756, 460284
17756, 460284
17756, 460284
17756, 460284
17756, 460284
17756, 460284
17756, 460284
17756, 460284
17756, 460284
17756, 460284
17756, 460284
17756, 460284
17756, 460284
17756, 460284
17756, 460284
17756, 460284
17756, 460284
17756, 460284
17756, 460284
17756, 460284
17756, 460284
17756, 460284
17756, 460284
17756, 460284
17756, 460284
17756, 460284
17756, 460284
17756, 460284
17756, 460284
17756, 460284
17756, 460284
17756, 460284
17756, 460284
17756, 460284
17756, 460284
17756, 460284
17756, 460284
17756, 460284
17756, 460284
17756, 460284
17756, 460284
17756, 460284
17756, 460284
17756, 460284
17756, 460284
17756, 460284
17756, 460284
17756, 460284
17756, 460284
17756, 460284
17756, 460284
17756, 460284
17756, 460284
17756, 460284
17756, 460284
17756, 460284
17756, 460284
17756, 460284
17756, 460284
17756, 460284
17756, 460284
17756, 460284
17756, 460284
17756, 460284
17756, 460284
17756, 460284
17756, 460284
17756, 460284
17756, 460284
17756, 460284
17756, 460284
17756, 460284
17756, 460284
17756, 460284
17756, 460284
17756, 460284
17756, 460284
17756, 460284
17756, 460284
17756, 460284
17756, 460284
17756, 460284
17756, 460284
17756, 460284
17756, 460284
17756, 460284
17756, 460284
17756, 460284
17756, 460284
17756, 460284
17756, 460284
17756, 460284
17756, 460284
17756, 460284
17756, 460284
17756, 460284
17756, 460284
17756, 460284
17756, 460284
17756, 460284
17756, 460284
17756, 460284
17756, 460284
17756, 460284
17756, 460284
17756, 460284
17756, 460284
17756, 460284
17756, 460284
17756, 460284
17756, 460284
17756, 460284
17756, 460284
17756, 460284
17756, 460284
17756, 460284
17756, 460284
17756, 460284
17756, 460284
17756, 460284
17756, 460284
17756, 460284
17756, 460284
17756, 460284
17756, 460284
17756, 460284
17756, 460284
17756, 460284
17756, 460284
17756, 460284
17756, 460284
17756, 460284
17756, 460284
17756, 460284
17756, 460284
17756, 460284
17756, 460284
17756, 460284
17756, 460284
17756, 460284
17756, 460284
17756, 460284
17756, 460284
17756, 460284
17756, 460284
17756, 460284
17756, 460284
17756, 460284
17756, 460284
17756, 460284
17756, 460284
17756, 460284
17756, 460284
17756, 460284
17756, 460284
17756, 460284
17756, 460284
17756, 460284
17756, 460284
17756, 460284
17756, 460284
17756, 460284
17756, 460284
17756, 460284
17756, 460284
17756, 460284
17756, 460284
17756, 460284
17756, 460284
17756, 460284
17756, 460284
17756, 460284
17756, 460284
17756, 460284
17756, 460284
17756, 460284
17756, 460284
17756, 460284
17756, 460284
17756, 460284
17756, 460284
17756, 460284
17756, 460284
17756, 460284
17756, 460284
17756, 460284
17756, 460284
17756, 460284
17756, 460284
17756, 460284
17756, 460284
17756, 460284
17756, 460284
17756, 460284
17756, 460284
17756, 460284
17756, 460284
17756, 460284
17756, 460284
17756, 460284
17756, 460284
17756, 460284
17756, 460284
17756, 460284
17756, 460284
17756, 460284
17756, 460284
17756, 460284
17756, 460284
17756, 460284
17756, 460284
17756, 460284
17756, 460284
17756, 460284
17756, 460284
17756, 460284
17756, 460284
17756, 460284
17756, 460284
17756, 460284
17756, 460284
17756, 460284
17756, 460284
17756, 460284
17756, 460284
17756, 460284
17756, 460284
17756, 460284
17756, 460284
17756, 460284
17756, 460284
17756, 460284
17756, 460284
17756, 460284
17756, 460284
17756, 460284
17756, 460284
17756, 460284
17756, 460284
17756, 460284
17756, 460284
17756, 460284
17756, 460284
17756, 460284
17756, 460284
17756, 460284
17756, 460284
17756, 460284
17756, 460284
17756, 460284
17756, 460284
17756, 460284
17756, 460284
17756, 460284
17756, 460284
17756, 460284
17756, 460284
17756, 460284
17756, 460284
17756, 460284
17756, 460284
17756, 460284
17756, 460284
17756, 460284
17756, 460284
17756, 460284
17756, 460284
17756, 460284
17756, 460284
17756, 460284
17756, 460284
17756, 460284
17756, 460284
17756, 460284
17756, 460284
17756, 460284
17756, 460284
17756, 460284
17756, 460284
17756, 460284
17756, 460284
17756, 460284
17756, 460284
17756, 460284
17756, 460284
17756, 460284
17756, 460284
17756, 460284
17756, 460284
17756, 460284
17756, 460284
17756, 460284
17756, 460284
17756, 460284
17756, 460284
17756, 460284
17756, 460284
17756, 460284
17756, 460284
17756, 460284
17756, 460284
17756, 460284
17756, 460284
17756, 460284
17756, 460284
17756, 460284
17756, 460284
17756, 460284
17756, 460284
17756, 460284
17756, 460284
17756, 460284
17756, 460284
17756, 460284
17756, 460284
17756, 460284
17756, 460284
17756, 460284
17756, 460284
17756, 460284
17756, 460284
17756, 460284
17756, 460284
17756, 460284
17756, 460284
17756, 460284
17756, 460284
17756, 460284
17756, 460284
17756, 460284
17756, 460284
17756, 460284
17756, 460284
17756, 460284
17756, 460284
17756, 460284
17756, 460284
17756, 460284
17756, 460284
17756, 460284
17756, 460284
17756, 460284
17756, 460284
17756, 460284
17756, 460284
17756, 460284
17756, 460284
17756, 460284
17756, 460284
17756, 460284
17756, 460284
17756, 460284
17756, 460284
17756, 460284
17756, 460284
17756, 460284
17756, 460284
17756, 460284
17756, 460284
17756, 460284
17756, 460284
17756, 460284
17756, 460284
17756, 460284
17756, 460284
17756, 460284
17756, 460284
17756, 460284
17756, 460284
17756, 460284
17756, 460284
17756, 460284
17756, 460284
17756, 460284
17756, 460284
17756, 460284
17756, 460284
17756, 460284
17756, 460284
17756, 460284
17756, 460284
17756, 460284
17756, 460284
17756, 460284
17756, 460284
17756, 460284
17756, 460284
17756, 460284
17756, 460284
17756, 460284
17756, 460284
17756, 460284
17756, 460284
17756, 460284
17756, 460284
17756, 460284
17756, 460284
17756, 460284
17756, 460284
17756, 460284
17756, 460284
17756, 460284
17756, 460284
17756, 460284
17756, 460284
17756, 460284
17756, 460284
17756, 460284
17756, 460284
17756, 460284
17756, 460284
17756, 460284
17756, 460284
17756, 460284
17756, 460284
17756, 460284
17756, 460284
17756, 460284
17756, 460284
17756, 460284
17756, 460284
17756, 460284
17756, 460284
17756, 460284
17756, 460284
17756, 460284
17756, 460284
17756, 460284
17756, 460284
17756, 460284
17756, 460284
17756, 460284
17756, 460284
17756, 460284
17756, 460284
17756, 460284
17756, 460284
17756, 460284
17756, 460284
17756, 460284
17756, 460284
17756, 460284
17756, 460284
17756, 460284
17756, 460284
17756, 460284
17756, 460284
17756, 460284
17756, 460284
17756, 460284
17756, 460284
17756, 460284
17756, 460284
17756, 460284
17756, 460284
17756, 460284
17756, 460284
17756, 460284
17756, 460284
17756, 460284
17756, 460284
17756, 460284
17756, 460284
17756, 460284
17756, 460284
17756, 460284
17756, 460284
17756, 460284
17756, 460284
17756, 460284
17756, 460284
17756, 460284
17756, 460284
17756, 460284
17756, 460284
17756, 460284
17756, 460284
17756, 460284
17756, 460284
17756, 460284
17756, 460284
17756, 460284
17756, 460284
17756, 460284
17756, 460284
17756, 460284
17756, 460284
17756, 460284
17756, 460284
17756, 460284
17756, 460284
17756, 460284
17756, 460284
17756, 460284
17756, 460284
17756, 460284
17756, 460284
17756, 460284
17756, 460284
17756, 460284
17756, 460284
17756, 460284
17756, 460284
17756, 460284
17756, 460284
17756, 460284
17756, 460284
17756, 460284
17756, 460284
17756, 460284
17756, 460284
17756, 460284
17756, 460284
17756, 460284
17756, 460284
17756, 460284
17756, 460284
17756, 460284
17756, 460284
17756, 460284
17756, 460284
17756, 460284
17756, 460284
17756, 460284
17756, 460284
17756, 460284
17756, 460284
17756, 460284
17756, 460284
17756, 460284
17756, 460284
17756, 460284
17756, 460284
17756, 460284
17756, 460284
17756, 460284
17756, 460284
17756, 460284
17756, 460284
17756, 460284
17756, 460284
17756, 460284
17756, 460284
17756, 460284
17756, 460284
17756, 460284
17756, 460284
17756, 460284
17756, 460284
17756, 460284
17756, 460284
17756, 460284
17756, 460284
17756, 460284
17756, 460284
17756, 460284
17756, 460284
17756, 460284
17756, 460284
17756, 460284
17756, 460284
17756, 460284
17756, 460284
17756, 460284
17756, 460284
17756, 460284
17756, 460284
17756, 460284
17756, 460284
17756, 460284
17756, 460284
17756, 460284
17756, 460284
17756, 460284
17756, 460284
17756, 460284
17756, 460284
17756, 460284
17756, 460284
17756, 460284
17756, 460284
17756, 460284
17756, 460284
17756, 460284
17756, 460284
17756, 460284
17756, 460284
17756, 460284
17756, 460284
17756, 460284
17756, 460284
17756, 460284
17756, 460284
17756, 460284
17756, 460284
17756, 460284
17756, 460284
17756, 460284
17756, 460284
17756, 460284
17756, 460284
17756, 460284
17756, 460284
17756, 460284
17756, 460284
17756, 460284
17756, 460284
17756, 460284
17756, 460284
17756, 460284
17756, 460284
17756, 460284
17756, 460284
17756, 460284
17756, 460284
17756, 460284
17756, 460284
17756, 460284
17756, 460284
17756, 460284
17756, 460284
17756, 460284
17756, 460284
17756, 460284
17756, 460284
17756, 460284
17756, 460284
17756, 460284
17756, 460284
17756, 460284
17756, 460284
17756, 460284
17756, 460284
17756, 460284
17756, 460284
17756, 460284
17756, 460284
17756, 460284
17756, 460284
17756, 460284
17756, 460284
17756, 460284
17756, 460284
17756, 460284
17756, 460284
17756, 460284
17756, 460284
17756, 460284
17756, 460284
17756, 460284
17756, 460284
17756, 460284
17756, 460284
17756, 460284
17756, 460284
17756, 460284
17756, 460284
17756, 460284
17756, 460284
17756, 460284
17756, 460284
17756, 460284
17756, 460284
17756, 460284
17756, 460284
17756, 460284
17756, 460284
17756, 460284
17756, 460284
17756, 460284
17756, 460284
17756, 460284
17756, 460284
17756, 460284
17756, 460284
17756, 460284
17756, 460284
17756, 460284
17756, 460284
17756, 460284
17756, 460284
17756, 460284
17756, 460284
17756, 460284
17756, 460284
17756, 460284
17756, 460284
17756, 460284
17756, 460284
17756, 460284
17756, 460284
17756, 460284
17756, 460284
17756, 460284
17756, 460284
17756, 460284
17756, 460284
17756, 460284
17756, 460284
17756, 460284
17756, 460284
17756, 460284
17756, 460284
17756, 460284
17756, 460284
17756, 460284
17756, 460284
17756, 460284
17756, 460284
17756, 460284
17756, 460284
17756, 460284
17756, 460284
17756, 460284
17756, 460284
17756, 460284
17756, 460284
17756, 460284
17756, 460284
17756, 460284
17756, 460284
17756, 460284
17756, 460284
17756, 460284
17756, 460284
17756, 460284
17756, 460284
17756, 460284
17756, 460284
17756, 460284
17756, 460284
17756, 460284
17756, 460284
17756, 460284
17756, 460284
17756, 460284
17756, 460284
17756, 460284
17756, 460284
17756, 460284
17756, 460284
17756, 460284
17756, 460284
17756, 460284
17756, 460284
17756, 460284
17756, 460284
17756, 460284
17756, 460284
17756, 460284
17756, 460284
17756, 460284
17756, 460284
17756, 460284
17756, 460284
17756, 460284
17756, 460284
17756, 460284
17756, 460284
17756, 460284
17756, 460284
17756, 460284
17756, 460284
17756, 460284
17756, 460284
17756, 460284
17756, 460284
17756, 460284
17756, 460284
17756, 460284
17756, 460284
17756, 460284
17756, 460284
17756, 460284
17756, 460284
17756, 460284
17756, 460284
17756, 460284
17756, 460284
17756, 460284
17756, 460284
17756, 460284
17756, 460284
17756, 460284
17756, 460284
17756, 460284
17756, 460284
17756, 460284
17756, 460284
17756, 460284
17756, 460284
17756, 460284
17756, 460284
17756, 460284
17756, 460284
17756, 460284
17756, 460284
17756, 460284
17756, 460284
17756, 460284
17756, 460284
17756, 460284
17756, 460284
17756, 460284
17756, 460284
17756, 460284
17756, 460284
17756, 460284
17756, 460284
17756, 460284
17756, 460284
17756, 460284
17756, 460284
17756, 460284
17756, 460284
17756, 460284
17756, 460284
17756, 460284
17756, 460284
17756, 460284
17756, 460284
17756, 460284
17756, 460284
17756, 460284
17756, 460284
17756, 460284
17756, 460284
17756, 460284
17756, 460284
17756, 460284
17756, 460284
17756, 460284
17756, 460284
17756, 460284
17756, 460284
17756, 460284
17756, 460284
17756, 460284
17756, 460284
17756, 460284
17756, 460284
17756, 460284
17756, 460284
17756, 460284
17756, 460284
17756, 460284
17756, 460284
17756, 460284
17756, 460284
17756, 460284
17756, 460284
17756, 460284
17756, 460284
17756, 460284
17756, 460284
17756, 460284
17756, 460284
17756, 460284
17756, 460284
17756, 460284
17756, 460284
17756, 460284
17756, 460284
17756, 460284
17756, 460284
17756, 460284
17756, 460284
17756, 460284
17756, 460284
17756, 460284
17756, 460284
17756, 460284
17756, 460284
17756, 460284
17756, 460284
17756, 460284
17756, 460284
17756, 460284
17756, 460284
17756, 460284
17756, 460284
17756, 460284
17756, 460284
17756, 460284
17756, 460284
17756, 460284
17756, 460284
17756, 460284
17756, 460284
17756, 460284
17756, 460284
17756, 460284
17756, 460284
17756, 460284
17756, 460284
17756, 460284
17756, 460284
17756, 460284
17756, 460284
17756, 460284
17756, 460284
17756, 460284
17756, 460284
17756, 460284
17756, 460284
17756, 460284
17756, 460284
17756, 460284
17756, 460284
17756, 460284
17756, 460284
17756, 460284
17756, 460284
17756, 460284
17756, 460284
17756, 460284
17756, 460284
17756, 460284
17756, 460284
17756, 460284
17756, 460284
17756, 460284
17756, 460284
17756, 460284
17756, 460284
17756, 460284
17756, 460284
17756, 460284
17756, 460284
17756, 460284
17756, 460284
17756, 460284
17756, 460284
17756, 460284
17756, 460284
17756, 460284
17756, 460284
17756, 460284
17756, 460284
17756, 460284
17756, 460284
17756, 460284
17756, 460284
17756, 460284
17756, 460284
17756, 460284
17756, 460284
17756, 460284
17756, 460284
17756, 460284
17756, 460284
17756, 460284
17756, 460284
17756, 460284
17756, 460284
17756, 460284
17756, 460284
17756, 460284
17756, 460284
17756, 460284
17756, 460284
17756, 460284
17756, 460284
17756, 460284
17756, 460284
17756, 460284
17756, 460284
17756, 460284
17756, 460284
17756, 460284
17756, 460284
17756, 460284
17756, 460284
17756, 460284
17756, 460284
17756, 460284
17756, 460284
17756, 460284
17756, 460284
17756, 460284
17756, 460284
17756, 460284
17756, 460284
17756, 460284
17756, 460284
17756, 460284
17756, 460284
17756, 460284
17756, 460284
17756, 460284
17756, 460284
17756, 460284
17756, 460284
17756, 460284
17756, 460284
17756, 460284
17756, 460284
17756, 460284
17756, 460284
17756, 460284
17756, 460284
17756, 460284
17756, 460284
17756, 460284
17756, 460284
17756, 460284
17756, 460284
17756, 460284
17756, 460284
17756, 460284
17756, 460284
17756, 460284
17756, 460284
17756, 460284
17756, 460284
17756, 460284
17756, 460284
17756, 460284
17756, 460284
17756, 460284
17756, 460284
17756, 460284
17756, 460284
17756, 460284
17756, 460284
17756, 460284
17756, 460284
17756, 460284
17756, 460284
17756, 460284
17756, 460284
17756, 460284
17756, 460284
17756, 460284
17756, 460284
17756, 460284
17756, 460284
17756, 460284
17756, 460284
17756, 460284
17756, 460284
17756, 460284
17756, 460284
17756, 460284
17756, 460284
17756, 460284
17756, 460284
17756, 460284
17756, 460284
17756, 460284
17756, 460284
17756, 460284
17756, 460284
17756, 460284
17756, 460284
17756, 460284
17756, 460284
17756, 460284
17756, 460284
17756, 460284
17756, 460284
17756, 460284
17756, 460284
17756, 460284
17756, 460284
17756, 460284
17756, 460284
17756, 460284
17756, 460284
17756, 460284
17756, 460284
17756, 460284
17756, 460284
17756, 460284
17756, 460284
17756, 460284
17756, 460284
17756, 460284
17756, 460284
17756, 460284
17756, 460284
17756, 460284
17756, 460284
17756, 460284
17756, 460284
17756, 460284
17756, 460284
17756, 460284
17756, 460284
17756, 460284
17756, 460284
17756, 460284
17756, 460284
17756, 460284
17756, 460284
17756, 460284
17756, 460284
17756, 460284
17756, 460284
17756, 460284
17756, 460284
17756, 460284
17756, 460284
17756, 460284
17756, 460284
17756, 460284
17756, 460284
17756, 460284
17756, 460284
17756, 460284
17756, 460284
17756, 460284
17756, 460284
17756, 460284
17756, 460284
17756, 460284
17756, 460284
17756, 460284
17756, 460284
17756, 460284
17756, 460284
17756, 460284
17756, 460284
17756, 460284
17756, 460284
17756, 460284
17756, 460284
17756, 460284
17756, 460284
17756, 460284
17756, 460284
17756, 460284
17756, 460284
17756, 460284
17756, 460284
17756, 460284
17756, 460284
17756, 460284
17756, 460284
17756, 460284
17756, 460284
17756, 460284
17756, 460284
17756, 460284
17756, 460284
17756, 460284
17756, 460284
17756, 460284
17756, 460284
17756, 460284
17756, 460284
17756, 460284
17756, 460284
17756, 460284
17756, 460284
17756, 460284
17756, 460284
17756, 460284
17756, 460284
17756, 460284
17756, 460284
17756, 460284
17756, 460284
17756, 460284
17756, 460284
17756, 460284
17756, 460284
17756, 460284
17756, 460284
17756, 460284
17756, 460284
17756, 460284
17756, 460284
17756, 460284
17756, 460284
17756, 460284
17756, 460284
17756, 460284
17756, 460284
17756, 460284
17756, 460284
17756, 460284
17756, 460284
17756, 460284
17756, 460284
17756, 460284
17756, 460284
17756, 460284
17756, 460284
17756, 460284
17756, 460284
17756, 460284
17756, 460284
17756, 460284
17756, 460284
17756, 460284
17756, 460284
17756, 460284
17756, 460284
17756, 460284
17756, 460284
17756, 460284
17756, 460284
17756, 460284
17756, 460284
17756, 460284
17756, 460284
17756, 460284
17756, 460284
17756, 460284
17756, 460284
17756, 460284
17756, 460284
17756, 460284
17756, 460284
17756, 460284
17756, 460284
17756, 460284
17756, 460284
17756, 460284
17756, 460284
17756, 460284
17756, 460284
17756, 460284
17756, 460284
17756, 460284
17756, 460284
17756, 460284
17756, 460284
17756, 460284
17756, 460284
17756, 460284
17756, 460284
17756, 460284
17756, 460284
17756, 460284
17756, 460284
17756, 460284
17756, 460284
17756, 460284
17756, 460284
17756, 460284
17756, 460284
17756, 460284
17756, 460284
17756, 460284
17756, 460284
17756, 460284
17756, 460284
17756, 460284
17756, 460284
17756, 460284
17756, 460284
17756, 460284
17756, 460284
17756, 460284
17756, 460284
17756, 460284
17756, 460284
17756, 460284
17756, 460284
17756, 460284
17756, 460284
17756, 460284
17756, 460284
17756, 460284
17756, 460284
17756, 460284
17756, 460284
17756, 460284
17756, 460284
17756, 460284
17756, 460284
17756, 460284
17756, 460284
17756, 460284
17756, 460284
17756, 460284
17756, 460284
17756, 460284
17756, 460284
17756, 460284
17756, 460284
17756, 460284
17756, 460284
17756, 460284
17756, 460284
17756, 460284
17756, 460284
17756, 460284
17756, 460284
17756, 460284
17756, 460284
17756, 460284
17756, 460284
17756, 460284
17756, 460284
17756, 460284
17756, 460284
17756, 460284
17756, 460284
17756, 460284
17756, 460284
17756, 460284
17756, 460284
17756, 460284
17756, 460284
17756, 460284
17756, 460284
17756, 460284
17756, 460284
17756, 460284
17756, 460284
17756, 460284
17756, 460284
17756, 460284
17756, 460284
17756, 460284
17756, 460284
17756, 460284
17756, 460284
17756, 460284
17756, 460284
17756, 460284
17756, 460284
17756, 460284
17756, 460284
17756, 460284
17756, 460284
17756, 460284
17756, 460284
17756, 460284
17756, 460284
17756, 460284
17756, 460284
17756, 460284
17756, 460284
17756, 460284
17756, 460284
17756, 460284
17756, 460284
17756, 460284
17756, 460284
17756, 460284
17756, 460284
17756, 460284
17756, 460284
17756, 460284
17756, 460284
17756, 460284
17756, 460284
17756, 460284
17756, 460284
17756, 460284
17756, 460284
17756, 460284
17756, 460284
17756, 460284
17756, 460284
17756, 460284
17756, 460284
17756, 460284
17756, 460284
17756, 460284
17756, 460284
17756, 460284
17756, 460284
17756, 460284
17756, 460284
17756, 460284
17756, 460284
17756, 460284
17756, 460284
17756, 460284
17756, 460284
17756, 460284
17756, 460284
17756, 460284
17756, 460284
17756, 460284
17756, 460284
17756, 460284
17756, 460284
17756, 460284
17756, 460284
17756, 460284
17756, 460284
17756, 460284
17756, 460284
17756, 460284
17756, 460284
17756, 460284
17756, 460284
17756, 460284
17756, 460284
17756, 460284
17756, 460284
17756, 460284
17756, 460284
17756, 460284
17756, 460284
17756, 460284
17756, 460284
17756, 460284
17756, 460284
17756, 460284
17756, 460284
17756, 460284
17756, 460284
17756, 460284
17756, 460284
17756, 460284
17756, 460284
17756, 460284
17756, 460284
17756, 460284
17756, 460284
17756, 460284
17756, 460284
17756, 460284
17756, 460284
17756, 460284
17756, 460284
17756, 460284
17756, 460284
17756, 460284
17756, 460284
17756, 460284
17756, 460284
17756, 460284
17756, 460284
17756, 460284
17756, 460284
17756, 460284
17756, 460284
17756, 460284
17756, 460284
17756, 460284
17756, 460284
17756, 460284
17756, 460284
17756, 460284
17756, 460284
17756, 460284
17756, 460284
17756, 460284
17756, 460284
17756, 460284
17756, 460284
17756, 460284
17756, 460284
17756, 460284
17756, 460284
17756, 460284
17756, 460284
17756, 460284
17756, 460284
17756, 460284
17756, 460284
17756, 460284
17756, 460284
17756, 460284
17756, 460284
17756, 460284
17756, 460284
17756, 460284
17756, 460284
17756, 460284
17756, 460284
17756, 460284
17756, 460284
17756, 460284
17756, 460284
17756, 460284
17756, 460284
17756, 460284
17756, 460284
17756, 460284
17756, 460284
17756, 460284
17756, 460284
17756, 460284
17756, 460284
17756, 460284
17756, 460284
17756, 460284
17756, 460284
17756, 460284
17756, 460284
17756, 460284
17756, 460284
17756, 460284
17756, 460284
17756, 460284
17756, 460284
17756, 460284
17756, 460284
17756, 460284
17756, 460284
17756, 460284
17756, 460284
17756, 460284
17756, 460284
17756, 460284
17756, 460284
17756, 460284
17756, 460284
17756, 460284
17756, 460284
17756, 460284
17756, 460284
17756, 460284
17756, 460284
17756, 460284
17756, 460284
17756, 460284
17756, 460284
17756, 460284
17756, 460284
17756, 460284
17756, 460284
17756, 460284
17756, 460284
17756, 460284
17756, 460284
17756, 460284
17756, 460284
17756, 460284
17756, 460284
17756, 460284
17756, 460284
17756, 460284
17756, 460284
17756, 460284
17756, 460284
17756, 460284
17756, 460284
17756, 460284
17756, 460284
17756, 460284
17756, 460284
17756, 460284
17756, 460284
17756, 460284
17756, 460284
17756, 460284
17756, 460284
17756, 460284
17756, 460284
17756, 460284
17756, 460284
17756, 460284
17756, 460284
17756, 460284
17756, 460284
17756, 460284
17756, 460284
17756, 460284
17756, 460284
17756, 460284
17756, 460284
17756, 460284
17756, 460284
17756, 460284
17756, 460284
17756, 460284
17756, 460284
17756, 460284
17756, 460284
17756, 460284
17756, 460284
17756, 460284
17756, 460284
17756, 460284
17756, 460284
17756, 460284
17756, 460284
17756, 460284
17756, 460284
17756, 460284
17756, 460284
17756, 460284
17756, 460284
17756, 460284
17756, 460284
17756, 460284
17756, 460284
17756, 460284
17756, 460284
17756, 460284
17756, 460284
17756, 460284
17756, 460284
17756, 460284
17756, 460284
17756, 460284
17756, 460284
17756, 460284
17756, 460284
17756, 460284
17756, 460284
17756, 460284
17756, 460284
17756, 460284
17756, 460284
17756, 460284
17756, 460284
17756, 460284
17756, 460284
17756, 460284
17756, 460284
17756, 460284
17756, 460284
17756, 460284
17756, 460284
17756, 460284
17756, 460284
17756, 460284
17756, 460284
17756, 460284
17756, 460284
17756, 460284
17756, 460284
17756, 460284
17756, 460284
17756, 460284
17756, 460284
17756, 460284
17756, 460284
17756, 460284
17756, 460284
17756, 460284
17756, 460284
17756, 460284
17756, 460284
17756, 460284
17756, 460284
17756, 460284
17756, 460284
17756, 460284
17756, 460284
17756, 460284
17756, 460284
17756, 460284
17756, 460284
17756, 460284
17756, 460284
17756, 460284
17756, 460284
17756, 460284
17756, 460284
17756, 460284
17756, 460284
17756, 460284
17756, 460284
17756, 460284
17756, 460284
17756, 460284
17756, 460284
17756, 460284
17756, 460284
17756, 460284
17756, 460284
17756, 460284
17756, 460284
17756, 460284
17756, 460284
17756, 460284
17756, 460284
17756, 460284
17756, 460284
17756, 460284
17756, 460284
17756, 460284
17756, 460284
17756, 460284
17756, 460284
17756, 460284
17756, 460284
17756, 460284
17756, 460284
17756, 460284
17756, 460284
17756, 460284
17756, 460284
17756, 460284
17756, 460284
17756, 460284
17756, 460284
17756, 460284
17756, 460284
17756, 460284
17756, 460284
17756, 460284
17756, 460284
17756, 460284
17756, 460284
17756, 460284
17756, 460284
17756, 460284
17756, 460284
17756, 460284
17756, 460284
17756, 460284
17756, 460284
17756, 460284
17756, 460284
17756, 460284
17756, 460284
17756, 460284
17756, 460284
17756, 460284
17756, 460284
17756, 460284
17756, 460284
17756, 460284
17756, 460284
17756, 460284
17756, 460284
17756, 460284
17756, 460284
17756, 460284
17756, 460284
17756, 460284
17756, 460284
17756, 460284
17756, 460284
17756, 460284
17756, 460284
17756, 460284
17756, 460284
17756, 460284
17756, 460284
17756, 460284
17756, 460284
17756, 460284
17756, 460284
17756, 460284
17756, 460284
17756, 460284
17756, 460284
17756, 460284
17756, 460284
17756, 460284
17756, 460284
17756, 460284
17756, 460284
17756, 460284
17756, 460284
17756, 460284
17756, 460284
17756, 460284
17756, 460284
17756, 460284
17756, 460284
17756, 460284
17756, 460284
17756, 460284
17756, 460284
17756, 460284
17756, 460284
17756, 460284
17756, 460284
17756, 460284
17756, 460284
17756, 460284
17756, 460284
17756, 460284
17756, 460284
17756, 460284
17756, 460284
17756, 460284
17756, 460284
17756, 460284
17756, 460284
17756, 460284
17756, 460284
17756, 460284
17756, 460284
17756, 460284
17756, 460284
17756, 460284
17756, 460284
17756, 460284
17756, 460284
17756, 460284
17756, 460284
17756, 460284
17756, 460284
17756, 460284
17756, 460284
17756, 460284
17756, 460284
17756, 460284
17756, 460284
17756, 460284
17756, 460284
17756, 460284
17756, 460284
17756, 460284
17756, 460284
17756, 460284
17756, 460284
17756, 460284
17756, 460284
17756, 460284
17756, 460284
17756, 460284
17756, 460284
17756, 460284
17756, 460284
17756, 460284
17756, 460284
17756, 460284
17756, 460284
17756, 460284
17756, 460284
17756, 460284
17756, 460284
17756, 460284
17756, 460284
17756, 460284
17756, 460284
17756, 460284
17756, 460284
17756, 460284
17756, 460284
17756, 460284
17756, 460284
17756, 460284
17756, 460284
17756, 460284
17756, 460284
17756, 460284
17756, 460284
17756, 460284
17756, 460284
17756, 460284
17756, 460284
17756, 460284
17756, 460284
17756, 460284
17756, 460284
17756, 460284
17756, 460284
17756, 460284
17756, 460284
17756, 460284
17756, 460284
17756, 460284
17756, 460284
17756, 460284
17756, 460284
17756, 460284
17756, 460284
17756, 460284
17756, 460284
17756, 460284
17756, 460284
17756, 460284
17756, 460284
17756, 460284
17756, 460284
17756, 460284
17756, 460284
17756, 460284
17756, 460284
17756, 460284
17756, 460284
17756, 460284
17756, 460284
17756, 460284
17756, 460284
17756, 460284
17756, 460284
17756, 460284
17756, 460284
17756, 460284
17756, 460284
17756, 460284
17756, 460284
17756, 460284
17756, 460284
17756, 460284
17756, 460284
17756, 460284
17756, 460284
17756, 460284
17756, 460284
17756, 460284
17756, 460284
17756, 460284
17756, 460284
17756, 460284
17756, 460284
17756, 460284
17756, 460284
17756, 460284
17756, 460284
17756, 460284
17756, 460284
17756, 460284
17756, 460284
17756, 460284
17756, 460284
17756, 460284
17756, 460284
17756, 460284
17756, 460284
17756, 460284
17756, 460284
17756, 460284
17756, 460284
17756, 460284
17756, 460284
17756, 460284
17756, 460284
17756, 460284
17756, 460284
17756, 460284
17756, 460284
17756, 460284
17756, 460284
17756, 460284
17756, 460284
17756, 460284
17756, 460284
17756, 460284
17756, 460284
17756, 460284
17756, 460284
17756, 460284
17756, 460284
17756, 460284
17756, 460284
17756, 460284
17756, 460284
17756, 460284
17756, 460284
17756, 460284
17756, 460284
17756, 460284
17756, 460284
17756, 460284
17756, 460284
17756, 460284
17756, 460284
17756, 460284
17756, 460284
17756, 460284
17756, 460284
17756, 460284
17756, 460284
17756, 460284
17756, 460284
17756, 460284
17756, 460284
17756, 460284
17756, 460284
17756, 460284
17756, 460284
17756, 460284
17756, 460284
17756, 460284
17756, 460284
17756, 460284
17756, 460284
17756, 460284
17756, 460284
17756, 460284
17756, 460284
17756, 460284
17756, 460284
17756, 460284
17756, 460284
17756, 460284
17756, 460284
17756, 460284
17756, 460284
17756, 460284
17756, 460284
17756, 460284
17756, 460284
17756, 460284
17756, 460284
17756, 460284
17756, 460284
17756, 460284
17756, 460284
17756, 460284
17756, 460284
17756, 460284
17756, 460284
17756, 460284
17756, 460284
17756, 460284
17756, 460284
17756, 460284
17756, 460284
17756, 460284
17756, 460284
17756, 460284
17756, 460284
17756, 460284
17756, 460284
17756, 460284
17756, 460284
17756, 460284
17756, 460284
17756, 460284
17756, 460284
17756, 460284
17756, 460284
17756, 460284
17756, 460284
17756, 460284
17756, 460284
17756, 460284
17756, 460284
17756, 460284
17756, 460284
17756, 460284
17756, 460284
17756, 460284
17756, 460284
17756, 460284
17756, 460284
17756, 460284
17756, 460284
17756, 460284
17756, 460284
17756, 460284
17756, 460284
17756, 460284
17756, 460284
17756, 460284
17756, 460284
17756, 460284
17756, 460284
17756, 460284
17756, 460284
17756, 460284
17756, 460284
17756, 460284
17756, 460284
17756, 460284
17756, 460284
17756, 460284
17756, 460284
17756, 460284
17756, 460284
17756, 460284
17756, 460284
17756, 460284
17756, 460284
17756, 460284
17756, 460284
17756, 460284
17756, 460284
17756, 460284
17756, 460284
17756, 460284
17756, 460284
17756, 460284
17756, 460284
17756, 460284
17756, 460284
17756, 460284
17756, 460284
17756, 460284
17756, 460284
17756, 460284
17756, 460284
17756, 460284
17756, 460284
17756, 460284
17756, 460284
17756, 460284
17756, 460284
17756, 460284
17756, 460284
17756, 460284
17756, 460284
17756, 460284
17756, 460284
17756, 460284
17756, 460284
17756, 460284
17756, 460284
17756, 460284
17756, 460284
17756, 460284
17756, 460284
17756, 460284
17756, 460284
17756, 460284
17756, 460284
17756, 460284
17756, 460284
17756, 460284
17756, 460284
17756, 460284
17756, 460284
17756, 460284
17756, 460284
17756, 460284
17756, 460284
17756, 460284
17756, 460284
17756, 460284
17756, 460284
17756, 460284
17756, 460284
17756, 460284
17756, 460284
17756, 460284
17756, 460284
17756, 460284
17756, 460284
17756, 460284
17756, 460284
17756, 460284
17756, 460284
17756, 460284
17756, 460284
17756, 460284
17756, 460284
17756, 460284
17756, 460284
17756, 460284
17756, 460284
17756, 460284
17756, 460284
17756, 460284
17756, 460284
17756, 460284
17756, 460284
17756, 460284
17756, 460284
17756, 460284
17756, 460284
17756, 460284
17756, 460284
17756, 460284
17756, 460284
17756, 460284
17756, 460284
17756, 460284
17756, 460284
17756, 460284
17756, 460284
17756, 460284
17756, 460284
17756, 460284
17756, 460284
17756, 460284
17756, 460284
17756, 460284
17756, 460284
17756, 460284
17756, 460284
17756, 460284
17756, 460284
17756, 460284
17756, 460284
17756, 460284
17756, 460284
17756, 460284
17756, 460284
17756, 460284
17756, 460284
17756, 460284
17756, 460284
17756, 460284
17756, 460284
17756, 460284
17756, 460284
17756, 460284
17756, 460284
17756, 460284
17756, 460284
17756, 460284
17756, 460284
17756, 460284
17756, 460284
17756, 460284
17756, 460284
17756, 460284
17756, 460284
17756, 460284
17756, 460284
17756, 460284
17756, 460284
17756, 460284
17756, 460284
17756, 460284
17756, 460284
17756, 460284
17756, 460284
17756, 460284
17756, 460284
17756, 460284
17756, 460284
17756, 460284
17756, 460284
17756, 460284
17756, 460284
17756, 460284
17756, 460284
17756, 460284
17756, 460284
17756, 460284
17756, 460284
17756, 460284
17756, 460284
17756, 460284
17756, 460284
17756, 460284
17756, 460284
17756, 460284
17756, 460284
17756, 460284
17756, 460284
17756, 460284
17756, 460284
17756, 460284
17756, 460284
17756, 460284
17756, 460284
17756, 460284
17756, 460284
17756, 460284
17756, 460284
17756, 460284
17756, 460284
17756, 460284
17756, 460284
17756, 460284
17756, 460284
17756, 460284
17756, 460284
17756, 460284
17756, 460284
17756, 460284
17756, 460284
17756, 460284
17756, 460284
17756, 460284
17756, 460284
17756, 460284
17756, 460284
17756, 460284
17756, 460284
17756, 460284
17756, 460284
17756, 460284
17756, 460284
17756, 460284
17756, 460284
17756, 460284
17756, 460284
17756, 460284
17756, 460284
17756, 460284
17756, 460284
17756, 460284
17756, 460284
17756, 460284
17756, 460284
17756, 460284
17756, 460284
17756, 460284
17756, 460284
17756, 460284
17756, 460284
17756, 460284
17756, 460284
17756, 460284
17756, 460284
17756, 460284
17756, 460284
17756, 460284
17756, 460284
17756, 460284
17756, 460284
17756, 460284
17756, 460284
17756, 460284
17756, 460284
17756, 460284
17756, 460284
17756, 460284
17756, 460284
17756, 460284
17756, 460284
17756, 460284
17756, 460284
17756, 460284
17756, 460284
17756, 460284
17756, 460284
17756, 460284
17756, 460284
17756, 460284
17756, 460284
17756, 460284
17756, 460284
17756, 460284
17756, 460284
17756, 460284
17756, 460284
17756, 460284
17756, 460284
17756, 460284
17756, 460284
17756, 460284
17756, 460284
17756, 460284
17756, 460284
17756, 460284
17756, 460284
17756, 460284
17756, 460284
17756, 460284
17756, 460284
17756, 460284
17756, 460284
17756, 460284
17756, 460284
17756, 460284
17756, 460284
17756, 460284
17756, 460284
17756, 460284
17756, 460284
17756, 460284
17756, 460284
17756, 460284
17756, 460284
17756, 460284
17756, 460284
17756, 460284
17756, 460284
17756, 460284
17756, 460284
17756, 460284
17756, 460284
17756, 460284
17756, 460284
17756, 460284
17756, 460284
17756, 460284
17756, 460284
17756, 460284
17756, 460284
17756, 460284
17756, 460284
17756, 460284
17756, 460284
17756, 460284
17756, 460284
17756, 460284
17756, 460284
17756, 460284
17756, 460284
17756, 460284
17756, 460284
17756, 460284
17756, 460284
17756, 460284
17756, 460284
17756, 460284
17756, 460284
17756, 460284
17756, 460284
17756, 460284
17756, 460284
17756, 460284
17756, 460284
17756, 460284
17756, 460284
17756, 460284
17756, 460284
17756, 460284
17756, 460284
17756, 460284
17756, 460284
17756, 460284
17756, 460284
17756, 460284
17756, 460284
17756, 460284
17756, 460284
17756, 460284
17756, 460284
17756, 460284
17756, 460284
17756, 460284
17756, 460284
17756, 460284
17756, 460284
17756, 460284
17756, 460284
17756, 460284
17756, 460284
17756, 460284
17756, 460284
17756, 460284
17756, 460284
17756, 460284
17756, 460284
17756, 460284
17756, 460284
17756, 460284
17756, 460284
17756, 460284
17756, 460284
17756, 460284
17756, 460284
17756, 460284
17756, 460284
17756, 460284
17756, 460284
17756, 460284
17756, 460284
17756, 460284
17756, 460284
17756, 460284
17756, 460284
17756, 460284
17756, 460284
17756, 460284
17756, 460284
17756, 460284
17756, 460284
17756, 460284
17756, 460284
17756, 460284
17756, 460284
17756, 460284
17756, 460284
17756, 460284
17756, 460284
17756, 460284
17756, 460284
17756, 460284
17756, 460284
17756, 460284
17756, 460284
17756, 460284
17756, 460284
17756, 460284
17756, 460284
17756, 460284
17756, 460284
17756, 460284
17756, 460284
17756, 460284
17756, 460284
17756, 460284
17756, 460284
17756, 460284
17756, 460284
17756, 460284
17756, 460284
17756, 460284
17756, 460284
17756, 460284
17756, 460284
17756, 460284
17756, 460284
17756, 460284
17756, 460284
17756, 460284
17756, 460284
17756, 460284
17756, 460284
17756, 460284
17756, 460284
17756, 460284
17756, 460284
17756, 460284
17756, 460284
17756, 460284
17756, 460284
17756, 460284
17756, 460284
17756, 460284
17756, 460284
17756, 460284
17756, 460284
17756, 460284
17756, 460284
17756, 460284
17756, 460284
17756, 460284
17756, 460284
17756, 460284
17756, 460284
17756, 460284
17756, 460284
17756, 460284
17756, 460284
17756, 460284
17756, 460284
17756, 460284
17756, 460284
17756, 460284
17756, 460284
17756, 460284
17756, 460284
17756, 460284
17756, 460284
17756, 460284
17756, 460284
17756, 460284
17756, 460284
17756, 460284
17756, 460284
17756, 460284
17756, 460284
17756, 460284
17756, 460284
17756, 460284
17756, 460284
17756, 460284
17756, 460284
17756, 460284
17756, 460284
17756, 460284
17756, 460284
17756, 460284
17756, 460284
17756, 460284
17756, 460284
17756, 460284
17756, 460284
17756, 460284
17756, 460284
17756, 460284
17756, 460284
17756, 460284
17756, 460284
17756, 460284
17756, 460284
17756, 460284
17756, 460284
17756, 460284
17756, 460284
17756, 460284
17756, 460284
17756, 460284
17756, 460284
17756, 460284
17756, 460284
17756, 460284
17756, 460284
17756, 460284
17756, 460284
17756, 460284
17756, 460284
17756, 460284
17756, 460284
17756, 460284
17756, 460284
17756, 460284
17756, 460284
17756, 460284
17756, 460284
17756, 460284
17756, 460284
17756, 460284
17756, 460284
17756, 460284
17756, 460284
17756, 460284
17756, 460284
17756, 460284
17756, 460284
17756, 460284
17756, 460284
17756, 460284
17756, 460284
17756, 460284
17756, 460284
17756, 460284
17756, 460284
17756, 460284
17756, 460284
17756, 460284
17756, 460284
17756, 460284
17756, 460284
17756, 460284
17756, 460284
17756, 460284
17756, 460284
17756, 460284
17756, 460284
17756, 460284
17756, 460284
17756, 460284
17756, 460284
17756, 460284
17756, 460284
17756, 460284
17756, 460284
17756, 460284
17756, 460284
17756, 460284
17756, 460284
17756, 460284
17756, 460284
17756, 460284
17756, 460284
17756, 460284
17756, 460284
17756, 460284
17756, 460284
17756, 460284
17756, 460284
17756, 460284
17756, 460284
17756, 460284
17756, 460284
17756, 460284
17756, 460284
17756, 460284
17756, 460284
17756, 460284
17756, 460284
17756, 460284
17756, 460284
17756, 460284
17756, 460284
17756, 460284
17756, 460284
17756, 460284
17756, 460284
17756, 460284
17756, 460284
17756, 460284
17756, 460284
17756, 460284
17756, 460284
17756, 460284
17756, 460284
17756, 460284
17756, 460284
17756, 460284
17756, 460284
17756, 460284
17756, 460284
17756, 460284
17756, 460284
17756, 460284
17756, 460284
17756, 460284
17756, 460284
17756, 460284
17756, 460284
17756, 460284
17756, 460284
17756, 460284
17756, 460284
17756, 460284
17756, 460284
17756, 460284
17756, 460284
17756, 460284
17756, 460284
17756, 460284
17756, 460284
17756, 460284
17756, 460284
17756, 460284
17756, 460284
17756, 460284
17756, 460284
17756, 460284
17756, 460284
17756, 460284
17756, 460284
17756, 460284
17756, 460284
17756, 460284
17756, 460284
17756, 460284
17756, 460284
17756, 460284
17756, 460284
17756, 460284
17756, 460284
17756, 460284
17756, 460284
17756, 460284
17756, 460284
17756, 460284
17756, 460284
17756, 460284
17756, 460284
17756, 460284
17756, 460284
17756, 460284
17756, 460284
17756, 460284
17756, 460284
17756, 460284
17756, 460284
17756, 460284
17756, 460284
17756, 460284
17756, 460284
17756, 460284
17756, 460284
17756, 460284
17756, 460284
17756, 460284
17756, 460284
17756, 460284
17756, 460284
17756, 460284
17756, 460284
17756, 460284
17756, 460284
17756, 460284
17756, 460284
17756, 460284
17756, 460284
17756, 460284
17756, 460284
17756, 460284
17756, 460284
17756, 460284
17756, 460284
17756, 460284
17756, 460284
17756, 460284
17756, 460284
17756, 460284
17756, 460284
17756, 460284
17756, 460284
17756, 460284
17756, 460284
17756, 460284
17756, 460284
17756, 460284
17756, 460284
17756, 460284
17756, 460284
17756, 460284
17756, 460284
17756, 460284
17756, 460284
17756, 460284
17756, 460284
17756, 460284
17756, 460284
17756, 460284
17756, 460284
17756, 460284
17756, 460284
17756, 460284
17756, 460284
17756, 460284
17756, 460284
17756, 460284
17756, 460284
17756, 460284
17756, 460284
17756, 460284
17756, 460284
17756, 460284
17756, 460284
17756, 460284
17756, 460284
17756, 460284
17756, 460284
17756, 460284
17756, 460284
17756, 460284
17756, 460284
17756, 460284
17756, 460284
17756, 460284
17756, 460284
17756, 460284
17756, 460284
17756, 460284
17756, 460284
17756, 460284
17756, 460284
17756, 460284
17756, 460284
17756, 460284
17756, 460284
17756, 460284
17756, 460284
17756, 460284
17756, 460284
17756, 460284
17756, 460284
17756, 460284
17756, 460284
17756, 460284
17756, 460284
17756, 460284
17756, 460284
17756, 460284
17756, 460284
17756, 460284
17756, 460284
17756, 460284
17756, 460284
17756, 460284
17756, 460284
17756, 460284
17756, 460284
17756, 460284
17756, 460284
17756, 460284
17756, 460284
17756, 460284
17756, 460284
17756, 460284
17756, 460284
17756, 460284
17756, 460284
17756, 460284
17756, 460284
17756, 460284
17756, 460284
17756, 460284
17756, 460284
17756, 460284
17756, 460284
17756, 460284
17756, 460284
17756, 460284
17756, 460284
17756, 460284
17756, 460284
17756, 460284
17756, 460284
17756, 460284
17756, 460284
17756, 460284
17756, 460284
17756, 460284
17756, 460284
17756, 460284
17756, 460284
17756, 460284
17756, 460284
17756, 460284
17756, 460284
17756, 460284
17756, 460284
17756, 460284
17756, 460284
17756, 460284
17756, 460284
17756, 460284
17756, 460284
17756, 460284
17756, 460284
17756, 460284
17756, 460284
17756, 460284
17756, 460284
17756, 460284
17756, 460284
17756, 460284
17756, 460284
17756, 460284
17756, 460284
17756, 460284
17756, 460284
17756, 460284
17756, 460284
17756, 460284
17756, 460284
17756, 460284
17756, 460284
17756, 460284
17756, 460284
17756, 460284
17756, 460284
17756, 460284
17756, 460284
17756, 460284
17756, 460284
17756, 460284
17756, 460284
17756, 460284
17756, 460284
17756, 460284
17756, 460284
17756, 460284
17756, 460284
17756, 460284
17756, 460284
17756, 460284
17756, 460284
17756, 460284
17756, 460284
17756, 460284
17756, 460284
17756, 460284
17756, 460284
17756, 460284
17756, 460284
17756, 460284
17756, 460284
17756, 460284
17756, 460284
17756, 460284
17756, 460284
17756, 460284
17756, 460284
17756, 460284
17756, 460284
17756, 460284
17756, 460284
17756, 460284
17756, 460284
17756, 460284
17756, 460284
17756, 460284
17756, 460284
17756, 460284
17756, 460284
17756, 460284
17756, 460284
17756, 460284
17756, 460284
17756, 460284
17756, 460284
17756, 460284
17756, 460284
17756, 460284
17756, 460284
17756, 460284
17756, 460284
17756, 460284
17756, 460284
17756, 460284
17756, 460284
17756, 460284
17756, 460284
17756, 460284
17756, 460284
17756, 460284
17756, 460284
17756, 460284
17756, 460284
17756, 460284
17756, 460284
17756, 460284
17756, 460284
17756, 460284
17756, 460284
17756, 460284
17756, 460284
17756, 460284
17756, 460284
17756, 460284
17756, 460284
17756, 460284
17756, 460284
17756, 460284
17756, 460284
17756, 460284
17756, 460284
17756, 460284
17756, 460284
17756, 460284
17756, 460284
17756, 460284
17756, 460284
17756, 460284
17756, 460284
17756, 460284
17756, 460284
17756, 460284
17756, 460284
17756, 460284
17756, 460284
17756, 460284
17756, 460284
17756, 460284
17756, 460284
17756, 460284
17756, 460284
17756, 460284
17756, 460284
17756, 460284
17756, 460284
17756, 460284
17756, 460284
17756, 460284
17756, 460284
17756, 460284
17756, 460284
17756, 460284
17756, 460284
17756, 460284
17756, 460284
17756, 460284
17756, 460284
17756, 460284
17756, 460284
17756, 460284
17756, 460284
17756, 460284
17756, 460284
17756, 460284
17756, 460284
17756, 460284
17756, 460284
17756, 460284
17756, 460284
17756, 460284
17756, 460284
17756, 460284
17756, 460284
17756, 460284
17756, 460284
17756, 460284
17756, 460284
17756, 460284
17756, 460284
17756, 460284
17756, 460284
17756, 460284
17756, 460284
17756, 460284
17756, 460284
17756, 460284
17756, 460284
17756, 460284
17756, 460284
17756, 460284
17756, 460284
17756, 460284
17756, 460284
17756, 460284
17756, 460284
17756, 460284
17756, 460284
17756, 460284
17756, 460284
17756, 460284
17756, 460284
17756, 460284
17756, 460284
17756, 460284
17756, 460284
17756, 460284
17756, 460284
17756, 460284
17756, 460284
17756, 460284
17756, 460284
17756, 460284
17756, 460284
17756, 460284
17756, 460284
17756, 460284
17756, 460284
17756, 460284
17756, 460284
17756, 460284
17756, 460284
17756, 460284
17756, 460284
17756, 460284
17756, 460284
17756, 460284
17756, 460284
17756, 460284
17756, 460284
17756, 460284
17756, 460284
17756, 460284
17756, 460284
17756, 460284
17756, 460284
17756, 460284
17756, 460284
17756, 460284
17756, 460284
17756, 460284
17756, 460284
17756, 460284
17756, 460284
17756, 460284
17756, 460284
17756, 460284
17756, 460284
17756, 460284
17756, 460284
17756, 460284
17756, 460284
17756, 460284
17756, 460284
17756, 460284
17756, 460284
17756, 460284
17756, 460284
17756, 460284
17756, 460284
17756, 460284
17756, 460284
17756, 460284
17756, 460284
17756, 460284
17756, 460284
17756, 460284
17756, 460284
17756, 460284
17756, 460284
17756, 460284
17756, 460284
17756, 460284
17756, 460284
17756, 460284
17756, 460284
17756, 460284
17756, 460284
17756, 460284
17756, 460284
17756, 460284
17756, 460284
17756, 460284
17756, 460284
17756, 460284
17756, 460284
17756, 460284
17756, 460284
17756, 460284
17756, 460284
17756, 460284
17756, 460284
17756, 460284
17756, 460284
17756, 460284
17756, 460284
17756, 460284
17756, 460284
17756, 460284
17756, 460284
17756, 460284
17756, 460284
17756, 460284
17756, 460284
17756, 460284
17756, 460284
17756, 460284
17756, 460284
17756, 460284
17756, 460284
17756, 460284
17756, 460284
17756, 460284
17756, 460284
17756, 460284
17756, 460284
17756, 460284
17756, 460284
17756, 460284
17756, 460284
17756, 460284
17756, 460284
17756, 460284
17756, 460284
17756, 460284
17756, 460284
17756, 460284
17756, 460284
17756, 460284
17756, 460284
17756, 460284
17756, 460284
17756, 460284
17756, 460284
17756, 460284
17756, 460284
17756, 460284
17756, 460284
17756, 460284
17756, 460284
17756, 460284
17756, 460284
17756, 460284
17756, 460284
17756, 460284
17756, 460284
17756, 460284
17756, 460284
17756, 460284
17756, 460284
17756, 460284
17756, 460284
17756, 460284
17756, 460284
17756, 460284
17756, 460284
17756, 460284
17756, 460284
17756, 460284
17756, 460284
17756, 460284
17756, 460284
17756, 460284
17756, 460284
17756, 460284
17756, 460284
17756, 460284
17756, 460284
17756, 460284
17756, 460284
17756, 460284
17756, 460284
17756, 460284
17756, 460284
17756, 460284
17756, 460284
17756, 460284
17756, 460284
17756, 460284
17756, 460284
17756, 460284
17756, 460284
17756, 460284
17756, 460284
17756, 460284
17756, 460284
17756, 460284
17756, 460284
17756, 460284
17756, 460284
17756, 460284
17756, 460284
17756, 460284
17756, 460284
17756, 460284
17756, 460284
17756, 460284
17756, 460284
17756, 460284
17756, 460284
17756, 460284
17756, 460284
17756, 460284
17756, 460284
17756, 460284
17756, 460284
17756, 460284
17756, 460284
17756, 460284
17756, 460284
17756, 460284
17756, 460284
17756, 460284
17756, 460284
17756, 460284
17756, 460284
17756, 460284
17756, 460284
17756, 460284
17756, 460284
17756, 460284
17756, 460284
17756, 460284
17756, 460284
17756, 460284
17756, 460284
17756, 460284
17756, 460284
17756, 460284
17756, 460284
17756, 460284
17756, 460284
17756, 460284
17756, 460284
17756, 460284
17756, 460284
17756, 460284
17756, 460284
17756, 460284
17756, 460284
17756, 460284
17756, 460284
17756, 460284
17756, 460284
17756, 460284
17756, 460284
17756, 460284
17756, 460284
17756, 460284
17756, 460284
17756, 460284
17756, 460284
17756, 460284
17756, 460284
17756, 460284
17756, 460284
17756, 460284
17756, 460284
17756, 460284
17756, 460284
17756, 460284
17756, 460284
17756, 460284
17756, 460284
17756, 460284
17756, 460284
17756, 460284
17756, 460284
17756, 460284
17756, 460284
17756, 460284
17756, 460284
17756, 460284
17756, 460284
17756, 460284
17756, 460284
17756, 460284
17756, 460284
17756, 460284
17756, 460284
17756, 460284
17756, 460284
17756, 460284
17756, 460284
17756, 460284
17756, 460284
17756, 460284
17756, 460284
17756, 460284
17756, 460284
17756, 460284
17756, 460284
17756, 460284
17756, 460284
17756, 460284
17756, 460284
17756, 460284
17756, 460284
17756, 460284
17756, 460284
17756, 460284
17756, 460284
17756, 460284
17756, 460284
17756, 460284
17756, 460284
17756, 460284
17756, 460284
17756, 460284
17756, 460284
17756, 460284
17756, 460284
17756, 460284
17756, 460284
17756, 460284
17756, 460284
17756, 460284
17756, 460284
17756, 460284
17756, 460284
17756, 460284
17756, 460284
17756, 460284
17756, 460284
17756, 460284
17756, 460284
17756, 460284
17756, 460284
17756, 460284
17756, 460284
17756, 460284
17756, 460284
17756, 460284
17756, 460284
17756, 460284
17756, 460284
17756, 460284
17756, 460284
17756, 460284
17756, 460284
17756, 460284
17756, 460284
17756, 460284
17756, 460284
17756, 460284
17756, 460284
17756, 460284
17756, 460284
17756, 460284
17756, 460284
17756, 460284
17756, 460284
17756, 460284
17756, 460284
17756, 460284
17756, 460284
17756, 460284
17756, 460284
17756, 460284
17756, 460284
17756, 460284
17756, 460284
17756, 460284
17756, 460284
17756, 460284
17756, 460284
17756, 460284
17756, 460284
17756, 460284
17756, 460284
17756, 460284
17756, 460284
17756, 460284
17756, 460284
17756, 460284
17756, 460284
17756, 460284
17756, 460284
17756, 460284
17756, 460284
17756, 460284
17756, 460284
17756, 460284
17756, 460284
17756, 460284
17756, 460284
17756, 460284
17756, 460284
17756, 460284
17756, 460284
17756, 460284
17756, 460284
17756, 460284
17756, 460284
17756, 460284
17756, 460284
17756, 460284
17756, 460284
17756, 460284
17756, 460284
17756, 460284
17756, 460284
17756, 460284
17756, 460284
17756, 460284
17756, 460284
17756, 460284
17756, 460284
17756, 460284
17756, 460284
17756, 460284
17756, 460284
17756, 460284
17756, 460284
17756, 460284
17756, 460284
17756, 460284
17756, 460284
17756, 460284
17756, 460284
17756, 460284
17756, 460284
17756, 460284
17756, 460284
17756, 460284
17756, 460284
17756, 460284
17756, 460284
17756, 460284
17756, 460284
17756, 460284
17756, 460284
17756, 460284
17756, 460284
17756, 460284
17756, 460284
17756, 460284
17756, 460284
17756, 460284
17756, 460284
17756, 460284
17756, 460284
17756, 460284
17756, 460284
17756, 460284
17756, 460284
17756, 460284
17756, 460284
17756, 460284
17756, 460284
17756, 460284
17756, 460284
17756, 460284
17756, 460284
17756, 460284
17756, 460284
17756, 460284
17756, 460284
17756, 460284
17756, 460284
17756, 460284
17756, 460284
17756, 460284
17756, 460284
17756, 460284
17756, 460284
17756, 460284
17756, 460284
17756, 460284
17756, 460284
17756, 460284
17756, 460284
17756, 460284
17756, 460284
17756, 460284
17756, 460284
17756, 460284
17756, 460284
17756, 460284
17756, 460284
17756, 460284
17756, 460284
17756, 460284
17756, 460284
17756, 460284
17756, 460284
17756, 460284
17756, 460284
17756, 460284
17756, 460284
17756, 460284
17756, 460284
17756, 460284
17756, 460284
17756, 460284
17756, 460284
17756, 460284
17756, 460284
17756, 460284
17756, 460284
17756, 460284
17756, 460284
17756, 460284
17756, 460284
17756, 460284
17756, 460284
17756, 460284
17756, 460284
17756, 460284
17756, 460284
17756, 460284
17756, 460284
17756, 460284
17756, 460284
17756, 460284
17756, 460284
17756, 460284
17756, 460284
17756, 460284
17756, 460284
17756, 460284
17756, 460284
17756, 460284
17756, 460284
17756, 460284
17756, 460284
17756, 460284
17756, 460284
17756, 460284
17756, 460284
17756, 460284
17756, 460284
17756, 460284
17756, 460284
17756, 460284
17756, 460284
17756, 460284
17756, 460284
17756, 460284
17756, 460284
17756, 460284
17756, 460284
17756, 460284
17756, 460284
17756, 460284
17756, 460284
17756, 460284
17756, 460284
17756, 460284
17756, 460284
17756, 460284
17756, 460284
17756, 460284
17756, 460284
17756, 460284
17756, 460284
17756, 460284
17756, 460284
17756, 460284
17756, 460284
17756, 460284
17756, 460284
17756, 460284
17756, 460284
17756, 460284
17756, 460284
17756, 460284
17756, 460284
17756, 460284
17756, 460284
17756, 460284
17756, 460284
17756, 460284
17756, 460284
17756, 460284
17756, 460284
17756, 460284
17756, 460284
17756, 460284
17756, 460284
17756, 460284
17756, 460284
17756, 460284
17756, 460284
17756, 460284
17756, 460284
17756, 460284
17756, 460284
17756, 460284
17756, 460284
17756, 460284
17756, 460284
17756, 460284
17756, 460284
17756, 460284
17756, 460284
17756, 460284
17756, 460284
17756, 460284
17756, 460284
17756, 460284
17756, 460284
17756, 460284
17756, 460284
17756, 460284
17756, 460284
17756, 460284
17756, 460284
17756, 460284
17756, 460284
17756, 460284
17756, 460284
17756, 460284
17756, 460284
17756, 460284
17756, 460284
17756, 460284
17756, 460284
17756, 460284
17756, 460284
17756, 460284
17756, 460284
17756, 460284
17756, 460284
17756, 460284
17756, 460284
17756, 460284
17756, 460284
17756, 460284
17756, 460284
17756, 460284
17756, 460284
17756, 460284
17756, 460284
17756, 460284
17756, 460284
17756, 460284
17756, 460284
17756, 460284
17756, 460284
17756, 460284
17756, 460284
17756, 460284
17756, 460284
17756, 460284
17756, 460284
17756, 460284
17756, 460284
17756, 460284
17756, 460284
17756, 460284
17756, 460284
17756, 460284
17756, 460284
17756, 460284
17756, 460284
17756, 460284
17756, 460284
17756, 460284
17756, 460284
17756, 460284
17756, 460284
17756, 460284
17756, 460284
17756, 460284
17756, 460284
17756, 460284
17756, 460284
17756, 460284
17756, 460284
17756, 460284
17756, 460284
17756, 460284
17756, 460284
17756, 460284
17756, 460284
17756, 460284
17756, 460284
17756, 460284
17756, 460284
17756, 460284
17756, 460284
17756, 460284
17756, 460284
17756, 460284
17756, 460284
17756, 460284
17756, 460284
17756, 460284
17756, 460284
17756, 460284
17756, 460284
17756, 460284
17756, 460284
17756, 460284
17756, 460284
17756, 460284
17756, 460284
17756, 460284
17756, 460284
17756, 460284
17756, 460284
17756, 460284
17756, 460284
17756, 460284
17756, 460284
17756, 460284
17756, 460284
17756, 460284
17756, 460284
17756, 460284
17756, 460284
17756, 460284
17756, 460284
17756, 460284
17756, 460284
17756, 460284
17756, 460284
17756, 460284
17756, 460284
17756, 460284
17756, 460284
17756, 460284
17756, 460284
17756, 460284
17756, 460284
17756, 460284
17756, 460284
17756, 460284
17756, 460284
17756, 460284
17756, 460284
17756, 460284
17756, 460284
17756, 460284
17756, 460284
17756, 460284
17756, 460284
17756, 460284
17756, 460284
17756, 460284
17756, 460284
17756, 460284
17756, 460284
17756, 460284
17756, 460284
17756, 460284
17756, 460284
17756, 460284
17756, 460284
17756, 460284
17756, 460284
17756, 460284
17756, 460284
17756, 460284
17756, 460284
17756, 460284
17756, 460284
17756, 460284
17756, 460284
17756, 460284
17756, 460284
17756, 460284
17756, 460284
17756, 460284
17756, 460284
17756, 460284
17756, 460284
17756, 460284
17756, 460284
17756, 460284
17756, 460284
17756, 460284
17756, 460284
17756, 460284
17756, 460284
17756, 460284
17756, 460284
17756, 460284
17756, 460284
17756, 460284
17756, 460284
17756, 460284
17756, 460284
17756, 460284
17756, 460284
17756, 460284
17756, 460284
17756, 460284
17756, 460284
17756, 460284
17756, 460284
17756, 460284
17756, 460284
17756, 460284
17756, 460284
17756, 460284
17756, 460284
17756, 460284
17756, 460284
17756, 460284
17756, 460284
17756, 460284
17756, 460284
17756, 460284
17756, 460284
17756, 460284
17756, 460284
17756, 460284
17756, 460284
17756, 460284
17756, 460284
17756, 460284
17756, 460284
17756, 460284
17756, 460284
17756, 460284
17756, 460284
17756, 460284
17756, 460284
17756, 460284
17756, 460284
17756, 460284
17756, 460284
17756, 460284
17756, 460284
17756, 460284
17756, 460284
17756, 460284
17756, 460284
17756, 460284
17756, 460284
17756, 460284
17756, 460284
17756, 460284
17756, 460284
17756, 460284
17756, 460284
17756, 460284
17756, 460284
17756, 460284
17756, 460284
17756, 460284
17756, 460284
17756, 460284
17756, 460284
17756, 460284
17756, 460284
17756, 460284
17756, 460284
17756, 460284
17756, 460284
17756, 460284
17756, 460284
17756, 460284
17756, 460284
17756, 460284
17756, 460284
17756, 460284
17756, 460284
17756, 460284
17756, 460284
17756, 460284
17756, 460284
17756, 460284
17756, 460284
17756, 460284
17756, 460284
17756, 460284
17756, 460284
17756, 460284
17756, 460284
17756, 460284
17756, 460284
17756, 460284
17756, 460284
17756, 460284
17756, 460284
17756, 460284
17756, 460284
17756, 460284
17756, 460284
17756, 460284
17756, 460284
17756, 460284
17756, 460284
17756, 460284
17756, 460284
17756, 460284
17756, 460284
17756, 460284
17756, 460284
17756, 460284
17756, 460284
17756, 460284
17756, 460284
17756, 460284
17756, 460284
17756, 460284
17756, 460284
17756, 460284
17756, 460284
17756, 460284
17756, 460284
17756, 460284
17756, 460284
17756, 460284
17756, 460284
17756, 460284
17756, 460284
17756, 460284
17756, 460284
17756, 460284
17756, 460284
17756, 460284
17756, 460284
17756, 460284
17756, 460284
17756, 460284
17756, 460284
17756, 460284
