0, 0
4, 0
4, 0
4, 0
4, 0
8, 0
8, 0
8, 0
8, 0
8, 0
8, 0
8, 0
8, 4
8, 4
8, 4
8, 8
8, 8
8, 12
8, 12
8, 12
8, 12
8, 12
8, 12
8, 12
8, 12
8, 12
8, 12
8, 12
8, 12
8, 12
8, 12
8, 12
8, 12
8, 12
8, 12
8, 12
8, 12
8, 16
12, 16
12, 16
12, 20
12, 20
12, 20
12, 20
12, 24
12, 24
12, 24
12, 24
16, 24
16, 24
20, 24
20, 24
20, 24
20, 24
20, 24
20, 24
20, 24
20, 28
20, 28
24, 28
24, 32
24, 32
24, 32
24, 32
24, 32
24, 32
24, 32
24, 36
24, 36
24, 36
24, 36
24, 36
24, 36
24, 36
24, 36
24, 36
24, 36
24, 36
24, 40
24, 40
24, 40
24, 40
24, 40
24, 40
24, 44
24, 44
24, 44
24, 44
24, 44
24, 52
24, 56
24, 56
24, 56
24, 56
24, 56
24, 56
24, 56
24, 56
24, 56
24, 60
24, 64
24, 64
24, 64
24, 68
24, 68
24, 68
24, 68
24, 72
28, 72
28, 72
28, 76
32, 80
32, 80
32, 80
32, 80
32, 84
32, 88
32, 88
32, 92
32, 92
32, 96
32, 96
32, 100
36, 100
40, 100
40, 100
40, 100
40, 100
40, 100
40, 100
40, 100
44, 100
44, 104
44, 104
48, 108
48, 108
48, 108
48, 108
48, 108
48, 108
48, 108
48, 108
48, 108
48, 108
48, 108
48, 108
48, 108
48, 108
48, 108
48, 108
48, 108
48, 108
48, 108
48, 108
48, 108
48, 108
48, 108
48, 108
48, 108
48, 108
48, 112
48, 112
52, 112
52, 112
52, 112
52, 112
52, 112
52, 112
52, 112
52, 112
52, 112
52, 112
52, 112
52, 112
52, 112
52, 112
52, 112
52, 116
52, 116
52, 116
52, 116
52, 116
52, 116
56, 116
56, 116
56, 116
56, 116
56, 116
56, 116
56, 124
56, 124
56, 124
56, 124
56, 124
56, 132
56, 136
56, 136
56, 140
56, 144
56, 152
64, 152
64, 156
64, 168
64, 172
64, 180
64, 184
64, 188
64, 188
64, 192
68, 208
68, 216
68, 220
68, 220
72, 220
72, 220
72, 220
76, 220
76, 220
76, 220
80, 224
80, 224
80, 224
80, 224
80, 228
80, 228
84, 228
88, 232
88, 244
88, 256
88, 256
88, 256
88, 264
88, 268
88, 284
88, 284
88, 288
88, 292
92, 296
92, 300
92, 300
92, 304
92, 304
92, 304
96, 308
100, 308
104, 308
108, 308
112, 308
116, 312
116, 312
116, 312
116, 312
116, 312
116, 312
116, 312
120, 312
120, 312
120, 312
120, 312
120, 312
120, 312
120, 312
120, 316
120, 316
120, 316
120, 316
120, 316
120, 316
120, 316
120, 316
120, 316
120, 316
120, 316
120, 316
120, 316
120, 316
120, 316
120, 316
120, 316
120, 316
120, 316
120, 316
120, 316
120, 316
120, 316
120, 316
120, 316
120, 316
124, 316
124, 316
124, 316
124, 320
124, 320
124, 320
124, 320
124, 320
124, 320
124, 320
124, 324
124, 324
124, 324
124, 324
124, 324
124, 324
124, 324
124, 324
124, 324
124, 324
124, 324
124, 324
124, 324
124, 324
124, 332
124, 332
124, 332
124, 332
124, 332
124, 332
124, 332
128, 332
128, 332
128, 336
128, 336
128, 336
128, 336
128, 336
128, 336
128, 336
128, 336
128, 336
128, 344
128, 344
128, 348
128, 352
128, 352
128, 356
128, 356
128, 356
128, 356
132, 360
136, 360
136, 364
136, 372
136, 376
136, 380
136, 380
136, 380
136, 388
140, 392
144, 400
144, 404
144, 404
144, 404
144, 404
144, 404
148, 412
152, 416
160, 424
160, 428
168, 436
168, 440
168, 448
168, 452
172, 452
172, 456
172, 456
180, 460
180, 460
192, 464
192, 464
192, 468
192, 472
192, 480
192, 480
192, 480
196, 488
196, 488
196, 488
200, 488
200, 488
200, 496
200, 504
200, 512
200, 516
200, 516
208, 516
208, 524
208, 524
208, 524
208, 524
208, 528
208, 528
208, 528
208, 528
208, 528
208, 528
208, 532
208, 532
208, 532
208, 532
208, 532
208, 532
208, 532
208, 532
208, 532
208, 536
208, 536
208, 536
208, 536
208, 536
212, 536
212, 536
212, 536
212, 536
212, 536
212, 536
216, 536
216, 536
216, 536
220, 536
220, 536
220, 536
220, 536
220, 536
224, 536
224, 536
224, 536
224, 536
224, 540
224, 540
224, 540
224, 540
224, 540
224, 540
224, 540
224, 544
224, 544
224, 544
224, 544
224, 544
224, 544
224, 544
224, 544
224, 544
224, 544
224, 544
224, 544
224, 544
224, 544
224, 544
224, 544
224, 544
224, 548
224, 548
224, 548
224, 548
224, 548
228, 548
228, 552
228, 552
228, 552
228, 552
228, 552
228, 552
228, 552
228, 552
228, 556
228, 556
228, 556
228, 556
228, 556
228, 556
228, 560
228, 560
228, 564
228, 568
228, 568
228, 572
228, 572
228, 576
228, 584
228, 588
228, 592
232, 592
236, 608
236, 612
236, 620
240, 636
248, 656
248, 672
248, 680
256, 692
256, 700
256, 712
260, 732
260, 740
264, 760
264, 776
264, 788
268, 796
268, 804
272, 804
272, 816
272, 824
272, 824
272, 832
272, 836
272, 860
272, 864
272, 876
272, 884
272, 892
272, 900
272, 908
276, 920
276, 928
276, 940
280, 956
284, 968
284, 972
284, 980
284, 996
284, 1008
284, 1012
284, 1016
284, 1020
292, 1036
292, 1052
292, 1068
292, 1076
296, 1084
296, 1092
300, 1108
300, 1112
300, 1116
300, 1116
300, 1116
304, 1116
304, 1120
304, 1120
304, 1120
304, 1124
304, 1124
304, 1124
304, 1124
304, 1124
308, 1124
308, 1124
308, 1124
308, 1124
308, 1124
308, 1124
308, 1124
308, 1124
308, 1124
312, 1124
312, 1124
312, 1124
312, 1128
312, 1128
312, 1128
312, 1132
316, 1132
316, 1132
316, 1132
316, 1132
316, 1136
316, 1136
316, 1136
316, 1136
316, 1136
316, 1136
316, 1136
316, 1136
316, 1136
316, 1136
316, 1136
316, 1140
316, 1140
316, 1140
316, 1140
316, 1140
316, 1140
316, 1140
316, 1140
316, 1148
316, 1152
316, 1152
316, 1152
316, 1152
316, 1152
316, 1152
316, 1152
316, 1152
316, 1152
316, 1156
316, 1156
316, 1156
316, 1160
316, 1160
316, 1160
316, 1164
316, 1164
316, 1164
316, 1164
316, 1164
316, 1164
316, 1164
316, 1168
316, 1168
316, 1168
316, 1168
316, 1168
316, 1168
316, 1168
316, 1168
316, 1168
316, 1168
316, 1168
316, 1168
316, 1168
320, 1168
320, 1184
324, 1200
328, 1220
328, 1240
328, 1252
336, 1268
340, 1288
340, 1300
348, 1312
348, 1328
352, 1348
352, 1372
360, 1384
376, 1420
376, 1452
380, 1468
384, 1484
400, 1516
400, 1540
404, 1572
404, 1596
416, 1624
420, 1648
424, 1660
428, 1688
428, 1700
436, 1712
436, 1724
440, 1736
440, 1752
444, 1776
444, 1800
456, 1808
460, 1824
460, 1852
460, 1864
460, 1896
460, 1908
460, 1932
460, 1956
464, 1968
468, 1972
476, 1988
480, 2008
484, 2028
488, 2048
488, 2072
492, 2096
492, 2112
496, 2124
496, 2128
504, 2156
504, 2160
504, 2168
504, 2188
508, 2200
508, 2204
508, 2204
512, 2208
512, 2208
516, 2208
516, 2212
516, 2212
516, 2216
520, 2216
520, 2216
520, 2216
520, 2216
520, 2216
520, 2220
520, 2220
520, 2220
520, 2220
520, 2220
520, 2224
520, 2224
520, 2224
520, 2224
520, 2228
520, 2232
520, 2232
520, 2240
520, 2240
520, 2240
524, 2240
524, 2240
524, 2240
524, 2240
524, 2240
528, 2240
528, 2240
528, 2240
528, 2240
528, 2240
528, 2244
528, 2248
528, 2248
528, 2252
528, 2252
528, 2256
528, 2256
528, 2256
528, 2260
528, 2264
528, 2264
528, 2264
528, 2268
528, 2268
528, 2268
528, 2268
528, 2268
528, 2268
528, 2268
528, 2268
528, 2268
528, 2268
528, 2268
528, 2268
528, 2268
528, 2268
528, 2268
528, 2268
528, 2268
528, 2268
528, 2268
528, 2268
528, 2268
528, 2268
528, 2268
528, 2268
528, 2268
532, 2276
532, 2276
532, 2280
532, 2284
532, 2284
532, 2288
532, 2288
532, 2288
532, 2288
532, 2296
532, 2296
532, 2300
532, 2300
536, 2308
540, 2316
540, 2340
544, 2348
548, 2376
548, 2416
552, 2448
556, 2476
556, 2516
568, 2536
572, 2572
576, 2604
588, 2644
592, 2684
608, 2712
612, 2736
612, 2760
612, 2784
612, 2816
616, 2848
616, 2872
616, 2916
624, 2952
624, 2988
624, 3012
624, 3040
628, 3068
628, 3100
628, 3140
636, 3172
636, 3188
640, 3224
640, 3240
640, 3268
640, 3312
648, 3340
648, 3352
652, 3372
660, 3384
660, 3416
660, 3432
660, 3444
668, 3472
668, 3496
668, 3512
672, 3540
676, 3568
676, 3592
680, 3616
680, 3632
684, 3656
684, 3660
684, 3668
684, 3684
684, 3708
688, 3716
688, 3728
688, 3736
688, 3736
688, 3736
688, 3736
688, 3736
688, 3736
688, 3736
688, 3736
688, 3736
692, 3736
692, 3736
692, 3740
692, 3740
692, 3744
692, 3744
692, 3756
692, 3764
692, 3768
692, 3768
692, 3768
692, 3768
692, 3768
692, 3772
692, 3780
692, 3784
696, 3784
696, 3788
696, 3792
696, 3792
696, 3800
696, 3804
696, 3804
696, 3804
696, 3808
696, 3808
696, 3808
696, 3808
696, 3808
696, 3808
696, 3808
696, 3808
696, 3808
696, 3812
696, 3812
696, 3816
696, 3820
696, 3820
696, 3820
696, 3828
700, 3828
700, 3832
700, 3832
700, 3832
700, 3836
700, 3836
700, 3836
700, 3836
700, 3836
700, 3836
700, 3836
700, 3836
700, 3840
704, 3840
704, 3840
704, 3840
704, 3840
704, 3840
704, 3844
704, 3844
704, 3844
704, 3844
704, 3844
704, 3844
704, 3848
704, 3848
704, 3848
704, 3852
704, 3852
704, 3860
704, 3864
708, 3864
708, 3864
708, 3864
708, 3864
708, 3864
708, 3864
708, 3864
708, 3864
708, 3864
708, 3864
708, 3864
708, 3876
708, 3884
708, 3884
708, 3884
708, 3888
708, 3888
708, 3888
708, 3888
708, 3892
708, 3896
708, 3896
708, 3900
708, 3908
708, 3912
712, 3912
712, 3916
712, 3920
712, 3924
712, 3928
712, 3928
712, 3932
712, 3936
712, 3940
712, 3948
712, 3952
712, 3952
712, 3956
712, 3960
712, 3968
712, 3980
712, 3984
712, 3988
712, 3988
712, 3988
716, 3992
716, 4000
716, 4000
716, 4004
720, 4008
720, 4008
720, 4012
720, 4020
724, 4024
724, 4032
724, 4032
724, 4044
724, 4044
724, 4048
724, 4056
724, 4056
728, 4064
728, 4072
728, 4072
728, 4072
732, 4076
732, 4076
732, 4076
732, 4080
732, 4080
732, 4096
732, 4096
736, 4104
736, 4112
736, 4120
736, 4128
736, 4128
736, 4136
736, 4144
736, 4152
736, 4176
736, 4200
736, 4212
736, 4232
736, 4252
736, 4260
736, 4272
736, 4284
736, 4296
736, 4296
740, 4308
740, 4320
740, 4324
740, 4328
744, 4336
744, 4336
744, 4336
744, 4344
744, 4348
744, 4348
744, 4352
744, 4356
744, 4368
744, 4368
744, 4368
744, 4368
744, 4372
744, 4372
744, 4376
744, 4380
744, 4380
744, 4380
744, 4380
744, 4384
744, 4384
744, 4384
744, 4384
744, 4392
744, 4400
744, 4400
744, 4404
744, 4404
744, 4408
744, 4408
748, 4416
748, 4424
748, 4428
748, 4428
748, 4432
748, 4432
748, 4432
748, 4436
748, 4436
748, 4444
748, 4444
748, 4448
748, 4448
748, 4452
748, 4452
748, 4456
748, 4460
748, 4460
748, 4464
748, 4468
748, 4472
748, 4480
748, 4480
748, 4480
748, 4484
748, 4488
748, 4496
748, 4496
748, 4500
748, 4504
748, 4508
748, 4512
748, 4516
748, 4516
748, 4516
748, 4516
748, 4516
748, 4520
748, 4524
748, 4532
748, 4532
748, 4536
748, 4536
748, 4536
748, 4544
748, 4544
748, 4548
748, 4552
748, 4560
748, 4564
748, 4568
748, 4572
748, 4576
748, 4576
748, 4576
748, 4584
748, 4592
748, 4596
748, 4604
752, 4608
752, 4616
752, 4632
752, 4648
752, 4648
752, 4652
752, 4656
752, 4660
752, 4660
752, 4660
752, 4660
752, 4664
752, 4664
752, 4664
752, 4676
752, 4692
752, 4692
752, 4692
752, 4692
752, 4692
752, 4696
752, 4712
752, 4720
752, 4728
752, 4736
752, 4736
752, 4740
752, 4748
752, 4752
752, 4752
752, 4752
756, 4752
756, 4756
756, 4768
756, 4772
760, 4776
760, 4784
760, 4788
760, 4804
760, 4808
760, 4832
760, 4836
760, 4860
760, 4872
760, 4896
760, 4908
760, 4920
760, 4964
768, 4964
768, 4976
768, 4992
768, 4996
768, 5016
772, 5020
776, 5028
776, 5036
776, 5044
776, 5052
776, 5056
780, 5068
780, 5076
780, 5076
780, 5080
780, 5096
780, 5096
780, 5096
784, 5104
784, 5108
784, 5108
784, 5112
784, 5112
784, 5116
784, 5120
784, 5128
784, 5132
784, 5140
784, 5140
784, 5140
784, 5148
784, 5148
784, 5160
784, 5168
784, 5176
784, 5180
784, 5180
784, 5184
784, 5192
784, 5196
784, 5196
784, 5196
784, 5200
784, 5204
788, 5208
788, 5208
788, 5208
788, 5208
792, 5212
792, 5216
796, 5220
796, 5224
796, 5224
796, 5224
796, 5224
796, 5224
796, 5224
796, 5228
796, 5248
796, 5248
796, 5252
796, 5260
800, 5284
800, 5300
800, 5324
804, 5360
812, 5416
824, 5484
836, 5536
836, 5604
836, 5648
840, 5736
860, 5808
884, 5884
888, 5956
912, 6100
936, 6192
956, 6272
968, 6344
972, 6420
984, 6492
996, 6568
1004, 6608
1016, 6664
1032, 6716
1052, 6776
1060, 6848
1076, 6928
1084, 6996
1084, 7052
1096, 7096
1112, 7144
1124, 7192
1136, 7272
1144, 7288
1156, 7332
1164, 7364
1172, 7396
1176, 7424
1200, 7452
1208, 7520
1228, 7560
1248, 7604
1260, 7652
1268, 7688
1284, 7740
1312, 7780
1324, 7848
1332, 7896
1344, 7928
1360, 7960
1372, 8012
1372, 8048
1384, 8088
1404, 8136
1432, 8156
1440, 8200
1440, 8224
1448, 8264
1456, 8300
1460, 8336
1464, 8340
1468, 8344
1468, 8356
1468, 8364
1472, 8364
1480, 8376
1480, 8376
1480, 8380
1480, 8388
1480, 8396
1480, 8396
1480, 8396
1480, 8404
1480, 8416
1480, 8428
1484, 8432
1484, 8432
1484, 8444
1484, 8448
1484, 8460
1488, 8472
1488, 8476
1488, 8492
1488, 8496
1488, 8500
1488, 8524
1488, 8528
1488, 8540
1488, 8540
1488, 8548
1488, 8556
1488, 8556
1492, 8560
1492, 8572
1492, 8572
1492, 8572
1492, 8572
1492, 8572
1492, 8588
1492, 8592
1492, 8596
1492, 8596
1492, 8604
1492, 8604
1492, 8616
1492, 8616
1492, 8624
1492, 8628
1492, 8636
1492, 8636
1492, 8636
1492, 8636
1492, 8640
1492, 8644
1492, 8648
1492, 8660
1492, 8660
1492, 8660
1492, 8668
1496, 8676
1496, 8680
1496, 8688
1496, 8692
1500, 8692
1500, 8692
1500, 8700
1500, 8700
1500, 8700
1500, 8704
1504, 8716
1504, 8720
1504, 8732
1504, 8732
1504, 8732
1508, 8744
1508, 8756
1508, 8760
1508, 8760
1508, 8760
1508, 8760
1508, 8760
1512, 8768
1512, 8772
1512, 8776
1512, 8780
1516, 8796
1516, 8800
1516, 8816
1516, 8836
1524, 8872
1540, 8896
1556, 8956
1564, 8984
1568, 9028
1584, 9060
1592, 9116
1600, 9164
1612, 9204
1624, 9252
1632, 9284
1664, 9332
1680, 9380
1692, 9420
1704, 9464
1716, 9516
1736, 9556
1760, 9596
1776, 9632
1796, 9680
1812, 9732
1828, 9808
1844, 9852
1872, 9920
1888, 9960
1896, 10008
1900, 10040
1920, 10088
1936, 10140
1944, 10180
1956, 10248
1968, 10276
1972, 10308
1984, 10348
2000, 10376
2004, 10400
2008, 10444
2024, 10480
2032, 10520
2052, 10564
2052, 10612
2056, 10648
2076, 10696
2088, 10720
2100, 10772
2112, 10808
2120, 10852
2136, 10896
2140, 10924
2148, 10952
2160, 10988
2168, 11016
2176, 11032
2180, 11072
2192, 11100
2192, 11112
2196, 11112
2200, 11124
2208, 11124
2216, 11128
2216, 11132
2216, 11148
2216, 11164
2216, 11164
2216, 11176
2216, 11180
2216, 11184
2216, 11188
2216, 11188
2216, 11192
2216, 11204
2216, 11216
2216, 11244
2216, 11260
2216, 11268
2216, 11280
2224, 11300
2224, 11312
2224, 11324
2224, 11328
2224, 11348
2224, 11372
2224, 11380
2224, 11388
2224, 11388
2224, 11396
2224, 11400
2228, 11400
2228, 11412
2228, 11420
2232, 11432
2232, 11440
2232, 11448
2232, 11448
2232, 11456
2232, 11464
2232, 11464
2232, 11468
2232, 11476
2232, 11476
2232, 11476
2232, 11480
2232, 11484
2232, 11492
2236, 11496
2236, 11504
2236, 11504
2236, 11508
2236, 11508
2240, 11516
2240, 11520
2240, 11520
2240, 11524
2240, 11532
2240, 11544
2240, 11548
2240, 11556
2240, 11564
2240, 11568
2240, 11576
2240, 11576
2240, 11580
2240, 11584
2240, 11588
2240, 11592
2244, 11596
2244, 11604
2244, 11604
2244, 11612
2244, 11616
2244, 11616
2244, 11616
2244, 11624
2244, 11628
2244, 11632
2244, 11640
2244, 11644
2248, 11644
2248, 11656
2248, 11672
2248, 11688
2248, 11712
2256, 11720
2276, 11732
2284, 11748
2292, 11780
2296, 11808
2300, 11852
2312, 11884
2316, 11940
2336, 11988
2352, 12036
2384, 12108
2400, 12152
2428, 12232
2444, 12296
2468, 12356
2492, 12436
2516, 12496
2536, 12540
2548, 12580
2564, 12648
2580, 12696
2612, 12760
2636, 12832
2660, 12912
2676, 12976
2696, 13020
2712, 13040
2724, 13084
2744, 13128
2756, 13168
2768, 13200
2772, 13240
2796, 13260
2808, 13304
2816, 13348
2832, 13412
2840, 13424
2852, 13448
2860, 13472
2880, 13524
2888, 13592
2912, 13644
2940, 13728
2964, 13784
2980, 13828
3000, 13872
3024, 13912
3040, 13960
3056, 14004
3060, 14044
3064, 14076
3076, 14100
3084, 14140
3096, 14172
3104, 14200
3112, 14228
3124, 14260
3124, 14272
3124, 14296
3124, 14304
3124, 14312
3124, 14320
3124, 14320
3128, 14340
3128, 14356
3128, 14376
3128, 14384
3128, 14392
3128, 14396
3128, 14404
3128, 14412
3128, 14416
3128, 14440
3128, 14456
3128, 14464
3128, 14480
3128, 14500
3128, 14508
3128, 14532
3128, 14540
3128, 14564
3128, 14588
3128, 14600
3132, 14612
3132, 14620
3132, 14628
3132, 14648
3132, 14656
3132, 14668
3132, 14684
3132, 14696
3132, 14704
3132, 14720
3132, 14744
3132, 14748
3132, 14760
3132, 14768
3132, 14772
3132, 14792
3132, 14796
3132, 14796
3132, 14804
3132, 14816
3132, 14820
3132, 14832
3132, 14848
3132, 14852
3132, 14864
3132, 14876
3132, 14888
3132, 14896
3132, 14900
3132, 14908
3132, 14920
3132, 14944
3132, 14956
3132, 14964
3132, 14980
3132, 14992
3132, 14996
3132, 15008
3132, 15016
3132, 15028
3132, 15028
3132, 15036
3132, 15052
3132, 15076
3132, 15096
3132, 15112
3132, 15112
3132, 15112
3132, 15116
3132, 15124
3132, 15132
3132, 15140
3136, 15152
3136, 15152
3136, 15152
3136, 15152
3140, 15152
3140, 15156
3140, 15160
3144, 15184
3156, 15208
3176, 15240
3180, 15288
3184, 15296
3196, 15344
3200, 15396
3208, 15432
3216, 15484
3232, 15544
3240, 15592
3264, 15644
3280, 15680
3304, 15748
3316, 15824
3360, 15888
3380, 15948
3396, 15996
3412, 16092
3428, 16152
3444, 16224
3452, 16260
3472, 16324
3516, 16396
3552, 16444
3568, 16520
3580, 16584
3588, 16648
3596, 16704
3612, 16744
3616, 16792
3632, 16844
3648, 16888
3672, 16916
3684, 16960
3692, 17000
3708, 17080
3736, 17124
3744, 17184
3756, 17220
3768, 17248
3780, 17312
3800, 17388
3812, 17472
3824, 17516
3832, 17580
3840, 17640
3856, 17672
3876, 17740
3880, 17804
3884, 17864
3908, 17936
3916, 17960
3944, 18040
3948, 18064
3948, 18116
3956, 18156
3964, 18184
3972, 18232
3980, 18248
3984, 18272
3984, 18292
3984, 18320
3984, 18340
3984, 18368
3984, 18392
3984, 18412
3984, 18424
3984, 18424
3988, 18432
3988, 18444
3988, 18448
3988, 18460
3988, 18472
3988, 18484
3988, 18492
3988, 18512
3988, 18540
3988, 18556
3988, 18588
3992, 18604
3996, 18624
3996, 18664
3996, 18724
3996, 18764
3996, 18804
3996, 18844
3996, 18872
3996, 18888
3996, 18904
3996, 18924
4000, 18928
4000, 18948
4000, 18964
4000, 18968
4004, 18976
4004, 18984
4004, 19000
4004, 19008
4008, 19020
4008, 19032
4008, 19040
4008, 19052
4008, 19056
4008, 19060
4008, 19072
4008, 19092
4008, 19112
4008, 19116
4016, 19128
4016, 19136
4020, 19140
4024, 19140
4024, 19152
4024, 19176
4024, 19184
4028, 19192
4028, 19204
4028, 19224
4028, 19224
4028, 19240
4028, 19240
4028, 19248
4028, 19252
4028, 19252
4028, 19268
4028, 19272
4028, 19276
4028, 19284
4028, 19288
4028, 19292
4028, 19312
4028, 19316
4028, 19320
4028, 19324
4028, 19336
4028, 19348
4028, 19368
4028, 19376
4032, 19380
4036, 19392
4040, 19400
4040, 19416
4040, 19432
4044, 19468
4044, 19500
4048, 19540
4056, 19608
4080, 19656
4096, 19708
4112, 19788
4136, 19836
4144, 19912
4148, 19972
4168, 20056
4176, 20128
4200, 20188
4232, 20248
4252, 20348
4272, 20468
4288, 20604
4296, 20688
4316, 20804
4344, 20904
4348, 20976
4356, 21068
4396, 21164
4416, 21300
4428, 21400
4440, 21480
4460, 21580
4480, 21680
4496, 21776
4512, 21812
4528, 21876
4540, 21956
4568, 22068
4596, 22164
4604, 22252
4616, 22336
4624, 22416
4636, 22484
4648, 22560
4684, 22608
4700, 22652
4712, 22732
4736, 22828
4748, 22932
4772, 23052
4804, 23172
4808, 23220
4836, 23324
4856, 23400
4860, 23516
4860, 23632
4860, 23720
4868, 23768
4872, 23848
4884, 23904
4896, 24012
4900, 24056
4908, 24112
4908, 24140
4908, 24164
4908, 24180
4908, 24208
4908, 24240
4908, 24260
4916, 24288
4916, 24300
4916, 24324
4916, 24340
4916, 24356
4916, 24368
4916, 24388
4920, 24396
4920, 24400
4920, 24416
4920, 24448
4924, 24464
4924, 24500
4928, 24548
4932, 24576
4932, 24624
4932, 24656
4936, 24688
4936, 24708
4936, 24752
4940, 24800
4944, 24852
4944, 24884
4944, 24908
4944, 24924
4944, 24940
4944, 24944
4944, 24976
4944, 25000
4944, 25020
4944, 25032
4944, 25044
4944, 25044
4944, 25048
4944, 25052
4944, 25072
4948, 25084
4948, 25096
4948, 25112
4948, 25132
4952, 25152
4952, 25164
4952, 25180
4952, 25188
4952, 25196
4952, 25212
4952, 25224
4952, 25240
4952, 25248
4956, 25260
4956, 25280
4956, 25316
4956, 25328
4956, 25344
4956, 25360
4956, 25364
4956, 25384
4956, 25396
4956, 25420
4956, 25436
4956, 25456
4956, 25480
4956, 25484
4956, 25492
4956, 25516
4956, 25532
4956, 25544
4956, 25564
4956, 25568
4956, 25588
4956, 25596
4960, 25612
4960, 25628
4964, 25636
4964, 25660
4964, 25684
4964, 25692
4972, 25700
4972, 25716
4976, 25736
4980, 25744
4980, 25760
4980, 25776
4984, 25780
4988, 25788
4988, 25796
4988, 25812
4988, 25824
4988, 25828
4988, 25836
4988, 25848
4988, 25848
4988, 25864
4988, 25876
4988, 25892
4992, 25908
4992, 25912
4992, 25928
4992, 25952
4992, 25972
4992, 26000
4996, 26024
5000, 26044
5000, 26068
5000, 26084
5000, 26100
5008, 26128
5008, 26152
5008, 26164
5008, 26196
5008, 26224
5012, 26256
5012, 26288
5016, 26300
5016, 26320
5016, 26360
5016, 26404
5016, 26428
5016, 26464
5020, 26480
5024, 26504
5024, 26512
5024, 26532
5024, 26564
5024, 26588
5024, 26604
5024, 26620
5024, 26628
5028, 26660
5028, 26676
5028, 26704
5028, 26728
5028, 26744
5028, 26764
5028, 26788
5028, 26820
5028, 26860
5028, 26872
5028, 26900
5032, 26932
5032, 26972
5032, 27008
5032, 27016
5036, 27028
5036, 27072
5040, 27112
5040, 27148
5040, 27172
5040, 27192
5044, 27220
5048, 27256
5052, 27304
5052, 27356
5056, 27416
5056, 27444
5056, 27492
5068, 27564
5076, 27640
5076, 27720
5084, 27868
5084, 27960
5100, 28056
5108, 28112
5108, 28172
5108, 28236
5108, 28324
5112, 28392
5112, 28416
5116, 28472
5116, 28524
5120, 28572
5120, 28580
5120, 28612
5124, 28628
5124, 28656
5124, 28680
5124, 28696
5124, 28704
5124, 28724
5124, 28756
5124, 28768
5132, 28776
5132, 28800
5136, 28832
5136, 28856
5136, 28872
5140, 28888
5140, 28912
5140, 28936
5140, 28968
5140, 28992
5140, 29012
5140, 29044
5140, 29048
5140, 29072
5140, 29084
5140, 29120
5140, 29128
5140, 29144
5140, 29164
5140, 29180
5140, 29216
5140, 29224
5140, 29236
5140, 29240
5140, 29248
5140, 29268
5140, 29268
5140, 29288
5140, 29292
5140, 29304
5140, 29328
5140, 29336
5144, 29352
5148, 29356
5148, 29384
5148, 29396
5148, 29408
5148, 29428
5148, 29452
5148, 29464
5148, 29484
5148, 29504
5148, 29524
5152, 29532
5152, 29544
5156, 29564
5156, 29580
5156, 29592
5156, 29612
5160, 29632
5164, 29648
5164, 29680
5164, 29692
5164, 29712
5164, 29720
5168, 29732
5168, 29764
5172, 29768
5172, 29792
5180, 29804
5180, 29816
5180, 29840
5180, 29856
5180, 29888
5180, 29936
5180, 29964
5180, 29980
5184, 30004
5184, 30020
5184, 30048
5184, 30076
5184, 30108
5184, 30132
5184, 30172
5184, 30204
5184, 30244
5184, 30296
5192, 30344
5200, 30384
5200, 30424
5200, 30464
5204, 30500
5204, 30536
5204, 30584
5204, 30616
5204, 30644
5208, 30700
5208, 30724
5208, 30752
5208, 30796
5212, 30828
5212, 30852
5216, 30892
5216, 30916
5216, 30928
5216, 30944
5216, 30976
5216, 31020
5216, 31084
5216, 31104
5216, 31152
5216, 31172
5216, 31236
5220, 31296
5224, 31344
5224, 31380
5224, 31404
5228, 31444
5236, 31468
5236, 31508
5244, 31544
5248, 31572
5248, 31608
5252, 31636
5260, 31688
5260, 31732
5260, 31796
5268, 31864
5268, 31912
5280, 32032
5288, 32104
5288, 32184
5288, 32292
5288, 32384
5288, 32508
5288, 32588
5292, 32680
5292, 32776
5292, 32856
5292, 32932
5296, 33016
5300, 33052
5304, 33124
5308, 33168
5308, 33208
5308, 33248
5308, 33280
5308, 33312
5312, 33320
5312, 33352
5312, 33376
5312, 33396
5312, 33416
5312, 33432
5316, 33448
5316, 33464
5316, 33472
5316, 33488
5316, 33532
5316, 33580
5316, 33604
5316, 33616
5316, 33632
5316, 33640
5320, 33680
5320, 33688
5324, 33700
5328, 33712
5328, 33728
5328, 33752
5328, 33772
5328, 33788
5328, 33808
5332, 33820
5336, 33836
5336, 33844
5336, 33868
5336, 33884
5336, 33924
5336, 33944
5340, 33980
5340, 34000
5340, 34016
5340, 34040
5340, 34072
5340, 34116
5340, 34132
5344, 34160
5348, 34196
5348, 34228
5348, 34248
5352, 34276
5352, 34284
5360, 34312
5360, 34340
5364, 34392
5368, 34424
5372, 34484
5372, 34508
5380, 34684
5392, 34860
5404, 35028
5424, 35204
5444, 35476
5468, 35752
5480, 36052
5500, 36312
5512, 36680
5524, 36980
5540, 37356
5548, 37604
5572, 37904
5584, 38240
5612, 38520
5636, 38820
5668, 39164
5672, 39392
5680, 39628
5700, 39872
5724, 40148
5744, 40436
5764, 40668
5768, 40924
5776, 41180
5784, 41380
5796, 41532
5808, 41740
5816, 41900
5828, 42084
5836, 42292
5844, 42460
5852, 42648
5868, 42812
5876, 43068
5888, 43264
5892, 43448
5908, 43612
5928, 43804
5940, 43996
5944, 44136
5972, 44280
5992, 44444
6000, 44604
6020, 44756
6036, 44908
6060, 45112
6076, 45244
6084, 45388
6088, 45576
6108, 45744
6116, 45888
6120, 46032
6128, 46156
6128, 46280
6132, 46348
6144, 46428
6144, 46500
6148, 46568
6152, 46608
6152, 46696
6152, 46736
6156, 46776
6156, 46824
6156, 46872
6156, 46920
6156, 46960
6156, 46996
6160, 47032
6160, 47092
6164, 47120
6168, 47160
6168, 47224
6168, 47288
6168, 47408
6176, 47512
6176, 47592
6176, 47716
6176, 47856
6176, 47956
6180, 48032
6184, 48144
6188, 48240
6188, 48336
6192, 48412
6192, 48500
6192, 48548
6196, 48608
6200, 48664
6208, 48720
6208, 48768
6208, 48780
6208, 48816
6208, 48852
6208, 48904
6208, 48944
6212, 48960
6212, 48996
6212, 49008
6212, 49036
6212, 49072
6212, 49108
6212, 49128
6212, 49156
6212, 49188
6212, 49212
6212, 49236
6212, 49252
6212, 49276
6216, 49324
6216, 49356
6216, 49384
6220, 49396
6228, 49444
6228, 49480
6228, 49504
6232, 49520
6232, 49536
6232, 49572
6232, 49616
6232, 49636
6232, 49668
6232, 49696
6232, 49724
6232, 49748
6232, 49764
6236, 49780
6236, 49804
6236, 49840
6240, 49856
6240, 49896
6244, 49928
6244, 49956
6244, 49996
6244, 50028
6252, 50052
6252, 50092
6252, 50124
6252, 50136
6252, 50164
6256, 50192
6256, 50232
6256, 50284
6256, 50368
6272, 50456
6272, 50580
6272, 50636
6284, 50792
6292, 50912
6296, 51016
6304, 51136
6304, 51284
6308, 51480
6320, 51640
6332, 51808
6344, 52020
6348, 52200
6348, 52408
6356, 52564
6364, 52728
6376, 52904
6376, 53088
6380, 53256
6388, 53476
6396, 53636
6404, 53824
6412, 54004
6416, 54176
6416, 54364
6424, 54532
6436, 54668
6436, 54820
6444, 54948
6452, 55152
6456, 55268
6456, 55412
6460, 55552
6468, 55724
6472, 55892
6480, 56032
6484, 56156
6488, 56296
6492, 56432
6492, 56628
6492, 56808
6500, 56988
6508, 57152
6520, 57336
6520, 57520
6532, 57660
6532, 57796
6536, 57932
6540, 58064
6548, 58224
6548, 58328
6552, 58444
6560, 58536
6564, 58672
6572, 58740
6576, 58832
6580, 58944
6580, 59004
6580, 59064
6584, 59116
6584, 59164
6584, 59180
6588, 59216
6588, 59248
6588, 59300
6592, 59372
6596, 59408
6600, 59408
6600, 59436
6604, 59484
6604, 59516
6608, 59588
6608, 59636
6608, 59692
6612, 59800
6612, 59920
6612, 60000
6612, 60124
6612, 60220
6612, 60312
6616, 60440
6616, 60512
6616, 60648
6616, 60720
6616, 60796
6616, 60840
6616, 60892
6616, 60952
6620, 61020
6620, 61076
6620, 61120
6620, 61144
6620, 61176
6620, 61208
6620, 61216
6620, 61268
6620, 61304
6628, 61340
6628, 61380
6628, 61448
6632, 61476
6636, 61504
6636, 61520
6640, 61548
6640, 61564
6640, 61588
6640, 61636
6640, 61664
6640, 61692
6644, 61716
6644, 61732
6648, 61768
6648, 61792
6652, 61820
6652, 61860
6656, 61884
6656, 61932
6656, 61968
6660, 61992
6660, 62008
6660, 62024
6664, 62040
6668, 62084
6672, 62116
6672, 62144
6672, 62184
6672, 62224
6672, 62260
6680, 62268
6680, 62292
6684, 62316
6688, 62344
6688, 62364
6688, 62380
6692, 62408
6692, 62432
6692, 62472
6692, 62496
6696, 62552
6700, 62588
6704, 62656
6708, 62708
6708, 62788
6708, 62852
6708, 63000
6708, 63108
6708, 63224
6708, 63372
6708, 63484
6716, 63620
6720, 63812
6720, 64004
6728, 64212
6728, 64396
6728, 64612
6732, 64836
6744, 65032
6744, 65204
6752, 65412
6752, 65652
6752, 65960
6756, 66156
6756, 66440
6760, 66680
6768, 66896
6768, 67104
6772, 67412
6776, 67648
6780, 67856
6788, 68080
6792, 68216
6800, 68452
6800, 68616
6808, 68832
6816, 69016
6820, 69200
6820, 69384
6820, 69560
6820, 69744
6820, 69936
6820, 70120
6824, 70304
6824, 70484
6828, 70660
6828, 70928
6828, 71108
6828, 71348
6828, 71508
6832, 71704
6832, 71896
6836, 72076
6836, 72296
6844, 72492
6844, 72656
6844, 72828
6844, 72968
6852, 73096
6860, 73212
6860, 73352
6860, 73472
6860, 73604
6868, 73652
6868, 73700
6868, 73792
6868, 73844
6868, 73900
6876, 73944
6876, 73996
6880, 74020
6888, 74076
6888, 74148
6896, 74180
6896, 74212
6896, 74280
6896, 74328
6896, 74388
6896, 74444
6896, 74508
6900, 74604
6900, 74748
6900, 74852
6904, 74956
6904, 75068
6908, 75156
6908, 75264
6908, 75384
6908, 75484
6908, 75604
6908, 75708
6908, 75796
6908, 75836
6908, 75900
6912, 75980
6912, 76032
6912, 76100
6912, 76144
6912, 76184
6916, 76212
6916, 76272
6916, 76300
6916, 76336
6916, 76376
6916, 76404
6920, 76428
6920, 76468
6920, 76516
6924, 76548
6928, 76592
6928, 76624
6928, 76660
6928, 76700
6928, 76740
6928, 76792
6932, 76844
6932, 76880
6936, 76924
6940, 76928
6940, 76984
6940, 77020
6940, 77048
6940, 77064
6940, 77108
6940, 77148
6940, 77172
6940, 77212
6940, 77248
6940, 77292
6948, 77324
6948, 77384
6948, 77400
6960, 77460
6960, 77484
6964, 77508
6964, 77540
6964, 77576
6964, 77624
6968, 77660
6968, 77676
6968, 77692
6968, 77728
6968, 77784
6968, 77824
6968, 77860
6968, 77916
6968, 77940
6968, 78000
6968, 78080
6968, 78160
6968, 78280
6968, 78388
6968, 78548
6972, 78716
6972, 78912
6972, 79120
6976, 79288
6980, 79524
6980, 79780
6980, 80004
6980, 80312
6984, 80652
6988, 80932
6988, 81192
6988, 81524
6992, 81808
6996, 82044
7000, 82348
7000, 82604
7000, 82948
7008, 83292
7012, 83596
7012, 83964
7012, 84332
7016, 84580
7024, 84860
7028, 85084
7032, 85324
7032, 85492
7040, 85744
7048, 85928
7052, 86172
7052, 86432
7056, 86672
7064, 86900
7064, 87188
7064, 87428
7068, 87680
7076, 87940
7076, 88144
7080, 88424
7080, 88616
7080, 88804
7080, 89076
7080, 89316
7080, 89540
7080, 89724
7080, 89932
7080, 90152
7080, 90384
7080, 90600
7084, 90768
7084, 90988
7084, 91164
7084, 91396
7084, 91576
7084, 91668
7088, 91772
7092, 91852
7092, 91892
7100, 91964
7100, 92016
7104, 92096
7104, 92184
7104, 92252
7108, 92344
7108, 92416
7108, 92460
7108, 92552
7112, 92616
7112, 92668
7112, 92724
7116, 92796
7116, 92856
7116, 92976
7116, 93084
7116, 93208
7120, 93308
7120, 93448
7120, 93584
7120, 93676
7124, 93812
7124, 93908
7124, 93992
7124, 94088
7124, 94160
7124, 94224
7124, 94304
7128, 94408
7128, 94464
7128, 94540
7132, 94600
7132, 94628
7132, 94664
7140, 94708
7140, 94764
7144, 94808
7144, 94836
7144, 94884
7144, 94920
7144, 94948
7144, 95004
7144, 95036
7144, 95080
7144, 95120
7144, 95148
7148, 95208
7148, 95236
7148, 95280
7148, 95308
7148, 95372
7152, 95404
7152, 95452
7152, 95476
7152, 95508
7152, 95540
7156, 95592
7156, 95632
7164, 95684
7164, 95756
7164, 95808
7168, 95840
7168, 95856
7168, 95916
7168, 95952
7168, 95988
7168, 96024
7168, 96080
7168, 96108
7168, 96168
7168, 96196
7168, 96228
7168, 96268
7168, 96312
7168, 96352
7168, 96420
7172, 96456
7172, 96512
7172, 96548
7172, 96568
7172, 96656
7172, 96736
7172, 96808
7172, 96888
7172, 97052
7172, 97244
7172, 97408
7172, 97620
7172, 97876
7176, 98092
7180, 98364
7180, 98620
7180, 98880
7180, 99180
7180, 99500
7184, 99900
7184, 100280
7188, 100656
7192, 101020
7196, 101368
7200, 101784
7204, 102164
7204, 102616
7212, 102916
7216, 103260
7216, 103608
7216, 103964
7216, 104340
7216, 104676
7220, 104992
7224, 105204
7228, 105492
7228, 105740
7228, 106004
7228, 106292
7232, 106516
7232, 106740
7232, 107060
7232, 107340
7236, 107660
7236, 107896
7236, 108192
7236, 108524
7240, 108788
7240, 109060
7240, 109340
7240, 109640
7240, 109924
7240, 110172
7240, 110432
7244, 110688
7248, 110920
7248, 111200
7252, 111456
7256, 111728
7256, 111948
7260, 112176
7264, 112384
7268, 112568
7272, 112740
7272, 112892
7272, 113032
7272, 113108
7272, 113228
7276, 113308
7276, 113380
7276, 113472
7284, 113528
7288, 113592
7292, 113680
7292, 113732
7292, 113808
7292, 113896
7292, 113952
7292, 114008
7292, 114124
7296, 114200
7304, 114296
7308, 114424
7308, 114548
7308, 114692
7308, 114820
7308, 114912
7308, 114992
7308, 115064
7308, 115160
7308, 115256
7316, 115372
7316, 115448
7316, 115532
7316, 115596
7316, 115636
7316, 115704
7316, 115768
7316, 115848
7316, 115876
7316, 115944
7316, 115992
7320, 116076
7320, 116100
7320, 116168
7324, 116212
7324, 116292
7324, 116368
7324, 116440
7324, 116496
7324, 116568
7328, 116636
7332, 116668
7336, 116720
7336, 116788
7336, 116852
7340, 116912
7340, 116952
7340, 116992
7340, 117036
7340, 117100
7340, 117160
7340, 117196
7340, 117272
7340, 117316
7344, 117364
7344, 117428
7344, 117496
7344, 117572
7348, 117632
7352, 117668
7352, 117708
7356, 117792
7360, 117832
7360, 117900
7364, 117940
7364, 117980
7364, 118024
7364, 118072
7368, 118152
7368, 118220
7368, 118264
7368, 118308
7368, 118380
7372, 118428
7372, 118448
7372, 118488
7372, 118540
7372, 118612
7376, 118652
7376, 118704
7376, 118752
7380, 118832
7384, 118896
7384, 118932
7384, 118976
7384, 119020
7384, 119084
7384, 119164
7392, 119212
7392, 119264
7392, 119328
7392, 119400
7392, 119484
7392, 119520
7392, 119568
7392, 119644
7392, 119700
7392, 119752
7392, 119824
7392, 119884
7392, 119984
7392, 120072
7392, 120172
7392, 120272
7392, 120312
7400, 120412
7400, 120508
7400, 120584
7400, 120656
7404, 120784
7404, 120856
7404, 121020
7408, 121132
7408, 121272
7412, 121396
7412, 121508
7412, 121656
7412, 121744
7412, 121824
7412, 121924
7412, 121988
7412, 122080
7412, 122176
7416, 122260
7416, 122344
7416, 122436
7420, 122576
7420, 122684
7420, 122820
7420, 122932
7420, 123020
7420, 123124
7424, 123216
7428, 123284
7428, 123408
7428, 123524
7428, 123632
7440, 123752
7440, 123880
7440, 123968
7440, 124112
7444, 124220
7444, 124300
7444, 124456
7444, 124568
7456, 124688
7456, 124776
7456, 124892
7456, 124960
7456, 125060
7464, 125172
7464, 125368
7464, 125508
7464, 125732
7464, 125960
7464, 126248
7468, 126548
7480, 126816
7480, 127172
7480, 127436
7480, 127724
7484, 127936
7484, 128148
7484, 128360
7484, 128572
7488, 128700
7488, 128856
7488, 128948
7488, 129120
7488, 129248
7488, 129364
7488, 129460
7488, 129556
7488, 129672
7488, 129716
7488, 129820
7488, 129912
7488, 130004
7488, 130080
7488, 130144
7488, 130216
7488, 130344
7488, 130416
7488, 130488
7488, 130552
7488, 130620
7488, 130688
7488, 130760
7492, 130828
7492, 130920
7492, 130980
7492, 131044
7492, 131096
7492, 131156
7492, 131196
7492, 131268
7492, 131328
7492, 131364
7492, 131416
7492, 131480
7492, 131548
7496, 131624
7496, 131652
7496, 131740
7496, 131816
7496, 131884
7496, 131924
7496, 131992
7500, 132044
7500, 132096
7500, 132176
7500, 132224
7508, 132288
7508, 132344
7508, 132400
7508, 132472
7508, 132556
7508, 132620
7508, 132696
7508, 132760
7508, 132836
7512, 132904
7512, 132976
7516, 133020
7516, 133064
7516, 133140
7516, 133212
7516, 133308
7516, 133384
7520, 133456
7520, 133516
7520, 133576
7520, 133636
7520, 133684
7524, 133756
7528, 133800
7528, 133836
7528, 133948
7532, 134024
7532, 134088
7532, 134188
7532, 134284
7540, 134360
7548, 134484
7552, 134576
7552, 134672
7552, 134764
7556, 134856
7556, 134952
7556, 135040
7556, 135128
7556, 135220
7560, 135312
7560, 135408
7560, 135520
7560, 135620
7560, 135732
7564, 135856
7564, 136024
7564, 136212
7564, 136356
7564, 136524
7564, 136612
7568, 136744
7568, 136844
7568, 136916
7572, 137020
7572, 137124
7572, 137224
7572, 137372
7572, 137460
7572, 137588
7572, 137696
7572, 137828
7572, 137900
7576, 138000
7580, 138100
7580, 138220
7580, 138356
7584, 138480
7584, 138564
7584, 138672
7584, 138764
7584, 138856
7588, 138976
7588, 139096
7592, 139164
7596, 139276
7596, 139404
7596, 139540
7596, 139616
7596, 139712
7596, 139792
7596, 139876
7596, 139984
7596, 140116
7600, 140268
7600, 140508
7600, 140688
7600, 140884
7608, 141056
7612, 141264
7616, 141492
7616, 141724
7616, 141940
7616, 142200
7616, 142372
7616, 142572
7620, 142740
7620, 142908
7620, 143120
7620, 143216
7620, 143364
7620, 143484
7620, 143612
7620, 143696
7620, 143812
7624, 143920
7624, 144008
7624, 144124
7624, 144188
7624, 144264
7624, 144348
7624, 144448
7624, 144552
7624, 144624
7624, 144700
7624, 144740
7624, 144816
7624, 144924
7624, 144988
7624, 145080
7624, 145168
7628, 145236
7628, 145316
7628, 145368
7628, 145440
7628, 145500
7632, 145544
7632, 145592
7632, 145660
7632, 145736
7632, 145796
7632, 145852
7632, 145936
7632, 146000
7632, 146088
7632, 146156
7632, 146272
7636, 146348
7636, 146404
7636, 146480
7636, 146568
7636, 146644
7640, 146700
7640, 146792
7640, 146856
7640, 146916
7640, 146980
7644, 147056
7648, 147116
7648, 147172
7652, 147252
7656, 147312
7656, 147384
7656, 147440
7656, 147544
7656, 147708
7656, 147940
7656, 148324
7660, 148668
7664, 149012
7668, 149348
7680, 149816
7680, 150368
7680, 150932
7680, 151472
7684, 152024
7688, 152568
7688, 153180
7692, 153804
7700, 154444
7708, 155108
7708, 155772
7712, 156412
7712, 156984
7712, 157504
7712, 157972
7716, 158660
7716, 159252
7716, 159808
7716, 160320
7716, 160864
7728, 161348
7732, 161844
7732, 162212
7736, 162596
7736, 162964
7736, 163388
7736, 163772
7736, 164200
7736, 164572
7736, 164952
7736, 165384
7736, 165720
7736, 166128
7736, 166504
7736, 166868
7736, 167304
7736, 167752
7736, 168196
7736, 168552
7740, 168924
7740, 169312
7740, 169700
7740, 170000
7744, 170368
7744, 170668
7744, 170984
7748, 171252
7748, 171532
7748, 171840
7748, 172096
7748, 172340
7752, 172544
7756, 172780
7756, 172936
7756, 173076
7756, 173216
7756, 173356
7760, 173484
7760, 173580
7760, 173668
7764, 173784
7764, 173928
7764, 174040
7764, 174144
7764, 174228
7764, 174320
7764, 174408
7764, 174544
7768, 174632
7768, 174756
7768, 174872
7768, 174968
7768, 175096
7772, 175228
7772, 175360
7772, 175480
7772, 175624
7772, 175740
7772, 175840
7772, 175912
7772, 175976
7772, 176064
7772, 176148
7772, 176228
7772, 176284
7772, 176384
7772, 176452
7772, 176528
7776, 176608
7776, 176680
7776, 176736
7776, 176808
7776, 176880
7780, 176936
7780, 177028
7784, 177084
7784, 177184
7784, 177264
7784, 177312
7784, 177384
7784, 177448
7784, 177544
7788, 177640
7788, 177704
7788, 177800
7788, 177892
7788, 177968
7788, 178080
7788, 178132
7788, 178192
7792, 178284
7792, 178348
7792, 178424
7796, 178500
7796, 178580
7796, 178636
7796, 178712
7800, 178856
7800, 178920
7800, 179028
7800, 179076
7800, 179164
7800, 179212
7800, 179264
7800, 179348
7800, 179416
7804, 179492
7804, 179580
7812, 179676
7812, 179748
7816, 179824
7816, 179908
7816, 179948
7816, 179992
7816, 180080
7816, 180156
7816, 180236
7816, 180328
7816, 180428
7816, 180588
7816, 180856
7816, 181084
7816, 181236
7816, 181456
7820, 181704
7824, 182000
7828, 182292
7832, 182664
7832, 183032
7832, 183376
7840, 183736
7840, 184088
7840, 184464
7852, 184880
7856, 185196
7856, 185496
7856, 185932
7856, 186292
7856, 186688
7860, 187144
7864, 187536
7864, 187912
7864, 188340
7864, 188752
7864, 189096
7864, 189440
7864, 189752
7868, 190060
7868, 190324
7868, 190596
7868, 190928
7868, 191240
7868, 191536
7868, 191848
7868, 192128
7868, 192348
7868, 192608
7868, 192816
7868, 193100
7876, 193396
7876, 193648
7876, 194008
7876, 194328
7876, 194568
7876, 194848
7876, 195068
7876, 195336
7880, 195624
7880, 195920
7880, 196144
7880, 196412
7880, 196640
7880, 196888
7880, 197084
7880, 197304
7884, 197500
7884, 197728
7884, 197880
7884, 197956
7884, 198104
7884, 198212
7884, 198300
7884, 198404
7884, 198532
7888, 198628
7888, 198744
7888, 198824
7888, 198920
7888, 199020
7888, 199076
7888, 199160
7888, 199224
7888, 199320
7888, 199428
7888, 199496
7892, 199608
7892, 199684
7892, 199800
7892, 199892
7892, 199988
7892, 200120
7892, 200220
7892, 200300
7892, 200396
7892, 200488
7892, 200576
7892, 200652
7892, 200740
7892, 200780
7892, 200880
7892, 200944
7892, 201028
7892, 201072
7892, 201168
7892, 201240
7892, 201292
7892, 201384
7892, 201484
7892, 201572
7892, 201636
7892, 201732
7892, 201828
7892, 201896
7892, 201960
7892, 202000
7892, 202072
7892, 202140
7892, 202224
7892, 202320
7892, 202352
7892, 202412
7892, 202504
7892, 202536
7892, 202636
7892, 202684
7892, 202748
7892, 202824
7892, 202908
7892, 203008
7892, 203068
7892, 203152
7892, 203240
7892, 203332
7892, 203416
7892, 203508
7892, 203556
7892, 203672
7892, 203756
7892, 203852
7892, 203928
7892, 204004
7892, 204064
7892, 204164
7892, 204216
7892, 204268
7892, 204336
7896, 204396
7896, 204460
7896, 204536
7896, 204576
7896, 204636
7900, 204704
7900, 204856
7900, 205072
7900, 205276
7900, 205536
7900, 205732
7904, 205964
7904, 206200
7908, 206436
7908, 206708
7908, 206908
7908, 207180
7908, 207492
7908, 207784
7908, 208112
7908, 208448
7908, 208744
7908, 209036
7908, 209456
7908, 209804
7916, 210172
7916, 210508
7916, 210860
7924, 211192
7924, 211600
7924, 211908
7924, 212240
7924, 212536
7924, 212856
7928, 213156
7928, 213440
7928, 213680
7928, 213932
7928, 214216
7928, 214488
7928, 214760
7928, 215084
7928, 215372
7928, 215628
7928, 215820
7928, 216100
7928, 216336
7928, 216620
7928, 216848
7928, 217104
7928, 217428
7928, 217728
7928, 217988
7928, 218176
7928, 218444
7928, 218736
7928, 218984
7928, 219276
7928, 219504
7932, 219712
7932, 219936
7932, 220180
7936, 220416
7936, 220592
7936, 220776
7940, 220864
7940, 220972
7940, 221076
7940, 221176
7940, 221268
7940, 221364
7940, 221472
7940, 221596
7940, 221728
7940, 221840
7940, 221916
7940, 222008
7944, 222104
7944, 222208
7944, 222300
7944, 222368
7944, 222476
7944, 222596
7944, 222664
7944, 222768
7944, 222844
7944, 222904
7944, 223000
7944, 223068
7944, 223136
7944, 223208
7944, 223316
7944, 223420
7944, 223504
7944, 223604
7944, 223688
7944, 223776
7944, 223868
7944, 223948
7944, 224028
7944, 224112
7944, 224188
7944, 224288
7944, 224348
7944, 224400
7948, 224472
7952, 224580
7952, 224652
7952, 224732
7952, 224808
7952, 224868
7952, 224940
7952, 225004
7956, 225096
7956, 225200
7956, 225256
7956, 225364
7956, 225460
7956, 225516
7956, 225560
7956, 225632
7956, 225724
7956, 225776
7956, 225856
7956, 225940
7956, 226000
7956, 226084
7956, 226164
7956, 226244
7960, 226316
7960, 226404
7960, 226500
7960, 226576
7960, 226648
7960, 226728
7960, 226804
7960, 226900
7960, 226956
7960, 227040
7960, 227100
7960, 227188
7964, 227284
7964, 227348
7964, 227404
7964, 227500
7964, 227588
7964, 227680
7964, 227752
7964, 227840
7964, 227912
7964, 228064
7964, 228272
7968, 228508
7972, 228752
7976, 228876
7976, 229036
7976, 229208
7976, 229432
7976, 229660
7976, 229852
7976, 230100
7988, 230432
7988, 230696
7992, 231012
7996, 231320
7996, 231664
7996, 231976
7996, 232292
8000, 232556
8000, 232844
8000, 233140
8008, 233472
8008, 233812
8008, 234104
8008, 234420
8008, 234708
8012, 235020
8012, 235352
8012, 235592
8012, 235836
8012, 236152
8012, 236392
8012, 236652
8016, 236904
8016, 237116
8016, 237344
8016, 237636
8020, 237896
8020, 238140
8020, 238360
8020, 238588
8020, 238852
8020, 239060
8020, 239332
8020, 239600
8020, 239820
8020, 240120
8020, 240364
8020, 240564
8020, 240816
8020, 241048
8020, 241312
8020, 241524
8020, 241736
8024, 241952
8024, 242176
8024, 242392
8024, 242628
8024, 242796
8024, 242916
8024, 243008
8024, 243080
8024, 243212
8024, 243284
8024, 243400
8024, 243532
8024, 243624
8024, 243744
8024, 243872
8024, 243960
8024, 244072
8024, 244188
8028, 244324
8028, 244432
8028, 244564
8032, 244680
8032, 244796
8032, 244912
8032, 245016
8032, 245104
8032, 245180
8032, 245272
8032, 245372
8032, 245472
8032, 245528
8032, 245672
8032, 245764
8032, 245848
8032, 245940
8032, 246012
8032, 246088
8032, 246180
8036, 246244
8036, 246308
8036, 246380
8036, 246452
8036, 246540
8036, 246600
8040, 246680
8040, 246748
8040, 246832
8040, 246916
8040, 247040
8040, 247152
8040, 247256
8040, 247348
8040, 247424
8040, 247516
8040, 247620
8040, 247696
8040, 247780
8040, 247864
8040, 247940
8040, 248032
8040, 248132
8040, 248224
8040, 248304
8040, 248364
8044, 248492
8044, 248600
8044, 248684
8044, 248760
8044, 248844
8044, 248920
8044, 249020
8044, 249096
8044, 249192
8044, 249260
8044, 249316
8044, 249392
8044, 249488
8044, 249592
8044, 249676
8044, 249736
8044, 249816
8044, 249872
8044, 249952
8044, 250032
8044, 250112
8044, 250188
8044, 250280
8044, 250380
8044, 250468
8044, 250588
8044, 250764
8044, 250972
8044, 251268
8044, 251460
8044, 251628
8044, 251804
8048, 252016
8048, 252236
8048, 252508
8048, 252740
8048, 252980
8052, 253332
8056, 253580
8056, 253864
8056, 254212
8056, 254488
8056, 254884
8056, 255192
8056, 255520
8056, 255852
8056, 256224
8056, 256548
8056, 256912
8056, 257260
8056, 257612
8056, 257868
8056, 258124
8056, 258324
8060, 258576
8060, 258828
8060, 259056
8064, 259312
8064, 259544
8064, 259820
8064, 260116
8064, 260376
8064, 260660
8064, 260848
8064, 261124
8068, 261364
8068, 261588
8068, 261780
8068, 262016
8068, 262288
8072, 262500
8072, 262748
8072, 263036
8072, 263260
8072, 263500
8072, 263752
8076, 263944
8076, 264176
8076, 264400
8076, 264608
8076, 264780
8076, 265024
8076, 265240
8076, 265472
8080, 265632
8080, 265748
8080, 265832
8080, 265916
8080, 266000
8080, 266088
8080, 266144
8080, 266260
8080, 266380
8080, 266476
8080, 266596
8080, 266700
8080, 266744
8080, 266824
8080, 266948
8080, 267056
8080, 267188
8080, 267300
8080, 267396
8080, 267520
8080, 267620
8080, 267708
8080, 267796
8080, 267908
8084, 267992
8084, 268084
8084, 268164
8084, 268244
8088, 268324
8092, 268404
8092, 268480
8092, 268564
8092, 268664
8092, 268756
8096, 268848
8096, 268936
8096, 269000
8096, 269080
8096, 269180
8096, 269268
8096, 269368
8096, 269432
8096, 269544
8096, 269644
8096, 269732
8096, 269808
8096, 269888
8096, 270008
8096, 270092
8096, 270184
8096, 270256
8096, 270332
8096, 270388
8096, 270444
8096, 270524
8096, 270624
8096, 270696
8096, 270780
8096, 270916
8096, 270988
8096, 271068
8096, 271184
8096, 271260
8096, 271340
8096, 271432
8100, 271548
8100, 271644
8100, 271724
8100, 271836
8100, 271960
8100, 272060
8100, 272140
8100, 272204
8100, 272272
8104, 272352
8104, 272460
8104, 272536
8104, 272624
8104, 272724
8104, 272824
8104, 272916
8104, 272980
8104, 273100
8108, 273192
8108, 273276
8108, 273384
8108, 273432
8108, 273556
8108, 273644
8108, 273704
8108, 273784
8108, 273848
8108, 273884
8108, 273976
8108, 274112
8108, 274196
8108, 274288
8108, 274364
8108, 274464
8108, 274528
8108, 274612
8112, 274684
8116, 274768
8116, 274876
8116, 274956
8116, 275064
8116, 275192
8116, 275316
8120, 275420
8120, 275560
8120, 275684
8120, 275804
8120, 275980
8120, 276088
8120, 276180
8120, 276292
8120, 276428
8120, 276592
8120, 276768
8120, 276932
8120, 277072
8120, 277316
8120, 277496
8120, 277712
8120, 277892
8120, 278008
8120, 278164
8124, 278300
8124, 278420
8124, 278556
8124, 278744
8124, 278884
8124, 279036
8124, 279204
8124, 279328
8124, 279508
8124, 279628
8124, 279760
8124, 279956
8124, 280104
8124, 280192
8124, 280332
8124, 280448
8124, 280608
8124, 280716
8124, 280824
8124, 280972
8124, 281116
8124, 281208
8124, 281296
8124, 281408
8124, 281524
8124, 281596
8124, 281696
8124, 281784
8124, 281904
8124, 282032
8124, 282176
8124, 282268
8124, 282376
8124, 282532
8124, 282636
8124, 282796
8124, 283000
8124, 283192
8124, 283368
8124, 283520
8128, 283724
8128, 283968
8132, 284160
8132, 284336
8136, 284476
8136, 284680
8136, 284864
8136, 285004
8136, 285136
8136, 285244
8136, 285352
8136, 285444
8136, 285576
8136, 285672
8136, 285748
8136, 285868
8136, 285948
8136, 286032
8136, 286108
8136, 286176
8136, 286284
8136, 286376
8136, 286444
8136, 286548
8136, 286624
8136, 286704
8136, 286800
8136, 286880
8136, 286960
8136, 287048
8136, 287152
8136, 287268
8136, 287348
8136, 287424
8136, 287516
8136, 287620
8136, 287688
8136, 287760
8136, 287844
8136, 287948
8136, 288024
8136, 288108
8140, 288228
8144, 288316
8144, 288400
8144, 288488
8144, 288576
8144, 288684
8144, 288764
8144, 288840
8144, 288924
8144, 289028
8144, 289080
8144, 289156
8144, 289256
8144, 289368
8144, 289428
8144, 289548
8144, 289612
8144, 289672
8144, 289776
8144, 289856
8144, 289956
8144, 290072
8144, 290164
8144, 290260
8144, 290316
8144, 290416
8144, 290476
8144, 290544
8144, 290596
8144, 290632
8148, 290720
8148, 290788
8148, 290868
8148, 290960
8148, 291048
8148, 291116
8148, 291208
8148, 291312
8148, 291388
8152, 291532
8152, 291660
8152, 291780
8152, 291908
8152, 292032
8152, 292140
8152, 292244
8152, 292376
8156, 292528
8156, 292648
8156, 292768
8156, 292912
8156, 293028
8156, 293092
8156, 293272
8156, 293420
8156, 293564
8156, 293736
8160, 293884
8160, 294020
8164, 294200
8164, 294296
8164, 294416
8164, 294572
8164, 294708
8164, 294828
8164, 294928
8164, 295052
8168, 295196
8168, 295320
8168, 295460
8168, 295620
8168, 295736
8168, 295892
8168, 296000
8168, 296160
8168, 296284
8168, 296372
8168, 296480
8168, 296588
8168, 296708
8168, 296800
8168, 296940
8168, 297028
8168, 297088
8168, 297136
8168, 297244
8168, 297348
8168, 297424
8168, 297504
8168, 297596
8168, 297676
8168, 297776
8172, 297856
8172, 297980
8176, 298064
8176, 298176
8176, 298328
8176, 298444
8176, 298548
8176, 298692
8176, 298808
8176, 298932
8176, 299036
8176, 299216
8180, 299364
8180, 299504
8180, 299668
8180, 299840
8180, 300012
8180, 300128
8180, 300260
8180, 300340
8180, 300436
8180, 300552
8180, 300676
8180, 300752
8180, 300844
8180, 300900
8180, 301000
8180, 301108
8180, 301228
8180, 301312
8180, 301396
8180, 301484
8180, 301580
8180, 301696
8180, 301836
8180, 301888
8180, 301996
8180, 302052
8180, 302128
8180, 302212
8180, 302324
8180, 302392
8180, 302492
8180, 302544
8180, 302628
8180, 302744
8180, 302828
8180, 302928
8180, 303028
8180, 303116
8180, 303184
8180, 303296
8180, 303396
8184, 303472
8188, 303600
8188, 303672
8188, 303740
8188, 303820
8188, 303928
8188, 304028
8188, 304152
8188, 304216
8188, 304340
8188, 304452
8188, 304524
8188, 304592
8188, 304656
8188, 304744
8188, 304836
8188, 304908
8188, 304988
8188, 305064
8188, 305176
8188, 305328
8188, 305512
8188, 305752
8188, 305960
8188, 306184
8188, 306392
8188, 306548
8188, 306864
8188, 307136
8188, 307440
8188, 307716
8188, 308016
8188, 308368
8188, 308652
8188, 308992
8188, 309356
8188, 309660
8188, 309948
8188, 310272
8188, 310620
8188, 310940
8188, 311328
8192, 311652
8192, 311980
8192, 312248
8192, 312584
8192, 312836
8192, 313104
8192, 313404
8192, 313704
8196, 313904
8196, 314152
8196, 314440
8196, 314684
8196, 314912
8196, 315108
8196, 315344
8196, 315620
8196, 315820
8196, 316020
8196, 316228
8196, 316484
8196, 316760
8196, 317016
8196, 317244
8196, 317460
8196, 317724
8196, 318028
8196, 318260
8196, 318520
8196, 318764
8196, 319040
8196, 319252
8196, 319508
8196, 319768
8196, 320004
8196, 320204
8196, 320372
8196, 320524
8196, 320660
8196, 320812
8196, 320916
8196, 321032
8196, 321152
8196, 321292
8196, 321452
8196, 321580
8196, 321684
8196, 321776
8196, 321820
8196, 321924
8196, 322036
8196, 322116
8196, 322220
8196, 322336
8196, 322444
8196, 322536
8196, 322608
8196, 322688
8196, 322796
8196, 322880
8196, 322968
8200, 323048
8200, 323128
8200, 323188
8200, 323288
8200, 323372
8200, 323440
8200, 323480
8200, 323540
8200, 323596
8200, 323688
8200, 323756
8200, 323832
8200, 323908
8200, 323964
8200, 324064
8200, 324132
8200, 324204
8200, 324288
8200, 324368
8200, 324460
8200, 324524
8200, 324604
8200, 324664
8200, 324748
8200, 324836
8200, 324880
8200, 324972
8200, 325028
8200, 325136
8200, 325208
8200, 325276
8200, 325388
8200, 325424
8200, 325540
8200, 325636
8200, 325712
8200, 325792
8200, 325880
8200, 325932
8204, 325980
8204, 326048
8204, 326136
8204, 326188
8204, 326284
8204, 326368
8204, 326440
8204, 326560
8204, 326648
8204, 326728
8204, 326788
8204, 326872
8204, 326936
8204, 327000
8204, 327088
8204, 327148
8204, 327212
8204, 327304
8204, 327392
8204, 327436
8204, 327520
8204, 327608
8204, 327704
8204, 327820
8204, 327980
8204, 328172
8204, 328364
8204, 328504
8204, 328636
8204, 328844
8204, 329024
8204, 329200
8204, 329356
8204, 329560
8204, 329752
8204, 330044
8204, 330336
8204, 330584
8204, 330896
8204, 331128
8204, 331428
8208, 331664
8208, 331876
8208, 332176
8208, 332404
8212, 332676
8212, 332876
8212, 333136
8212, 333340
8212, 333548
8212, 333756
8212, 333920
8212, 334112
8212, 334264
8212, 334536
8212, 334716
8212, 334892
8212, 335068
8216, 335292
8216, 335504
8216, 335660
8216, 335864
8216, 336036
8220, 336220
8220, 336448
8220, 336612
8220, 336816
8220, 337004
8220, 337192
8220, 337408
8220, 337604
8220, 337784
8220, 337944
8220, 338124
8220, 338292
8220, 338484
8220, 338688
8224, 338824
8224, 339000
8224, 339148
8224, 339320
8224, 339448
8224, 339544
8228, 339648
8228, 339744
8228, 339812
8228, 339888
8228, 339944
8228, 340056
8232, 340132
8232, 340220
8232, 340308
8232, 340396
8232, 340496
8232, 340580
8232, 340652
8232, 340744
8232, 340808
8232, 340888
8232, 340960
8232, 341016
8232, 341088
8232, 341164
8232, 341268
8232, 341304
8232, 341368
8232, 341436
8232, 341508
8232, 341580
8232, 341668
8232, 341716
8232, 341784
8232, 341860
8232, 341944
8232, 342028
8232, 342108
8232, 342140
8232, 342240
8232, 342320
8232, 342384
8232, 342460
8232, 342524
8232, 342624
8232, 342708
8236, 342772
8236, 342868
8236, 342924
8236, 342996
8236, 343060
8236, 343120
8236, 343224
8236, 343304
8236, 343368
8236, 343424
8236, 343480
8236, 343576
8236, 343624
8236, 343688
8236, 343732
8236, 343816
8236, 343884
8236, 343960
8236, 344036
8236, 344124
8236, 344240
8236, 344312
8236, 344388
8236, 344444
8236, 344516
8236, 344620
8236, 344696
8236, 344764
8236, 344828
8236, 344928
8236, 344996
8236, 345084
8236, 345164
8236, 345268
8236, 345320
8236, 345384
8236, 345468
8236, 345540
8236, 345620
8236, 345676
8236, 345736
8236, 345800
8236, 345864
8236, 346000
8236, 346164
8236, 346400
8236, 346560
8236, 346632
8236, 346776
8236, 346896
8236, 347060
8236, 347192
8236, 347360
8236, 347520
8236, 347700
8236, 347868
8240, 348064
8240, 348276
8240, 348484
8240, 348680
8240, 348944
8240, 349152
8244, 349316
8244, 349532
8244, 349780
8244, 349952
8244, 350188
8244, 350400
8244, 350536
8248, 350756
8248, 350912
8248, 351072
8248, 351236
8248, 351404
8248, 351592
8248, 351796
8248, 351964
8248, 352128
8248, 352308
8248, 352504
8248, 352652
8248, 352796
8248, 352964
8248, 353120
8248, 353292
8248, 353448
8248, 353648
8248, 353840
8248, 354012
8248, 354192
8248, 354344
8248, 354516
8248, 354684
8248, 354808
8248, 354972
8248, 355116
8248, 355276
8248, 355428
8248, 355572
8248, 355708
8248, 355828
8248, 355940
8248, 356024
8248, 356096
8248, 356180
8248, 356272
8248, 356360
8248, 356472
8248, 356536
8248, 356616
8248, 356696
8248, 356776
8248, 356836
8248, 356900
8248, 356980
8248, 357028
8248, 357084
8252, 357148
8252, 357200
8252, 357264
8252, 357344
8252, 357400
8252, 357452
8252, 357480
8252, 357544
8252, 357604
8252, 357656
8252, 357716
8252, 357808
8252, 357880
8252, 357924
8252, 357944
8252, 357996
8252, 358052
8252, 358128
8252, 358188
8252, 358240
8252, 358292
8252, 358340
8252, 358428
8252, 358480
8252, 358540
8252, 358592
8252, 358644
8252, 358708
8252, 358756
8252, 358800
8252, 358892
8252, 358948
8252, 359008
8252, 359036
8252, 359096
8252, 359184
8252, 359232
8252, 359288
8252, 359364
8252, 359416
8252, 359472
8252, 359516
8252, 359576
8252, 359656
8252, 359704
8252, 359768
8252, 359836
8252, 359896
8252, 359944
8252, 359984
8252, 360064
8252, 360140
8252, 360192
8252, 360272
8252, 360348
8252, 360432
8252, 360496
8252, 360580
8256, 360616
8256, 360668
8256, 360712
8256, 360768
8256, 360820
8256, 360876
8256, 360928
8256, 360960
8256, 361020
8256, 361072
8256, 361148
8256, 361236
8256, 361328
8260, 361468
8260, 361636
8260, 361784
8260, 361924
8260, 362028
8260, 362180
8260, 362348
8260, 362508
8260, 362620
8260, 362724
8260, 362852
8260, 362980
8260, 363180
8260, 363332
8260, 363488
8260, 363608
8260, 363788
8260, 363976
8260, 364192
8260, 364412
8260, 364604
8264, 364800
8264, 364952
8264, 365120
8264, 365260
8264, 365368
8264, 365540
8264, 365680
8264, 365824
8264, 365964
8264, 366108
8264, 366268
8264, 366372
8264, 366548
8264, 366712
8264, 366860
8264, 367000
8264, 367152
8264, 367268
8264, 367400
8264, 367572
8264, 367716
8264, 367848
8264, 368020
8264, 368128
8268, 368256
8268, 368348
8272, 368480
8272, 368608
8272, 368724
8272, 368828
8272, 368936
8272, 369100
8272, 369208
8272, 369320
8272, 369416
8272, 369484
8272, 369560
8272, 369672
8272, 369740
8272, 369788
8272, 369856
8272, 369924
8272, 369976
8272, 370080
8272, 370132
8272, 370204
8272, 370284
8272, 370332
8272, 370404
8272, 370468
8272, 370516
8272, 370560
8272, 370628
8280, 370696
8280, 370772
8280, 370832
8280, 370896
8280, 370952
8280, 371008
8280, 371084
8280, 371152
8280, 371200
8280, 371224
8280, 371264
8280, 371304
8280, 371356
8280, 371388
8280, 371488
8280, 371544
8280, 371604
8280, 371660
8280, 371716
8280, 371796
8280, 371836
8280, 371896
8280, 371964
8280, 372012
8280, 372040
8280, 372104
8280, 372152
8280, 372184
8284, 372240
8284, 372320
8284, 372404
8284, 372480
8284, 372524
8284, 372580
8284, 372624
8288, 372720
8288, 372788
8288, 372860
8288, 372916
8288, 372956
8288, 373024
8288, 373084
8288, 373140
8288, 373196
8288, 373244
8288, 373308
8288, 373388
8288, 373448
8288, 373508
8288, 373540
8288, 373596
8288, 373660
8288, 373696
8288, 373744
8288, 373832
8288, 373920
8288, 373980
8288, 374064
8292, 374128
8292, 374200
8292, 374276
8292, 374356
8292, 374412
8292, 374496
8292, 374540
8292, 374604
8292, 374668
8292, 374716
8292, 374768
8292, 374840
8292, 374952
8292, 375092
8292, 375200
8292, 375280
8292, 375348
8292, 375496
8292, 375596
8292, 375708
8292, 375868
8292, 375984
8292, 376112
8292, 376232
8292, 376380
8292, 376532
8292, 376680
8292, 376860
8292, 377000
8292, 377140
8292, 377304
8296, 377452
8296, 377656
8296, 377860
8296, 378000
8296, 378180
8296, 378352
8296, 378496
8296, 378664
8296, 378804
8296, 378932
8296, 379072
8296, 379236
8296, 379392
8296, 379532
8296, 379660
8296, 379776
8296, 379924
8296, 380000
8296, 380088
8296, 380204
8296, 380348
8296, 380444
8296, 380548
8296, 380676
8296, 380832
8296, 380932
8296, 381036
8296, 381140
8296, 381260
8296, 381392
8296, 381484
8296, 381556
8296, 381648
8296, 381808
8296, 381920
8296, 382024
8296, 382092
8296, 382192
8296, 382252
8296, 382312
8296, 382372
8296, 382432
8296, 382476
8296, 382520
8296, 382560
8296, 382600
8296, 382680
8296, 382732
8296, 382788
8296, 382844
8296, 382880
8296, 382908
8296, 382968
8296, 383020
8296, 383072
8296, 383148
8296, 383200
8296, 383260
8296, 383344
8296, 383428
8296, 383512
8296, 383572
8296, 383620
8296, 383688
8296, 383720
8296, 383776
8296, 383848
8296, 383928
8296, 384000
8296, 384036
8296, 384092
8296, 384176
8296, 384232
8296, 384288
8296, 384340
8296, 384392
8296, 384448
8296, 384500
8296, 384544
8296, 384588
8296, 384648
8296, 384676
8296, 384716
8296, 384764
8296, 384824
8296, 384872
8296, 384932
8296, 384972
8296, 385016
8296, 385064
8296, 385112
8296, 385164
8296, 385228
8296, 385304
8296, 385376
8296, 385428
8296, 385460
8296, 385560
8296, 385624
8296, 385684
8296, 385728
8296, 385772
8296, 385804
8296, 385848
8296, 385892
8296, 385944
8296, 385988
8296, 386052
8296, 386096
8296, 386172
8296, 386240
8296, 386308
8296, 386372
8296, 386444
8296, 386476
8296, 386532
8296, 386612
8296, 386672
8296, 386732
8296, 386764
8296, 386840
8300, 386880
8300, 386916
8300, 386964
8300, 387012
8300, 387056
8300, 387124
8300, 387160
8300, 387220
8300, 387256
8300, 387308
8300, 387344
8300, 387388
8300, 387436
8300, 387488
8300, 387544
8300, 387580
8300, 387632
8300, 387700
8300, 387752
8300, 387812
8300, 387864
8300, 387944
8300, 388020
8300, 388080
8300, 388152
8300, 388196
8300, 388260
8300, 388380
8300, 388460
8300, 388512
8300, 388588
8300, 388652
8300, 388740
8300, 388780
8300, 388932
8300, 389000
8300, 389068
8300, 389164
8300, 389272
8300, 389396
8300, 389524
8300, 389644
8300, 389724
8300, 389812
8300, 389900
8300, 389988
8300, 390056
8300, 390120
8300, 390196
8300, 390288
8300, 390360
8300, 390436
8300, 390516
8300, 390576
8300, 390660
8300, 390696
8300, 390740
8300, 390792
8300, 390860
8300, 390928
8300, 390968
8300, 391004
8300, 391052
8300, 391100
8300, 391168
8300, 391196
8300, 391248
8300, 391316
8300, 391368
8300, 391420
8300, 391468
8300, 391532
8300, 391572
8300, 391612
8300, 391696
8300, 391748
8300, 391820
8300, 391876
8300, 391932
8300, 391984
8300, 392028
8300, 392068
8300, 392160
8300, 392240
8300, 392316
8300, 392428
8300, 392492
8300, 392564
8300, 392624
8300, 392728
8300, 392796
8300, 392868
8300, 392948
8300, 393028
8300, 393108
8300, 393188
8300, 393232
8300, 393288
8300, 393332
8304, 393376
8304, 393416
8304, 393456
8304, 393504
8304, 393540
8304, 393592
8304, 393652
8304, 393724
8304, 393772
8304, 393808
8304, 393884
8304, 393948
8304, 393980
8304, 394020
8304, 394076
8304, 394132
8304, 394176
8304, 394228
8304, 394284
8304, 394324
8304, 394364
8304, 394428
8304, 394480
8304, 394536
8304, 394588
8304, 394636
8304, 394704
8304, 394748
8304, 394776
8304, 394812
8304, 394872
8304, 394920
8304, 394972
8304, 395036
8304, 395084
8304, 395136
8304, 395172
8304, 395224
8304, 395260
8304, 395320
8304, 395380
8304, 395428
8304, 395468
8304, 395504
8304, 395540
8304, 395576
8304, 395624
8304, 395680
8304, 395732
8304, 395788
8304, 395824
8304, 395860
8304, 395904
8304, 395956
8304, 396012
8304, 396076
8304, 396144
8304, 396180
8304, 396224
8304, 396292
8304, 396320
8304, 396368
8304, 396420
8304, 396464
8304, 396500
8304, 396560
8304, 396604
8304, 396684
8304, 396748
8304, 396804
8304, 396888
8304, 396956
8304, 397020
8304, 397072
8304, 397112
8304, 397160
8304, 397228
8304, 397276
8304, 397332
8304, 397404
8304, 397500
8304, 397592
8304, 397660
8304, 397764
8304, 397832
8304, 397924
8304, 397988
8304, 398108
8304, 398172
8304, 398220
8304, 398260
8304, 398316
8304, 398352
8304, 398388
8304, 398416
8304, 398480
8304, 398576
8304, 398628
8304, 398668
8304, 398720
8304, 398740
8304, 398784
8304, 398812
8304, 398832
8304, 398884
8304, 398920
8304, 398948
8304, 398980
8304, 399044
8304, 399096
8304, 399136
8304, 399176
8304, 399224
8304, 399300
8304, 399336
8304, 399388
8304, 399436
8304, 399484
8304, 399524
8304, 399576
8304, 399640
8304, 399700
8304, 399760
8304, 399796
8304, 399872
8304, 399928
8304, 399976
8304, 400036
8304, 400096
8304, 400176
8304, 400260
8304, 400292
8304, 400336
8304, 400412
8304, 400472
8304, 400560
8304, 400624
8304, 400684
8304, 400740
8304, 400828
8304, 400868
8304, 400924
8304, 401000
8304, 401044
8304, 401108
8304, 401172
8304, 401200
8304, 401248
8304, 401316
8304, 401340
8304, 401380
8304, 401432
8304, 401472
8304, 401540
8304, 401604
8304, 401656
8304, 401716
8304, 401760
8304, 401796
8304, 401832
8304, 401880
8304, 401916
8304, 401972
8304, 401992
8304, 402056
8304, 402108
8304, 402148
8304, 402172
8304, 402208
8304, 402240
8304, 402292
8304, 402328
8304, 402376
8304, 402440
8304, 402492
8304, 402520
8304, 402560
8304, 402612
8304, 402632
8304, 402668
8304, 402716
8304, 402736
8304, 402788
8304, 402828
8304, 402860
8304, 402888
8308, 402936
8308, 402980
8308, 403008
8308, 403048
8308, 403088
8308, 403128
8308, 403176
8308, 403276
8308, 403400
8308, 403484
8308, 403536
8308, 403652
8308, 403728
8308, 403808
8308, 403916
8308, 404012
8308, 404136
8308, 404240
8308, 404340
8308, 404456
8308, 404556
8308, 404704
8308, 404852
8308, 405036
8308, 405200
8308, 405312
8308, 405456
8308, 405636
8308, 405812
8308, 405964
8308, 406120
8308, 406296
8308, 406420
8308, 406544
8308, 406612
8308, 406724
8308, 406836
8308, 406968
8308, 407080
8308, 407152
8308, 407268
8308, 407396
8308, 407500
8308, 407600
8308, 407656
8308, 407748
8308, 407828
8308, 407924
8308, 408012
8308, 408136
8308, 408264
8312, 408388
8312, 408464
8312, 408576
8312, 408680
8312, 408768
8312, 408876
8312, 408964
8312, 409048
8312, 409152
8312, 409268
8312, 409348
8312, 409420
8312, 409520
8312, 409624
8312, 409680
8312, 409728
8312, 409784
8312, 409844
8312, 409884
8312, 409920
8312, 409976
8312, 409992
8312, 410008
8312, 410068
8312, 410080
8312, 410116
8312, 410148
8312, 410180
8312, 410216
8312, 410276
8312, 410300
8312, 410348
8312, 410408
8312, 410464
8312, 410516
8312, 410560
8312, 410624
8312, 410672
8312, 410704
8312, 410744
8312, 410804
8312, 410848
8312, 410864
8312, 410888
8312, 410940
8312, 410984
8312, 411020
8312, 411056
8312, 411096
8312, 411132
8312, 411172
8312, 411212
8312, 411260
8312, 411296
8312, 411324
8312, 411360
8312, 411376
8312, 411404
8316, 411444
8316, 411492
8316, 411564
8316, 411596
8316, 411632
8316, 411664
8316, 411720
8316, 411764
8316, 411820
8316, 411832
8316, 411864
8316, 411904
8316, 411928
8316, 411984
8316, 412044
8316, 412088
8316, 412132
8316, 412176
8316, 412224
8316, 412268
8316, 412308
8316, 412340
8316, 412364
8316, 412392
8316, 412424
8316, 412456
8316, 412484
8316, 412536
8316, 412572
8316, 412600
8316, 412628
8316, 412668
8316, 412716
8316, 412748
8316, 412776
8316, 412832
8316, 412868
8316, 412896
8316, 412928
8316, 412964
8316, 412996
8316, 413044
8316, 413096
8316, 413184
8316, 413252
8316, 413320
8316, 413380
8316, 413440
8316, 413504
8316, 413560
8316, 413636
8316, 413716
8316, 413784
8316, 413836
8316, 413964
8316, 414092
8316, 414192
8316, 414312
8316, 414432
8316, 414536
8316, 414624
8316, 414728
8316, 414800
8316, 414912
8316, 415032
8316, 415096
8316, 415224
8316, 415300
8316, 415392
8316, 415484
8316, 415536
8316, 415612
8316, 415688
8316, 415764
8316, 415840
8316, 415928
8316, 416028
8316, 416120
8316, 416212
8316, 416272
8316, 416344
8316, 416424
8316, 416492
8316, 416568
8316, 416632
8316, 416696
8316, 416808
8316, 416908
8316, 416980
8316, 417044
8316, 417096
8316, 417192
8316, 417268
8316, 417336
8316, 417412
8316, 417476
8316, 417544
8316, 417596
8316, 417640
8316, 417672
8316, 417720
8316, 417772
8316, 417812
8316, 417868
8316, 417892
8316, 417928
8316, 417980
8316, 418032
8316, 418060
8316, 418096
8316, 418140
8316, 418176
8316, 418212
8316, 418264
8316, 418304
8316, 418352
8316, 418384
8316, 418428
8316, 418456
8316, 418484
8316, 418508
8316, 418544
8316, 418584
8316, 418620
8316, 418644
8316, 418680
8316, 418708
8316, 418736
8316, 418780
8316, 418804
8316, 418840
8316, 418860
8316, 418900
8316, 418932
8316, 418968
8316, 419000
8316, 419020
8316, 419076
8316, 419124
8316, 419160
8316, 419176
8316, 419204
8316, 419244
8316, 419276
8316, 419328
8316, 419356
8316, 419376
8316, 419408
8316, 419444
8316, 419500
8316, 419544
8316, 419564
8316, 419620
8316, 419640
8316, 419684
8316, 419744
8316, 419792
8316, 419828
8316, 419868
8316, 419888
8316, 419904
8316, 419928
8316, 419956
8316, 419980
8316, 420012
8316, 420060
8316, 420084
8316, 420112
8316, 420140
8316, 420164
8316, 420200
8316, 420236
8316, 420256
8316, 420284
8316, 420300
8316, 420324
8316, 420356
8316, 420404
8316, 420440
8316, 420472
8316, 420504
8316, 420552
8320, 420580
8320, 420616
8320, 420652
8320, 420696
8320, 420760
8320, 420832
8320, 420888
8320, 420944
8320, 421000
8320, 421048
8320, 421120
8320, 421164
8320, 421208
8320, 421232
8320, 421296
8320, 421364
8320, 421496
8320, 421592
8320, 421700
8320, 421836
8320, 421916
8320, 421968
8320, 422032
8320, 422104
8320, 422184
8320, 422276
8320, 422364
8320, 422444
8320, 422476
8320, 422568
8320, 422660
8320, 422712
8320, 422744
8320, 422816
8320, 422860
8320, 422928
8320, 422968
8320, 423020
8320, 423068
8320, 423136
8320, 423192
8320, 423256
8320, 423304
8320, 423372
8320, 423436
8320, 423504
8320, 423576
8320, 423664
8320, 423728
8320, 423804
8320, 423860
8320, 423944
8320, 424020
8320, 424080
8320, 424140
8320, 424168
8320, 424244
8320, 424328
8320, 424372
8320, 424440
8320, 424488
8320, 424528
8320, 424560
8320, 424604
8320, 424656
8320, 424692
8320, 424720
8320, 424728
8320, 424748
8320, 424776
8320, 424804
8320, 424824
8320, 424832
8320, 424868
8320, 424904
8320, 424920
8320, 424944
8320, 424976
8320, 425004
8320, 425068
8320, 425104
8320, 425132
8320, 425180
8320, 425204
8320, 425228
8320, 425248
8320, 425288
8320, 425320
8320, 425348
8320, 425380
8320, 425416
8320, 425460
8320, 425468
8320, 425500
8320, 425520
8320, 425560
8320, 425588
8320, 425628
8320, 425644
8320, 425672
8320, 425708
8320, 425724
8320, 425760
8320, 425796
8320, 425848
8320, 425888
8320, 425908
8320, 425956
8320, 425992
8320, 426024
8320, 426048
8320, 426084
8320, 426128
8320, 426172
8320, 426188
8320, 426224
8320, 426268
8320, 426324
8320, 426356
8320, 426380
8320, 426408
8320, 426436
8320, 426448
8320, 426472
8320, 426504
8320, 426516
8320, 426544
8320, 426600
8320, 426628
8320, 426648
8320, 426664
8320, 426692
8320, 426712
8320, 426748
8320, 426768
8320, 426812
8320, 426820
8320, 426852
8320, 426872
8320, 426900
8320, 426928
8320, 426956
8320, 426968
8320, 426996
8320, 427012
8320, 427064
8320, 427096
8320, 427148
8320, 427188
8320, 427244
8320, 427308
8320, 427352
8320, 427372
8320, 427416
8320, 427472
8320, 427516
8320, 427560
8320, 427640
8320, 427712
8320, 427784
8320, 427828
8320, 427904
8320, 427952
8320, 428012
8320, 428128
8320, 428200
8320, 428236
8320, 428304
8320, 428404
8320, 428472
8320, 428524
8320, 428580
8320, 428660
8320, 428708
8320, 428788
8320, 428824
8320, 428876
8320, 428920
8320, 428960
8320, 429048
8320, 429068
8320, 429116
8320, 429164
8320, 429216
8320, 429272
8320, 429328
8320, 429348
8320, 429408
8320, 429460
8320, 429520
8320, 429572
8320, 429636
8320, 429720
8320, 429776
8320, 429808
8320, 429840
8320, 429896
8320, 429964
8320, 430016
8320, 430080
8320, 430156
8320, 430216
8320, 430264
8320, 430284
8320, 430316
8320, 430356
8320, 430412
8320, 430436
8320, 430456
8320, 430480
8320, 430544
8320, 430552
8320, 430572
8320, 430604
8320, 430624
8320, 430656
8320, 430672
8320, 430676
8320, 430704
8320, 430740
8320, 430784
8320, 430812
8320, 430824
8320, 430844
8320, 430848
8320, 430872
8320, 430876
8320, 430904
8320, 430956
8320, 430984
8320, 431024
8320, 431036
8320, 431080
8320, 431108
8320, 431124
8320, 431144
8320, 431168
8320, 431196
8320, 431212
8320, 431244
8320, 431268
8320, 431304
8320, 431312
8320, 431344
8320, 431364
8320, 431376
8320, 431412
8320, 431428
8320, 431464
8320, 431520
8320, 431556
8320, 431568
8320, 431584
8320, 431612
8320, 431636
8320, 431660
8320, 431688
8320, 431712
8320, 431720
8320, 431756
8320, 431776
8320, 431800
8320, 431840
8320, 431880
8320, 431900
8320, 431928
8320, 431952
8320, 431972
8320, 432008
8320, 432024
8320, 432040
8320, 432072
8320, 432100
8320, 432132
8320, 432144
8320, 432172
8320, 432200
8320, 432212
8320, 432224
8320, 432256
8320, 432268
8320, 432304
8320, 432324
8320, 432344
8320, 432368
8320, 432388
8320, 432404
8320, 432432
8320, 432468
8320, 432496
8320, 432532
8320, 432548
8320, 432576
8320, 432608
8320, 432636
8320, 432664
8320, 432700
8320, 432728
8320, 432764
8320, 432804
8320, 432836
8320, 432888
8320, 432912
8320, 432976
8320, 433044
8320, 433116
8320, 433168
8320, 433232
8320, 433292
8320, 433348
8320, 433428
8320, 433480
8320, 433544
8320, 433616
8320, 433668
8320, 433716
8320, 433808
8320, 433848
8320, 433900
8320, 433932
8320, 433976
8320, 434024
8320, 434044
8320, 434096
8320, 434140
8320, 434224
8320, 434304
8320, 434328
8320, 434388
8320, 434448
8320, 434480
8320, 434528
8320, 434568
8320, 434624
8320, 434664
8320, 434704
8320, 434740
8320, 434820
8320, 434876
8320, 434920
8320, 434968
8320, 435024
8320, 435072
8320, 435108
8320, 435140
8320, 435180
8320, 435244
8320, 435284
8320, 435332
8320, 435356
8320, 435388
8320, 435412
8320, 435436
8320, 435460
8320, 435484
8320, 435488
8320, 435508
8320, 435540
8320, 435560
8320, 435584
8320, 435624
8320, 435656
8320, 435676
8320, 435692
8320, 435708
8320, 435736
8320, 435764
8320, 435788
8320, 435804
8320, 435824
8320, 435848
8320, 435868
8320, 435880
8320, 435912
8320, 435940
8320, 435952
8320, 435968
8320, 435988
8320, 435996
8320, 436028
8320, 436056
8320, 436080
8320, 436116
8320, 436152
8320, 436176
8320, 436196
8320, 436216
8320, 436256
8320, 436276
8320, 436308
8320, 436344
8320, 436364
8320, 436396
8320, 436420
8320, 436464
8320, 436480
8320, 436496
8320, 436512
8320, 436516
8320, 436540
8320, 436556
8320, 436592
8320, 436600
8320, 436620
8320, 436656
8320, 436688
8320, 436716
8320, 436728
8320, 436756
8320, 436780
8320, 436796
8320, 436820
8320, 436840
8320, 436860
8320, 436880
8320, 436904
8320, 436920
8320, 436936
8320, 436960
8320, 436964
8320, 436980
8320, 436992
8320, 437004
8320, 437048
8320, 437076
8320, 437104
8320, 437116
8320, 437124
8320, 437144
8320, 437164
8320, 437184
8320, 437220
8320, 437264
8320, 437276
8320, 437296
8320, 437312
8320, 437332
8320, 437340
8320, 437356
8320, 437376
8320, 437388
8320, 437400
8320, 437416
8320, 437420
8320, 437432
8320, 437464
8320, 437476
8320, 437488
8320, 437524
8320, 437528
8320, 437544
8320, 437576
8320, 437592
8320, 437648
8320, 437680
8320, 437708
8320, 437736
8320, 437764
8320, 437808
8320, 437820
8320, 437840
8320, 437876
8320, 437904
8320, 437940
8320, 437992
8320, 438012
8320, 438040
8320, 438060
8320, 438092
8320, 438136
8320, 438164
8320, 438188
8320, 438228
8320, 438264
8320, 438300
8320, 438336
8320, 438348
8320, 438368
8320, 438384
8320, 438404
8320, 438440
8320, 438448
8320, 438468
8320, 438480
8320, 438504
8320, 438524
8320, 438552
8320, 438568
8320, 438584
8320, 438600
8320, 438624
8320, 438648
8320, 438664
8320, 438692
8320, 438704
8320, 438728
8320, 438752
8320, 438772
8320, 438804
8320, 438836
8320, 438860
8320, 438880
8320, 438916
8320, 438944
8320, 438972
8320, 438996
8320, 439020
8320, 439028
8320, 439048
8320, 439064
8320, 439080
8320, 439124
8320, 439160
8320, 439208
8320, 439252
8320, 439292
8320, 439328
8320, 439364
8320, 439388
8320, 439424
8320, 439464
8320, 439516
8320, 439540
8320, 439564
8320, 439588
8320, 439604
8320, 439636
8320, 439680
8320, 439704
8320, 439736
8320, 439764
8320, 439768
8320, 439800
8320, 439820
8320, 439832
8320, 439868
8320, 439896
8320, 439920
8320, 439940
8320, 439968
8320, 440000
8320, 440032
8320, 440076
8320, 440104
8320, 440120
8320, 440168
8320, 440184
8320, 440208
8320, 440240
8320, 440252
8320, 440276
8320, 440284
8320, 440292
8320, 440304
8320, 440332
8320, 440340
8320, 440352
8320, 440372
8320, 440376
8320, 440392
8320, 440416
8320, 440440
8320, 440456
8320, 440496
8320, 440512
8320, 440540
8320, 440552
8320, 440576
8320, 440604
8320, 440636
8320, 440636
8320, 440656
8320, 440664
8320, 440672
8320, 440696
8324, 440736
8324, 440756
8324, 440780
8324, 440804
8324, 440808
8324, 440820
8324, 440848
8324, 440864
8324, 440876
8324, 440884
8324, 440900
8324, 440928
8324, 440932
8324, 440952
8324, 440980
8324, 440988
8324, 441012
8324, 441032
8324, 441048
8324, 441080
8324, 441096
8324, 441116
8324, 441144
8324, 441172
8324, 441216
8324, 441240
8324, 441260
8324, 441296
8324, 441308
8324, 441336
8324, 441368
8324, 441384
8324, 441412
8324, 441428
8324, 441440
8324, 441472
8324, 441504
8324, 441536
8324, 441572
8324, 441604
8324, 441624
8324, 441644
8324, 441696
8324, 441736
8324, 441768
8324, 441788
8324, 441824
8324, 441848
8324, 441860
8324, 441888
8324, 441920
8324, 441944
8324, 441956
8324, 441980
8324, 441988
8324, 442000
8324, 442028
8324, 442056
8324, 442060
8324, 442080
8324, 442096
8324, 442100
8324, 442120
8324, 442132
8324, 442140
8324, 442152
8324, 442160
8324, 442172
8324, 442192
8324, 442220
8324, 442244
8324, 442256
8324, 442264
8324, 442304
8324, 442312
8324, 442328
8324, 442344
8324, 442372
8324, 442384
8324, 442400
8324, 442424
8324, 442440
8324, 442464
8324, 442488
8324, 442520
8324, 442548
8324, 442596
8324, 442632
8324, 442648
8324, 442692
8324, 442716
8324, 442728
8324, 442748
8324, 442780
8324, 442796
8324, 442804
8324, 442820
8324, 442840
8324, 442860
8324, 442884
8324, 442904
8324, 442928
8324, 442948
8324, 442972
8324, 443008
8324, 443016
8324, 443044
8324, 443064
8324, 443068
8324, 443084
8324, 443100
8324, 443124
8324, 443132
8324, 443148
8324, 443172
8324, 443188
8324, 443204
8324, 443220
8324, 443232
8324, 443248
8324, 443264
8324, 443292
8324, 443312
8324, 443332
8324, 443356
8324, 443372
8324, 443404
8324, 443416
8324, 443456
8324, 443460
8324, 443484
8324, 443488
8324, 443516
8324, 443528
8324, 443552
8324, 443572
8324, 443584
8324, 443600
8324, 443616
8324, 443632
8324, 443656
8324, 443668
8324, 443688
8324, 443696
8324, 443708
8324, 443712
8324, 443712
8324, 443716
8324, 443736
8324, 443776
8324, 443812
8324, 443832
8324, 443852
8324, 443864
8324, 443896
8324, 443908
8324, 443928
8324, 443960
8324, 443992
8324, 444024
8324, 444060
8324, 444088
8324, 444112
8324, 444152
8324, 444192
8324, 444236
8324, 444276
8324, 444308
8324, 444352
8324, 444392
8324, 444452
8324, 444488
8324, 444516
8324, 444564
8324, 444588
8324, 444604
8324, 444612
8324, 444644
8324, 444680
8324, 444708
8324, 444752
8324, 444804
8324, 444840
8324, 444864
8324, 444896
8324, 444928
8324, 444968
8324, 444992
8324, 445032
8324, 445064
8324, 445092
8324, 445112
8324, 445140
8324, 445172
8324, 445216
8324, 445236
8324, 445264
8324, 445292
8324, 445320
8324, 445352
8324, 445380
8324, 445412
8324, 445416
8324, 445444
8324, 445464
8324, 445492
8324, 445504
8324, 445516
8324, 445532
8324, 445536
8324, 445568
8324, 445580
8324, 445584
8324, 445588
8324, 445612
8324, 445620
8324, 445632
8324, 445656
8324, 445664
8324, 445668
8324, 445680
8324, 445692
8324, 445696
8324, 445700
8324, 445708
8324, 445732
8324, 445752
8324, 445788
8324, 445812
8324, 445832
8324, 445848
8324, 445856
8324, 445860
8324, 445884
8324, 445900
8324, 445924
8324, 445940
8324, 445952
8324, 445964
8324, 445988
8324, 445996
8324, 446012
8324, 446028
8324, 446040
8324, 446052
8324, 446068
8324, 446084
8324, 446100
8324, 446116
8324, 446132
8324, 446152
8324, 446168
8324, 446196
8324, 446208
8324, 446212
8324, 446224
8324, 446248
8324, 446252
8324, 446252
8324, 446260
8324, 446296
8324, 446304
8324, 446324
8324, 446340
8324, 446348
8324, 446360
8324, 446368
8324, 446384
8324, 446404
8324, 446424
8324, 446440
8324, 446456
8324, 446476
8324, 446492
8324, 446512
8324, 446532
8324, 446556
8324, 446588
8324, 446604
8324, 446652
8324, 446656
8324, 446664
8324, 446684
8324, 446696
8324, 446700
8324, 446708
8324, 446716
8324, 446732
8324, 446740
8324, 446752
8324, 446764
8324, 446772
8324, 446784
8324, 446808
8324, 446836
8324, 446840
8324, 446852
8324, 446864
8324, 446888
8324, 446908
8324, 446932
8324, 446936
8324, 446984
8324, 447004
8324, 447016
8324, 447036
8324, 447056
8324, 447084
8324, 447128
8324, 447164
8324, 447196
8324, 447252
8324, 447280
8324, 447308
8324, 447336
8324, 447364
8324, 447392
8324, 447420
8324, 447444
8324, 447472
8324, 447508
8324, 447512
8324, 447532
8324, 447556
8324, 447588
8324, 447596
8324, 447616
8324, 447652
8324, 447676
8324, 447704
8324, 447716
8324, 447736
8324, 447760
8324, 447776
8324, 447800
8324, 447832
8324, 447880
8324, 447908
8324, 447928
8324, 447936
8324, 447980
8324, 448004
8324, 448020
8324, 448048
8324, 448064
8324, 448076
8324, 448100
8324, 448128
8324, 448160
8324, 448176
8324, 448180
8324, 448196
8324, 448232
8324, 448252
8324, 448260
8324, 448272
8324, 448284
8324, 448292
8324, 448292
8324, 448300
8324, 448320
8324, 448320
8324, 448332
8324, 448344
8324, 448352
8324, 448360
8324, 448372
8324, 448396
8324, 448428
8324, 448444
8324, 448456
8324, 448484
8324, 448496
8324, 448504
8324, 448512
8324, 448536
8324, 448548
8324, 448572
8324, 448580
8324, 448596
8324, 448600
8324, 448620
8324, 448640
8324, 448656
8324, 448668
8324, 448684
8324, 448700
8324, 448712
8324, 448716
8324, 448716
8324, 448716
8324, 448736
8324, 448756
8324, 448772
8324, 448784
8324, 448808
8324, 448820
8324, 448844
8324, 448852
8324, 448860
8324, 448884
8324, 448900
8324, 448908
8324, 448916
8324, 448932
8324, 448944
8324, 448948
8324, 448968
8324, 448976
8324, 448984
8324, 449008
8324, 449020
8324, 449024
8324, 449032
8324, 449044
8324, 449052
8324, 449064
8324, 449076
8324, 449092
8324, 449112
8324, 449120
8324, 449128
8324, 449136
8324, 449148
8324, 449168
8324, 449180
8324, 449188
8324, 449200
8324, 449208
8324, 449216
8324, 449232
8324, 449252
8324, 449260
8324, 449264
8324, 449268
8324, 449272
8324, 449276
8324, 449288
8324, 449312
8324, 449316
8324, 449324
8324, 449344
8324, 449360
8324, 449372
8324, 449388
8324, 449408
8324, 449424
8324, 449432
8324, 449472
8324, 449504
8324, 449528
8324, 449544
8324, 449576
8324, 449608
8324, 449632
8324, 449644
8324, 449676
8324, 449700
8324, 449728
8324, 449756
8324, 449800
8324, 449816
8324, 449836
8324, 449852
8324, 449884
8324, 449900
8324, 449920
8324, 449932
8324, 449944
8324, 449948
8324, 449972
8324, 449988
8324, 450008
8324, 450028
8324, 450064
8324, 450084
8324, 450112
8324, 450128
8324, 450160
8324, 450184
8324, 450200
8324, 450212
8324, 450236
8324, 450272
8324, 450280
8324, 450296
8324, 450324
8324, 450368
8324, 450408
8324, 450444
8324, 450464
8324, 450488
8324, 450528
8324, 450560
8324, 450580
8324, 450580
8324, 450588
8324, 450600
8324, 450608
8324, 450608
8324, 450612
8324, 450624
8324, 450636
8324, 450640
8324, 450652
8324, 450652
8324, 450668
8324, 450680
8324, 450688
8324, 450696
8324, 450708
8324, 450712
8324, 450712
8324, 450720
8324, 450736
8324, 450740
8324, 450756
8324, 450768
8324, 450788
8324, 450800
8324, 450812
8324, 450820
8324, 450824
8324, 450828
8324, 450840
8324, 450852
8324, 450860
8324, 450868
8324, 450892
8324, 450912
8324, 450924
8324, 450932
8324, 450952
8324, 450968
8324, 450984
8324, 450992
8324, 451012
8324, 451016
8324, 451024
8324, 451036
8324, 451052
8324, 451068
8324, 451080
8324, 451088
8324, 451096
8324, 451112
8324, 451112
8324, 451116
8324, 451132
8324, 451136
8324, 451140
8324, 451156
8324, 451156
8324, 451164
8324, 451172
8324, 451180
8324, 451188
8324, 451200
8324, 451204
8324, 451212
8324, 451216
8324, 451228
8324, 451236
8324, 451236
8324, 451236
8324, 451244
8324, 451260
8324, 451280
8324, 451292
8324, 451304
8324, 451324
8324, 451332
8324, 451336
8324, 451360
8324, 451364
8324, 451376
8324, 451396
8324, 451408
8324, 451420
8324, 451424
8324, 451432
8324, 451448
8324, 451464
8324, 451484
8324, 451496
8324, 451512
8324, 451524
8324, 451532
8324, 451568
8324, 451592
8324, 451604
8324, 451632
8324, 451660
8324, 451672
8324, 451696
8324, 451712
8324, 451752
8324, 451792
8324, 451812
8324, 451844
8324, 451852
8324, 451884
8324, 451908
8324, 451916
8324, 451932
8324, 451944
8324, 451972
8324, 451980
8324, 451996
8324, 452016
8324, 452028
8324, 452040
8324, 452064
8324, 452076
8324, 452084
8324, 452092
8324, 452104
8324, 452132
8324, 452152
8324, 452184
8324, 452196
8324, 452216
8324, 452236
8324, 452260
8324, 452280
8324, 452304
8324, 452308
8324, 452328
8324, 452344
8324, 452388
8324, 452416
8324, 452432
8324, 452448
8324, 452460
8324, 452472
8324, 452476
8324, 452484
8324, 452512
8324, 452528
8324, 452536
8324, 452556
8324, 452560
8324, 452572
8324, 452584
8324, 452596
8324, 452604
8324, 452620
8324, 452628
8324, 452652
8324, 452660
8324, 452668
8324, 452672
8324, 452684
8324, 452692
8324, 452700
8324, 452704
8324, 452712
8324, 452716
8324, 452724
8324, 452728
8324, 452736
8324, 452744
8324, 452752
8324, 452764
8324, 452768
8324, 452780
8324, 452808
8324, 452820
8324, 452844
8324, 452848
8324, 452860
8324, 452876
8324, 452888
8324, 452904
8324, 452912
8324, 452920
8324, 452936
8324, 452960
8324, 452972
8324, 452996
8324, 453004
8324, 453012
8324, 453032
8324, 453032
8324, 453048
8324, 453056
8324, 453060
8324, 453068
8324, 453088
8324, 453088
8324, 453096
8324, 453096
8324, 453104
8324, 453108
8324, 453112
8324, 453120
8324, 453132
8324, 453136
8324, 453140
8324, 453152
8324, 453156
8324, 453160
8324, 453168
8324, 453180
8324, 453192
8324, 453200
8324, 453200
8324, 453204
8324, 453212
8324, 453220
8324, 453228
8324, 453236
8324, 453256
8324, 453256
8324, 453268
8324, 453276
8324, 453288
8324, 453296
8324, 453308
8324, 453312
8324, 453320
8324, 453332
8324, 453344
8324, 453344
8324, 453348
8324, 453360
8324, 453384
8324, 453388
8324, 453392
8324, 453412
8324, 453420
8324, 453420
8324, 453424
8324, 453428
8324, 453452
8324, 453464
8324, 453472
8324, 453484
8324, 453508
8324, 453524
8324, 453528
8324, 453540
8324, 453560
8324, 453564
8324, 453608
8324, 453620
8324, 453644
8324, 453660
8324, 453684
8324, 453720
8324, 453724
8324, 453744
8324, 453756
8324, 453780
8324, 453788
8324, 453812
8324, 453824
8324, 453844
8324, 453856
8324, 453868
8324, 453884
8324, 453884
8324, 453896
8324, 453912
8324, 453924
8324, 453936
8324, 453948
8324, 453964
8324, 453988
8324, 453992
8324, 454020
8324, 454032
8324, 454056
8324, 454060
8324, 454072
8324, 454080
8324, 454080
8324, 454096
8324, 454120
8324, 454136
8324, 454140
8324, 454140
8324, 454156
8324, 454168
8324, 454180
8324, 454200
8324, 454204
8324, 454216
8324, 454224
8324, 454236
8324, 454236
8324, 454248
8324, 454252
8324, 454264
8324, 454268
8324, 454280
8324, 454280
8324, 454280
8324, 454296
8324, 454304
8324, 454312
8324, 454312
8324, 454328
8324, 454336
8324, 454340
8324, 454352
8324, 454356
8324, 454360
8324, 454376
8324, 454384
8324, 454392
8324, 454392
8324, 454404
8324, 454408
8324, 454412
8324, 454420
8324, 454428
8324, 454448
8324, 454452
8324, 454452
8324, 454460
8324, 454464
8324, 454480
8324, 454492
8324, 454496
8324, 454500
8324, 454512
8324, 454516
8324, 454524
8324, 454528
8324, 454532
8324, 454532
8324, 454532
8324, 454540
8324, 454552
8324, 454564
8324, 454576
8324, 454588
8324, 454596
8324, 454604
8324, 454608
8324, 454616
8324, 454624
8324, 454636
8324, 454640
8324, 454660
8324, 454664
8324, 454672
8324, 454676
8324, 454680
8324, 454696
8324, 454704
8324, 454708
8324, 454708
8324, 454716
8324, 454716
8324, 454724
8324, 454724
8324, 454724
8324, 454736
8324, 454752
8324, 454756
8324, 454772
8324, 454776
8324, 454776
8324, 454800
8324, 454808
8324, 454808
8324, 454820
8324, 454820
8324, 454824
8324, 454828
8324, 454828
8324, 454836
8324, 454840
8324, 454852
8324, 454856
8324, 454856
8324, 454864
8324, 454868
8324, 454884
8324, 454904
8324, 454912
8324, 454916
8324, 454928
8324, 454928
8324, 454936
8324, 454944
8324, 454952
8324, 454956
8324, 454964
8324, 454968
8324, 454968
8324, 454976
8324, 454988
8324, 454992
8324, 454996
8324, 455004
8324, 455012
8324, 455028
8324, 455044
8324, 455060
8324, 455076
8324, 455108
8324, 455132
8324, 455140
8324, 455148
8324, 455156
8324, 455168
8324, 455188
8324, 455188
8324, 455192
8324, 455192
8324, 455196
8324, 455208
8324, 455208
8324, 455208
8324, 455216
8324, 455220
8324, 455224
8324, 455228
8324, 455228
8324, 455236
8324, 455240
8324, 455244
8324, 455248
8324, 455252
8324, 455256
8324, 455268
8324, 455280
8324, 455288
8324, 455292
8324, 455292
8324, 455296
8324, 455304
8324, 455304
8324, 455304
8324, 455308
8324, 455316
8324, 455328
8324, 455336
8324, 455336
8324, 455344
8324, 455356
8324, 455364
8324, 455368
8324, 455380
8324, 455384
8324, 455388
8324, 455392
8324, 455408
8324, 455424
8324, 455436
8324, 455448
8324, 455460
8324, 455484
8324, 455488
8324, 455496
8324, 455496
8324, 455504
8324, 455520
8324, 455528
8324, 455540
8324, 455552
8324, 455556
8324, 455564
8324, 455568
8324, 455572
8324, 455580
8324, 455580
8324, 455592
8324, 455592
8324, 455596
8324, 455604
8324, 455616
8324, 455636
8324, 455640
8324, 455648
8324, 455660
8324, 455660
8324, 455664
8324, 455664
8324, 455668
8324, 455680
8324, 455688
8324, 455696
8324, 455708
8324, 455712
8324, 455728
8324, 455748
8324, 455752
8324, 455760
8324, 455776
8324, 455780
8324, 455784
8324, 455788
8324, 455800
8324, 455804
8324, 455808
8324, 455820
8324, 455832
8324, 455836
8324, 455844
8324, 455852
8324, 455856
8324, 455864
8324, 455864
8324, 455864
8324, 455868
8324, 455880
8324, 455884
8324, 455888
8324, 455900
8324, 455912
8324, 455932
8324, 455940
8324, 455944
8324, 455944
8324, 455948
8324, 455956
8324, 455956
8324, 455964
8324, 455976
8324, 455984
8324, 455988
8324, 455996
8324, 455996
8324, 456004
8324, 456004
8324, 456040
8324, 456048
8324, 456052
8324, 456060
8324, 456084
8324, 456092
8324, 456096
8324, 456096
8324, 456100
8324, 456104
8324, 456120
8324, 456124
8324, 456136
8324, 456140
8324, 456148
8324, 456160
8324, 456172
8324, 456192
8324, 456196
8324, 456216
8324, 456220
8324, 456228
8324, 456240
8324, 456248
8324, 456252
8324, 456260
8324, 456272
8324, 456276
8324, 456288
8324, 456300
8324, 456300
8324, 456304
8324, 456312
8324, 456312
8324, 456316
8324, 456316
8324, 456320
8324, 456324
8324, 456336
8324, 456336
8324, 456336
8324, 456336
8324, 456340
8324, 456344
8324, 456348
8324, 456356
8324, 456368
8324, 456380
8324, 456380
8324, 456388
8324, 456404
8324, 456408
8324, 456420
8324, 456420
8324, 456428
8324, 456440
8324, 456444
8324, 456452
8324, 456460
8324, 456464
8324, 456476
8324, 456484
8324, 456508
8324, 456524
8324, 456524
8324, 456536
8324, 456552
8324, 456580
8324, 456580
8324, 456592
8324, 456600
8324, 456620
8324, 456628
8324, 456636
8324, 456640
8324, 456640
8324, 456640
8324, 456640
8324, 456648
8324, 456664
8324, 456676
8324, 456676
8324, 456680
8324, 456680
8324, 456680
8324, 456680
8324, 456688
8324, 456688
8324, 456700
8324, 456712
8324, 456720
8324, 456728
8324, 456736
8324, 456740
8324, 456748
8324, 456752
8324, 456760
8324, 456760
8324, 456764
8324, 456772
8324, 456780
8324, 456780
8324, 456788
8324, 456796
8324, 456804
8324, 456808
8324, 456816
8324, 456816
8324, 456820
8324, 456820
8324, 456828
8324, 456828
8324, 456828
8324, 456840
8324, 456852
8324, 456856
8324, 456868
8324, 456872
8324, 456872
8324, 456880
8324, 456888
8324, 456888
8324, 456892
8324, 456896
8324, 456900
8324, 456904
8324, 456908
8324, 456916
8324, 456928
8324, 456952
8324, 456960
8324, 456968
8324, 456972
8324, 456972
8324, 456988
8324, 456992
8324, 457016
8324, 457024
8324, 457036
8324, 457048
8324, 457060
8324, 457076
8324, 457080
8324, 457084
8324, 457088
8324, 457112
8324, 457116
8324, 457132
8324, 457132
8324, 457152
8324, 457172
8324, 457184
8324, 457208
8324, 457224
8324, 457236
8324, 457240
8324, 457240
8324, 457244
8324, 457252
8324, 457264
8324, 457276
8324, 457284
8324, 457300
8324, 457312
8324, 457328
8324, 457344
8324, 457360
8324, 457364
8324, 457376
8324, 457384
8324, 457404
8324, 457416
8324, 457420
8324, 457440
8324, 457456
8324, 457464
8324, 457472
8324, 457488
8324, 457504
8324, 457512
8324, 457520
8324, 457520
8324, 457528
8324, 457528
8324, 457552
8324, 457556
8324, 457556
8324, 457564
8324, 457572
8324, 457576
8324, 457576
8324, 457576
8324, 457580
8324, 457584
8324, 457588
8324, 457596
8324, 457600
8324, 457608
8324, 457616
8324, 457624
8324, 457628
8324, 457632
8324, 457636
8324, 457640
8324, 457644
8324, 457644
8324, 457652
8324, 457656
8324, 457656
8324, 457664
8324, 457664
8324, 457664
8324, 457680
8324, 457692
8324, 457696
8324, 457696
8324, 457700
8324, 457708
8324, 457708
8324, 457716
8324, 457724
8324, 457724
8324, 457732
8324, 457736
8324, 457736
8324, 457740
8324, 457744
8324, 457756
8324, 457764
8324, 457764
8324, 457768
8324, 457776
8324, 457788
8324, 457792
8324, 457796
8324, 457796
8324, 457796
8324, 457800
8324, 457800
8324, 457800
8324, 457800
8324, 457800
8324, 457808
8324, 457812
8324, 457816
8324, 457828
8324, 457828
8324, 457832
8324, 457840
8324, 457840
8324, 457844
8324, 457844
8324, 457848
8324, 457852
8324, 457852
8324, 457856
8324, 457868
8324, 457868
8324, 457872
8324, 457880
8324, 457896
8324, 457912
8324, 457916
8324, 457920
8324, 457924
8324, 457924
8324, 457928
8324, 457936
8324, 457940
8324, 457940
8324, 457944
8324, 457944
8324, 457964
8324, 457976
8324, 457976
8324, 457980
8324, 457980
8324, 457988
8324, 457988
8324, 457992
8324, 458008
8324, 458016
8324, 458020
8324, 458036
8324, 458048
8324, 458056
8324, 458060
8324, 458080
8324, 458084
8324, 458096
8324, 458104
8324, 458128
8324, 458136
8324, 458144
8324, 458152
8324, 458168
8324, 458188
8324, 458200
8324, 458200
8324, 458208
8324, 458208
8324, 458224
8324, 458224
8324, 458228
8324, 458232
8324, 458240
8324, 458260
8324, 458264
8324, 458268
8324, 458280
8324, 458288
8324, 458292
8324, 458296
8324, 458304
8324, 458308
8324, 458316
8324, 458324
8324, 458332
8324, 458344
8324, 458356
8324, 458360
8324, 458368
8324, 458376
8324, 458388
8324, 458396
8324, 458400
8324, 458408
8324, 458428
8324, 458428
8324, 458432
8324, 458432
8324, 458432
8324, 458436
8324, 458436
8324, 458436
8324, 458436
8324, 458440
8324, 458452
8324, 458456
8324, 458456
8324, 458456
8324, 458460
8324, 458460
8324, 458464
8324, 458468
8324, 458472
8324, 458476
8324, 458480
8324, 458480
8324, 458484
8324, 458488
8324, 458492
8324, 458496
8324, 458496
8324, 458496
8324, 458496
8324, 458500
8324, 458504
8324, 458504
8324, 458512
8324, 458520
8324, 458520
8324, 458532
8324, 458536
8324, 458540
8324, 458552
8324, 458552
8324, 458552
8324, 458552
8324, 458552
8324, 458552
8324, 458552
8324, 458552
8324, 458552
8324, 458552
8324, 458560
8324, 458560
8324, 458560
8324, 458568
8324, 458576
8324, 458584
8324, 458584
8324, 458592
8324, 458596
8324, 458604
8324, 458604
8324, 458608
8324, 458616
8324, 458620
8324, 458624
8324, 458624
8324, 458624
8324, 458628
8324, 458636
8324, 458636
8324, 458644
8324, 458644
8324, 458644
8324, 458648
8324, 458648
8324, 458652
8324, 458660
8324, 458660
8324, 458660
8324, 458660
8324, 458664
8324, 458668
8324, 458668
8324, 458672
8324, 458672
8324, 458672
8324, 458680
8324, 458680
8324, 458680
8324, 458684
8324, 458688
8324, 458692
8324, 458696
8324, 458700
8324, 458704
8324, 458708
8324, 458716
8324, 458720
8324, 458732
8324, 458740
8324, 458752
8324, 458756
8324, 458776
8324, 458788
8324, 458792
8324, 458796
8324, 458812
8324, 458820
8324, 458828
8324, 458828
8324, 458832
8324, 458852
8324, 458856
8324, 458864
8324, 458868
8324, 458876
8324, 458880
8324, 458892
8324, 458908
8324, 458912
8324, 458912
8324, 458916
8324, 458924
8324, 458928
8324, 458932
8324, 458932
8324, 458932
8324, 458948
8324, 458948
8324, 458956
8324, 458956
8324, 458976
8324, 458976
8324, 458984
8324, 458984
8324, 458992
8324, 459004
8324, 459012
8324, 459020
8324, 459024
8324, 459036
8324, 459036
8324, 459040
8324, 459048
8324, 459052
8324, 459056
8324, 459060
8324, 459064
8324, 459072
8324, 459076
8324, 459076
8324, 459084
8324, 459088
8324, 459096
8324, 459096
8324, 459096
8324, 459096
8324, 459096
8324, 459100
8324, 459104
8324, 459104
8324, 459104
8324, 459112
8324, 459116
8324, 459116
8324, 459116
8324, 459116
8324, 459116
8324, 459124
8324, 459136
8324, 459144
8324, 459152
8324, 459160
8324, 459160
8324, 459164
8324, 459168
8324, 459176
8324, 459180
8324, 459180
8324, 459184
8324, 459196
8324, 459200
8324, 459200
8324, 459200
8324, 459212
8324, 459212
8324, 459220
8324, 459224
8324, 459228
8324, 459228
8324, 459232
8324, 459236
8324, 459240
8324, 459244
8324, 459244
8324, 459244
8324, 459244
8324, 459244
8324, 459244
8324, 459248
8324, 459248
8324, 459252
8324, 459256
8324, 459260
8324, 459260
8324, 459264
8324, 459264
8324, 459264
8324, 459264
8324, 459268
8324, 459272
8324, 459272
8324, 459276
8324, 459276
8324, 459276
8324, 459276
8324, 459288
8324, 459292
8324, 459296
8324, 459308
8324, 459308
8324, 459312
8324, 459312
8324, 459312
8324, 459320
8324, 459320
8324, 459324
8324, 459324
8324, 459324
8324, 459336
8324, 459340
8324, 459344
8324, 459348
8324, 459356
8324, 459360
8324, 459364
8324, 459368
8324, 459376
8324, 459376
8324, 459380
8324, 459380
8324, 459384
8324, 459384
8324, 459384
8324, 459392
8324, 459404
8324, 459412
8324, 459416
8324, 459428
8324, 459436
8324, 459452
8324, 459452
8324, 459468
8324, 459468
8324, 459476
8324, 459488
8324, 459496
8324, 459500
8324, 459504
8324, 459520
8324, 459528
8324, 459528
8324, 459540
8324, 459552
8324, 459560
8324, 459564
8324, 459572
8324, 459580
8324, 459584
8324, 459584
8324, 459584
8324, 459584
8324, 459588
8324, 459592
8324, 459596
8324, 459596
8324, 459596
8324, 459596
8324, 459620
8324, 459632
8324, 459636
8324, 459648
8324, 459652
8324, 459660
8324, 459668
8324, 459680
8324, 459688
8324, 459692
8324, 459700
8324, 459708
8324, 459708
8324, 459732
8324, 459740
8324, 459740
8324, 459740
8324, 459740
8324, 459748
8324, 459756
8324, 459760
8324, 459764
8324, 459768
8324, 459768
8324, 459768
8324, 459772
8324, 459776
8324, 459784
8324, 459792
8324, 459796
8324, 459804
8324, 459808
8324, 459812
8324, 459816
8324, 459820
8324, 459820
8324, 459820
8324, 459820
8324, 459820
8324, 459820
8324, 459824
8324, 459824
8324, 459828
8324, 459832
8324, 459844
8324, 459848
8324, 459856
8324, 459856
8324, 459856
8324, 459856
8324, 459860
8324, 459868
8324, 459872
8324, 459876
8324, 459876
8324, 459876
8324, 459876
8324, 459884
8324, 459884
8324, 459892
8324, 459892
8324, 459892
8324, 459896
8324, 459896
8324, 459896
8324, 459900
8324, 459900
8324, 459900
8324, 459912
8324, 459916
8324, 459928
8324, 459928
8324, 459932
8324, 459944
8324, 459948
8324, 459956
8324, 459956
8324, 459956
8324, 459960
8324, 459960
8324, 459964
8324, 459964
8324, 459972
8324, 459976
8324, 459976
8324, 459980
8324, 459988
8324, 459988
8324, 459988
8324, 459992
8324, 459996
8324, 459996
8324, 459996
8324, 460000
8324, 460004
8324, 460004
8324, 460008
8324, 460012
8324, 460012
8324, 460016
8324, 460016
8324, 460016
8324, 460016
8324, 460016
8324, 460032
8324, 460032
8324, 460032
8324, 460036
8324, 460040
8324, 460040
8324, 460040
8324, 460044
8324, 460056
8324, 460060
8324, 460060
8324, 460060
8324, 460076
8324, 460088
8324, 460096
8324, 460112
8324, 460128
8324, 460132
8324, 460132
8324, 460136
8324, 460136
8324, 460140
8324, 460144
8324, 460156
8324, 460156
8324, 460156
8324, 460160
8324, 460172
8324, 460176
8324, 460180
8324, 460184
8324, 460192
8324, 460196
8324, 460208
8324, 460216
8324, 460216
8324, 460216
8324, 460224
8324, 460228
8324, 460228
8324, 460228
8324, 460228
8324, 460236
8324, 460236
8324, 460240
8324, 460240
8324, 460244
8324, 460244
8324, 460248
8324, 460252
8324, 460260
8324, 460268
8324, 460272
8324, 460276
8324, 460276
8324, 460288
8324, 460292
8324, 460296
8324, 460308
8324, 460312
8324, 460316
8324, 460316
8324, 460320
8324, 460320
8324, 460320
8324, 460320
8324, 460320
8324, 460320
8324, 460320
8324, 460320
8324, 460320
8324, 460320
8324, 460320
8324, 460324
8324, 460328
8324, 460328
8324, 460336
8324, 460340
8324, 460344
8324, 460348
8324, 460352
8324, 460356
8324, 460356
8324, 460368
8324, 460372
8324, 460372
8324, 460380
8324, 460380
8324, 460384
8324, 460384
8324, 460384
8324, 460388
8324, 460388
8324, 460388
8324, 460396
8324, 460396
8324, 460396
8324, 460396
8324, 460396
8324, 460396
8324, 460400
8324, 460400
8324, 460400
8324, 460404
8324, 460404
8324, 460412
8324, 460416
8324, 460416
8324, 460416
8324, 460420
8324, 460420
8324, 460420
8324, 460420
8324, 460420
8324, 460420
8324, 460420
8324, 460424
8324, 460424
8324, 460428
8324, 460428
8324, 460436
8324, 460444
8324, 460448
8324, 460452
8324, 460452
8324, 460452
8324, 460452
8324, 460452
8324, 460460
8324, 460464
8324, 460468
8324, 460468
8324, 460468
8324, 460468
8324, 460472
8324, 460476
8324, 460480
8324, 460480
8324, 460480
8324, 460480
8324, 460480
8324, 460480
8324, 460480
8324, 460480
8324, 460484
8324, 460484
8324, 460484
8324, 460488
8324, 460488
8324, 460488
8324, 460488
8324, 460492
8324, 460492
8324, 460496
8324, 460496
8324, 460496
8324, 460500
8324, 460504
8324, 460504
8324, 460508
8324, 460520
8324, 460524
8324, 460528
8324, 460536
8324, 460536
8324, 460536
8324, 460540
8324, 460540
8324, 460544
8324, 460544
8324, 460548
8324, 460548
8324, 460552
8324, 460556
8324, 460556
8324, 460556
8324, 460556
8324, 460564
8324, 460572
8324, 460572
8324, 460576
8324, 460580
8324, 460580
8324, 460580
8324, 460584
8324, 460584
8324, 460588
8324, 460592
8324, 460592
8324, 460596
8324, 460596
8324, 460596
8324, 460596
8324, 460600
8324, 460600
8324, 460600
8324, 460600
8324, 460604
8324, 460604
8324, 460608
8324, 460616
8324, 460616
8324, 460616
8324, 460624
8324, 460628
8324, 460632
8324, 460640
8324, 460640
8324, 460640
8324, 460648
8324, 460648
8324, 460652
8324, 460656
8324, 460656
8324, 460656
8324, 460656
8324, 460660
8324, 460664
8324, 460664
8324, 460664
8324, 460672
8324, 460672
8324, 460672
8324, 460676
8324, 460684
8324, 460688
8324, 460692
8324, 460692
8324, 460696
8324, 460700
8324, 460704
8324, 460704
8324, 460704
8324, 460704
8324, 460708
8324, 460712
8324, 460712
8324, 460716
8324, 460720
8324, 460724
8324, 460724
8324, 460724
8324, 460732
8324, 460732
8324, 460736
8324, 460736
8324, 460736
8324, 460736
8324, 460736
8324, 460744
8324, 460744
8324, 460744
8324, 460744
8324, 460744
8324, 460744
8324, 460744
8324, 460744
8324, 460748
8324, 460748
8324, 460748
8324, 460760
8324, 460764
8324, 460768
8324, 460772
8324, 460780
8324, 460784
8324, 460784
8324, 460784
8324, 460788
8324, 460788
8324, 460788
8324, 460792
8324, 460792
8324, 460792
8324, 460792
8324, 460792
8324, 460792
8324, 460792
8324, 460796
8324, 460804
8324, 460808
8324, 460808
8324, 460808
8324, 460812
8324, 460812
8324, 460816
8324, 460816
8324, 460816
8324, 460816
8324, 460816
8324, 460816
8324, 460824
8324, 460824
8324, 460824
8324, 460824
8324, 460828
8324, 460832
8324, 460832
8324, 460832
8324, 460832
8324, 460836
8324, 460840
8324, 460848
8324, 460848
8324, 460848
8324, 460852
8324, 460852
8324, 460852
8324, 460856
8324, 460860
8324, 460860
8324, 460860
8324, 460860
8324, 460860
8324, 460864
8324, 460868
8324, 460872
8324, 460876
8324, 460876
8324, 460876
8324, 460880
8324, 460888
8324, 460896
8324, 460896
8324, 460896
8324, 460904
8324, 460904
8324, 460904
8324, 460908
8324, 460912
8324, 460912
8324, 460912
8324, 460912
8324, 460916
8324, 460916
8324, 460916
8324, 460916
8324, 460916
8324, 460916
8324, 460920
8324, 460920
8324, 460920
8324, 460920
8324, 460924
8324, 460924
8324, 460928
8324, 460932
8324, 460932
8324, 460932
8324, 460936
8324, 460940
8324, 460940
8324, 460940
8324, 460944
8324, 460944
8324, 460944
8324, 460944
8324, 460944
8324, 460944
8324, 460948
8324, 460948
8324, 460948
8324, 460948
8324, 460948
8324, 460948
8324, 460948
8324, 460948
8324, 460960
8324, 460960
8324, 460964
8324, 460964
8324, 460968
8324, 460968
8324, 460972
8324, 460976
8324, 460980
8324, 460980
8324, 460980
8324, 460980
8324, 460984
8324, 460984
8324, 460984
8324, 460984
8324, 460988
8324, 460992
8324, 460996
8324, 460996
8324, 461000
8324, 461004
8324, 461008
8324, 461008
8324, 461008
8324, 461008
8324, 461008
8324, 461008
8324, 461012
8324, 461012
8324, 461016
8324, 461016
8324, 461016
8324, 461020
8324, 461020
8324, 461024
8324, 461028
8324, 461028
8324, 461028
8324, 461028
8324, 461032
8324, 461032
8324, 461032
8324, 461032
8324, 461032
8324, 461036
8324, 461036
8324, 461048
8324, 461048
8324, 461048
8324, 461048
8324, 461048
8324, 461048
8324, 461048
8324, 461048
8324, 461048
8324, 461052
8324, 461052
8324, 461056
8324, 461060
8324, 461060
8324, 461060
8324, 461064
8324, 461072
8324, 461072
8324, 461072
8324, 461072
8324, 461072
8324, 461072
8324, 461076
8324, 461080
8324, 461084
8324, 461084
8324, 461084
8324, 461096
8324, 461096
8324, 461096
8324, 461096
8324, 461096
8324, 461100
8324, 461100
8324, 461100
8324, 461100
8324, 461100
8324, 461100
8324, 461104
8324, 461108
8324, 461108
8324, 461112
8324, 461112
8324, 461112
8324, 461120
8324, 461120
8324, 461120
8324, 461120
8324, 461120
8324, 461120
8324, 461120
8324, 461124
8324, 461128
8324, 461128
8324, 461128
8324, 461128
8324, 461140
8324, 461144
8324, 461144
8324, 461148
8324, 461156
8324, 461156
8324, 461164
8324, 461164
8324, 461168
8324, 461172
8324, 461176
8324, 461176
8324, 461180
8324, 461180
8324, 461180
8324, 461184
8324, 461184
8324, 461184
8324, 461188
8324, 461192
8324, 461196
8324, 461196
8324, 461196
8324, 461196
8324, 461200
8324, 461200
8324, 461200
8324, 461204
8324, 461204
8324, 461204
8324, 461204
8324, 461208
8324, 461208
8324, 461208
8324, 461208
8324, 461208
8324, 461208
8324, 461208
8324, 461208
8324, 461208
8324, 461208
8324, 461212
8324, 461212
8324, 461212
8324, 461212
8324, 461212
8324, 461212
8324, 461212
8324, 461212
8324, 461216
8324, 461220
8324, 461228
8324, 461228
8324, 461232
8324, 461232
8324, 461236
8324, 461236
8324, 461240
8324, 461240
8324, 461240
8324, 461240
8324, 461240
8324, 461244
8324, 461244
8324, 461256
8324, 461260
8324, 461260
8324, 461264
8324, 461264
8324, 461264
8324, 461264
8324, 461264
8324, 461264
8324, 461264
8324, 461264
8324, 461264
8324, 461264
8324, 461264
8324, 461264
8324, 461272
8324, 461272
8324, 461272
8324, 461272
8324, 461280
8324, 461292
8324, 461292
8324, 461292
8324, 461296
8324, 461296
8324, 461296
8324, 461296
8324, 461300
8324, 461300
8324, 461300
8324, 461300
8324, 461300
8324, 461300
8324, 461304
8324, 461304
8324, 461304
8324, 461304
8324, 461308
8324, 461308
8324, 461308
8324, 461308
8324, 461308
8324, 461308
8324, 461308
8324, 461308
8324, 461312
8324, 461316
8324, 461316
8324, 461320
8324, 461320
8324, 461320
8324, 461320
8324, 461320
8324, 461320
8324, 461320
8324, 461324
8324, 461324
8324, 461332
8324, 461340
8324, 461348
8324, 461352
8324, 461356
8324, 461356
8324, 461364
8324, 461368
8324, 461368
8324, 461368
8324, 461368
8324, 461368
8324, 461368
8324, 461372
8324, 461380
8324, 461380
8324, 461384
8324, 461388
8324, 461392
8324, 461392
8324, 461392
8324, 461396
8324, 461396
8324, 461396
8324, 461400
8324, 461404
8324, 461404
8324, 461404
8324, 461412
8324, 461412
8324, 461424
8324, 461424
8324, 461424
8324, 461424
8324, 461424
8324, 461424
8324, 461428
8324, 461428
8324, 461432
8324, 461432
8324, 461432
8324, 461432
8324, 461432
8324, 461436
8324, 461436
8324, 461436
8324, 461436
8324, 461436
8324, 461436
8324, 461436
8324, 461440
8324, 461440
8324, 461440
8324, 461440
8324, 461444
8324, 461444
8324, 461444
8324, 461448
8324, 461448
8324, 461448
8324, 461452
8324, 461452
8324, 461452
8324, 461452
8324, 461452
8324, 461452
8324, 461464
8324, 461464
8324, 461464
8324, 461464
8324, 461464
8324, 461464
8324, 461468
8324, 461468
8324, 461472
8324, 461472
8324, 461472
8324, 461472
8324, 461472
8324, 461472
8324, 461472
8324, 461472
8324, 461472
8324, 461472
8324, 461476
8324, 461484
8324, 461484
8324, 461484
8324, 461492
8324, 461492
8324, 461496
8324, 461496
8324, 461496
8324, 461496
8324, 461500
8324, 461500
8324, 461500
8324, 461504
8324, 461504
8324, 461508
8324, 461508
8324, 461508
8324, 461512
8324, 461512
8324, 461516
8324, 461516
8324, 461516
8324, 461516
8324, 461516
8324, 461516
8324, 461516
8324, 461520
8324, 461520
8324, 461520
8324, 461520
8324, 461520
8324, 461524
8324, 461532
8324, 461532
8324, 461536
8324, 461536
8324, 461536
8324, 461540
8324, 461540
8324, 461540
8324, 461544
8324, 461544
8324, 461548
8324, 461548
8324, 461548
8324, 461548
8324, 461548
8324, 461548
8324, 461548
8324, 461552
8324, 461552
8324, 461556
8324, 461556
8324, 461564
8324, 461572
8324, 461572
8324, 461576
8324, 461576
8324, 461576
8324, 461576
8324, 461576
8324, 461580
8324, 461580
8324, 461580
8324, 461580
8324, 461580
8324, 461580
8324, 461584
8324, 461588
8324, 461588
8324, 461588
8324, 461592
8324, 461592
8324, 461592
8324, 461596
8324, 461600
8324, 461600
8324, 461604
8324, 461604
8324, 461604
8324, 461604
8324, 461604
8324, 461604
8324, 461608
8324, 461608
8324, 461616
8324, 461624
8324, 461632
8324, 461636
8324, 461636
8324, 461640
8324, 461640
8324, 461640
8324, 461648
8324, 461656
8324, 461656
8324, 461656
8324, 461656
8324, 461664
8324, 461664
8324, 461664
8324, 461664
8324, 461664
8324, 461668
8324, 461668
8324, 461672
8324, 461672
8324, 461672
8324, 461672
8324, 461672
8324, 461672
8324, 461672
8324, 461676
8324, 461676
8324, 461676
8324, 461680
8324, 461680
8324, 461680
8324, 461680
8324, 461684
8324, 461684
8324, 461688
8324, 461688
8324, 461688
8324, 461688
8324, 461688
8324, 461688
8324, 461688
8324, 461688
8324, 461688
8324, 461688
8324, 461688
8324, 461688
8324, 461692
8324, 461692
8324, 461692
8324, 461692
8324, 461692
8324, 461692
8324, 461696
8324, 461700
8324, 461700
8324, 461704
8324, 461704
8324, 461704
8324, 461704
8324, 461708
8324, 461708
8324, 461712
8324, 461716
8324, 461716
8324, 461720
8324, 461720
8324, 461720
8324, 461720
8324, 461720
8324, 461724
8324, 461724
8324, 461728
8324, 461732
8324, 461732
8324, 461732
8324, 461732
8324, 461732
8324, 461736
8324, 461736
8324, 461736
8324, 461736
8324, 461736
8324, 461740
8324, 461744
8324, 461752
8324, 461752
8324, 461752
8324, 461752
8324, 461752
8324, 461752
8324, 461752
8324, 461752
8324, 461752
8324, 461752
8324, 461752
8324, 461752
8324, 461756
8324, 461756
8324, 461760
8324, 461768
8324, 461768
8324, 461772
8324, 461776
8324, 461776
8324, 461780
8324, 461784
8324, 461784
8324, 461784
8324, 461784
8324, 461788
8324, 461800
8324, 461800
8324, 461812
8324, 461816
8324, 461820
8324, 461820
8324, 461820
8324, 461820
8324, 461820
8324, 461824
8324, 461832
8324, 461836
8324, 461840
8324, 461840
8324, 461840
8324, 461840
8324, 461844
8324, 461848
8324, 461848
8324, 461848
8324, 461848
8324, 461860
8324, 461860
8324, 461860
8324, 461860
8324, 461860
8324, 461860
8324, 461860
8324, 461860
8324, 461872
8324, 461872
8324, 461876
8324, 461876
8324, 461884
8324, 461884
8324, 461884
8324, 461888
8324, 461896
8324, 461896
8324, 461896
8324, 461896
8324, 461896
8324, 461900
8324, 461900
8324, 461900
8324, 461900
8324, 461900
8324, 461904
8324, 461904
8324, 461908
8324, 461908
8324, 461908
8324, 461912
8324, 461912
8324, 461912
8324, 461912
8324, 461912
8324, 461912
8324, 461912
8324, 461916
8324, 461916
8324, 461920
8324, 461924
8324, 461924
8324, 461924
8324, 461924
8324, 461924
8324, 461924
8324, 461928
8324, 461928
8324, 461928
8324, 461928
8324, 461928
8324, 461928
8324, 461928
8324, 461928
8324, 461932
8324, 461932
8324, 461936
8324, 461940
8324, 461940
8324, 461940
8324, 461940
8324, 461940
8324, 461940
8324, 461940
8324, 461940
8324, 461940
8324, 461940
8324, 461940
8324, 461940
8324, 461940
8324, 461940
8324, 461940
8324, 461940
8324, 461940
8324, 461940
8324, 461940
8324, 461940
8324, 461940
8324, 461940
8324, 461944
8324, 461944
8324, 461944
8324, 461944
8324, 461944
8324, 461944
8324, 461944
8324, 461944
8324, 461944
8324, 461944
8324, 461944
8324, 461944
8324, 461944
8324, 461944
8324, 461944
8324, 461944
8324, 461944
8324, 461944
8324, 461948
8324, 461948
8324, 461952
8324, 461952
8324, 461952
8324, 461956
8324, 461956
8324, 461956
8324, 461956
8324, 461956
8324, 461960
8324, 461960
8324, 461960
8324, 461960
8324, 461960
8324, 461960
8324, 461960
8324, 461968
8324, 461968
8324, 461968
8324, 461968
8324, 461968
8324, 461968
8324, 461972
8324, 461972
8324, 461972
8324, 461972
8324, 461976
8324, 461984
8324, 461984
8324, 461984
8324, 461988
8324, 461988
8324, 461992
8324, 461992
8324, 461992
8324, 461992
8324, 461992
8324, 461996
8324, 462000
8324, 462000
8324, 462000
8324, 462000
8324, 462004
8324, 462008
8324, 462008
8324, 462008
8324, 462016
8324, 462016
8324, 462016
8324, 462016
8324, 462016
8324, 462016
8324, 462016
8324, 462016
8324, 462020
8324, 462024
8324, 462024
8324, 462024
8324, 462032
8324, 462032
8324, 462032
8324, 462032
8324, 462036
8324, 462036
8324, 462036
8324, 462040
8324, 462040
8324, 462040
8324, 462040
8324, 462040
8324, 462044
8324, 462048
8324, 462048
8324, 462048
8324, 462052
8324, 462052
8324, 462052
8324, 462056
8324, 462056
8324, 462056
8324, 462056
8324, 462056
8324, 462060
8324, 462060
8324, 462060
8324, 462060
8324, 462064
8324, 462064
8324, 462064
8324, 462064
8324, 462064
8324, 462064
8324, 462064
8324, 462064
8324, 462064
8324, 462064
8324, 462064
8324, 462064
8324, 462064
8324, 462064
8324, 462068
8324, 462068
8324, 462068
8324, 462068
8324, 462068
8324, 462068
8324, 462068
8324, 462068
8324, 462068
8324, 462068
8324, 462068
8324, 462068
8324, 462076
8324, 462076
8324, 462080
8324, 462080
8324, 462080
8324, 462080
8324, 462080
8324, 462080
8324, 462084
8324, 462084
8324, 462084
8324, 462084
8324, 462084
8324, 462084
8324, 462084
8324, 462088
8324, 462088
8324, 462092
8324, 462092
8324, 462096
8324, 462096
8324, 462096
8324, 462096
8324, 462100
8324, 462100
8324, 462104
8324, 462112
8324, 462112
8324, 462112
8324, 462112
8324, 462112
8324, 462112
8324, 462116
8324, 462116
8324, 462120
8324, 462120
8324, 462120
8324, 462120
8324, 462120
8324, 462120
8324, 462120
8324, 462120
8324, 462120
8324, 462120
8324, 462120
8324, 462120
8324, 462120
8324, 462120
8324, 462120
8324, 462120
8324, 462120
8324, 462120
8324, 462124
8324, 462124
8324, 462128
8324, 462128
8324, 462128
8324, 462128
8324, 462128
8324, 462132
8324, 462132
8324, 462132
8324, 462132
8324, 462132
8324, 462132
8324, 462132
8324, 462136
8324, 462136
8324, 462136
8324, 462136
8324, 462136
8324, 462136
8324, 462140
8324, 462140
8324, 462144
8324, 462152
8324, 462152
8324, 462152
8324, 462152
8324, 462152
8324, 462152
8324, 462152
8324, 462152
8324, 462152
8324, 462152
8324, 462156
8324, 462156
8324, 462156
8324, 462156
8324, 462160
8324, 462160
8324, 462160
8324, 462160
8324, 462160
8324, 462164
8324, 462164
8324, 462164
8324, 462168
8324, 462168
8324, 462168
8324, 462172
8324, 462172
8324, 462172
8324, 462172
8324, 462176
8324, 462176
8324, 462176
8324, 462180
8324, 462184
8324, 462184
8324, 462188
8324, 462188
8324, 462192
8324, 462192
8324, 462192
8324, 462192
8324, 462192
8324, 462192
8324, 462192
8324, 462192
8324, 462192
8324, 462196
8324, 462196
8324, 462196
8324, 462196
8324, 462196
8324, 462200
8324, 462200
8324, 462200
8324, 462200
8324, 462204
8324, 462204
8324, 462204
8324, 462208
8324, 462208
8324, 462208
8324, 462208
8324, 462208
8324, 462208
8324, 462208
8324, 462208
8324, 462208
8324, 462208
8324, 462212
8324, 462212
8324, 462212
8324, 462212
8324, 462212
8324, 462212
8324, 462212
8324, 462212
8324, 462212
8324, 462212
8324, 462212
8324, 462212
8324, 462212
8324, 462212
8324, 462212
8324, 462212
8324, 462212
8324, 462212
8324, 462212
8324, 462212
8324, 462212
8324, 462212
8324, 462212
8324, 462212
8324, 462212
8324, 462212
8324, 462212
8324, 462212
8324, 462212
8324, 462212
8324, 462216
8324, 462216
8324, 462216
8324, 462220
8324, 462220
8324, 462220
8324, 462224
8324, 462224
8324, 462224
8324, 462224
8324, 462224
8324, 462224
8324, 462224
8324, 462224
8324, 462224
8324, 462224
8324, 462224
8324, 462224
8324, 462224
8324, 462224
8324, 462224
8324, 462228
8324, 462232
8324, 462232
8324, 462232
8324, 462232
8324, 462236
8324, 462236
8324, 462236
8324, 462240
8324, 462240
8324, 462240
8324, 462240
8324, 462248
8324, 462248
8324, 462248
8324, 462248
8324, 462248
8324, 462248
8324, 462252
8324, 462256
8324, 462256
8324, 462256
8324, 462256
8324, 462256
8324, 462256
8324, 462256
8324, 462256
8324, 462256
8324, 462256
8324, 462260
8324, 462264
8324, 462264
8324, 462264
8324, 462268
8324, 462268
8324, 462268
8324, 462268
8324, 462268
8324, 462268
8324, 462268
8324, 462268
8324, 462268
8324, 462268
8324, 462268
8324, 462268
8324, 462268
8324, 462268
8324, 462268
8324, 462268
8324, 462268
8324, 462268
8324, 462272
8324, 462272
8324, 462272
8324, 462272
8324, 462272
8324, 462272
8324, 462272
8324, 462276
8324, 462276
8324, 462276
8324, 462276
8324, 462276
8324, 462284
8324, 462284
8324, 462284
8324, 462288
8324, 462288
8324, 462292
8324, 462292
8324, 462292
8324, 462292
8324, 462292
8324, 462292
8324, 462292
8324, 462292
8324, 462292
8324, 462292
8324, 462292
8324, 462292
8324, 462292
8324, 462292
8324, 462292
8324, 462292
8324, 462296
8324, 462300
8324, 462300
8324, 462300
8324, 462300
8324, 462300
8324, 462300
8324, 462300
8324, 462300
8324, 462300
8324, 462300
8324, 462300
8324, 462304
8324, 462304
8324, 462304
8324, 462304
8324, 462304
8324, 462304
8324, 462304
8324, 462308
8324, 462308
8324, 462308
8324, 462308
8324, 462308
8324, 462312
8324, 462312
8324, 462312
8324, 462312
8324, 462312
8324, 462312
8324, 462312
8324, 462316
8324, 462316
8324, 462316
8324, 462320
8324, 462320
8324, 462320
8324, 462320
8324, 462320
8324, 462320
8324, 462320
8324, 462320
8324, 462320
8324, 462320
8324, 462320
8324, 462320
8324, 462320
8324, 462320
8324, 462320
8324, 462320
8324, 462320
8324, 462320
8324, 462324
8324, 462324
8324, 462324
8324, 462324
8324, 462328
8324, 462328
8324, 462328
8324, 462328
8324, 462328
8324, 462328
8324, 462332
8324, 462332
8324, 462336
8324, 462340
8324, 462344
8324, 462348
8324, 462348
8324, 462348
8324, 462348
8324, 462348
8324, 462348
8324, 462352
8324, 462352
8324, 462352
8324, 462352
8324, 462352
8324, 462356
8324, 462356
8324, 462356
8324, 462356
8324, 462356
8324, 462356
8324, 462356
8324, 462356
8324, 462356
8324, 462356
8324, 462360
8324, 462368
8324, 462368
8324, 462368
8324, 462372
8324, 462372
8324, 462372
8324, 462372
8324, 462372
8324, 462380
8324, 462380
8324, 462380
8324, 462380
8324, 462380
8324, 462380
8324, 462380
8324, 462380
8324, 462380
8324, 462384
8324, 462384
8324, 462384
8324, 462384
8324, 462384
8324, 462384
8324, 462384
8324, 462384
8324, 462384
8324, 462384
8324, 462388
8324, 462388
8324, 462388
8324, 462388
8324, 462388
8324, 462388
8324, 462388
8324, 462388
8324, 462388
8324, 462388
8324, 462388
8324, 462388
8324, 462388
8324, 462388
8324, 462392
8324, 462392
8324, 462392
8324, 462392
8324, 462392
8324, 462396
8324, 462396
8324, 462396
8324, 462396
8324, 462400
8324, 462400
8324, 462400
8324, 462404
8324, 462404
8324, 462404
8324, 462404
8324, 462404
8324, 462404
8324, 462404
8324, 462404
8324, 462404
8324, 462404
8324, 462404
8324, 462404
8324, 462404
8324, 462404
8324, 462404
8324, 462404
8324, 462404
8324, 462404
8324, 462404
8324, 462404
8324, 462404
8324, 462404
8324, 462404
8324, 462404
8324, 462404
8324, 462404
8324, 462404
8324, 462404
8324, 462404
8324, 462404
8324, 462404
8324, 462404
8324, 462404
8324, 462408
8324, 462408
8324, 462408
8324, 462408
8324, 462408
8324, 462408
8324, 462408
8324, 462408
8324, 462408
8324, 462408
8324, 462408
8324, 462408
8324, 462408
8324, 462408
8324, 462408
8324, 462408
8324, 462408
8324, 462412
8324, 462412
8324, 462412
8324, 462412
8324, 462416
8324, 462416
8324, 462416
8324, 462416
8324, 462416
8324, 462416
8324, 462416
8324, 462416
8324, 462416
8324, 462416
8324, 462416
8324, 462416
8324, 462416
8324, 462416
8324, 462416
8324, 462416
8324, 462416
8324, 462416
8324, 462424
8324, 462424
8324, 462424
8324, 462424
8324, 462428
8324, 462428
8324, 462432
8324, 462432
8324, 462436
8324, 462436
8324, 462436
8324, 462436
8324, 462436
8324, 462436
8324, 462436
8324, 462436
8324, 462436
8324, 462436
8324, 462436
8324, 462436
8324, 462436
8324, 462436
8324, 462436
8324, 462436
8324, 462436
8324, 462436
8324, 462436
8324, 462436
8324, 462436
8324, 462436
8324, 462436
8324, 462436
8324, 462436
8324, 462436
8324, 462436
8324, 462440
8324, 462440
8324, 462440
8324, 462440
8324, 462440
8324, 462440
8324, 462440
8324, 462440
8324, 462440
8324, 462440
8324, 462440
8324, 462440
8324, 462440
8324, 462440
8324, 462440
8324, 462440
8324, 462440
8324, 462444
8324, 462444
8324, 462444
8324, 462444
8324, 462444
8324, 462444
8324, 462444
8324, 462444
8324, 462448
8324, 462448
8324, 462448
8324, 462448
8324, 462448
8324, 462448
8324, 462448
8324, 462448
8324, 462448
8324, 462448
8324, 462448
8324, 462448
8324, 462452
8324, 462452
8324, 462456
8324, 462456
8324, 462456
8324, 462460
8324, 462460
8324, 462460
8324, 462460
8324, 462460
8324, 462460
8324, 462460
8324, 462460
8324, 462460
8324, 462460
8324, 462460
8324, 462460
8324, 462460
8324, 462460
8324, 462460
8324, 462460
8324, 462460
8324, 462460
8324, 462460
8324, 462460
8324, 462460
8324, 462460
8324, 462460
8324, 462460
8324, 462460
8324, 462464
8324, 462464
8324, 462468
8324, 462468
8324, 462468
8324, 462468
8324, 462468
8324, 462468
8324, 462468
8324, 462468
8324, 462468
8324, 462468
8324, 462468
8324, 462468
8324, 462468
8324, 462468
8324, 462468
8324, 462468
8324, 462468
8324, 462468
8324, 462468
8324, 462468
8324, 462468
8324, 462468
8324, 462468
8324, 462468
8324, 462468
8324, 462468
8324, 462468
8324, 462468
8324, 462468
8324, 462468
8324, 462468
8324, 462468
8324, 462468
8324, 462468
8324, 462468
8324, 462468
8324, 462468
8324, 462468
8324, 462468
8324, 462468
8324, 462468
8324, 462468
8324, 462468
8324, 462468
8324, 462468
8324, 462468
8324, 462468
8324, 462468
8324, 462476
8324, 462480
8324, 462480
8324, 462480
8324, 462480
8324, 462480
8324, 462480
8324, 462480
8324, 462480
8324, 462480
8324, 462484
8324, 462484
8324, 462484
8324, 462488
8324, 462488
8324, 462488
8324, 462488
8324, 462488
8324, 462488
8324, 462488
8324, 462488
8324, 462488
8324, 462492
8324, 462492
8324, 462492
8324, 462492
8324, 462492
8324, 462496
8324, 462496
8324, 462496
8324, 462496
8324, 462500
8324, 462500
8324, 462500
8324, 462500
8324, 462504
8324, 462508
8324, 462508
8324, 462508
8324, 462508
8324, 462516
8324, 462516
8324, 462516
8324, 462516
8324, 462516
8324, 462516
8324, 462520
8324, 462520
8324, 462520
8324, 462520
8324, 462520
8324, 462520
8324, 462520
8324, 462520
8324, 462520
8324, 462520
8324, 462520
8324, 462520
8324, 462520
8324, 462520
8324, 462520
8324, 462520
8324, 462520
8324, 462520
8324, 462520
8324, 462520
8324, 462520
8324, 462520
8324, 462520
8324, 462520
8324, 462520
8324, 462520
8324, 462520
8324, 462520
8324, 462520
8324, 462520
8324, 462520
8324, 462520
8324, 462520
8324, 462520
8324, 462520
8324, 462520
8324, 462520
8324, 462520
8324, 462520
8324, 462520
8324, 462520
8324, 462520
8324, 462524
8324, 462524
8324, 462524
8324, 462524
8324, 462528
8324, 462528
8324, 462532
8324, 462532
8324, 462532
8324, 462532
8324, 462532
8324, 462532
8324, 462532
8324, 462532
8324, 462532
8324, 462532
8324, 462532
8324, 462532
8324, 462532
8324, 462532
8324, 462532
8324, 462532
8324, 462532
8324, 462532
8324, 462532
8324, 462532
8324, 462532
8324, 462532
8324, 462532
8324, 462532
8324, 462532
8324, 462532
8324, 462532
8324, 462532
8324, 462536
8324, 462536
8324, 462536
8324, 462536
8324, 462536
8324, 462536
8324, 462536
8324, 462536
8324, 462536
8324, 462536
8324, 462536
8324, 462540
8324, 462544
8324, 462544
8324, 462548
8324, 462548
8324, 462548
8324, 462548
8324, 462552
8324, 462552
8324, 462552
8324, 462552
8324, 462552
8324, 462552
8324, 462552
8324, 462552
8324, 462552
8324, 462552
8324, 462552
8324, 462552
8324, 462556
8324, 462556
8324, 462556
8324, 462556
8324, 462556
8324, 462556
8324, 462556
8324, 462560
8324, 462560
8324, 462560
8324, 462560
8324, 462560
8324, 462560
8324, 462560
8324, 462560
8324, 462560
8324, 462564
8324, 462564
8324, 462564
8324, 462564
8324, 462564
8324, 462568
8324, 462568
8324, 462568
8324, 462568
8324, 462568
8324, 462568
8324, 462568
8324, 462568
8324, 462568
8324, 462568
8324, 462568
8324, 462568
8324, 462568
8324, 462568
8324, 462568
8324, 462568
8324, 462568
8324, 462568
8324, 462568
8324, 462568
8324, 462568
8324, 462568
8324, 462568
8324, 462568
8324, 462568
8324, 462568
8324, 462568
8324, 462568
8324, 462568
8324, 462568
8324, 462568
8324, 462568
8324, 462568
8324, 462568
8324, 462572
8324, 462572
8324, 462572
8324, 462572
8324, 462572
8324, 462572
8324, 462572
8324, 462572
8324, 462572
8324, 462576
8324, 462576
8324, 462576
8324, 462576
8324, 462576
8324, 462576
8324, 462576
8324, 462576
8324, 462576
8324, 462576
8324, 462576
8324, 462576
8324, 462576
8324, 462576
8324, 462576
8324, 462576
8324, 462576
8324, 462576
8324, 462580
8324, 462580
8324, 462580
8324, 462580
8324, 462580
8324, 462580
8324, 462580
8324, 462580
8324, 462580
8324, 462580
8324, 462580
8324, 462580
8324, 462580
8324, 462580
8324, 462580
8324, 462580
8324, 462580
8324, 462580
8324, 462580
8324, 462580
8324, 462580
8324, 462580
8324, 462580
8324, 462580
8324, 462580
8324, 462580
8324, 462580
8324, 462580
8324, 462580
8324, 462580
8324, 462580
8324, 462580
8324, 462580
8324, 462580
8324, 462580
8324, 462580
8324, 462580
8324, 462580
8324, 462580
8324, 462580
8324, 462580
8324, 462580
8324, 462580
8324, 462580
8324, 462580
8324, 462580
8324, 462580
8324, 462584
8324, 462584
8324, 462584
8324, 462584
8324, 462584
8324, 462584
8324, 462584
8324, 462588
8324, 462588
8324, 462588
8324, 462588
8324, 462588
8324, 462588
8324, 462588
8324, 462588
8324, 462588
8324, 462588
8324, 462588
8324, 462588
8324, 462588
8324, 462588
8324, 462588
8324, 462588
8324, 462588
8324, 462588
8324, 462588
8324, 462596
8324, 462596
8324, 462596
8324, 462596
8324, 462596
8324, 462596
8324, 462596
8324, 462596
8324, 462596
8324, 462600
8324, 462600
8324, 462604
8324, 462604
8324, 462604
8324, 462604
8324, 462608
8324, 462608
8324, 462612
8324, 462612
8324, 462612
8324, 462612
8324, 462612
8324, 462612
8324, 462616
8324, 462616
8324, 462616
8324, 462616
8324, 462616
8324, 462616
8324, 462616
8324, 462620
8324, 462620
8324, 462620
8324, 462620
8324, 462620
8324, 462620
8324, 462620
8324, 462620
8324, 462620
8324, 462620
8324, 462620
8324, 462620
8324, 462620
8324, 462620
8324, 462624
8324, 462624
8324, 462624
8324, 462624
8324, 462624
8324, 462624
8324, 462624
8324, 462624
8324, 462624
8324, 462624
8324, 462624
8324, 462624
8324, 462624
8324, 462624
8324, 462624
8324, 462624
8324, 462624
8324, 462624
8324, 462624
8324, 462624
8324, 462624
8324, 462624
8324, 462624
8324, 462624
8324, 462624
8324, 462624
8324, 462624
8324, 462624
8324, 462624
8324, 462624
8324, 462624
8324, 462624
8324, 462624
8324, 462624
8324, 462624
8324, 462624
8324, 462624
8324, 462624
8324, 462624
8324, 462624
8324, 462624
8324, 462624
8324, 462624
8324, 462624
8324, 462624
8324, 462624
8324, 462624
8324, 462624
8324, 462624
8324, 462624
8324, 462624
8324, 462624
8324, 462624
8324, 462624
8324, 462624
8324, 462624
8324, 462624
8324, 462624
8324, 462624
8324, 462624
8324, 462624
8324, 462624
8324, 462624
8324, 462624
8324, 462624
8324, 462624
8324, 462624
8324, 462624
8324, 462624
8324, 462624
8324, 462624
8324, 462624
8324, 462624
8324, 462624
8324, 462624
8324, 462624
8324, 462624
8324, 462624
8324, 462624
8324, 462624
8324, 462624
8324, 462624
8324, 462624
8324, 462628
8324, 462628
8324, 462628
8324, 462628
8324, 462628
8324, 462628
8324, 462628
8324, 462628
8324, 462628
8324, 462628
8324, 462628
8324, 462628
8324, 462628
8324, 462628
8324, 462628
8324, 462628
8324, 462628
8324, 462628
8324, 462628
8324, 462632
8324, 462632
8324, 462632
8324, 462632
8324, 462632
8324, 462632
8324, 462632
8324, 462632
8324, 462632
8324, 462632
8324, 462632
8324, 462632
8324, 462632
8324, 462636
8324, 462636
8324, 462636
8324, 462636
8324, 462636
8324, 462636
8324, 462636
8324, 462636
8324, 462636
8324, 462636
8324, 462636
8324, 462636
8324, 462636
8324, 462636
8324, 462636
8324, 462636
8324, 462636
8324, 462636
8324, 462640
8324, 462640
8324, 462640
8324, 462640
8324, 462640
8324, 462640
8324, 462640
8324, 462640
8324, 462640
8324, 462640
8324, 462640
8324, 462640
8324, 462640
8324, 462640
8324, 462644
8324, 462644
8324, 462644
8324, 462644
8324, 462644
8324, 462644
8324, 462644
8324, 462644
8324, 462644
8324, 462644
8324, 462644
8324, 462644
8324, 462644
8324, 462644
8324, 462644
8324, 462644
8324, 462644
8324, 462644
8324, 462644
8324, 462644
8324, 462644
8324, 462644
8324, 462644
8324, 462644
8324, 462644
8324, 462644
8324, 462644
8324, 462644
8324, 462644
8324, 462644
8324, 462644
8324, 462644
8324, 462644
8324, 462644
8324, 462644
8324, 462644
8324, 462644
8324, 462644
8324, 462644
8324, 462648
8324, 462648
8324, 462648
8324, 462652
8324, 462652
8324, 462652
8324, 462652
8324, 462652
8324, 462652
8324, 462652
8324, 462652
8324, 462652
8324, 462652
8324, 462652
8324, 462652
8324, 462656
8324, 462656
8324, 462656
8324, 462656
8324, 462656
8324, 462656
8324, 462656
8324, 462656
8324, 462656
8324, 462656
8324, 462656
8324, 462656
8324, 462656
8324, 462656
8324, 462656
8324, 462656
8324, 462660
8324, 462660
8324, 462660
8324, 462660
8324, 462660
8324, 462660
8324, 462660
8324, 462660
8324, 462660
8324, 462660
8324, 462660
8324, 462660
8324, 462660
8324, 462660
8324, 462660
8324, 462660
8324, 462660
8324, 462660
8324, 462660
8324, 462660
8324, 462660
8324, 462660
8324, 462660
8324, 462660
8324, 462660
8324, 462660
8324, 462660
8324, 462660
8324, 462660
8324, 462660
8324, 462660
8324, 462660
8324, 462660
8324, 462660
8324, 462660
8324, 462664
8324, 462664
8324, 462664
8324, 462664
8324, 462664
8324, 462664
8324, 462664
8324, 462664
8324, 462664
8324, 462664
8324, 462664
8324, 462664
8324, 462664
8324, 462664
8324, 462664
8324, 462664
8324, 462664
8324, 462664
8324, 462664
8324, 462664
8324, 462664
8324, 462664
8324, 462664
8324, 462664
8324, 462664
8324, 462664
8324, 462664
8324, 462664
8324, 462664
8324, 462664
8324, 462664
8324, 462664
8324, 462664
8324, 462664
8324, 462664
8324, 462664
8324, 462664
8324, 462664
8324, 462664
8324, 462664
8324, 462664
8324, 462664
8324, 462664
8324, 462664
8324, 462664
8324, 462668
8324, 462668
8324, 462668
8324, 462668
8324, 462668
8324, 462668
8324, 462668
8324, 462668
8324, 462668
8324, 462668
8324, 462668
8324, 462668
8324, 462668
8324, 462668
8324, 462668
8324, 462668
8324, 462668
8324, 462668
8324, 462668
8324, 462668
8324, 462668
8324, 462668
8324, 462668
8324, 462668
8324, 462668
8324, 462668
8324, 462668
8324, 462668
8324, 462672
8324, 462672
8324, 462672
8324, 462672
8324, 462672
8324, 462672
8324, 462672
8324, 462672
8324, 462672
8324, 462672
8324, 462672
8324, 462672
8324, 462672
8324, 462672
8324, 462672
8324, 462672
8324, 462672
8324, 462672
8324, 462672
8324, 462672
8324, 462672
8324, 462672
8324, 462672
8324, 462672
8324, 462672
8324, 462672
8324, 462672
8324, 462672
8324, 462672
8324, 462672
8324, 462672
8324, 462672
8324, 462672
8324, 462672
8324, 462672
8324, 462676
8324, 462680
8324, 462684
8324, 462688
8324, 462688
8324, 462688
8324, 462692
8324, 462692
8324, 462692
8324, 462692
8324, 462692
8324, 462692
8324, 462692
8324, 462692
8324, 462696
8324, 462696
8324, 462696
8324, 462700
8324, 462700
8324, 462700
8324, 462700
8324, 462700
8324, 462700
8324, 462704
8324, 462704
8324, 462704
8324, 462704
8324, 462704
8324, 462704
8324, 462704
8324, 462704
8324, 462704
8324, 462704
8324, 462704
8324, 462704
8324, 462704
8324, 462704
8324, 462704
8324, 462704
8324, 462704
8324, 462704
8324, 462704
8324, 462704
8324, 462704
8324, 462704
8324, 462708
8324, 462708
8324, 462708
8324, 462708
8324, 462708
8324, 462708
8324, 462708
8324, 462708
8324, 462708
8324, 462708
8324, 462708
8324, 462708
8324, 462708
8324, 462708
8324, 462708
8324, 462708
8324, 462708
8324, 462708
8324, 462708
8324, 462712
8324, 462712
8324, 462712
8324, 462712
8324, 462712
8324, 462712
8324, 462712
8324, 462712
8324, 462712
8324, 462712
8324, 462712
8324, 462712
8324, 462712
8324, 462712
8324, 462712
8324, 462712
8324, 462712
8324, 462712
8324, 462712
8324, 462712
8324, 462712
8324, 462712
8324, 462712
8324, 462712
8324, 462712
8324, 462712
8324, 462712
8324, 462712
8324, 462712
8324, 462712
8324, 462712
8324, 462712
8324, 462712
8324, 462712
8324, 462712
8324, 462712
8324, 462712
8324, 462712
8324, 462712
8324, 462712
8324, 462712
8324, 462712
8324, 462712
8324, 462712
8324, 462712
8324, 462712
8324, 462712
8324, 462712
8324, 462716
8324, 462716
8324, 462716
8324, 462716
8324, 462716
8324, 462716
8324, 462716
8324, 462716
8324, 462716
8324, 462716
8324, 462716
8324, 462716
8324, 462716
8324, 462716
8324, 462716
8324, 462716
8324, 462716
8324, 462716
8324, 462716
8324, 462716
8324, 462716
8324, 462716
8324, 462716
8324, 462716
8324, 462716
8324, 462716
8324, 462716
8324, 462716
8324, 462720
8324, 462720
8324, 462720
8324, 462720
8324, 462720
8324, 462720
8324, 462720
8324, 462720
8324, 462720
8324, 462720
8324, 462720
8324, 462720
8324, 462720
8324, 462720
8324, 462720
8324, 462720
8324, 462720
8324, 462720
8324, 462720
8324, 462720
8324, 462720
8324, 462720
8324, 462720
8324, 462720
8324, 462720
8324, 462720
8324, 462724
8324, 462724
8324, 462724
8324, 462724
8324, 462724
8324, 462724
8324, 462724
8324, 462724
8324, 462724
8324, 462724
8324, 462724
8324, 462728
8324, 462728
8324, 462728
8324, 462728
8324, 462728
8324, 462728
8324, 462728
8324, 462728
8324, 462728
8324, 462728
8324, 462728
8324, 462728
8324, 462728
8324, 462732
8324, 462732
8324, 462732
8324, 462732
8324, 462732
8324, 462732
8324, 462736
8324, 462736
8324, 462736
8324, 462736
8324, 462736
8324, 462736
8324, 462736
8324, 462736
8324, 462736
8324, 462736
8324, 462736
8324, 462736
8324, 462736
8324, 462736
8324, 462736
8324, 462736
8324, 462736
8324, 462736
8324, 462736
8324, 462736
8324, 462740
8324, 462740
8324, 462740
8324, 462740
8324, 462740
8324, 462740
8324, 462740
8324, 462740
8324, 462740
8324, 462740
8324, 462740
8324, 462740
8324, 462740
8324, 462740
8324, 462740
8324, 462740
8324, 462740
8324, 462740
8324, 462740
8324, 462740
8324, 462740
8324, 462740
8324, 462740
8324, 462740
8324, 462740
8324, 462740
8324, 462744
8324, 462744
8324, 462744
8324, 462744
8324, 462748
8324, 462748
8324, 462748
8324, 462752
8324, 462752
8324, 462752
8324, 462752
8324, 462752
8324, 462752
8324, 462756
8324, 462756
8324, 462756
8324, 462756
8324, 462756
8324, 462756
8324, 462756
8324, 462756
8324, 462756
8324, 462756
8324, 462756
8324, 462756
8324, 462756
8324, 462756
8324, 462756
8324, 462756
8324, 462756
8324, 462756
8324, 462756
8324, 462760
8324, 462760
8324, 462760
8324, 462760
8324, 462760
8324, 462760
8324, 462760
8324, 462760
8324, 462760
8324, 462760
8324, 462760
8324, 462760
8324, 462760
8324, 462760
8324, 462760
8324, 462760
8324, 462760
8324, 462760
8324, 462760
8324, 462760
8324, 462760
8324, 462760
8324, 462760
8324, 462760
8324, 462760
8324, 462760
8324, 462760
8324, 462760
8324, 462760
8324, 462760
8324, 462760
8324, 462760
8324, 462760
8324, 462760
8324, 462760
8324, 462760
8324, 462760
8324, 462764
8324, 462768
8324, 462768
8324, 462768
8324, 462768
8324, 462768
8324, 462768
8324, 462768
8324, 462768
8324, 462768
8324, 462768
8324, 462768
8324, 462768
8324, 462768
8324, 462768
8324, 462768
8324, 462768
8324, 462768
8324, 462768
8324, 462768
8324, 462768
8324, 462768
8324, 462768
8324, 462768
8324, 462768
8324, 462768
8324, 462768
8324, 462768
8324, 462768
8324, 462768
8324, 462768
8324, 462768
8324, 462768
8324, 462768
8324, 462768
8324, 462768
8324, 462768
8324, 462768
8324, 462768
8324, 462768
8324, 462768
8324, 462768
8324, 462768
8324, 462768
8324, 462768
8324, 462768
8324, 462768
8324, 462768
8324, 462768
8324, 462768
8324, 462768
8324, 462768
8324, 462768
8324, 462768
8324, 462768
8324, 462768
8324, 462768
8324, 462768
8324, 462768
8324, 462768
8324, 462768
8324, 462768
8324, 462768
8324, 462768
8324, 462768
8324, 462768
8324, 462768
8324, 462768
8324, 462768
8324, 462768
8324, 462768
8324, 462768
8324, 462768
8324, 462768
8324, 462768
8324, 462768
8324, 462768
8324, 462768
8324, 462768
8324, 462768
8324, 462768
8324, 462768
8324, 462768
8324, 462768
8324, 462768
8324, 462768
8324, 462768
8324, 462768
8324, 462768
8324, 462768
8324, 462768
8324, 462768
8324, 462768
8324, 462772
8324, 462772
8324, 462772
8324, 462772
8324, 462772
8324, 462772
8324, 462772
8324, 462772
8324, 462772
8324, 462772
8324, 462772
8324, 462772
8324, 462772
8324, 462772
8324, 462772
8324, 462772
8324, 462772
8324, 462772
8324, 462772
8324, 462772
8324, 462772
8324, 462772
8324, 462772
8324, 462772
8324, 462772
8324, 462772
8324, 462772
8324, 462772
8324, 462772
8324, 462772
8324, 462772
8324, 462772
8324, 462772
8324, 462772
8324, 462772
8324, 462772
8324, 462772
8324, 462776
8324, 462776
8324, 462776
8324, 462780
8324, 462780
8324, 462780
8324, 462780
8324, 462780
8324, 462780
8324, 462780
8324, 462784
8324, 462784
8324, 462788
8324, 462788
8324, 462788
8324, 462788
8324, 462788
8324, 462788
8324, 462788
8324, 462788
8324, 462788
8324, 462788
8324, 462788
8324, 462788
8324, 462788
8324, 462788
8324, 462788
8324, 462788
8324, 462788
8324, 462788
8324, 462788
8324, 462788
8324, 462788
8324, 462788
8324, 462788
8324, 462788
8324, 462788
8324, 462788
8324, 462788
8324, 462788
8324, 462788
8324, 462788
8324, 462788
8324, 462788
8324, 462788
8324, 462788
8324, 462788
8324, 462788
8324, 462788
8324, 462788
8324, 462788
8324, 462788
8324, 462788
8324, 462788
8324, 462788
8324, 462788
8324, 462788
8324, 462788
8324, 462788
8324, 462788
8324, 462788
8324, 462788
8324, 462788
8324, 462788
8324, 462788
8324, 462788
8324, 462788
8324, 462788
8324, 462788
8324, 462788
8324, 462788
8324, 462788
8324, 462788
8324, 462788
8324, 462788
8324, 462788
8324, 462788
8324, 462788
8324, 462788
8324, 462788
8324, 462788
8324, 462788
8324, 462788
8324, 462788
8324, 462788
8324, 462788
8324, 462788
8324, 462788
8324, 462788
8324, 462788
8324, 462788
8324, 462788
8324, 462788
8324, 462792
8324, 462792
8324, 462792
8324, 462792
8324, 462792
8324, 462792
8324, 462792
8324, 462792
8324, 462792
8324, 462792
8324, 462792
8324, 462792
8324, 462792
8324, 462792
8324, 462792
8324, 462792
8324, 462792
8324, 462792
8324, 462792
8324, 462792
8324, 462792
8324, 462792
8324, 462792
8324, 462792
8324, 462792
8324, 462792
8324, 462796
8324, 462796
8324, 462796
8324, 462796
8324, 462796
8324, 462796
8324, 462796
8324, 462796
8324, 462796
8324, 462796
8324, 462796
8324, 462796
8324, 462796
8324, 462796
8324, 462796
8324, 462796
8324, 462796
8324, 462796
8324, 462796
8324, 462796
8324, 462796
8324, 462796
8324, 462796
8324, 462800
8324, 462800
8324, 462800
8324, 462800
8324, 462800
8324, 462800
8324, 462800
8324, 462800
8324, 462800
8324, 462800
8324, 462800
8324, 462800
8324, 462800
8324, 462800
8324, 462800
8324, 462800
8324, 462800
8324, 462804
8324, 462804
8324, 462804
8324, 462804
8324, 462804
8324, 462804
8324, 462804
8324, 462804
8324, 462804
8324, 462804
8324, 462804
8324, 462804
8324, 462804
8324, 462804
8324, 462804
8324, 462804
8324, 462804
8324, 462804
8324, 462804
8324, 462804
8324, 462804
8324, 462804
8324, 462804
8324, 462804
8324, 462804
8324, 462804
8324, 462804
8324, 462804
8324, 462804
8324, 462804
8324, 462804
8324, 462804
8324, 462804
8324, 462804
8324, 462804
8324, 462804
8324, 462804
8324, 462804
8324, 462804
8324, 462804
8324, 462804
8324, 462804
8324, 462804
8324, 462804
8324, 462804
8324, 462804
8324, 462804
8324, 462804
8324, 462804
8324, 462804
8324, 462804
8324, 462804
8324, 462804
8324, 462804
8324, 462804
8324, 462804
8324, 462804
8324, 462804
8324, 462804
8324, 462804
8324, 462804
8324, 462804
8324, 462804
8324, 462804
8324, 462804
8324, 462804
8324, 462804
8324, 462804
8324, 462804
8324, 462804
8324, 462804
8324, 462804
8324, 462804
8324, 462804
8324, 462804
8324, 462804
8324, 462804
8324, 462804
8324, 462804
8324, 462804
8324, 462804
8324, 462804
8324, 462804
8324, 462804
8324, 462804
8324, 462804
8324, 462804
8324, 462804
8324, 462804
8324, 462804
8324, 462804
8324, 462804
8324, 462804
8324, 462804
8324, 462804
8324, 462804
8324, 462804
8324, 462804
8324, 462804
8324, 462804
8324, 462804
8324, 462804
8324, 462804
8324, 462804
8324, 462804
8324, 462804
8324, 462804
8324, 462804
8324, 462804
8324, 462804
8324, 462804
8324, 462804
8324, 462804
8324, 462804
8324, 462804
8324, 462804
8324, 462804
8324, 462804
8324, 462804
8324, 462804
8324, 462804
8324, 462804
8324, 462804
8324, 462804
8324, 462804
8324, 462804
8324, 462804
8324, 462804
8324, 462804
8324, 462804
8324, 462804
8324, 462804
8324, 462804
8324, 462804
8324, 462804
8324, 462804
8324, 462804
8324, 462804
8324, 462804
8324, 462804
8324, 462804
8324, 462808
8324, 462808
8324, 462808
8324, 462808
8324, 462808
8324, 462808
8324, 462808
8324, 462808
8324, 462808
8324, 462808
8324, 462808
8324, 462808
8324, 462808
8324, 462808
8324, 462808
8324, 462808
8324, 462808
8324, 462808
8324, 462808
8324, 462808
8324, 462808
8324, 462808
8324, 462808
8324, 462808
8324, 462808
8324, 462808
8324, 462808
8324, 462808
8324, 462808
8324, 462808
8324, 462812
8324, 462812
8324, 462812
8324, 462812
8324, 462812
8324, 462812
8324, 462812
8324, 462812
8324, 462812
8324, 462812
8324, 462812
8324, 462812
8324, 462812
8324, 462812
8324, 462812
8324, 462812
8324, 462812
8324, 462812
8324, 462812
8324, 462812
8324, 462812
8324, 462816
8324, 462816
8324, 462816
8324, 462816
8324, 462816
8324, 462816
8324, 462816
8324, 462816
8324, 462816
8324, 462816
8324, 462816
8324, 462816
8324, 462820
8324, 462820
8324, 462820
8324, 462820
8324, 462820
8324, 462820
8324, 462820
8324, 462820
8324, 462820
8324, 462820
8324, 462820
8324, 462820
8324, 462820
8324, 462824
8324, 462824
8324, 462824
8324, 462824
8324, 462824
8324, 462824
8324, 462824
8324, 462824
8324, 462824
8324, 462824
8324, 462824
8324, 462824
8324, 462824
8324, 462824
8324, 462824
8324, 462824
8324, 462824
8324, 462824
8324, 462824
8324, 462824
8324, 462824
8324, 462824
8324, 462824
8324, 462824
8324, 462824
8324, 462824
8324, 462824
8324, 462828
8324, 462828
8324, 462828
8324, 462828
8324, 462828
8324, 462828
8324, 462828
8324, 462828
8324, 462828
8324, 462828
8324, 462828
8324, 462828
8324, 462828
8324, 462828
8324, 462828
8324, 462828
8324, 462828
8324, 462828
8324, 462828
8324, 462828
8324, 462828
8324, 462828
8324, 462828
8324, 462828
8324, 462828
8324, 462828
8324, 462828
8324, 462828
8324, 462828
8324, 462828
8324, 462828
8324, 462828
8324, 462828
8324, 462828
8324, 462828
8324, 462832
8324, 462832
8324, 462832
8324, 462832
8324, 462832
8324, 462832
8324, 462832
8324, 462832
8324, 462832
8324, 462832
8324, 462832
8324, 462832
8324, 462832
8324, 462832
8324, 462832
8324, 462832
8324, 462832
8324, 462832
8324, 462832
8324, 462836
8324, 462836
8324, 462836
8324, 462836
8324, 462836
8324, 462836
8324, 462836
8324, 462836
8324, 462836
8324, 462836
8324, 462836
8324, 462836
8324, 462836
8324, 462836
8324, 462836
8324, 462836
8324, 462836
8324, 462836
8324, 462836
8324, 462836
8324, 462836
8324, 462836
8324, 462836
8324, 462836
8324, 462836
8324, 462836
8324, 462836
8324, 462836
8324, 462836
8324, 462836
8324, 462836
8324, 462836
8324, 462836
8324, 462836
8324, 462836
8324, 462836
8324, 462836
8324, 462836
8324, 462836
8324, 462836
8324, 462836
8324, 462836
8324, 462836
8324, 462836
8324, 462836
8324, 462836
8324, 462836
8324, 462836
8324, 462836
8324, 462836
8324, 462836
8324, 462836
8324, 462836
8324, 462836
8324, 462836
8324, 462836
8324, 462836
8324, 462836
8324, 462836
8324, 462836
8324, 462836
8324, 462836
8324, 462836
8324, 462836
8324, 462836
8324, 462836
8324, 462836
8324, 462836
8324, 462836
8324, 462836
8324, 462836
8324, 462836
8324, 462836
8324, 462836
8324, 462836
8324, 462836
8324, 462840
8324, 462840
8324, 462840
8324, 462840
8324, 462840
8324, 462840
8324, 462840
8324, 462840
8324, 462840
8324, 462840
8324, 462840
8324, 462840
8324, 462840
8324, 462840
8324, 462840
8324, 462840
8324, 462840
8324, 462840
8324, 462840
8324, 462840
8324, 462840
8324, 462840
8324, 462840
8324, 462840
8324, 462840
8324, 462840
8324, 462840
8324, 462840
8324, 462840
8324, 462840
8324, 462840
8324, 462840
8324, 462840
8324, 462840
8324, 462840
8324, 462840
8324, 462840
8324, 462840
8324, 462844
8324, 462844
8324, 462844
8324, 462844
8324, 462844
8324, 462844
8324, 462844
8324, 462844
8324, 462844
8324, 462844
8324, 462844
8324, 462844
8324, 462844
8324, 462844
8324, 462844
8324, 462844
8324, 462844
8324, 462844
8324, 462844
8324, 462844
8324, 462844
8324, 462844
8324, 462844
8324, 462844
8324, 462844
8324, 462844
8324, 462844
8324, 462844
8324, 462844
8324, 462844
8324, 462844
8324, 462844
8324, 462844
8324, 462844
8324, 462844
8324, 462844
8324, 462844
8324, 462844
8324, 462844
8324, 462844
8324, 462844
8324, 462844
8324, 462844
8324, 462844
8324, 462844
8324, 462844
8324, 462844
8324, 462844
8324, 462844
8324, 462844
8324, 462844
8324, 462848
8324, 462848
8324, 462848
8324, 462848
8324, 462848
8324, 462848
8324, 462848
8324, 462848
8324, 462848
8324, 462848
8324, 462848
8324, 462848
8324, 462848
8324, 462848
8324, 462848
8324, 462848
8324, 462848
8324, 462848
8324, 462848
8324, 462848
8324, 462848
8324, 462848
8324, 462848
8324, 462848
8324, 462848
8324, 462848
8324, 462848
8324, 462848
8324, 462848
8324, 462848
8324, 462848
8324, 462848
8324, 462848
8324, 462848
8324, 462848
8324, 462848
8324, 462848
8324, 462848
8324, 462848
8324, 462848
8324, 462848
8324, 462848
8324, 462848
8324, 462848
8324, 462848
8324, 462848
8324, 462848
8324, 462848
8324, 462848
8324, 462848
8324, 462848
8324, 462848
8324, 462848
8324, 462848
8324, 462848
8324, 462848
8324, 462848
8324, 462848
8324, 462848
8324, 462848
8324, 462848
8324, 462848
8324, 462848
8324, 462848
8324, 462848
8324, 462848
8324, 462848
8324, 462848
8324, 462848
8324, 462848
8324, 462848
8324, 462848
8324, 462848
8324, 462848
8324, 462848
8324, 462848
8324, 462848
8324, 462848
8324, 462848
8324, 462848
8324, 462848
8324, 462848
8324, 462852
8324, 462852
8324, 462852
8324, 462852
8324, 462852
8324, 462852
8324, 462852
8324, 462856
8324, 462856
8324, 462856
8324, 462856
8324, 462856
8324, 462856
8324, 462856
8324, 462856
8324, 462856
8324, 462856
8324, 462856
8324, 462856
8324, 462856
8324, 462856
8324, 462856
8324, 462856
8324, 462856
8324, 462856
8324, 462856
8324, 462856
8324, 462856
8324, 462856
8324, 462856
8324, 462856
8324, 462856
8324, 462856
8324, 462856
8324, 462856
8324, 462856
8324, 462856
8324, 462860
8324, 462860
8324, 462860
8324, 462860
8324, 462860
8324, 462860
8324, 462860
8324, 462860
8324, 462860
8324, 462860
8324, 462860
8324, 462860
8324, 462860
8324, 462860
8324, 462860
8324, 462860
8324, 462860
8324, 462860
8324, 462860
8324, 462860
8324, 462860
8324, 462860
8324, 462860
8324, 462860
8324, 462860
8324, 462860
8324, 462860
8324, 462860
8324, 462860
8324, 462860
8324, 462860
8324, 462860
8324, 462860
8324, 462860
8324, 462860
8324, 462860
8324, 462860
8324, 462860
8324, 462860
8324, 462860
8324, 462860
8324, 462860
8324, 462860
8324, 462860
8324, 462860
8324, 462860
8324, 462860
8324, 462860
8324, 462860
8324, 462860
8324, 462860
8324, 462860
8324, 462860
8324, 462860
8324, 462860
8324, 462860
8324, 462860
8324, 462860
8324, 462860
8324, 462860
8324, 462860
8324, 462860
8324, 462860
8324, 462860
8324, 462860
8324, 462860
8324, 462860
8324, 462860
8324, 462860
8324, 462860
8324, 462860
8324, 462860
8324, 462860
8324, 462860
8324, 462860
8324, 462860
8324, 462860
8324, 462860
8324, 462860
8324, 462860
8324, 462860
8324, 462860
8324, 462860
8324, 462860
8324, 462860
8324, 462860
8324, 462860
8324, 462860
8324, 462860
8324, 462860
8324, 462860
8324, 462860
8324, 462860
8324, 462860
8324, 462860
8324, 462860
8324, 462860
8324, 462860
8324, 462860
8324, 462864
8324, 462864
8324, 462864
8324, 462864
8324, 462864
8324, 462864
8324, 462864
8324, 462864
8324, 462864
8324, 462864
8324, 462864
8324, 462864
8324, 462864
8324, 462864
8324, 462864
8324, 462864
8324, 462864
8324, 462864
8324, 462864
8324, 462864
8324, 462864
8324, 462864
8324, 462864
8324, 462864
8324, 462864
8324, 462864
8324, 462864
8324, 462864
8324, 462864
8324, 462864
8324, 462864
8324, 462864
8324, 462864
8324, 462864
8324, 462864
8324, 462864
8324, 462864
8324, 462864
8324, 462864
8324, 462864
8324, 462864
8324, 462864
8324, 462864
8324, 462864
8324, 462864
8324, 462864
8324, 462864
8324, 462864
8324, 462864
8324, 462864
8324, 462864
8324, 462864
8324, 462864
8324, 462864
8324, 462864
8324, 462864
8324, 462864
8324, 462864
8324, 462864
8324, 462864
8324, 462864
8324, 462864
8324, 462864
8324, 462864
8324, 462864
8324, 462864
8324, 462864
8324, 462864
8324, 462864
8324, 462864
8324, 462864
8324, 462864
8324, 462864
8324, 462864
8324, 462864
8324, 462864
8324, 462864
8324, 462864
8324, 462864
8324, 462864
8324, 462864
8324, 462864
8324, 462864
8324, 462864
8324, 462864
8324, 462864
8324, 462864
8324, 462864
8324, 462864
8324, 462864
8324, 462864
8324, 462864
8324, 462864
8324, 462864
8324, 462864
8324, 462868
8324, 462868
8324, 462868
8324, 462868
8324, 462868
8324, 462868
8324, 462868
8324, 462868
8324, 462868
8324, 462872
8324, 462872
8324, 462872
8324, 462872
8324, 462872
8324, 462872
8324, 462872
8324, 462872
8324, 462872
8324, 462872
8324, 462872
8324, 462872
8324, 462872
8324, 462872
8324, 462872
8324, 462872
8324, 462872
8324, 462872
8324, 462872
8324, 462872
8324, 462872
8324, 462872
8324, 462872
8324, 462872
8324, 462876
8324, 462876
8324, 462876
8324, 462876
8324, 462876
8324, 462876
8324, 462876
8324, 462876
8324, 462876
8324, 462876
8324, 462876
8324, 462876
8324, 462876
8324, 462876
8324, 462876
8324, 462876
8324, 462876
8324, 462876
8324, 462876
8324, 462876
8324, 462876
8324, 462876
8324, 462876
8324, 462876
8324, 462876
8324, 462876
8324, 462876
8324, 462876
8324, 462876
8324, 462876
8324, 462876
8324, 462876
8324, 462876
8324, 462876
8324, 462876
8324, 462876
8324, 462876
8324, 462876
8324, 462876
8324, 462876
8324, 462876
8324, 462876
8324, 462876
8324, 462876
8324, 462876
8324, 462876
8324, 462876
8324, 462876
8324, 462876
8324, 462876
8324, 462876
8324, 462876
8324, 462876
8324, 462876
8324, 462876
8324, 462876
8324, 462876
8324, 462876
8324, 462876
8324, 462876
8324, 462876
8324, 462876
8324, 462876
8324, 462876
8324, 462876
8324, 462876
8324, 462876
8324, 462876
8324, 462876
8324, 462876
8324, 462876
8324, 462876
8324, 462876
8324, 462876
8324, 462876
8324, 462876
8324, 462876
8324, 462876
8324, 462876
8324, 462876
8324, 462876
8324, 462876
8324, 462876
8324, 462876
8324, 462876
8324, 462876
8324, 462876
8324, 462876
8324, 462876
8324, 462876
8324, 462876
8324, 462876
8324, 462876
8324, 462876
8324, 462876
8324, 462880
8324, 462880
8324, 462880
8324, 462880
8324, 462880
8324, 462880
8324, 462880
8324, 462880
8324, 462880
8324, 462880
8324, 462880
8324, 462880
8324, 462880
8324, 462880
8324, 462880
8324, 462880
8324, 462880
8324, 462880
8324, 462880
8324, 462880
8324, 462880
8324, 462880
8324, 462880
8324, 462880
8324, 462880
8324, 462880
8324, 462880
8324, 462880
8324, 462880
8324, 462880
8324, 462880
8324, 462880
8324, 462880
8324, 462880
8324, 462880
8324, 462880
8324, 462880
8324, 462880
8324, 462880
8324, 462880
8324, 462880
8324, 462880
8324, 462880
8324, 462880
8324, 462880
8324, 462880
8324, 462880
8324, 462880
8324, 462880
8324, 462880
8324, 462880
8324, 462880
8324, 462880
8324, 462880
8324, 462880
8324, 462880
8324, 462880
8324, 462880
8324, 462880
8324, 462880
8324, 462880
8324, 462880
8324, 462880
8324, 462880
8324, 462880
8324, 462880
8324, 462880
8324, 462880
8324, 462880
8324, 462880
8324, 462880
8324, 462880
8324, 462880
8324, 462880
8324, 462880
8324, 462880
8324, 462880
8324, 462880
8324, 462880
8324, 462880
8324, 462880
8324, 462880
8324, 462880
8324, 462880
8324, 462880
8324, 462880
8324, 462880
8324, 462880
8324, 462880
8324, 462880
8324, 462880
8324, 462880
8324, 462880
8324, 462880
8324, 462880
8324, 462880
8324, 462880
8324, 462880
8324, 462880
8324, 462880
8324, 462880
8324, 462880
8324, 462880
8324, 462880
8324, 462880
8324, 462880
8324, 462880
8324, 462880
8324, 462880
8324, 462880
8324, 462880
8324, 462880
8324, 462880
8324, 462880
8324, 462880
8324, 462880
8324, 462880
8324, 462880
8324, 462880
8324, 462880
8324, 462880
8324, 462880
8324, 462880
8324, 462880
8324, 462880
8324, 462880
8324, 462880
8324, 462880
8324, 462880
8324, 462880
8324, 462880
8324, 462880
8324, 462880
8324, 462880
8324, 462880
8324, 462880
8324, 462880
8324, 462880
8324, 462880
8324, 462880
8324, 462880
8324, 462880
8324, 462880
8324, 462880
8324, 462880
8324, 462880
8324, 462880
8324, 462880
8324, 462880
8324, 462880
8324, 462880
8324, 462880
8324, 462880
8324, 462880
8324, 462880
8324, 462880
8324, 462880
8324, 462880
8324, 462880
8324, 462880
8324, 462880
8324, 462880
8324, 462880
8324, 462880
8324, 462880
8324, 462880
8324, 462880
8324, 462880
8324, 462880
8324, 462880
8324, 462880
8324, 462880
8324, 462880
8324, 462880
8324, 462880
8324, 462880
8324, 462880
8324, 462880
8324, 462880
8324, 462880
8324, 462880
8324, 462880
8324, 462880
8324, 462880
8324, 462880
8324, 462880
8324, 462880
8324, 462880
8324, 462880
8324, 462880
8324, 462880
8324, 462880
8324, 462880
8324, 462880
8324, 462880
8324, 462880
8324, 462880
8324, 462880
8324, 462880
8324, 462880
8324, 462880
8324, 462880
8324, 462880
8324, 462880
8324, 462880
8324, 462880
8324, 462880
8324, 462880
8324, 462880
8324, 462880
8324, 462880
8324, 462880
8324, 462880
8324, 462880
8324, 462880
8324, 462880
8324, 462880
8324, 462880
8324, 462880
8324, 462880
8324, 462880
8324, 462880
8324, 462880
8324, 462880
8324, 462880
8324, 462880
8324, 462880
8324, 462880
8324, 462880
8324, 462880
8324, 462880
8324, 462880
8324, 462880
8324, 462880
8324, 462880
8324, 462880
8324, 462880
8324, 462880
8324, 462880
8324, 462880
8324, 462880
8324, 462880
8324, 462880
8324, 462880
8324, 462880
8324, 462880
8324, 462880
8324, 462880
8324, 462880
8324, 462880
8324, 462880
8324, 462880
8324, 462880
8324, 462880
8324, 462880
8324, 462880
8324, 462880
8324, 462880
8324, 462880
8324, 462880
8324, 462880
8324, 462880
8324, 462880
8324, 462880
8324, 462880
8324, 462880
8324, 462880
8324, 462880
8324, 462880
8324, 462880
8324, 462880
8324, 462880
8324, 462880
8324, 462880
8324, 462880
8324, 462880
8324, 462880
8324, 462880
8324, 462880
8324, 462880
8324, 462880
8324, 462880
8324, 462880
8324, 462880
8324, 462880
8324, 462880
8324, 462880
8324, 462880
8324, 462880
8324, 462880
8324, 462880
8324, 462880
8324, 462880
8324, 462880
8324, 462880
8324, 462880
8324, 462880
8324, 462880
8324, 462880
8324, 462880
8324, 462880
8324, 462880
8324, 462880
8324, 462880
8324, 462880
8324, 462880
8324, 462880
8324, 462880
8324, 462880
8324, 462880
8324, 462880
8324, 462880
8324, 462880
8324, 462880
8324, 462880
8324, 462880
8324, 462880
8324, 462880
8324, 462880
8324, 462880
8324, 462880
8324, 462880
8324, 462880
8324, 462880
8324, 462880
8324, 462880
8324, 462880
8324, 462880
8324, 462880
8324, 462880
8324, 462880
8324, 462880
8324, 462880
8324, 462880
8324, 462880
8324, 462880
8324, 462880
8324, 462880
8324, 462880
8324, 462880
8324, 462880
8324, 462880
8324, 462880
8324, 462880
8324, 462880
8324, 462880
8324, 462880
8324, 462880
8324, 462880
8324, 462880
8324, 462880
8324, 462880
8324, 462880
8324, 462880
8324, 462880
8324, 462880
8324, 462880
8324, 462880
8324, 462880
8324, 462880
8324, 462880
8324, 462880
8324, 462880
8324, 462880
8324, 462880
8324, 462880
8324, 462880
8324, 462880
8324, 462880
8324, 462880
8324, 462880
8324, 462880
8324, 462880
8324, 462880
8324, 462880
8324, 462880
8324, 462880
8324, 462880
8324, 462880
8324, 462880
8324, 462880
8324, 462880
8324, 462880
8324, 462880
8324, 462880
8324, 462880
8324, 462880
8324, 462880
8324, 462880
8324, 462880
8324, 462880
8324, 462880
8324, 462880
8324, 462880
8324, 462880
8324, 462880
8324, 462880
8324, 462880
8324, 462880
8324, 462880
8324, 462880
8324, 462880
8324, 462880
8324, 462880
8324, 462880
8324, 462880
8324, 462880
8324, 462880
8324, 462880
8324, 462880
8324, 462880
8324, 462880
8324, 462884
8324, 462884
8324, 462884
8324, 462884
8324, 462884
8324, 462884
8324, 462884
8324, 462884
8324, 462884
8324, 462884
8324, 462884
8324, 462884
8324, 462884
8324, 462884
8324, 462884
8324, 462884
8324, 462884
8324, 462884
8324, 462884
8324, 462884
8324, 462884
8324, 462884
8324, 462884
8324, 462884
8324, 462884
8324, 462884
8324, 462884
8324, 462884
8324, 462884
8324, 462884
8324, 462884
8324, 462884
8324, 462884
8324, 462884
8324, 462884
8324, 462884
8324, 462884
8324, 462884
8324, 462884
8324, 462884
8324, 462884
8324, 462884
8324, 462884
8324, 462884
8324, 462884
8324, 462884
8324, 462884
8324, 462884
8324, 462884
8324, 462884
8324, 462884
8324, 462884
8324, 462884
8324, 462884
8324, 462884
8324, 462884
8324, 462884
8324, 462884
8324, 462884
8324, 462884
8324, 462884
8324, 462884
8324, 462884
8324, 462884
8324, 462884
8324, 462884
8324, 462884
8324, 462884
8324, 462884
8324, 462884
8324, 462884
8324, 462884
8324, 462884
8324, 462884
8324, 462884
8324, 462884
8324, 462884
8324, 462884
8324, 462884
8324, 462884
8324, 462884
8324, 462884
8324, 462884
8324, 462884
8324, 462884
8324, 462884
8324, 462884
8324, 462884
8324, 462884
8324, 462884
8324, 462884
8324, 462884
8324, 462884
8324, 462884
8324, 462884
8324, 462884
8324, 462884
8324, 462884
8324, 462884
8324, 462884
8324, 462884
8324, 462884
8324, 462884
8324, 462884
8324, 462884
8324, 462884
8324, 462884
8324, 462884
8324, 462884
8324, 462884
8324, 462884
8324, 462884
8324, 462884
8324, 462884
8324, 462884
8324, 462884
8324, 462884
8324, 462884
8324, 462884
8324, 462884
8324, 462884
8324, 462884
8324, 462884
8324, 462884
8324, 462884
8324, 462884
8324, 462884
8324, 462884
8324, 462884
8324, 462884
8324, 462884
8324, 462884
8324, 462884
8324, 462884
8324, 462884
8324, 462884
8324, 462884
8324, 462884
8324, 462884
8324, 462884
8324, 462884
8324, 462884
8324, 462884
8324, 462884
8324, 462884
8324, 462884
8324, 462884
8324, 462884
8324, 462884
8324, 462884
8324, 462884
8324, 462884
8324, 462884
8324, 462884
8324, 462884
8324, 462884
8324, 462884
8324, 462884
8324, 462884
8324, 462884
8324, 462884
8324, 462884
8324, 462884
8324, 462884
8324, 462884
8324, 462884
8324, 462884
8324, 462884
8324, 462884
8324, 462884
8324, 462884
8324, 462884
8324, 462884
8324, 462884
8324, 462884
8324, 462884
8324, 462884
8324, 462884
8324, 462884
8324, 462884
8324, 462884
8324, 462884
8324, 462884
8324, 462884
8324, 462884
8324, 462884
8324, 462884
8324, 462884
8324, 462884
8324, 462884
8324, 462884
8324, 462884
8324, 462884
8324, 462884
8324, 462884
8324, 462884
8324, 462884
8324, 462884
8324, 462884
8324, 462884
8324, 462884
8324, 462884
8324, 462884
8324, 462884
8324, 462884
8324, 462884
8324, 462884
8324, 462884
8324, 462884
8324, 462884
8324, 462884
8324, 462884
8324, 462884
8324, 462884
8324, 462884
8324, 462884
8324, 462884
8324, 462884
8324, 462884
8324, 462884
8324, 462884
8324, 462884
8324, 462884
8324, 462884
8324, 462884
8324, 462884
8324, 462884
8324, 462884
8324, 462884
8324, 462884
8324, 462884
8324, 462884
8324, 462884
8324, 462884
8324, 462884
8324, 462884
8324, 462884
8324, 462884
8324, 462884
8324, 462888
8324, 462888
8324, 462888
8324, 462888
8324, 462888
8324, 462888
8324, 462888
8324, 462888
8324, 462888
8324, 462888
8324, 462888
8324, 462888
8324, 462888
8324, 462888
8324, 462888
8324, 462888
8324, 462888
8324, 462888
8324, 462888
8324, 462888
8324, 462888
8324, 462888
8324, 462888
8324, 462888
8324, 462888
8324, 462888
8324, 462888
8324, 462888
8324, 462888
8324, 462888
8324, 462888
8324, 462888
8324, 462888
8324, 462888
8324, 462888
8324, 462888
8324, 462888
8324, 462888
8324, 462888
8324, 462888
8324, 462888
8324, 462888
8324, 462888
8324, 462888
8324, 462888
8324, 462888
8324, 462888
8324, 462888
8324, 462888
8324, 462888
8324, 462888
8324, 462888
8324, 462888
8324, 462888
8324, 462888
8324, 462888
8324, 462888
8324, 462888
8324, 462888
8324, 462888
8324, 462888
8324, 462888
8324, 462888
8324, 462888
8324, 462888
8324, 462888
8324, 462888
8324, 462888
8324, 462888
8324, 462888
8324, 462888
8324, 462888
8324, 462888
8324, 462888
8324, 462888
8324, 462888
8324, 462888
8324, 462888
8324, 462888
8324, 462888
8324, 462888
8324, 462888
8324, 462888
8324, 462888
8324, 462888
8324, 462888
8324, 462888
8324, 462888
8324, 462888
8324, 462888
8324, 462888
8324, 462888
8324, 462888
8324, 462888
8324, 462888
8324, 462888
8324, 462888
8324, 462888
8324, 462888
8324, 462888
8324, 462888
8324, 462888
8324, 462888
8324, 462888
8324, 462888
8324, 462888
8324, 462888
8324, 462888
8324, 462888
8324, 462888
8324, 462888
8324, 462888
8324, 462888
8324, 462888
8324, 462888
8324, 462888
8324, 462888
8324, 462888
8324, 462888
8324, 462888
8324, 462888
8324, 462888
8324, 462888
8324, 462888
8324, 462888
8324, 462888
8324, 462888
8324, 462888
8324, 462888
8324, 462888
8324, 462888
8324, 462888
8324, 462888
8324, 462888
8324, 462888
8324, 462888
8324, 462888
8324, 462888
8324, 462888
8324, 462888
8324, 462888
8324, 462888
8324, 462888
8324, 462888
8324, 462888
8324, 462888
8324, 462888
8324, 462888
8324, 462888
8324, 462888
8324, 462888
8324, 462888
8324, 462888
8324, 462888
8324, 462888
8324, 462888
8324, 462888
8324, 462888
8324, 462888
8324, 462888
8324, 462888
8324, 462888
8324, 462888
8324, 462888
8324, 462888
8324, 462888
8324, 462888
8324, 462888
8324, 462888
8324, 462888
8324, 462892
8324, 462892
8324, 462892
8324, 462892
8324, 462892
8324, 462892
8324, 462892
8324, 462892
8324, 462892
8324, 462892
8324, 462892
8324, 462892
8324, 462892
8324, 462892
8324, 462892
8324, 462892
8324, 462896
8324, 462896
8324, 462896
8324, 462896
8324, 462896
8324, 462896
8324, 462896
8324, 462896
8324, 462896
8324, 462896
8324, 462896
8324, 462896
8324, 462896
8324, 462896
8324, 462896
8324, 462896
8324, 462896
8324, 462896
8324, 462896
8324, 462896
8324, 462896
8324, 462896
8324, 462896
8324, 462896
8324, 462896
8324, 462896
8324, 462896
8324, 462896
8324, 462896
8324, 462896
8324, 462896
8324, 462896
8324, 462896
8324, 462896
8324, 462896
8324, 462896
8324, 462896
8324, 462896
8324, 462896
8324, 462896
8324, 462896
8324, 462896
8324, 462896
8324, 462896
8324, 462896
8324, 462896
8324, 462896
8324, 462896
8324, 462896
8324, 462896
8324, 462896
8324, 462896
8324, 462896
8324, 462896
8324, 462896
8324, 462896
8324, 462896
8324, 462896
8324, 462896
8324, 462896
8324, 462896
8324, 462896
8324, 462896
8324, 462896
8324, 462896
8324, 462896
8324, 462896
8324, 462896
8324, 462896
8324, 462896
8324, 462896
8324, 462896
8324, 462896
8324, 462896
8324, 462896
8324, 462896
8324, 462896
8324, 462896
8324, 462896
8324, 462896
8324, 462896
8324, 462896
8324, 462896
8324, 462896
8324, 462896
8324, 462896
8324, 462896
8324, 462896
8324, 462896
8324, 462896
8324, 462896
8324, 462896
8324, 462896
8324, 462896
8324, 462896
8324, 462896
8324, 462896
8324, 462896
8324, 462896
8324, 462896
8324, 462896
8324, 462896
8324, 462896
8324, 462896
8324, 462896
8324, 462896
8324, 462896
8324, 462896
8324, 462896
8324, 462896
8324, 462896
8324, 462896
8324, 462896
8324, 462896
8324, 462896
8324, 462896
8324, 462896
8324, 462896
8324, 462896
8324, 462896
8324, 462896
8324, 462896
8324, 462896
8324, 462896
8324, 462896
8324, 462896
8324, 462896
8324, 462896
8324, 462896
8324, 462896
8324, 462896
8324, 462896
8324, 462896
8324, 462896
8324, 462896
8324, 462896
8324, 462896
8324, 462896
8324, 462896
8324, 462896
8324, 462896
8324, 462896
8324, 462896
8324, 462896
8324, 462896
8324, 462896
8324, 462896
8324, 462896
8324, 462896
8324, 462896
8324, 462896
8324, 462896
8324, 462896
8324, 462896
8324, 462896
8324, 462896
8324, 462896
8324, 462896
8324, 462896
8324, 462896
8324, 462896
8324, 462896
8324, 462896
8324, 462896
8324, 462896
8324, 462896
8324, 462896
8324, 462896
8324, 462896
8324, 462896
8324, 462896
8324, 462896
8324, 462896
8324, 462896
8324, 462896
8324, 462896
8324, 462896
8324, 462896
8324, 462896
8324, 462896
8324, 462896
8324, 462896
8324, 462896
8324, 462896
8324, 462896
8324, 462896
8324, 462896
8324, 462896
8324, 462896
8324, 462896
8324, 462896
8324, 462900
8324, 462900
8324, 462900
8324, 462900
8324, 462900
8324, 462900
8324, 462900
8324, 462900
8324, 462900
8324, 462900
8324, 462900
8324, 462900
8324, 462900
8324, 462900
8324, 462900
8324, 462900
8324, 462900
8324, 462900
8324, 462900
8324, 462900
8324, 462900
8324, 462900
8324, 462900
8324, 462900
8324, 462900
8324, 462900
8324, 462900
8324, 462900
8324, 462900
8324, 462900
8324, 462900
8324, 462900
8324, 462900
8324, 462900
8324, 462900
8324, 462900
8324, 462900
8324, 462900
8324, 462900
8324, 462900
8324, 462900
8324, 462900
8324, 462900
8324, 462900
8324, 462900
8324, 462900
8324, 462900
8324, 462900
8324, 462900
8324, 462900
8324, 462900
8324, 462900
8324, 462900
8324, 462900
8324, 462900
8324, 462900
8324, 462900
8324, 462900
8324, 462900
8324, 462900
8324, 462900
8324, 462900
8324, 462900
8324, 462900
8324, 462900
8324, 462900
8324, 462900
8324, 462900
8324, 462900
8324, 462900
8324, 462900
8324, 462900
8324, 462900
8324, 462900
8324, 462900
8324, 462900
8324, 462900
8324, 462900
8324, 462900
8324, 462900
8324, 462900
8324, 462900
8324, 462900
8324, 462900
8324, 462900
8324, 462900
8324, 462900
8324, 462900
8324, 462900
8324, 462900
8324, 462900
8324, 462900
8324, 462900
8324, 462900
8324, 462900
8324, 462900
8324, 462900
8324, 462900
8324, 462900
8324, 462900
8324, 462900
8324, 462900
8324, 462900
8324, 462900
8324, 462900
8324, 462900
8324, 462900
8324, 462900
8324, 462900
8324, 462900
8324, 462900
8324, 462900
8324, 462900
8324, 462900
8324, 462900
8324, 462900
8324, 462900
8324, 462900
8324, 462900
8324, 462900
8324, 462900
8324, 462900
8324, 462900
8324, 462900
8324, 462900
8324, 462900
8324, 462900
8324, 462900
8324, 462900
8324, 462900
8324, 462900
8324, 462900
8324, 462900
8324, 462900
8324, 462900
8324, 462900
8324, 462900
8324, 462900
8324, 462900
8324, 462900
8324, 462900
8324, 462900
8324, 462900
8324, 462900
8324, 462900
8324, 462900
8324, 462900
8324, 462900
8324, 462900
8324, 462900
8324, 462900
8324, 462900
8324, 462900
8324, 462900
8324, 462900
8324, 462900
8324, 462900
8324, 462900
8324, 462900
8324, 462900
8324, 462900
8324, 462900
8324, 462900
8324, 462900
8324, 462900
8324, 462900
8324, 462900
8324, 462900
8324, 462900
8324, 462900
8324, 462900
8324, 462900
8324, 462900
8324, 462900
8324, 462900
8324, 462900
8324, 462900
8324, 462900
8324, 462900
8324, 462900
8324, 462900
8324, 462900
8324, 462900
8324, 462900
8324, 462900
8324, 462900
8324, 462900
8324, 462900
8324, 462900
8324, 462900
8324, 462900
8324, 462900
8324, 462900
8324, 462900
8324, 462900
8324, 462900
8324, 462900
8324, 462900
8324, 462900
8324, 462900
8324, 462900
8324, 462900
8324, 462900
8324, 462900
8324, 462900
8324, 462900
8324, 462900
8324, 462900
8324, 462900
8324, 462900
8324, 462900
8324, 462900
8324, 462900
8324, 462900
8324, 462900
8324, 462900
8324, 462900
8324, 462900
8324, 462900
8324, 462900
8324, 462900
8324, 462900
8324, 462904
8324, 462904
8324, 462904
8324, 462904
8324, 462904
8324, 462904
8324, 462904
8324, 462904
8324, 462904
8324, 462904
8324, 462904
8324, 462904
8324, 462904
8324, 462904
8324, 462904
8324, 462904
8324, 462904
8324, 462904
8324, 462904
8324, 462904
8324, 462904
8324, 462904
8324, 462904
8324, 462904
8324, 462904
8324, 462904
8324, 462904
8324, 462904
8324, 462904
8324, 462904
8324, 462904
8324, 462904
8324, 462904
8324, 462904
8324, 462904
8324, 462904
8324, 462904
8324, 462904
8324, 462904
8324, 462904
8324, 462904
8324, 462904
8324, 462904
8324, 462904
8324, 462904
8324, 462904
8324, 462904
8324, 462904
8324, 462904
8324, 462904
8324, 462904
8324, 462904
8324, 462904
8324, 462904
8324, 462904
8324, 462904
8324, 462904
8324, 462904
8324, 462904
8324, 462904
8324, 462904
8324, 462904
8324, 462904
8324, 462904
8324, 462904
8324, 462904
8324, 462904
8324, 462904
8324, 462904
8324, 462904
8324, 462904
8324, 462904
8324, 462904
8324, 462904
8324, 462904
8324, 462904
8324, 462904
8324, 462904
8324, 462904
8324, 462904
8324, 462904
8324, 462904
8324, 462904
8324, 462904
8324, 462904
8324, 462904
8324, 462904
8324, 462904
8324, 462904
8324, 462904
8324, 462904
8324, 462904
8324, 462904
8324, 462904
8324, 462904
8324, 462904
8324, 462904
8324, 462904
8324, 462904
8324, 462904
8324, 462904
8324, 462904
8324, 462904
8324, 462904
8324, 462904
8324, 462904
8324, 462904
8324, 462904
8324, 462904
8324, 462904
8324, 462904
8324, 462904
8324, 462904
8324, 462904
8324, 462904
8324, 462904
8324, 462904
8324, 462904
8324, 462904
8324, 462904
8324, 462904
8324, 462904
8324, 462904
8324, 462904
8324, 462904
8324, 462904
8324, 462904
8324, 462904
8324, 462904
8324, 462904
8324, 462904
8324, 462904
8324, 462904
8324, 462904
8324, 462904
8324, 462904
8324, 462904
8324, 462904
8324, 462904
8324, 462904
8324, 462904
8324, 462904
8324, 462904
8324, 462904
8324, 462904
8324, 462904
8324, 462904
8324, 462904
8324, 462904
8324, 462904
8324, 462904
8324, 462904
8324, 462904
8324, 462904
8324, 462904
8324, 462904
8324, 462904
8324, 462904
8324, 462904
8324, 462904
8324, 462904
8324, 462904
8324, 462904
8324, 462904
8324, 462904
8324, 462904
8324, 462904
8324, 462904
8324, 462904
8324, 462904
8324, 462904
8324, 462904
8324, 462904
8324, 462904
8324, 462904
8324, 462904
8324, 462904
8324, 462904
8324, 462904
8324, 462904
8324, 462904
8324, 462904
8324, 462904
8324, 462904
8324, 462904
8324, 462904
8324, 462904
8324, 462904
8324, 462904
8324, 462904
8324, 462904
8324, 462904
8324, 462904
8324, 462904
8324, 462904
8324, 462904
8324, 462904
8324, 462904
8324, 462904
8324, 462904
8324, 462904
8324, 462904
8324, 462904
8324, 462904
8324, 462904
8324, 462904
8324, 462904
8324, 462904
8324, 462904
8324, 462904
8324, 462904
8324, 462904
8324, 462904
8324, 462904
8324, 462904
8324, 462904
8324, 462904
8324, 462904
8324, 462904
8324, 462904
8324, 462904
8324, 462904
8324, 462904
8324, 462904
8324, 462904
8324, 462904
8324, 462904
8324, 462904
8324, 462904
8324, 462904
8324, 462904
8324, 462904
8324, 462904
8324, 462904
8324, 462904
8324, 462904
8324, 462904
8324, 462904
8324, 462904
8324, 462904
8324, 462904
8324, 462904
8324, 462904
8324, 462904
8324, 462904
8324, 462904
8324, 462904
8324, 462904
8324, 462904
8324, 462904
8324, 462904
8324, 462904
8324, 462904
8324, 462904
8324, 462904
8324, 462904
8324, 462904
8324, 462904
8324, 462904
8324, 462904
8324, 462904
8324, 462904
8324, 462904
8324, 462904
8324, 462904
8324, 462904
8324, 462904
8324, 462904
8324, 462904
8324, 462904
8324, 462904
8324, 462904
8324, 462904
8324, 462904
8324, 462904
8324, 462904
8324, 462904
8324, 462904
8324, 462904
8324, 462904
8324, 462908
8324, 462908
8324, 462908
8324, 462908
8324, 462908
8324, 462908
8324, 462908
8324, 462908
8324, 462908
8324, 462908
8324, 462908
8324, 462908
8324, 462908
8324, 462908
8324, 462908
8324, 462908
8324, 462908
8324, 462908
8324, 462908
8324, 462908
8324, 462908
8324, 462908
8324, 462908
8324, 462908
8324, 462908
8324, 462908
8324, 462908
8324, 462908
8324, 462908
8324, 462908
8324, 462908
8324, 462908
8324, 462908
8324, 462908
8324, 462908
8324, 462908
8324, 462908
8324, 462908
8324, 462908
8324, 462908
8324, 462908
8324, 462908
8324, 462908
8324, 462908
8324, 462908
8324, 462908
8324, 462908
8324, 462908
8324, 462908
8324, 462908
8324, 462908
8324, 462908
8324, 462908
8324, 462908
8324, 462908
8324, 462908
8324, 462908
8324, 462908
8324, 462908
8324, 462908
8324, 462908
8324, 462908
8324, 462908
8324, 462908
8324, 462908
8324, 462908
8324, 462908
8324, 462908
8324, 462908
8324, 462908
8324, 462908
8324, 462908
8324, 462908
8324, 462908
8324, 462908
8324, 462908
8324, 462908
8324, 462908
8324, 462908
8324, 462912
8324, 462912
8324, 462912
8324, 462912
8324, 462912
8324, 462912
8324, 462912
8324, 462912
8324, 462912
8324, 462912
8324, 462912
8324, 462912
8324, 462912
8324, 462912
8324, 462912
8324, 462912
8324, 462912
8324, 462912
8324, 462912
8324, 462912
8324, 462912
8324, 462912
8324, 462912
8324, 462912
8324, 462912
8324, 462912
8324, 462912
8324, 462912
8324, 462912
8324, 462912
8324, 462912
8324, 462912
8324, 462912
8324, 462912
8324, 462912
8324, 462912
8324, 462912
8324, 462912
8324, 462912
8324, 462912
8324, 462912
8324, 462912
8324, 462912
8324, 462912
8324, 462912
8324, 462912
8324, 462912
8324, 462912
8324, 462912
8324, 462912
8324, 462912
8324, 462912
8324, 462912
8324, 462912
8324, 462912
8324, 462912
8324, 462912
8324, 462912
8324, 462912
8324, 462912
8324, 462912
8324, 462912
8324, 462912
8324, 462912
8324, 462912
8324, 462912
8324, 462912
8324, 462912
8324, 462912
8324, 462912
8324, 462912
8324, 462912
8324, 462912
8324, 462912
8324, 462912
8324, 462916
8324, 462916
8324, 462916
8324, 462916
8324, 462916
8324, 462916
8324, 462916
8324, 462916
8324, 462916
8324, 462916
8324, 462916
8324, 462916
8324, 462916
8324, 462916
8324, 462916
8324, 462916
8324, 462916
8324, 462916
8324, 462916
8324, 462916
8324, 462916
8324, 462916
8324, 462916
8324, 462916
8324, 462916
8324, 462916
8324, 462916
8324, 462916
8324, 462916
8324, 462916
8324, 462916
8324, 462916
8324, 462916
8324, 462916
8324, 462916
8324, 462916
8324, 462916
8324, 462916
8324, 462916
8324, 462916
8324, 462916
8324, 462916
8324, 462916
8324, 462916
8324, 462916
8324, 462916
8324, 462916
8324, 462916
8324, 462916
8324, 462916
8324, 462916
8324, 462916
8324, 462916
8324, 462916
8324, 462916
8324, 462916
8324, 462916
8324, 462916
8324, 462916
8324, 462916
8324, 462916
8324, 462916
8324, 462916
8324, 462916
8324, 462916
8324, 462916
8324, 462916
8324, 462916
8324, 462916
8324, 462916
8324, 462916
8324, 462916
8324, 462916
8324, 462916
8324, 462916
8324, 462916
8324, 462916
8324, 462916
8324, 462916
8324, 462916
8324, 462916
8324, 462916
8324, 462916
8324, 462916
8324, 462916
8324, 462916
8324, 462916
8324, 462916
8324, 462916
8324, 462916
8324, 462916
8324, 462916
8324, 462916
8324, 462916
8324, 462916
8324, 462916
8324, 462916
8324, 462916
8324, 462916
8324, 462916
8324, 462916
8324, 462916
8324, 462916
8324, 462916
8324, 462916
8324, 462916
8324, 462916
8324, 462916
8324, 462916
8324, 462916
8324, 462916
8324, 462916
8324, 462916
8324, 462916
8324, 462916
8324, 462916
8324, 462916
8324, 462916
8324, 462916
8324, 462916
8324, 462916
8324, 462916
8324, 462916
8324, 462916
8324, 462916
8324, 462916
8324, 462916
8324, 462916
8324, 462916
8324, 462916
8324, 462916
8324, 462916
8324, 462916
8324, 462916
8324, 462916
8324, 462916
8324, 462916
8324, 462916
8324, 462916
8324, 462916
8324, 462916
8324, 462916
8324, 462916
8324, 462916
8324, 462916
8324, 462916
8324, 462916
8324, 462916
8324, 462916
8324, 462916
8324, 462916
8324, 462916
8324, 462916
8324, 462916
8324, 462916
8324, 462916
8324, 462916
8324, 462916
8324, 462916
8324, 462916
8324, 462916
8324, 462916
8324, 462916
8324, 462916
8324, 462916
8324, 462916
8324, 462916
8324, 462916
8324, 462916
8324, 462916
8324, 462916
8324, 462916
8324, 462916
8324, 462916
8324, 462916
8324, 462916
8324, 462916
8324, 462916
8324, 462916
8324, 462916
8324, 462916
8324, 462916
8324, 462916
8324, 462916
8324, 462916
8324, 462916
8324, 462916
8324, 462916
8324, 462916
8324, 462916
8324, 462916
8324, 462916
8324, 462916
8324, 462916
8324, 462916
8324, 462916
8324, 462916
8324, 462916
8324, 462916
8324, 462916
8324, 462916
8324, 462916
8324, 462916
8324, 462916
8324, 462916
8324, 462916
8324, 462916
8324, 462916
8324, 462916
8324, 462916
8324, 462916
8324, 462916
8324, 462916
8324, 462916
8324, 462916
8324, 462916
8324, 462916
8324, 462916
8324, 462916
8324, 462916
8324, 462916
8324, 462916
8324, 462916
8324, 462916
8324, 462916
8324, 462916
8324, 462916
8324, 462916
8324, 462916
8324, 462916
8324, 462916
8324, 462916
8324, 462916
8324, 462916
8324, 462916
8324, 462916
8324, 462916
8324, 462916
8324, 462916
8324, 462916
8324, 462916
8324, 462916
8324, 462916
8324, 462916
8324, 462916
8324, 462916
8324, 462916
8324, 462916
8324, 462916
8324, 462916
8324, 462916
8324, 462916
8324, 462916
8324, 462916
8324, 462916
8324, 462916
8324, 462916
8324, 462916
8324, 462916
8324, 462916
8324, 462916
8324, 462916
8324, 462916
8324, 462916
8324, 462916
8324, 462916
8324, 462916
8324, 462916
8324, 462916
8324, 462916
8324, 462916
8324, 462916
8324, 462916
8324, 462916
8324, 462916
8324, 462916
8324, 462916
8324, 462916
8324, 462916
8324, 462916
8324, 462916
8324, 462916
8324, 462916
8324, 462916
8324, 462916
8324, 462916
8324, 462916
8324, 462916
8324, 462916
8324, 462916
8324, 462916
8324, 462916
8324, 462916
8324, 462916
8324, 462916
8324, 462916
8324, 462916
8324, 462916
8324, 462916
8324, 462916
8324, 462916
8324, 462916
8324, 462916
8324, 462916
8324, 462916
8324, 462916
8324, 462916
8324, 462916
8324, 462916
8324, 462916
8324, 462916
8324, 462916
8324, 462916
8324, 462916
8324, 462916
8324, 462916
8324, 462916
8324, 462916
8324, 462916
8324, 462916
8324, 462916
8324, 462916
8324, 462916
8324, 462916
8324, 462916
8324, 462916
8324, 462916
8324, 462916
8324, 462916
8324, 462916
8324, 462916
8324, 462916
8324, 462916
8324, 462916
8324, 462916
8324, 462916
8324, 462916
8324, 462916
8324, 462916
8324, 462916
8324, 462916
8324, 462916
8324, 462916
8324, 462916
8324, 462916
8324, 462916
8324, 462916
8324, 462916
8324, 462916
8324, 462916
8324, 462916
8324, 462916
8324, 462916
8324, 462916
8324, 462916
8324, 462916
8324, 462916
8324, 462916
8324, 462916
8324, 462916
8324, 462916
8324, 462916
8324, 462916
8324, 462916
8324, 462916
8324, 462916
8324, 462916
8324, 462916
8324, 462916
8324, 462916
8324, 462916
8324, 462916
8324, 462916
8324, 462916
8324, 462916
8324, 462916
8324, 462916
8324, 462916
8324, 462916
8324, 462916
8324, 462916
8324, 462916
8324, 462916
8324, 462916
8324, 462916
8324, 462916
8324, 462916
8324, 462916
8324, 462916
8324, 462916
8324, 462916
8324, 462916
8324, 462916
8324, 462916
8324, 462916
8324, 462916
8324, 462916
8324, 462916
8324, 462916
8324, 462916
8324, 462916
8324, 462916
8324, 462916
8324, 462916
8324, 462916
8324, 462916
8324, 462916
8324, 462916
8324, 462916
8324, 462916
8324, 462916
8324, 462916
8324, 462916
8324, 462916
8324, 462916
8324, 462916
8324, 462916
8324, 462916
8324, 462916
8324, 462916
8324, 462916
8324, 462916
8324, 462916
8324, 462916
8324, 462916
8324, 462916
8324, 462916
8324, 462916
8324, 462916
8324, 462916
8324, 462916
8324, 462916
8324, 462916
8324, 462916
8324, 462916
8324, 462916
8324, 462916
8324, 462916
8324, 462916
8324, 462916
8324, 462916
8324, 462916
8324, 462916
8324, 462916
8324, 462916
8324, 462916
8324, 462916
8324, 462916
8324, 462916
8324, 462916
8324, 462916
8324, 462916
8324, 462916
8324, 462916
8324, 462916
8324, 462916
8324, 462916
8324, 462916
8324, 462916
8324, 462916
8324, 462916
8324, 462916
8324, 462916
8324, 462916
8324, 462916
8324, 462916
8324, 462916
8324, 462916
8324, 462916
8324, 462916
8324, 462916
8324, 462916
8324, 462916
8324, 462916
8324, 462916
8324, 462916
8324, 462916
8324, 462916
8324, 462916
8324, 462916
8324, 462916
8324, 462916
8324, 462916
8324, 462916
8324, 462916
8324, 462916
8324, 462916
8324, 462916
8324, 462916
8324, 462916
8324, 462916
8324, 462916
8324, 462916
8324, 462916
8324, 462916
8324, 462916
8324, 462916
8324, 462916
8324, 462916
8324, 462916
8324, 462916
8324, 462916
8324, 462916
8324, 462916
8324, 462916
8324, 462916
8324, 462916
8324, 462916
8324, 462916
8324, 462916
8324, 462916
8324, 462916
8324, 462916
8324, 462916
8324, 462916
8324, 462916
8324, 462916
8324, 462916
8324, 462916
8324, 462916
8324, 462916
8324, 462916
8324, 462916
8324, 462916
8324, 462916
8324, 462916
8324, 462916
8324, 462916
8324, 462916
8324, 462916
8324, 462916
8324, 462916
8324, 462916
8324, 462916
8324, 462916
8324, 462916
8324, 462916
8324, 462916
8324, 462916
8324, 462916
8324, 462916
8324, 462916
8324, 462916
8324, 462916
8324, 462916
8324, 462916
8324, 462916
8324, 462916
8324, 462916
8324, 462916
8324, 462916
8324, 462916
8324, 462916
8324, 462916
8324, 462916
8324, 462916
8324, 462916
8324, 462916
8324, 462916
8324, 462916
8324, 462916
8324, 462916
8324, 462916
8324, 462916
8324, 462916
8324, 462916
8324, 462916
8324, 462916
8324, 462916
8324, 462916
8324, 462916
8324, 462916
8324, 462916
8324, 462916
8324, 462916
8324, 462916
8324, 462916
8324, 462916
8324, 462916
8324, 462916
8324, 462916
8324, 462916
8324, 462916
8324, 462916
8324, 462916
8324, 462916
8324, 462916
8324, 462916
8324, 462916
8324, 462916
8324, 462916
8324, 462916
8324, 462916
8324, 462916
8324, 462916
8324, 462916
8324, 462916
8324, 462916
8324, 462916
8324, 462916
8324, 462916
8324, 462916
8324, 462916
8324, 462916
8324, 462916
8324, 462916
8324, 462916
8324, 462916
8324, 462916
8324, 462916
8324, 462916
8324, 462916
8324, 462916
8324, 462916
8324, 462916
8324, 462916
8324, 462916
8324, 462916
8324, 462916
8324, 462916
8324, 462916
8324, 462916
8324, 462916
8324, 462916
8324, 462920
8324, 462920
8324, 462920
8324, 462920
8324, 462920
8324, 462920
8324, 462920
8324, 462920
8324, 462920
8324, 462920
8324, 462920
8324, 462920
8324, 462920
8324, 462920
8324, 462920
8324, 462920
8324, 462920
8324, 462920
8324, 462920
8324, 462920
8324, 462920
8324, 462920
8324, 462920
8324, 462920
8324, 462920
8324, 462920
8324, 462920
8324, 462920
8324, 462920
8324, 462920
8324, 462920
8324, 462920
8324, 462920
8324, 462920
8324, 462920
8324, 462920
8324, 462920
8324, 462920
8324, 462920
8324, 462920
8324, 462920
8324, 462920
8324, 462920
8324, 462920
8324, 462920
8324, 462920
8324, 462920
8324, 462920
8324, 462920
8324, 462920
8324, 462920
8324, 462920
8324, 462920
8324, 462920
8324, 462920
8324, 462920
8324, 462920
8324, 462920
8324, 462920
8324, 462920
8324, 462920
8324, 462920
8324, 462920
8324, 462920
8324, 462920
8324, 462920
8324, 462920
8324, 462920
8324, 462920
8324, 462920
8324, 462920
8324, 462920
8324, 462920
8324, 462920
8324, 462920
8324, 462920
8324, 462920
8324, 462920
8324, 462920
8324, 462920
8324, 462920
8324, 462920
8324, 462920
8324, 462920
8324, 462920
8324, 462920
8324, 462920
8324, 462920
8324, 462920
8324, 462920
8324, 462920
8324, 462920
8324, 462920
8324, 462920
8324, 462920
8324, 462920
8324, 462920
8324, 462920
8324, 462920
8324, 462920
8324, 462920
8324, 462920
8324, 462920
8324, 462920
8324, 462920
8324, 462920
8324, 462920
8324, 462920
8324, 462920
8324, 462920
8324, 462920
8324, 462920
8324, 462920
8324, 462920
8324, 462920
8324, 462920
8324, 462920
8324, 462920
8324, 462920
8324, 462920
8324, 462920
8324, 462920
8324, 462920
8324, 462920
8324, 462920
8324, 462920
8324, 462920
8324, 462920
8324, 462920
8324, 462920
8324, 462920
8324, 462920
8324, 462920
8324, 462920
8324, 462920
8324, 462920
8324, 462920
8324, 462920
8324, 462920
8324, 462920
8324, 462920
8324, 462920
8324, 462920
8324, 462920
8324, 462920
8324, 462920
8324, 462920
8324, 462920
8324, 462920
8324, 462920
8324, 462920
8324, 462920
8324, 462920
8324, 462920
8324, 462920
8324, 462920
8324, 462920
8324, 462920
8324, 462920
8324, 462920
8324, 462920
8324, 462920
8324, 462920
8324, 462920
8324, 462920
8324, 462920
8324, 462920
8324, 462920
8324, 462920
8324, 462920
8324, 462920
8324, 462920
8324, 462920
8324, 462920
8324, 462920
8324, 462920
8324, 462920
8324, 462920
8324, 462920
8324, 462920
8324, 462920
8324, 462920
8324, 462920
8324, 462920
8324, 462920
8324, 462920
8324, 462920
8324, 462920
8324, 462920
8324, 462920
8324, 462920
8324, 462920
8324, 462920
8324, 462920
8324, 462920
8324, 462920
8324, 462920
8324, 462920
8324, 462920
8324, 462920
8324, 462920
8324, 462920
8324, 462920
8324, 462920
8324, 462920
8324, 462920
8324, 462920
8324, 462920
8324, 462920
8324, 462920
8324, 462920
8324, 462920
8324, 462920
8324, 462920
8324, 462920
8324, 462920
8324, 462920
8324, 462920
8324, 462920
8324, 462920
8324, 462920
8324, 462920
8324, 462920
8324, 462920
8324, 462920
8324, 462920
8324, 462920
8324, 462920
8324, 462920
8324, 462920
8324, 462920
8324, 462920
8324, 462920
8324, 462920
8324, 462920
8324, 462920
8324, 462920
8324, 462920
8324, 462920
8324, 462920
8324, 462920
8324, 462920
8324, 462920
8324, 462920
8324, 462920
8324, 462920
8324, 462920
8324, 462920
8324, 462920
8324, 462920
8324, 462920
8324, 462920
8324, 462920
8324, 462920
8324, 462920
8324, 462920
8324, 462920
8324, 462920
8324, 462920
8324, 462920
8324, 462920
8324, 462920
8324, 462920
8324, 462920
8324, 462920
8324, 462920
8324, 462920
8324, 462920
8324, 462920
8324, 462920
8324, 462920
8324, 462920
8324, 462920
8324, 462920
8324, 462920
8324, 462920
8324, 462920
8324, 462920
8324, 462920
8324, 462920
8324, 462920
8324, 462920
8324, 462920
8324, 462920
8324, 462920
8324, 462920
8324, 462920
8324, 462920
8324, 462920
8324, 462920
8324, 462920
8324, 462920
8324, 462920
8324, 462920
8324, 462920
8324, 462920
8324, 462920
8324, 462920
8324, 462920
8324, 462920
8324, 462920
8324, 462920
8324, 462920
8324, 462920
8324, 462920
8324, 462920
8324, 462920
8324, 462920
8324, 462920
8324, 462920
8324, 462920
8324, 462920
8324, 462920
8324, 462920
8324, 462920
8324, 462920
8324, 462920
8324, 462920
8324, 462924
8324, 462924
8324, 462924
8324, 462924
8324, 462924
8324, 462924
8324, 462924
8324, 462924
8324, 462924
8324, 462924
8324, 462924
8324, 462924
8324, 462924
8324, 462924
8324, 462924
8324, 462924
8324, 462924
8324, 462924
8324, 462924
8324, 462924
8324, 462924
8324, 462924
8324, 462924
8324, 462924
8324, 462924
8324, 462924
8324, 462924
8324, 462924
8324, 462924
8324, 462924
8324, 462924
8324, 462924
8324, 462924
8324, 462924
8324, 462924
8324, 462924
8324, 462924
8324, 462924
8324, 462924
8324, 462924
8324, 462924
8324, 462924
8324, 462924
8324, 462924
8324, 462924
8324, 462924
8324, 462924
8324, 462924
8324, 462924
8324, 462924
8324, 462924
8324, 462924
8324, 462924
8324, 462924
8324, 462924
8324, 462924
8324, 462924
8324, 462924
8324, 462924
8324, 462924
8324, 462924
8324, 462924
8324, 462924
8324, 462924
8324, 462924
8324, 462924
8324, 462924
8324, 462924
8324, 462924
8324, 462924
8324, 462924
8324, 462924
8324, 462924
8324, 462924
8324, 462924
8324, 462924
8324, 462924
8324, 462924
8324, 462924
8324, 462924
8324, 462924
8324, 462924
8324, 462924
8324, 462924
8324, 462924
8324, 462924
8324, 462924
8324, 462924
8324, 462924
8324, 462924
8324, 462924
8324, 462924
8324, 462924
8324, 462924
8324, 462924
8324, 462924
8324, 462924
8324, 462924
8324, 462924
8324, 462924
8324, 462924
8324, 462924
8324, 462924
8324, 462924
8324, 462924
8324, 462924
8324, 462924
8324, 462924
8324, 462924
8324, 462924
8324, 462924
8324, 462924
8324, 462924
8324, 462924
8324, 462924
8324, 462924
8324, 462924
8324, 462924
8324, 462924
8324, 462924
8324, 462924
8324, 462924
8324, 462924
8324, 462924
8324, 462924
8324, 462924
8324, 462924
8324, 462924
8324, 462924
8324, 462924
8324, 462924
8324, 462924
8324, 462924
8324, 462924
8324, 462924
8324, 462924
8324, 462924
8324, 462924
8324, 462924
8324, 462924
8324, 462924
8324, 462924
8324, 462924
8324, 462924
8324, 462924
8324, 462924
8324, 462924
8324, 462924
8324, 462924
8324, 462924
8324, 462924
8324, 462924
8324, 462924
8324, 462924
8324, 462924
8324, 462924
8324, 462924
8324, 462924
8324, 462924
8324, 462924
8324, 462924
8324, 462924
8324, 462924
8324, 462924
8324, 462924
8324, 462924
8324, 462924
8324, 462924
8324, 462924
8324, 462924
8324, 462924
8324, 462924
8324, 462924
8324, 462924
8324, 462924
8324, 462924
8324, 462924
8324, 462924
8324, 462924
8324, 462924
8324, 462924
8324, 462924
8324, 462924
8324, 462924
8324, 462924
8324, 462924
8324, 462924
8324, 462924
8324, 462924
8324, 462924
8324, 462924
8324, 462924
8324, 462924
8324, 462924
8324, 462924
8324, 462924
8324, 462924
8324, 462924
8324, 462924
8324, 462924
8324, 462924
8324, 462924
8324, 462924
8324, 462924
8324, 462924
8324, 462924
8324, 462924
8324, 462924
8324, 462924
8324, 462924
8324, 462924
8324, 462924
8324, 462924
8324, 462924
8324, 462924
8324, 462924
8324, 462924
8324, 462924
8324, 462924
8324, 462924
8324, 462924
8324, 462924
8324, 462924
8324, 462924
8324, 462924
8324, 462924
8324, 462924
8324, 462924
8324, 462924
8324, 462924
8324, 462924
8324, 462924
8324, 462924
8324, 462924
8324, 462924
8324, 462924
8324, 462924
8324, 462924
8324, 462924
8324, 462924
8324, 462924
8324, 462924
8324, 462924
8324, 462924
8324, 462924
8324, 462924
8324, 462924
8324, 462924
8324, 462924
8324, 462924
8324, 462924
8324, 462924
8324, 462924
8324, 462924
8324, 462924
8324, 462924
8324, 462924
8324, 462924
8324, 462924
8324, 462924
8324, 462924
8324, 462924
8324, 462924
8324, 462924
8324, 462924
8324, 462924
8324, 462924
8324, 462924
8324, 462924
8324, 462924
8324, 462924
8324, 462924
8324, 462924
8324, 462924
8324, 462924
8324, 462924
8324, 462924
8324, 462924
8324, 462924
8324, 462924
8324, 462924
8324, 462924
8324, 462924
8324, 462924
8324, 462924
8324, 462924
8324, 462924
8324, 462924
8324, 462924
8324, 462924
8324, 462924
8324, 462924
8324, 462924
8324, 462924
8324, 462924
8324, 462924
8324, 462924
8324, 462924
8324, 462924
8324, 462924
8324, 462924
8324, 462924
8324, 462924
8324, 462924
8324, 462924
8324, 462924
8324, 462924
8324, 462924
8324, 462924
8324, 462924
8324, 462924
8324, 462924
8324, 462924
8324, 462924
8324, 462924
8324, 462924
8324, 462924
8324, 462924
8324, 462924
8324, 462924
8324, 462924
8324, 462924
8324, 462924
8324, 462924
8324, 462924
8324, 462924
8324, 462924
8324, 462924
8324, 462924
8324, 462924
8324, 462924
8324, 462924
8324, 462924
8324, 462924
8324, 462924
8324, 462924
8324, 462924
8324, 462924
8324, 462924
8324, 462924
8324, 462924
8324, 462924
8324, 462924
8324, 462924
8324, 462924
8324, 462924
8324, 462924
8324, 462924
8324, 462924
8324, 462924
8324, 462924
8324, 462924
8324, 462924
8324, 462924
8324, 462924
8324, 462924
8324, 462924
8324, 462924
8324, 462924
8324, 462924
8324, 462924
8324, 462924
8324, 462924
8324, 462924
8324, 462924
8324, 462924
8324, 462924
8324, 462924
8324, 462924
8324, 462924
8324, 462924
8324, 462924
8324, 462924
8324, 462924
8324, 462924
8324, 462924
8324, 462924
8324, 462924
8324, 462924
8324, 462924
8324, 462924
8324, 462924
8324, 462924
8324, 462924
8324, 462924
8324, 462924
8324, 462924
8324, 462924
8324, 462924
8324, 462924
8324, 462924
8324, 462924
8324, 462924
8324, 462924
8324, 462924
8324, 462924
8324, 462924
8324, 462924
8324, 462924
8324, 462924
8324, 462924
8324, 462924
8324, 462924
8324, 462924
8324, 462924
8324, 462924
8324, 462924
8324, 462924
8324, 462924
8324, 462924
8324, 462924
8324, 462924
8324, 462924
8324, 462924
8324, 462924
8324, 462924
8324, 462924
8324, 462924
8324, 462924
8324, 462924
8324, 462924
8324, 462924
8324, 462924
8324, 462924
8324, 462924
8324, 462924
8324, 462924
8324, 462924
8324, 462924
8324, 462924
8324, 462924
8324, 462924
8324, 462924
8324, 462924
8324, 462924
8324, 462924
8324, 462924
8324, 462924
8324, 462924
8324, 462924
8324, 462924
8324, 462924
8324, 462924
8324, 462924
8324, 462924
8324, 462924
8324, 462924
8324, 462924
8324, 462924
8324, 462924
8324, 462924
8324, 462924
8324, 462924
8324, 462924
8324, 462924
8324, 462924
8324, 462924
8324, 462924
8324, 462924
8324, 462924
8324, 462924
8324, 462924
8324, 462924
8324, 462924
8324, 462924
8324, 462924
8324, 462924
8324, 462924
8324, 462924
8324, 462924
8324, 462924
8324, 462924
8324, 462924
8324, 462924
8324, 462924
8324, 462924
8324, 462924
8324, 462924
8324, 462924
8324, 462924
8324, 462924
8324, 462924
8324, 462924
8324, 462924
8324, 462924
8324, 462924
8324, 462924
8324, 462924
8324, 462924
8324, 462924
8324, 462924
8324, 462924
8324, 462924
8324, 462924
8324, 462924
8324, 462924
8324, 462924
8324, 462924
8324, 462924
8324, 462924
8324, 462924
8324, 462924
8324, 462924
8324, 462924
8324, 462924
8324, 462924
8324, 462924
8324, 462924
8324, 462924
8324, 462924
8324, 462924
8324, 462924
8324, 462924
8324, 462924
8324, 462924
8324, 462924
8324, 462924
8324, 462924
8324, 462924
8324, 462924
8324, 462924
8324, 462924
8324, 462924
8324, 462924
8324, 462924
8324, 462924
8324, 462924
8324, 462924
8324, 462924
8324, 462924
8324, 462924
8324, 462924
8324, 462924
8324, 462924
8324, 462924
8324, 462924
8324, 462924
8324, 462924
8324, 462924
8324, 462924
8324, 462924
8324, 462924
8324, 462924
8324, 462924
8324, 462924
8324, 462924
8324, 462924
8324, 462924
8324, 462924
8324, 462924
8324, 462924
8324, 462924
8324, 462924
8324, 462924
8324, 462924
8324, 462924
8324, 462924
8324, 462924
8324, 462924
8324, 462924
8324, 462924
8324, 462924
8324, 462924
8324, 462924
8324, 462924
8324, 462924
8324, 462924
8324, 462924
8324, 462924
8324, 462924
8324, 462924
8324, 462924
8324, 462924
8324, 462924
8324, 462924
8324, 462924
8324, 462924
8324, 462924
8324, 462924
8324, 462924
8324, 462924
8324, 462924
8324, 462924
8324, 462924
8324, 462924
8324, 462924
8324, 462924
8324, 462924
8324, 462924
8324, 462924
8324, 462924
8324, 462924
8324, 462924
8324, 462924
8324, 462924
8324, 462924
8324, 462924
8324, 462924
8324, 462924
8324, 462924
8324, 462924
8324, 462924
8324, 462924
8324, 462924
8324, 462924
8324, 462924
8324, 462924
8324, 462924
8324, 462924
8324, 462924
8324, 462924
8324, 462924
8324, 462924
8324, 462924
8324, 462924
8324, 462924
8324, 462924
8324, 462924
8324, 462924
8324, 462924
8324, 462924
8324, 462924
8324, 462924
8324, 462924
8324, 462924
8324, 462924
8324, 462924
8324, 462924
8324, 462924
8324, 462924
8324, 462924
8324, 462924
8324, 462924
8324, 462924
8324, 462924
8324, 462924
8324, 462924
8324, 462924
8324, 462924
8324, 462924
8324, 462924
8324, 462924
8324, 462924
8324, 462924
8324, 462924
8324, 462924
8324, 462924
8324, 462924
8324, 462924
8324, 462924
8324, 462924
8324, 462924
8324, 462924
8324, 462924
8324, 462924
8324, 462924
8324, 462924
8324, 462924
8324, 462924
8324, 462924
8324, 462924
8324, 462924
8324, 462924
8324, 462924
8324, 462924
8324, 462924
8324, 462924
8324, 462924
8324, 462924
8324, 462924
8324, 462924
8324, 462924
8324, 462924
8324, 462924
8324, 462924
8324, 462924
8324, 462924
8324, 462924
8324, 462924
8324, 462924
8324, 462924
8324, 462924
8324, 462924
8324, 462924
8324, 462924
8324, 462924
8324, 462924
8324, 462924
8324, 462924
8324, 462924
8324, 462924
8324, 462924
8324, 462924
8324, 462924
8324, 462924
8324, 462924
8324, 462924
8324, 462924
8324, 462924
8324, 462924
8324, 462924
8324, 462924
8324, 462924
8324, 462924
8324, 462924
8324, 462924
8324, 462924
8324, 462924
8324, 462924
8324, 462924
8324, 462924
8324, 462924
8324, 462924
8324, 462924
8324, 462924
8324, 462924
8324, 462924
8324, 462924
8324, 462924
8324, 462924
8324, 462924
8324, 462924
8324, 462924
8324, 462924
8324, 462924
8324, 462924
8324, 462924
8324, 462924
8324, 462924
8324, 462924
8324, 462924
8324, 462924
8324, 462924
8324, 462924
8324, 462924
8324, 462924
8324, 462924
8324, 462924
8324, 462924
8324, 462924
8324, 462924
8324, 462924
8324, 462924
8324, 462924
8324, 462924
8324, 462924
8324, 462924
8324, 462924
8324, 462924
8324, 462924
8324, 462924
8324, 462924
8324, 462924
8324, 462924
8324, 462924
8324, 462924
8324, 462924
8324, 462924
8324, 462924
8324, 462924
8324, 462924
8324, 462924
8324, 462924
8324, 462924
8324, 462924
8324, 462924
8324, 462924
8324, 462924
8324, 462924
8324, 462924
8324, 462924
8324, 462924
8324, 462924
8324, 462924
8324, 462924
8324, 462924
8324, 462924
8324, 462924
8324, 462924
8324, 462924
8324, 462924
8324, 462924
8324, 462924
8324, 462924
8324, 462924
8324, 462924
8324, 462924
8324, 462924
8324, 462924
8324, 462924
8324, 462924
8324, 462924
8324, 462924
8324, 462924
8324, 462924
8324, 462924
8324, 462924
8324, 462924
8324, 462924
8324, 462924
8324, 462924
8324, 462924
8324, 462924
8324, 462924
8324, 462924
8324, 462924
8324, 462924
8324, 462924
8324, 462924
8324, 462924
8324, 462924
8324, 462924
8324, 462924
8324, 462924
8324, 462924
8324, 462924
8324, 462924
8324, 462924
8324, 462924
8324, 462924
8324, 462924
8324, 462924
8324, 462924
8324, 462924
8324, 462924
8324, 462924
8324, 462924
8324, 462924
8324, 462924
8324, 462924
8324, 462924
8324, 462924
8324, 462924
8324, 462924
8324, 462924
8324, 462924
8324, 462924
8324, 462924
8324, 462924
8324, 462924
8324, 462924
8324, 462924
8324, 462924
8324, 462924
8324, 462924
8324, 462924
8324, 462924
8324, 462924
8324, 462924
8324, 462924
8324, 462924
8324, 462924
8324, 462924
8324, 462924
8324, 462924
8324, 462924
8324, 462924
8324, 462924
8324, 462924
8324, 462924
8324, 462924
8324, 462924
8324, 462924
8324, 462924
8324, 462924
8324, 462924
8324, 462924
8324, 462924
8324, 462924
8324, 462924
8324, 462924
8324, 462924
8324, 462924
8324, 462924
8324, 462924
8324, 462924
8324, 462924
8324, 462924
8324, 462924
8324, 462924
8324, 462924
8324, 462924
8324, 462924
8324, 462924
8324, 462924
8324, 462924
8324, 462924
8324, 462924
8324, 462924
8324, 462924
8324, 462924
8324, 462924
8324, 462924
8324, 462924
8324, 462924
8324, 462924
8324, 462924
8324, 462924
8324, 462924
8324, 462924
8324, 462924
8324, 462924
8324, 462924
8324, 462924
8324, 462924
8324, 462924
8324, 462924
8324, 462924
8324, 462924
8324, 462924
8324, 462924
8324, 462924
8324, 462924
8324, 462924
8324, 462924
8324, 462924
8324, 462924
8324, 462924
8324, 462924
8324, 462924
8324, 462924
8324, 462924
8324, 462924
8324, 462924
8324, 462924
8324, 462924
8324, 462924
8324, 462924
8324, 462924
8324, 462924
8324, 462924
8324, 462924
8324, 462924
8324, 462924
8324, 462924
8324, 462924
8324, 462924
8324, 462924
8324, 462924
8324, 462924
8324, 462924
8324, 462924
8324, 462924
8324, 462924
8324, 462924
8324, 462924
8324, 462924
8324, 462924
8324, 462924
8324, 462924
8324, 462924
8324, 462924
8324, 462924
8324, 462924
8324, 462924
8324, 462924
8324, 462924
8324, 462924
8324, 462924
8324, 462924
8324, 462924
8324, 462924
8324, 462924
8324, 462924
8324, 462924
8324, 462924
8324, 462924
8324, 462924
8324, 462924
8324, 462924
8324, 462924
8324, 462924
8324, 462924
8324, 462924
8324, 462924
8324, 462924
8324, 462924
8324, 462924
8324, 462924
8324, 462924
8324, 462924
8324, 462924
8324, 462924
8324, 462924
8324, 462924
8324, 462924
8324, 462924
8324, 462924
8324, 462924
8324, 462924
8324, 462924
8324, 462924
8324, 462924
8324, 462924
8324, 462924
8324, 462924
8324, 462924
8324, 462924
8324, 462924
8324, 462924
8324, 462924
8324, 462924
8324, 462924
8324, 462924
8324, 462924
8324, 462924
8324, 462924
8324, 462924
8324, 462924
8324, 462924
8324, 462924
8324, 462924
8324, 462924
8324, 462924
8324, 462924
8324, 462924
8324, 462924
8324, 462924
8324, 462924
8324, 462924
8324, 462924
8324, 462924
8324, 462924
8324, 462924
8324, 462924
8324, 462924
8324, 462924
8324, 462924
8324, 462924
8324, 462924
8324, 462924
8324, 462924
8324, 462924
8324, 462924
8324, 462924
8324, 462924
8324, 462924
8324, 462924
8324, 462924
8324, 462924
8324, 462924
8324, 462924
8324, 462924
8324, 462924
8324, 462924
8324, 462924
8324, 462924
8324, 462924
8324, 462924
8324, 462924
8324, 462924
8324, 462924
8324, 462924
8324, 462924
8324, 462924
8324, 462924
8324, 462924
8324, 462924
8324, 462924
8324, 462924
8324, 462924
8324, 462924
8324, 462924
8324, 462924
8324, 462924
8324, 462924
8324, 462924
8324, 462924
8324, 462924
8324, 462924
8324, 462924
8324, 462924
8324, 462924
8324, 462924
8324, 462924
8324, 462924
8324, 462924
8324, 462924
8324, 462924
8324, 462924
8324, 462924
8324, 462924
8324, 462924
8324, 462924
8324, 462924
8324, 462924
8324, 462924
8324, 462924
8324, 462924
8324, 462924
8324, 462924
8324, 462924
8324, 462924
8324, 462924
8324, 462924
8324, 462924
8324, 462924
8324, 462924
8324, 462924
8324, 462924
8324, 462924
8324, 462924
8324, 462924
8324, 462924
8324, 462924
8324, 462924
8324, 462924
8324, 462924
8324, 462924
8324, 462924
8324, 462924
8324, 462924
8324, 462924
8324, 462924
8324, 462924
8324, 462924
8324, 462924
8324, 462924
8324, 462924
8324, 462924
8324, 462924
8324, 462924
8324, 462924
8324, 462924
8324, 462924
8324, 462924
8324, 462924
8324, 462924
8324, 462924
8324, 462924
8324, 462924
8324, 462924
8324, 462924
8324, 462924
8324, 462924
8324, 462924
8324, 462924
8324, 462924
8324, 462924
8324, 462924
8324, 462924
8324, 462924
8324, 462924
8324, 462924
8324, 462924
8324, 462924
8324, 462924
8324, 462924
8324, 462924
8324, 462924
8324, 462924
8324, 462924
8324, 462924
8324, 462924
8324, 462924
8324, 462924
8324, 462924
8324, 462924
8324, 462924
8324, 462924
8324, 462924
8324, 462924
8324, 462924
8324, 462924
8324, 462924
8324, 462924
8324, 462924
8324, 462924
8324, 462924
8324, 462924
8324, 462924
8324, 462924
8324, 462924
8324, 462924
8324, 462924
8324, 462924
8324, 462924
8324, 462924
8324, 462924
8324, 462924
8324, 462924
8324, 462924
8324, 462924
8324, 462924
8324, 462924
8324, 462924
8324, 462924
8324, 462924
8324, 462924
8324, 462924
8324, 462924
8324, 462924
8324, 462924
8324, 462924
8324, 462924
8324, 462924
8324, 462924
8324, 462924
8324, 462924
8324, 462924
8324, 462924
8324, 462924
8324, 462924
8324, 462924
8324, 462924
8324, 462924
8324, 462924
8324, 462924
8324, 462924
8324, 462924
8324, 462924
8324, 462924
8324, 462924
8324, 462924
8324, 462924
8324, 462924
8324, 462924
8324, 462924
8324, 462924
8324, 462924
8324, 462924
8324, 462924
8324, 462924
8324, 462924
8324, 462924
8324, 462924
8324, 462924
8324, 462924
8324, 462924
8324, 462924
8324, 462924
8324, 462924
8324, 462924
8324, 462924
8324, 462924
8324, 462924
8324, 462924
8324, 462924
8324, 462924
8324, 462924
8324, 462924
8324, 462924
8324, 462924
8324, 462924
8324, 462924
8324, 462924
8324, 462924
8324, 462924
8324, 462924
8324, 462924
8324, 462924
8324, 462924
8324, 462924
8324, 462924
8324, 462924
8324, 462924
8324, 462924
8324, 462924
8324, 462924
8324, 462924
8324, 462924
8324, 462924
8324, 462924
8324, 462924
8324, 462924
8324, 462924
8324, 462924
8324, 462924
8324, 462924
8324, 462924
8324, 462924
8324, 462924
8324, 462924
8324, 462924
8324, 462924
8324, 462924
8324, 462924
8324, 462924
8324, 462924
8324, 462924
8324, 462924
8324, 462924
8324, 462924
8324, 462924
8324, 462924
8324, 462924
8324, 462924
8324, 462924
8324, 462924
8324, 462924
8324, 462924
8324, 462924
8324, 462924
8324, 462924
8324, 462924
8324, 462924
8324, 462924
8324, 462924
8324, 462924
8324, 462924
8324, 462924
8324, 462924
8324, 462924
8324, 462924
8324, 462924
8324, 462924
8324, 462924
8324, 462924
8324, 462924
8324, 462924
8324, 462924
8324, 462924
8324, 462924
8324, 462924
8324, 462924
8324, 462924
8324, 462924
8324, 462924
8324, 462924
8324, 462924
8324, 462924
8324, 462924
8324, 462924
8324, 462924
8324, 462924
8324, 462924
8324, 462924
8324, 462924
8324, 462924
8324, 462924
8324, 462924
8324, 462924
8324, 462924
8324, 462924
8324, 462924
8324, 462924
8324, 462924
8324, 462924
8324, 462924
8324, 462924
8324, 462924
8324, 462924
8324, 462924
8324, 462924
8324, 462924
8324, 462924
8324, 462924
8324, 462924
8324, 462924
8324, 462924
8324, 462924
8324, 462924
8324, 462924
8324, 462924
8324, 462924
8324, 462924
8324, 462924
8324, 462924
8324, 462924
8324, 462924
8324, 462924
8324, 462924
8324, 462924
8324, 462924
8324, 462924
8324, 462924
8324, 462924
8324, 462924
8324, 462924
8324, 462924
8324, 462924
8324, 462924
8324, 462924
8324, 462924
8324, 462924
8324, 462924
8324, 462924
8324, 462924
8324, 462924
8324, 462924
8324, 462924
8324, 462924
8324, 462924
8324, 462924
8324, 462924
8324, 462924
8324, 462924
8324, 462924
8324, 462924
8324, 462924
8324, 462924
8324, 462924
8324, 462924
8324, 462924
8324, 462924
8324, 462924
8324, 462924
8324, 462924
8324, 462924
8324, 462924
8324, 462924
8324, 462924
8324, 462924
8324, 462924
8324, 462924
8324, 462924
8324, 462924
8324, 462924
8324, 462924
8324, 462924
8324, 462924
8324, 462924
8324, 462924
8324, 462924
8324, 462924
8324, 462924
8324, 462924
8324, 462924
8324, 462924
8324, 462924
8324, 462924
8324, 462924
8324, 462924
8324, 462924
8324, 462924
8324, 462924
8324, 462924
8324, 462924
8324, 462924
8324, 462924
8324, 462924
8324, 462924
8324, 462924
8324, 462924
8324, 462924
8324, 462924
8324, 462924
8324, 462924
8324, 462924
8324, 462924
8324, 462924
8324, 462924
8324, 462924
8324, 462924
8324, 462924
8324, 462924
8324, 462924
8324, 462924
8324, 462924
8324, 462924
8324, 462924
8324, 462924
8324, 462924
8324, 462924
8324, 462924
8324, 462924
8324, 462924
8324, 462924
8324, 462924
8324, 462924
8324, 462924
8324, 462924
8324, 462924
8324, 462924
8324, 462924
8324, 462924
8324, 462924
8324, 462924
8324, 462924
8324, 462924
8324, 462924
8324, 462924
8324, 462924
8324, 462924
8324, 462924
8324, 462924
8324, 462924
8324, 462924
8324, 462924
8324, 462924
8324, 462924
8324, 462924
8324, 462924
8324, 462924
8324, 462924
8324, 462924
8324, 462924
8324, 462924
8324, 462924
8324, 462924
8324, 462924
8324, 462924
8324, 462924
8324, 462924
8324, 462924
8324, 462924
8324, 462924
8324, 462924
8324, 462924
8324, 462924
8324, 462924
8324, 462924
8324, 462924
8324, 462924
8324, 462924
8324, 462924
8324, 462924
8324, 462924
8324, 462924
8324, 462924
8324, 462924
8324, 462924
8324, 462924
8324, 462924
8324, 462924
8324, 462924
8324, 462924
8324, 462924
8324, 462924
8324, 462924
8324, 462924
8324, 462924
8324, 462924
8324, 462924
8324, 462924
8324, 462924
8324, 462924
8324, 462924
8324, 462924
8324, 462924
8324, 462924
8324, 462924
8324, 462924
8324, 462924
8324, 462924
8324, 462924
8324, 462924
8324, 462924
8324, 462924
8324, 462924
8324, 462924
8324, 462924
8324, 462924
8324, 462924
8324, 462924
8324, 462924
8324, 462924
8324, 462924
8324, 462924
8324, 462924
8324, 462924
8324, 462924
8324, 462924
8324, 462924
8324, 462924
8324, 462924
8324, 462924
8324, 462924
8324, 462924
8324, 462924
8324, 462924
8324, 462924
8324, 462924
8324, 462924
8324, 462924
8324, 462924
8324, 462924
8324, 462924
8324, 462924
8324, 462924
8324, 462924
8324, 462924
8324, 462924
8324, 462924
8324, 462924
8324, 462924
8324, 462924
8324, 462924
8324, 462924
8324, 462924
8324, 462924
8324, 462924
8324, 462924
8324, 462924
8324, 462924
8324, 462924
8324, 462924
8324, 462924
8324, 462924
8324, 462924
8324, 462924
8324, 462924
8324, 462924
8324, 462924
8324, 462924
8324, 462924
8324, 462924
8324, 462924
8324, 462924
8324, 462924
8324, 462924
8324, 462924
8324, 462924
8324, 462924
8324, 462924
8324, 462924
8324, 462924
8324, 462924
8324, 462924
8324, 462924
8324, 462924
8324, 462924
8324, 462924
8324, 462924
8324, 462924
8324, 462924
8324, 462924
8324, 462924
8324, 462924
8324, 462924
8324, 462924
8324, 462924
8324, 462924
8324, 462924
8324, 462924
8324, 462924
8324, 462924
8324, 462924
8324, 462924
8324, 462924
8324, 462924
8324, 462924
8324, 462924
8324, 462924
8324, 462924
8324, 462924
8324, 462924
8324, 462924
8324, 462924
8324, 462924
8324, 462924
8324, 462924
8324, 462924
8324, 462924
8324, 462924
8324, 462924
8324, 462924
8324, 462924
8324, 462924
8324, 462924
8324, 462924
8324, 462924
8324, 462924
8324, 462924
8324, 462924
8324, 462924
8324, 462924
8324, 462924
8324, 462924
8324, 462924
8324, 462924
8324, 462924
8324, 462924
8324, 462924
8324, 462924
8324, 462924
8324, 462924
8324, 462924
8324, 462924
8324, 462924
8324, 462924
8324, 462924
8324, 462924
8324, 462924
8324, 462924
8324, 462924
8324, 462924
8324, 462924
8324, 462924
8324, 462924
8324, 462924
8324, 462924
8324, 462924
8324, 462924
8324, 462924
8324, 462924
8324, 462924
8324, 462924
8324, 462924
8324, 462924
8324, 462924
8324, 462924
8324, 462924
8324, 462924
8324, 462924
8324, 462924
8324, 462924
8324, 462924
8324, 462924
8324, 462924
8324, 462924
8324, 462924
8324, 462924
8324, 462924
8324, 462924
8324, 462924
8324, 462924
8324, 462924
8324, 462924
8324, 462924
8324, 462924
8324, 462924
8324, 462924
8324, 462924
8324, 462924
8324, 462924
8324, 462924
8324, 462924
8324, 462924
8324, 462924
8324, 462924
8324, 462924
8324, 462924
8324, 462924
8324, 462924
8324, 462924
8324, 462924
8324, 462924
8324, 462924
8324, 462924
8324, 462924
8324, 462924
8324, 462924
8324, 462924
8324, 462924
8324, 462924
8324, 462924
8324, 462924
8324, 462924
8324, 462924
8324, 462924
8324, 462924
8324, 462924
8324, 462924
8324, 462924
8324, 462924
8324, 462924
8324, 462924
8324, 462924
8324, 462924
8324, 462924
8324, 462924
8324, 462924
8324, 462924
8324, 462924
8324, 462924
8324, 462924
8324, 462924
8324, 462924
8324, 462924
8324, 462924
8324, 462924
8324, 462924
8324, 462924
8324, 462924
8324, 462924
8324, 462924
8324, 462924
8324, 462924
8324, 462924
8324, 462924
8324, 462924
8324, 462924
8324, 462924
8324, 462924
8324, 462924
8324, 462924
8324, 462924
8324, 462924
8324, 462924
8324, 462924
8324, 462924
8324, 462924
8324, 462924
8324, 462924
8324, 462924
8324, 462924
8324, 462924
8324, 462924
8324, 462924
8324, 462924
8324, 462924
8324, 462924
8324, 462924
8324, 462924
8324, 462924
8324, 462924
8324, 462924
8324, 462924
8324, 462924
8324, 462924
8324, 462924
8324, 462924
8324, 462924
8324, 462924
8324, 462924
8324, 462924
8324, 462924
8324, 462924
8324, 462924
8324, 462924
8324, 462924
8324, 462924
8324, 462924
8324, 462924
8324, 462924
8324, 462924
8324, 462924
8324, 462924
8324, 462924
8324, 462924
8324, 462924
8324, 462924
8324, 462924
8324, 462924
8324, 462924
8324, 462924
8324, 462924
8324, 462924
8324, 462924
8324, 462924
8324, 462924
8324, 462924
8324, 462924
8324, 462924
8324, 462924
8324, 462924
8324, 462924
8324, 462924
8324, 462924
8324, 462924
8324, 462924
8324, 462924
8324, 462924
8324, 462924
8324, 462924
8324, 462924
8324, 462924
8324, 462924
8324, 462924
8324, 462924
8324, 462924
8324, 462924
8324, 462924
8324, 462924
8324, 462924
8324, 462924
8324, 462924
8324, 462924
8324, 462924
8324, 462924
8324, 462924
8324, 462924
8324, 462924
8324, 462924
8324, 462924
8324, 462924
8324, 462924
8324, 462924
8324, 462924
8324, 462924
8324, 462924
8324, 462924
8324, 462924
8324, 462924
8324, 462924
8324, 462924
8324, 462924
8324, 462924
8324, 462924
8324, 462924
8324, 462924
8324, 462924
8324, 462924
8324, 462924
8324, 462924
8324, 462924
8324, 462924
8324, 462924
8324, 462924
8324, 462924
8324, 462924
8324, 462924
8324, 462924
8324, 462924
8324, 462924
8324, 462924
8324, 462924
8324, 462924
8324, 462924
8324, 462924
8324, 462924
8324, 462924
8324, 462924
8324, 462924
8324, 462924
8324, 462924
8324, 462924
8324, 462924
8324, 462924
8324, 462924
8324, 462924
8324, 462924
8324, 462924
8324, 462924
8324, 462924
8324, 462924
8324, 462924
8324, 462924
8324, 462924
8324, 462924
8324, 462924
8324, 462924
8324, 462924
8324, 462924
8324, 462924
8324, 462924
8324, 462924
8324, 462924
8324, 462924
8324, 462924
8324, 462924
8324, 462924
8324, 462924
8324, 462924
8324, 462924
8324, 462924
8324, 462924
8324, 462924
8324, 462924
8324, 462924
8324, 462924
8324, 462924
8324, 462924
8324, 462924
8324, 462924
8324, 462924
8324, 462924
8324, 462924
8324, 462924
8324, 462924
8324, 462924
8324, 462924
8324, 462924
8324, 462924
8324, 462924
8324, 462924
8324, 462924
8324, 462924
8324, 462924
8324, 462924
8324, 462924
8324, 462924
8324, 462924
8324, 462924
8324, 462924
8324, 462924
8324, 462924
8324, 462924
8324, 462924
8324, 462924
8324, 462924
8324, 462924
8324, 462924
8324, 462924
8324, 462924
8324, 462924
8324, 462924
8324, 462924
8324, 462924
8324, 462924
8324, 462924
8324, 462924
8324, 462924
8324, 462924
8324, 462924
8324, 462924
8324, 462924
8324, 462924
8324, 462924
8324, 462924
8324, 462924
8324, 462924
8324, 462924
8324, 462924
8324, 462924
8324, 462924
8324, 462924
8324, 462924
8324, 462924
8324, 462924
8324, 462924
8324, 462924
8324, 462924
8324, 462924
8324, 462924
8324, 462924
8324, 462924
8324, 462924
8324, 462924
8324, 462924
8324, 462924
8324, 462924
8324, 462924
8324, 462924
8324, 462924
8324, 462924
8324, 462924
8324, 462924
8324, 462924
8324, 462924
8324, 462924
8324, 462924
8324, 462924
8324, 462924
8324, 462924
8324, 462924
8324, 462924
8324, 462924
8324, 462924
8324, 462924
8324, 462924
8324, 462924
8324, 462924
8324, 462924
8324, 462924
8324, 462924
8324, 462924
8324, 462924
8324, 462924
8324, 462924
8324, 462924
8324, 462924
8324, 462924
8324, 462924
8324, 462924
8324, 462924
8324, 462924
8324, 462924
8324, 462924
8324, 462924
8324, 462924
8324, 462924
8324, 462924
8324, 462924
8324, 462924
8324, 462924
8324, 462924
8324, 462924
8324, 462924
8324, 462924
8324, 462924
8324, 462924
8324, 462924
8324, 462924
8324, 462924
8324, 462924
8324, 462924
8324, 462924
8324, 462924
8324, 462924
8324, 462924
8324, 462924
8324, 462924
8324, 462924
8324, 462924
8324, 462924
8324, 462924
8324, 462924
8324, 462924
8324, 462924
8324, 462924
8324, 462924
8324, 462924
8324, 462924
8324, 462924
8324, 462924
8324, 462924
8324, 462924
8324, 462924
8324, 462924
8324, 462924
8324, 462924
8324, 462924
8324, 462924
8324, 462924
8324, 462924
8324, 462924
8324, 462924
8324, 462924
8324, 462924
8324, 462924
8324, 462924
8324, 462924
8324, 462924
8324, 462924
8324, 462924
8324, 462924
8324, 462924
8324, 462924
8324, 462924
8324, 462924
8324, 462924
8324, 462924
8324, 462924
8324, 462924
8324, 462924
8324, 462924
8324, 462924
8324, 462924
8324, 462924
8324, 462924
8324, 462924
8324, 462924
8324, 462924
8324, 462924
8324, 462924
8324, 462924
8324, 462924
8324, 462924
8324, 462924
8324, 462924
8324, 462924
8324, 462924
8324, 462924
8324, 462924
8324, 462924
8324, 462924
8324, 462924
8324, 462924
8324, 462924
8324, 462924
8324, 462924
8324, 462924
8324, 462924
8324, 462924
8324, 462924
8324, 462924
8324, 462924
8324, 462924
8324, 462924
8324, 462924
8324, 462924
8324, 462924
8324, 462924
8324, 462924
8324, 462924
8324, 462924
8324, 462924
8324, 462924
8324, 462924
8324, 462924
8324, 462924
8324, 462924
8324, 462924
8324, 462924
8324, 462924
8324, 462924
8324, 462924
8324, 462924
8324, 462924
8324, 462924
8324, 462924
8324, 462924
8324, 462924
8324, 462924
8324, 462924
8324, 462924
8324, 462924
8324, 462924
8324, 462924
8324, 462924
8324, 462924
8324, 462924
8324, 462924
8324, 462924
8324, 462924
8324, 462924
8324, 462924
8324, 462924
8324, 462924
8324, 462924
8324, 462924
8324, 462924
8324, 462924
8324, 462924
8324, 462924
8324, 462924
8324, 462924
8324, 462924
8324, 462924
8324, 462924
8324, 462924
8324, 462924
8324, 462924
8324, 462924
8324, 462924
8324, 462924
8324, 462924
8324, 462924
8324, 462924
8324, 462924
8324, 462924
8324, 462924
8324, 462924
8324, 462924
8324, 462924
8324, 462924
8324, 462924
8324, 462924
8324, 462924
8324, 462924
8324, 462924
8324, 462924
8324, 462924
8324, 462924
8324, 462924
8324, 462924
8324, 462924
8324, 462924
8324, 462924
8324, 462924
8324, 462924
8324, 462924
8324, 462924
8324, 462924
8324, 462924
8324, 462924
8324, 462924
8324, 462924
8324, 462924
8324, 462924
8324, 462924
8324, 462924
8324, 462924
8324, 462924
8324, 462924
8324, 462924
8324, 462924
8324, 462924
8324, 462924
8324, 462924
8324, 462924
8324, 462924
8324, 462924
8324, 462924
8324, 462924
8324, 462924
8324, 462924
8324, 462924
8324, 462924
8324, 462924
8324, 462924
8324, 462924
8324, 462924
8324, 462924
8324, 462924
8324, 462924
8324, 462924
8324, 462924
8324, 462924
8324, 462924
8324, 462924
8324, 462924
8324, 462924
8324, 462924
8324, 462924
8324, 462924
8324, 462924
8324, 462924
8324, 462924
8324, 462924
8324, 462924
8324, 462924
8324, 462924
8324, 462924
8324, 462924
8324, 462924
8324, 462924
8324, 462924
8324, 462924
8324, 462924
8324, 462924
8324, 462924
8324, 462924
8324, 462924
8324, 462924
8324, 462924
8324, 462924
8324, 462924
8324, 462924
8324, 462924
8324, 462924
8324, 462924
8324, 462924
8324, 462924
8324, 462924
8324, 462924
8324, 462924
8324, 462924
8324, 462924
8324, 462924
8324, 462924
8324, 462924
8324, 462924
8324, 462924
8324, 462924
8324, 462924
8324, 462924
8324, 462924
8324, 462924
8324, 462924
8324, 462924
8324, 462924
8324, 462924
8324, 462924
8324, 462924
8324, 462924
8324, 462924
8324, 462924
8324, 462924
8324, 462924
8324, 462924
8324, 462924
8324, 462924
8324, 462924
8324, 462924
8324, 462924
8324, 462924
8324, 462924
8324, 462924
8324, 462924
8324, 462924
8324, 462924
8324, 462924
8324, 462924
8324, 462924
8324, 462924
8324, 462924
8324, 462924
8324, 462924
8324, 462924
8324, 462924
8324, 462924
8324, 462924
8324, 462924
8324, 462924
8324, 462924
8324, 462924
8324, 462924
8324, 462924
8324, 462924
8324, 462924
8324, 462924
8324, 462924
8324, 462924
8324, 462924
8324, 462924
8324, 462924
8324, 462924
8324, 462924
8324, 462924
8324, 462924
8324, 462924
8324, 462924
8324, 462924
8324, 462924
8324, 462924
8324, 462924
8324, 462924
8324, 462924
8324, 462924
8324, 462924
8324, 462924
8324, 462924
8324, 462924
8324, 462924
8324, 462924
8324, 462924
8324, 462924
8324, 462924
8324, 462924
8324, 462924
8324, 462924
8324, 462924
8324, 462924
8324, 462924
8324, 462924
8324, 462924
8324, 462924
8324, 462924
8324, 462924
8324, 462924
8324, 462924
8324, 462924
8324, 462924
8324, 462924
8324, 462924
8324, 462924
8324, 462924
8324, 462924
8324, 462924
8324, 462924
8324, 462924
8324, 462924
8324, 462924
8324, 462924
8324, 462924
8324, 462924
8324, 462924
8324, 462924
8324, 462924
8324, 462924
8324, 462924
8324, 462924
8324, 462924
8324, 462924
8324, 462924
8324, 462924
8324, 462924
8324, 462924
8324, 462924
8324, 462924
8324, 462924
8324, 462924
8324, 462924
8324, 462924
8324, 462924
8324, 462924
8324, 462924
8324, 462924
8324, 462924
8324, 462924
8324, 462924
8324, 462924
8324, 462924
8324, 462924
8324, 462924
8324, 462924
8324, 462924
8324, 462924
8324, 462924
8324, 462924
8324, 462924
8324, 462924
8324, 462924
8324, 462924
8324, 462924
8324, 462924
8324, 462924
8324, 462924
8324, 462924
8324, 462924
8324, 462924
8324, 462924
8324, 462924
8324, 462924
8324, 462924
8324, 462924
8324, 462924
8324, 462924
8324, 462924
8324, 462924
8324, 462924
8324, 462924
8324, 462924
8324, 462924
8324, 462924
8324, 462924
8324, 462924
8324, 462924
8324, 462924
8324, 462924
8324, 462924
8324, 462924
8324, 462924
8324, 462924
8324, 462924
8324, 462924
8324, 462924
8324, 462924
8324, 462924
8324, 462924
8324, 462924
8324, 462924
8324, 462924
8324, 462924
8324, 462924
8324, 462924
8324, 462924
8324, 462924
8324, 462924
8324, 462924
8324, 462924
8324, 462924
8324, 462924
8324, 462924
8324, 462924
8324, 462924
8324, 462924
8324, 462924
8324, 462924
8324, 462924
8324, 462924
8324, 462924
8324, 462924
8324, 462924
8324, 462924
8324, 462924
8324, 462924
8324, 462924
8324, 462924
8324, 462924
8324, 462924
8324, 462924
8324, 462924
8324, 462924
8324, 462924
8324, 462924
8324, 462924
8324, 462924
8324, 462924
8324, 462924
8324, 462924
8324, 462924
8324, 462924
8324, 462924
8324, 462924
8324, 462924
8324, 462924
8324, 462924
8324, 462924
8324, 462924
8324, 462924
8324, 462924
8324, 462924
8324, 462924
8324, 462924
8324, 462924
8324, 462924
8324, 462924
8324, 462924
8324, 462924
8324, 462924
8324, 462924
8324, 462924
8324, 462924
8324, 462924
8324, 462924
8324, 462924
8324, 462924
8324, 462924
8324, 462924
8324, 462924
8324, 462924
8324, 462924
8324, 462924
8324, 462924
8324, 462924
8324, 462924
8324, 462924
8324, 462924
8324, 462924
8324, 462924
8324, 462924
8324, 462924
8324, 462924
8324, 462924
8324, 462924
8324, 462924
8324, 462924
8324, 462924
8324, 462924
8324, 462924
8324, 462924
8324, 462924
8324, 462924
8324, 462924
8324, 462924
8324, 462924
8324, 462924
8324, 462924
8324, 462924
8324, 462924
8324, 462924
8324, 462924
8324, 462924
8324, 462924
8324, 462924
8324, 462924
8324, 462924
8324, 462924
8324, 462924
8324, 462924
8324, 462924
8324, 462924
8324, 462924
8324, 462924
8324, 462924
8324, 462924
8324, 462924
8324, 462924
8324, 462924
8324, 462924
8324, 462924
8324, 462924
8324, 462924
8324, 462924
8324, 462924
8324, 462924
8324, 462924
8324, 462924
8324, 462924
8324, 462924
8324, 462924
8324, 462924
8324, 462924
8324, 462924
8324, 462924
8324, 462924
8324, 462924
8324, 462924
8324, 462924
8324, 462924
8324, 462924
8324, 462924
8324, 462924
8324, 462924
8324, 462924
8324, 462924
8324, 462924
8324, 462924
8324, 462924
8324, 462924
8324, 462924
8324, 462924
8324, 462924
8324, 462924
8324, 462924
8324, 462924
8324, 462924
8324, 462924
8324, 462924
8324, 462924
8324, 462924
8324, 462924
8324, 462924
8324, 462924
8324, 462924
8324, 462924
8324, 462924
8324, 462924
8324, 462924
8324, 462924
8324, 462924
8324, 462924
8324, 462924
8324, 462924
8324, 462924
8324, 462924
8324, 462924
8324, 462924
8324, 462924
8324, 462924
8324, 462924
8324, 462924
8324, 462924
8324, 462924
8324, 462924
8324, 462924
8324, 462924
8324, 462924
8324, 462924
8324, 462924
8324, 462924
8324, 462924
8324, 462924
8324, 462924
8324, 462924
8324, 462924
8324, 462924
8324, 462924
8324, 462924
8324, 462924
8324, 462924
8324, 462924
8324, 462924
8324, 462924
8324, 462924
8324, 462924
8324, 462924
8324, 462924
8324, 462924
8324, 462924
8324, 462924
8324, 462924
8324, 462924
8324, 462924
8324, 462924
8324, 462924
8324, 462924
8324, 462924
8324, 462924
8324, 462924
8324, 462924
8324, 462924
8324, 462924
8324, 462924
8324, 462924
8324, 462924
8324, 462924
8324, 462924
8324, 462924
8324, 462924
8324, 462924
8324, 462924
8324, 462924
8324, 462924
8324, 462924
8324, 462924
8324, 462924
8324, 462924
8324, 462924
8324, 462924
8324, 462924
8324, 462924
8324, 462924
8324, 462924
8324, 462924
8324, 462924
8324, 462924
8324, 462924
8324, 462924
8324, 462924
8324, 462924
8324, 462924
8324, 462924
8324, 462924
8324, 462924
8324, 462924
8324, 462924
8324, 462924
8324, 462924
8324, 462924
8324, 462924
8324, 462924
8324, 462924
8324, 462924
8324, 462924
8324, 462924
8324, 462924
8324, 462924
8324, 462924
8324, 462924
8324, 462924
8324, 462924
8324, 462924
8324, 462924
8324, 462924
8324, 462924
8324, 462924
8324, 462924
8324, 462924
8324, 462924
8324, 462924
8324, 462924
8324, 462924
8324, 462924
8324, 462924
8324, 462924
8324, 462924
8324, 462924
8324, 462924
8324, 462924
8324, 462924
8324, 462924
8324, 462924
8324, 462924
8324, 462924
8324, 462924
8324, 462924
8324, 462924
8324, 462924
8324, 462924
8324, 462924
8324, 462924
8324, 462924
8324, 462924
8324, 462924
8324, 462924
8324, 462924
8324, 462924
8324, 462924
8324, 462924
8324, 462924
8324, 462924
8324, 462924
8324, 462924
8324, 462924
8324, 462924
8324, 462924
8324, 462924
8324, 462924
8324, 462924
8324, 462924
8324, 462924
8324, 462924
8324, 462924
8324, 462924
8324, 462924
8324, 462924
8324, 462924
8324, 462924
8324, 462924
8324, 462924
8324, 462924
8324, 462924
8324, 462924
8324, 462924
8324, 462924
8324, 462924
8324, 462924
8324, 462924
8324, 462924
8324, 462924
8324, 462924
8324, 462924
8324, 462924
8324, 462924
8324, 462924
8324, 462924
8324, 462924
8324, 462924
8324, 462924
8324, 462924
8324, 462924
8324, 462924
8324, 462924
8324, 462924
8324, 462924
8324, 462924
8324, 462924
8324, 462924
8324, 462924
8324, 462924
8324, 462924
8324, 462924
8324, 462924
8324, 462924
8324, 462924
8324, 462924
8324, 462924
8324, 462924
8324, 462924
8324, 462924
8324, 462924
8324, 462924
8324, 462924
8324, 462924
8324, 462924
8324, 462924
8324, 462924
8324, 462924
8324, 462924
8324, 462924
8324, 462924
8324, 462924
8324, 462924
8324, 462924
8324, 462924
8324, 462924
8324, 462924
8324, 462924
8324, 462924
8324, 462924
8324, 462924
8324, 462924
8324, 462924
8324, 462924
8324, 462924
8324, 462924
8324, 462924
8324, 462924
8324, 462924
8324, 462924
8324, 462924
8324, 462924
8324, 462924
8324, 462924
8324, 462924
8324, 462924
8324, 462924
8324, 462924
8324, 462924
8324, 462924
8324, 462924
8324, 462924
8324, 462924
8324, 462924
8324, 462924
8324, 462924
8324, 462924
8324, 462924
8324, 462924
8324, 462924
8324, 462924
8324, 462924
8324, 462924
8324, 462924
8324, 462924
8324, 462924
8324, 462924
8324, 462924
8324, 462924
8324, 462924
8324, 462924
8324, 462924
8324, 462924
8324, 462924
8324, 462924
8324, 462924
8324, 462924
8324, 462924
8324, 462924
8324, 462924
8324, 462924
8324, 462924
8324, 462924
8324, 462924
8324, 462924
8324, 462924
8324, 462924
8324, 462924
8324, 462924
8324, 462924
8324, 462924
8324, 462924
8324, 462924
8324, 462924
8324, 462924
8324, 462924
8324, 462924
8324, 462924
8324, 462924
8324, 462924
8324, 462924
8324, 462924
8324, 462924
8324, 462924
8324, 462924
8324, 462924
8324, 462924
8324, 462924
8324, 462924
8324, 462924
8324, 462924
8324, 462924
8324, 462924
8324, 462924
8324, 462924
8324, 462924
8324, 462924
8324, 462924
8324, 462924
8324, 462924
8324, 462924
8324, 462924
8324, 462924
8324, 462924
8324, 462924
8324, 462924
8324, 462924
8324, 462924
8324, 462924
8324, 462924
8324, 462924
8324, 462924
8324, 462924
8324, 462924
8324, 462924
8324, 462924
8324, 462924
8324, 462924
8324, 462924
8324, 462924
8324, 462924
8324, 462924
8324, 462924
8324, 462924
8324, 462924
8324, 462924
8324, 462924
8324, 462924
8324, 462924
8324, 462924
8324, 462924
8324, 462924
8324, 462924
8324, 462924
8324, 462924
8324, 462924
8324, 462924
8324, 462924
8324, 462924
8324, 462924
8324, 462924
8324, 462924
8324, 462924
8324, 462924
8324, 462924
8324, 462924
8324, 462924
8324, 462924
8324, 462924
8324, 462924
8324, 462924
8324, 462924
8324, 462924
8324, 462924
8324, 462924
8324, 462924
8324, 462924
8324, 462924
8324, 462924
8324, 462924
8324, 462924
8324, 462924
8324, 462924
8324, 462924
8324, 462924
8324, 462924
8324, 462924
8324, 462924
8324, 462924
8324, 462924
8324, 462924
8324, 462924
8324, 462924
8324, 462924
8324, 462924
8324, 462924
8324, 462924
8324, 462924
8324, 462924
8324, 462924
8324, 462924
8324, 462924
8324, 462924
8324, 462924
8324, 462924
8324, 462924
8324, 462924
8324, 462924
8324, 462924
8324, 462924
8324, 462924
8324, 462924
8324, 462924
8324, 462924
8324, 462924
8324, 462924
8324, 462924
8324, 462924
8324, 462924
8324, 462924
8324, 462924
8324, 462924
8324, 462924
8324, 462924
8324, 462924
8324, 462924
8324, 462924
8324, 462924
8324, 462924
8324, 462924
8324, 462924
8324, 462924
8324, 462924
8324, 462924
8324, 462924
8324, 462924
8324, 462924
8324, 462924
8324, 462924
8324, 462924
8324, 462924
8324, 462924
8324, 462924
8324, 462924
8324, 462924
8324, 462924
8324, 462924
8324, 462924
8324, 462924
8324, 462924
8324, 462924
8324, 462924
8324, 462924
8324, 462924
8324, 462924
8324, 462924
8324, 462924
8324, 462924
8324, 462924
8324, 462924
8324, 462924
8324, 462924
8324, 462924
8324, 462924
8324, 462924
8324, 462924
8324, 462924
8324, 462924
8324, 462924
8324, 462924
8324, 462924
8324, 462924
8324, 462924
8324, 462924
8324, 462924
8324, 462924
8324, 462924
8324, 462924
8324, 462924
8324, 462924
8324, 462924
8324, 462924
8324, 462924
8324, 462924
8324, 462924
8324, 462924
8324, 462924
8324, 462924
8324, 462924
8324, 462924
8324, 462924
8324, 462924
8324, 462924
8324, 462924
8324, 462924
8324, 462924
8324, 462924
8324, 462924
8324, 462924
8324, 462924
8324, 462924
8324, 462924
8324, 462924
8324, 462924
8324, 462924
8324, 462924
8324, 462924
8324, 462924
8324, 462924
8324, 462924
8324, 462924
8324, 462924
8324, 462924
8324, 462924
8324, 462924
8324, 462924
8324, 462924
8324, 462924
8324, 462924
8324, 462924
8324, 462924
8324, 462924
8324, 462924
8324, 462924
8324, 462924
8324, 462924
8324, 462924
8324, 462924
8324, 462924
8324, 462924
8324, 462924
8324, 462924
8324, 462924
8324, 462924
8324, 462924
8324, 462924
8324, 462924
8324, 462924
8324, 462924
8324, 462924
8324, 462924
8324, 462924
8324, 462924
8324, 462924
8324, 462924
8324, 462924
8324, 462924
8324, 462924
8324, 462924
8324, 462924
8324, 462924
8324, 462924
8324, 462924
8324, 462924
8324, 462924
8324, 462924
8324, 462924
8324, 462924
8324, 462924
8324, 462924
8324, 462924
8324, 462924
8324, 462924
8324, 462924
8324, 462924
8324, 462924
8324, 462924
8324, 462924
8324, 462924
8324, 462924
8324, 462924
8324, 462924
8324, 462924
8324, 462924
8324, 462924
8324, 462924
8324, 462924
8324, 462924
8324, 462924
8324, 462924
8324, 462924
8324, 462924
8324, 462924
8324, 462924
8324, 462924
8324, 462924
8324, 462924
8324, 462924
8324, 462924
8324, 462924
8324, 462924
8324, 462924
8324, 462924
8324, 462924
8324, 462924
8324, 462924
8324, 462924
8324, 462924
8324, 462924
8324, 462924
8324, 462924
8324, 462924
8324, 462924
8324, 462924
8324, 462924
8324, 462924
8324, 462924
8324, 462924
8324, 462924
8324, 462924
8324, 462924
8324, 462924
8324, 462924
8324, 462924
8324, 462924
8324, 462924
8324, 462924
8324, 462924
8324, 462924
8324, 462924
8324, 462924
8324, 462924
8324, 462924
8324, 462924
8324, 462924
8324, 462924
8324, 462924
8324, 462924
8324, 462924
8324, 462924
8324, 462924
8324, 462924
8324, 462924
8324, 462924
8324, 462924
8324, 462924
8324, 462924
8324, 462924
8324, 462924
8324, 462924
8324, 462924
8324, 462924
8324, 462924
8324, 462924
8324, 462924
8324, 462924
8324, 462924
8324, 462924
8324, 462924
8324, 462924
8324, 462924
8324, 462924
8324, 462924
8324, 462924
8324, 462924
8324, 462924
8324, 462924
8324, 462924
8324, 462924
8324, 462924
8324, 462924
8324, 462924
8324, 462924
8324, 462924
8324, 462924
8324, 462924
8324, 462924
8324, 462924
8324, 462924
8324, 462924
8324, 462924
8324, 462924
8324, 462924
8324, 462924
8324, 462924
8324, 462924
8324, 462924
8324, 462924
8324, 462924
8324, 462924
8324, 462924
8324, 462924
8324, 462924
8324, 462924
8324, 462924
8324, 462924
8324, 462924
8324, 462924
8324, 462924
8324, 462924
8324, 462924
8324, 462924
8324, 462924
8324, 462924
8324, 462924
8324, 462924
8324, 462924
8324, 462924
8324, 462924
8324, 462924
8324, 462924
8324, 462924
8324, 462924
8324, 462924
8324, 462924
8324, 462924
8324, 462924
8324, 462924
8324, 462924
8324, 462924
8324, 462924
8324, 462924
8324, 462924
8324, 462924
8324, 462924
8324, 462924
8324, 462924
8324, 462924
8324, 462924
8324, 462924
8324, 462924
8324, 462924
8324, 462924
8324, 462924
8324, 462924
8324, 462924
8324, 462924
8324, 462924
8324, 462924
8324, 462924
8324, 462924
8324, 462924
8324, 462924
8324, 462924
8324, 462924
8324, 462924
8324, 462924
8324, 462924
8324, 462924
8324, 462924
8324, 462924
8324, 462924
8324, 462924
8324, 462924
8324, 462924
8324, 462924
8324, 462924
8324, 462924
8324, 462924
8324, 462924
8324, 462924
8324, 462924
8324, 462924
8324, 462924
8324, 462924
8324, 462924
8324, 462924
8324, 462924
8324, 462924
8324, 462924
8324, 462924
8324, 462924
8324, 462924
8324, 462924
8324, 462924
8324, 462924
8324, 462924
8324, 462924
8324, 462924
8324, 462924
8324, 462924
8324, 462924
8324, 462924
8324, 462924
8324, 462924
8324, 462924
8324, 462924
8324, 462924
8324, 462924
8324, 462924
8324, 462924
8324, 462924
8324, 462924
8324, 462924
8324, 462924
8324, 462924
8324, 462924
8324, 462924
8324, 462924
8324, 462924
8324, 462924
8324, 462924
8324, 462924
8324, 462924
8324, 462924
8324, 462924
8324, 462924
8324, 462924
8324, 462924
8324, 462924
8324, 462924
8324, 462924
8324, 462924
8324, 462924
8324, 462924
8324, 462924
8324, 462924
8324, 462924
8324, 462924
8324, 462924
8324, 462924
8324, 462924
8324, 462924
8324, 462924
8324, 462924
8324, 462924
8324, 462924
8324, 462924
8324, 462924
8324, 462924
8324, 462924
8324, 462924
8324, 462924
8324, 462924
8324, 462924
8324, 462924
8324, 462924
8324, 462924
8324, 462924
8324, 462924
8324, 462924
8324, 462924
8324, 462924
8324, 462924
8324, 462924
8324, 462924
8324, 462924
8324, 462924
8324, 462924
8324, 462924
8324, 462924
8324, 462924
8324, 462924
8324, 462924
8324, 462924
8324, 462924
8324, 462924
8324, 462924
8324, 462924
8324, 462924
8324, 462924
8324, 462924
8324, 462924
8324, 462924
8324, 462924
8324, 462924
8324, 462924
8324, 462924
8324, 462924
8324, 462924
8324, 462924
8324, 462924
8324, 462924
8324, 462924
8324, 462924
8324, 462924
8324, 462924
8324, 462924
8324, 462924
8324, 462924
8324, 462924
8324, 462924
8324, 462924
8324, 462924
8324, 462924
8324, 462924
8324, 462924
8324, 462924
8324, 462924
8324, 462924
8324, 462924
8324, 462924
8324, 462924
8324, 462924
8324, 462924
8324, 462924
8324, 462924
8324, 462924
8324, 462924
8324, 462924
8324, 462924
8324, 462924
8324, 462924
8324, 462924
8324, 462924
8324, 462924
8324, 462924
8324, 462924
8324, 462924
8324, 462924
8324, 462924
8324, 462924
8324, 462924
8324, 462924
8324, 462924
8324, 462924
8324, 462924
8324, 462924
8324, 462924
8324, 462924
8324, 462924
8324, 462924
8324, 462924
8324, 462924
8324, 462924
8324, 462924
8324, 462924
8324, 462924
8324, 462924
8324, 462924
8324, 462924
8324, 462924
8324, 462924
8324, 462924
8324, 462924
8324, 462924
8324, 462924
8324, 462924
8324, 462924
8324, 462924
8324, 462924
8324, 462924
8324, 462924
8324, 462924
8324, 462924
8324, 462924
8324, 462924
8324, 462924
8324, 462924
8324, 462924
8324, 462924
8324, 462924
8324, 462924
8324, 462924
8324, 462924
8324, 462924
8324, 462924
8324, 462924
8324, 462924
8324, 462924
8324, 462924
8324, 462924
8324, 462924
8324, 462924
8324, 462924
8324, 462924
8324, 462924
8324, 462924
8324, 462924
8324, 462924
8324, 462924
8324, 462924
8324, 462924
8324, 462924
8324, 462924
8324, 462924
8324, 462924
8324, 462924
8324, 462924
8324, 462924
8324, 462924
8324, 462924
8324, 462924
8324, 462924
8324, 462924
8324, 462924
8324, 462924
8324, 462924
8324, 462924
8324, 462924
8324, 462924
8324, 462924
8324, 462924
8324, 462924
8324, 462924
8324, 462924
8324, 462924
8324, 462924
8324, 462924
8324, 462924
8324, 462924
8324, 462924
8324, 462924
8324, 462924
8324, 462924
8324, 462924
8324, 462924
8324, 462924
8324, 462924
8324, 462924
8324, 462924
8324, 462924
8324, 462924
8324, 462924
8324, 462924
8324, 462924
8324, 462924
8324, 462924
8324, 462924
8324, 462924
8324, 462924
8324, 462924
8324, 462924
8324, 462924
8324, 462924
8324, 462924
8324, 462924
8324, 462924
8324, 462924
8324, 462924
8324, 462924
8324, 462924
8324, 462924
8324, 462924
8324, 462924
8324, 462924
8324, 462924
8324, 462924
8324, 462924
8324, 462924
8324, 462924
8324, 462924
8324, 462924
8324, 462924
8324, 462924
8324, 462924
8324, 462924
8324, 462924
8324, 462924
8324, 462924
8324, 462924
8324, 462924
8324, 462924
8324, 462924
8324, 462924
8324, 462924
8324, 462924
8324, 462924
8324, 462924
8324, 462924
8324, 462924
8324, 462924
8324, 462924
8324, 462924
8324, 462924
8324, 462924
8324, 462924
8324, 462924
8324, 462924
8324, 462924
8324, 462924
8324, 462924
8324, 462924
8324, 462924
8324, 462924
8324, 462924
8324, 462924
8324, 462924
8324, 462924
8324, 462924
8324, 462924
8324, 462924
8324, 462924
8324, 462924
8324, 462924
8324, 462924
8324, 462924
8324, 462924
8324, 462924
8324, 462924
8324, 462924
8324, 462924
8324, 462924
8324, 462924
8324, 462924
8324, 462924
8324, 462924
8324, 462924
8324, 462924
8324, 462924
8324, 462924
8324, 462924
8324, 462924
8324, 462924
8324, 462924
8324, 462924
8324, 462924
8324, 462924
8324, 462924
8324, 462924
8324, 462924
8324, 462924
8324, 462924
8324, 462924
8324, 462924
8324, 462924
8324, 462924
8324, 462924
8324, 462924
8324, 462924
8324, 462924
8324, 462924
8324, 462924
8324, 462924
8324, 462924
8324, 462924
8324, 462924
8324, 462924
8324, 462924
8324, 462924
8324, 462924
8324, 462924
8324, 462924
8324, 462924
8324, 462924
8324, 462924
8324, 462924
8324, 462924
8324, 462924
8324, 462924
8324, 462924
8324, 462924
8324, 462924
8324, 462924
8324, 462924
8324, 462924
8324, 462924
8324, 462924
8324, 462924
8324, 462924
8324, 462924
8324, 462924
8324, 462924
8324, 462924
8324, 462924
8324, 462924
8324, 462924
8324, 462924
8324, 462924
8324, 462924
8324, 462924
8324, 462924
8324, 462924
8324, 462924
8324, 462924
8324, 462924
8324, 462924
8324, 462924
8324, 462924
8324, 462924
8324, 462924
8324, 462924
8324, 462924
8324, 462924
8324, 462924
8324, 462924
8324, 462924
8324, 462924
8324, 462924
8324, 462924
8324, 462924
8324, 462924
8324, 462924
8324, 462924
8324, 462924
8324, 462924
8324, 462924
8324, 462924
8324, 462924
8324, 462924
8324, 462924
8324, 462924
8324, 462924
8324, 462924
8324, 462924
8324, 462924
8324, 462924
8324, 462924
8324, 462924
8324, 462924
8324, 462924
8324, 462924
8324, 462924
8324, 462924
8324, 462924
8324, 462924
8324, 462924
8324, 462924
8324, 462924
8324, 462924
8324, 462924
8324, 462924
8324, 462924
8324, 462924
8324, 462924
8324, 462924
8324, 462924
8324, 462924
8324, 462924
8324, 462924
8324, 462924
8324, 462924
8324, 462924
8324, 462924
8324, 462924
8324, 462924
8324, 462924
8324, 462924
8324, 462924
8324, 462924
8324, 462924
8324, 462924
8324, 462924
8324, 462924
8324, 462924
8324, 462924
8324, 462924
8324, 462924
8324, 462924
8324, 462924
8324, 462924
8324, 462924
8324, 462924
8324, 462924
8324, 462924
8324, 462924
8324, 462924
8324, 462924
8324, 462924
8324, 462924
8324, 462924
8324, 462924
8324, 462924
8324, 462924
8324, 462924
8324, 462924
8324, 462924
8324, 462924
8324, 462924
8324, 462924
8324, 462924
8324, 462924
8324, 462924
8324, 462924
8324, 462924
8324, 462924
8324, 462924
8324, 462924
8324, 462924
8324, 462924
8324, 462924
8324, 462924
8324, 462924
8324, 462924
8324, 462924
8324, 462924
8324, 462924
8324, 462924
8324, 462924
8324, 462924
8324, 462924
8324, 462924
8324, 462924
8324, 462924
8324, 462924
8324, 462924
8324, 462924
8324, 462924
8324, 462924
8324, 462924
8324, 462924
8324, 462924
8324, 462924
8324, 462924
8324, 462924
8324, 462924
8324, 462924
8324, 462924
8324, 462924
8324, 462924
8324, 462924
8324, 462924
8324, 462924
8324, 462924
8324, 462924
8324, 462924
8324, 462924
8324, 462924
8324, 462924
8324, 462924
8324, 462924
8324, 462924
8324, 462924
8324, 462924
8324, 462924
8324, 462924
8324, 462924
8324, 462924
8324, 462924
8324, 462924
8324, 462924
8324, 462924
8324, 462924
8324, 462924
8324, 462924
8324, 462924
8324, 462924
8324, 462924
8324, 462924
8324, 462924
8324, 462924
8324, 462924
8324, 462924
8324, 462924
8324, 462924
8324, 462924
8324, 462924
8324, 462924
8324, 462924
8324, 462924
8324, 462924
8324, 462924
8324, 462924
8324, 462924
8324, 462924
8324, 462924
8324, 462924
8324, 462924
8324, 462924
8324, 462924
8324, 462924
8324, 462924
8324, 462924
8324, 462924
8324, 462924
8324, 462924
8324, 462924
8324, 462924
8324, 462924
8324, 462924
8324, 462924
8324, 462924
8324, 462924
8324, 462924
8324, 462924
8324, 462924
8324, 462924
8324, 462924
8324, 462924
8324, 462924
8324, 462924
8324, 462924
8324, 462924
8324, 462924
8324, 462924
8324, 462924
8324, 462924
8324, 462924
8324, 462924
8324, 462924
8324, 462924
8324, 462924
8324, 462924
8324, 462924
8324, 462924
8324, 462924
8324, 462924
8324, 462924
8324, 462924
8324, 462924
8324, 462924
8324, 462924
8324, 462924
8324, 462924
8324, 462924
8324, 462924
8324, 462924
8324, 462924
8324, 462924
8324, 462924
8324, 462924
8324, 462924
8324, 462924
8324, 462924
8324, 462924
8324, 462924
8324, 462924
8324, 462924
8324, 462924
8324, 462924
8324, 462924
8324, 462924
8324, 462924
8324, 462924
8324, 462924
8324, 462924
8324, 462924
8324, 462924
8324, 462924
8324, 462924
8324, 462924
8324, 462924
8324, 462924
8324, 462924
8324, 462924
8324, 462924
8324, 462924
8324, 462924
8324, 462924
8324, 462924
8324, 462924
8324, 462924
8324, 462924
8324, 462924
8324, 462924
8324, 462924
8324, 462924
8324, 462924
8324, 462924
8324, 462924
8324, 462924
8324, 462924
8324, 462924
8324, 462924
8324, 462924
8324, 462924
8324, 462924
8324, 462924
8324, 462924
8324, 462924
8324, 462924
8324, 462924
8324, 462924
8324, 462924
8324, 462924
8324, 462924
8324, 462924
8324, 462924
8324, 462924
8324, 462924
8324, 462924
8324, 462924
8324, 462924
8324, 462924
8324, 462924
8324, 462924
8324, 462924
8324, 462924
8324, 462924
8324, 462924
8324, 462924
8324, 462924
8324, 462924
8324, 462924
8324, 462924
8324, 462924
8324, 462924
8324, 462924
8324, 462924
8324, 462924
8324, 462924
8324, 462924
8324, 462924
8324, 462924
8324, 462924
8324, 462924
8324, 462924
8324, 462924
8324, 462924
8324, 462924
8324, 462924
8324, 462924
8324, 462924
8324, 462924
8324, 462924
8324, 462924
8324, 462924
8324, 462924
8324, 462924
8324, 462924
8324, 462924
8324, 462924
8324, 462924
8324, 462924
8324, 462924
8324, 462924
8324, 462924
8324, 462924
8324, 462924
8324, 462924
8324, 462924
8324, 462924
8324, 462924
8324, 462924
8324, 462924
8324, 462924
8324, 462924
8324, 462924
8324, 462924
8324, 462924
8324, 462924
8324, 462924
8324, 462924
8324, 462924
8324, 462924
8324, 462924
8324, 462924
8324, 462924
8324, 462924
8324, 462924
8324, 462924
8324, 462924
8324, 462924
8324, 462924
8324, 462924
8324, 462924
8324, 462924
8324, 462924
8324, 462924
8324, 462924
8324, 462924
8324, 462924
8324, 462924
8324, 462924
8324, 462924
8324, 462924
8324, 462924
8324, 462924
8324, 462924
8324, 462924
8324, 462924
8324, 462924
8324, 462924
8324, 462924
8324, 462924
8324, 462924
8324, 462924
8324, 462924
8324, 462924
8324, 462924
8324, 462924
8324, 462924
8324, 462924
8324, 462924
8324, 462924
8324, 462924
8324, 462924
8324, 462924
8324, 462924
8324, 462924
8324, 462924
8324, 462924
8324, 462924
8324, 462924
8324, 462924
8324, 462924
8324, 462924
8324, 462924
8324, 462924
8324, 462924
8324, 462924
8324, 462924
8324, 462924
8324, 462924
8324, 462924
8324, 462924
8324, 462924
8324, 462924
8324, 462924
8324, 462924
8324, 462924
8324, 462924
8324, 462924
8324, 462924
8324, 462924
8324, 462924
8324, 462924
8324, 462924
8324, 462924
8324, 462924
8324, 462924
8324, 462924
8324, 462924
8324, 462924
8324, 462924
8324, 462924
8324, 462924
8324, 462924
8324, 462924
8324, 462924
8324, 462924
8324, 462924
8324, 462924
8324, 462924
8324, 462924
8324, 462924
8324, 462924
8324, 462924
8324, 462924
8324, 462924
8324, 462924
8324, 462924
8324, 462924
8324, 462924
8324, 462924
8324, 462924
8324, 462924
8324, 462924
8324, 462924
8324, 462924
8324, 462924
8324, 462924
8324, 462924
8324, 462924
8324, 462924
8324, 462924
8324, 462924
8324, 462924
8324, 462924
8324, 462924
8324, 462924
8324, 462924
8324, 462924
8324, 462924
8324, 462924
8324, 462924
8324, 462924
8324, 462924
8324, 462924
8324, 462924
8324, 462924
8324, 462924
8324, 462924
8324, 462924
8324, 462924
8324, 462924
8324, 462924
8324, 462924
8324, 462924
8324, 462924
8324, 462924
8324, 462924
8324, 462924
8324, 462924
8324, 462924
8324, 462924
8324, 462924
8324, 462924
8324, 462924
8324, 462924
8324, 462924
8324, 462924
8324, 462924
8324, 462924
8324, 462924
8324, 462924
8324, 462924
8324, 462924
8324, 462924
8324, 462924
8324, 462924
8324, 462924
8324, 462924
8324, 462924
8324, 462924
8324, 462924
8324, 462924
8324, 462924
8324, 462924
8324, 462924
8324, 462924
8324, 462924
8324, 462924
8324, 462924
8324, 462924
8324, 462924
8324, 462924
8324, 462924
8324, 462924
8324, 462924
8324, 462924
8324, 462924
8324, 462924
8324, 462924
8324, 462924
8324, 462924
8324, 462924
8324, 462924
8324, 462924
8324, 462924
8324, 462924
8324, 462924
8324, 462924
8324, 462924
8324, 462924
8324, 462924
8324, 462924
8324, 462924
8324, 462924
8324, 462924
8324, 462924
8324, 462924
8324, 462924
8324, 462924
8324, 462924
8324, 462924
8324, 462924
8324, 462924
8324, 462924
8324, 462924
8324, 462924
8324, 462924
8324, 462924
8324, 462924
8324, 462924
8324, 462924
8324, 462924
8324, 462924
8324, 462924
8324, 462924
8324, 462924
8324, 462924
8324, 462924
8324, 462924
8324, 462924
8324, 462924
8324, 462924
8324, 462924
8324, 462924
8324, 462924
8324, 462924
8324, 462924
8324, 462924
8324, 462924
8324, 462924
8324, 462924
8324, 462924
8324, 462924
8324, 462924
8324, 462924
8324, 462924
8324, 462924
8324, 462924
8324, 462924
8324, 462924
8324, 462924
8324, 462924
8324, 462924
8324, 462924
8324, 462924
8324, 462924
8324, 462924
8324, 462924
8324, 462924
8324, 462924
8324, 462924
8324, 462924
8324, 462924
8324, 462924
8324, 462924
8324, 462924
8324, 462924
8324, 462924
8324, 462924
8324, 462924
8324, 462924
8324, 462924
8324, 462924
8324, 462924
8324, 462924
8324, 462924
8324, 462924
8324, 462924
8324, 462924
8324, 462924
8324, 462924
8324, 462924
8324, 462924
8324, 462924
8324, 462924
8324, 462924
8324, 462924
8324, 462924
8324, 462924
8324, 462924
8324, 462924
8324, 462924
8324, 462924
8324, 462924
8324, 462924
8324, 462924
8324, 462924
8324, 462924
8324, 462924
8324, 462924
8324, 462924
8324, 462924
8324, 462924
8324, 462924
8324, 462924
8324, 462924
8324, 462924
8324, 462924
8324, 462924
8324, 462924
8324, 462924
8324, 462924
8324, 462924
8324, 462924
8324, 462924
8324, 462924
8324, 462924
8324, 462924
8324, 462924
8324, 462924
8324, 462924
8324, 462924
8324, 462924
8324, 462924
8324, 462924
8324, 462924
8324, 462924
8324, 462924
8324, 462924
8324, 462924
8324, 462924
8324, 462924
8324, 462924
8324, 462924
8324, 462924
8324, 462924
8324, 462924
8324, 462924
8324, 462924
8324, 462924
8324, 462924
8324, 462924
8324, 462924
8324, 462924
8324, 462924
8324, 462924
8324, 462924
8324, 462924
8324, 462924
8324, 462924
8324, 462924
8324, 462924
8324, 462924
8324, 462924
8324, 462924
8324, 462924
8324, 462924
8324, 462924
8324, 462924
8324, 462924
8324, 462924
8324, 462924
8324, 462924
8324, 462924
8324, 462924
8324, 462924
8324, 462924
8324, 462924
8324, 462924
8324, 462924
8324, 462924
8324, 462924
8324, 462924
8324, 462924
8324, 462924
8324, 462924
8324, 462924
8324, 462924
8324, 462924
8324, 462924
8324, 462924
8324, 462924
8324, 462924
8324, 462924
8324, 462924
8324, 462924
8324, 462924
8324, 462924
8324, 462924
8324, 462924
8324, 462924
8324, 462924
8324, 462924
8324, 462924
8324, 462924
8324, 462924
8324, 462924
8324, 462924
8324, 462924
8324, 462924
8324, 462924
8324, 462924
8324, 462924
8324, 462924
8324, 462924
8324, 462924
8324, 462924
8324, 462924
8324, 462924
8324, 462924
8324, 462924
8324, 462924
8324, 462924
8324, 462924
8324, 462924
8324, 462924
8324, 462924
8324, 462924
8324, 462924
8324, 462924
8324, 462924
8324, 462924
8324, 462924
8324, 462924
8324, 462924
8324, 462924
8324, 462924
8324, 462924
8324, 462924
8324, 462924
8324, 462924
8324, 462924
8324, 462924
8324, 462924
8324, 462924
8324, 462924
8324, 462924
8324, 462924
8324, 462924
8324, 462924
8324, 462924
8324, 462924
8324, 462924
8324, 462924
8324, 462924
8324, 462924
8324, 462924
8324, 462924
8324, 462924
8324, 462924
8324, 462924
8324, 462924
8324, 462924
8324, 462924
8324, 462924
8324, 462924
8324, 462924
8324, 462924
8324, 462924
8324, 462924
8324, 462924
8324, 462924
8324, 462924
8324, 462924
8324, 462924
8324, 462924
8324, 462924
8324, 462924
8324, 462924
8324, 462924
8324, 462924
8324, 462924
8324, 462924
8324, 462924
8324, 462924
8324, 462924
8324, 462924
8324, 462924
8324, 462924
8324, 462924
8324, 462924
8324, 462924
8324, 462924
8324, 462924
8324, 462924
8324, 462924
8324, 462924
8324, 462924
8324, 462924
8324, 462924
8324, 462924
8324, 462924
8324, 462924
8324, 462924
8324, 462924
8324, 462924
8324, 462924
8324, 462924
8324, 462924
8324, 462924
8324, 462924
8324, 462924
8324, 462924
8324, 462924
8324, 462924
8324, 462924
8324, 462924
8324, 462924
8324, 462924
8324, 462924
8324, 462924
8324, 462924
8324, 462924
8324, 462924
8324, 462924
8324, 462924
8324, 462924
8324, 462924
8324, 462924
8324, 462924
8324, 462924
8324, 462924
8324, 462924
8324, 462924
8324, 462924
8324, 462924
8324, 462924
8324, 462924
8324, 462924
8324, 462924
8324, 462924
8324, 462924
8324, 462924
8324, 462924
8324, 462924
8324, 462924
8324, 462924
8324, 462924
8324, 462924
8324, 462924
8324, 462924
8324, 462924
8324, 462924
8324, 462924
8324, 462924
8324, 462924
8324, 462924
8324, 462924
8324, 462924
8324, 462924
8324, 462924
8324, 462924
8324, 462924
8324, 462924
8324, 462924
8324, 462924
8324, 462924
8324, 462924
8324, 462924
8324, 462924
8324, 462924
8324, 462924
8324, 462924
8324, 462924
8324, 462924
8324, 462924
8324, 462924
8324, 462924
8324, 462924
8324, 462924
8324, 462924
8324, 462924
8324, 462924
8324, 462924
8324, 462924
8324, 462924
8324, 462924
8324, 462924
8324, 462924
8324, 462924
8324, 462924
8324, 462924
8324, 462924
8324, 462924
8324, 462924
8324, 462924
8324, 462924
8324, 462924
8324, 462924
8324, 462924
8324, 462924
8324, 462924
8324, 462924
8324, 462924
8324, 462924
8324, 462924
8324, 462924
8324, 462924
8324, 462924
8324, 462924
8324, 462924
8324, 462924
8324, 462924
8324, 462924
8324, 462924
8324, 462924
8324, 462924
8324, 462924
8324, 462924
8324, 462924
8324, 462924
8324, 462924
8324, 462924
8324, 462924
8324, 462924
8324, 462924
8324, 462924
8324, 462924
8324, 462924
8324, 462924
8324, 462924
8324, 462924
8324, 462924
8324, 462924
8324, 462924
8324, 462924
8324, 462924
8324, 462924
8324, 462924
8324, 462924
8324, 462924
8324, 462924
8324, 462924
8324, 462924
8324, 462924
8324, 462924
8324, 462924
8324, 462924
8324, 462924
8324, 462924
8324, 462924
8324, 462924
8324, 462924
8324, 462924
8324, 462924
8324, 462924
8324, 462924
8324, 462924
8324, 462924
8324, 462924
8324, 462924
8324, 462924
8324, 462924
8324, 462924
8324, 462924
8324, 462924
8324, 462924
8324, 462924
8324, 462924
8324, 462924
8324, 462924
8324, 462924
8324, 462924
8324, 462924
8324, 462924
8324, 462924
8324, 462924
8324, 462924
8324, 462924
8324, 462924
8324, 462924
8324, 462924
8324, 462924
8324, 462924
8324, 462924
8324, 462924
8324, 462924
8324, 462924
8324, 462924
8324, 462924
8324, 462924
8324, 462924
8324, 462924
8324, 462924
8324, 462924
8324, 462924
8324, 462924
8324, 462924
8324, 462924
8324, 462924
8324, 462924
8324, 462924
8324, 462924
8324, 462924
8324, 462924
8324, 462924
8324, 462924
8324, 462924
8324, 462924
8324, 462924
8324, 462924
8324, 462924
8324, 462924
8324, 462924
8324, 462924
8324, 462924
8324, 462924
8324, 462924
8324, 462924
8324, 462924
8324, 462924
8324, 462924
8324, 462924
8324, 462924
8324, 462924
8324, 462924
8324, 462924
8324, 462924
8324, 462924
8324, 462924
8324, 462924
8324, 462924
8324, 462924
8324, 462924
8324, 462924
8324, 462924
8324, 462924
8324, 462924
8324, 462924
8324, 462924
8324, 462924
8324, 462924
8324, 462924
8324, 462924
8324, 462924
8324, 462924
8324, 462924
8324, 462924
8324, 462924
8324, 462924
8324, 462924
8324, 462924
8324, 462924
8324, 462924
8324, 462924
8324, 462924
8324, 462924
8324, 462924
8324, 462924
8324, 462924
8324, 462924
8324, 462924
8324, 462924
8324, 462924
8324, 462924
8324, 462924
8324, 462924
8324, 462924
8324, 462924
8324, 462924
8324, 462924
8324, 462924
8324, 462924
8324, 462924
8324, 462924
8324, 462924
8324, 462924
8324, 462924
8324, 462924
8324, 462924
8324, 462924
8324, 462924
8324, 462924
8324, 462924
8324, 462924
8324, 462924
8324, 462924
8324, 462924
8324, 462924
8324, 462924
8324, 462924
8324, 462924
8324, 462924
8324, 462924
8324, 462924
8324, 462924
8324, 462924
8324, 462924
8324, 462924
8324, 462924
8324, 462924
8324, 462924
8324, 462924
8324, 462924
8324, 462924
8324, 462924
8324, 462924
8324, 462924
8324, 462924
8324, 462924
8324, 462924
8324, 462924
8324, 462924
8324, 462924
8324, 462924
8324, 462924
8324, 462924
8324, 462924
8324, 462924
8324, 462924
8324, 462924
8324, 462924
8324, 462924
8324, 462924
8324, 462924
8324, 462924
8324, 462924
8324, 462924
8324, 462924
8324, 462924
8324, 462924
8324, 462924
8324, 462924
8324, 462924
8324, 462924
8324, 462924
8324, 462924
8324, 462924
8324, 462924
8324, 462924
8324, 462924
8324, 462924
8324, 462924
8324, 462924
8324, 462924
8324, 462924
8324, 462924
8324, 462924
8324, 462924
8324, 462924
8324, 462924
8324, 462924
8324, 462924
8324, 462924
8324, 462924
8324, 462924
8324, 462924
8324, 462924
8324, 462924
8324, 462924
8324, 462924
8324, 462924
8324, 462924
8324, 462924
8324, 462924
8324, 462924
8324, 462924
8324, 462924
8324, 462924
8324, 462924
8324, 462924
8324, 462924
8324, 462924
8324, 462924
8324, 462924
8324, 462924
8324, 462924
8324, 462924
8324, 462924
8324, 462924
8324, 462924
8324, 462924
8324, 462924
8324, 462924
8324, 462924
8324, 462924
8324, 462924
8324, 462924
8324, 462924
8324, 462924
8324, 462924
8324, 462924
8324, 462924
8324, 462924
8324, 462924
8324, 462924
8324, 462924
8324, 462924
8324, 462924
8324, 462924
8324, 462924
8324, 462924
8324, 462924
8324, 462924
8324, 462924
8324, 462924
8324, 462924
8324, 462924
8324, 462924
8324, 462924
8324, 462924
8324, 462924
8324, 462924
8324, 462924
8324, 462924
8324, 462924
8324, 462924
8324, 462924
8324, 462924
8324, 462924
8324, 462924
8324, 462924
8324, 462924
8324, 462924
8324, 462924
8324, 462924
8324, 462924
8324, 462924
8324, 462924
8324, 462924
8324, 462924
8324, 462924
8324, 462924
8324, 462924
8324, 462924
8324, 462924
8324, 462924
8324, 462924
8324, 462924
8324, 462924
8324, 462924
8324, 462924
8324, 462924
8324, 462924
8324, 462924
8324, 462924
8324, 462924
8324, 462924
8324, 462924
8324, 462924
8324, 462924
8324, 462924
8324, 462924
8324, 462924
8324, 462924
8324, 462924
8324, 462924
8324, 462924
8324, 462924
8324, 462924
8324, 462924
8324, 462924
8324, 462924
8324, 462924
8324, 462924
8324, 462924
8324, 462924
8324, 462924
8324, 462924
8324, 462924
8324, 462924
8324, 462924
8324, 462924
8324, 462924
8324, 462924
8324, 462924
8324, 462924
8324, 462924
8324, 462924
8324, 462924
8324, 462924
8324, 462924
8324, 462924
8324, 462924
8324, 462924
8324, 462924
8324, 462924
8324, 462924
8324, 462924
8324, 462924
8324, 462924
8324, 462924
8324, 462924
8324, 462924
8324, 462924
8324, 462924
8324, 462924
8324, 462924
8324, 462924
8324, 462924
8324, 462924
8324, 462924
8324, 462924
8324, 462924
8324, 462924
8324, 462924
8324, 462924
8324, 462924
8324, 462924
8324, 462924
8324, 462924
8324, 462924
8324, 462924
8324, 462924
8324, 462924
8324, 462924
8324, 462924
8324, 462924
8324, 462924
8324, 462924
8324, 462924
8324, 462924
8324, 462924
8324, 462924
8324, 462924
8324, 462924
8324, 462924
8324, 462924
8324, 462924
8324, 462924
8324, 462924
8324, 462924
8324, 462924
8324, 462924
8324, 462924
8324, 462924
8324, 462924
8324, 462924
8324, 462924
8324, 462924
8324, 462924
8324, 462924
8324, 462924
8324, 462924
8324, 462924
8324, 462924
8324, 462924
8324, 462924
8324, 462924
8324, 462924
8324, 462924
8324, 462924
8324, 462924
8324, 462924
8324, 462924
8324, 462924
8324, 462924
8324, 462924
8324, 462924
8324, 462924
8324, 462924
8324, 462924
8324, 462924
8324, 462924
8324, 462924
8324, 462924
8324, 462924
8324, 462924
8324, 462924
8324, 462924
8324, 462924
8324, 462924
8324, 462924
8324, 462924
8324, 462924
8324, 462924
8324, 462924
8324, 462924
8324, 462924
8324, 462924
8324, 462924
8324, 462924
8324, 462924
8324, 462924
8324, 462924
8324, 462924
8324, 462924
8324, 462924
8324, 462924
8324, 462924
8324, 462924
8324, 462924
8324, 462924
8324, 462924
8324, 462924
8324, 462924
8324, 462924
8324, 462924
8324, 462924
8324, 462924
8324, 462924
8324, 462924
8324, 462924
8324, 462924
8324, 462924
8324, 462924
8324, 462924
8324, 462924
8324, 462924
8324, 462924
8324, 462924
8324, 462924
8324, 462924
8324, 462924
8324, 462924
8324, 462924
8324, 462924
8324, 462924
8324, 462924
8324, 462924
8324, 462924
8324, 462924
8324, 462924
8324, 462924
8324, 462924
8324, 462924
8324, 462924
8324, 462924
8324, 462924
8324, 462924
8324, 462924
8324, 462924
8324, 462924
8324, 462924
8324, 462924
8324, 462924
8324, 462924
8324, 462924
8324, 462924
8324, 462924
8324, 462924
8324, 462924
8324, 462924
8324, 462924
8324, 462924
8324, 462924
8324, 462924
8324, 462924
8324, 462924
8324, 462924
8324, 462924
8324, 462924
8324, 462924
8324, 462924
8324, 462924
8324, 462924
8324, 462924
8324, 462924
8324, 462924
8324, 462924
8324, 462924
8324, 462924
8324, 462924
8324, 462924
8324, 462924
8324, 462924
8324, 462924
8324, 462924
8324, 462924
8324, 462924
8324, 462924
8324, 462924
8324, 462924
8324, 462924
8324, 462924
8324, 462924
8324, 462924
8324, 462924
8324, 462924
8324, 462924
8324, 462924
8324, 462924
8324, 462924
8324, 462924
8324, 462924
8324, 462924
8324, 462924
8324, 462924
8324, 462924
8324, 462924
8324, 462924
8324, 462924
8324, 462924
8324, 462924
8324, 462924
8324, 462924
8324, 462924
8324, 462924
8324, 462924
8324, 462924
8324, 462924
8324, 462924
8324, 462924
8324, 462924
8324, 462924
8324, 462924
8324, 462924
8324, 462924
8324, 462924
8324, 462924
8324, 462924
8324, 462924
8324, 462924
8324, 462924
8324, 462924
8324, 462924
8324, 462924
8324, 462924
8324, 462924
8324, 462924
8324, 462924
8324, 462924
8324, 462924
8324, 462924
8324, 462924
8324, 462924
8324, 462924
8324, 462924
8324, 462924
8324, 462924
8324, 462924
8324, 462924
8324, 462924
8324, 462924
8324, 462924
8324, 462924
8324, 462924
8324, 462924
8324, 462924
8324, 462924
8324, 462924
8324, 462924
8324, 462924
8324, 462924
8324, 462924
8324, 462924
8324, 462924
8324, 462924
8324, 462924
8324, 462924
8324, 462924
8324, 462924
8324, 462924
8324, 462924
8324, 462924
8324, 462924
8324, 462924
8324, 462924
8324, 462924
8324, 462924
8324, 462924
8324, 462924
8324, 462924
8324, 462924
8324, 462924
8324, 462924
8324, 462924
8324, 462924
8324, 462924
8324, 462924
8324, 462924
8324, 462924
8324, 462924
8324, 462924
8324, 462924
8324, 462924
8324, 462924
8324, 462924
8324, 462924
8324, 462924
8324, 462924
8324, 462924
8324, 462924
8324, 462924
8324, 462924
8324, 462924
8324, 462924
8324, 462924
8324, 462924
8324, 462924
8324, 462924
8324, 462924
8324, 462924
8324, 462924
8324, 462924
8324, 462924
8324, 462924
8324, 462924
8324, 462924
8324, 462924
8324, 462924
8324, 462924
8324, 462924
8324, 462924
8324, 462924
8324, 462924
8324, 462924
8324, 462924
8324, 462924
8324, 462924
8324, 462924
8324, 462924
8324, 462924
8324, 462924
8324, 462924
8324, 462924
8324, 462924
8324, 462924
8324, 462924
8324, 462924
8324, 462924
8324, 462924
8324, 462924
8324, 462924
8324, 462924
8324, 462924
8324, 462924
8324, 462924
8324, 462924
8324, 462924
8324, 462924
8324, 462924
8324, 462924
8324, 462924
8324, 462924
8324, 462924
8324, 462924
8324, 462924
8324, 462924
8324, 462924
8324, 462924
8324, 462924
8324, 462924
8324, 462924
8324, 462924
8324, 462924
8324, 462924
8324, 462924
8324, 462924
8324, 462924
8324, 462924
8324, 462924
8324, 462924
8324, 462924
8324, 462924
8324, 462924
8324, 462924
8324, 462924
8324, 462924
8324, 462924
8324, 462924
8324, 462924
8324, 462924
8324, 462924
8324, 462924
8324, 462924
8324, 462924
8324, 462924
8324, 462924
8324, 462924
8324, 462924
8324, 462924
8324, 462924
8324, 462924
8324, 462924
8324, 462924
8324, 462924
8324, 462924
8324, 462924
8324, 462924
8324, 462924
8324, 462924
8324, 462924
8324, 462924
8324, 462924
8324, 462924
8324, 462924
8324, 462924
8324, 462924
8324, 462924
8324, 462924
8324, 462924
8324, 462924
8324, 462924
8324, 462924
8324, 462924
8324, 462924
8324, 462924
8324, 462924
8324, 462924
8324, 462924
8324, 462924
8324, 462924
8324, 462924
8324, 462924
8324, 462924
8324, 462924
8324, 462924
8324, 462924
8324, 462924
8324, 462924
8324, 462924
8324, 462924
8324, 462924
8324, 462924
8324, 462924
8324, 462924
8324, 462924
8324, 462924
8324, 462924
8324, 462924
8324, 462924
8324, 462924
8324, 462924
8324, 462924
8324, 462924
8324, 462924
8324, 462924
8324, 462924
8324, 462924
8324, 462924
8324, 462924
8324, 462924
8324, 462924
8324, 462924
8324, 462924
8324, 462924
8324, 462924
8324, 462924
8324, 462924
8324, 462924
8324, 462924
8324, 462924
8324, 462924
8324, 462924
8324, 462924
8324, 462924
8324, 462924
8324, 462924
8324, 462924
8324, 462924
8324, 462924
8324, 462924
8324, 462924
8324, 462924
8324, 462924
8324, 462924
8324, 462924
8324, 462924
8324, 462924
8324, 462924
8324, 462924
8324, 462924
8324, 462924
8324, 462924
8324, 462924
8324, 462924
8324, 462924
8324, 462924
8324, 462924
8324, 462924
8324, 462924
8324, 462924
8324, 462924
8324, 462924
8324, 462924
8324, 462924
8324, 462924
8324, 462924
8324, 462924
8324, 462924
8324, 462924
8324, 462924
8324, 462924
8324, 462924
8324, 462924
8324, 462924
8324, 462924
8324, 462924
8324, 462924
8324, 462924
8324, 462924
8324, 462924
8324, 462924
8324, 462924
8324, 462924
8324, 462924
8324, 462924
8324, 462924
8324, 462924
8324, 462924
8324, 462924
8324, 462924
8324, 462924
8324, 462924
8324, 462924
8324, 462924
8324, 462924
8324, 462924
8324, 462924
8324, 462924
8324, 462924
8324, 462924
8324, 462924
8324, 462924
8324, 462924
8324, 462924
8324, 462924
8324, 462924
8324, 462924
8324, 462924
8324, 462924
8324, 462924
8324, 462924
8324, 462924
8324, 462924
8324, 462924
8324, 462924
8324, 462924
8324, 462924
8324, 462924
8324, 462924
8324, 462924
8324, 462924
8324, 462924
8324, 462924
8324, 462924
8324, 462924
8324, 462924
8324, 462924
8324, 462924
8324, 462924
8324, 462924
8324, 462924
8324, 462924
8324, 462924
8324, 462924
8324, 462924
8324, 462924
8324, 462924
8324, 462924
8324, 462924
8324, 462924
8324, 462924
8324, 462924
8324, 462924
8324, 462924
8324, 462924
8324, 462924
8324, 462924
8324, 462924
8324, 462924
8324, 462924
8324, 462924
8324, 462924
8324, 462924
8324, 462924
8324, 462924
8324, 462924
8324, 462924
8324, 462924
8324, 462924
8324, 462924
8324, 462924
8324, 462924
8324, 462924
8324, 462924
8324, 462924
8324, 462924
8324, 462924
8324, 462924
8324, 462924
8324, 462924
8324, 462924
8324, 462924
8324, 462924
8324, 462924
8324, 462924
8324, 462924
8324, 462924
8324, 462924
8324, 462924
8324, 462924
8324, 462924
8324, 462924
8324, 462924
8324, 462924
8324, 462924
8324, 462924
8324, 462924
8324, 462924
8324, 462924
8324, 462924
8324, 462924
8324, 462924
8324, 462924
8324, 462924
8324, 462924
8324, 462924
8324, 462924
8324, 462924
8324, 462924
8324, 462924
8324, 462924
8324, 462924
8324, 462924
8324, 462924
8324, 462924
8324, 462924
8324, 462924
8324, 462924
8324, 462924
8324, 462924
8324, 462924
8324, 462924
8324, 462924
8324, 462924
8324, 462924
8324, 462924
8324, 462924
8324, 462924
8324, 462924
8324, 462924
8324, 462924
8324, 462924
8324, 462924
8324, 462924
8324, 462924
8324, 462924
8324, 462924
8324, 462924
8324, 462924
8324, 462924
8324, 462924
8324, 462924
8324, 462924
8324, 462924
8324, 462924
8324, 462924
8324, 462924
8324, 462924
8324, 462924
8324, 462924
8324, 462924
8324, 462924
8324, 462924
8324, 462924
8324, 462924
8324, 462924
8324, 462924
8324, 462924
8324, 462924
8324, 462924
8324, 462924
8324, 462924
8324, 462924
8324, 462924
8324, 462924
8324, 462924
8324, 462924
8324, 462924
8324, 462924
8324, 462924
8324, 462924
8324, 462924
8324, 462924
8324, 462924
8324, 462924
8324, 462924
8324, 462924
8324, 462924
8324, 462924
8324, 462924
8324, 462924
8324, 462924
8324, 462924
8324, 462924
8324, 462924
8324, 462924
8324, 462924
8324, 462924
8324, 462924
8324, 462924
8324, 462924
8324, 462924
8324, 462924
8324, 462924
8324, 462924
8324, 462924
8324, 462924
8324, 462924
8324, 462924
8324, 462924
8324, 462924
8324, 462924
8324, 462924
8324, 462924
8324, 462924
8324, 462924
8324, 462924
8324, 462924
8324, 462924
8324, 462924
8324, 462924
8324, 462924
8324, 462924
8324, 462924
8324, 462924
8324, 462924
8324, 462924
8324, 462924
8324, 462924
8324, 462924
8324, 462924
8324, 462924
8324, 462924
8324, 462924
8324, 462924
8324, 462924
8324, 462924
8324, 462924
8324, 462924
8324, 462924
8324, 462924
8324, 462924
8324, 462924
8324, 462924
8324, 462924
8324, 462924
8324, 462924
8324, 462924
8324, 462924
8324, 462924
8324, 462924
8324, 462924
8324, 462924
8324, 462924
8324, 462924
8324, 462924
8324, 462924
8324, 462924
8324, 462924
8324, 462924
8324, 462924
8324, 462924
8324, 462924
8324, 462924
8324, 462924
8324, 462924
8324, 462924
8324, 462924
8324, 462924
8324, 462924
8324, 462924
8324, 462924
8324, 462924
8324, 462924
8324, 462924
8324, 462924
8324, 462924
8324, 462924
8324, 462924
8324, 462924
8324, 462924
8324, 462924
8324, 462924
8324, 462924
8324, 462924
8324, 462924
8324, 462924
8324, 462924
8324, 462924
8324, 462924
8324, 462924
8324, 462924
8324, 462924
8324, 462924
8324, 462924
8324, 462924
8324, 462924
8324, 462924
8324, 462924
8324, 462924
8324, 462924
8324, 462924
8324, 462924
8324, 462924
8324, 462924
8324, 462924
8324, 462924
8324, 462924
8324, 462924
8324, 462924
8324, 462924
8324, 462924
8324, 462924
8324, 462924
8324, 462924
8324, 462924
8324, 462924
8324, 462924
8324, 462924
8324, 462924
8324, 462924
8324, 462924
8324, 462924
8324, 462924
8324, 462924
8324, 462924
8324, 462924
8324, 462924
8324, 462924
8324, 462924
8324, 462924
8324, 462924
8324, 462924
8324, 462924
8324, 462924
8324, 462924
8324, 462924
8324, 462924
8324, 462924
8324, 462924
8324, 462924
8324, 462924
8324, 462924
8324, 462924
8324, 462924
8324, 462924
8324, 462924
8324, 462924
8324, 462924
8324, 462924
8324, 462924
8324, 462924
8324, 462924
8324, 462924
8324, 462924
8324, 462924
8324, 462924
8324, 462924
8324, 462924
8324, 462924
8324, 462924
8324, 462924
8324, 462924
8324, 462924
8324, 462924
8324, 462924
8324, 462924
8324, 462924
8324, 462924
8324, 462924
8324, 462924
8324, 462924
8324, 462924
8324, 462924
8324, 462924
8324, 462924
8324, 462924
8324, 462924
8324, 462924
8324, 462924
8324, 462924
8324, 462924
8324, 462924
8324, 462924
8324, 462924
8324, 462924
8324, 462924
8324, 462924
8324, 462924
8324, 462924
8324, 462924
8324, 462924
8324, 462924
8324, 462924
8324, 462924
8324, 462924
8324, 462924
8324, 462924
8324, 462924
8324, 462924
8324, 462924
8324, 462924
8324, 462924
8324, 462924
8324, 462924
8324, 462924
8324, 462924
8324, 462924
8324, 462924
8324, 462924
8324, 462924
8324, 462924
8324, 462924
8324, 462924
8324, 462924
8324, 462924
8324, 462924
8324, 462924
8324, 462924
8324, 462924
8324, 462924
8324, 462924
8324, 462924
8324, 462924
8324, 462924
8324, 462924
8324, 462924
8324, 462924
8324, 462924
8324, 462924
8324, 462924
8324, 462924
8324, 462924
8324, 462924
8324, 462924
8324, 462924
8324, 462924
8324, 462924
8324, 462924
8324, 462924
8324, 462924
8324, 462924
8324, 462924
8324, 462924
8324, 462924
8324, 462924
8324, 462924
8324, 462924
8324, 462924
8324, 462924
8324, 462924
8324, 462924
8324, 462924
8324, 462924
8324, 462924
8324, 462924
8324, 462924
8324, 462924
8324, 462924
8324, 462924
8324, 462924
8324, 462924
8324, 462924
8324, 462924
8324, 462924
8324, 462924
8324, 462924
8324, 462924
8324, 462924
8324, 462924
8324, 462924
8324, 462924
8324, 462924
8324, 462924
8324, 462924
8324, 462924
8324, 462924
8324, 462924
8324, 462924
8324, 462924
8324, 462924
8324, 462924
8324, 462924
8324, 462924
8324, 462924
8324, 462924
8324, 462924
8324, 462924
8324, 462924
8324, 462924
8324, 462924
8324, 462924
8324, 462924
8324, 462924
8324, 462924
8324, 462924
8324, 462924
8324, 462924
8324, 462924
8324, 462924
8324, 462924
8324, 462924
8324, 462924
8324, 462924
8324, 462924
8324, 462924
8324, 462924
8324, 462924
8324, 462924
8324, 462924
8324, 462924
8324, 462924
8324, 462924
8324, 462924
8324, 462924
8324, 462924
8324, 462924
8324, 462924
8324, 462924
8324, 462924
8324, 462924
8324, 462924
8324, 462924
8324, 462924
8324, 462924
8324, 462924
8324, 462924
8324, 462924
8324, 462924
8324, 462924
8324, 462924
8324, 462924
8324, 462924
8324, 462924
8324, 462924
8324, 462924
8324, 462924
8324, 462924
8324, 462924
8324, 462924
8324, 462924
8324, 462924
8324, 462924
8324, 462924
8324, 462924
8324, 462924
8324, 462924
8324, 462924
8324, 462924
8324, 462924
8324, 462924
8324, 462924
8324, 462924
8324, 462924
8324, 462924
8324, 462924
8324, 462924
8324, 462924
8324, 462924
8324, 462924
8324, 462924
8324, 462924
8324, 462924
8324, 462924
8324, 462924
8324, 462924
8324, 462924
8324, 462924
8324, 462924
8324, 462924
8324, 462924
8324, 462924
8324, 462924
8324, 462924
8324, 462924
8324, 462924
8324, 462924
8324, 462924
8324, 462924
8324, 462924
8324, 462924
8324, 462924
8324, 462924
8324, 462924
8324, 462924
8324, 462924
8324, 462924
8324, 462924
8324, 462924
8324, 462924
8324, 462924
8324, 462924
8324, 462924
8324, 462924
8324, 462924
8324, 462924
8324, 462924
8324, 462924
8324, 462924
8324, 462924
8324, 462924
8324, 462924
8324, 462924
8324, 462924
8324, 462924
8324, 462924
8324, 462924
8324, 462924
8324, 462924
8324, 462924
8324, 462924
8324, 462924
8324, 462924
8324, 462924
8324, 462924
8324, 462924
8324, 462924
8324, 462924
8324, 462924
8324, 462924
8324, 462924
8324, 462924
8324, 462924
8324, 462924
8324, 462924
8324, 462924
8324, 462924
8324, 462924
8324, 462924
8324, 462924
8324, 462924
8324, 462924
8324, 462924
8324, 462924
8324, 462924
8324, 462924
8324, 462924
8324, 462924
8324, 462924
8324, 462924
8324, 462924
8324, 462924
8324, 462924
8324, 462924
8324, 462924
8324, 462924
8324, 462924
8324, 462924
8324, 462924
8324, 462924
8324, 462924
8324, 462924
8324, 462924
8324, 462924
8324, 462924
8324, 462924
8324, 462924
8324, 462924
8324, 462924
8324, 462924
8324, 462924
8324, 462924
8324, 462924
8324, 462924
8324, 462924
8324, 462924
8324, 462924
8324, 462924
8324, 462924
8324, 462924
8324, 462924
8324, 462924
8324, 462924
8324, 462924
8324, 462924
8324, 462924
8324, 462924
8324, 462924
8324, 462924
8324, 462924
8324, 462924
8324, 462924
8324, 462924
8324, 462924
8324, 462924
8324, 462924
8324, 462924
8324, 462924
8324, 462924
8324, 462924
8324, 462924
8324, 462924
8324, 462924
8324, 462924
8324, 462924
8324, 462924
8324, 462924
8324, 462924
8324, 462924
8324, 462924
8324, 462924
8324, 462924
8324, 462924
8324, 462924
8324, 462924
8324, 462924
8324, 462924
8324, 462924
8324, 462924
8324, 462924
8324, 462924
8324, 462924
8324, 462924
8324, 462924
8324, 462924
8324, 462924
8324, 462924
8324, 462924
8324, 462924
8324, 462924
8324, 462924
8324, 462924
8324, 462924
8324, 462924
8324, 462924
8324, 462924
8324, 462924
8324, 462924
8324, 462924
8324, 462924
8324, 462924
8324, 462924
8324, 462924
8324, 462924
8324, 462924
8324, 462924
8324, 462924
8324, 462924
8324, 462924
8324, 462924
8324, 462924
8324, 462924
8324, 462924
8324, 462924
8324, 462924
8324, 462924
8324, 462924
8324, 462924
8324, 462924
8324, 462924
8324, 462924
8324, 462924
8324, 462924
8324, 462924
8324, 462924
8324, 462924
8324, 462924
8324, 462924
8324, 462924
8324, 462924
8324, 462924
8324, 462924
8324, 462924
8324, 462924
8324, 462924
8324, 462924
8324, 462924
8324, 462924
8324, 462924
8324, 462924
8324, 462924
8324, 462924
8324, 462924
8324, 462924
8324, 462924
8324, 462924
8324, 462924
8324, 462924
8324, 462924
8324, 462924
8324, 462924
8324, 462924
8324, 462924
8324, 462924
8324, 462924
8324, 462924
8324, 462924
8324, 462924
8324, 462924
8324, 462924
8324, 462924
8324, 462924
8324, 462924
8324, 462924
8324, 462924
8324, 462924
8324, 462924
8324, 462924
8324, 462924
8324, 462924
8324, 462924
8324, 462924
8324, 462924
8324, 462924
8324, 462924
8324, 462924
8324, 462924
8324, 462924
8324, 462924
8324, 462924
8324, 462924
8324, 462924
8324, 462924
8324, 462924
8324, 462924
8324, 462924
8324, 462924
8324, 462924
8324, 462924
8324, 462924
8324, 462924
8324, 462924
8324, 462924
8324, 462924
8324, 462924
8324, 462924
8324, 462924
8324, 462924
8324, 462924
8324, 462924
8324, 462924
8324, 462924
8324, 462924
8324, 462924
8324, 462924
8324, 462924
8324, 462924
8324, 462924
8324, 462924
8324, 462924
8324, 462924
8324, 462924
8324, 462924
8324, 462924
8324, 462924
8324, 462924
8324, 462924
8324, 462924
8324, 462924
8324, 462924
8324, 462924
8324, 462924
8324, 462924
8324, 462924
8324, 462924
8324, 462924
8324, 462924
8324, 462924
8324, 462924
8324, 462924
8324, 462924
8324, 462924
8324, 462924
8324, 462924
8324, 462924
8324, 462924
8324, 462924
8324, 462924
8324, 462924
8324, 462924
8324, 462924
8324, 462924
8324, 462924
8324, 462924
8324, 462924
8324, 462924
8324, 462924
8324, 462924
8324, 462924
8324, 462924
8324, 462924
8324, 462924
8324, 462924
8324, 462924
8324, 462924
8324, 462924
8324, 462924
8324, 462924
8324, 462924
8324, 462924
8324, 462924
8324, 462924
8324, 462924
8324, 462924
8324, 462924
8324, 462924
8324, 462924
8324, 462924
8324, 462924
8324, 462924
8324, 462924
8324, 462924
8324, 462924
8324, 462924
8324, 462924
8324, 462924
8324, 462924
8324, 462924
8324, 462924
8324, 462924
8324, 462924
8324, 462924
8324, 462924
8324, 462924
8324, 462924
8324, 462924
8324, 462924
8324, 462924
8324, 462924
8324, 462924
8324, 462924
8324, 462924
8324, 462924
8324, 462924
8324, 462924
8324, 462924
8324, 462924
8324, 462924
8324, 462924
8324, 462924
8324, 462924
8324, 462924
8324, 462924
8324, 462924
8324, 462924
8324, 462924
8324, 462924
8324, 462924
8324, 462924
8324, 462924
8324, 462924
8324, 462924
8324, 462924
8324, 462924
8324, 462924
8324, 462924
8324, 462924
8324, 462924
8324, 462924
8324, 462924
8324, 462924
8324, 462924
8324, 462924
8324, 462924
8324, 462924
8324, 462924
8324, 462924
8324, 462924
8324, 462924
8324, 462924
8324, 462924
8324, 462924
8324, 462924
8324, 462924
8324, 462924
8324, 462924
8324, 462924
8324, 462924
8324, 462924
8324, 462924
8324, 462924
8324, 462924
8324, 462924
8324, 462924
8324, 462924
8324, 462924
8324, 462924
8324, 462924
8324, 462924
8324, 462924
8324, 462924
8324, 462924
8324, 462924
8324, 462924
8324, 462924
8324, 462924
8324, 462924
8324, 462924
8324, 462924
8324, 462924
8324, 462924
8324, 462924
8324, 462924
8324, 462924
8324, 462924
8324, 462924
8324, 462924
8324, 462924
8324, 462924
8324, 462924
8324, 462924
8324, 462924
8324, 462924
8324, 462924
8324, 462924
8324, 462924
8324, 462924
8324, 462924
8324, 462924
8324, 462924
8324, 462924
8324, 462924
8324, 462924
8324, 462924
8324, 462924
8324, 462924
8324, 462924
8324, 462924
8324, 462924
8324, 462924
8324, 462924
8324, 462924
8324, 462924
8324, 462924
8324, 462924
8324, 462924
8324, 462924
8324, 462924
8324, 462924
8324, 462924
8324, 462924
8324, 462924
8324, 462924
8324, 462924
8324, 462924
8324, 462924
8324, 462924
8324, 462924
8324, 462924
8324, 462924
8324, 462924
8324, 462924
8324, 462924
8324, 462924
8324, 462924
8324, 462924
8324, 462924
8324, 462924
8324, 462924
8324, 462924
8324, 462924
8324, 462924
8324, 462924
8324, 462924
8324, 462924
8324, 462924
8324, 462924
8324, 462924
8324, 462924
8324, 462924
8324, 462924
8324, 462924
8324, 462924
8324, 462924
8324, 462924
8324, 462924
8324, 462924
8324, 462924
8324, 462924
8324, 462924
8324, 462924
8324, 462924
8324, 462924
8324, 462924
8324, 462924
8324, 462924
8324, 462924
8324, 462924
8324, 462924
8324, 462924
8324, 462924
8324, 462924
8324, 462924
8324, 462924
8324, 462924
8324, 462924
8324, 462924
8324, 462924
8324, 462924
8324, 462924
8324, 462924
8324, 462924
8324, 462924
8324, 462924
8324, 462924
8324, 462924
8324, 462924
8324, 462924
8324, 462924
8324, 462924
8324, 462924
8324, 462924
8324, 462924
8324, 462924
8324, 462924
8324, 462924
8324, 462924
8324, 462924
8324, 462924
8324, 462924
8324, 462924
8324, 462924
8324, 462924
8324, 462924
8324, 462924
8324, 462924
8324, 462924
8324, 462924
8324, 462924
8324, 462924
8324, 462924
8324, 462924
8324, 462924
8324, 462924
8324, 462924
8324, 462924
8324, 462924
8324, 462924
8324, 462924
8324, 462924
8324, 462924
8324, 462924
8324, 462924
8324, 462924
8324, 462924
8324, 462924
8324, 462924
8324, 462924
8324, 462924
8324, 462924
8324, 462924
8324, 462924
8324, 462924
8324, 462924
8324, 462924
8324, 462924
8324, 462924
8324, 462924
8324, 462924
8324, 462924
8324, 462924
8324, 462924
8324, 462924
8324, 462924
8324, 462924
8324, 462924
8324, 462924
8324, 462924
8324, 462924
8324, 462924
8324, 462924
8324, 462924
8324, 462924
8324, 462924
8324, 462924
8324, 462924
8324, 462924
8324, 462924
8324, 462924
8324, 462924
8324, 462924
8324, 462924
8324, 462924
8324, 462924
8324, 462924
8324, 462924
8324, 462924
8324, 462924
8324, 462924
8324, 462924
8324, 462924
8324, 462924
8324, 462924
8324, 462924
8324, 462924
8324, 462924
8324, 462924
8324, 462924
8324, 462924
8324, 462924
8324, 462924
8324, 462924
8324, 462924
8324, 462924
8324, 462924
8324, 462924
8324, 462924
8324, 462924
8324, 462924
8324, 462924
8324, 462924
8324, 462924
8324, 462924
8324, 462924
8324, 462924
8324, 462924
8324, 462924
8324, 462924
8324, 462924
8324, 462924
8324, 462924
8324, 462924
8324, 462924
8324, 462924
8324, 462924
8324, 462924
8324, 462924
8324, 462924
8324, 462924
8324, 462924
8324, 462924
8324, 462924
8324, 462924
8324, 462924
8324, 462924
8324, 462924
8324, 462924
8324, 462924
8324, 462924
8324, 462924
8324, 462924
8324, 462924
8324, 462924
8324, 462924
8324, 462924
8324, 462924
8324, 462924
8324, 462924
8324, 462924
8324, 462924
8324, 462924
8324, 462924
8324, 462924
8324, 462924
8324, 462924
8324, 462924
8324, 462924
8324, 462924
8324, 462924
8324, 462924
8324, 462924
8324, 462924
8324, 462924
8324, 462924
8324, 462924
8324, 462924
8324, 462924
8324, 462924
8324, 462924
8324, 462924
8324, 462924
8324, 462924
8324, 462924
8324, 462924
8324, 462924
8324, 462924
8324, 462924
8324, 462924
8324, 462924
8324, 462924
8324, 462924
8324, 462924
8324, 462924
8324, 462924
8324, 462924
8324, 462924
8324, 462924
8324, 462924
8324, 462924
8324, 462924
8324, 462924
8324, 462924
8324, 462924
8324, 462924
8324, 462924
8324, 462924
8324, 462924
8324, 462924
8324, 462924
8324, 462924
8324, 462924
8324, 462924
8324, 462924
8324, 462924
8324, 462924
8324, 462924
8324, 462924
8324, 462924
8324, 462924
8324, 462924
8324, 462924
8324, 462924
8324, 462924
8324, 462924
8324, 462924
8324, 462924
8324, 462924
8324, 462924
8324, 462924
8324, 462924
8324, 462924
8324, 462924
8324, 462924
8324, 462924
8324, 462924
8324, 462924
8324, 462924
8324, 462924
8324, 462924
8324, 462924
8324, 462924
8324, 462924
8324, 462924
8324, 462924
8324, 462924
8324, 462924
8324, 462924
8324, 462924
8324, 462924
8324, 462924
8324, 462924
8324, 462924
8324, 462924
8324, 462924
8324, 462924
8324, 462924
8324, 462924
8324, 462924
8324, 462924
8324, 462924
8324, 462924
8324, 462924
8324, 462924
8324, 462924
8324, 462924
8324, 462924
8324, 462924
8324, 462924
8324, 462924
8324, 462924
8324, 462924
8324, 462924
8324, 462924
8324, 462924
8324, 462924
8324, 462924
8324, 462924
8324, 462924
8324, 462924
8324, 462924
8324, 462924
8324, 462924
8324, 462924
8324, 462924
8324, 462924
8324, 462924
8324, 462924
8324, 462924
8324, 462924
8324, 462924
8324, 462924
8324, 462924
8324, 462924
8324, 462924
8324, 462924
8324, 462924
8324, 462924
8324, 462924
8324, 462924
8324, 462924
8324, 462924
8324, 462924
8324, 462924
8324, 462924
8324, 462924
8324, 462924
8324, 462924
8324, 462924
8324, 462924
8324, 462924
8324, 462924
8324, 462924
8324, 462924
8324, 462924
8324, 462924
8324, 462924
8324, 462924
8324, 462924
8324, 462924
8324, 462924
8324, 462924
8324, 462924
8324, 462924
8324, 462924
8324, 462924
8324, 462924
8324, 462924
8324, 462924
8324, 462924
8324, 462924
8324, 462924
8324, 462924
8324, 462924
8324, 462924
8324, 462924
8324, 462924
8324, 462924
8324, 462924
8324, 462924
8324, 462924
8324, 462924
8324, 462924
8324, 462924
8324, 462924
8324, 462924
8324, 462924
8324, 462924
8324, 462924
8324, 462924
8324, 462924
8324, 462924
8324, 462924
8324, 462924
8324, 462924
8324, 462924
8324, 462924
8324, 462924
8324, 462924
8324, 462924
8324, 462924
8324, 462924
8324, 462924
8324, 462924
8324, 462924
8324, 462924
8324, 462924
8324, 462924
8324, 462924
8324, 462924
8324, 462924
8324, 462924
8324, 462924
8324, 462924
8324, 462924
8324, 462924
8324, 462924
8324, 462924
8324, 462924
8324, 462924
8324, 462924
8324, 462924
8324, 462924
8324, 462924
8324, 462924
8324, 462924
8324, 462924
8324, 462924
8324, 462924
8324, 462924
8324, 462924
8324, 462924
8324, 462924
8324, 462924
8324, 462924
8324, 462924
8324, 462924
8324, 462924
8324, 462924
8324, 462924
8324, 462924
8324, 462924
8324, 462924
8324, 462924
8324, 462924
8324, 462924
8324, 462924
8324, 462924
8324, 462924
8324, 462924
8324, 462924
8324, 462924
8324, 462924
8324, 462924
8324, 462924
8324, 462924
8324, 462924
8324, 462924
8324, 462924
8324, 462924
8324, 462924
8324, 462924
8324, 462924
8324, 462924
8324, 462924
8324, 462924
8324, 462924
8324, 462924
8324, 462924
8324, 462924
8324, 462924
8324, 462924
8324, 462924
8324, 462924
8324, 462924
8324, 462924
8324, 462924
8324, 462924
8324, 462924
8324, 462924
8324, 462924
8324, 462924
8324, 462924
8324, 462924
8324, 462924
8324, 462924
8324, 462924
8324, 462924
8324, 462924
8324, 462924
8324, 462924
8324, 462924
8324, 462924
8324, 462924
8324, 462924
8324, 462924
8324, 462924
8324, 462924
8324, 462924
8324, 462924
8324, 462924
8324, 462924
8324, 462924
8324, 462924
8324, 462924
8324, 462924
8324, 462924
8324, 462924
8324, 462924
8324, 462924
8324, 462924
8324, 462924
8324, 462924
8324, 462924
8324, 462924
8324, 462924
8324, 462924
8324, 462924
8324, 462924
8324, 462924
8324, 462924
8324, 462924
8324, 462924
8324, 462924
8324, 462924
8324, 462924
8324, 462924
8324, 462924
8324, 462924
8324, 462924
8324, 462924
8324, 462924
8324, 462924
8324, 462924
8324, 462924
8324, 462924
8324, 462924
8324, 462924
8324, 462924
8324, 462924
8324, 462924
8324, 462924
8324, 462924
8324, 462924
8324, 462924
8324, 462924
8324, 462924
8324, 462924
8324, 462924
8324, 462924
8324, 462924
8324, 462924
8324, 462924
8324, 462924
8324, 462924
8324, 462924
8324, 462924
8324, 462924
8324, 462924
8324, 462924
8324, 462924
8324, 462924
8324, 462924
8324, 462924
8324, 462924
8324, 462924
8324, 462924
8324, 462924
8324, 462924
8324, 462924
8324, 462924
8324, 462924
8324, 462924
8324, 462924
8324, 462924
8324, 462924
8324, 462924
8324, 462924
8324, 462924
8324, 462924
8324, 462924
8324, 462924
8324, 462924
8324, 462924
8324, 462924
8324, 462924
8324, 462924
8324, 462924
8324, 462924
8324, 462924
8324, 462924
8324, 462924
8324, 462924
8324, 462924
8324, 462924
8324, 462924
8324, 462924
8324, 462924
8324, 462924
8324, 462924
8324, 462924
8324, 462924
8324, 462924
8324, 462924
8324, 462924
8324, 462924
8324, 462924
8324, 462924
8324, 462924
8324, 462924
8324, 462924
8324, 462924
8324, 462924
8324, 462924
8324, 462924
8324, 462924
8324, 462924
8324, 462924
8324, 462924
8324, 462924
8324, 462924
8324, 462924
8324, 462924
8324, 462924
8324, 462924
8324, 462924
8324, 462924
8324, 462924
8324, 462924
8324, 462924
8324, 462924
8324, 462924
8324, 462924
8324, 462924
8324, 462924
8324, 462924
8324, 462924
8324, 462924
8324, 462924
8324, 462924
8324, 462924
8324, 462924
8324, 462924
8324, 462924
8324, 462924
8324, 462924
8324, 462924
8324, 462924
8324, 462924
8324, 462924
8324, 462924
8324, 462924
8324, 462924
8324, 462924
8324, 462924
8324, 462924
8324, 462924
8324, 462924
8324, 462924
8324, 462924
8324, 462924
8324, 462924
8324, 462924
8324, 462924
8324, 462924
8324, 462924
8324, 462924
8324, 462924
8324, 462924
8324, 462924
8324, 462924
8324, 462924
8324, 462924
8324, 462924
8324, 462924
8324, 462924
8324, 462924
8324, 462924
8324, 462924
8324, 462924
8324, 462924
8324, 462924
8324, 462924
8324, 462924
8324, 462924
8324, 462924
8324, 462924
8324, 462924
8324, 462924
8324, 462924
8324, 462924
8324, 462924
8324, 462924
8324, 462924
8324, 462924
8324, 462924
8324, 462924
8324, 462924
8324, 462924
8324, 462924
8324, 462924
8324, 462924
8324, 462924
8324, 462924
8324, 462924
8324, 462924
8324, 462924
8324, 462924
8324, 462924
8324, 462924
8324, 462924
8324, 462924
8324, 462924
8324, 462924
8324, 462924
8324, 462924
8324, 462924
8324, 462924
8324, 462924
8324, 462924
8324, 462924
8324, 462924
8324, 462924
8324, 462924
8324, 462924
8324, 462924
8324, 462924
8324, 462924
8324, 462924
8324, 462924
8324, 462924
8324, 462924
8324, 462924
8324, 462924
8324, 462924
8324, 462924
8324, 462924
8324, 462924
8324, 462924
8324, 462924
8324, 462924
8324, 462924
8324, 462924
8324, 462924
8324, 462924
8324, 462924
8324, 462924
8324, 462924
8324, 462924
8324, 462924
8324, 462924
8324, 462924
8324, 462924
8324, 462924
8324, 462924
8324, 462924
8324, 462924
8324, 462924
8324, 462924
8324, 462924
8324, 462924
8324, 462924
8324, 462924
8324, 462924
8324, 462924
8324, 462924
8324, 462924
8324, 462924
8324, 462924
8324, 462924
8324, 462924
8324, 462924
8324, 462924
8324, 462924
8324, 462924
8324, 462924
8324, 462924
8324, 462924
8324, 462924
8324, 462924
8324, 462924
8324, 462924
8324, 462924
8324, 462924
8324, 462924
8324, 462924
8324, 462924
8324, 462924
8324, 462924
8324, 462924
8324, 462924
8324, 462924
8324, 462924
8324, 462924
8324, 462924
8324, 462924
8324, 462924
8324, 462924
8324, 462924
8324, 462924
8324, 462924
8324, 462924
8324, 462924
8324, 462924
8324, 462924
8324, 462924
8324, 462924
8324, 462924
8324, 462924
8324, 462924
8324, 462924
8324, 462924
8324, 462924
8324, 462924
8324, 462924
8324, 462924
8324, 462924
8324, 462924
8324, 462924
8324, 462924
8324, 462924
8324, 462924
8324, 462924
8324, 462924
8324, 462924
8324, 462924
8324, 462924
8324, 462924
8324, 462924
8324, 462924
8324, 462924
8324, 462924
8324, 462924
8324, 462924
8324, 462924
8324, 462924
8324, 462924
8324, 462924
8324, 462924
8324, 462924
8324, 462924
8324, 462924
8324, 462924
8324, 462924
8324, 462924
8324, 462924
8324, 462924
8324, 462924
8324, 462924
8324, 462924
8324, 462924
8324, 462924
8324, 462924
8324, 462924
8324, 462924
8324, 462924
8324, 462924
8324, 462924
8324, 462924
8324, 462924
8324, 462924
8324, 462924
8324, 462924
8324, 462924
8324, 462924
8324, 462924
8324, 462924
8324, 462924
8324, 462924
8324, 462924
8324, 462924
8324, 462924
8324, 462924
8324, 462924
8324, 462924
8324, 462924
8324, 462924
8324, 462924
8324, 462924
8324, 462924
8324, 462924
8324, 462924
8324, 462924
8324, 462924
8324, 462924
8324, 462924
8324, 462924
8324, 462924
8324, 462924
8324, 462924
8324, 462924
8324, 462924
8324, 462924
8324, 462924
8324, 462924
8324, 462924
8324, 462924
8324, 462924
8324, 462924
8324, 462924
8324, 462924
8324, 462924
8324, 462924
8324, 462924
8324, 462924
8324, 462924
8324, 462924
8324, 462924
8324, 462924
8324, 462924
8324, 462924
8324, 462924
8324, 462924
8324, 462924
8324, 462924
8324, 462924
8324, 462924
8324, 462924
8324, 462924
8324, 462924
8324, 462924
8324, 462924
8324, 462924
8324, 462924
8324, 462924
8324, 462924
8324, 462924
8324, 462924
8324, 462924
8324, 462924
8324, 462924
8324, 462924
8324, 462924
8324, 462924
8324, 462924
8324, 462924
8324, 462924
8324, 462924
8324, 462924
8324, 462924
8324, 462924
8324, 462924
8324, 462924
8324, 462924
8324, 462924
8324, 462924
8324, 462924
8324, 462924
8324, 462924
8324, 462924
8324, 462924
8324, 462924
8324, 462924
8324, 462924
8324, 462924
8324, 462924
8324, 462924
8324, 462924
8324, 462924
8324, 462924
8324, 462924
8324, 462924
8324, 462924
8324, 462924
8324, 462924
8324, 462924
8324, 462924
8324, 462924
8324, 462924
8324, 462924
8324, 462924
8324, 462924
8324, 462924
8324, 462924
8324, 462924
8324, 462924
8324, 462924
8324, 462924
8324, 462924
8324, 462924
8324, 462924
8324, 462924
8324, 462924
8324, 462924
8324, 462924
8324, 462924
8324, 462924
8324, 462924
8324, 462924
8324, 462924
8324, 462924
8324, 462924
8324, 462924
8324, 462924
8324, 462924
8324, 462924
8324, 462924
8324, 462924
8324, 462924
8324, 462924
8324, 462924
8324, 462924
8324, 462924
8324, 462924
8324, 462924
8324, 462924
8324, 462924
8324, 462924
8324, 462924
8324, 462924
8324, 462924
8324, 462924
8324, 462924
8324, 462924
8324, 462924
8324, 462924
8324, 462924
8324, 462924
8324, 462924
8324, 462924
8324, 462924
8324, 462924
8324, 462924
8324, 462924
8324, 462924
8324, 462924
8324, 462924
8324, 462924
8324, 462924
8324, 462924
8324, 462924
8324, 462924
8324, 462924
8324, 462924
8324, 462924
8324, 462924
8324, 462924
8324, 462924
8324, 462924
8324, 462924
8324, 462924
8324, 462924
8324, 462924
8324, 462924
8324, 462924
8324, 462924
8324, 462924
8324, 462924
8324, 462924
8324, 462924
8324, 462924
8324, 462924
8324, 462924
8324, 462924
8324, 462924
8324, 462924
8324, 462924
8324, 462924
8324, 462924
8324, 462924
8324, 462924
8324, 462924
8324, 462924
8324, 462924
8324, 462924
8324, 462924
8324, 462924
8324, 462924
8324, 462924
8324, 462924
8324, 462924
8324, 462924
8324, 462924
8324, 462924
8324, 462924
8324, 462924
8324, 462924
8324, 462924
8324, 462924
8324, 462924
8324, 462924
8324, 462924
8324, 462924
8324, 462924
8324, 462924
8324, 462924
8324, 462924
8324, 462924
8324, 462924
8324, 462924
8324, 462924
8324, 462924
8324, 462924
8324, 462924
8324, 462924
8324, 462924
8324, 462924
8324, 462924
8324, 462924
8324, 462924
8324, 462924
8324, 462924
8324, 462924
8324, 462924
8324, 462924
8324, 462924
8324, 462924
8324, 462924
8324, 462924
8324, 462924
8324, 462924
8324, 462924
8324, 462924
8324, 462924
8324, 462924
8324, 462924
8324, 462924
8324, 462924
8324, 462924
8324, 462924
8324, 462924
8324, 462924
8324, 462924
8324, 462924
8324, 462924
8324, 462924
8324, 462924
8324, 462924
8324, 462924
8324, 462924
8324, 462924
8324, 462924
8324, 462924
8324, 462924
8324, 462924
8324, 462924
8324, 462924
8324, 462924
8324, 462924
8324, 462924
8324, 462924
8324, 462924
8324, 462924
8324, 462924
8324, 462924
8324, 462924
8324, 462924
8324, 462924
8324, 462924
8324, 462924
8324, 462924
8324, 462924
8324, 462924
8324, 462924
8324, 462924
8324, 462924
8324, 462924
8324, 462924
8324, 462924
8324, 462924
8324, 462924
8324, 462924
8324, 462924
8324, 462924
8324, 462924
8324, 462924
8324, 462924
8324, 462924
8324, 462924
8324, 462924
8324, 462924
8324, 462924
8324, 462924
8324, 462924
8324, 462924
8324, 462924
8324, 462924
8324, 462924
8324, 462924
8324, 462924
8324, 462924
8324, 462924
8324, 462924
8324, 462924
8324, 462924
8324, 462924
8324, 462924
8324, 462924
8324, 462924
8324, 462924
8324, 462924
8324, 462924
8324, 462924
8324, 462924
8324, 462924
8324, 462924
8324, 462924
8324, 462924
8324, 462924
8324, 462924
8324, 462924
8324, 462924
8324, 462924
8324, 462924
8324, 462924
8324, 462924
8324, 462924
8324, 462924
8324, 462924
8324, 462924
8324, 462924
8324, 462924
8324, 462924
8324, 462924
8324, 462924
8324, 462924
8324, 462924
8324, 462924
8324, 462924
8324, 462924
8324, 462924
8324, 462924
8324, 462924
8324, 462924
8324, 462924
8324, 462924
8324, 462924
8324, 462924
8324, 462924
8324, 462924
8324, 462924
8324, 462924
8324, 462924
8324, 462924
8324, 462924
8324, 462924
8324, 462924
8324, 462924
8324, 462924
8324, 462924
8324, 462924
8324, 462924
8324, 462924
8324, 462924
8324, 462924
8324, 462924
8324, 462924
8324, 462924
8324, 462924
8324, 462924
8324, 462924
8324, 462924
8324, 462924
8324, 462924
8324, 462924
8324, 462924
8324, 462924
8324, 462924
8324, 462924
8324, 462924
8324, 462924
8324, 462924
8324, 462924
8324, 462924
8324, 462924
8324, 462924
8324, 462924
8324, 462924
8324, 462924
8324, 462924
8324, 462924
8324, 462924
8324, 462924
8324, 462924
8324, 462924
8324, 462924
8324, 462924
8324, 462924
8324, 462924
8324, 462924
8324, 462924
8324, 462924
8324, 462924
8324, 462924
8324, 462924
8324, 462924
8324, 462924
8324, 462924
8324, 462924
8324, 462924
8324, 462924
8324, 462924
8324, 462924
8324, 462924
8324, 462924
8324, 462924
8324, 462924
8324, 462924
8324, 462924
8324, 462924
8324, 462924
8324, 462924
8324, 462924
8324, 462924
8324, 462924
8324, 462924
8324, 462924
8324, 462924
8324, 462924
8324, 462924
8324, 462924
8324, 462924
8324, 462924
8324, 462924
8324, 462924
8324, 462924
8324, 462924
8324, 462924
8324, 462924
8324, 462924
8324, 462924
8324, 462924
8324, 462924
8324, 462924
8324, 462924
8324, 462924
8324, 462924
8324, 462924
8324, 462924
8324, 462924
8324, 462924
8324, 462924
8324, 462924
8324, 462924
8324, 462924
8324, 462924
8324, 462924
8324, 462924
8324, 462924
8324, 462924
8324, 462924
8324, 462924
8324, 462924
8324, 462924
8324, 462924
8324, 462924
8324, 462924
8324, 462924
8324, 462924
8324, 462924
8324, 462924
8324, 462924
8324, 462924
8324, 462924
8324, 462924
8324, 462924
8324, 462924
8324, 462924
8324, 462924
8324, 462924
8324, 462924
8324, 462924
8324, 462924
8324, 462924
8324, 462924
8324, 462924
8324, 462924
8324, 462924
8324, 462924
8324, 462924
8324, 462924
8324, 462924
8324, 462924
8324, 462924
8324, 462924
8324, 462924
8324, 462924
8324, 462924
8324, 462924
8324, 462924
8324, 462924
8324, 462924
8324, 462924
8324, 462924
8324, 462924
8324, 462924
8324, 462924
8324, 462924
8324, 462924
8324, 462924
8324, 462924
8324, 462924
8324, 462924
8324, 462924
8324, 462924
8324, 462924
8324, 462924
8324, 462924
8324, 462924
8324, 462924
8324, 462924
8324, 462924
8324, 462924
8324, 462924
8324, 462924
8324, 462924
8324, 462924
8324, 462924
8324, 462924
8324, 462924
8324, 462924
8324, 462924
8324, 462924
8324, 462924
8324, 462924
8324, 462924
8324, 462924
8324, 462924
8324, 462924
8324, 462924
8324, 462924
8324, 462924
8324, 462924
8324, 462924
8324, 462924
8324, 462924
8324, 462924
8324, 462924
8324, 462924
8324, 462924
8324, 462924
8324, 462924
8324, 462924
8324, 462924
8324, 462924
8324, 462924
8324, 462924
8324, 462924
8324, 462924
8324, 462924
8324, 462924
8324, 462924
8324, 462924
8324, 462924
8324, 462924
8324, 462924
8324, 462924
8324, 462924
8324, 462924
8324, 462924
8324, 462924
8324, 462924
8324, 462924
8324, 462924
8324, 462924
8324, 462924
8324, 462924
8324, 462924
8324, 462924
8324, 462924
8324, 462924
8324, 462924
8324, 462924
8324, 462924
8324, 462924
8324, 462924
8324, 462924
8324, 462924
8324, 462924
8324, 462924
8324, 462924
8324, 462924
8324, 462924
8324, 462924
8324, 462924
8324, 462924
8324, 462924
8324, 462924
8324, 462924
8324, 462924
8324, 462924
8324, 462924
8324, 462924
8324, 462924
8324, 462924
8324, 462924
8324, 462924
8324, 462924
8324, 462924
8324, 462924
8324, 462924
8324, 462924
8324, 462924
8324, 462924
8324, 462924
8324, 462924
8324, 462924
8324, 462924
8324, 462924
8324, 462924
8324, 462924
8324, 462924
8324, 462924
8324, 462924
8324, 462924
8324, 462924
8324, 462924
8324, 462924
8324, 462924
8324, 462924
8324, 462924
8324, 462924
8324, 462924
8324, 462924
8324, 462924
8324, 462924
8324, 462924
8324, 462924
8324, 462924
8324, 462924
8324, 462924
8324, 462924
8324, 462924
8324, 462924
8324, 462924
8324, 462924
8324, 462924
8324, 462924
8324, 462924
8324, 462924
8324, 462924
8324, 462924
8324, 462924
8324, 462924
8324, 462924
8324, 462924
8324, 462924
8324, 462924
8324, 462924
8324, 462924
8324, 462924
8324, 462924
8324, 462924
8324, 462924
8324, 462924
8324, 462924
8324, 462924
8324, 462924
8324, 462924
8324, 462924
8324, 462924
8324, 462924
8324, 462924
8324, 462924
8324, 462924
8324, 462924
8324, 462924
8324, 462924
8324, 462924
8324, 462924
8324, 462924
8324, 462924
8324, 462924
8324, 462924
8324, 462924
8324, 462924
8324, 462924
8324, 462924
8324, 462924
8324, 462924
8324, 462924
8324, 462924
8324, 462924
8324, 462924
8324, 462924
8324, 462924
8324, 462924
8324, 462924
8324, 462924
8324, 462924
8324, 462924
8324, 462924
8324, 462924
8324, 462924
8324, 462924
8324, 462924
8324, 462924
8324, 462924
8324, 462924
8324, 462924
8324, 462924
8324, 462924
8324, 462924
8324, 462924
8324, 462924
8324, 462924
8324, 462924
8324, 462924
8324, 462924
8324, 462924
8324, 462924
8324, 462924
8324, 462924
8324, 462924
8324, 462924
8324, 462924
8324, 462924
8324, 462924
8324, 462924
8324, 462924
8324, 462924
8324, 462924
8324, 462924
8324, 462924
8324, 462924
8324, 462924
8324, 462924
8324, 462924
8324, 462924
8324, 462924
8324, 462924
8324, 462924
8324, 462924
8324, 462924
8324, 462924
8324, 462924
8324, 462924
8324, 462924
8324, 462924
8324, 462924
8324, 462924
8324, 462924
8324, 462924
8324, 462924
8324, 462924
8324, 462924
8324, 462924
8324, 462924
8324, 462924
8324, 462924
8324, 462924
8324, 462924
8324, 462924
8324, 462924
8324, 462924
8324, 462924
8324, 462924
8324, 462924
8324, 462924
8324, 462924
8324, 462924
8324, 462924
8324, 462924
8324, 462924
8324, 462924
8324, 462924
8324, 462924
8324, 462924
8324, 462924
8324, 462924
8324, 462924
8324, 462924
8324, 462924
8324, 462924
8324, 462924
8324, 462924
8324, 462924
8324, 462924
8324, 462924
8324, 462924
8324, 462924
8324, 462924
8324, 462924
8324, 462924
8324, 462924
8324, 462924
8324, 462924
8324, 462924
8324, 462924
8324, 462924
8324, 462924
8324, 462924
8324, 462924
8324, 462924
8324, 462924
8324, 462924
8324, 462924
8324, 462924
8324, 462924
8324, 462924
8324, 462924
8324, 462924
8324, 462924
8324, 462924
8324, 462924
8324, 462924
8324, 462924
8324, 462924
8324, 462924
8324, 462924
8324, 462924
8324, 462924
8324, 462924
8324, 462924
8324, 462924
8324, 462924
8324, 462924
8324, 462924
8324, 462924
8324, 462924
8324, 462924
8324, 462924
8324, 462924
8324, 462924
8324, 462924
8324, 462924
8324, 462924
8324, 462924
8324, 462924
8324, 462924
8324, 462924
8324, 462924
8324, 462924
8324, 462924
8324, 462924
8324, 462924
8324, 462924
8324, 462924
8324, 462924
8324, 462924
8324, 462924
8324, 462924
8324, 462924
8324, 462924
8324, 462924
8324, 462924
8324, 462924
8324, 462924
8324, 462924
8324, 462924
8324, 462924
8324, 462924
8324, 462924
8324, 462924
8324, 462924
8324, 462924
8324, 462924
8324, 462924
8324, 462924
8324, 462924
8324, 462924
8324, 462924
8324, 462924
8324, 462924
8324, 462924
8324, 462924
8324, 462924
8324, 462924
8324, 462924
8324, 462924
8324, 462924
8324, 462924
8324, 462924
8324, 462924
8324, 462924
8324, 462924
8324, 462924
8324, 462924
8324, 462924
8324, 462924
8324, 462924
8324, 462924
8324, 462924
8324, 462924
8324, 462924
8324, 462924
8324, 462924
8324, 462924
8324, 462924
8324, 462924
8324, 462924
8324, 462924
8324, 462924
8324, 462924
8324, 462924
8324, 462924
8324, 462924
8324, 462924
8324, 462924
8324, 462924
8324, 462924
8324, 462924
8324, 462924
8324, 462924
8324, 462924
8324, 462924
8324, 462924
8324, 462924
8324, 462924
8324, 462924
8324, 462924
8324, 462924
8324, 462924
8324, 462924
8324, 462924
8324, 462924
8324, 462924
8324, 462924
8324, 462924
8324, 462924
8324, 462924
8324, 462924
8324, 462924
8324, 462924
8324, 462924
8324, 462924
8324, 462924
8324, 462924
8324, 462924
8324, 462924
8324, 462924
8324, 462924
8324, 462924
8324, 462924
8324, 462924
8324, 462924
8324, 462924
8324, 462924
8324, 462924
8324, 462924
8324, 462924
8324, 462924
8324, 462924
8324, 462924
8324, 462924
8324, 462924
8324, 462924
8324, 462924
8324, 462924
8324, 462924
8324, 462924
8324, 462924
8324, 462924
8324, 462924
8324, 462924
8324, 462924
8324, 462924
8324, 462924
8324, 462924
8324, 462924
8324, 462924
8324, 462924
8324, 462924
8324, 462924
8324, 462924
8324, 462924
8324, 462924
8324, 462924
8324, 462924
8324, 462924
8324, 462924
8324, 462924
8324, 462924
8324, 462924
8324, 462924
8324, 462924
8324, 462924
8324, 462924
8324, 462924
8324, 462924
8324, 462924
8324, 462924
8324, 462924
8324, 462924
8324, 462924
8324, 462924
8324, 462924
8324, 462924
8324, 462924
8324, 462924
8324, 462924
8324, 462924
8324, 462924
8324, 462924
8324, 462924
8324, 462924
8324, 462924
8324, 462924
8324, 462924
8324, 462924
8324, 462924
8324, 462924
8324, 462924
8324, 462924
8324, 462924
8324, 462924
8324, 462924
8324, 462924
8324, 462924
8324, 462924
8324, 462924
8324, 462924
8324, 462924
8324, 462924
8324, 462924
8324, 462924
8324, 462924
8324, 462924
8324, 462924
8324, 462924
8324, 462924
8324, 462924
8324, 462924
8324, 462924
8324, 462924
8324, 462924
8324, 462924
8324, 462924
8324, 462924
8324, 462924
8324, 462924
8324, 462924
8324, 462924
8324, 462924
8324, 462924
8324, 462924
8324, 462924
8324, 462924
8324, 462924
8324, 462924
8324, 462924
8324, 462924
8324, 462924
8324, 462924
8324, 462924
8324, 462924
8324, 462924
8324, 462924
8324, 462924
8324, 462924
8324, 462924
8324, 462924
8324, 462924
8324, 462924
8324, 462924
8324, 462924
8324, 462924
8324, 462924
8324, 462924
8324, 462924
8324, 462924
8324, 462924
8324, 462924
8324, 462924
8324, 462924
8324, 462924
8324, 462924
8324, 462924
8324, 462924
8324, 462924
8324, 462924
8324, 462924
8324, 462924
8324, 462924
8324, 462924
8324, 462924
8324, 462924
8324, 462924
8324, 462924
8324, 462924
8324, 462924
8324, 462924
8324, 462924
8324, 462924
8324, 462924
8324, 462924
8324, 462924
8324, 462924
8324, 462924
8324, 462924
8324, 462924
8324, 462924
8324, 462924
8324, 462924
8324, 462924
8324, 462924
8324, 462924
8324, 462924
8324, 462924
8324, 462924
8324, 462924
8324, 462924
8324, 462924
8324, 462924
8324, 462924
8324, 462924
8324, 462924
8324, 462924
8324, 462924
8324, 462924
8324, 462924
8324, 462924
8324, 462924
8324, 462924
8324, 462924
8324, 462924
8324, 462924
8324, 462924
8324, 462924
8324, 462924
8324, 462924
8324, 462924
8324, 462924
8324, 462924
8324, 462924
8324, 462924
8324, 462924
8324, 462924
8324, 462924
8324, 462924
8324, 462924
8324, 462924
8324, 462924
8324, 462924
8324, 462924
8324, 462924
8324, 462924
8324, 462924
8324, 462924
8324, 462924
8324, 462924
8324, 462924
8324, 462924
8324, 462924
8324, 462924
8324, 462924
8324, 462924
8324, 462924
8324, 462924
8324, 462924
8324, 462924
8324, 462924
8324, 462924
8324, 462924
8324, 462924
8324, 462924
8324, 462924
8324, 462924
8324, 462924
8324, 462924
8324, 462924
8324, 462924
8324, 462924
8324, 462924
8324, 462924
8324, 462924
8324, 462924
8324, 462924
8324, 462924
8324, 462924
8324, 462924
8324, 462924
8324, 462924
8324, 462924
8324, 462924
8324, 462924
8324, 462924
8324, 462924
8324, 462924
8324, 462924
8324, 462924
8324, 462924
8324, 462924
8324, 462924
8324, 462924
8324, 462924
8324, 462924
8324, 462924
8324, 462924
8324, 462924
8324, 462924
8324, 462924
8324, 462924
8324, 462924
8324, 462924
8324, 462924
8324, 462924
8324, 462924
8324, 462924
8324, 462924
8324, 462924
8324, 462924
8324, 462924
8324, 462924
8324, 462924
8324, 462924
8324, 462924
8324, 462924
8324, 462924
8324, 462924
8324, 462924
8324, 462924
8324, 462924
8324, 462924
8324, 462924
8324, 462924
8324, 462924
8324, 462924
8324, 462924
8324, 462924
8324, 462924
8324, 462924
8324, 462924
8324, 462924
8324, 462924
8324, 462924
8324, 462924
8324, 462924
8324, 462924
8324, 462924
8324, 462924
8324, 462924
8324, 462924
8324, 462924
8324, 462924
8324, 462924
8324, 462924
8324, 462924
8324, 462924
8324, 462924
8324, 462924
8324, 462924
8324, 462924
8324, 462924
8324, 462924
8324, 462924
8324, 462924
8324, 462924
8324, 462924
8324, 462924
8324, 462924
8324, 462924
8324, 462924
8324, 462924
8324, 462924
8324, 462924
8324, 462924
8324, 462924
8324, 462924
8324, 462924
8324, 462924
8324, 462924
8324, 462924
8324, 462924
8324, 462924
8324, 462924
8324, 462924
8324, 462924
8324, 462924
8324, 462924
8324, 462924
8324, 462924
8324, 462924
8324, 462924
8324, 462924
8324, 462924
8324, 462924
8324, 462924
8324, 462924
8324, 462924
8324, 462924
8324, 462924
8324, 462924
8324, 462924
8324, 462924
8324, 462924
8324, 462924
8324, 462924
8324, 462924
8324, 462924
8324, 462924
8324, 462924
8324, 462924
8324, 462924
8324, 462924
8324, 462924
8324, 462924
8324, 462924
8324, 462924
8324, 462924
8324, 462924
8324, 462924
8324, 462924
8324, 462924
8324, 462924
8324, 462924
8324, 462924
8324, 462924
8324, 462924
8324, 462924
8324, 462924
8324, 462924
8324, 462924
8324, 462924
8324, 462924
8324, 462924
8324, 462924
8324, 462924
8324, 462924
8324, 462924
8324, 462924
8324, 462924
8324, 462924
8324, 462924
8324, 462924
8324, 462924
8324, 462924
8324, 462924
8324, 462924
8324, 462924
8324, 462924
8324, 462924
8324, 462924
8324, 462924
8324, 462924
8324, 462924
8324, 462924
8324, 462924
8324, 462924
8324, 462924
8324, 462924
8324, 462924
8324, 462924
8324, 462924
8324, 462924
8324, 462924
8324, 462924
8324, 462924
8324, 462924
8324, 462924
8324, 462924
8324, 462924
8324, 462924
8324, 462924
8324, 462924
8324, 462924
8324, 462924
8324, 462924
8324, 462924
8324, 462924
8324, 462924
8324, 462924
8324, 462924
8324, 462924
8324, 462924
8324, 462924
8324, 462924
8324, 462924
8324, 462924
8324, 462924
8324, 462924
8324, 462924
8324, 462924
8324, 462924
8324, 462924
8324, 462924
8324, 462924
8324, 462924
8324, 462924
8324, 462924
8324, 462924
8324, 462924
8324, 462924
8324, 462924
8324, 462924
8324, 462924
8324, 462924
8324, 462924
8324, 462924
8324, 462924
8324, 462924
8324, 462924
8324, 462924
8324, 462924
8324, 462924
8324, 462924
8324, 462924
8324, 462924
8324, 462924
8324, 462924
8324, 462924
8324, 462924
8324, 462924
8324, 462924
8324, 462924
8324, 462924
8324, 462924
8324, 462924
8324, 462924
8324, 462924
8324, 462924
8324, 462924
8324, 462924
8324, 462924
8324, 462924
8324, 462924
8324, 462924
8324, 462924
8324, 462924
8324, 462924
8324, 462924
8324, 462924
8324, 462924
8324, 462924
8324, 462924
8324, 462924
8324, 462924
8324, 462924
8324, 462924
8324, 462924
8324, 462924
8324, 462924
8324, 462924
8324, 462924
8324, 462924
8324, 462924
8324, 462924
8324, 462924
8324, 462924
8324, 462924
8324, 462924
8324, 462924
8324, 462924
8324, 462924
8324, 462924
8324, 462924
8324, 462924
8324, 462924
8324, 462924
8324, 462924
8324, 462924
8324, 462924
8324, 462924
8324, 462924
8324, 462924
8324, 462924
8324, 462924
8324, 462924
8324, 462924
8324, 462924
8324, 462924
8324, 462924
8324, 462924
8324, 462924
8324, 462924
8324, 462924
8324, 462924
8324, 462924
8324, 462924
8324, 462924
8324, 462924
8324, 462924
8324, 462924
8324, 462924
8324, 462924
8324, 462924
8324, 462924
8324, 462924
8324, 462924
8324, 462924
8324, 462924
8324, 462924
8324, 462924
8324, 462924
8324, 462924
8324, 462924
8324, 462924
8324, 462924
8324, 462924
8324, 462924
8324, 462924
8324, 462924
8324, 462924
8324, 462924
8324, 462924
8324, 462924
8324, 462924
8324, 462924
8324, 462924
8324, 462924
8324, 462924
8324, 462924
8324, 462924
8324, 462924
8324, 462924
8324, 462924
8324, 462924
8324, 462924
8324, 462924
8324, 462924
8324, 462924
8324, 462924
8324, 462924
8324, 462924
8324, 462924
8324, 462924
8324, 462924
8324, 462924
8324, 462924
8324, 462924
8324, 462924
8324, 462924
8324, 462924
8324, 462924
8324, 462924
8324, 462924
8324, 462924
8324, 462924
8324, 462924
8324, 462924
8324, 462924
8324, 462924
8324, 462924
8324, 462924
8324, 462924
8324, 462924
8324, 462924
8324, 462924
8324, 462924
8324, 462924
8324, 462924
8324, 462924
8324, 462924
8324, 462924
8324, 462924
8324, 462924
8324, 462924
8324, 462924
8324, 462924
8324, 462924
8324, 462924
8324, 462924
8324, 462924
8324, 462924
8324, 462924
8324, 462924
8324, 462924
8324, 462924
8324, 462924
8324, 462924
8324, 462924
8324, 462924
8324, 462924
8324, 462924
8324, 462924
8324, 462924
8324, 462924
8324, 462924
8324, 462924
8324, 462924
8324, 462924
8324, 462924
8324, 462924
8324, 462924
8324, 462924
8324, 462924
8324, 462924
8324, 462924
8324, 462924
8324, 462924
8324, 462924
8324, 462924
8324, 462924
8324, 462924
8324, 462924
8324, 462924
8324, 462924
8324, 462924
8324, 462924
8324, 462924
8324, 462924
8324, 462924
8324, 462924
8324, 462924
8324, 462924
8324, 462924
8324, 462924
8324, 462924
8324, 462924
8324, 462924
8324, 462924
8324, 462924
8324, 462924
8324, 462924
8324, 462924
8324, 462924
8324, 462924
8324, 462924
8324, 462924
8324, 462924
8324, 462924
8324, 462924
8324, 462924
8324, 462924
8324, 462924
8324, 462924
8324, 462924
8324, 462924
8324, 462924
8324, 462924
8324, 462924
8324, 462924
8324, 462924
8324, 462924
8324, 462924
8324, 462924
8324, 462924
8324, 462924
8324, 462924
8324, 462924
8324, 462924
8324, 462924
8324, 462924
8324, 462924
8324, 462924
8324, 462924
8324, 462924
8324, 462924
8324, 462924
8324, 462924
8324, 462924
8324, 462924
8324, 462924
8324, 462924
8324, 462924
8324, 462924
8324, 462924
8324, 462924
8324, 462924
8324, 462924
8324, 462924
8324, 462924
8324, 462924
8324, 462924
8324, 462924
8324, 462924
8324, 462924
8324, 462924
8324, 462924
8324, 462924
8324, 462924
8324, 462924
8324, 462924
8324, 462924
8324, 462924
8324, 462924
8324, 462924
8324, 462924
8324, 462924
8324, 462924
8324, 462924
8324, 462924
8324, 462924
8324, 462924
8324, 462924
8324, 462924
8324, 462924
8324, 462924
8324, 462924
8324, 462924
8324, 462924
8324, 462924
8324, 462924
8324, 462924
8324, 462924
8324, 462924
8324, 462924
8324, 462924
8324, 462924
8324, 462924
8324, 462924
8324, 462924
8324, 462924
8324, 462924
8324, 462924
8324, 462924
8324, 462924
8324, 462924
8324, 462924
8324, 462924
8324, 462924
8324, 462924
8324, 462924
8324, 462924
8324, 462924
8324, 462924
8324, 462924
8324, 462924
8324, 462924
8324, 462924
8324, 462924
8324, 462924
8324, 462924
8324, 462924
8324, 462924
8324, 462924
8324, 462924
8324, 462924
8324, 462924
8324, 462924
8324, 462924
8324, 462924
8324, 462924
8324, 462924
8324, 462924
8324, 462924
8324, 462924
8324, 462924
8324, 462924
8324, 462924
8324, 462924
8324, 462924
8324, 462924
8324, 462924
8324, 462924
8324, 462924
8324, 462924
8324, 462924
8324, 462924
8324, 462924
8324, 462924
8324, 462924
8324, 462924
8324, 462924
8324, 462924
8324, 462924
8324, 462924
8324, 462924
8324, 462924
8324, 462924
8324, 462924
8324, 462924
8324, 462924
8324, 462924
8324, 462924
8324, 462924
8324, 462924
8324, 462924
8324, 462924
8324, 462924
8324, 462924
8324, 462924
8324, 462924
8324, 462924
8324, 462924
8324, 462924
8324, 462924
8324, 462924
8324, 462924
8324, 462924
8324, 462924
8324, 462924
8324, 462924
8324, 462924
8324, 462924
8324, 462924
8324, 462924
8324, 462924
8324, 462924
8324, 462924
8324, 462924
8324, 462924
8324, 462924
8324, 462924
8324, 462924
8324, 462924
8324, 462924
8324, 462924
8324, 462924
8324, 462924
8324, 462924
8324, 462924
8324, 462924
8324, 462924
8324, 462924
8324, 462924
8324, 462924
8324, 462924
8324, 462924
8324, 462924
8324, 462924
8324, 462924
8324, 462924
8324, 462924
8324, 462924
8324, 462924
8324, 462924
8324, 462924
8324, 462924
8324, 462924
8324, 462924
8324, 462924
8324, 462924
8324, 462924
8324, 462924
8324, 462924
8324, 462924
8324, 462924
8324, 462924
8324, 462924
8324, 462924
8324, 462924
8324, 462924
8324, 462924
8324, 462924
8324, 462924
8324, 462924
8324, 462924
8324, 462924
8324, 462924
8324, 462924
8324, 462924
8324, 462924
8324, 462924
8324, 462924
8324, 462924
8324, 462924
8324, 462924
8324, 462924
8324, 462924
8324, 462924
8324, 462924
8324, 462924
8324, 462924
8324, 462924
8324, 462924
8324, 462924
8324, 462924
8324, 462924
8324, 462924
8324, 462924
8324, 462924
8324, 462924
8324, 462924
8324, 462924
8324, 462924
8324, 462924
8324, 462924
8324, 462924
8324, 462924
8324, 462924
8324, 462924
8324, 462924
8324, 462924
8324, 462924
8324, 462924
8324, 462924
8324, 462924
8324, 462924
8324, 462924
8324, 462924
8324, 462924
8324, 462924
8324, 462924
8324, 462924
8324, 462924
8324, 462924
8324, 462924
8324, 462924
8324, 462924
8324, 462924
8324, 462924
8324, 462924
8324, 462924
8324, 462924
8324, 462924
8324, 462924
8324, 462924
8324, 462924
8324, 462924
8324, 462924
8324, 462924
8324, 462924
8324, 462924
8324, 462924
8324, 462924
8324, 462924
8324, 462924
8324, 462924
8324, 462924
8324, 462924
8324, 462924
8324, 462924
8324, 462924
8324, 462924
8324, 462924
8324, 462924
8324, 462924
8324, 462924
8324, 462924
8324, 462924
8324, 462924
8324, 462924
8324, 462924
8324, 462924
8324, 462924
8324, 462924
8324, 462924
8324, 462924
8324, 462924
8324, 462924
8324, 462924
8324, 462924
8324, 462924
8324, 462924
8324, 462924
8324, 462924
8324, 462924
8324, 462924
8324, 462924
8324, 462924
8324, 462924
8324, 462924
8324, 462924
8324, 462924
8324, 462924
8324, 462924
8324, 462924
8324, 462924
8324, 462924
8324, 462924
8324, 462924
8324, 462924
8324, 462924
8324, 462924
8324, 462924
8324, 462924
8324, 462924
8324, 462924
8324, 462924
8324, 462924
8324, 462924
8324, 462924
8324, 462924
8324, 462924
8324, 462924
8324, 462924
8324, 462924
8324, 462924
8324, 462924
8324, 462924
8324, 462924
8324, 462924
8324, 462924
8324, 462924
8324, 462924
8324, 462924
8324, 462924
8324, 462924
8324, 462924
8324, 462924
8324, 462924
8324, 462924
8324, 462924
8324, 462924
8324, 462924
8324, 462924
8324, 462924
8324, 462924
8324, 462924
8324, 462924
8324, 462924
8324, 462924
8324, 462924
8324, 462924
8324, 462924
8324, 462924
8324, 462924
8324, 462924
8324, 462924
8324, 462924
8324, 462924
8324, 462924
8324, 462924
8324, 462924
8324, 462924
8324, 462924
8324, 462924
8324, 462924
8324, 462924
8324, 462924
8324, 462924
8324, 462924
8324, 462924
8324, 462924
8324, 462924
8324, 462924
8324, 462924
8324, 462924
8324, 462924
8324, 462924
8324, 462924
8324, 462924
8324, 462924
8324, 462924
8324, 462924
8324, 462924
8324, 462924
8324, 462924
8324, 462924
8324, 462924
8324, 462924
8324, 462924
8324, 462924
8324, 462924
8324, 462924
8324, 462924
8324, 462924
8324, 462924
8324, 462924
8324, 462924
8324, 462924
8324, 462924
8324, 462924
8324, 462924
8324, 462924
8324, 462924
8324, 462924
8324, 462924
8324, 462924
8324, 462924
8324, 462924
8324, 462924
8324, 462924
8324, 462924
8324, 462924
8324, 462924
8324, 462924
8324, 462924
8324, 462924
8324, 462924
8324, 462924
8324, 462924
8324, 462924
8324, 462924
8324, 462924
8324, 462924
8324, 462924
8324, 462924
8324, 462924
8324, 462924
8324, 462924
8324, 462924
8324, 462924
8324, 462924
8324, 462924
8324, 462924
8324, 462924
8324, 462924
8324, 462924
8324, 462924
8324, 462924
8324, 462924
8324, 462924
8324, 462924
8324, 462924
8324, 462924
8324, 462924
8324, 462924
8324, 462924
8324, 462924
8324, 462924
8324, 462924
8324, 462924
8324, 462924
8324, 462924
8324, 462924
8324, 462924
8324, 462924
8324, 462924
8324, 462924
8324, 462924
8324, 462924
8324, 462924
8324, 462924
8324, 462924
8324, 462924
8324, 462924
8324, 462924
8324, 462924
8324, 462924
8324, 462924
8324, 462924
8324, 462924
8324, 462924
8324, 462924
8324, 462924
8324, 462924
8324, 462924
8324, 462924
8324, 462924
8324, 462924
8324, 462924
8324, 462924
8324, 462924
8324, 462924
8324, 462924
8324, 462924
8324, 462924
8324, 462924
8324, 462924
8324, 462924
8324, 462924
8324, 462924
8324, 462924
8324, 462924
8324, 462924
8324, 462924
8324, 462924
8324, 462924
8324, 462924
8324, 462924
8324, 462924
8324, 462924
8324, 462924
8324, 462924
8324, 462924
8324, 462924
8324, 462924
8324, 462924
8324, 462924
8324, 462924
8324, 462924
8324, 462924
8324, 462924
8324, 462924
8324, 462924
8324, 462924
8324, 462924
8324, 462924
8324, 462924
8324, 462924
8324, 462924
8324, 462924
8324, 462924
8324, 462924
8324, 462924
8324, 462924
8324, 462924
8324, 462924
8324, 462924
8324, 462924
8324, 462924
8324, 462924
8324, 462924
8324, 462924
8324, 462924
8324, 462924
8324, 462924
8324, 462924
8324, 462924
8324, 462924
8324, 462924
8324, 462924
8324, 462924
8324, 462924
8324, 462924
8324, 462924
8324, 462924
8324, 462924
8324, 462924
8324, 462924
8324, 462924
8324, 462924
8324, 462924
8324, 462924
8324, 462924
8324, 462924
8324, 462924
8324, 462924
8324, 462924
8324, 462924
8324, 462924
8324, 462924
8324, 462924
8324, 462924
8324, 462924
8324, 462924
8324, 462924
8324, 462924
8324, 462924
8324, 462924
8324, 462924
8324, 462924
8324, 462924
8324, 462924
8324, 462924
8324, 462924
8324, 462924
8324, 462924
8324, 462924
8324, 462924
8324, 462924
8324, 462924
8324, 462924
8324, 462924
8324, 462924
8324, 462924
8324, 462924
8324, 462924
8324, 462924
8324, 462924
8324, 462924
8324, 462924
8324, 462924
8324, 462924
8324, 462924
8324, 462924
8324, 462924
8324, 462924
8324, 462924
8324, 462924
8324, 462924
8324, 462924
8324, 462924
8324, 462924
8324, 462924
8324, 462924
8324, 462924
8324, 462924
8324, 462924
8324, 462924
8324, 462924
8324, 462924
8324, 462924
8324, 462924
8324, 462924
8324, 462924
8324, 462924
8324, 462924
8324, 462924
8324, 462924
8324, 462924
8324, 462924
8324, 462924
8324, 462924
8324, 462924
8324, 462924
8324, 462924
8324, 462924
8324, 462924
8324, 462924
8324, 462924
8324, 462924
8324, 462924
8324, 462924
8324, 462924
8324, 462924
8324, 462924
8324, 462924
8324, 462924
8324, 462924
8324, 462924
8324, 462924
8324, 462924
8324, 462924
8324, 462924
8324, 462924
8324, 462924
8324, 462924
8324, 462924
8324, 462924
8324, 462924
8324, 462924
8324, 462924
8324, 462924
8324, 462924
8324, 462924
8324, 462924
8324, 462924
8324, 462924
8324, 462924
8324, 462924
8324, 462924
8324, 462924
8324, 462924
8324, 462924
8324, 462924
8324, 462924
8324, 462924
8324, 462924
8324, 462924
8324, 462924
8324, 462924
8324, 462924
8324, 462924
8324, 462924
8324, 462924
8324, 462924
8324, 462924
8324, 462924
8324, 462924
8324, 462924
8324, 462924
8324, 462924
8324, 462924
8324, 462924
8324, 462924
8324, 462924
8324, 462924
8324, 462924
8324, 462924
8324, 462924
8324, 462924
8324, 462924
8324, 462924
8324, 462924
8324, 462924
8324, 462924
8324, 462924
8324, 462924
8324, 462924
8324, 462924
8324, 462924
8324, 462924
8324, 462924
8324, 462924
8324, 462924
8324, 462924
8324, 462924
8324, 462924
8324, 462924
8324, 462924
8324, 462924
8324, 462924
8324, 462924
8324, 462924
8324, 462924
8324, 462924
8324, 462924
8324, 462924
8324, 462924
8324, 462924
8324, 462924
8324, 462924
8324, 462924
8324, 462924
8324, 462924
8324, 462924
8324, 462924
8324, 462924
8324, 462924
8324, 462924
8324, 462924
8324, 462924
8324, 462924
8324, 462924
8324, 462924
8324, 462924
8324, 462924
8324, 462924
8324, 462924
8324, 462924
8324, 462924
8324, 462924
8324, 462924
8324, 462924
8324, 462924
8324, 462924
8324, 462924
8324, 462924
8324, 462924
8324, 462924
8324, 462924
8324, 462924
8324, 462924
8324, 462924
8324, 462924
8324, 462924
8324, 462924
8324, 462924
8324, 462924
8324, 462924
8324, 462924
8324, 462924
8324, 462924
8324, 462924
8324, 462924
8324, 462924
8324, 462924
8324, 462924
8324, 462924
8324, 462924
8324, 462924
8324, 462924
8324, 462924
8324, 462924
8324, 462924
8324, 462924
8324, 462924
8324, 462924
8324, 462924
8324, 462924
8324, 462924
8324, 462924
8324, 462924
8324, 462924
8324, 462924
8324, 462924
8324, 462924
8324, 462924
8324, 462924
8324, 462924
8324, 462924
8324, 462924
8324, 462924
8324, 462924
8324, 462924
8324, 462924
8324, 462924
8324, 462924
8324, 462924
8324, 462924
8324, 462924
8324, 462924
8324, 462924
8324, 462924
8324, 462924
8324, 462924
8324, 462924
8324, 462924
8324, 462924
8324, 462924
8324, 462924
8324, 462924
8324, 462924
8324, 462924
8324, 462924
8324, 462924
8324, 462924
8324, 462924
8324, 462924
8324, 462924
8324, 462924
8324, 462924
8324, 462924
8324, 462924
8324, 462924
8324, 462924
8324, 462924
8324, 462924
8324, 462924
8324, 462924
8324, 462924
8324, 462924
8324, 462924
8324, 462924
8324, 462924
8324, 462924
8324, 462924
8324, 462924
8324, 462924
8324, 462924
8324, 462924
8324, 462924
8324, 462924
8324, 462924
8324, 462924
8324, 462924
8324, 462924
8324, 462924
8324, 462924
8324, 462924
8324, 462924
8324, 462924
8324, 462924
8324, 462924
8324, 462924
8324, 462924
8324, 462924
8324, 462924
8324, 462924
8324, 462924
8324, 462924
8324, 462924
8324, 462924
8324, 462924
8324, 462924
8324, 462924
8324, 462924
8324, 462924
8324, 462924
8324, 462924
8324, 462924
8324, 462924
8324, 462924
8324, 462924
8324, 462924
8324, 462924
8324, 462924
8324, 462924
8324, 462924
8324, 462924
8324, 462924
8324, 462924
8324, 462924
8324, 462924
8324, 462924
8324, 462924
8324, 462924
8324, 462924
8324, 462924
8324, 462924
8324, 462924
8324, 462924
8324, 462924
8324, 462924
8324, 462924
8324, 462924
8324, 462924
8324, 462924
8324, 462924
8324, 462924
8324, 462924
8324, 462924
8324, 462924
8324, 462924
8324, 462924
8324, 462924
8324, 462924
8324, 462924
8324, 462924
8324, 462924
8324, 462924
8324, 462924
8324, 462924
8324, 462924
8324, 462924
8324, 462924
8324, 462924
8324, 462924
8324, 462924
8324, 462924
8324, 462924
8324, 462924
8324, 462924
8324, 462924
8324, 462924
8324, 462924
8324, 462924
8324, 462924
8324, 462924
8324, 462924
8324, 462924
8324, 462924
8324, 462924
8324, 462924
8324, 462924
8324, 462924
8324, 462924
8324, 462924
8324, 462924
8324, 462924
8324, 462924
8324, 462924
8324, 462924
8324, 462924
8324, 462924
8324, 462924
8324, 462924
8324, 462924
8324, 462924
8324, 462924
8324, 462924
8324, 462924
8324, 462924
8324, 462924
8324, 462924
8324, 462924
8324, 462924
8324, 462924
8324, 462924
8324, 462924
8324, 462924
8324, 462924
8324, 462924
8324, 462924
8324, 462924
8324, 462924
8324, 462924
8324, 462924
8324, 462924
8324, 462924
8324, 462924
8324, 462924
8324, 462924
8324, 462924
8324, 462924
8324, 462924
8324, 462924
8324, 462924
8324, 462924
8324, 462924
8324, 462924
8324, 462924
8324, 462924
8324, 462924
8324, 462924
8324, 462924
8324, 462924
8324, 462924
8324, 462924
8324, 462924
8324, 462924
8324, 462924
8324, 462924
8324, 462924
8324, 462924
8324, 462924
8324, 462924
8324, 462924
8324, 462924
8324, 462924
8324, 462924
8324, 462924
8324, 462924
8324, 462924
8324, 462924
8324, 462924
8324, 462924
8324, 462924
8324, 462924
8324, 462924
8324, 462924
8324, 462924
8324, 462924
8324, 462924
8324, 462924
8324, 462924
8324, 462924
8324, 462924
8324, 462924
8324, 462924
8324, 462924
8324, 462924
8324, 462924
8324, 462924
8324, 462924
8324, 462924
8324, 462924
8324, 462924
8324, 462924
8324, 462924
8324, 462924
8324, 462924
8324, 462924
8324, 462924
8324, 462924
8324, 462924
8324, 462924
8324, 462924
8324, 462924
8324, 462924
8324, 462924
8324, 462924
8324, 462924
8324, 462924
8324, 462924
8324, 462924
8324, 462924
8324, 462924
8324, 462924
8324, 462924
8324, 462924
8324, 462924
8324, 462924
8324, 462924
8324, 462924
8324, 462924
8324, 462924
8324, 462924
8324, 462924
8324, 462924
8324, 462924
8324, 462924
8324, 462924
8324, 462924
8324, 462924
8324, 462924
8324, 462924
8324, 462924
8324, 462924
8324, 462924
8324, 462924
8324, 462924
8324, 462924
8324, 462924
8324, 462924
8324, 462924
8324, 462924
8324, 462924
8324, 462924
8324, 462924
8324, 462924
8324, 462924
8324, 462924
8324, 462924
8324, 462924
8324, 462924
8324, 462924
8324, 462924
8324, 462924
8324, 462924
8324, 462924
8324, 462924
8324, 462924
8324, 462924
8324, 462924
8324, 462924
8324, 462924
8324, 462924
8324, 462924
8324, 462924
8324, 462924
8324, 462924
8324, 462924
8324, 462924
8324, 462924
8324, 462924
8324, 462924
8324, 462924
8324, 462924
8324, 462924
8324, 462924
8324, 462924
8324, 462924
8324, 462924
8324, 462924
8324, 462924
8324, 462924
8324, 462924
8324, 462924
8324, 462924
8324, 462924
8324, 462924
8324, 462924
8324, 462924
8324, 462924
8324, 462924
8324, 462924
8324, 462924
8324, 462924
8324, 462924
8324, 462924
8324, 462924
8324, 462924
8324, 462924
8324, 462924
8324, 462924
8324, 462924
8324, 462924
8324, 462924
8324, 462924
8324, 462924
8324, 462924
8324, 462924
8324, 462924
8324, 462924
8324, 462924
8324, 462924
8324, 462924
8324, 462924
8324, 462924
8324, 462924
8324, 462924
8324, 462924
8324, 462924
8324, 462924
8324, 462924
8324, 462924
8324, 462924
8324, 462924
8324, 462924
8324, 462924
8324, 462924
8324, 462924
8324, 462924
8324, 462924
8324, 462924
8324, 462924
8324, 462924
8324, 462924
8324, 462924
8324, 462924
8324, 462924
8324, 462924
8324, 462924
8324, 462924
8324, 462924
8324, 462924
8324, 462924
8324, 462924
8324, 462924
8324, 462924
8324, 462924
8324, 462924
8324, 462924
8324, 462924
8324, 462924
8324, 462924
8324, 462924
8324, 462924
8324, 462924
8324, 462924
8324, 462924
8324, 462924
8324, 462924
8324, 462924
8324, 462924
8324, 462924
8324, 462924
8324, 462924
8324, 462924
8324, 462924
8324, 462924
8324, 462924
8324, 462924
8324, 462924
8324, 462924
8324, 462924
8324, 462924
8324, 462924
8324, 462924
8324, 462924
8324, 462924
8324, 462924
8324, 462924
8324, 462924
8324, 462924
8324, 462924
8324, 462924
8324, 462924
8324, 462924
8324, 462924
8324, 462924
8324, 462924
8324, 462924
8324, 462924
8324, 462924
8324, 462924
8324, 462924
8324, 462924
8324, 462924
8324, 462924
8324, 462924
8324, 462924
8324, 462924
8324, 462924
8324, 462924
8324, 462924
8324, 462924
8324, 462924
8324, 462924
8324, 462924
8324, 462924
8324, 462924
8324, 462924
8324, 462924
8324, 462924
8324, 462924
8324, 462924
8324, 462924
8324, 462924
8324, 462924
8324, 462924
8324, 462924
8324, 462924
8324, 462924
8324, 462924
8324, 462924
8324, 462924
8324, 462924
8324, 462924
8324, 462924
8324, 462924
8324, 462924
8324, 462924
8324, 462924
8324, 462924
8324, 462924
8324, 462924
8324, 462924
8324, 462924
8324, 462924
8324, 462924
8324, 462924
8324, 462924
8324, 462924
8324, 462924
8324, 462924
8324, 462924
8324, 462924
8324, 462924
8324, 462924
8324, 462924
8324, 462924
8324, 462924
8324, 462924
8324, 462924
8324, 462924
8324, 462924
8324, 462924
8324, 462924
8324, 462924
8324, 462924
8324, 462924
8324, 462924
8324, 462924
8324, 462924
8324, 462924
8324, 462924
8324, 462924
8324, 462924
8324, 462924
8324, 462924
8324, 462924
8324, 462924
8324, 462924
8324, 462924
8324, 462924
8324, 462924
8324, 462924
8324, 462924
8324, 462924
8324, 462924
8324, 462924
8324, 462924
8324, 462924
8324, 462924
8324, 462924
8324, 462924
8324, 462924
8324, 462924
8324, 462924
8324, 462924
8324, 462924
8324, 462924
8324, 462924
8324, 462924
8324, 462924
8324, 462924
8324, 462924
8324, 462924
8324, 462924
8324, 462924
8324, 462924
8324, 462924
8324, 462924
8324, 462924
8324, 462924
8324, 462924
8324, 462924
8324, 462924
8324, 462924
8324, 462924
8324, 462924
8324, 462924
8324, 462924
8324, 462924
8324, 462924
8324, 462924
8324, 462924
8324, 462924
8324, 462924
8324, 462924
8324, 462924
8324, 462924
8324, 462924
8324, 462924
8324, 462924
8324, 462924
8324, 462924
8324, 462924
8324, 462924
8324, 462924
8324, 462924
8324, 462924
8324, 462924
8324, 462924
8324, 462924
8324, 462924
8324, 462924
8324, 462924
8324, 462924
8324, 462924
8324, 462924
8324, 462924
8324, 462924
8324, 462924
8324, 462924
8324, 462924
8324, 462924
8324, 462924
8324, 462924
8324, 462924
8324, 462924
8324, 462924
8324, 462924
8324, 462924
8324, 462924
8324, 462924
8324, 462924
8324, 462924
8324, 462924
8324, 462924
8324, 462924
8324, 462924
8324, 462924
8324, 462924
8324, 462924
8324, 462924
8324, 462924
8324, 462924
8324, 462924
8324, 462924
8324, 462924
8324, 462924
8324, 462924
8324, 462924
8324, 462924
8324, 462924
8324, 462924
8324, 462924
8324, 462924
8324, 462924
8324, 462924
8324, 462924
8324, 462924
8324, 462924
8324, 462924
8324, 462924
8324, 462924
8324, 462924
8324, 462924
8324, 462924
8324, 462924
8324, 462924
8324, 462924
8324, 462924
8324, 462924
8324, 462924
8324, 462924
8324, 462924
8324, 462924
8324, 462924
8324, 462924
8324, 462924
8324, 462924
8324, 462924
8324, 462924
8324, 462924
8324, 462924
8324, 462924
8324, 462924
8324, 462924
8324, 462924
8324, 462924
8324, 462924
8324, 462924
8324, 462924
8324, 462924
8324, 462924
8324, 462924
8324, 462924
8324, 462924
8324, 462924
8324, 462924
8324, 462924
8324, 462924
8324, 462924
8324, 462924
8324, 462924
8324, 462924
8324, 462924
8324, 462924
8324, 462924
8324, 462924
8324, 462924
8324, 462924
8324, 462924
8324, 462924
8324, 462924
8324, 462924
8324, 462924
8324, 462924
8324, 462924
8324, 462924
8324, 462924
8324, 462924
8324, 462924
8324, 462924
8324, 462924
8324, 462924
8324, 462924
8324, 462924
8324, 462924
8324, 462924
8324, 462924
8324, 462924
8324, 462924
8324, 462924
8324, 462924
8324, 462924
8324, 462924
8324, 462924
8324, 462924
8324, 462924
8324, 462924
8324, 462924
8324, 462924
8324, 462924
8324, 462924
8324, 462924
8324, 462924
8324, 462924
8324, 462924
8324, 462924
8324, 462924
8324, 462924
8324, 462924
8324, 462924
8324, 462924
8324, 462924
8324, 462924
8324, 462924
8324, 462924
8324, 462924
8324, 462924
8324, 462924
8324, 462924
8324, 462924
8324, 462924
8324, 462924
8324, 462924
8324, 462924
8324, 462924
8324, 462924
8324, 462924
8324, 462924
8324, 462924
8324, 462924
8324, 462924
8324, 462924
8324, 462924
8324, 462924
8324, 462924
8324, 462924
8324, 462924
8324, 462924
8324, 462924
8324, 462924
8324, 462924
8324, 462924
8324, 462924
8324, 462924
8324, 462924
8324, 462924
8324, 462924
8324, 462924
8324, 462924
8324, 462924
8324, 462924
8324, 462924
8324, 462924
8324, 462924
8324, 462924
8324, 462924
8324, 462924
8324, 462924
8324, 462924
8324, 462924
8324, 462924
8324, 462924
8324, 462924
8324, 462924
8324, 462924
8324, 462924
8324, 462924
8324, 462924
8324, 462924
8324, 462924
8324, 462924
8324, 462924
8324, 462924
8324, 462924
8324, 462924
8324, 462924
8324, 462924
8324, 462924
8324, 462924
8324, 462924
8324, 462924
8324, 462924
8324, 462924
8324, 462924
8324, 462924
8324, 462924
8324, 462924
8324, 462924
8324, 462924
8324, 462924
8324, 462924
8324, 462924
8324, 462924
8324, 462924
8324, 462924
8324, 462924
8324, 462924
8324, 462924
8324, 462924
8324, 462924
8324, 462924
8324, 462924
8324, 462924
8324, 462924
8324, 462924
8324, 462924
8324, 462924
8324, 462924
8324, 462924
8324, 462924
8324, 462924
8324, 462924
8324, 462924
8324, 462924
8324, 462924
8324, 462924
8324, 462924
8324, 462924
8324, 462924
8324, 462924
8324, 462924
8324, 462924
8324, 462924
8324, 462924
8324, 462924
8324, 462924
8324, 462924
8324, 462924
8324, 462924
8324, 462924
8324, 462924
8324, 462924
8324, 462924
8324, 462924
8324, 462924
8324, 462924
8324, 462924
8324, 462924
8324, 462924
8324, 462924
8324, 462924
8324, 462924
8324, 462924
8324, 462924
8324, 462924
8324, 462924
8324, 462924
8324, 462924
8324, 462924
8324, 462924
8324, 462924
8324, 462924
8324, 462924
8324, 462924
8324, 462924
8324, 462924
8324, 462924
8324, 462924
8324, 462924
8324, 462924
8324, 462924
8324, 462924
8324, 462924
8324, 462924
8324, 462924
8324, 462924
8324, 462924
8324, 462924
8324, 462924
8324, 462924
8324, 462924
8324, 462924
8324, 462924
8324, 462924
8324, 462924
8324, 462924
8324, 462924
8324, 462924
8324, 462924
8324, 462924
8324, 462924
8324, 462924
8324, 462924
8324, 462924
8324, 462924
8324, 462924
8324, 462924
8324, 462924
8324, 462924
8324, 462924
8324, 462924
8324, 462924
8324, 462924
8324, 462924
8324, 462924
8324, 462924
8324, 462924
8324, 462924
8324, 462924
8324, 462924
8324, 462924
8324, 462924
8324, 462924
8324, 462924
8324, 462924
8324, 462924
8324, 462924
8324, 462924
8324, 462924
8324, 462924
8324, 462924
8324, 462924
8324, 462924
8324, 462924
8324, 462924
8324, 462924
8324, 462924
8324, 462924
8324, 462924
8324, 462924
8324, 462924
8324, 462924
8324, 462924
8324, 462924
8324, 462924
8324, 462924
8324, 462924
8324, 462924
8324, 462924
8324, 462924
8324, 462924
8324, 462924
8324, 462924
8324, 462924
8324, 462924
8324, 462924
8324, 462924
8324, 462924
8324, 462924
8324, 462924
8324, 462924
8324, 462924
8324, 462924
8324, 462924
8324, 462924
8324, 462924
8324, 462924
8324, 462924
8324, 462924
8324, 462924
8324, 462924
8324, 462924
8324, 462924
8324, 462924
8324, 462924
8324, 462924
8324, 462924
8324, 462924
8324, 462924
8324, 462924
8324, 462924
8324, 462924
8324, 462924
8324, 462924
8324, 462924
8324, 462924
8324, 462924
8324, 462924
8324, 462924
8324, 462924
8324, 462924
8324, 462924
8324, 462924
8324, 462924
8324, 462924
8324, 462924
8324, 462924
8324, 462924
8324, 462924
8324, 462924
8324, 462924
8324, 462924
8324, 462924
8324, 462924
8324, 462924
8324, 462924
8324, 462924
8324, 462924
8324, 462924
8324, 462924
8324, 462924
8324, 462924
8324, 462924
8324, 462924
8324, 462924
8324, 462924
8324, 462924
8324, 462924
8324, 462924
8324, 462924
8324, 462924
8324, 462924
8324, 462924
8324, 462924
8324, 462924
8324, 462924
8324, 462924
8324, 462924
8324, 462924
8324, 462924
8324, 462924
8324, 462924
8324, 462924
8324, 462924
8324, 462924
8324, 462924
8324, 462924
8324, 462924
8324, 462924
8324, 462924
8324, 462924
8324, 462924
8324, 462924
8324, 462924
8324, 462924
8324, 462924
8324, 462924
8324, 462924
8324, 462924
8324, 462924
8324, 462924
8324, 462924
8324, 462924
8324, 462924
8324, 462924
8324, 462924
8324, 462924
8324, 462924
8324, 462924
8324, 462924
8324, 462924
8324, 462924
8324, 462924
8324, 462924
8324, 462924
8324, 462924
8324, 462924
8324, 462924
8324, 462924
8324, 462924
8324, 462924
8324, 462924
8324, 462924
8324, 462924
8324, 462924
8324, 462924
8324, 462924
8324, 462924
8324, 462924
8324, 462924
8324, 462924
8324, 462924
8324, 462924
8324, 462924
8324, 462924
8324, 462924
8324, 462924
8324, 462924
8324, 462924
8324, 462924
8324, 462924
8324, 462924
8324, 462924
8324, 462924
8324, 462924
8324, 462924
8324, 462924
8324, 462924
8324, 462924
8324, 462924
8324, 462924
8324, 462924
8324, 462924
8324, 462924
8324, 462924
8324, 462924
8324, 462924
8324, 462924
8324, 462924
8324, 462924
8324, 462924
8324, 462924
8324, 462924
8324, 462924
8324, 462924
8324, 462924
8324, 462924
8324, 462924
8324, 462924
8324, 462924
8324, 462924
8324, 462924
8324, 462924
8324, 462924
8324, 462924
8324, 462924
8324, 462924
8324, 462924
8324, 462924
8324, 462924
8324, 462924
8324, 462924
8324, 462924
8324, 462924
8324, 462924
8324, 462924
8324, 462924
8324, 462924
8324, 462924
8324, 462924
8324, 462924
8324, 462924
8324, 462924
8324, 462924
8324, 462924
8324, 462924
8324, 462924
8324, 462924
8324, 462924
8324, 462924
8324, 462924
8324, 462924
8324, 462924
8324, 462924
8324, 462924
8324, 462924
8324, 462924
8324, 462924
8324, 462924
8324, 462924
8324, 462924
8324, 462924
8324, 462924
8324, 462924
8324, 462924
8324, 462924
8324, 462924
8324, 462924
8324, 462924
8324, 462924
8324, 462924
8324, 462924
8324, 462924
8324, 462924
8324, 462924
8324, 462924
8324, 462924
8324, 462924
8324, 462924
8324, 462924
8324, 462924
8324, 462924
8324, 462924
8324, 462924
8324, 462924
8324, 462924
8324, 462924
8324, 462924
8324, 462924
8324, 462924
8324, 462924
8324, 462924
8324, 462924
8324, 462924
8324, 462924
8324, 462924
8324, 462924
8324, 462924
8324, 462924
8324, 462924
8324, 462924
8324, 462924
8324, 462924
8324, 462924
8324, 462924
8324, 462924
8324, 462924
8324, 462924
8324, 462924
8324, 462924
8324, 462924
8324, 462924
8324, 462924
8324, 462924
8324, 462924
8324, 462924
8324, 462924
8324, 462924
8324, 462924
8324, 462924
8324, 462924
8324, 462924
8324, 462924
8324, 462924
8324, 462924
8324, 462924
8324, 462924
8324, 462924
8324, 462924
8324, 462924
8324, 462924
8324, 462924
8324, 462924
8324, 462924
8324, 462924
8324, 462924
8324, 462924
8324, 462924
8324, 462924
8324, 462924
8324, 462924
8324, 462924
8324, 462924
8324, 462924
8324, 462924
8324, 462924
8324, 462924
8324, 462924
8324, 462924
8324, 462924
8324, 462924
8324, 462924
8324, 462924
8324, 462924
8324, 462924
8324, 462924
8324, 462924
8324, 462924
8324, 462924
8324, 462924
8324, 462924
8324, 462924
8324, 462924
8324, 462924
8324, 462924
8324, 462924
8324, 462924
8324, 462924
8324, 462924
8324, 462924
8324, 462924
8324, 462924
8324, 462924
8324, 462924
8324, 462924
8324, 462924
8324, 462924
8324, 462924
8324, 462924
8324, 462924
8324, 462924
8324, 462924
8324, 462924
8324, 462924
8324, 462924
8324, 462924
8324, 462924
8324, 462924
8324, 462924
8324, 462924
8324, 462924
8324, 462924
8324, 462924
8324, 462924
8324, 462924
8324, 462924
8324, 462924
8324, 462924
8324, 462924
8324, 462924
8324, 462924
8324, 462924
8324, 462924
8324, 462924
8324, 462924
8324, 462924
8324, 462924
8324, 462924
8324, 462924
8324, 462924
8324, 462924
8324, 462924
8324, 462924
8324, 462924
8324, 462924
8324, 462924
8324, 462924
8324, 462924
8324, 462924
8324, 462924
8324, 462924
8324, 462924
8324, 462924
8324, 462924
8324, 462924
8324, 462924
8324, 462924
8324, 462924
8324, 462924
8324, 462924
8324, 462924
8324, 462924
8324, 462924
8324, 462924
8324, 462924
8324, 462924
8324, 462924
8324, 462924
8324, 462924
8324, 462924
8324, 462924
8324, 462924
8324, 462924
8324, 462924
8324, 462924
8324, 462924
8324, 462924
8324, 462924
8324, 462924
8324, 462924
8324, 462924
8324, 462924
8324, 462924
8324, 462924
8324, 462924
8324, 462924
8324, 462924
8324, 462924
8324, 462924
8324, 462924
8324, 462924
8324, 462924
8324, 462924
8324, 462924
8324, 462924
8324, 462924
8324, 462924
8324, 462924
8324, 462924
8324, 462924
8324, 462924
8324, 462924
8324, 462924
8324, 462924
8324, 462924
8324, 462924
8324, 462924
8324, 462924
8324, 462924
8324, 462924
8324, 462924
8324, 462924
8324, 462924
8324, 462924
8324, 462924
8324, 462924
8324, 462924
8324, 462924
8324, 462924
8324, 462924
8324, 462924
8324, 462924
8324, 462924
8324, 462924
8324, 462924
8324, 462924
8324, 462924
8324, 462924
8324, 462924
8324, 462924
8324, 462924
8324, 462924
8324, 462924
8324, 462924
8324, 462924
8324, 462924
8324, 462924
8324, 462924
8324, 462924
8324, 462924
8324, 462924
8324, 462924
8324, 462924
8324, 462924
8324, 462924
8324, 462924
8324, 462924
8324, 462924
8324, 462924
8324, 462924
8324, 462924
8324, 462924
8324, 462924
8324, 462924
8324, 462924
8324, 462924
8324, 462924
8324, 462924
8324, 462924
8324, 462924
8324, 462924
8324, 462924
8324, 462924
8324, 462924
8324, 462924
8324, 462924
8324, 462924
8324, 462924
8324, 462924
8324, 462924
8324, 462924
8324, 462924
8324, 462924
8324, 462924
8324, 462924
8324, 462924
8324, 462924
8324, 462924
8324, 462924
8324, 462924
8324, 462924
8324, 462924
8324, 462924
8324, 462924
8324, 462924
8324, 462924
8324, 462924
8324, 462924
8324, 462924
8324, 462924
8324, 462924
8324, 462924
8324, 462924
8324, 462924
8324, 462924
8324, 462924
8324, 462924
8324, 462924
8324, 462924
8324, 462924
8324, 462924
8324, 462924
8324, 462924
8324, 462924
8324, 462924
8324, 462924
8324, 462924
8324, 462924
8324, 462924
8324, 462924
8324, 462924
8324, 462924
8324, 462924
8324, 462924
8324, 462924
8324, 462924
8324, 462924
8324, 462924
8324, 462924
8324, 462924
8324, 462924
8324, 462924
8324, 462924
8324, 462924
8324, 462924
8324, 462924
8324, 462924
8324, 462924
8324, 462924
8324, 462924
8324, 462924
8324, 462924
8324, 462924
8324, 462924
8324, 462924
8324, 462924
8324, 462924
8324, 462924
8324, 462924
8324, 462924
8324, 462924
8324, 462924
8324, 462924
8324, 462924
8324, 462924
8324, 462924
8324, 462924
8324, 462924
8324, 462924
8324, 462924
8324, 462924
8324, 462924
8324, 462924
8324, 462924
8324, 462924
8324, 462924
8324, 462924
8324, 462924
8324, 462924
8324, 462924
8324, 462924
8324, 462924
8324, 462924
8324, 462924
8324, 462924
8324, 462924
8324, 462924
8324, 462924
8324, 462924
8324, 462924
8324, 462924
8324, 462924
8324, 462924
8324, 462924
8324, 462924
8324, 462924
8324, 462924
8324, 462924
8324, 462924
8324, 462924
8324, 462924
8324, 462924
8324, 462924
8324, 462924
8324, 462924
8324, 462924
8324, 462924
8324, 462924
8324, 462924
8324, 462924
8324, 462924
8324, 462924
8324, 462924
8324, 462924
8324, 462924
8324, 462924
8324, 462924
8324, 462924
8324, 462924
8324, 462924
8324, 462924
8324, 462924
8324, 462924
8324, 462924
8324, 462924
8324, 462924
8324, 462924
8324, 462924
8324, 462924
8324, 462924
8324, 462924
8324, 462924
8324, 462924
8324, 462924
8324, 462924
8324, 462924
8324, 462924
8324, 462924
8324, 462924
8324, 462924
8324, 462924
8324, 462924
8324, 462924
8324, 462924
8324, 462924
8324, 462924
8324, 462924
8324, 462924
8324, 462924
8324, 462924
8324, 462924
8324, 462924
8324, 462924
8324, 462924
8324, 462924
8324, 462924
8324, 462924
8324, 462924
8324, 462924
8324, 462924
8324, 462924
8324, 462924
8324, 462924
8324, 462924
8324, 462924
8324, 462924
8324, 462924
8324, 462924
8324, 462924
8324, 462924
8324, 462924
8324, 462924
8324, 462924
8324, 462924
8324, 462924
8324, 462924
8324, 462924
8324, 462924
8324, 462924
8324, 462924
8324, 462924
8324, 462924
8324, 462924
8324, 462924
8324, 462924
8324, 462924
8324, 462924
8324, 462924
8324, 462924
8324, 462924
8324, 462924
8324, 462924
8324, 462924
8324, 462924
8324, 462924
8324, 462924
8324, 462924
8324, 462924
8324, 462924
8324, 462924
8324, 462924
8324, 462924
8324, 462924
8324, 462924
8324, 462924
8324, 462924
8324, 462924
8324, 462924
8324, 462924
8324, 462924
8324, 462924
8324, 462924
8324, 462924
8324, 462924
8324, 462924
8324, 462924
8324, 462924
8324, 462924
8324, 462924
8324, 462924
8324, 462924
8324, 462924
8324, 462924
8324, 462924
8324, 462924
8324, 462924
8324, 462924
8324, 462924
8324, 462924
8324, 462924
8324, 462924
8324, 462924
8324, 462924
8324, 462924
8324, 462924
8324, 462924
8324, 462924
8324, 462924
8324, 462924
8324, 462924
8324, 462924
8324, 462924
8324, 462924
8324, 462924
8324, 462924
8324, 462924
8324, 462924
8324, 462924
8324, 462924
8324, 462924
8324, 462924
8324, 462924
8324, 462924
8324, 462924
8324, 462924
8324, 462924
8324, 462924
8324, 462924
8324, 462924
8324, 462924
8324, 462924
8324, 462924
8324, 462924
8324, 462924
8324, 462924
8324, 462924
8324, 462924
8324, 462924
8324, 462924
8324, 462924
8324, 462924
8324, 462924
8324, 462924
8324, 462924
8324, 462924
8324, 462924
8324, 462924
8324, 462924
8324, 462924
8324, 462924
8324, 462924
8324, 462924
8324, 462924
8324, 462924
8324, 462924
8324, 462924
8324, 462924
8324, 462924
8324, 462924
8324, 462924
8324, 462924
8324, 462924
8324, 462924
8324, 462924
8324, 462924
8324, 462924
8324, 462924
8324, 462924
8324, 462924
8324, 462924
8324, 462924
8324, 462924
8324, 462924
8324, 462924
8324, 462924
8324, 462924
8324, 462924
8324, 462924
8324, 462924
8324, 462924
8324, 462924
8324, 462924
8324, 462924
8324, 462924
8324, 462924
8324, 462924
8324, 462924
8324, 462924
8324, 462924
8324, 462924
8324, 462924
8324, 462924
8324, 462924
8324, 462924
8324, 462924
8324, 462924
8324, 462924
8324, 462924
8324, 462924
8324, 462924
8324, 462924
8324, 462924
8324, 462924
8324, 462924
8324, 462924
8324, 462924
8324, 462924
8324, 462924
8324, 462924
8324, 462924
8324, 462924
8324, 462924
8324, 462924
8324, 462924
8324, 462924
8324, 462924
8324, 462924
8324, 462924
8324, 462924
8324, 462924
8324, 462924
8324, 462924
8324, 462924
8324, 462924
8324, 462924
8324, 462924
8324, 462924
8324, 462924
8324, 462924
8324, 462924
8324, 462924
8324, 462924
8324, 462924
8324, 462924
8324, 462924
8324, 462924
8324, 462924
8324, 462924
8324, 462924
8324, 462924
8324, 462924
8324, 462924
8324, 462924
8324, 462924
8324, 462924
8324, 462924
8324, 462924
8324, 462924
8324, 462924
8324, 462924
8324, 462924
8324, 462924
8324, 462924
8324, 462924
8324, 462924
8324, 462924
8324, 462924
8324, 462924
8324, 462924
8324, 462924
8324, 462924
8324, 462924
8324, 462924
8324, 462924
8324, 462924
8324, 462924
8324, 462924
8324, 462924
8324, 462924
8324, 462924
8324, 462924
8324, 462924
8324, 462924
8324, 462924
8324, 462924
8324, 462924
8324, 462924
8324, 462924
8324, 462924
8324, 462924
8324, 462924
8324, 462924
8324, 462924
8324, 462924
8324, 462924
8324, 462924
8324, 462924
8324, 462924
8324, 462924
8324, 462924
8324, 462924
8324, 462924
8324, 462924
8324, 462924
8324, 462924
8324, 462924
8324, 462924
8324, 462924
8324, 462924
8324, 462924
8324, 462924
8324, 462924
8324, 462924
8324, 462924
8324, 462924
8324, 462924
8324, 462924
8324, 462924
8324, 462924
8324, 462924
8324, 462924
8324, 462924
8324, 462924
8324, 462924
8324, 462924
8324, 462924
8324, 462924
8324, 462924
8324, 462924
8324, 462924
8324, 462924
8324, 462924
8324, 462924
8324, 462924
8324, 462924
8324, 462924
8324, 462924
8324, 462924
8324, 462924
8324, 462924
8324, 462924
8324, 462924
8324, 462924
8324, 462924
8324, 462924
8324, 462924
8324, 462924
8324, 462924
8324, 462924
8324, 462924
8324, 462924
8324, 462924
8324, 462924
8324, 462924
8324, 462924
8324, 462924
8324, 462924
8324, 462924
8324, 462924
8324, 462924
8324, 462924
8324, 462924
8324, 462924
8324, 462924
8324, 462924
8324, 462924
8324, 462924
8324, 462924
8324, 462924
8324, 462924
8324, 462924
8324, 462924
8324, 462924
8324, 462924
8324, 462924
8324, 462924
8324, 462924
8324, 462924
8324, 462924
8324, 462924
8324, 462924
8324, 462924
8324, 462924
8324, 462924
8324, 462924
8324, 462924
8324, 462924
8324, 462924
8324, 462924
8324, 462924
8324, 462924
8324, 462924
8324, 462924
8324, 462924
8324, 462924
8324, 462924
8324, 462924
8324, 462924
8324, 462924
8324, 462924
8324, 462924
8324, 462924
8324, 462924
8324, 462924
8324, 462924
8324, 462924
8324, 462924
8324, 462924
8324, 462924
8324, 462924
8324, 462924
8324, 462924
8324, 462924
8324, 462924
8324, 462924
8324, 462924
8324, 462924
8324, 462924
8324, 462924
8324, 462924
8324, 462924
8324, 462924
8324, 462924
8324, 462924
8324, 462924
8324, 462924
8324, 462924
8324, 462924
8324, 462924
8324, 462924
8324, 462924
8324, 462924
8324, 462924
8324, 462924
8324, 462924
8324, 462924
8324, 462924
8324, 462924
8324, 462924
8324, 462924
8324, 462924
8324, 462924
8324, 462924
8324, 462924
8324, 462924
8324, 462924
8324, 462924
8324, 462924
8324, 462924
8324, 462924
8324, 462924
8324, 462924
8324, 462924
8324, 462924
8324, 462924
8324, 462924
8324, 462924
8324, 462924
8324, 462924
8324, 462924
8324, 462924
8324, 462924
8324, 462924
8324, 462924
8324, 462924
8324, 462924
8324, 462924
8324, 462924
8324, 462924
8324, 462924
8324, 462924
8324, 462924
8324, 462924
8324, 462924
8324, 462924
8324, 462924
8324, 462924
8324, 462924
8324, 462924
8324, 462924
8324, 462924
8324, 462924
8324, 462924
8324, 462924
8324, 462924
8324, 462924
8324, 462924
8324, 462924
8324, 462924
8324, 462924
8324, 462924
8324, 462924
8324, 462924
8324, 462924
8324, 462924
8324, 462924
8324, 462924
8324, 462924
8324, 462924
8324, 462924
8324, 462924
8324, 462924
8324, 462924
8324, 462924
8324, 462924
8324, 462924
8324, 462924
8324, 462924
8324, 462924
8324, 462924
8324, 462924
8324, 462924
8324, 462924
8324, 462924
8324, 462924
8324, 462924
8324, 462924
8324, 462924
8324, 462924
8324, 462924
8324, 462924
8324, 462924
8324, 462924
8324, 462924
8324, 462924
8324, 462924
8324, 462924
8324, 462924
8324, 462924
8324, 462924
8324, 462924
8324, 462924
8324, 462924
8324, 462924
8324, 462924
8324, 462924
8324, 462924
8324, 462924
8324, 462924
8324, 462924
8324, 462924
8324, 462924
8324, 462924
8324, 462924
8324, 462924
8324, 462924
8324, 462924
8324, 462924
8324, 462924
8324, 462924
8324, 462924
8324, 462924
8324, 462924
8324, 462924
8324, 462924
8324, 462924
8324, 462924
8324, 462924
8324, 462924
8324, 462924
8324, 462924
8324, 462924
8324, 462924
8324, 462924
8324, 462924
8324, 462924
8324, 462924
8324, 462924
8324, 462924
8324, 462924
8324, 462924
8324, 462924
8324, 462924
8324, 462924
8324, 462924
8324, 462924
8324, 462924
8324, 462924
8324, 462924
8324, 462924
8324, 462924
8324, 462924
8324, 462924
8324, 462924
8324, 462924
8324, 462924
8324, 462924
8324, 462924
8324, 462924
8324, 462924
8324, 462924
8324, 462924
8324, 462924
8324, 462924
8324, 462924
8324, 462924
8324, 462924
8324, 462924
8324, 462924
8324, 462924
8324, 462924
8324, 462924
8324, 462924
8324, 462924
8324, 462924
8324, 462924
8324, 462924
8324, 462924
8324, 462924
8324, 462924
8324, 462924
8324, 462924
8324, 462924
8324, 462924
8324, 462924
8324, 462924
8324, 462924
8324, 462924
8324, 462924
8324, 462924
8324, 462924
8324, 462924
8324, 462924
8324, 462924
8324, 462924
8324, 462924
8324, 462924
8324, 462924
8324, 462924
8324, 462924
8324, 462924
8324, 462924
8324, 462924
8324, 462924
8324, 462924
8324, 462924
8324, 462924
8324, 462924
8324, 462924
8324, 462924
8324, 462924
8324, 462924
8324, 462924
8324, 462924
8324, 462924
8324, 462924
8324, 462924
8324, 462924
8324, 462924
8324, 462924
8324, 462924
8324, 462924
8324, 462924
8324, 462924
8324, 462924
8324, 462924
8324, 462924
8324, 462924
8324, 462924
8324, 462924
8324, 462924
8324, 462924
8324, 462924
8324, 462924
8324, 462924
8324, 462924
8324, 462924
8324, 462924
8324, 462924
8324, 462924
8324, 462924
8324, 462924
8324, 462924
8324, 462924
8324, 462924
8324, 462924
8324, 462924
8324, 462924
8324, 462924
8324, 462924
8324, 462924
8324, 462924
8324, 462924
8324, 462924
8324, 462924
8324, 462924
8324, 462924
8324, 462924
8324, 462924
8324, 462924
8324, 462924
8324, 462924
8324, 462924
8324, 462924
8324, 462924
8324, 462924
8324, 462924
8324, 462924
8324, 462924
8324, 462924
8324, 462924
8324, 462924
8324, 462924
8324, 462924
8324, 462924
8324, 462924
8324, 462924
8324, 462924
8324, 462924
8324, 462924
8324, 462924
8324, 462924
8324, 462924
8324, 462924
8324, 462924
8324, 462924
8324, 462924
8324, 462924
8324, 462924
8324, 462924
8324, 462924
8324, 462924
8324, 462924
8324, 462924
8324, 462924
8324, 462924
8324, 462924
8324, 462924
8324, 462924
8324, 462924
8324, 462924
8324, 462924
8324, 462924
8324, 462924
8324, 462924
8324, 462924
8324, 462924
8324, 462924
8324, 462924
8324, 462924
8324, 462924
8324, 462924
8324, 462924
8324, 462924
8324, 462924
8324, 462924
8324, 462924
8324, 462924
8324, 462924
8324, 462924
8324, 462924
8324, 462924
8324, 462924
8324, 462924
8324, 462924
8324, 462924
8324, 462924
8324, 462924
8324, 462924
8324, 462924
8324, 462924
8324, 462924
8324, 462924
8324, 462924
8324, 462924
8324, 462924
8324, 462924
8324, 462924
8324, 462924
8324, 462924
8324, 462924
8324, 462924
8324, 462924
8324, 462924
8324, 462924
8324, 462924
8324, 462924
8324, 462924
8324, 462924
8324, 462924
8324, 462924
8324, 462924
8324, 462924
8324, 462924
8324, 462924
8324, 462924
8324, 462924
8324, 462924
8324, 462924
8324, 462924
8324, 462924
8324, 462924
8324, 462924
8324, 462924
8324, 462924
8324, 462924
8324, 462924
8324, 462924
8324, 462924
8324, 462924
8324, 462924
8324, 462924
8324, 462924
8324, 462924
8324, 462924
8324, 462924
8324, 462924
8324, 462924
8324, 462924
8324, 462924
8324, 462924
8324, 462924
8324, 462924
8324, 462924
8324, 462924
8324, 462924
8324, 462924
8324, 462924
8324, 462924
8324, 462924
8324, 462924
8324, 462924
8324, 462924
8324, 462924
8324, 462924
8324, 462924
8324, 462924
8324, 462924
8324, 462924
8324, 462924
8324, 462924
8324, 462924
8324, 462924
8324, 462924
8324, 462924
8324, 462924
8324, 462924
8324, 462924
8324, 462924
8324, 462924
8324, 462924
8324, 462924
8324, 462924
8324, 462924
8324, 462924
8324, 462924
8324, 462924
8324, 462924
8324, 462924
8324, 462924
8324, 462924
8324, 462924
8324, 462924
8324, 462924
8324, 462924
8324, 462924
8324, 462924
8324, 462924
8324, 462924
8324, 462924
8324, 462924
8324, 462924
8324, 462924
8324, 462924
8324, 462924
8324, 462924
8324, 462924
8324, 462924
8324, 462924
8324, 462924
8324, 462924
8324, 462924
8324, 462924
8324, 462924
8324, 462924
8324, 462924
8324, 462924
8324, 462924
8324, 462924
8324, 462924
8324, 462924
8324, 462924
8324, 462924
8324, 462924
8324, 462924
8324, 462924
8324, 462924
8324, 462924
8324, 462924
8324, 462924
8324, 462924
8324, 462924
8324, 462924
8324, 462924
8324, 462924
8324, 462924
8324, 462924
8324, 462924
8324, 462924
8324, 462924
8324, 462924
8324, 462924
8324, 462924
8324, 462924
8324, 462924
8324, 462924
8324, 462924
8324, 462924
8324, 462924
8324, 462924
8324, 462924
8324, 462924
8324, 462924
8324, 462924
8324, 462924
8324, 462924
8324, 462924
8324, 462924
8324, 462924
8324, 462924
8324, 462924
8324, 462924
8324, 462924
8324, 462924
8324, 462924
8324, 462924
8324, 462924
8324, 462924
8324, 462924
8324, 462924
8324, 462924
8324, 462924
8324, 462924
8324, 462924
8324, 462924
8324, 462924
8324, 462924
8324, 462924
8324, 462924
8324, 462924
8324, 462924
8324, 462924
8324, 462924
8324, 462924
8324, 462924
8324, 462924
8324, 462924
8324, 462924
8324, 462924
8324, 462924
8324, 462924
8324, 462924
8324, 462924
8324, 462924
8324, 462924
8324, 462924
8324, 462924
8324, 462924
8324, 462924
8324, 462924
8324, 462924
8324, 462924
8324, 462924
8324, 462924
8324, 462924
8324, 462924
8324, 462924
8324, 462924
8324, 462924
8324, 462924
8324, 462924
8324, 462924
8324, 462924
8324, 462924
8324, 462924
8324, 462924
8324, 462924
8324, 462924
8324, 462924
8324, 462924
8324, 462924
8324, 462924
8324, 462924
8324, 462924
8324, 462924
8324, 462924
8324, 462924
8324, 462924
8324, 462924
8324, 462924
8324, 462924
8324, 462924
8324, 462924
8324, 462924
8324, 462924
8324, 462924
8324, 462924
8324, 462924
8324, 462924
8324, 462924
8324, 462924
8324, 462924
8324, 462924
8324, 462924
8324, 462924
8324, 462924
8324, 462924
8324, 462924
8324, 462924
8324, 462924
8324, 462924
8324, 462924
8324, 462924
8324, 462924
8324, 462924
8324, 462924
8324, 462924
8324, 462924
8324, 462924
8324, 462924
8324, 462924
8324, 462924
8324, 462924
8324, 462924
8324, 462924
8324, 462924
8324, 462924
8324, 462924
8324, 462924
8324, 462924
8324, 462924
8324, 462924
8324, 462924
8324, 462924
8324, 462924
8324, 462924
8324, 462924
8324, 462924
8324, 462924
8324, 462924
8324, 462924
8324, 462924
8324, 462924
8324, 462924
8324, 462924
8324, 462924
8324, 462924
8324, 462924
8324, 462924
8324, 462924
8324, 462924
8324, 462924
8324, 462924
8324, 462924
8324, 462924
8324, 462924
8324, 462924
8324, 462924
8324, 462924
8324, 462924
8324, 462924
8324, 462924
8324, 462924
8324, 462924
8324, 462924
8324, 462924
8324, 462924
8324, 462924
8324, 462924
8324, 462924
8324, 462924
8324, 462924
8324, 462924
8324, 462924
8324, 462924
8324, 462924
8324, 462924
8324, 462924
8324, 462924
8324, 462924
8324, 462924
8324, 462924
8324, 462924
8324, 462924
8324, 462924
8324, 462924
8324, 462924
8324, 462924
8324, 462924
8324, 462924
8324, 462924
8324, 462924
8324, 462924
8324, 462924
8324, 462924
8324, 462924
8324, 462924
8324, 462924
8324, 462924
8324, 462924
8324, 462924
8324, 462924
8324, 462924
8324, 462924
8324, 462924
8324, 462924
8324, 462924
8324, 462924
8324, 462924
8324, 462924
8324, 462924
8324, 462924
8324, 462924
8324, 462924
8324, 462924
8324, 462924
8324, 462924
8324, 462924
8324, 462924
8324, 462924
8324, 462924
8324, 462924
8324, 462924
8324, 462924
8324, 462924
8324, 462924
8324, 462924
8324, 462924
8324, 462924
8324, 462924
8324, 462924
8324, 462924
8324, 462924
8324, 462924
8324, 462924
8324, 462924
8324, 462924
8324, 462924
8324, 462924
8324, 462924
8324, 462924
8324, 462924
8324, 462924
8324, 462924
8324, 462924
8324, 462924
8324, 462924
8324, 462924
8324, 462924
8324, 462924
8324, 462924
8324, 462924
8324, 462924
8324, 462924
8324, 462924
8324, 462924
8324, 462924
8324, 462924
8324, 462924
8324, 462924
8324, 462924
8324, 462924
8324, 462924
8324, 462924
8324, 462924
8324, 462924
8324, 462924
8324, 462924
8324, 462924
8324, 462924
8324, 462924
8324, 462924
8324, 462924
8324, 462924
8324, 462924
8324, 462924
8324, 462924
8324, 462924
8324, 462924
8324, 462924
8324, 462924
8324, 462924
8324, 462924
8324, 462924
8324, 462924
8324, 462924
8324, 462924
8324, 462924
8324, 462924
8324, 462924
8324, 462924
8324, 462924
8324, 462924
8324, 462924
8324, 462924
8324, 462924
8324, 462924
8324, 462924
8324, 462924
8324, 462924
8324, 462924
8324, 462924
8324, 462924
8324, 462924
8324, 462924
8324, 462924
8324, 462924
8324, 462924
8324, 462924
8324, 462924
8324, 462924
8324, 462924
8324, 462924
8324, 462924
8324, 462924
8324, 462924
8324, 462924
8324, 462924
8324, 462924
8324, 462924
8324, 462924
8324, 462924
8324, 462924
8324, 462924
8324, 462924
8324, 462924
8324, 462924
8324, 462924
8324, 462924
8324, 462924
8324, 462924
8324, 462924
8324, 462924
8324, 462924
8324, 462924
8324, 462924
8324, 462924
8324, 462924
8324, 462924
8324, 462924
8324, 462924
8324, 462924
8324, 462924
8324, 462924
8324, 462924
8324, 462924
8324, 462924
8324, 462924
8324, 462924
8324, 462924
8324, 462924
8324, 462924
8324, 462924
8324, 462924
8324, 462924
8324, 462924
8324, 462924
8324, 462924
8324, 462924
8324, 462924
8324, 462924
8324, 462924
8324, 462924
8324, 462924
8324, 462924
8324, 462924
8324, 462924
8324, 462924
8324, 462924
8324, 462924
8324, 462924
8324, 462924
8324, 462924
8324, 462924
8324, 462924
8324, 462924
8324, 462924
8324, 462924
8324, 462924
8324, 462924
8324, 462924
8324, 462924
8324, 462924
8324, 462924
8324, 462924
8324, 462924
8324, 462924
8324, 462924
8324, 462924
8324, 462924
8324, 462924
8324, 462924
8324, 462924
8324, 462924
8324, 462924
8324, 462924
8324, 462924
8324, 462924
8324, 462924
8324, 462924
8324, 462924
8324, 462924
8324, 462924
8324, 462924
8324, 462924
8324, 462924
8324, 462924
8324, 462924
8324, 462924
8324, 462924
8324, 462924
8324, 462924
8324, 462924
8324, 462924
8324, 462924
8324, 462924
8324, 462924
8324, 462924
8324, 462924
8324, 462924
8324, 462924
8324, 462924
8324, 462924
8324, 462924
8324, 462924
8324, 462924
8324, 462924
8324, 462924
8324, 462924
8324, 462924
8324, 462924
8324, 462924
8324, 462924
8324, 462924
8324, 462924
8324, 462924
8324, 462924
8324, 462924
8324, 462924
8324, 462924
8324, 462924
8324, 462924
8324, 462924
8324, 462924
8324, 462924
8324, 462924
8324, 462924
8324, 462924
8324, 462924
8324, 462924
8324, 462924
8324, 462924
8324, 462924
8324, 462924
8324, 462924
8324, 462924
8324, 462924
8324, 462924
8324, 462924
8324, 462924
8324, 462924
8324, 462924
8324, 462924
8324, 462924
8324, 462924
8324, 462924
8324, 462924
8324, 462924
8324, 462924
8324, 462924
8324, 462924
8324, 462924
8324, 462924
8324, 462924
8324, 462924
8324, 462924
8324, 462924
8324, 462924
8324, 462924
8324, 462924
8324, 462924
8324, 462924
8324, 462924
8324, 462924
8324, 462924
8324, 462924
8324, 462924
8324, 462924
8324, 462924
8324, 462924
8324, 462924
8324, 462924
8324, 462924
8324, 462924
8324, 462924
8324, 462924
8324, 462924
8324, 462924
8324, 462924
8324, 462924
8324, 462924
8324, 462924
8324, 462924
8324, 462924
8324, 462924
8324, 462924
8324, 462924
8324, 462924
8324, 462924
8324, 462924
8324, 462924
8324, 462924
8324, 462924
8324, 462924
8324, 462924
8324, 462924
8324, 462924
8324, 462924
8324, 462924
8324, 462924
8324, 462924
8324, 462924
8324, 462924
8324, 462924
8324, 462924
8324, 462924
8324, 462924
8324, 462924
8324, 462924
8324, 462924
8324, 462924
8324, 462924
8324, 462924
8324, 462924
8324, 462924
8324, 462924
8324, 462924
8324, 462924
8324, 462924
8324, 462924
8324, 462924
8324, 462924
8324, 462924
8324, 462924
8324, 462924
8324, 462924
8324, 462924
8324, 462924
8324, 462924
8324, 462924
8324, 462924
8324, 462924
8324, 462924
8324, 462924
8324, 462924
8324, 462924
8324, 462924
8324, 462924
8324, 462924
8324, 462924
8324, 462924
8324, 462924
8324, 462924
8324, 462924
8324, 462924
8324, 462924
8324, 462924
8324, 462924
8324, 462924
8324, 462924
8324, 462924
8324, 462924
8324, 462924
8324, 462924
8324, 462924
8324, 462924
8324, 462924
8324, 462924
8324, 462924
8324, 462924
8324, 462924
8324, 462924
8324, 462924
8324, 462924
8324, 462924
8324, 462924
8324, 462924
8324, 462924
8324, 462924
8324, 462924
8324, 462924
8324, 462924
8324, 462924
8324, 462924
8324, 462924
8324, 462924
8324, 462924
8324, 462924
8324, 462924
8324, 462924
8324, 462924
8324, 462924
8324, 462924
8324, 462924
8324, 462924
8324, 462924
8324, 462924
8324, 462924
8324, 462924
8324, 462924
8324, 462924
8324, 462924
8324, 462924
8324, 462924
8324, 462924
8324, 462924
8324, 462924
8324, 462924
8324, 462924
8324, 462924
8324, 462924
8324, 462924
8324, 462924
8324, 462924
8324, 462924
8324, 462924
8324, 462924
8324, 462924
8324, 462924
8324, 462924
8324, 462924
8324, 462924
8324, 462924
8324, 462924
8324, 462924
8324, 462924
8324, 462924
8324, 462924
8324, 462924
8324, 462924
8324, 462924
8324, 462924
8324, 462924
8324, 462924
8324, 462924
8324, 462924
8324, 462924
8324, 462924
8324, 462924
8324, 462924
8324, 462924
8324, 462924
8324, 462924
8324, 462924
8324, 462924
8324, 462924
8324, 462924
8324, 462924
8324, 462924
8324, 462924
8324, 462924
8324, 462924
8324, 462924
8324, 462924
8324, 462924
8324, 462924
8324, 462924
8324, 462924
8324, 462924
8324, 462924
8324, 462924
8324, 462924
8324, 462924
8324, 462924
8324, 462924
8324, 462924
8324, 462924
8324, 462924
8324, 462924
8324, 462924
8324, 462924
8324, 462924
8324, 462924
8324, 462924
8324, 462924
8324, 462924
8324, 462924
8324, 462924
8324, 462924
8324, 462924
8324, 462924
8324, 462924
8324, 462924
8324, 462924
8324, 462924
8324, 462924
8324, 462924
8324, 462924
8324, 462924
8324, 462924
8324, 462924
8324, 462924
8324, 462924
8324, 462924
8324, 462924
8324, 462924
8324, 462924
8324, 462924
8324, 462924
8324, 462924
8324, 462924
8324, 462924
8324, 462924
8324, 462924
8324, 462924
8324, 462924
8324, 462924
8324, 462924
8324, 462924
8324, 462924
8324, 462924
8324, 462924
8324, 462924
8324, 462924
8324, 462924
8324, 462924
8324, 462924
8324, 462924
8324, 462924
8324, 462924
8324, 462924
8324, 462924
8324, 462924
8324, 462924
8324, 462924
8324, 462924
8324, 462924
8324, 462924
8324, 462924
8324, 462924
8324, 462924
8324, 462924
8324, 462924
8324, 462924
8324, 462924
8324, 462924
8324, 462924
8324, 462924
8324, 462924
8324, 462924
8324, 462924
8324, 462924
8324, 462924
8324, 462924
8324, 462924
8324, 462924
8324, 462924
8324, 462924
8324, 462924
8324, 462924
8324, 462924
8324, 462924
8324, 462924
8324, 462924
8324, 462924
8324, 462924
8324, 462924
8324, 462924
8324, 462924
8324, 462924
8324, 462924
8324, 462924
8324, 462924
8324, 462924
8324, 462924
8324, 462924
8324, 462924
8324, 462924
8324, 462924
8324, 462924
8324, 462924
8324, 462924
8324, 462924
8324, 462924
8324, 462924
8324, 462924
8324, 462924
8324, 462924
8324, 462924
8324, 462924
8324, 462924
8324, 462924
8324, 462924
8324, 462924
8324, 462924
8324, 462924
8324, 462924
8324, 462924
8324, 462924
8324, 462924
8324, 462924
8324, 462924
8324, 462924
8324, 462924
8324, 462924
8324, 462924
8324, 462924
8324, 462924
8324, 462924
8324, 462924
8324, 462924
8324, 462924
8324, 462924
8324, 462924
8324, 462924
8324, 462924
8324, 462924
8324, 462924
8324, 462924
8324, 462924
8324, 462924
8324, 462924
8324, 462924
8324, 462924
8324, 462924
8324, 462924
8324, 462924
8324, 462924
8324, 462924
8324, 462924
8324, 462924
8324, 462924
8324, 462924
8324, 462924
8324, 462924
8324, 462924
8324, 462924
8324, 462924
8324, 462924
8324, 462924
8324, 462924
8324, 462924
8324, 462924
8324, 462924
8324, 462924
8324, 462924
8324, 462924
8324, 462924
8324, 462924
8324, 462924
8324, 462924
8324, 462924
8324, 462924
8324, 462924
8324, 462924
8324, 462924
8324, 462924
8324, 462924
8324, 462924
8324, 462924
8324, 462924
8324, 462924
8324, 462924
8324, 462924
8324, 462924
8324, 462924
8324, 462924
8324, 462924
8324, 462924
8324, 462924
8324, 462924
8324, 462924
8324, 462924
8324, 462924
8324, 462924
8324, 462924
8324, 462924
8324, 462924
8324, 462924
8324, 462924
8324, 462924
8324, 462924
8324, 462924
8324, 462924
8324, 462924
8324, 462924
8324, 462924
8324, 462924
8324, 462924
8324, 462924
8324, 462924
8324, 462924
8324, 462924
8324, 462924
8324, 462924
8324, 462924
8324, 462924
8324, 462924
8324, 462924
8324, 462924
8324, 462924
8324, 462924
8324, 462924
8324, 462924
8324, 462924
8324, 462924
8324, 462924
8324, 462924
8324, 462924
8324, 462924
8324, 462924
8324, 462924
8324, 462924
8324, 462924
8324, 462924
8324, 462924
8324, 462924
8324, 462924
8324, 462924
8324, 462924
8324, 462924
8324, 462924
8324, 462924
8324, 462924
8324, 462924
8324, 462924
8324, 462924
8324, 462924
8324, 462924
8324, 462924
8324, 462924
8324, 462924
8324, 462924
8324, 462924
8324, 462924
8324, 462924
8324, 462924
8324, 462924
8324, 462924
8324, 462924
8324, 462924
8324, 462924
8324, 462924
8324, 462924
8324, 462924
8324, 462924
8324, 462924
8324, 462924
8324, 462924
8324, 462924
8324, 462924
8324, 462924
8324, 462924
8324, 462924
8324, 462924
8324, 462924
8324, 462924
8324, 462924
8324, 462924
8324, 462924
8324, 462924
8324, 462924
8324, 462924
8324, 462924
8324, 462924
8324, 462924
8324, 462924
8324, 462924
8324, 462924
8324, 462924
8324, 462924
8324, 462924
8324, 462924
8324, 462924
8324, 462924
8324, 462924
8324, 462924
8324, 462924
8324, 462924
8324, 462924
8324, 462924
8324, 462924
8324, 462924
8324, 462924
8324, 462924
8324, 462924
8324, 462924
8324, 462924
8324, 462924
8324, 462924
8324, 462924
8324, 462924
8324, 462924
8324, 462924
8324, 462924
8324, 462924
8324, 462924
8324, 462924
8324, 462924
8324, 462924
8324, 462924
8324, 462924
8324, 462924
8324, 462924
8324, 462924
8324, 462924
8324, 462924
8324, 462924
8324, 462924
8324, 462924
8324, 462924
8324, 462924
8324, 462924
8324, 462924
8324, 462924
8324, 462924
8324, 462924
8324, 462924
8324, 462924
8324, 462924
8324, 462924
8324, 462924
8324, 462924
8324, 462924
8324, 462924
8324, 462924
8324, 462924
8324, 462924
8324, 462924
8324, 462924
8324, 462924
8324, 462924
8324, 462924
8324, 462924
8324, 462924
8324, 462924
8324, 462924
8324, 462924
8324, 462924
8324, 462924
8324, 462924
8324, 462924
8324, 462924
8324, 462924
8324, 462924
8324, 462924
8324, 462924
8324, 462924
8324, 462924
8324, 462924
8324, 462924
8324, 462924
8324, 462924
8324, 462924
8324, 462924
8324, 462924
8324, 462924
8324, 462924
8324, 462924
8324, 462924
8324, 462924
8324, 462924
8324, 462924
8324, 462924
8324, 462924
8324, 462924
8324, 462924
8324, 462924
8324, 462924
8324, 462924
8324, 462924
8324, 462924
8324, 462924
8324, 462924
8324, 462924
8324, 462924
8324, 462924
8324, 462924
8324, 462924
8324, 462924
8324, 462924
8324, 462924
8324, 462924
8324, 462924
8324, 462924
8324, 462924
8324, 462924
8324, 462924
8324, 462924
8324, 462924
8324, 462924
8324, 462924
8324, 462924
8324, 462924
8324, 462924
8324, 462924
8324, 462924
8324, 462924
8324, 462924
8324, 462924
8324, 462924
8324, 462924
8324, 462924
8324, 462924
8324, 462924
8324, 462924
8324, 462924
8324, 462924
8324, 462924
8324, 462924
8324, 462924
8324, 462924
8324, 462924
8324, 462924
8324, 462924
8324, 462924
8324, 462924
8324, 462924
8324, 462924
8324, 462924
8324, 462924
8324, 462924
8324, 462924
8324, 462924
8324, 462924
8324, 462924
8324, 462924
8324, 462924
8324, 462924
8324, 462924
8324, 462924
8324, 462924
8324, 462924
8324, 462924
8324, 462924
8324, 462924
8324, 462924
8324, 462924
8324, 462924
8324, 462924
8324, 462924
8324, 462924
8324, 462924
8324, 462924
8324, 462924
8324, 462924
8324, 462924
8324, 462924
8324, 462924
8324, 462924
8324, 462924
8324, 462924
8324, 462924
8324, 462924
8324, 462924
8324, 462924
8324, 462924
8324, 462924
8324, 462924
8324, 462924
8324, 462924
8324, 462924
8324, 462924
8324, 462924
8324, 462924
8324, 462924
8324, 462924
8324, 462924
8324, 462924
8324, 462924
8324, 462924
8324, 462924
8324, 462924
8324, 462924
8324, 462924
8324, 462924
8324, 462924
8324, 462924
8324, 462924
8324, 462924
8324, 462924
8324, 462924
8324, 462924
8324, 462924
8324, 462924
8324, 462924
8324, 462924
8324, 462924
8324, 462924
8324, 462924
8324, 462924
8324, 462924
8324, 462924
8324, 462924
8324, 462924
8324, 462924
8324, 462924
8324, 462924
8324, 462924
8324, 462924
8324, 462924
8324, 462924
8324, 462924
8324, 462924
8324, 462924
8324, 462924
8324, 462924
8324, 462924
8324, 462924
8324, 462924
8324, 462924
8324, 462924
8324, 462924
8324, 462924
8324, 462924
8324, 462924
8324, 462924
8324, 462924
8324, 462924
8324, 462924
8324, 462924
8324, 462924
8324, 462924
8324, 462924
8324, 462924
8324, 462924
8324, 462924
8324, 462924
8324, 462924
8324, 462924
8324, 462924
8324, 462924
8324, 462924
8324, 462924
8324, 462924
8324, 462924
8324, 462924
8324, 462924
8324, 462924
8324, 462924
8324, 462924
8324, 462924
8324, 462924
8324, 462924
8324, 462924
8324, 462924
8324, 462924
8324, 462924
8324, 462924
8324, 462924
8324, 462924
8324, 462924
8324, 462924
8324, 462924
8324, 462924
8324, 462924
8324, 462924
8324, 462924
8324, 462924
8324, 462924
8324, 462924
8324, 462924
8324, 462924
8324, 462924
8324, 462924
8324, 462924
8324, 462924
8324, 462924
8324, 462924
8324, 462924
8324, 462924
8324, 462924
8324, 462924
8324, 462924
8324, 462924
8324, 462924
8324, 462924
8324, 462924
8324, 462924
8324, 462924
8324, 462924
8324, 462924
8324, 462924
8324, 462924
8324, 462924
8324, 462924
8324, 462924
8324, 462924
8324, 462924
8324, 462924
8324, 462924
8324, 462924
8324, 462924
8324, 462924
8324, 462924
8324, 462924
8324, 462924
8324, 462924
8324, 462924
8324, 462924
8324, 462924
8324, 462924
8324, 462924
8324, 462924
8324, 462924
8324, 462924
8324, 462924
8324, 462924
8324, 462924
8324, 462924
8324, 462924
8324, 462924
8324, 462924
8324, 462924
8324, 462924
8324, 462924
8324, 462924
8324, 462924
8324, 462924
8324, 462924
8324, 462924
8324, 462924
8324, 462924
8324, 462924
8324, 462924
8324, 462924
8324, 462924
8324, 462924
8324, 462924
8324, 462924
8324, 462924
8324, 462924
8324, 462924
8324, 462924
8324, 462924
8324, 462924
8324, 462924
8324, 462924
8324, 462924
8324, 462924
8324, 462924
8324, 462924
8324, 462924
8324, 462924
8324, 462924
8324, 462924
8324, 462924
8324, 462924
8324, 462924
8324, 462924
8324, 462924
8324, 462924
8324, 462924
8324, 462924
8324, 462924
8324, 462924
8324, 462924
8324, 462924
8324, 462924
8324, 462924
8324, 462924
8324, 462924
8324, 462924
8324, 462924
8324, 462924
8324, 462924
8324, 462924
8324, 462924
8324, 462924
8324, 462924
8324, 462924
8324, 462924
8324, 462924
8324, 462924
8324, 462924
8324, 462924
8324, 462924
8324, 462924
8324, 462924
8324, 462924
8324, 462924
8324, 462924
8324, 462924
8324, 462924
8324, 462924
8324, 462924
8324, 462924
8324, 462924
8324, 462924
8324, 462924
8324, 462924
8324, 462924
8324, 462924
8324, 462924
8324, 462924
8324, 462924
8324, 462924
8324, 462924
8324, 462924
8324, 462924
8324, 462924
8324, 462924
8324, 462924
8324, 462924
8324, 462924
8324, 462924
8324, 462924
8324, 462924
8324, 462924
8324, 462924
8324, 462924
8324, 462924
8324, 462924
8324, 462924
8324, 462924
8324, 462924
8324, 462924
8324, 462924
8324, 462924
8324, 462924
8324, 462924
8324, 462924
8324, 462924
8324, 462924
8324, 462924
8324, 462924
8324, 462924
8324, 462924
8324, 462924
8324, 462924
8324, 462924
8324, 462924
8324, 462924
8324, 462924
8324, 462924
8324, 462924
8324, 462924
8324, 462924
8324, 462924
8324, 462924
8324, 462924
8324, 462924
8324, 462924
8324, 462924
8324, 462924
8324, 462924
8324, 462924
8324, 462924
8324, 462924
8324, 462924
8324, 462924
8324, 462924
8324, 462924
8324, 462924
8324, 462924
8324, 462924
8324, 462924
8324, 462924
8324, 462924
8324, 462924
8324, 462924
8324, 462924
8324, 462924
8324, 462924
8324, 462924
8324, 462924
8324, 462924
8324, 462924
8324, 462924
8324, 462924
8324, 462924
8324, 462924
8324, 462924
8324, 462924
8324, 462924
8324, 462924
8324, 462924
8324, 462924
8324, 462924
8324, 462924
8324, 462924
8324, 462924
8324, 462924
8324, 462924
8324, 462924
8324, 462924
8324, 462924
8324, 462924
8324, 462924
8324, 462924
8324, 462924
8324, 462924
8324, 462924
8324, 462924
8324, 462924
8324, 462924
8324, 462924
8324, 462924
8324, 462924
8324, 462924
8324, 462924
8324, 462924
8324, 462924
8324, 462924
8324, 462924
8324, 462924
8324, 462924
8324, 462924
8324, 462924
8324, 462924
8324, 462924
8324, 462924
8324, 462924
8324, 462924
8324, 462924
8324, 462924
8324, 462924
8324, 462924
8324, 462924
8324, 462924
8324, 462924
8324, 462924
8324, 462924
8324, 462924
8324, 462924
8324, 462924
8324, 462924
8324, 462924
8324, 462924
8324, 462924
8324, 462924
8324, 462924
8324, 462924
8324, 462924
8324, 462924
8324, 462924
8324, 462924
8324, 462924
8324, 462924
8324, 462924
8324, 462924
8324, 462924
8324, 462924
8324, 462924
8324, 462924
8324, 462924
8324, 462924
8324, 462924
8324, 462924
8324, 462924
8324, 462924
8324, 462924
8324, 462924
8324, 462924
8324, 462924
8324, 462924
8324, 462924
8324, 462924
8324, 462924
8324, 462924
8324, 462924
8324, 462924
8324, 462924
8324, 462924
8324, 462924
8324, 462924
8324, 462924
8324, 462924
8324, 462924
8324, 462924
8324, 462924
8324, 462924
8324, 462924
8324, 462924
8324, 462924
8324, 462924
8324, 462924
8324, 462924
8324, 462924
8324, 462924
8324, 462924
8324, 462924
8324, 462924
8324, 462924
8324, 462924
8324, 462924
8324, 462924
8324, 462924
8324, 462924
8324, 462924
8324, 462924
8324, 462924
8324, 462924
8324, 462924
8324, 462924
8324, 462924
8324, 462924
8324, 462924
8324, 462924
8324, 462924
8324, 462924
8324, 462924
8324, 462924
8324, 462924
8324, 462924
8324, 462924
8324, 462924
8324, 462924
8324, 462924
8324, 462924
8324, 462924
8324, 462924
8324, 462924
8324, 462924
8324, 462924
8324, 462924
8324, 462924
8324, 462924
8324, 462924
8324, 462924
8324, 462924
8324, 462924
8324, 462924
8324, 462924
8324, 462924
8324, 462924
8324, 462924
8324, 462924
8324, 462924
8324, 462924
8324, 462924
8324, 462924
8324, 462924
8324, 462924
8324, 462924
8324, 462924
8324, 462924
8324, 462924
8324, 462924
8324, 462924
8324, 462924
8324, 462924
8324, 462924
8324, 462924
8324, 462924
8324, 462924
8324, 462924
8324, 462924
8324, 462924
8324, 462924
8324, 462924
8324, 462924
8324, 462924
8324, 462924
8324, 462924
8324, 462924
8324, 462924
8324, 462924
8324, 462924
8324, 462924
8324, 462924
8324, 462924
8324, 462924
8324, 462924
8324, 462924
8324, 462924
8324, 462924
8324, 462924
8324, 462924
8324, 462924
8324, 462924
8324, 462924
8324, 462924
8324, 462924
8324, 462924
8324, 462924
8324, 462924
8324, 462924
8324, 462924
8324, 462924
8324, 462924
8324, 462924
8324, 462924
8324, 462924
8324, 462924
8324, 462924
8324, 462924
8324, 462924
8324, 462924
8324, 462924
8324, 462924
8324, 462924
8324, 462924
8324, 462924
8324, 462924
8324, 462924
8324, 462924
8324, 462924
8324, 462924
8324, 462924
8324, 462924
8324, 462924
8324, 462924
8324, 462924
8324, 462924
8324, 462924
8324, 462924
8324, 462924
8324, 462924
8324, 462924
8324, 462924
8324, 462924
8324, 462924
8324, 462924
8324, 462924
8324, 462924
8324, 462924
8324, 462924
8324, 462924
8324, 462924
8324, 462924
8324, 462924
8324, 462924
8324, 462924
8324, 462924
8324, 462924
8324, 462924
8324, 462924
8324, 462924
8324, 462924
8324, 462924
8324, 462924
8324, 462924
8324, 462924
8324, 462924
8324, 462924
8324, 462924
8324, 462924
8324, 462924
8324, 462924
8324, 462924
8324, 462924
8324, 462924
8324, 462924
8324, 462924
8324, 462924
8324, 462924
8324, 462924
8324, 462924
8324, 462924
8324, 462924
8324, 462924
8324, 462924
8324, 462924
8324, 462924
8324, 462924
8324, 462924
8324, 462924
8324, 462924
8324, 462924
8324, 462924
8324, 462924
8324, 462924
8324, 462924
8324, 462924
8324, 462924
8324, 462924
8324, 462924
8324, 462924
8324, 462924
8324, 462924
8324, 462924
8324, 462924
8324, 462924
8324, 462924
8324, 462924
8324, 462924
8324, 462924
8324, 462924
8324, 462924
8324, 462924
8324, 462924
8324, 462924
8324, 462924
8324, 462924
8324, 462924
8324, 462924
8324, 462924
8324, 462924
8324, 462924
8324, 462924
8324, 462924
8324, 462924
8324, 462924
8324, 462924
8324, 462924
8324, 462924
8324, 462924
8324, 462924
8324, 462924
8324, 462924
8324, 462924
8324, 462924
8324, 462924
8324, 462924
8324, 462924
8324, 462924
8324, 462924
8324, 462924
8324, 462924
8324, 462924
8324, 462924
8324, 462924
8324, 462924
8324, 462924
8324, 462924
8324, 462924
8324, 462924
8324, 462924
8324, 462924
8324, 462924
8324, 462924
8324, 462924
8324, 462924
8324, 462924
8324, 462924
8324, 462924
8324, 462924
8324, 462924
8324, 462924
8324, 462924
8324, 462924
8324, 462924
8324, 462924
8324, 462924
8324, 462924
8324, 462924
8324, 462924
8324, 462924
8324, 462924
8324, 462924
8324, 462924
8324, 462924
8324, 462924
8324, 462924
8324, 462924
8324, 462924
8324, 462924
8324, 462924
8324, 462924
8324, 462924
8324, 462924
8324, 462924
8324, 462924
8324, 462924
8324, 462924
8324, 462924
8324, 462924
8324, 462924
8324, 462924
8324, 462924
8324, 462924
8324, 462924
8324, 462924
8324, 462924
8324, 462924
8324, 462924
8324, 462924
8324, 462924
8324, 462924
8324, 462924
8324, 462924
8324, 462924
8324, 462924
8324, 462924
8324, 462924
8324, 462924
8324, 462924
8324, 462924
8324, 462924
8324, 462924
8324, 462924
8324, 462924
8324, 462924
8324, 462924
8324, 462924
8324, 462924
8324, 462924
8324, 462924
8324, 462924
8324, 462924
8324, 462924
8324, 462924
8324, 462924
8324, 462924
8324, 462924
8324, 462924
8324, 462924
8324, 462924
8324, 462924
8324, 462924
8324, 462924
8324, 462924
8324, 462924
8324, 462924
8324, 462924
8324, 462924
8324, 462924
8324, 462924
8324, 462924
8324, 462924
8324, 462924
8324, 462924
8324, 462924
8324, 462924
8324, 462924
8324, 462924
8324, 462924
8324, 462924
8324, 462924
8324, 462924
8324, 462924
8324, 462924
8324, 462924
8324, 462924
8324, 462924
8324, 462924
8324, 462924
8324, 462924
8324, 462924
8324, 462924
8324, 462924
8324, 462924
8324, 462924
8324, 462924
8324, 462924
8324, 462924
8324, 462924
8324, 462924
8324, 462924
8324, 462924
8324, 462924
8324, 462924
8324, 462924
8324, 462924
8324, 462924
8324, 462924
8324, 462924
8324, 462924
8324, 462924
8324, 462924
8324, 462924
8324, 462924
8324, 462924
8324, 462924
8324, 462924
8324, 462924
8324, 462924
8324, 462924
8324, 462924
8324, 462924
8324, 462924
8324, 462924
8324, 462924
8324, 462924
8324, 462924
8324, 462924
8324, 462924
8324, 462924
8324, 462924
8324, 462924
8324, 462924
8324, 462924
8324, 462924
8324, 462924
8324, 462924
8324, 462924
8324, 462924
8324, 462924
8324, 462924
8324, 462924
8324, 462924
8324, 462924
8324, 462924
8324, 462924
8324, 462924
8324, 462924
8324, 462924
8324, 462924
8324, 462924
8324, 462924
8324, 462924
8324, 462924
8324, 462924
8324, 462924
8324, 462924
8324, 462924
8324, 462924
8324, 462924
8324, 462924
8324, 462924
8324, 462924
8324, 462924
8324, 462924
8324, 462924
8324, 462924
8324, 462924
8324, 462924
8324, 462924
8324, 462924
8324, 462924
8324, 462924
8324, 462924
8324, 462924
8324, 462924
8324, 462924
8324, 462924
8324, 462924
8324, 462924
8324, 462924
8324, 462924
8324, 462924
8324, 462924
8324, 462924
8324, 462924
8324, 462924
8324, 462924
8324, 462924
8324, 462924
8324, 462924
8324, 462924
8324, 462924
8324, 462924
8324, 462924
8324, 462924
8324, 462924
8324, 462924
8324, 462924
8324, 462924
8324, 462924
8324, 462924
8324, 462924
8324, 462924
8324, 462924
8324, 462924
8324, 462924
8324, 462924
8324, 462924
8324, 462924
8324, 462924
8324, 462924
8324, 462924
8324, 462924
8324, 462924
8324, 462924
8324, 462924
8324, 462924
8324, 462924
8324, 462924
8324, 462924
8324, 462924
8324, 462924
8324, 462924
8324, 462924
8324, 462924
8324, 462924
8324, 462924
8324, 462924
8324, 462924
8324, 462924
8324, 462924
8324, 462924
8324, 462924
8324, 462924
8324, 462924
8324, 462924
8324, 462924
8324, 462924
8324, 462924
8324, 462924
8324, 462924
8324, 462924
8324, 462924
8324, 462924
8324, 462924
8324, 462924
8324, 462924
8324, 462924
8324, 462924
8324, 462924
8324, 462924
8324, 462924
8324, 462924
8324, 462924
8324, 462924
8324, 462924
8324, 462924
8324, 462924
8324, 462924
8324, 462924
8324, 462924
8324, 462924
8324, 462924
8324, 462924
8324, 462924
8324, 462924
8324, 462924
8324, 462924
8324, 462924
8324, 462924
8324, 462924
8324, 462924
8324, 462924
8324, 462924
8324, 462924
8324, 462924
8324, 462924
8324, 462924
8324, 462924
8324, 462924
8324, 462924
8324, 462924
8324, 462924
8324, 462924
8324, 462924
8324, 462924
8324, 462924
8324, 462924
8324, 462924
8324, 462924
8324, 462924
8324, 462924
8324, 462924
8324, 462924
8324, 462924
8324, 462924
8324, 462924
8324, 462924
8324, 462924
8324, 462924
8324, 462924
8324, 462924
8324, 462924
8324, 462924
8324, 462924
8324, 462924
8324, 462924
8324, 462924
8324, 462924
8324, 462924
8324, 462924
8324, 462924
8324, 462924
8324, 462924
8324, 462924
8324, 462924
8324, 462924
8324, 462924
8324, 462924
8324, 462924
8324, 462924
8324, 462924
8324, 462924
8324, 462924
8324, 462924
8324, 462924
8324, 462924
8324, 462924
8324, 462924
8324, 462924
8324, 462924
8324, 462924
8324, 462924
8324, 462924
8324, 462924
8324, 462924
8324, 462924
8324, 462924
8324, 462924
8324, 462924
8324, 462924
8324, 462924
8324, 462924
8324, 462924
8324, 462924
8324, 462924
8324, 462924
8324, 462924
8324, 462924
8324, 462924
8324, 462924
8324, 462924
8324, 462924
8324, 462924
8324, 462924
8324, 462924
8324, 462924
8324, 462924
8324, 462924
8324, 462924
8324, 462924
8324, 462924
8324, 462924
8324, 462924
8324, 462924
8324, 462924
8324, 462924
8324, 462924
8324, 462924
8324, 462924
8324, 462924
8324, 462924
8324, 462924
8324, 462924
8324, 462924
8324, 462924
8324, 462924
8324, 462924
8324, 462924
8324, 462924
8324, 462924
8324, 462924
8324, 462924
8324, 462924
8324, 462924
8324, 462924
8324, 462924
8324, 462924
8324, 462924
8324, 462924
8324, 462924
8324, 462924
8324, 462924
8324, 462924
8324, 462924
8324, 462924
8324, 462924
8324, 462924
8324, 462924
8324, 462924
8324, 462924
8324, 462924
8324, 462924
8324, 462924
8324, 462924
8324, 462924
8324, 462924
8324, 462924
8324, 462924
8324, 462924
8324, 462924
8324, 462924
8324, 462924
8324, 462924
8324, 462924
8324, 462924
8324, 462924
8324, 462924
8324, 462924
8324, 462924
8324, 462924
8324, 462924
8324, 462924
8324, 462924
8324, 462924
8324, 462924
8324, 462924
8324, 462924
8324, 462924
8324, 462924
8324, 462924
8324, 462924
8324, 462924
8324, 462924
8324, 462924
8324, 462924
8324, 462924
8324, 462924
8324, 462924
8324, 462924
8324, 462924
8324, 462924
8324, 462924
8324, 462924
8324, 462924
8324, 462924
8324, 462924
8324, 462924
8324, 462924
8324, 462924
8324, 462924
8324, 462924
8324, 462924
8324, 462924
8324, 462924
8324, 462924
8324, 462924
8324, 462924
8324, 462924
8324, 462924
8324, 462924
8324, 462924
8324, 462924
8324, 462924
8324, 462924
8324, 462924
8324, 462924
8324, 462924
8324, 462924
8324, 462924
8324, 462924
8324, 462924
8324, 462924
8324, 462924
8324, 462924
8324, 462924
8324, 462924
8324, 462924
8324, 462924
8324, 462924
8324, 462924
8324, 462924
8324, 462924
8324, 462924
8324, 462924
8324, 462924
8324, 462924
8324, 462924
8324, 462924
8324, 462924
8324, 462924
8324, 462924
8324, 462924
8324, 462924
8324, 462924
8324, 462924
8324, 462924
8324, 462924
8324, 462924
8324, 462924
8324, 462924
8324, 462924
8324, 462924
8324, 462924
8324, 462924
8324, 462924
8324, 462924
8324, 462924
8324, 462924
8324, 462924
8324, 462924
8324, 462924
8324, 462924
8324, 462924
8324, 462924
8324, 462924
8324, 462924
8324, 462924
8324, 462924
8324, 462924
8324, 462924
8324, 462924
8324, 462924
8324, 462924
8324, 462924
8324, 462924
8324, 462924
8324, 462924
8324, 462924
8324, 462924
8324, 462924
8324, 462924
8324, 462924
8324, 462924
8324, 462924
8324, 462924
8324, 462924
8324, 462924
8324, 462924
8324, 462924
8324, 462924
8324, 462924
8324, 462924
8324, 462924
8324, 462924
8324, 462924
8324, 462924
8324, 462924
8324, 462924
8324, 462924
8324, 462924
8324, 462924
8324, 462924
8324, 462924
8324, 462924
8324, 462924
8324, 462924
8324, 462924
8324, 462924
8324, 462924
8324, 462924
8324, 462924
8324, 462924
8324, 462924
8324, 462924
8324, 462924
8324, 462924
8324, 462924
8324, 462924
8324, 462924
8324, 462924
8324, 462924
8324, 462924
8324, 462924
8324, 462924
8324, 462924
8324, 462924
8324, 462924
8324, 462924
8324, 462924
8324, 462924
8324, 462924
8324, 462924
8324, 462924
8324, 462924
8324, 462924
8324, 462924
8324, 462924
8324, 462924
8324, 462924
8324, 462924
8324, 462924
8324, 462924
8324, 462924
8324, 462924
8324, 462924
8324, 462924
8324, 462924
8324, 462924
8324, 462924
8324, 462924
8324, 462924
8324, 462924
8324, 462924
8324, 462924
8324, 462924
8324, 462924
8324, 462924
8324, 462924
8324, 462924
8324, 462924
8324, 462924
8324, 462924
8324, 462924
8324, 462924
8324, 462924
8324, 462924
8324, 462924
8324, 462924
8324, 462924
8324, 462924
8324, 462924
8324, 462924
8324, 462924
8324, 462924
8324, 462924
8324, 462924
8324, 462924
8324, 462924
8324, 462924
8324, 462924
8324, 462924
8324, 462924
8324, 462924
8324, 462924
8324, 462924
8324, 462924
8324, 462924
8324, 462924
8324, 462924
8324, 462924
8324, 462924
8324, 462924
8324, 462924
8324, 462924
8324, 462924
8324, 462924
8324, 462924
8324, 462924
8324, 462924
8324, 462924
8324, 462924
8324, 462924
8324, 462924
8324, 462924
8324, 462924
8324, 462924
8324, 462924
8324, 462924
8324, 462924
8324, 462924
8324, 462924
8324, 462924
8324, 462924
8324, 462924
8324, 462924
8324, 462924
8324, 462924
8324, 462924
8324, 462924
8324, 462924
8324, 462924
8324, 462924
8324, 462924
8324, 462924
8324, 462924
8324, 462924
8324, 462924
8324, 462924
8324, 462924
8324, 462924
8324, 462924
8324, 462924
8324, 462924
8324, 462924
8324, 462924
8324, 462924
8324, 462924
8324, 462924
8324, 462924
8324, 462924
8324, 462924
8324, 462924
8324, 462924
8324, 462924
8324, 462924
8324, 462924
8324, 462924
8324, 462924
8324, 462924
8324, 462924
8324, 462924
8324, 462924
8324, 462924
8324, 462924
8324, 462924
8324, 462924
8324, 462924
8324, 462924
8324, 462924
8324, 462924
8324, 462924
8324, 462924
8324, 462924
8324, 462924
8324, 462924
8324, 462924
8324, 462924
8324, 462924
8324, 462924
8324, 462924
8324, 462924
8324, 462924
8324, 462924
8324, 462924
8324, 462924
8324, 462924
8324, 462924
8324, 462924
8324, 462924
8324, 462924
8324, 462924
8324, 462924
8324, 462924
8324, 462924
8324, 462924
8324, 462924
8324, 462924
8324, 462924
8324, 462924
8324, 462924
8324, 462924
8324, 462924
8324, 462924
8324, 462924
8324, 462924
8324, 462924
8324, 462924
8324, 462924
8324, 462924
8324, 462924
8324, 462924
8324, 462924
8324, 462924
8324, 462924
8324, 462924
8324, 462924
8324, 462924
8324, 462924
8324, 462924
8324, 462924
8324, 462924
8324, 462924
8324, 462924
8324, 462924
8324, 462924
8324, 462924
8324, 462924
8324, 462924
8324, 462924
8324, 462924
8324, 462924
8324, 462924
8324, 462924
8324, 462924
8324, 462924
8324, 462924
8324, 462924
8324, 462924
8324, 462924
8324, 462924
8324, 462924
8324, 462924
8324, 462924
8324, 462924
8324, 462924
8324, 462924
8324, 462924
8324, 462924
8324, 462924
8324, 462924
8324, 462924
8324, 462924
8324, 462924
8324, 462924
8324, 462924
8324, 462924
8324, 462924
8324, 462924
8324, 462924
8324, 462924
8324, 462924
8324, 462924
8324, 462924
8324, 462924
8324, 462924
8324, 462924
8324, 462924
8324, 462924
8324, 462924
8324, 462924
8324, 462924
8324, 462924
8324, 462924
8324, 462924
8324, 462924
8324, 462924
8324, 462924
8324, 462924
8324, 462924
8324, 462924
8324, 462924
8324, 462924
8324, 462924
8324, 462924
8324, 462924
8324, 462924
8324, 462924
8324, 462924
8324, 462924
8324, 462924
8324, 462924
8324, 462924
8324, 462924
8324, 462924
8324, 462924
8324, 462924
8324, 462924
8324, 462924
8324, 462924
8324, 462924
8324, 462924
8324, 462924
8324, 462924
8324, 462924
8324, 462924
8324, 462924
8324, 462924
8324, 462924
8324, 462924
8324, 462924
8324, 462924
8324, 462924
8324, 462924
8324, 462924
8324, 462924
8324, 462924
8324, 462924
8324, 462924
8324, 462924
8324, 462924
8324, 462924
8324, 462924
8324, 462924
8324, 462924
8324, 462924
8324, 462924
8324, 462924
8324, 462924
8324, 462924
8324, 462924
8324, 462924
8324, 462924
8324, 462924
8324, 462924
8324, 462924
8324, 462924
8324, 462924
8324, 462924
8324, 462924
8324, 462924
8324, 462924
8324, 462924
8324, 462924
8324, 462924
8324, 462924
8324, 462924
8324, 462924
8324, 462924
8324, 462924
8324, 462924
8324, 462924
8324, 462924
8324, 462924
8324, 462924
8324, 462924
8324, 462924
8324, 462924
8324, 462924
8324, 462924
8324, 462924
8324, 462924
8324, 462924
8324, 462924
8324, 462924
8324, 462924
8324, 462924
8324, 462924
8324, 462924
8324, 462924
8324, 462924
8324, 462924
8324, 462924
8324, 462924
8324, 462924
8324, 462924
8324, 462924
8324, 462924
8324, 462924
8324, 462924
8324, 462924
8324, 462924
8324, 462924
8324, 462924
8324, 462924
8324, 462924
8324, 462924
8324, 462924
8324, 462924
8324, 462924
8324, 462924
8324, 462924
8324, 462924
8324, 462924
8324, 462924
8324, 462924
8324, 462924
8324, 462924
8324, 462924
8324, 462924
8324, 462924
8324, 462924
8324, 462924
8324, 462924
8324, 462924
8324, 462924
8324, 462924
8324, 462924
8324, 462924
8324, 462924
8324, 462924
8324, 462924
8324, 462924
8324, 462924
8324, 462924
8324, 462924
8324, 462924
8324, 462924
8324, 462924
8324, 462924
8324, 462924
8324, 462924
8324, 462924
8324, 462924
8324, 462924
8324, 462924
8324, 462924
8324, 462924
8324, 462924
8324, 462924
8324, 462924
8324, 462924
8324, 462924
8324, 462924
8324, 462924
8324, 462924
8324, 462924
8324, 462924
8324, 462924
8324, 462924
8324, 462924
8324, 462924
8324, 462924
8324, 462924
8324, 462924
8324, 462924
8324, 462924
8324, 462924
8324, 462924
8324, 462924
8324, 462924
8324, 462924
8324, 462924
8324, 462924
8324, 462924
8324, 462924
8324, 462924
8324, 462924
8324, 462924
8324, 462924
8324, 462924
8324, 462924
8324, 462924
8324, 462924
8324, 462924
8324, 462924
8324, 462924
8324, 462924
8324, 462924
8324, 462924
8324, 462924
8324, 462924
8324, 462924
8324, 462924
8324, 462924
8324, 462924
8324, 462924
8324, 462924
8324, 462924
8324, 462924
8324, 462924
8324, 462924
8324, 462924
8324, 462924
8324, 462924
8324, 462924
8324, 462924
8324, 462924
8324, 462924
8324, 462924
8324, 462924
8324, 462924
8324, 462924
8324, 462924
8324, 462924
8324, 462924
8324, 462924
8324, 462924
8324, 462924
8324, 462924
8324, 462924
8324, 462924
8324, 462924
8324, 462924
8324, 462924
8324, 462924
8324, 462924
8324, 462924
8324, 462924
8324, 462924
8324, 462924
8324, 462924
8324, 462924
8324, 462924
8324, 462924
8324, 462924
8324, 462924
8324, 462924
8324, 462924
8324, 462924
8324, 462924
8324, 462924
8324, 462924
8324, 462924
8324, 462924
8324, 462924
8324, 462924
8324, 462924
8324, 462924
8324, 462924
8324, 462924
8324, 462924
8324, 462924
8324, 462924
8324, 462924
8324, 462924
8324, 462924
8324, 462924
8324, 462924
8324, 462924
8324, 462924
8324, 462924
8324, 462924
8324, 462924
8324, 462924
8324, 462924
8324, 462924
8324, 462924
8324, 462924
8324, 462924
8324, 462924
8324, 462924
8324, 462924
8324, 462924
8324, 462924
8324, 462924
8324, 462924
8324, 462924
8324, 462924
8324, 462924
8324, 462924
8324, 462924
8324, 462924
8324, 462924
8324, 462924
8324, 462924
8324, 462924
8324, 462924
8324, 462924
8324, 462924
8324, 462924
8324, 462924
8324, 462924
8324, 462924
8324, 462924
8324, 462924
8324, 462924
8324, 462924
8324, 462924
8324, 462924
8324, 462924
8324, 462924
8324, 462924
8324, 462924
8324, 462924
8324, 462924
8324, 462924
8324, 462924
8324, 462924
8324, 462924
8324, 462924
8324, 462924
8324, 462924
8324, 462924
8324, 462924
8324, 462924
8324, 462924
8324, 462924
8324, 462924
8324, 462924
8324, 462924
8324, 462924
8324, 462924
8324, 462924
8324, 462924
8324, 462924
8324, 462924
8324, 462924
8324, 462924
8324, 462924
8324, 462924
8324, 462924
8324, 462924
8324, 462924
8324, 462924
8324, 462924
8324, 462924
8324, 462924
8324, 462924
8324, 462924
8324, 462924
8324, 462924
8324, 462924
8324, 462924
8324, 462924
8324, 462924
8324, 462924
8324, 462924
8324, 462924
8324, 462924
8324, 462924
8324, 462924
8324, 462924
8324, 462924
8324, 462924
8324, 462924
8324, 462924
8324, 462924
8324, 462924
8324, 462924
8324, 462924
8324, 462924
8324, 462924
8324, 462924
8324, 462924
8324, 462924
8324, 462924
8324, 462924
8324, 462924
8324, 462924
8324, 462924
8324, 462924
8324, 462924
8324, 462924
8324, 462924
8324, 462924
8324, 462924
8324, 462924
8324, 462924
8324, 462924
8324, 462924
8324, 462924
8324, 462924
8324, 462924
8324, 462924
8324, 462924
8324, 462924
8324, 462924
8324, 462924
8324, 462924
8324, 462924
8324, 462924
8324, 462924
8324, 462924
8324, 462924
8324, 462924
8324, 462924
8324, 462924
8324, 462924
8324, 462924
8324, 462924
8324, 462924
8324, 462924
8324, 462924
8324, 462924
8324, 462924
8324, 462924
8324, 462924
8324, 462924
8324, 462924
8324, 462924
8324, 462924
8324, 462924
8324, 462924
8324, 462924
8324, 462924
8324, 462924
8324, 462924
8324, 462924
8324, 462924
8324, 462924
8324, 462924
8324, 462924
8324, 462924
8324, 462924
8324, 462924
8324, 462924
8324, 462924
8324, 462924
8324, 462924
8324, 462924
8324, 462924
8324, 462924
8324, 462924
8324, 462924
8324, 462924
8324, 462924
8324, 462924
8324, 462924
8324, 462924
8324, 462924
8324, 462924
8324, 462924
8324, 462924
8324, 462924
8324, 462924
8324, 462924
8324, 462924
8324, 462924
8324, 462924
8324, 462924
8324, 462924
8324, 462924
8324, 462924
8324, 462924
8324, 462924
8324, 462924
8324, 462924
8324, 462924
8324, 462924
8324, 462924
8324, 462924
8324, 462924
8324, 462924
8324, 462924
8324, 462924
8324, 462924
8324, 462924
8324, 462924
8324, 462924
8324, 462924
8324, 462924
8324, 462924
8324, 462924
8324, 462924
8324, 462924
8324, 462924
8324, 462924
8324, 462924
8324, 462924
8324, 462924
8324, 462924
8324, 462924
8324, 462924
8324, 462924
8324, 462924
8324, 462924
8324, 462924
8324, 462924
8324, 462924
8324, 462924
8324, 462924
8324, 462924
8324, 462924
8324, 462924
8324, 462924
8324, 462924
8324, 462924
8324, 462924
8324, 462924
8324, 462924
8324, 462924
8324, 462924
8324, 462924
8324, 462924
8324, 462924
8324, 462924
8324, 462924
8324, 462924
8324, 462924
8324, 462924
8324, 462924
8324, 462924
8324, 462924
8324, 462924
8324, 462924
8324, 462924
8324, 462924
8324, 462924
8324, 462924
8324, 462924
8324, 462924
8324, 462924
8324, 462924
8324, 462924
8324, 462924
8324, 462924
8324, 462924
8324, 462924
8324, 462924
8324, 462924
8324, 462924
8324, 462924
8324, 462924
8324, 462924
8324, 462924
8324, 462924
8324, 462924
8324, 462924
8324, 462924
8324, 462924
8324, 462924
8324, 462924
8324, 462924
8324, 462924
8324, 462924
8324, 462924
8324, 462924
8324, 462924
8324, 462924
8324, 462924
8324, 462924
8324, 462924
8324, 462924
8324, 462924
8324, 462924
8324, 462924
8324, 462924
8324, 462924
8324, 462924
8324, 462924
8324, 462924
8324, 462924
8324, 462924
8324, 462924
8324, 462924
8324, 462924
8324, 462924
8324, 462924
8324, 462924
8324, 462924
8324, 462924
8324, 462924
8324, 462924
8324, 462924
8324, 462924
8324, 462924
8324, 462924
8324, 462924
8324, 462924
8324, 462924
8324, 462924
8324, 462924
8324, 462924
8324, 462924
8324, 462924
8324, 462924
8324, 462924
8324, 462924
8324, 462924
8324, 462924
8324, 462924
8324, 462924
8324, 462924
8324, 462924
8324, 462924
8324, 462924
8324, 462924
8324, 462924
8324, 462924
8324, 462924
8324, 462924
8324, 462924
8324, 462924
8324, 462924
8324, 462924
8324, 462924
8324, 462924
8324, 462924
8324, 462924
8324, 462924
8324, 462924
8324, 462924
8324, 462924
8324, 462924
8324, 462924
8324, 462924
8324, 462924
8324, 462924
8324, 462924
8324, 462924
8324, 462924
8324, 462924
8324, 462924
8324, 462924
8324, 462924
8324, 462924
8324, 462924
8324, 462924
8324, 462924
8324, 462924
8324, 462924
8324, 462924
8324, 462924
8324, 462924
8324, 462924
8324, 462924
8324, 462924
8324, 462924
8324, 462924
8324, 462924
8324, 462924
8324, 462924
8324, 462924
8324, 462924
8324, 462924
8324, 462924
8324, 462924
8324, 462924
8324, 462924
8324, 462924
8324, 462924
8324, 462924
8324, 462924
8324, 462924
8324, 462924
8324, 462924
8324, 462924
8324, 462924
8324, 462924
8324, 462924
8324, 462924
8324, 462924
8324, 462924
8324, 462924
8324, 462924
8324, 462924
8324, 462924
8324, 462924
8324, 462924
8324, 462924
8324, 462924
8324, 462924
8324, 462924
8324, 462924
8324, 462924
8324, 462924
8324, 462924
8324, 462924
8324, 462924
8324, 462924
8324, 462924
8324, 462924
8324, 462924
8324, 462924
8324, 462924
8324, 462924
8324, 462924
8324, 462924
8324, 462924
8324, 462924
8324, 462924
8324, 462924
8324, 462924
8324, 462924
8324, 462924
8324, 462924
8324, 462924
8324, 462924
8324, 462924
8324, 462924
8324, 462924
8324, 462924
8324, 462924
8324, 462924
8324, 462924
8324, 462924
8324, 462924
8324, 462924
8324, 462924
8324, 462924
8324, 462924
8324, 462924
8324, 462924
8324, 462924
8324, 462924
8324, 462924
8324, 462924
8324, 462924
8324, 462924
8324, 462924
8324, 462924
8324, 462924
8324, 462924
8324, 462924
8324, 462924
8324, 462924
8324, 462924
8324, 462924
8324, 462924
8324, 462924
8324, 462924
8324, 462924
8324, 462924
8324, 462924
8324, 462924
8324, 462924
8324, 462924
8324, 462924
8324, 462924
8324, 462924
8324, 462924
8324, 462924
8324, 462924
8324, 462924
8324, 462924
8324, 462924
8324, 462924
8324, 462924
8324, 462924
8324, 462924
8324, 462924
8324, 462924
8324, 462924
8324, 462924
8324, 462924
8324, 462924
8324, 462924
8324, 462924
8324, 462924
8324, 462924
8324, 462924
8324, 462924
8324, 462924
8324, 462924
8324, 462924
8324, 462924
8324, 462924
8324, 462924
8324, 462924
8324, 462924
8324, 462924
8324, 462924
8324, 462924
8324, 462924
8324, 462924
8324, 462924
8324, 462924
8324, 462924
8324, 462924
8324, 462924
8324, 462924
8324, 462924
8324, 462924
8324, 462924
8324, 462924
8324, 462924
8324, 462924
8324, 462924
8324, 462924
8324, 462924
8324, 462924
8324, 462924
8324, 462924
8324, 462924
8324, 462924
8324, 462924
8324, 462924
8324, 462924
8324, 462924
8324, 462924
8324, 462924
8324, 462924
8324, 462924
8324, 462924
8324, 462924
8324, 462924
8324, 462924
8324, 462924
8324, 462924
8324, 462924
8324, 462924
8324, 462924
8324, 462924
8324, 462924
8324, 462924
8324, 462924
8324, 462924
8324, 462924
8324, 462924
8324, 462924
8324, 462924
8324, 462924
8324, 462924
8324, 462924
8324, 462924
8324, 462924
8324, 462924
8324, 462924
8324, 462924
8324, 462924
8324, 462924
8324, 462924
8324, 462924
8324, 462924
8324, 462924
8324, 462924
8324, 462924
8324, 462924
8324, 462924
8324, 462924
8324, 462924
8324, 462924
8324, 462924
8324, 462924
8324, 462924
8324, 462924
8324, 462924
8324, 462924
8324, 462924
8324, 462924
8324, 462924
8324, 462924
8324, 462924
8324, 462924
8324, 462924
8324, 462924
8324, 462924
8324, 462924
8324, 462924
8324, 462924
8324, 462924
8324, 462924
8324, 462924
8324, 462924
8324, 462924
8324, 462924
8324, 462924
8324, 462924
8324, 462924
8324, 462924
8324, 462924
8324, 462924
8324, 462924
8324, 462924
8324, 462924
8324, 462924
8324, 462924
8324, 462924
8324, 462924
8324, 462924
8324, 462924
8324, 462924
8324, 462924
8324, 462924
8324, 462924
8324, 462924
8324, 462924
8324, 462924
8324, 462924
8324, 462924
8324, 462924
8324, 462924
8324, 462924
8324, 462924
8324, 462924
8324, 462924
8324, 462924
8324, 462924
8324, 462924
8324, 462924
8324, 462924
8324, 462924
8324, 462924
8324, 462924
8324, 462924
8324, 462924
8324, 462924
8324, 462924
8324, 462924
8324, 462924
8324, 462924
8324, 462924
8324, 462924
8324, 462924
8324, 462924
8324, 462924
8324, 462924
8324, 462924
8324, 462924
8324, 462924
8324, 462924
8324, 462924
8324, 462924
8324, 462924
8324, 462924
8324, 462924
8324, 462924
8324, 462924
8324, 462924
8324, 462924
8324, 462924
8324, 462924
8324, 462924
8324, 462924
8324, 462924
8324, 462924
8324, 462924
8324, 462924
8324, 462924
8324, 462924
8324, 462924
8324, 462924
8324, 462924
8324, 462924
8324, 462924
8324, 462924
8324, 462924
8324, 462924
8324, 462924
8324, 462924
8324, 462924
8324, 462924
8324, 462924
8324, 462924
8324, 462924
8324, 462924
8324, 462924
8324, 462924
8324, 462924
8324, 462924
8324, 462924
8324, 462924
8324, 462924
8324, 462924
8324, 462924
8324, 462924
8324, 462924
8324, 462924
8324, 462924
8324, 462924
8324, 462924
8324, 462924
8324, 462924
8324, 462924
8324, 462924
8324, 462924
8324, 462924
8324, 462924
8324, 462924
8324, 462924
8324, 462924
8324, 462924
8324, 462924
8324, 462924
8324, 462924
8324, 462924
8324, 462924
8324, 462924
8324, 462924
8324, 462924
8324, 462924
8324, 462924
8324, 462924
8324, 462924
8324, 462924
8324, 462924
8324, 462924
8324, 462924
8324, 462924
8324, 462924
8324, 462924
8324, 462924
8324, 462924
8324, 462924
8324, 462924
8324, 462924
8324, 462924
8324, 462924
8324, 462924
8324, 462924
8324, 462924
8324, 462924
8324, 462924
8324, 462924
8324, 462924
8324, 462924
8324, 462924
8324, 462924
8324, 462924
8324, 462924
8324, 462924
8324, 462924
8324, 462924
8324, 462924
8324, 462924
8324, 462924
8324, 462924
8324, 462924
8324, 462924
8324, 462924
8324, 462924
8324, 462924
8324, 462924
8324, 462924
8324, 462924
8324, 462924
8324, 462924
8324, 462924
8324, 462924
8324, 462924
8324, 462924
8324, 462924
8324, 462924
8324, 462924
8324, 462924
8324, 462924
8324, 462924
8324, 462924
8324, 462924
8324, 462924
8324, 462924
8324, 462924
8324, 462924
8324, 462924
8324, 462924
8324, 462924
8324, 462924
8324, 462924
8324, 462924
8324, 462924
8324, 462924
8324, 462924
8324, 462924
8324, 462924
8324, 462924
8324, 462924
8324, 462924
8324, 462924
8324, 462924
8324, 462924
8324, 462924
8324, 462924
8324, 462924
8324, 462924
8324, 462924
8324, 462924
8324, 462924
8324, 462924
8324, 462924
8324, 462924
8324, 462924
8324, 462924
8324, 462924
8324, 462924
8324, 462924
8324, 462924
8324, 462924
8324, 462924
8324, 462924
8324, 462924
8324, 462924
8324, 462924
8324, 462924
8324, 462924
8324, 462924
8324, 462924
8324, 462924
8324, 462924
8324, 462924
8324, 462924
8324, 462924
8324, 462924
8324, 462924
8324, 462924
8324, 462924
8324, 462924
8324, 462924
8324, 462924
8324, 462924
8324, 462924
8324, 462924
8324, 462924
8324, 462924
8324, 462924
8324, 462924
8324, 462924
8324, 462924
8324, 462924
8324, 462924
8324, 462924
8324, 462924
8324, 462924
8324, 462924
8324, 462924
8324, 462924
8324, 462924
8324, 462924
8324, 462924
8324, 462924
8324, 462924
8324, 462924
8324, 462924
8324, 462924
8324, 462924
8324, 462924
8324, 462924
8324, 462924
8324, 462924
8324, 462924
8324, 462924
8324, 462924
8324, 462924
8324, 462924
8324, 462924
8324, 462924
8324, 462924
8324, 462924
8324, 462924
8324, 462924
8324, 462924
8324, 462924
8324, 462924
8324, 462924
8324, 462924
8324, 462924
8324, 462924
8324, 462924
8324, 462924
8324, 462924
8324, 462924
8324, 462924
8324, 462924
8324, 462924
8324, 462924
8324, 462924
8324, 462924
8324, 462924
8324, 462924
8324, 462924
8324, 462924
8324, 462924
8324, 462924
8324, 462924
8324, 462924
8324, 462924
8324, 462924
8324, 462924
8324, 462924
8324, 462924
8324, 462924
8324, 462924
8324, 462924
8324, 462924
8324, 462924
8324, 462924
8324, 462924
8324, 462924
8324, 462924
8324, 462924
8324, 462924
8324, 462924
8324, 462924
8324, 462924
8324, 462924
8324, 462924
8324, 462924
8324, 462924
8324, 462924
8324, 462924
8324, 462924
8324, 462924
8324, 462924
8324, 462924
8324, 462924
8324, 462924
8324, 462924
8324, 462924
8324, 462924
8324, 462924
8324, 462924
8324, 462924
8324, 462924
8324, 462924
8324, 462924
8324, 462924
8324, 462924
8324, 462924
8324, 462924
8324, 462924
8324, 462924
8324, 462924
8324, 462924
8324, 462924
8324, 462924
8324, 462924
8324, 462924
8324, 462924
8324, 462924
8324, 462924
8324, 462924
8324, 462924
8324, 462924
8324, 462924
8324, 462924
8324, 462924
8324, 462924
8324, 462924
8324, 462924
8324, 462924
8324, 462924
8324, 462924
8324, 462924
8324, 462924
8324, 462924
8324, 462924
8324, 462924
8324, 462924
8324, 462924
8324, 462924
8324, 462924
8324, 462924
8324, 462924
8324, 462924
8324, 462924
8324, 462924
8324, 462924
8324, 462924
8324, 462924
8324, 462924
8324, 462924
8324, 462924
8324, 462924
8324, 462924
8324, 462924
8324, 462924
8324, 462924
8324, 462924
8324, 462924
8324, 462924
8324, 462924
8324, 462924
8324, 462924
8324, 462924
8324, 462924
8324, 462924
8324, 462924
8324, 462924
8324, 462924
8324, 462924
8324, 462924
8324, 462924
8324, 462924
8324, 462924
8324, 462924
8324, 462924
8324, 462924
8324, 462924
8324, 462924
8324, 462924
8324, 462924
8324, 462924
8324, 462924
8324, 462924
8324, 462924
8324, 462924
8324, 462924
8324, 462924
8324, 462924
8324, 462924
8324, 462924
8324, 462924
8324, 462924
8324, 462924
8324, 462924
8324, 462924
8324, 462924
8324, 462924
8324, 462924
8324, 462924
8324, 462924
8324, 462924
8324, 462924
8324, 462924
8324, 462924
8324, 462924
8324, 462924
8324, 462924
8324, 462924
8324, 462924
8324, 462924
8324, 462924
8324, 462924
8324, 462924
8324, 462924
8324, 462924
8324, 462924
8324, 462924
8324, 462924
8324, 462924
8324, 462924
8324, 462924
8324, 462924
8324, 462924
8324, 462924
8324, 462924
8324, 462924
8324, 462924
8324, 462924
8324, 462924
8324, 462924
8324, 462924
8324, 462924
8324, 462924
8324, 462924
8324, 462924
8324, 462924
8324, 462924
8324, 462924
8324, 462924
8324, 462924
8324, 462924
8324, 462924
8324, 462924
8324, 462924
8324, 462924
8324, 462924
8324, 462924
8324, 462924
8324, 462924
8324, 462924
8324, 462924
8324, 462924
8324, 462924
8324, 462924
8324, 462924
8324, 462924
8324, 462924
8324, 462924
8324, 462924
8324, 462924
8324, 462924
8324, 462924
8324, 462924
8324, 462924
8324, 462924
8324, 462924
8324, 462924
8324, 462924
8324, 462924
8324, 462924
8324, 462924
8324, 462924
8324, 462924
8324, 462924
8324, 462924
8324, 462924
8324, 462924
8324, 462924
8324, 462924
8324, 462924
8324, 462924
8324, 462924
8324, 462924
8324, 462924
8324, 462924
8324, 462924
8324, 462924
8324, 462924
8324, 462924
8324, 462924
8324, 462924
8324, 462924
8324, 462924
8324, 462924
8324, 462924
8324, 462924
8324, 462924
8324, 462924
8324, 462924
8324, 462924
8324, 462924
8324, 462924
8324, 462924
8324, 462924
8324, 462924
8324, 462924
8324, 462924
8324, 462924
8324, 462924
8324, 462924
8324, 462924
8324, 462924
8324, 462924
8324, 462924
8324, 462924
8324, 462924
8324, 462924
8324, 462924
8324, 462924
8324, 462924
8324, 462924
8324, 462924
8324, 462924
8324, 462924
8324, 462924
8324, 462924
8324, 462924
8324, 462924
8324, 462924
8324, 462924
8324, 462924
8324, 462924
8324, 462924
8324, 462924
8324, 462924
8324, 462924
8324, 462924
8324, 462924
8324, 462924
8324, 462924
8324, 462924
8324, 462924
8324, 462924
8324, 462924
8324, 462924
8324, 462924
8324, 462924
8324, 462924
8324, 462924
8324, 462924
8324, 462924
8324, 462924
8324, 462924
8324, 462924
8324, 462924
8324, 462924
8324, 462924
8324, 462924
8324, 462924
8324, 462924
8324, 462924
8324, 462924
8324, 462924
8324, 462924
8324, 462924
8324, 462924
8324, 462924
8324, 462924
8324, 462924
8324, 462924
8324, 462924
8324, 462924
8324, 462924
8324, 462924
8324, 462924
8324, 462924
8324, 462924
8324, 462924
8324, 462924
8324, 462924
8324, 462924
8324, 462924
8324, 462924
8324, 462924
8324, 462924
8324, 462924
8324, 462924
8324, 462924
8324, 462924
8324, 462924
8324, 462924
8324, 462924
8324, 462924
8324, 462924
8324, 462924
8324, 462924
8324, 462924
8324, 462924
8324, 462924
8324, 462924
8324, 462924
8324, 462924
8324, 462924
8324, 462924
8324, 462924
8324, 462924
8324, 462924
8324, 462924
8324, 462924
8324, 462924
8324, 462924
8324, 462924
8324, 462924
8324, 462924
8324, 462924
8324, 462924
8324, 462924
8324, 462924
8324, 462924
8324, 462924
8324, 462924
8324, 462924
8324, 462924
8324, 462924
8324, 462924
8324, 462924
8324, 462924
8324, 462924
8324, 462924
8324, 462924
8324, 462924
8324, 462924
8324, 462924
8324, 462924
8324, 462924
8324, 462924
8324, 462924
8324, 462924
8324, 462924
8324, 462924
8324, 462924
8324, 462924
8324, 462924
8324, 462924
8324, 462924
8324, 462924
8324, 462924
8324, 462924
8324, 462924
8324, 462924
8324, 462924
8324, 462924
8324, 462924
8324, 462924
8324, 462924
8324, 462924
8324, 462924
8324, 462924
8324, 462924
8324, 462924
8324, 462924
8324, 462924
8324, 462924
8324, 462924
8324, 462924
8324, 462924
8324, 462924
8324, 462924
8324, 462924
8324, 462924
8324, 462924
8324, 462924
8324, 462924
8324, 462924
8324, 462924
8324, 462924
8324, 462924
8324, 462924
8324, 462924
8324, 462924
8324, 462924
8324, 462924
8324, 462924
8324, 462924
8324, 462924
8324, 462924
8324, 462924
8324, 462924
8324, 462924
8324, 462924
8324, 462924
8324, 462924
8324, 462924
8324, 462924
8324, 462924
8324, 462924
8324, 462924
8324, 462924
8324, 462924
8324, 462924
8324, 462924
8324, 462924
8324, 462924
8324, 462924
8324, 462924
8324, 462924
8324, 462924
8324, 462924
8324, 462924
8324, 462924
8324, 462924
8324, 462924
8324, 462924
8324, 462924
8324, 462924
8324, 462924
8324, 462924
8324, 462924
8324, 462924
8324, 462924
8324, 462924
8324, 462924
8324, 462924
8324, 462924
8324, 462924
8324, 462924
8324, 462924
8324, 462924
8324, 462924
8324, 462924
8324, 462924
8324, 462924
8324, 462924
8324, 462924
8324, 462924
8324, 462924
8324, 462924
8324, 462924
8324, 462924
8324, 462924
8324, 462924
8324, 462924
8324, 462924
8324, 462924
8324, 462924
8324, 462924
8324, 462924
8324, 462924
8324, 462924
8324, 462924
8324, 462924
8324, 462924
8324, 462924
8324, 462924
8324, 462924
8324, 462924
8324, 462924
8324, 462924
8324, 462924
8324, 462924
8324, 462924
8324, 462924
8324, 462924
8324, 462924
8324, 462924
8324, 462924
8324, 462924
8324, 462924
8324, 462924
8324, 462924
8324, 462924
8324, 462924
8324, 462924
8324, 462924
8324, 462924
8324, 462924
8324, 462924
8324, 462924
8324, 462924
8324, 462924
8324, 462924
8324, 462924
8324, 462924
8324, 462924
8324, 462924
8324, 462924
8324, 462924
8324, 462924
8324, 462924
8324, 462924
8324, 462924
8324, 462924
8324, 462924
8324, 462924
8324, 462924
8324, 462924
8324, 462924
8324, 462924
8324, 462924
8324, 462924
8324, 462924
8324, 462924
8324, 462924
8324, 462924
8324, 462924
8324, 462924
8324, 462924
8324, 462924
8324, 462924
8324, 462924
8324, 462924
8324, 462924
8324, 462924
8324, 462924
8324, 462924
8324, 462924
8324, 462924
8324, 462924
8324, 462924
8324, 462924
8324, 462924
8324, 462924
8324, 462924
8324, 462924
8324, 462924
8324, 462924
8324, 462924
8324, 462924
8324, 462924
8324, 462924
8324, 462924
8324, 462924
8324, 462924
8324, 462924
8324, 462924
8324, 462924
8324, 462924
8324, 462924
8324, 462924
8324, 462924
8324, 462924
8324, 462924
8324, 462924
8324, 462924
8324, 462924
8324, 462924
8324, 462924
8324, 462924
8324, 462924
8324, 462924
8324, 462924
8324, 462924
8324, 462924
8324, 462924
8324, 462924
8324, 462924
8324, 462924
8324, 462924
8324, 462924
8324, 462924
8324, 462924
8324, 462924
8324, 462924
8324, 462924
8324, 462924
8324, 462924
8324, 462924
8324, 462924
8324, 462924
8324, 462924
8324, 462924
8324, 462924
8324, 462924
8324, 462924
8324, 462924
8324, 462924
8324, 462924
8324, 462924
8324, 462924
8324, 462924
8324, 462924
8324, 462924
8324, 462924
8324, 462924
8324, 462924
8324, 462924
8324, 462924
8324, 462924
8324, 462924
8324, 462924
8324, 462924
8324, 462924
8324, 462924
8324, 462924
8324, 462924
8324, 462924
8324, 462924
8324, 462924
8324, 462924
8324, 462924
8324, 462924
8324, 462924
8324, 462924
8324, 462924
8324, 462924
8324, 462924
8324, 462924
8324, 462924
8324, 462924
8324, 462924
8324, 462924
8324, 462924
8324, 462924
8324, 462924
8324, 462924
8324, 462924
8324, 462924
8324, 462924
8324, 462924
8324, 462924
8324, 462924
8324, 462924
8324, 462924
8324, 462924
8324, 462924
8324, 462924
8324, 462924
8324, 462924
8324, 462924
8324, 462924
8324, 462924
8324, 462924
8324, 462924
8324, 462924
8324, 462924
8324, 462924
8324, 462924
8324, 462924
8324, 462924
8324, 462924
8324, 462924
8324, 462924
8324, 462924
8324, 462924
8324, 462924
8324, 462924
8324, 462924
8324, 462924
8324, 462924
8324, 462924
8324, 462924
8324, 462924
8324, 462924
8324, 462924
8324, 462924
8324, 462924
8324, 462924
8324, 462924
8324, 462924
8324, 462924
8324, 462924
8324, 462924
8324, 462924
8324, 462924
8324, 462924
8324, 462924
8324, 462924
8324, 462924
8324, 462924
8324, 462924
8324, 462924
8324, 462924
8324, 462924
8324, 462924
8324, 462924
8324, 462924
8324, 462924
8324, 462924
8324, 462924
8324, 462924
8324, 462924
8324, 462924
8324, 462924
8324, 462924
8324, 462924
8324, 462924
8324, 462924
8324, 462924
8324, 462924
8324, 462924
8324, 462924
8324, 462924
8324, 462924
8324, 462924
8324, 462924
8324, 462924
8324, 462924
8324, 462924
8324, 462924
8324, 462924
8324, 462924
8324, 462924
8324, 462924
8324, 462924
8324, 462924
8324, 462924
8324, 462924
8324, 462924
8324, 462924
8324, 462924
8324, 462924
8324, 462924
8324, 462924
8324, 462924
8324, 462924
8324, 462924
8324, 462924
8324, 462924
8324, 462924
8324, 462924
8324, 462924
8324, 462924
8324, 462924
8324, 462924
8324, 462924
8324, 462924
8324, 462924
8324, 462924
8324, 462924
8324, 462924
8324, 462924
8324, 462924
8324, 462924
8324, 462924
8324, 462924
8324, 462924
8324, 462924
8324, 462924
8324, 462924
8324, 462924
8324, 462924
8324, 462924
8324, 462924
8324, 462924
8324, 462924
8324, 462924
8324, 462924
8324, 462924
8324, 462924
8324, 462924
8324, 462924
8324, 462924
8324, 462924
8324, 462924
8324, 462924
8324, 462924
8324, 462924
8324, 462924
8324, 462924
8324, 462924
8324, 462924
8324, 462924
8324, 462924
8324, 462924
8324, 462924
8324, 462924
8324, 462924
8324, 462924
8324, 462924
8324, 462924
8324, 462924
8324, 462924
8324, 462924
8324, 462924
8324, 462924
8324, 462924
8324, 462924
8324, 462924
8324, 462924
8324, 462924
8324, 462924
8324, 462924
8324, 462924
8324, 462924
8324, 462924
8324, 462924
8324, 462924
8324, 462924
8324, 462924
8324, 462924
8324, 462924
8324, 462924
8324, 462924
8324, 462924
8324, 462924
8324, 462924
8324, 462924
8324, 462924
8324, 462924
8324, 462924
8324, 462924
8324, 462924
8324, 462924
8324, 462924
8324, 462924
8324, 462924
8324, 462924
8324, 462924
8324, 462924
8324, 462924
8324, 462924
8324, 462924
8324, 462924
8324, 462924
8324, 462924
8324, 462924
8324, 462924
8324, 462924
8324, 462924
8324, 462924
8324, 462924
8324, 462924
8324, 462924
8324, 462924
8324, 462924
8324, 462924
8324, 462924
8324, 462924
8324, 462924
8324, 462924
8324, 462924
8324, 462924
8324, 462924
8324, 462924
8324, 462924
8324, 462924
8324, 462924
8324, 462924
8324, 462924
8324, 462924
8324, 462924
8324, 462924
8324, 462924
8324, 462924
8324, 462924
8324, 462924
8324, 462924
8324, 462924
8324, 462924
8324, 462924
8324, 462924
8324, 462924
8324, 462924
8324, 462924
8324, 462924
8324, 462924
8324, 462924
8324, 462924
8324, 462924
8324, 462924
8324, 462924
8324, 462924
8324, 462924
8324, 462924
8324, 462924
8324, 462924
8324, 462924
8324, 462924
8324, 462924
8324, 462924
8324, 462924
8324, 462924
8324, 462924
8324, 462924
8324, 462924
8324, 462924
8324, 462924
8324, 462924
8324, 462924
8324, 462924
8324, 462924
8324, 462924
8324, 462924
8324, 462924
8324, 462924
8324, 462924
8324, 462924
8324, 462924
8324, 462924
8324, 462924
8324, 462924
8324, 462924
8324, 462924
8324, 462924
8324, 462924
8324, 462924
8324, 462924
8324, 462924
8324, 462924
8324, 462924
8324, 462924
8324, 462924
8324, 462924
8324, 462924
8324, 462924
8324, 462924
8324, 462924
8324, 462924
8324, 462924
8324, 462924
8324, 462924
8324, 462924
8324, 462924
8324, 462924
8324, 462924
8324, 462924
8324, 462924
8324, 462924
8324, 462924
8324, 462924
8324, 462924
8324, 462924
8324, 462924
8324, 462924
8324, 462924
8324, 462924
8324, 462924
8324, 462924
8324, 462924
8324, 462924
8324, 462924
8324, 462924
8324, 462924
8324, 462924
8324, 462924
8324, 462924
8324, 462924
8324, 462924
8324, 462924
8324, 462924
8324, 462924
8324, 462924
8324, 462924
8324, 462924
8324, 462924
8324, 462924
8324, 462924
8324, 462924
8324, 462924
8324, 462924
8324, 462924
8324, 462924
8324, 462924
8324, 462924
8324, 462924
8324, 462924
8324, 462924
8324, 462924
8324, 462924
8324, 462924
8324, 462924
8324, 462924
8324, 462924
8324, 462924
8324, 462924
8324, 462924
8324, 462924
8324, 462924
8324, 462924
8324, 462924
8324, 462924
8324, 462924
8324, 462924
8324, 462924
8324, 462924
8324, 462924
8324, 462924
8324, 462924
8324, 462924
8324, 462924
8324, 462924
8324, 462924
8324, 462924
8324, 462924
8324, 462924
8324, 462924
8324, 462924
8324, 462924
8324, 462924
8324, 462924
8324, 462924
8324, 462924
8324, 462924
8324, 462924
8324, 462924
8324, 462924
8324, 462924
8324, 462924
8324, 462924
8324, 462924
8324, 462924
8324, 462924
8324, 462924
8324, 462924
8324, 462924
8324, 462924
8324, 462924
8324, 462924
8324, 462924
8324, 462924
8324, 462924
8324, 462924
8324, 462924
8324, 462924
8324, 462924
8324, 462924
8324, 462924
8324, 462924
8324, 462924
8324, 462924
8324, 462924
8324, 462924
8324, 462924
8324, 462924
8324, 462924
8324, 462924
8324, 462924
8324, 462924
8324, 462924
8324, 462924
8324, 462924
8324, 462924
8324, 462924
8324, 462924
8324, 462924
8324, 462924
8324, 462924
8324, 462924
8324, 462924
8324, 462924
8324, 462924
8324, 462924
8324, 462924
8324, 462924
8324, 462924
8324, 462924
8324, 462924
8324, 462924
8324, 462924
8324, 462924
8324, 462924
8324, 462924
8324, 462924
8324, 462924
8324, 462924
8324, 462924
8324, 462924
8324, 462924
8324, 462924
8324, 462924
8324, 462924
8324, 462924
8324, 462924
8324, 462924
8324, 462924
8324, 462924
8324, 462924
8324, 462924
8324, 462924
8324, 462924
8324, 462924
8324, 462924
8324, 462924
8324, 462924
8324, 462924
8324, 462924
8324, 462924
8324, 462924
8324, 462924
8324, 462924
8324, 462924
8324, 462924
8324, 462924
8324, 462924
8324, 462924
8324, 462924
8324, 462924
8324, 462924
8324, 462924
8324, 462924
8324, 462924
8324, 462924
8324, 462924
8324, 462924
8324, 462924
8324, 462924
8324, 462924
8324, 462924
8324, 462924
8324, 462924
8324, 462924
8324, 462924
8324, 462924
8324, 462924
8324, 462924
8324, 462924
8324, 462924
8324, 462924
8324, 462924
8324, 462924
8324, 462924
8324, 462924
8324, 462924
8324, 462924
8324, 462924
8324, 462924
8324, 462924
8324, 462924
8324, 462924
8324, 462924
8324, 462924
8324, 462924
8324, 462924
8324, 462924
8324, 462924
8324, 462924
8324, 462924
8324, 462924
8324, 462924
8324, 462924
8324, 462924
8324, 462924
8324, 462924
8324, 462924
8324, 462924
8324, 462924
8324, 462924
8324, 462924
8324, 462924
8324, 462924
8324, 462924
8324, 462924
8324, 462924
8324, 462924
8324, 462924
8324, 462924
8324, 462924
8324, 462924
8324, 462924
8324, 462924
8324, 462924
8324, 462924
8324, 462924
8324, 462924
8324, 462924
8324, 462924
8324, 462924
8324, 462924
8324, 462924
8324, 462924
8324, 462924
8324, 462924
8324, 462924
8324, 462924
8324, 462924
8324, 462924
8324, 462924
8324, 462924
8324, 462924
8324, 462924
8324, 462924
8324, 462924
8324, 462924
8324, 462924
8324, 462924
8324, 462924
8324, 462924
8324, 462924
8324, 462924
8324, 462924
8324, 462924
8324, 462924
8324, 462924
8324, 462924
8324, 462924
8324, 462924
8324, 462924
8324, 462924
8324, 462924
8324, 462924
8324, 462924
8324, 462924
8324, 462924
8324, 462924
8324, 462924
8324, 462924
8324, 462924
8324, 462924
8324, 462924
8324, 462924
8324, 462924
8324, 462924
8324, 462924
8324, 462924
8324, 462924
8324, 462924
8324, 462924
8324, 462924
8324, 462924
8324, 462924
8324, 462924
8324, 462924
8324, 462924
8324, 462924
8324, 462924
8324, 462924
8324, 462924
8324, 462924
8324, 462924
8324, 462924
8324, 462924
8324, 462924
8324, 462924
8324, 462924
8324, 462924
8324, 462924
8324, 462924
8324, 462924
8324, 462924
8324, 462924
8324, 462924
8324, 462924
8324, 462924
8324, 462924
8324, 462924
8324, 462924
8324, 462924
8324, 462924
8324, 462924
8324, 462924
8324, 462924
8324, 462924
8324, 462924
8324, 462924
8324, 462924
8324, 462924
8324, 462924
8324, 462924
8324, 462924
8324, 462924
8324, 462924
8324, 462924
8324, 462924
8324, 462924
8324, 462924
8324, 462924
8324, 462924
8324, 462924
8324, 462924
8324, 462924
8324, 462924
8324, 462924
8324, 462924
8324, 462924
8324, 462924
8324, 462924
8324, 462924
8324, 462924
8324, 462924
8324, 462924
8324, 462924
8324, 462924
8324, 462924
8324, 462924
8324, 462924
8324, 462924
8324, 462924
8324, 462924
8324, 462924
8324, 462924
8324, 462924
8324, 462924
8324, 462924
8324, 462924
8324, 462924
8324, 462924
8324, 462924
8324, 462924
8324, 462924
8324, 462924
8324, 462924
8324, 462924
8324, 462924
8324, 462924
8324, 462924
8324, 462924
8324, 462924
8324, 462924
8324, 462924
8324, 462924
8324, 462924
8324, 462924
8324, 462924
8324, 462924
8324, 462924
8324, 462924
8324, 462924
8324, 462924
8324, 462924
8324, 462924
8324, 462924
8324, 462924
8324, 462924
8324, 462924
8324, 462924
8324, 462924
8324, 462924
8324, 462924
8324, 462924
8324, 462924
8324, 462924
8324, 462924
8324, 462924
8324, 462924
8324, 462924
8324, 462924
8324, 462924
8324, 462924
8324, 462924
8324, 462924
8324, 462924
8324, 462924
8324, 462924
8324, 462924
8324, 462924
8324, 462924
8324, 462924
8324, 462924
8324, 462924
8324, 462924
8324, 462924
8324, 462924
8324, 462924
8324, 462924
8324, 462924
8324, 462924
8324, 462924
8324, 462924
8324, 462924
8324, 462924
8324, 462924
8324, 462924
8324, 462924
8324, 462924
8324, 462924
8324, 462924
8324, 462924
8324, 462924
8324, 462924
8324, 462924
8324, 462924
8324, 462924
8324, 462924
8324, 462924
8324, 462924
8324, 462924
8324, 462924
8324, 462924
8324, 462924
8324, 462924
8324, 462924
8324, 462924
8324, 462924
8324, 462924
8324, 462924
8324, 462924
8324, 462924
8324, 462924
8324, 462924
8324, 462924
8324, 462924
8324, 462924
8324, 462924
8324, 462924
8324, 462924
8324, 462924
8324, 462924
8324, 462924
8324, 462924
8324, 462924
8324, 462924
8324, 462924
8324, 462924
8324, 462924
8324, 462924
8324, 462924
8324, 462924
8324, 462924
8324, 462924
8324, 462924
8324, 462924
8324, 462924
8324, 462924
8324, 462924
8324, 462924
8324, 462924
8324, 462924
8324, 462924
8324, 462924
8324, 462924
8324, 462924
8324, 462924
8324, 462924
8324, 462924
8324, 462924
8324, 462924
8324, 462924
8324, 462924
8324, 462924
8324, 462924
8324, 462924
8324, 462924
8324, 462924
8324, 462924
8324, 462924
8324, 462924
8324, 462924
8324, 462924
8324, 462924
8324, 462924
8324, 462924
8324, 462924
8324, 462924
8324, 462924
8324, 462924
8324, 462924
8324, 462924
8324, 462924
8324, 462924
8324, 462924
8324, 462924
8324, 462924
8324, 462924
8324, 462924
8324, 462924
8324, 462924
8324, 462924
8324, 462924
8324, 462924
8324, 462924
8324, 462924
8324, 462924
8324, 462924
8324, 462924
8324, 462924
8324, 462924
8324, 462924
8324, 462924
8324, 462924
8324, 462924
8324, 462924
8324, 462924
8324, 462924
8324, 462924
8324, 462924
8324, 462924
8324, 462924
8324, 462924
8324, 462924
8324, 462924
8324, 462924
8324, 462924
8324, 462924
8324, 462924
8324, 462924
8324, 462924
8324, 462924
8324, 462924
8324, 462924
8324, 462924
8324, 462924
8324, 462924
8324, 462924
8324, 462924
8324, 462924
8324, 462924
8324, 462924
8324, 462924
8324, 462924
8324, 462924
8324, 462924
8324, 462924
8324, 462924
8324, 462924
8324, 462924
8324, 462924
8324, 462924
8324, 462924
8324, 462924
8324, 462924
8324, 462924
8324, 462924
8324, 462924
8324, 462924
8324, 462924
8324, 462924
8324, 462924
8324, 462924
8324, 462924
8324, 462924
8324, 462924
8324, 462924
8324, 462924
8324, 462924
8324, 462924
8324, 462924
8324, 462924
8324, 462924
8324, 462924
8324, 462924
8324, 462924
8324, 462924
8324, 462924
8324, 462924
8324, 462924
8324, 462924
8324, 462924
8324, 462924
8324, 462924
8324, 462924
8324, 462924
8324, 462924
8324, 462924
8324, 462924
8324, 462924
8324, 462924
8324, 462924
8324, 462924
8324, 462924
8324, 462924
8324, 462924
8324, 462924
8324, 462924
8324, 462924
8324, 462924
8324, 462924
8324, 462924
8324, 462924
8324, 462924
8324, 462924
8324, 462924
8324, 462924
8324, 462924
8324, 462924
8324, 462924
8324, 462924
8324, 462924
8324, 462924
8324, 462924
8324, 462924
8324, 462924
8324, 462924
8324, 462924
8324, 462924
8324, 462924
8324, 462924
8324, 462924
8324, 462924
8324, 462924
8324, 462924
8324, 462924
8324, 462924
8324, 462924
8324, 462924
8324, 462924
8324, 462924
8324, 462924
8324, 462924
8324, 462924
8324, 462924
8324, 462924
8324, 462924
8324, 462924
8324, 462924
8324, 462924
8324, 462924
8324, 462924
8324, 462924
8324, 462924
8324, 462924
8324, 462924
8324, 462924
8324, 462924
8324, 462924
8324, 462924
8324, 462924
8324, 462924
8324, 462924
8324, 462924
8324, 462924
8324, 462924
8324, 462924
8324, 462924
8324, 462924
8324, 462924
8324, 462924
8324, 462924
8324, 462924
8324, 462924
8324, 462924
8324, 462924
8324, 462924
8324, 462924
8324, 462924
8324, 462924
8324, 462924
8324, 462924
8324, 462924
8324, 462924
8324, 462924
8324, 462924
8324, 462924
8324, 462924
8324, 462924
8324, 462924
8324, 462924
8324, 462924
8324, 462924
8324, 462924
8324, 462924
8324, 462924
8324, 462924
8324, 462924
8324, 462924
8324, 462924
8324, 462924
8324, 462924
8324, 462924
8324, 462924
8324, 462924
8324, 462924
8324, 462924
8324, 462924
8324, 462924
8324, 462924
8324, 462924
8324, 462924
8324, 462924
8324, 462924
8324, 462924
8324, 462924
8324, 462924
8324, 462924
8324, 462924
8324, 462924
8324, 462924
8324, 462924
8324, 462924
8324, 462924
8324, 462924
8324, 462924
8324, 462924
8324, 462924
8324, 462924
8324, 462924
8324, 462924
8324, 462924
8324, 462924
8324, 462924
8324, 462924
8324, 462924
8324, 462924
8324, 462924
8324, 462924
8324, 462924
8324, 462924
8324, 462924
8324, 462924
8324, 462924
8324, 462924
8324, 462924
8324, 462924
8324, 462924
8324, 462924
8324, 462924
8324, 462924
8324, 462924
8324, 462924
8324, 462924
8324, 462924
8324, 462924
8324, 462924
8324, 462924
8324, 462924
8324, 462924
8324, 462924
8324, 462924
8324, 462924
8324, 462924
8324, 462924
8324, 462924
8324, 462924
8324, 462924
8324, 462924
8324, 462924
8324, 462924
8324, 462924
8324, 462924
8324, 462924
8324, 462924
8324, 462924
8324, 462924
8324, 462924
8324, 462924
8324, 462924
8324, 462924
8324, 462924
8324, 462924
8324, 462924
8324, 462924
8324, 462924
8324, 462924
8324, 462924
8324, 462924
8324, 462924
8324, 462924
8324, 462924
8324, 462924
8324, 462924
8324, 462924
8324, 462924
8324, 462924
8324, 462924
8324, 462924
8324, 462924
8324, 462924
8324, 462924
8324, 462924
8324, 462924
8324, 462924
8324, 462924
8324, 462924
8324, 462924
8324, 462924
8324, 462924
8324, 462924
8324, 462924
8324, 462924
8324, 462924
8324, 462924
8324, 462924
8324, 462924
8324, 462924
8324, 462924
8324, 462924
8324, 462924
8324, 462924
8324, 462924
8324, 462924
8324, 462924
8324, 462924
8324, 462924
8324, 462924
8324, 462924
8324, 462924
8324, 462924
8324, 462924
8324, 462924
8324, 462924
8324, 462924
8324, 462924
8324, 462924
8324, 462924
8324, 462924
8324, 462924
8324, 462924
8324, 462924
8324, 462924
8324, 462924
8324, 462924
8324, 462924
8324, 462924
8324, 462924
8324, 462924
8324, 462924
8324, 462924
8324, 462924
8324, 462924
8324, 462924
8324, 462924
8324, 462924
8324, 462924
8324, 462924
8324, 462924
8324, 462924
8324, 462924
8324, 462924
8324, 462924
8324, 462924
8324, 462924
8324, 462924
8324, 462924
8324, 462924
8324, 462924
8324, 462924
8324, 462924
8324, 462924
8324, 462924
8324, 462924
8324, 462924
8324, 462924
8324, 462924
8324, 462924
8324, 462924
8324, 462924
8324, 462924
8324, 462924
8324, 462924
8324, 462924
8324, 462924
8324, 462924
8324, 462924
8324, 462924
8324, 462924
8324, 462924
8324, 462924
8324, 462924
8324, 462924
8324, 462924
8324, 462924
8324, 462924
8324, 462924
8324, 462924
8324, 462924
8324, 462924
8324, 462924
8324, 462924
8324, 462924
8324, 462924
8324, 462924
8324, 462924
8324, 462924
8324, 462924
8324, 462924
8324, 462924
8324, 462924
8324, 462924
8324, 462924
8324, 462924
8324, 462924
8324, 462924
8324, 462924
8324, 462924
8324, 462924
8324, 462924
8324, 462924
8324, 462924
8324, 462924
8324, 462924
8324, 462924
8324, 462924
8324, 462924
8324, 462924
8324, 462924
8324, 462924
8324, 462924
8324, 462924
8324, 462924
8324, 462924
8324, 462924
8324, 462924
8324, 462924
8324, 462924
8324, 462924
8324, 462924
8324, 462924
8324, 462924
8324, 462924
8324, 462924
8324, 462924
8324, 462924
8324, 462924
8324, 462924
8324, 462924
8324, 462924
8324, 462924
8324, 462924
8324, 462924
8324, 462924
8324, 462924
8324, 462924
8324, 462924
8324, 462924
8324, 462924
8324, 462924
8324, 462924
8324, 462924
8324, 462924
8324, 462924
8324, 462924
8324, 462924
8324, 462924
8324, 462924
8324, 462924
8324, 462924
8324, 462924
8324, 462924
8324, 462924
8324, 462924
8324, 462924
8324, 462924
8324, 462924
8324, 462924
8324, 462924
8324, 462924
8324, 462924
8324, 462924
8324, 462924
8324, 462924
8324, 462924
8324, 462924
8324, 462924
8324, 462924
8324, 462924
8324, 462924
8324, 462924
8324, 462924
8324, 462924
8324, 462924
8324, 462924
8324, 462924
8324, 462924
8324, 462924
8324, 462924
8324, 462924
8324, 462924
8324, 462924
8324, 462924
8324, 462924
8324, 462924
8324, 462924
8324, 462924
8324, 462924
8324, 462924
8324, 462924
8324, 462924
8324, 462924
8324, 462924
8324, 462924
8324, 462924
8324, 462924
8324, 462924
8324, 462924
8324, 462924
8324, 462924
8324, 462924
8324, 462924
8324, 462924
8324, 462924
8324, 462924
8324, 462924
8324, 462924
8324, 462924
8324, 462924
8324, 462924
8324, 462924
8324, 462924
8324, 462924
8324, 462924
8324, 462924
8324, 462924
8324, 462924
8324, 462924
8324, 462924
8324, 462924
8324, 462924
8324, 462924
8324, 462924
8324, 462924
8324, 462924
8324, 462924
8324, 462924
8324, 462924
8324, 462924
8324, 462924
8324, 462924
8324, 462924
8324, 462924
8324, 462924
8324, 462924
8324, 462924
8324, 462924
8324, 462924
8324, 462924
8324, 462924
8324, 462924
8324, 462924
8324, 462924
8324, 462924
8324, 462924
8324, 462924
8324, 462924
8324, 462924
8324, 462924
8324, 462924
8324, 462924
8324, 462924
8324, 462924
8324, 462924
8324, 462924
8324, 462924
8324, 462924
8324, 462924
8324, 462924
8324, 462924
8324, 462924
8324, 462924
8324, 462924
8324, 462924
8324, 462924
8324, 462924
8324, 462924
8324, 462924
8324, 462924
8324, 462924
8324, 462924
8324, 462924
8324, 462924
8324, 462924
8324, 462924
8324, 462924
8324, 462924
8324, 462924
8324, 462924
8324, 462924
8324, 462924
8324, 462924
8324, 462924
8324, 462924
8324, 462924
8324, 462924
8324, 462924
8324, 462924
8324, 462924
8324, 462924
8324, 462924
8324, 462924
8324, 462924
8324, 462924
8324, 462924
8324, 462924
8324, 462924
8324, 462924
8324, 462924
8324, 462924
8324, 462924
8324, 462924
8324, 462924
8324, 462924
8324, 462924
8324, 462924
8324, 462924
8324, 462924
8324, 462924
8324, 462924
8324, 462924
8324, 462924
8324, 462924
8324, 462924
8324, 462924
8324, 462924
8324, 462924
8324, 462924
8324, 462924
8324, 462924
8324, 462924
8324, 462924
8324, 462924
8324, 462924
8324, 462924
8324, 462924
8324, 462924
8324, 462924
8324, 462924
8324, 462924
8324, 462924
8324, 462924
8324, 462924
8324, 462924
8324, 462924
8324, 462924
8324, 462924
8324, 462924
8324, 462924
8324, 462924
8324, 462924
8324, 462924
8324, 462924
8324, 462924
8324, 462924
8324, 462924
8324, 462924
8324, 462924
8324, 462924
8324, 462924
8324, 462924
8324, 462924
8324, 462924
8324, 462924
8324, 462924
8324, 462924
8324, 462924
8324, 462924
8324, 462924
8324, 462924
8324, 462924
8324, 462924
8324, 462924
8324, 462924
8324, 462924
8324, 462924
8324, 462924
8324, 462924
8324, 462924
8324, 462924
8324, 462924
8324, 462924
8324, 462924
8324, 462924
8324, 462924
8324, 462924
8324, 462924
8324, 462924
8324, 462924
8324, 462924
8324, 462924
8324, 462924
8324, 462924
8324, 462924
8324, 462924
8324, 462924
8324, 462924
8324, 462924
8324, 462924
8324, 462924
8324, 462924
8324, 462924
8324, 462924
8324, 462924
8324, 462924
8324, 462924
8324, 462924
8324, 462924
8324, 462924
8324, 462924
8324, 462924
8324, 462924
8324, 462924
8324, 462924
8324, 462924
8324, 462924
8324, 462924
8324, 462924
8324, 462924
8324, 462924
8324, 462924
8324, 462924
8324, 462924
8324, 462924
8324, 462924
8324, 462924
8324, 462924
8324, 462924
8324, 462924
8324, 462924
8324, 462924
8324, 462924
8324, 462924
8324, 462924
8324, 462924
8324, 462924
8324, 462924
8324, 462924
8324, 462924
8324, 462924
8324, 462924
8324, 462924
8324, 462924
8324, 462924
8324, 462924
8324, 462924
8324, 462924
8324, 462924
8324, 462924
8324, 462924
8324, 462924
8324, 462924
8324, 462924
8324, 462924
8324, 462924
8324, 462924
8324, 462924
8324, 462924
8324, 462924
8324, 462924
8324, 462924
8324, 462924
8324, 462924
8324, 462924
8324, 462924
8324, 462924
8324, 462924
8324, 462924
8324, 462924
8324, 462924
8324, 462924
8324, 462924
8324, 462924
8324, 462924
8324, 462924
8324, 462924
8324, 462924
8324, 462924
8324, 462924
8324, 462924
8324, 462924
8324, 462924
8324, 462924
8324, 462924
8324, 462924
8324, 462924
8324, 462924
8324, 462924
8324, 462924
8324, 462924
8324, 462924
8324, 462924
8324, 462924
8324, 462924
8324, 462924
8324, 462924
8324, 462924
8324, 462924
8324, 462924
8324, 462924
8324, 462924
8324, 462924
8324, 462924
8324, 462924
8324, 462924
8324, 462924
8324, 462924
8324, 462924
8324, 462924
8324, 462924
8324, 462924
8324, 462924
8324, 462924
8324, 462924
8324, 462924
8324, 462924
8324, 462924
8324, 462924
8324, 462924
8324, 462924
8324, 462924
8324, 462924
8324, 462924
8324, 462924
8324, 462924
8324, 462924
8324, 462924
8324, 462924
8324, 462924
8324, 462924
8324, 462924
8324, 462924
8324, 462924
8324, 462924
8324, 462924
8324, 462924
8324, 462924
8324, 462924
8324, 462924
8324, 462924
8324, 462924
8324, 462924
8324, 462924
8324, 462924
8324, 462924
8324, 462924
8324, 462924
8324, 462924
8324, 462924
8324, 462924
8324, 462924
8324, 462924
8324, 462924
8324, 462924
8324, 462924
8324, 462924
8324, 462924
8324, 462924
8324, 462924
8324, 462924
8324, 462924
8324, 462924
8324, 462924
8324, 462924
8324, 462924
8324, 462924
8324, 462924
8324, 462924
8324, 462924
8324, 462924
8324, 462924
8324, 462924
8324, 462924
8324, 462924
8324, 462924
8324, 462924
8324, 462924
8324, 462924
8324, 462924
8324, 462924
8324, 462924
8324, 462924
8324, 462924
8324, 462924
8324, 462924
8324, 462924
8324, 462924
8324, 462924
8324, 462924
8324, 462924
8324, 462924
8324, 462924
8324, 462924
8324, 462924
8324, 462924
8324, 462924
8324, 462924
8324, 462924
8324, 462924
8324, 462924
8324, 462924
8324, 462924
8324, 462924
8324, 462924
8324, 462924
8324, 462924
8324, 462924
8324, 462924
8324, 462924
8324, 462924
8324, 462924
8324, 462924
8324, 462924
8324, 462924
8324, 462924
8324, 462924
8324, 462924
8324, 462924
8324, 462924
8324, 462924
8324, 462924
8324, 462924
8324, 462924
8324, 462924
8324, 462924
8324, 462924
8324, 462924
8324, 462924
8324, 462924
8324, 462924
8324, 462924
8324, 462924
8324, 462924
8324, 462924
8324, 462924
8324, 462924
8324, 462924
8324, 462924
8324, 462924
8324, 462924
8324, 462924
8324, 462924
8324, 462924
8324, 462924
8324, 462924
8324, 462924
8324, 462924
8324, 462924
8324, 462924
8324, 462924
8324, 462924
8324, 462924
8324, 462924
8324, 462924
8324, 462924
8324, 462924
8324, 462924
8324, 462924
8324, 462924
8324, 462924
8324, 462924
8324, 462924
8324, 462924
8324, 462924
8324, 462924
8324, 462924
8324, 462924
8324, 462924
8324, 462924
8324, 462924
8324, 462924
8324, 462924
8324, 462924
8324, 462924
8324, 462924
8324, 462924
8324, 462924
8324, 462924
8324, 462924
8324, 462924
8324, 462924
8324, 462924
8324, 462924
8324, 462924
8324, 462924
8324, 462924
8324, 462924
8324, 462924
8324, 462924
8324, 462924
8324, 462924
8324, 462924
8324, 462924
8324, 462924
8324, 462924
8324, 462924
8324, 462924
8324, 462924
8324, 462924
8324, 462924
8324, 462924
8324, 462924
8324, 462924
8324, 462924
8324, 462924
8324, 462924
8324, 462924
8324, 462924
8324, 462924
8324, 462924
8324, 462924
8324, 462924
8324, 462924
8324, 462924
8324, 462924
8324, 462924
8324, 462924
8324, 462924
8324, 462924
8324, 462924
8324, 462924
8324, 462924
8324, 462924
8324, 462924
8324, 462924
8324, 462924
8324, 462924
8324, 462924
8324, 462924
8324, 462924
8324, 462924
8324, 462924
8324, 462924
8324, 462924
8324, 462924
8324, 462924
8324, 462924
8324, 462924
8324, 462924
8324, 462924
8324, 462924
8324, 462924
8324, 462924
8324, 462924
8324, 462924
8324, 462924
8324, 462924
8324, 462924
8324, 462924
8324, 462924
8324, 462924
8324, 462924
8324, 462924
8324, 462924
8324, 462924
8324, 462924
8324, 462924
8324, 462924
8324, 462924
8324, 462924
8324, 462924
8324, 462924
8324, 462924
8324, 462924
8324, 462924
8324, 462924
8324, 462924
8324, 462924
8324, 462924
8324, 462924
8324, 462924
8324, 462924
8324, 462924
8324, 462924
8324, 462924
8324, 462924
8324, 462924
8324, 462924
8324, 462924
8324, 462924
8324, 462924
8324, 462924
8324, 462924
8324, 462924
8324, 462924
8324, 462924
8324, 462924
8324, 462924
8324, 462924
8324, 462924
8324, 462924
8324, 462924
8324, 462924
8324, 462924
8324, 462924
8324, 462924
8324, 462924
8324, 462924
8324, 462924
8324, 462924
8324, 462924
8324, 462924
8324, 462924
8324, 462924
8324, 462924
8324, 462924
8324, 462924
8324, 462924
8324, 462924
8324, 462924
8324, 462924
8324, 462924
8324, 462924
8324, 462924
8324, 462924
8324, 462924
8324, 462924
8324, 462924
8324, 462924
8324, 462924
8324, 462924
8324, 462924
8324, 462924
8324, 462924
8324, 462924
8324, 462924
8324, 462924
8324, 462924
8324, 462924
8324, 462924
8324, 462924
8324, 462924
8324, 462924
8324, 462924
8324, 462924
8324, 462924
8324, 462924
8324, 462924
8324, 462924
8324, 462924
8324, 462924
8324, 462924
8324, 462924
8324, 462924
8324, 462924
8324, 462924
8324, 462924
8324, 462924
8324, 462924
8324, 462924
8324, 462924
8324, 462924
8324, 462924
8324, 462924
8324, 462924
8324, 462924
8324, 462924
8324, 462924
8324, 462924
8324, 462924
8324, 462924
8324, 462924
8324, 462924
8324, 462924
8324, 462924
8324, 462924
8324, 462924
8324, 462924
8324, 462924
8324, 462924
8324, 462924
8324, 462924
8324, 462924
8324, 462924
8324, 462924
8324, 462924
8324, 462924
8324, 462924
8324, 462924
8324, 462924
8324, 462924
8324, 462924
8324, 462924
8324, 462924
8324, 462924
8324, 462924
8324, 462924
8324, 462924
8324, 462924
8324, 462924
8324, 462924
8324, 462924
8324, 462924
8324, 462924
8324, 462924
8324, 462924
8324, 462924
8324, 462924
8324, 462924
8324, 462924
8324, 462924
8324, 462924
8324, 462924
8324, 462924
8324, 462924
8324, 462924
8324, 462924
8324, 462924
8324, 462924
8324, 462924
8324, 462924
8324, 462924
8324, 462924
8324, 462924
8324, 462924
8324, 462924
8324, 462924
8324, 462924
8324, 462924
8324, 462924
8324, 462924
8324, 462924
8324, 462924
8324, 462924
8324, 462924
8324, 462924
8324, 462924
8324, 462924
8324, 462924
8324, 462924
8324, 462924
8324, 462924
8324, 462924
8324, 462924
8324, 462924
8324, 462924
8324, 462924
8324, 462924
8324, 462924
8324, 462924
8324, 462924
8324, 462924
8324, 462924
8324, 462924
8324, 462924
8324, 462924
8324, 462924
8324, 462924
8324, 462924
8324, 462924
8324, 462924
8324, 462924
8324, 462924
8324, 462924
8324, 462924
8324, 462924
8324, 462924
8324, 462924
8324, 462924
8324, 462924
8324, 462924
8324, 462924
8324, 462924
8324, 462924
8324, 462924
8324, 462924
8324, 462924
8324, 462924
8324, 462924
8324, 462924
8324, 462924
8324, 462924
8324, 462924
8324, 462924
8324, 462924
8324, 462924
8324, 462924
8324, 462924
8324, 462924
8324, 462924
8324, 462924
8324, 462924
8324, 462924
8324, 462924
8324, 462924
8324, 462924
8324, 462924
8324, 462924
8324, 462924
8324, 462924
8324, 462924
8324, 462924
8324, 462924
8324, 462924
8324, 462924
8324, 462924
8324, 462924
8324, 462924
8324, 462924
8324, 462924
8324, 462924
8324, 462924
8324, 462924
8324, 462924
8324, 462924
8324, 462924
8324, 462924
8324, 462924
8324, 462924
8324, 462924
8324, 462924
8324, 462924
8324, 462924
8324, 462924
8324, 462924
8324, 462924
8324, 462924
8324, 462924
8324, 462924
8324, 462924
8324, 462924
8324, 462924
8324, 462924
8324, 462924
8324, 462924
8324, 462924
8324, 462924
8324, 462924
8324, 462924
8324, 462924
8324, 462924
8324, 462924
8324, 462924
8324, 462924
8324, 462924
8324, 462924
8324, 462924
8324, 462924
8324, 462924
8324, 462924
8324, 462924
8324, 462924
8324, 462924
8324, 462924
8324, 462924
8324, 462924
8324, 462924
8324, 462924
8324, 462924
8324, 462924
8324, 462924
8324, 462924
8324, 462924
8324, 462924
8324, 462924
8324, 462924
8324, 462924
8324, 462924
8324, 462924
8324, 462924
8324, 462924
8324, 462924
8324, 462924
8324, 462924
8324, 462924
8324, 462924
8324, 462924
8324, 462924
8324, 462924
8324, 462924
8324, 462924
8324, 462924
8324, 462924
8324, 462924
8324, 462924
8324, 462924
8324, 462924
8324, 462924
8324, 462924
8324, 462924
8324, 462924
8324, 462924
8324, 462924
8324, 462924
8324, 462924
8324, 462924
8324, 462924
8324, 462924
8324, 462924
8324, 462924
8324, 462924
8324, 462924
8324, 462924
8324, 462924
8324, 462924
8324, 462924
8324, 462924
8324, 462924
8324, 462924
8324, 462924
8324, 462924
8324, 462924
8324, 462924
8324, 462924
8324, 462924
8324, 462924
8324, 462924
8324, 462924
8324, 462924
8324, 462924
8324, 462924
8324, 462924
8324, 462924
8324, 462924
8324, 462924
8324, 462924
8324, 462924
8324, 462924
8324, 462924
8324, 462924
8324, 462924
8324, 462924
8324, 462924
8324, 462924
8324, 462924
8324, 462924
8324, 462924
8324, 462924
8324, 462924
8324, 462924
8324, 462924
8324, 462924
8324, 462924
8324, 462924
8324, 462924
8324, 462924
8324, 462924
8324, 462924
8324, 462924
8324, 462924
8324, 462924
8324, 462924
8324, 462924
8324, 462924
8324, 462924
8324, 462924
8324, 462924
8324, 462924
8324, 462924
8324, 462924
8324, 462924
8324, 462924
8324, 462924
8324, 462924
8324, 462924
8324, 462924
8324, 462924
8324, 462924
8324, 462924
8324, 462924
8324, 462924
8324, 462924
8324, 462924
8324, 462924
8324, 462924
8324, 462924
8324, 462924
8324, 462924
8324, 462924
8324, 462924
8324, 462924
8324, 462924
8324, 462924
8324, 462924
8324, 462924
8324, 462924
8324, 462924
8324, 462924
8324, 462924
8324, 462924
8324, 462924
8324, 462924
8324, 462924
8324, 462924
8324, 462924
8324, 462924
8324, 462924
8324, 462924
8324, 462924
8324, 462924
8324, 462924
8324, 462924
8324, 462924
8324, 462924
8324, 462924
8324, 462924
8324, 462924
8324, 462924
8324, 462924
8324, 462924
8324, 462924
8324, 462924
8324, 462924
8324, 462924
8324, 462924
8324, 462924
8324, 462924
8324, 462924
8324, 462924
8324, 462924
8324, 462924
8324, 462924
8324, 462924
8324, 462924
8324, 462924
8324, 462924
8324, 462924
8324, 462924
8324, 462924
8324, 462924
8324, 462924
8324, 462924
8324, 462924
8324, 462924
8324, 462924
8324, 462924
8324, 462924
8324, 462924
8324, 462924
8324, 462924
8324, 462924
8324, 462924
8324, 462924
8324, 462924
8324, 462924
8324, 462924
8324, 462924
8324, 462924
8324, 462924
8324, 462924
8324, 462924
8324, 462924
8324, 462924
8324, 462924
8324, 462924
8324, 462924
8324, 462924
8324, 462924
8324, 462924
8324, 462924
8324, 462924
8324, 462924
8324, 462924
8324, 462924
8324, 462924
8324, 462924
8324, 462924
8324, 462924
8324, 462924
8324, 462924
8324, 462924
8324, 462924
8324, 462924
8324, 462924
8324, 462924
8324, 462924
8324, 462924
8324, 462924
8324, 462924
8324, 462924
8324, 462924
8324, 462924
8324, 462924
8324, 462924
8324, 462924
8324, 462924
8324, 462924
8324, 462924
8324, 462924
8324, 462924
8324, 462924
8324, 462924
8324, 462924
8324, 462924
8324, 462924
8324, 462924
8324, 462924
8324, 462924
8324, 462924
8324, 462924
8324, 462924
8324, 462924
8324, 462924
8324, 462924
8324, 462924
8324, 462924
8324, 462924
8324, 462924
8324, 462924
8324, 462924
8324, 462924
8324, 462924
8324, 462924
8324, 462924
8324, 462924
8324, 462924
8324, 462924
8324, 462924
8324, 462924
8324, 462924
8324, 462924
8324, 462924
8324, 462924
8324, 462924
8324, 462924
8324, 462924
8324, 462924
8324, 462924
8324, 462924
8324, 462924
8324, 462924
8324, 462924
8324, 462924
8324, 462924
8324, 462924
8324, 462924
8324, 462924
8324, 462924
8324, 462924
8324, 462924
8324, 462924
8324, 462924
8324, 462924
8324, 462924
8324, 462924
8324, 462924
8324, 462924
8324, 462924
8324, 462924
8324, 462924
8324, 462924
8324, 462924
8324, 462924
8324, 462924
8324, 462924
8324, 462924
8324, 462924
8324, 462924
8324, 462924
8324, 462924
8324, 462924
8324, 462924
8324, 462924
8324, 462924
8324, 462924
8324, 462924
8324, 462924
8324, 462924
8324, 462924
8324, 462924
8324, 462924
8324, 462924
8324, 462924
8324, 462924
8324, 462924
8324, 462924
8324, 462924
8324, 462924
8324, 462924
8324, 462924
8324, 462924
8324, 462924
8324, 462924
8324, 462924
8324, 462924
8324, 462924
8324, 462924
8324, 462924
8324, 462924
8324, 462924
8324, 462924
8324, 462924
8324, 462924
8324, 462924
8324, 462924
8324, 462924
8324, 462924
8324, 462924
8324, 462924
8324, 462924
8324, 462924
8324, 462924
8324, 462924
8324, 462924
8324, 462924
8324, 462924
8324, 462924
8324, 462924
8324, 462924
8324, 462924
8324, 462924
8324, 462924
8324, 462924
8324, 462924
8324, 462924
8324, 462924
8324, 462924
8324, 462924
8324, 462924
8324, 462924
8324, 462924
8324, 462924
8324, 462924
8324, 462924
8324, 462924
8324, 462924
8324, 462924
8324, 462924
8324, 462924
8324, 462924
8324, 462924
8324, 462924
8324, 462924
8324, 462924
8324, 462924
8324, 462924
8324, 462924
8324, 462924
8324, 462924
8324, 462924
8324, 462924
8324, 462924
8324, 462924
8324, 462924
8324, 462924
8324, 462924
8324, 462924
8324, 462924
8324, 462924
8324, 462924
8324, 462924
8324, 462924
8324, 462924
8324, 462924
8324, 462924
8324, 462924
8324, 462924
8324, 462924
8324, 462924
8324, 462924
8324, 462924
8324, 462924
8324, 462924
8324, 462924
8324, 462924
8324, 462924
8324, 462924
8324, 462924
8324, 462924
8324, 462924
8324, 462924
8324, 462924
8324, 462924
8324, 462924
8324, 462924
8324, 462924
8324, 462924
8324, 462924
8324, 462924
8324, 462924
8324, 462924
8324, 462924
8324, 462924
8324, 462924
8324, 462924
8324, 462924
8324, 462924
8324, 462924
8324, 462924
8324, 462924
8324, 462924
8324, 462924
8324, 462924
8324, 462924
8324, 462924
8324, 462924
8324, 462924
8324, 462924
8324, 462924
8324, 462924
8324, 462924
8324, 462924
8324, 462924
8324, 462924
8324, 462924
8324, 462924
8324, 462924
8324, 462924
8324, 462924
8324, 462924
8324, 462924
8324, 462924
8324, 462924
8324, 462924
8324, 462924
8324, 462924
8324, 462924
8324, 462924
8324, 462924
8324, 462924
8324, 462924
8324, 462924
8324, 462924
8324, 462924
8324, 462924
8324, 462924
8324, 462924
8324, 462924
8324, 462924
8324, 462924
8324, 462924
8324, 462924
8324, 462924
8324, 462924
8324, 462924
8324, 462924
8324, 462924
8324, 462924
8324, 462924
8324, 462924
8324, 462924
8324, 462924
8324, 462924
8324, 462924
8324, 462924
8324, 462924
8324, 462924
8324, 462924
8324, 462924
8324, 462924
8324, 462924
8324, 462924
8324, 462924
8324, 462924
8324, 462924
8324, 462924
8324, 462924
8324, 462924
8324, 462924
8324, 462924
8324, 462924
8324, 462924
8324, 462924
8324, 462924
8324, 462924
8324, 462924
8324, 462924
8324, 462924
8324, 462924
8324, 462924
8324, 462924
8324, 462924
8324, 462924
8324, 462924
8324, 462924
8324, 462924
8324, 462924
8324, 462924
8324, 462924
8324, 462924
8324, 462924
8324, 462924
8324, 462924
8324, 462924
8324, 462924
8324, 462924
8324, 462924
8324, 462924
8324, 462924
8324, 462924
8324, 462924
8324, 462924
8324, 462924
8324, 462924
8324, 462924
8324, 462924
8324, 462924
8324, 462924
8324, 462924
8324, 462924
8324, 462924
8324, 462924
8324, 462924
8324, 462924
8324, 462924
8324, 462924
8324, 462924
8324, 462924
8324, 462924
8324, 462924
8324, 462924
8324, 462924
8324, 462924
8324, 462924
8324, 462924
8324, 462924
8324, 462924
8324, 462924
8324, 462924
8324, 462924
8324, 462924
8324, 462924
8324, 462924
8324, 462924
8324, 462924
8324, 462924
8324, 462924
8324, 462924
8324, 462924
8324, 462924
8324, 462924
8324, 462924
8324, 462924
8324, 462924
8324, 462924
8324, 462924
8324, 462924
8324, 462924
8324, 462924
8324, 462924
8324, 462924
8324, 462924
8324, 462924
8324, 462924
8324, 462924
8324, 462924
8324, 462924
8324, 462924
8324, 462924
8324, 462924
8324, 462924
8324, 462924
8324, 462924
8324, 462924
8324, 462924
8324, 462924
8324, 462924
8324, 462924
8324, 462924
8324, 462924
8324, 462924
8324, 462924
8324, 462924
8324, 462924
8324, 462924
8324, 462924
8324, 462924
8324, 462924
8324, 462924
8324, 462924
8324, 462924
8324, 462924
8324, 462924
8324, 462924
8324, 462924
8324, 462924
8324, 462924
8324, 462924
8324, 462924
8324, 462924
8324, 462924
8324, 462924
8324, 462924
8324, 462924
8324, 462924
8324, 462924
8324, 462924
8324, 462924
8324, 462924
8324, 462924
8324, 462924
8324, 462924
8324, 462924
8324, 462924
8324, 462924
8324, 462924
8324, 462924
8324, 462924
8324, 462924
8324, 462924
8324, 462924
8324, 462924
8324, 462924
8324, 462924
8324, 462924
8324, 462924
8324, 462924
8324, 462924
8324, 462924
8324, 462924
8324, 462924
8324, 462924
8324, 462924
8324, 462924
8324, 462924
8324, 462924
8324, 462924
8324, 462924
8324, 462924
8324, 462924
8324, 462924
8324, 462924
8324, 462924
8324, 462924
8324, 462924
8324, 462924
8324, 462924
8324, 462924
8324, 462924
8324, 462924
8324, 462924
8324, 462924
8324, 462924
8324, 462924
8324, 462924
8324, 462924
8324, 462924
8324, 462924
8324, 462924
8324, 462924
8324, 462924
8324, 462924
8324, 462924
8324, 462924
8324, 462924
8324, 462924
8324, 462924
8324, 462924
8324, 462924
8324, 462924
8324, 462924
8324, 462924
8324, 462924
8324, 462924
8324, 462924
8324, 462924
8324, 462924
8324, 462924
8324, 462924
8324, 462924
8324, 462924
8324, 462924
8324, 462924
8324, 462924
8324, 462924
8324, 462924
8324, 462924
8324, 462924
8324, 462924
8324, 462924
8324, 462924
8324, 462924
8324, 462924
8324, 462924
8324, 462924
8324, 462924
8324, 462924
8324, 462924
8324, 462924
8324, 462924
8324, 462924
8324, 462924
8324, 462924
8324, 462924
8324, 462924
8324, 462924
8324, 462924
8324, 462924
8324, 462924
8324, 462924
8324, 462924
8324, 462924
8324, 462924
8324, 462924
8324, 462924
8324, 462924
8324, 462924
8324, 462924
8324, 462924
8324, 462924
8324, 462924
8324, 462924
8324, 462924
8324, 462924
8324, 462924
8324, 462924
8324, 462924
8324, 462924
8324, 462924
8324, 462924
8324, 462924
8324, 462924
8324, 462924
8324, 462924
8324, 462924
8324, 462924
8324, 462924
8324, 462924
8324, 462924
8324, 462924
8324, 462924
8324, 462924
8324, 462924
8324, 462924
8324, 462924
8324, 462924
8324, 462924
8324, 462924
8324, 462924
8324, 462924
8324, 462924
8324, 462924
8324, 462924
8324, 462924
8324, 462924
8324, 462924
8324, 462924
8324, 462924
8324, 462924
8324, 462924
8324, 462924
8324, 462924
8324, 462924
8324, 462924
8324, 462924
8324, 462924
8324, 462924
8324, 462924
8324, 462924
8324, 462924
8324, 462924
8324, 462924
8324, 462924
8324, 462924
8324, 462924
8324, 462924
8324, 462924
8324, 462924
8324, 462924
8324, 462924
8324, 462924
8324, 462924
8324, 462924
8324, 462924
8324, 462924
8324, 462924
8324, 462924
8324, 462924
8324, 462924
8324, 462924
8324, 462924
8324, 462924
8324, 462924
8324, 462924
8324, 462924
8324, 462924
8324, 462924
8324, 462924
8324, 462924
8324, 462924
8324, 462924
8324, 462924
8324, 462924
8324, 462924
8324, 462924
8324, 462924
8324, 462924
8324, 462924
8324, 462924
8324, 462924
8324, 462924
8324, 462924
8324, 462924
8324, 462924
8324, 462924
8324, 462924
8324, 462924
8324, 462924
8324, 462924
8324, 462924
8324, 462924
8324, 462924
8324, 462924
8324, 462924
8324, 462924
8324, 462924
8324, 462924
8324, 462924
8324, 462924
8324, 462924
8324, 462924
8324, 462924
8324, 462924
8324, 462924
8324, 462924
8324, 462924
8324, 462924
8324, 462924
8324, 462924
8324, 462924
8324, 462924
8324, 462924
8324, 462924
8324, 462924
8324, 462924
8324, 462924
8324, 462924
8324, 462924
8324, 462924
8324, 462924
8324, 462924
8324, 462924
8324, 462924
8324, 462924
8324, 462924
8324, 462924
8324, 462924
8324, 462924
8324, 462924
8324, 462924
8324, 462924
8324, 462924
8324, 462924
8324, 462924
8324, 462924
8324, 462924
8324, 462924
8324, 462924
8324, 462924
8324, 462924
8324, 462924
8324, 462924
8324, 462924
8324, 462924
8324, 462924
8324, 462924
8324, 462924
8324, 462924
8324, 462924
8324, 462924
8324, 462924
8324, 462924
8324, 462924
8324, 462924
8324, 462924
8324, 462924
8324, 462924
8324, 462924
8324, 462924
8324, 462924
8324, 462924
8324, 462924
8324, 462924
8324, 462924
8324, 462924
8324, 462924
8324, 462924
8324, 462924
8324, 462924
8324, 462924
8324, 462924
8324, 462924
8324, 462924
8324, 462924
8324, 462924
8324, 462924
8324, 462924
8324, 462924
8324, 462924
8324, 462924
8324, 462924
8324, 462924
8324, 462924
8324, 462924
8324, 462924
8324, 462924
8324, 462924
8324, 462924
8324, 462924
8324, 462924
8324, 462924
8324, 462924
8324, 462924
8324, 462924
8324, 462924
8324, 462924
8324, 462924
8324, 462924
8324, 462924
8324, 462924
8324, 462924
8324, 462924
8324, 462924
8324, 462924
8324, 462924
8324, 462924
8324, 462924
8324, 462924
8324, 462924
8324, 462924
8324, 462924
8324, 462924
8324, 462924
8324, 462924
8324, 462924
8324, 462924
8324, 462924
8324, 462924
8324, 462924
8324, 462924
8324, 462924
8324, 462924
8324, 462924
8324, 462924
8324, 462924
8324, 462924
8324, 462924
8324, 462924
8324, 462924
8324, 462924
8324, 462924
8324, 462924
8324, 462924
8324, 462924
8324, 462924
8324, 462924
8324, 462924
8324, 462924
8324, 462924
8324, 462924
8324, 462924
8324, 462924
8324, 462924
8324, 462924
8324, 462924
8324, 462924
8324, 462924
8324, 462924
8324, 462924
8324, 462924
8324, 462924
8324, 462924
8324, 462924
8324, 462924
8324, 462924
8324, 462924
8324, 462924
8324, 462924
8324, 462924
8324, 462924
8324, 462924
8324, 462924
8324, 462924
8324, 462924
8324, 462924
8324, 462924
8324, 462924
8324, 462924
8324, 462924
8324, 462924
8324, 462924
8324, 462924
8324, 462924
8324, 462924
8324, 462924
8324, 462924
8324, 462924
8324, 462924
8324, 462924
8324, 462924
8324, 462924
8324, 462924
8324, 462924
8324, 462924
8324, 462924
8324, 462924
8324, 462924
8324, 462924
8324, 462924
8324, 462924
8324, 462924
8324, 462924
8324, 462924
8324, 462924
8324, 462924
8324, 462924
8324, 462924
8324, 462924
8324, 462924
8324, 462924
8324, 462924
8324, 462924
8324, 462924
8324, 462924
8324, 462924
8324, 462924
8324, 462924
8324, 462924
8324, 462924
8324, 462924
8324, 462924
8324, 462924
8324, 462924
8324, 462924
8324, 462924
8324, 462924
8324, 462924
8324, 462924
8324, 462924
8324, 462924
8324, 462924
8324, 462924
8324, 462924
8324, 462924
8324, 462924
8324, 462924
8324, 462924
8324, 462924
8324, 462924
8324, 462924
8324, 462924
8324, 462924
8324, 462924
8324, 462924
8324, 462924
8324, 462924
8324, 462924
8324, 462924
8324, 462924
8324, 462924
8324, 462924
8324, 462924
8324, 462924
8324, 462924
8324, 462924
8324, 462924
8324, 462924
8324, 462924
8324, 462924
8324, 462924
8324, 462924
8324, 462924
8324, 462924
8324, 462924
8324, 462924
8324, 462924
8324, 462924
8324, 462924
8324, 462924
8324, 462924
8324, 462924
8324, 462924
8324, 462924
8324, 462924
8324, 462924
8324, 462924
8324, 462924
8324, 462924
8324, 462924
8324, 462924
8324, 462924
8324, 462924
8324, 462924
8324, 462924
8324, 462924
8324, 462924
8324, 462924
8324, 462924
8324, 462924
8324, 462924
8324, 462924
8324, 462924
8324, 462924
8324, 462924
8324, 462924
8324, 462924
8324, 462924
8324, 462924
8324, 462924
8324, 462924
8324, 462924
8324, 462924
8324, 462924
8324, 462924
8324, 462924
8324, 462924
8324, 462924
8324, 462924
8324, 462924
8324, 462924
8324, 462924
8324, 462924
8324, 462924
8324, 462924
8324, 462924
8324, 462924
8324, 462924
8324, 462924
8324, 462924
8324, 462924
8324, 462924
8324, 462924
8324, 462924
8324, 462924
8324, 462924
8324, 462924
8324, 462924
8324, 462924
8324, 462924
8324, 462924
8324, 462924
8324, 462924
8324, 462924
8324, 462924
8324, 462924
8324, 462924
8324, 462924
8324, 462924
8324, 462924
8324, 462924
8324, 462924
8324, 462924
8324, 462924
8324, 462924
8324, 462924
8324, 462924
8324, 462924
8324, 462924
8324, 462924
8324, 462924
8324, 462924
8324, 462924
8324, 462924
8324, 462924
8324, 462924
8324, 462924
8324, 462924
8324, 462924
8324, 462924
8324, 462924
8324, 462924
8324, 462924
8324, 462924
8324, 462924
8324, 462924
8324, 462924
8324, 462924
8324, 462924
8324, 462924
8324, 462924
8324, 462924
8324, 462924
8324, 462924
8324, 462924
8324, 462924
8324, 462924
8324, 462924
8324, 462924
8324, 462924
8324, 462924
8324, 462924
8324, 462924
8324, 462924
8324, 462924
8324, 462924
8324, 462924
8324, 462924
8324, 462924
8324, 462924
8324, 462924
8324, 462924
8324, 462924
8324, 462924
8324, 462924
8324, 462924
8324, 462924
8324, 462924
8324, 462924
8324, 462924
8324, 462924
8324, 462924
8324, 462924
8324, 462924
8324, 462924
8324, 462924
8324, 462924
8324, 462924
8324, 462924
8324, 462924
8324, 462924
8324, 462924
8324, 462924
8324, 462924
8324, 462924
8324, 462924
8324, 462924
8324, 462924
8324, 462924
8324, 462924
8324, 462924
8324, 462924
8324, 462924
8324, 462924
8324, 462924
8324, 462924
8324, 462924
8324, 462924
8324, 462924
8324, 462924
8324, 462924
8324, 462924
8324, 462924
8324, 462924
8324, 462924
8324, 462924
8324, 462924
8324, 462924
8324, 462924
8324, 462924
8324, 462924
8324, 462924
8324, 462924
8324, 462924
8324, 462924
8324, 462924
8324, 462924
8324, 462924
8324, 462924
8324, 462924
8324, 462924
8324, 462924
8324, 462924
8324, 462924
8324, 462924
8324, 462924
8324, 462924
8324, 462924
8324, 462924
8324, 462924
8324, 462924
8324, 462924
8324, 462924
8324, 462924
8324, 462924
8324, 462924
8324, 462924
8324, 462924
8324, 462924
8324, 462924
8324, 462924
8324, 462924
8324, 462924
8324, 462924
8324, 462924
8324, 462924
8324, 462924
8324, 462924
8324, 462924
8324, 462924
8324, 462924
8324, 462924
8324, 462924
8324, 462924
8324, 462924
8324, 462924
8324, 462924
8324, 462924
8324, 462924
8324, 462924
8324, 462924
8324, 462924
8324, 462924
8324, 462924
8324, 462924
8324, 462924
8324, 462924
8324, 462924
8324, 462924
8324, 462924
8324, 462924
8324, 462924
8324, 462924
8324, 462924
8324, 462924
8324, 462924
8324, 462924
8324, 462924
8324, 462924
8324, 462924
8324, 462924
8324, 462924
8324, 462924
8324, 462924
8324, 462924
8324, 462924
8324, 462924
8324, 462924
8324, 462924
8324, 462924
8324, 462924
8324, 462924
8324, 462924
8324, 462924
8324, 462924
8324, 462924
8324, 462924
8324, 462924
8324, 462924
8324, 462924
8324, 462924
8324, 462924
8324, 462924
8324, 462924
8324, 462924
8324, 462924
8324, 462924
8324, 462924
8324, 462924
8324, 462924
8324, 462924
8324, 462924
8324, 462924
8324, 462924
8324, 462924
8324, 462924
8324, 462924
8324, 462924
8324, 462924
8324, 462924
8324, 462924
8324, 462924
8324, 462924
8324, 462924
8324, 462924
8324, 462924
8324, 462924
8324, 462924
8324, 462924
8324, 462924
8324, 462924
8324, 462924
8324, 462924
8324, 462924
8324, 462924
8324, 462924
8324, 462924
8324, 462924
8324, 462924
8324, 462924
8324, 462924
8324, 462924
8324, 462924
8324, 462924
8324, 462924
8324, 462924
8324, 462924
8324, 462924
8324, 462924
8324, 462924
8324, 462924
8324, 462924
8324, 462924
8324, 462924
8324, 462924
8324, 462924
8324, 462924
8324, 462924
8324, 462924
8324, 462924
8324, 462924
8324, 462924
8324, 462924
8324, 462924
8324, 462924
8324, 462924
8324, 462924
8324, 462924
8324, 462924
8324, 462924
8324, 462924
8324, 462924
8324, 462924
8324, 462924
8324, 462924
8324, 462924
8324, 462924
8324, 462924
8324, 462924
8324, 462924
8324, 462924
8324, 462924
8324, 462924
8324, 462924
8324, 462924
8324, 462924
8324, 462924
8324, 462924
8324, 462924
8324, 462924
8324, 462924
8324, 462924
8324, 462924
8324, 462924
8324, 462924
8324, 462924
8324, 462924
8324, 462924
8324, 462924
8324, 462924
8324, 462924
8324, 462924
8324, 462924
8324, 462924
8324, 462924
8324, 462924
8324, 462924
8324, 462924
8324, 462924
8324, 462924
8324, 462924
8324, 462924
8324, 462924
8324, 462924
8324, 462924
8324, 462924
8324, 462924
8324, 462924
8324, 462924
8324, 462924
8324, 462924
8324, 462924
8324, 462924
8324, 462924
8324, 462924
8324, 462924
8324, 462924
8324, 462924
8324, 462924
8324, 462924
8324, 462924
8324, 462924
8324, 462924
8324, 462924
8324, 462924
8324, 462924
8324, 462924
8324, 462924
8324, 462924
8324, 462924
8324, 462924
8324, 462924
8324, 462924
8324, 462924
8324, 462924
8324, 462924
8324, 462924
8324, 462924
8324, 462924
8324, 462924
8324, 462924
8324, 462924
8324, 462924
8324, 462924
8324, 462924
8324, 462924
8324, 462924
8324, 462924
8324, 462924
8324, 462924
8324, 462924
8324, 462924
8324, 462924
8324, 462924
8324, 462924
8324, 462924
8324, 462924
8324, 462924
8324, 462924
8324, 462924
8324, 462924
8324, 462924
8324, 462924
8324, 462924
8324, 462924
8324, 462924
8324, 462924
8324, 462924
8324, 462924
8324, 462924
8324, 462924
8324, 462924
8324, 462924
8324, 462924
8324, 462924
8324, 462924
8324, 462924
8324, 462924
8324, 462924
8324, 462924
8324, 462924
8324, 462924
8324, 462924
8324, 462924
8324, 462924
8324, 462924
8324, 462924
8324, 462924
8324, 462924
8324, 462924
8324, 462924
8324, 462924
8324, 462924
8324, 462924
8324, 462924
8324, 462924
8324, 462924
8324, 462924
8324, 462924
8324, 462924
8324, 462924
8324, 462924
8324, 462924
8324, 462924
8324, 462924
8324, 462924
8324, 462924
8324, 462924
8324, 462924
8324, 462924
8324, 462924
8324, 462924
8324, 462924
8324, 462924
8324, 462924
8324, 462924
8324, 462924
8324, 462924
8324, 462924
8324, 462924
8324, 462924
8324, 462924
8324, 462924
8324, 462924
8324, 462924
8324, 462924
8324, 462924
8324, 462924
8324, 462924
8324, 462924
8324, 462924
8324, 462924
8324, 462924
8324, 462924
8324, 462924
8324, 462924
8324, 462924
8324, 462924
8324, 462924
8324, 462924
8324, 462924
8324, 462924
8324, 462924
8324, 462924
8324, 462924
8324, 462924
8324, 462924
8324, 462924
8324, 462924
8324, 462924
8324, 462924
8324, 462924
8324, 462924
8324, 462924
8324, 462924
8324, 462924
8324, 462924
8324, 462924
8324, 462924
8324, 462924
8324, 462924
8324, 462924
8324, 462924
8324, 462924
8324, 462924
8324, 462924
8324, 462924
8324, 462924
8324, 462924
8324, 462924
8324, 462924
8324, 462924
8324, 462924
8324, 462924
8324, 462924
8324, 462924
8324, 462924
8324, 462924
8324, 462924
8324, 462924
8324, 462924
8324, 462924
8324, 462924
8324, 462924
8324, 462924
8324, 462924
8324, 462924
8324, 462924
8324, 462924
8324, 462924
8324, 462924
8324, 462924
8324, 462924
8324, 462924
8324, 462924
8324, 462924
8324, 462924
8324, 462924
8324, 462924
8324, 462924
8324, 462924
8324, 462924
8324, 462924
8324, 462924
8324, 462924
8324, 462924
8324, 462924
8324, 462924
8324, 462924
8324, 462924
8324, 462924
8324, 462924
8324, 462924
8324, 462924
8324, 462924
8324, 462924
8324, 462924
8324, 462924
8324, 462924
8324, 462924
8324, 462924
8324, 462924
8324, 462924
8324, 462924
8324, 462924
8324, 462924
8324, 462924
8324, 462924
8324, 462924
8324, 462924
8324, 462924
8324, 462924
8324, 462924
8324, 462924
8324, 462924
8324, 462924
8324, 462924
8324, 462924
8324, 462924
8324, 462924
8324, 462924
8324, 462924
8324, 462924
8324, 462924
8324, 462924
8324, 462924
8324, 462924
8324, 462924
8324, 462924
8324, 462924
8324, 462924
8324, 462924
8324, 462924
8324, 462924
8324, 462924
8324, 462924
8324, 462924
8324, 462924
8324, 462924
8324, 462924
8324, 462924
8324, 462924
8324, 462924
8324, 462924
8324, 462924
8324, 462924
8324, 462924
8324, 462924
8324, 462924
8324, 462924
8324, 462924
8324, 462924
8324, 462924
8324, 462924
8324, 462924
8324, 462924
8324, 462924
8324, 462924
8324, 462924
8324, 462924
8324, 462924
8324, 462924
8324, 462924
8324, 462924
8324, 462924
8324, 462924
8324, 462924
8324, 462924
8324, 462924
8324, 462924
8324, 462924
8324, 462924
8324, 462924
8324, 462924
8324, 462924
8324, 462924
8324, 462924
8324, 462924
8324, 462924
8324, 462924
8324, 462924
8324, 462924
8324, 462924
8324, 462924
8324, 462924
8324, 462924
8324, 462924
8324, 462924
8324, 462924
8324, 462924
8324, 462924
8324, 462924
8324, 462924
8324, 462924
8324, 462924
8324, 462924
8324, 462924
8324, 462924
8324, 462924
8324, 462924
8324, 462924
8324, 462924
8324, 462924
8324, 462924
8324, 462924
8324, 462924
8324, 462924
8324, 462924
8324, 462924
8324, 462924
8324, 462924
8324, 462924
8324, 462924
8324, 462924
8324, 462924
8324, 462924
8324, 462924
8324, 462924
8324, 462924
8324, 462924
8324, 462924
8324, 462924
8324, 462924
8324, 462924
8324, 462924
8324, 462924
8324, 462924
8324, 462924
8324, 462924
8324, 462924
8324, 462924
8324, 462924
8324, 462924
8324, 462924
8324, 462924
8324, 462924
8324, 462924
8324, 462924
8324, 462924
8324, 462924
8324, 462924
8324, 462924
8324, 462924
8324, 462924
8324, 462924
8324, 462924
8324, 462924
8324, 462924
8324, 462924
8324, 462924
8324, 462924
8324, 462924
8324, 462924
8324, 462924
8324, 462924
8324, 462924
8324, 462924
8324, 462924
8324, 462924
8324, 462924
8324, 462924
8324, 462924
8324, 462924
8324, 462924
8324, 462924
8324, 462924
8324, 462924
8324, 462924
8324, 462924
8324, 462924
8324, 462924
8324, 462924
8324, 462924
8324, 462924
8324, 462924
8324, 462924
8324, 462924
8324, 462924
8324, 462924
8324, 462924
8324, 462924
8324, 462924
8324, 462924
8324, 462924
8324, 462924
8324, 462924
8324, 462924
8324, 462924
8324, 462924
8324, 462924
8324, 462924
8324, 462924
8324, 462924
8324, 462924
8324, 462924
8324, 462924
8324, 462924
8324, 462924
8324, 462924
8324, 462924
8324, 462924
8324, 462924
8324, 462924
8324, 462924
8324, 462924
8324, 462924
8324, 462924
8324, 462924
8324, 462924
8324, 462924
8324, 462924
8324, 462924
8324, 462924
8324, 462924
8324, 462924
8324, 462924
8324, 462924
8324, 462924
8324, 462924
8324, 462924
8324, 462924
8324, 462924
8324, 462924
8324, 462924
8324, 462924
8324, 462924
8324, 462924
8324, 462924
8324, 462924
8324, 462924
8324, 462924
8324, 462924
8324, 462924
8324, 462924
8324, 462924
8324, 462924
8324, 462924
8324, 462924
8324, 462924
8324, 462924
8324, 462924
8324, 462924
8324, 462924
8324, 462924
8324, 462924
8324, 462924
8324, 462924
8324, 462924
8324, 462924
8324, 462924
8324, 462924
8324, 462924
8324, 462924
8324, 462924
8324, 462924
8324, 462924
8324, 462924
8324, 462924
8324, 462924
8324, 462924
8324, 462924
8324, 462924
8324, 462924
8324, 462924
8324, 462924
8324, 462924
8324, 462924
8324, 462924
8324, 462924
8324, 462924
8324, 462924
8324, 462924
8324, 462924
8324, 462924
8324, 462924
8324, 462924
8324, 462924
8324, 462924
8324, 462924
8324, 462924
8324, 462924
8324, 462924
8324, 462924
8324, 462924
8324, 462924
8324, 462924
8324, 462924
8324, 462924
8324, 462924
8324, 462924
8324, 462924
8324, 462924
8324, 462924
8324, 462924
8324, 462924
8324, 462924
8324, 462924
8324, 462924
8324, 462924
8324, 462924
8324, 462924
8324, 462924
8324, 462924
8324, 462924
8324, 462924
8324, 462924
8324, 462924
8324, 462924
8324, 462924
8324, 462924
8324, 462924
8324, 462924
8324, 462924
8324, 462924
8324, 462924
8324, 462924
8324, 462924
8324, 462924
8324, 462924
8324, 462924
8324, 462924
8324, 462924
8324, 462924
8324, 462924
8324, 462924
8324, 462924
8324, 462924
8324, 462924
8324, 462924
8324, 462924
8324, 462924
8324, 462924
8324, 462924
8324, 462924
8324, 462924
8324, 462924
8324, 462924
8324, 462924
8324, 462924
8324, 462924
8324, 462924
8324, 462924
8324, 462924
8324, 462924
8324, 462924
8324, 462924
8324, 462924
8324, 462924
8324, 462924
8324, 462924
8324, 462924
8324, 462924
8324, 462924
8324, 462924
8324, 462924
8324, 462924
8324, 462924
8324, 462924
8324, 462924
8324, 462924
8324, 462924
8324, 462924
8324, 462924
8324, 462924
8324, 462924
8324, 462924
8324, 462924
8324, 462924
8324, 462924
8324, 462924
8324, 462924
8324, 462924
8324, 462924
8324, 462924
8324, 462924
8324, 462924
8324, 462924
8324, 462924
8324, 462924
8324, 462924
8324, 462924
8324, 462924
8324, 462924
8324, 462924
8324, 462924
8324, 462924
8324, 462924
8324, 462924
8324, 462924
8324, 462924
8324, 462924
8324, 462924
8324, 462924
8324, 462924
8324, 462924
8324, 462924
8324, 462924
8324, 462924
8324, 462924
8324, 462924
8324, 462924
8324, 462924
8324, 462924
8324, 462924
8324, 462924
8324, 462924
8324, 462924
8324, 462924
8324, 462924
8324, 462924
8324, 462924
8324, 462924
8324, 462924
8324, 462924
8324, 462924
8324, 462924
8324, 462924
8324, 462924
8324, 462924
8324, 462924
8324, 462924
8324, 462924
8324, 462924
8324, 462924
8324, 462924
8324, 462924
8324, 462924
8324, 462924
8324, 462924
8324, 462924
8324, 462924
8324, 462924
8324, 462924
8324, 462924
8324, 462924
8324, 462924
8324, 462924
8324, 462924
8324, 462924
8324, 462924
8324, 462924
8324, 462924
8324, 462924
8324, 462924
8324, 462924
8324, 462924
8324, 462924
8324, 462924
8324, 462924
8324, 462924
8324, 462924
8324, 462924
8324, 462924
8324, 462924
8324, 462924
8324, 462924
8324, 462924
8324, 462924
8324, 462924
8324, 462924
8324, 462924
8324, 462924
8324, 462924
8324, 462924
8324, 462924
8324, 462924
8324, 462924
8324, 462924
8324, 462924
8324, 462924
8324, 462924
8324, 462924
8324, 462924
8324, 462924
8324, 462924
8324, 462924
8324, 462924
8324, 462924
8324, 462924
8324, 462924
8324, 462924
8324, 462924
8324, 462924
8324, 462924
8324, 462924
8324, 462924
8324, 462924
8324, 462924
8324, 462924
8324, 462924
8324, 462924
8324, 462924
8324, 462924
8324, 462924
8324, 462924
8324, 462924
8324, 462924
8324, 462924
8324, 462924
8324, 462924
8324, 462924
8324, 462924
8324, 462924
8324, 462924
8324, 462924
8324, 462924
8324, 462924
8324, 462924
8324, 462924
8324, 462924
8324, 462924
8324, 462924
8324, 462924
8324, 462924
8324, 462924
8324, 462924
8324, 462924
8324, 462924
8324, 462924
8324, 462924
8324, 462924
8324, 462924
8324, 462924
8324, 462924
8324, 462924
8324, 462924
8324, 462924
8324, 462924
8324, 462924
8324, 462924
8324, 462924
8324, 462924
8324, 462924
8324, 462924
8324, 462924
8324, 462924
8324, 462924
8324, 462924
8324, 462924
8324, 462924
8324, 462924
8324, 462924
8324, 462924
8324, 462924
8324, 462924
8324, 462924
8324, 462924
8324, 462924
8324, 462924
8324, 462924
8324, 462924
8324, 462924
8324, 462924
8324, 462924
8324, 462924
8324, 462924
8324, 462924
8324, 462924
8324, 462924
8324, 462924
8324, 462924
8324, 462924
8324, 462924
8324, 462924
8324, 462924
8324, 462924
8324, 462924
8324, 462924
8324, 462924
8324, 462924
8324, 462924
8324, 462924
8324, 462924
8324, 462924
8324, 462924
8324, 462924
8324, 462924
8324, 462924
8324, 462924
8324, 462924
8324, 462924
8324, 462924
8324, 462924
8324, 462924
8324, 462924
8324, 462924
8324, 462924
8324, 462924
8324, 462924
8324, 462924
8324, 462924
8324, 462924
8324, 462924
8324, 462924
8324, 462924
8324, 462924
8324, 462924
8324, 462924
8324, 462924
8324, 462924
8324, 462924
8324, 462924
8324, 462924
8324, 462924
8324, 462924
8324, 462924
8324, 462924
8324, 462924
8324, 462924
8324, 462924
8324, 462924
8324, 462924
8324, 462924
8324, 462924
8324, 462924
8324, 462924
8324, 462924
8324, 462924
8324, 462924
8324, 462924
8324, 462924
8324, 462924
8324, 462924
8324, 462924
8324, 462924
8324, 462924
8324, 462924
8324, 462924
8324, 462924
8324, 462924
8324, 462924
8324, 462924
8324, 462924
8324, 462924
8324, 462924
8324, 462924
8324, 462924
8324, 462924
8324, 462924
8324, 462924
8324, 462924
8324, 462924
8324, 462924
8324, 462924
8324, 462924
8324, 462924
8324, 462924
8324, 462924
8324, 462924
8324, 462924
8324, 462924
8324, 462924
8324, 462924
8324, 462924
8324, 462924
8324, 462924
8324, 462924
8324, 462924
8324, 462924
8324, 462924
8324, 462924
8324, 462924
8324, 462924
8324, 462924
8324, 462924
8324, 462924
8324, 462924
8324, 462924
8324, 462924
8324, 462924
8324, 462924
8324, 462924
8324, 462924
8324, 462924
8324, 462924
8324, 462924
8324, 462924
8324, 462924
8324, 462924
8324, 462924
8324, 462924
8324, 462924
8324, 462924
8324, 462924
8324, 462924
8324, 462924
8324, 462924
8324, 462924
8324, 462924
8324, 462924
8324, 462924
8324, 462924
8324, 462924
8324, 462924
8324, 462924
8324, 462924
8324, 462924
8324, 462924
8324, 462924
8324, 462924
8324, 462924
8324, 462924
8324, 462924
8324, 462924
8324, 462924
8324, 462924
8324, 462924
8324, 462924
8324, 462924
8324, 462924
8324, 462924
8324, 462924
8324, 462924
8324, 462924
8324, 462924
8324, 462924
8324, 462924
8324, 462924
8324, 462924
8324, 462924
8324, 462924
8324, 462924
8324, 462924
8324, 462924
8324, 462924
8324, 462924
8324, 462924
8324, 462924
8324, 462924
8324, 462924
8324, 462924
8324, 462924
8324, 462924
8324, 462924
8324, 462924
8324, 462924
8324, 462924
8324, 462924
8324, 462924
8324, 462924
8324, 462924
8324, 462924
8324, 462924
8324, 462924
8324, 462924
8324, 462924
8324, 462924
8324, 462924
8324, 462924
8324, 462924
8324, 462924
8324, 462924
8324, 462924
8324, 462924
8324, 462924
8324, 462924
8324, 462924
8324, 462924
8324, 462924
8324, 462924
8324, 462924
8324, 462924
8324, 462924
8324, 462924
8324, 462924
8324, 462924
8324, 462924
8324, 462924
8324, 462924
8324, 462924
8324, 462924
8324, 462924
8324, 462924
8324, 462924
8324, 462924
8324, 462924
8324, 462924
8324, 462924
8324, 462924
8324, 462924
8324, 462924
8324, 462924
8324, 462924
8324, 462924
8324, 462924
8324, 462924
8324, 462924
8324, 462924
8324, 462924
8324, 462924
8324, 462924
8324, 462924
8324, 462924
8324, 462924
8324, 462924
8324, 462924
8324, 462924
8324, 462924
8324, 462924
8324, 462924
8324, 462924
8324, 462924
8324, 462924
8324, 462924
8324, 462924
8324, 462924
8324, 462924
8324, 462924
8324, 462924
8324, 462924
8324, 462924
8324, 462924
8324, 462924
8324, 462924
8324, 462924
8324, 462924
8324, 462924
8324, 462924
8324, 462924
8324, 462924
8324, 462924
8324, 462924
8324, 462924
8324, 462924
8324, 462924
8324, 462924
8324, 462924
8324, 462924
8324, 462924
8324, 462924
8324, 462924
8324, 462924
8324, 462924
8324, 462924
8324, 462924
8324, 462924
8324, 462924
8324, 462924
8324, 462924
8324, 462924
8324, 462924
8324, 462924
8324, 462924
8324, 462924
8324, 462924
8324, 462924
8324, 462924
8324, 462924
8324, 462924
8324, 462924
8324, 462924
8324, 462924
8324, 462924
8324, 462924
8324, 462924
8324, 462924
8324, 462924
8324, 462924
8324, 462924
8324, 462924
8324, 462924
8324, 462924
8324, 462924
8324, 462924
8324, 462924
8324, 462924
8324, 462924
8324, 462924
8324, 462924
8324, 462924
8324, 462924
8324, 462924
8324, 462924
8324, 462924
8324, 462924
8324, 462924
8324, 462924
8324, 462924
8324, 462924
8324, 462924
8324, 462924
8324, 462924
8324, 462924
8324, 462924
8324, 462924
8324, 462924
8324, 462924
8324, 462924
8324, 462924
8324, 462924
8324, 462924
8324, 462924
8324, 462924
8324, 462924
8324, 462924
8324, 462924
8324, 462924
8324, 462924
8324, 462924
8324, 462924
8324, 462924
8324, 462924
8324, 462924
8324, 462924
8324, 462924
8324, 462924
8324, 462924
8324, 462924
8324, 462924
8324, 462924
8324, 462924
8324, 462924
8324, 462924
8324, 462924
8324, 462924
8324, 462924
8324, 462924
8324, 462924
8324, 462924
8324, 462924
8324, 462924
8324, 462924
8324, 462924
8324, 462924
8324, 462924
8324, 462924
8324, 462924
8324, 462924
8324, 462924
8324, 462924
8324, 462924
8324, 462924
8324, 462924
8324, 462924
8324, 462924
8324, 462924
8324, 462924
8324, 462924
8324, 462924
8324, 462924
8324, 462924
8324, 462924
8324, 462924
8324, 462924
8324, 462924
8324, 462924
8324, 462924
8324, 462924
8324, 462924
8324, 462924
8324, 462924
8324, 462924
8324, 462924
8324, 462924
8324, 462924
8324, 462924
8324, 462924
8324, 462924
8324, 462924
8324, 462924
8324, 462924
8324, 462924
8324, 462924
8324, 462924
8324, 462924
8324, 462924
8324, 462924
8324, 462924
8324, 462924
8324, 462924
8324, 462924
8324, 462924
8324, 462924
8324, 462924
8324, 462924
8324, 462924
8324, 462924
8324, 462924
8324, 462924
8324, 462924
8324, 462924
8324, 462924
8324, 462924
8324, 462924
8324, 462924
8324, 462924
8324, 462924
8324, 462924
8324, 462924
8324, 462924
8324, 462924
8324, 462924
8324, 462924
8324, 462924
8324, 462924
8324, 462924
8324, 462924
8324, 462924
8324, 462924
8324, 462924
8324, 462924
8324, 462924
8324, 462924
8324, 462924
8324, 462924
8324, 462924
8324, 462924
8324, 462924
8324, 462924
8324, 462924
8324, 462924
8324, 462924
8324, 462924
8324, 462924
8324, 462924
8324, 462924
8324, 462924
8324, 462924
8324, 462924
8324, 462924
8324, 462924
8324, 462924
8324, 462924
8324, 462924
8324, 462924
8324, 462924
8324, 462924
8324, 462924
8324, 462924
8324, 462924
8324, 462924
8324, 462924
8324, 462924
8324, 462924
8324, 462924
8324, 462924
8324, 462924
8324, 462924
8324, 462924
8324, 462924
8324, 462924
8324, 462924
8324, 462924
8324, 462924
8324, 462924
8324, 462924
8324, 462924
8324, 462924
8324, 462924
8324, 462924
8324, 462924
8324, 462924
8324, 462924
8324, 462924
8324, 462924
8324, 462924
8324, 462924
8324, 462924
8324, 462924
8324, 462924
8324, 462924
8324, 462924
8324, 462924
8324, 462924
8324, 462924
8324, 462924
8324, 462924
8324, 462924
8324, 462924
8324, 462924
8324, 462924
8324, 462924
8324, 462924
8324, 462924
8324, 462924
8324, 462924
8324, 462924
8324, 462924
8324, 462924
8324, 462924
8324, 462924
8324, 462924
8324, 462924
8324, 462924
8324, 462924
8324, 462924
8324, 462924
8324, 462924
8324, 462924
8324, 462924
8324, 462924
8324, 462924
8324, 462924
8324, 462924
8324, 462924
8324, 462924
8324, 462924
8324, 462924
8324, 462924
8324, 462924
8324, 462924
8324, 462924
8324, 462924
8324, 462924
8324, 462924
8324, 462924
8324, 462924
8324, 462924
8324, 462924
8324, 462924
8324, 462924
8324, 462924
8324, 462924
8324, 462924
8324, 462924
8324, 462924
8324, 462924
8324, 462924
8324, 462924
8324, 462924
8324, 462924
8324, 462924
8324, 462924
8324, 462924
8324, 462924
8324, 462924
8324, 462924
8324, 462924
8324, 462924
8324, 462924
8324, 462924
8324, 462924
8324, 462924
8324, 462924
8324, 462924
8324, 462924
8324, 462924
8324, 462924
8324, 462924
8324, 462924
8324, 462924
8324, 462924
8324, 462924
8324, 462924
8324, 462924
8324, 462924
8324, 462924
8324, 462924
8324, 462924
8324, 462924
8324, 462924
8324, 462924
8324, 462924
8324, 462924
8324, 462924
8324, 462924
8324, 462924
8324, 462924
8324, 462924
8324, 462924
8324, 462924
8324, 462924
8324, 462924
8324, 462924
8324, 462924
8324, 462924
8324, 462924
8324, 462924
8324, 462924
8324, 462924
8324, 462924
8324, 462924
8324, 462924
8324, 462924
8324, 462924
8324, 462924
8324, 462924
8324, 462924
8324, 462924
8324, 462924
8324, 462924
8324, 462924
8324, 462924
8324, 462924
8324, 462924
8324, 462924
8324, 462924
8324, 462924
8324, 462924
8324, 462924
8324, 462924
8324, 462924
8324, 462924
8324, 462924
8324, 462924
8324, 462924
8324, 462924
8324, 462924
8324, 462924
8324, 462924
8324, 462924
8324, 462924
8324, 462924
8324, 462924
8324, 462924
8324, 462924
8324, 462924
8324, 462924
8324, 462924
8324, 462924
8324, 462924
8324, 462924
8324, 462924
8324, 462924
8324, 462924
8324, 462924
8324, 462924
8324, 462924
8324, 462924
8324, 462924
8324, 462924
8324, 462924
8324, 462924
8324, 462924
8324, 462924
8324, 462924
8324, 462924
8324, 462924
8324, 462924
8324, 462924
8324, 462924
8324, 462924
8324, 462924
8324, 462924
8324, 462924
8324, 462924
8324, 462924
8324, 462924
8324, 462924
8324, 462924
8324, 462924
8324, 462924
8324, 462924
8324, 462924
8324, 462924
8324, 462924
8324, 462924
8324, 462924
8324, 462924
8324, 462924
8324, 462924
8324, 462924
8324, 462924
8324, 462924
8324, 462924
8324, 462924
8324, 462924
8324, 462924
8324, 462924
8324, 462924
8324, 462924
8324, 462924
8324, 462924
8324, 462924
8324, 462924
8324, 462924
8324, 462924
8324, 462924
8324, 462924
8324, 462924
8324, 462924
8324, 462924
8324, 462924
8324, 462924
8324, 462924
8324, 462924
8324, 462924
8324, 462924
8324, 462924
8324, 462924
8324, 462924
8324, 462924
8324, 462924
8324, 462924
8324, 462924
8324, 462924
8324, 462924
8324, 462924
8324, 462924
8324, 462924
8324, 462924
8324, 462924
8324, 462924
8324, 462924
8324, 462924
8324, 462924
8324, 462924
8324, 462924
8324, 462924
8324, 462924
8324, 462924
8324, 462924
8324, 462924
8324, 462924
8324, 462924
8324, 462924
8324, 462924
8324, 462924
8324, 462924
8324, 462924
8324, 462924
8324, 462924
8324, 462924
8324, 462924
8324, 462924
8324, 462924
8324, 462924
8324, 462924
8324, 462924
8324, 462924
8324, 462924
8324, 462924
8324, 462924
8324, 462924
8324, 462924
8324, 462924
8324, 462924
8324, 462924
8324, 462924
8324, 462924
8324, 462924
8324, 462924
8324, 462924
8324, 462924
8324, 462924
8324, 462924
8324, 462924
8324, 462924
8324, 462924
8324, 462924
8324, 462924
8324, 462924
8324, 462924
8324, 462924
8324, 462924
8324, 462924
8324, 462924
8324, 462924
8324, 462924
8324, 462924
8324, 462924
8324, 462924
8324, 462924
8324, 462924
8324, 462924
8324, 462924
8324, 462924
8324, 462924
8324, 462924
8324, 462924
8324, 462924
8324, 462924
8324, 462924
8324, 462924
8324, 462924
8324, 462924
8324, 462924
8324, 462924
8324, 462924
8324, 462924
8324, 462924
8324, 462924
8324, 462924
8324, 462924
8324, 462924
8324, 462924
8324, 462924
8324, 462924
8324, 462924
8324, 462924
8324, 462924
8324, 462924
8324, 462924
8324, 462924
8324, 462924
8324, 462924
8324, 462924
8324, 462924
8324, 462924
8324, 462924
8324, 462924
8324, 462924
8324, 462924
8324, 462924
8324, 462924
8324, 462924
8324, 462924
8324, 462924
8324, 462924
8324, 462924
8324, 462924
8324, 462924
8324, 462924
8324, 462924
8324, 462924
8324, 462924
8324, 462924
8324, 462924
8324, 462924
8324, 462924
8324, 462924
8324, 462924
8324, 462924
8324, 462924
8324, 462924
8324, 462924
8324, 462924
8324, 462924
8324, 462924
8324, 462924
8324, 462924
8324, 462924
8324, 462924
8324, 462924
8324, 462924
8324, 462924
8324, 462924
8324, 462924
8324, 462924
8324, 462924
8324, 462924
8324, 462924
8324, 462924
8324, 462924
8324, 462924
8324, 462924
8324, 462924
8324, 462924
8324, 462924
8324, 462924
8324, 462924
8324, 462924
8324, 462924
8324, 462924
8324, 462924
8324, 462924
8324, 462924
8324, 462924
8324, 462924
8324, 462924
8324, 462924
8324, 462924
8324, 462924
8324, 462924
8324, 462924
8324, 462924
8324, 462924
8324, 462924
8324, 462924
8324, 462924
8324, 462924
8324, 462924
8324, 462924
8324, 462924
8324, 462924
8324, 462924
8324, 462924
8324, 462924
8324, 462924
8324, 462924
8324, 462924
8324, 462924
8324, 462924
8324, 462924
8324, 462924
8324, 462924
8324, 462924
8324, 462924
8324, 462924
8324, 462924
8324, 462924
8324, 462924
8324, 462924
8324, 462924
8324, 462924
8324, 462924
8324, 462924
8324, 462924
8324, 462924
8324, 462924
8324, 462924
8324, 462924
8324, 462924
8324, 462924
8324, 462924
8324, 462924
8324, 462924
8324, 462924
8324, 462924
8324, 462924
8324, 462924
8324, 462924
8324, 462924
8324, 462924
8324, 462924
8324, 462924
8324, 462924
8324, 462924
8324, 462924
8324, 462924
8324, 462924
8324, 462924
8324, 462924
8324, 462924
8324, 462924
8324, 462924
8324, 462924
8324, 462924
8324, 462924
8324, 462924
8324, 462924
8324, 462924
8324, 462924
8324, 462924
8324, 462924
8324, 462924
8324, 462924
8324, 462924
8324, 462924
8324, 462924
8324, 462924
8324, 462924
8324, 462924
8324, 462924
8324, 462924
8324, 462924
8324, 462924
8324, 462924
8324, 462924
8324, 462924
8324, 462924
8324, 462924
8324, 462924
8324, 462924
8324, 462924
8324, 462924
8324, 462924
8324, 462924
8324, 462924
8324, 462924
8324, 462924
8324, 462924
8324, 462924
8324, 462924
8324, 462924
8324, 462924
8324, 462924
8324, 462924
8324, 462924
8324, 462924
8324, 462924
8324, 462924
8324, 462924
8324, 462924
8324, 462924
8324, 462924
8324, 462924
8324, 462924
8324, 462924
8324, 462924
8324, 462924
8324, 462924
8324, 462924
8324, 462924
8324, 462924
8324, 462924
8324, 462924
8324, 462924
8324, 462924
8324, 462924
8324, 462924
8324, 462924
8324, 462924
8324, 462924
8324, 462924
8324, 462924
8324, 462924
8324, 462924
8324, 462924
8324, 462924
8324, 462924
8324, 462924
8324, 462924
8324, 462924
8324, 462924
8324, 462924
8324, 462924
8324, 462924
8324, 462924
8324, 462924
8324, 462924
8324, 462924
8324, 462924
8324, 462924
8324, 462924
8324, 462924
8324, 462924
8324, 462924
8324, 462924
8324, 462924
8324, 462924
8324, 462924
8324, 462924
8324, 462924
8324, 462924
8324, 462924
8324, 462924
8324, 462924
8324, 462924
8324, 462924
8324, 462924
8324, 462924
8324, 462924
8324, 462924
8324, 462924
8324, 462924
8324, 462924
8324, 462924
8324, 462924
8324, 462924
8324, 462924
8324, 462924
8324, 462924
8324, 462924
8324, 462924
8324, 462924
8324, 462924
8324, 462924
8324, 462924
8324, 462924
8324, 462924
8324, 462924
8324, 462924
8324, 462924
8324, 462924
8324, 462924
8324, 462924
8324, 462924
8324, 462924
8324, 462924
8324, 462924
8324, 462924
8324, 462924
8324, 462924
8324, 462924
8324, 462924
8324, 462924
8324, 462924
8324, 462924
8324, 462924
8324, 462924
8324, 462924
8324, 462924
8324, 462924
8324, 462924
8324, 462924
8324, 462924
8324, 462924
8324, 462924
8324, 462924
8324, 462924
8324, 462924
8324, 462924
8324, 462924
8324, 462924
8324, 462924
8324, 462924
8324, 462924
8324, 462924
8324, 462924
8324, 462924
8324, 462924
8324, 462924
8324, 462924
8324, 462924
8324, 462924
8324, 462924
8324, 462924
8324, 462924
8324, 462924
8324, 462924
8324, 462924
8324, 462924
8324, 462924
8324, 462924
8324, 462924
8324, 462924
8324, 462924
8324, 462924
8324, 462924
8324, 462924
8324, 462924
8324, 462924
8324, 462924
8324, 462924
8324, 462924
8324, 462924
8324, 462924
8324, 462924
8324, 462924
8324, 462924
8324, 462924
8324, 462924
8324, 462924
8324, 462924
8324, 462924
8324, 462924
8324, 462924
8324, 462924
8324, 462924
8324, 462924
8324, 462924
8324, 462924
8324, 462924
8324, 462924
8324, 462924
8324, 462924
8324, 462924
8324, 462924
8324, 462924
8324, 462924
8324, 462924
8324, 462924
8324, 462924
8324, 462924
8324, 462924
8324, 462924
8324, 462924
8324, 462924
8324, 462924
8324, 462924
8324, 462924
8324, 462924
8324, 462924
8324, 462924
8324, 462924
8324, 462924
8324, 462924
8324, 462924
8324, 462924
8324, 462924
8324, 462924
8324, 462924
8324, 462924
8324, 462924
8324, 462924
8324, 462924
8324, 462924
8324, 462924
8324, 462924
8324, 462924
8324, 462924
8324, 462924
8324, 462924
8324, 462924
8324, 462924
8324, 462924
8324, 462924
8324, 462924
8324, 462924
8324, 462924
8324, 462924
8324, 462924
8324, 462924
8324, 462924
8324, 462924
8324, 462924
8324, 462924
8324, 462924
8324, 462924
8324, 462924
8324, 462924
8324, 462924
8324, 462924
8324, 462924
8324, 462924
8324, 462924
8324, 462924
8324, 462924
8324, 462924
8324, 462924
8324, 462924
8324, 462924
8324, 462924
8324, 462924
8324, 462924
8324, 462924
8324, 462924
8324, 462924
8324, 462924
8324, 462924
8324, 462924
8324, 462924
8324, 462924
8324, 462924
8324, 462924
8324, 462924
8324, 462924
8324, 462924
8324, 462924
8324, 462924
8324, 462924
8324, 462924
8324, 462924
8324, 462924
8324, 462924
8324, 462924
8324, 462924
8324, 462924
8324, 462924
8324, 462924
8324, 462924
8324, 462924
8324, 462924
8324, 462924
8324, 462924
8324, 462924
8324, 462924
8324, 462924
8324, 462924
8324, 462924
8324, 462924
8324, 462924
8324, 462924
8324, 462924
8324, 462924
8324, 462924
8324, 462924
8324, 462924
8324, 462924
8324, 462924
8324, 462924
8324, 462924
8324, 462924
8324, 462924
8324, 462924
8324, 462924
8324, 462924
8324, 462924
8324, 462924
8324, 462924
8324, 462924
8324, 462924
8324, 462924
8324, 462924
8324, 462924
8324, 462924
8324, 462924
8324, 462924
8324, 462924
8324, 462924
8324, 462924
8324, 462924
8324, 462924
8324, 462924
8324, 462924
8324, 462924
8324, 462924
8324, 462924
8324, 462924
8324, 462924
8324, 462924
8324, 462924
8324, 462924
8324, 462924
8324, 462924
8324, 462924
8324, 462924
8324, 462924
8324, 462924
8324, 462924
8324, 462924
8324, 462924
8324, 462924
8324, 462924
8324, 462924
8324, 462924
8324, 462924
8324, 462924
8324, 462924
8324, 462924
8324, 462924
8324, 462924
8324, 462924
8324, 462924
8324, 462924
8324, 462924
8324, 462924
8324, 462924
8324, 462924
8324, 462924
8324, 462924
8324, 462924
8324, 462924
8324, 462924
8324, 462924
8324, 462924
8324, 462924
8324, 462924
8324, 462924
8324, 462924
8324, 462924
8324, 462924
8324, 462924
8324, 462924
8324, 462924
8324, 462924
8324, 462924
8324, 462924
8324, 462924
8324, 462924
8324, 462924
8324, 462924
8324, 462924
8324, 462924
8324, 462924
8324, 462924
8324, 462924
8324, 462924
8324, 462924
8324, 462924
8324, 462924
8324, 462924
8324, 462924
8324, 462924
8324, 462924
8324, 462924
8324, 462924
8324, 462924
8324, 462924
8324, 462924
8324, 462924
8324, 462924
8324, 462924
8324, 462924
8324, 462924
8324, 462924
8324, 462924
8324, 462924
8324, 462924
8324, 462924
8324, 462924
8324, 462924
8324, 462924
8324, 462924
8324, 462924
8324, 462924
8324, 462924
8324, 462924
8324, 462924
8324, 462924
8324, 462924
8324, 462924
8324, 462924
8324, 462924
8324, 462924
8324, 462924
8324, 462924
8324, 462924
8324, 462924
8324, 462924
8324, 462924
8324, 462924
8324, 462924
8324, 462924
8324, 462924
8324, 462924
8324, 462924
8324, 462924
8324, 462924
8324, 462924
8324, 462924
8324, 462924
8324, 462924
8324, 462924
8324, 462924
8324, 462924
8324, 462924
8324, 462924
8324, 462924
8324, 462924
8324, 462924
8324, 462924
8324, 462924
8324, 462924
8324, 462924
8324, 462924
8324, 462924
8324, 462924
8324, 462924
8324, 462924
8324, 462924
8324, 462924
8324, 462924
8324, 462924
8324, 462924
8324, 462924
8324, 462924
8324, 462924
8324, 462924
8324, 462924
8324, 462924
8324, 462924
8324, 462924
8324, 462924
8324, 462924
8324, 462924
8324, 462924
8324, 462924
8324, 462924
8324, 462924
8324, 462924
8324, 462924
8324, 462924
8324, 462924
8324, 462924
8324, 462924
8324, 462924
8324, 462924
8324, 462924
8324, 462924
8324, 462924
8324, 462924
8324, 462924
8324, 462924
8324, 462924
8324, 462924
8324, 462924
8324, 462924
8324, 462924
8324, 462924
8324, 462924
8324, 462924
8324, 462924
8324, 462924
8324, 462924
8324, 462924
8324, 462924
8324, 462924
8324, 462924
8324, 462924
8324, 462924
8324, 462924
8324, 462924
8324, 462924
8324, 462924
8324, 462924
8324, 462924
8324, 462924
8324, 462924
8324, 462924
8324, 462924
8324, 462924
8324, 462924
8324, 462924
8324, 462924
8324, 462924
8324, 462924
8324, 462924
8324, 462924
8324, 462924
8324, 462924
8324, 462924
8324, 462924
8324, 462924
8324, 462924
8324, 462924
8324, 462924
8324, 462924
8324, 462924
8324, 462924
8324, 462924
8324, 462924
8324, 462924
8324, 462924
8324, 462924
8324, 462924
8324, 462924
8324, 462924
8324, 462924
8324, 462924
8324, 462924
8324, 462924
8324, 462924
8324, 462924
8324, 462924
8324, 462924
8324, 462924
8324, 462924
8324, 462924
8324, 462924
8324, 462924
8324, 462924
8324, 462924
8324, 462924
8324, 462924
8324, 462924
8324, 462924
8324, 462924
8324, 462924
8324, 462924
8324, 462924
8324, 462924
8324, 462924
8324, 462924
8324, 462924
8324, 462924
8324, 462924
8324, 462924
8324, 462924
8324, 462924
8324, 462924
8324, 462924
8324, 462924
8324, 462924
8324, 462924
8324, 462924
8324, 462924
8324, 462924
8324, 462924
8324, 462924
8324, 462924
8324, 462924
8324, 462924
8324, 462924
8324, 462924
8324, 462924
8324, 462924
8324, 462924
8324, 462924
8324, 462924
8324, 462924
8324, 462924
8324, 462924
8324, 462924
8324, 462924
8324, 462924
8324, 462924
8324, 462924
8324, 462924
8324, 462924
8324, 462924
8324, 462924
8324, 462924
8324, 462924
8324, 462924
8324, 462924
8324, 462924
8324, 462924
8324, 462924
8324, 462924
8324, 462924
8324, 462924
8324, 462924
8324, 462924
8324, 462924
8324, 462924
8324, 462924
8324, 462924
8324, 462924
8324, 462924
8324, 462924
8324, 462924
8324, 462924
8324, 462924
8324, 462924
8324, 462924
8324, 462924
8324, 462924
8324, 462924
8324, 462924
8324, 462924
8324, 462924
8324, 462924
8324, 462924
8324, 462924
8324, 462924
8324, 462924
8324, 462924
8324, 462924
8324, 462924
8324, 462924
8324, 462924
8324, 462924
8324, 462924
8324, 462924
8324, 462924
8324, 462924
8324, 462924
8324, 462924
8324, 462924
8324, 462924
8324, 462924
8324, 462924
8324, 462924
8324, 462924
8324, 462924
8324, 462924
8324, 462924
8324, 462924
8324, 462924
8324, 462924
8324, 462924
8324, 462924
8324, 462924
8324, 462924
8324, 462924
8324, 462924
8324, 462924
8324, 462924
8324, 462924
8324, 462924
8324, 462924
8324, 462924
8324, 462924
8324, 462924
8324, 462924
8324, 462924
8324, 462924
8324, 462924
8324, 462924
8324, 462924
8324, 462924
8324, 462924
8324, 462924
8324, 462924
8324, 462924
8324, 462924
8324, 462924
8324, 462924
8324, 462924
8324, 462924
8324, 462924
8324, 462924
8324, 462924
8324, 462924
8324, 462924
8324, 462924
8324, 462924
8324, 462924
8324, 462924
8324, 462924
8324, 462924
8324, 462924
8324, 462924
8324, 462924
8324, 462924
8324, 462924
8324, 462924
8324, 462924
8324, 462924
8324, 462924
8324, 462924
8324, 462924
8324, 462924
8324, 462924
8324, 462924
8324, 462924
8324, 462924
8324, 462924
8324, 462924
8324, 462924
8324, 462924
8324, 462924
8324, 462924
8324, 462924
8324, 462924
8324, 462924
8324, 462924
8324, 462924
8324, 462924
8324, 462924
8324, 462924
8324, 462924
8324, 462924
8324, 462924
8324, 462924
8324, 462924
8324, 462924
8324, 462924
8324, 462924
8324, 462924
8324, 462924
8324, 462924
8324, 462924
8324, 462924
8324, 462924
8324, 462924
8324, 462924
8324, 462924
8324, 462924
8324, 462924
8324, 462924
8324, 462924
8324, 462924
8324, 462924
8324, 462924
8324, 462924
8324, 462924
8324, 462924
8324, 462924
8324, 462924
8324, 462924
8324, 462924
8324, 462924
8324, 462924
8324, 462924
8324, 462924
8324, 462924
8324, 462924
8324, 462924
8324, 462924
8324, 462924
8324, 462924
8324, 462924
8324, 462924
8324, 462924
8324, 462924
8324, 462924
8324, 462924
8324, 462924
8324, 462924
8324, 462924
8324, 462924
8324, 462924
8324, 462924
8324, 462924
8324, 462924
8324, 462924
8324, 462924
8324, 462924
8324, 462924
8324, 462924
8324, 462924
8324, 462924
8324, 462924
8324, 462924
8324, 462924
8324, 462924
8324, 462924
8324, 462924
8324, 462924
8324, 462924
8324, 462924
8324, 462924
8324, 462924
8324, 462924
8324, 462924
8324, 462924
8324, 462924
8324, 462924
8324, 462924
8324, 462924
8324, 462924
8324, 462924
8324, 462924
8324, 462924
8324, 462924
8324, 462924
8324, 462924
8324, 462924
8324, 462924
8324, 462924
8324, 462924
8324, 462924
8324, 462924
8324, 462924
8324, 462924
8324, 462924
8324, 462924
8324, 462924
8324, 462924
8324, 462924
8324, 462924
8324, 462924
8324, 462924
8324, 462924
8324, 462924
8324, 462924
8324, 462924
8324, 462924
8324, 462924
8324, 462924
8324, 462924
8324, 462924
8324, 462924
8324, 462924
8324, 462924
8324, 462924
8324, 462924
8324, 462924
8324, 462924
8324, 462924
8324, 462924
8324, 462924
8324, 462924
8324, 462924
8324, 462924
8324, 462924
8324, 462924
8324, 462924
8324, 462924
8324, 462924
8324, 462924
8324, 462924
8324, 462924
8324, 462924
8324, 462924
8324, 462924
8324, 462924
8324, 462924
8324, 462924
8324, 462924
8324, 462924
8324, 462924
8324, 462924
8324, 462924
8324, 462924
8324, 462924
8324, 462924
8324, 462924
8324, 462924
8324, 462924
8324, 462924
8324, 462924
8324, 462924
8324, 462924
8324, 462924
8324, 462924
8324, 462924
8324, 462924
8324, 462924
8324, 462924
8324, 462924
8324, 462924
8324, 462924
8324, 462924
8324, 462924
8324, 462924
8324, 462924
8324, 462924
8324, 462924
8324, 462924
8324, 462924
8324, 462924
8324, 462924
8324, 462924
8324, 462924
8324, 462924
8324, 462924
8324, 462924
8324, 462924
8324, 462924
8324, 462924
8324, 462924
8324, 462924
8324, 462924
8324, 462924
8324, 462924
8324, 462924
8324, 462924
8324, 462924
8324, 462924
8324, 462924
8324, 462924
8324, 462924
8324, 462924
8324, 462924
8324, 462924
8324, 462924
8324, 462924
8324, 462924
8324, 462924
8324, 462924
8324, 462924
8324, 462924
8324, 462924
8324, 462924
8324, 462924
8324, 462924
8324, 462924
8324, 462924
8324, 462924
8324, 462924
8324, 462924
8324, 462924
8324, 462924
8324, 462924
8324, 462924
8324, 462924
8324, 462924
8324, 462924
8324, 462924
8324, 462924
8324, 462924
8324, 462924
8324, 462924
8324, 462924
8324, 462924
8324, 462924
8324, 462924
8324, 462924
8324, 462924
8324, 462924
8324, 462924
8324, 462924
8324, 462924
8324, 462924
8324, 462924
8324, 462924
8324, 462924
8324, 462924
8324, 462924
8324, 462924
8324, 462924
8324, 462924
8324, 462924
8324, 462924
8324, 462924
8324, 462924
8324, 462924
8324, 462924
8324, 462924
8324, 462924
8324, 462924
8324, 462924
8324, 462924
8324, 462924
8324, 462924
8324, 462924
8324, 462924
8324, 462924
8324, 462924
8324, 462924
8324, 462924
8324, 462924
8324, 462924
8324, 462924
8324, 462924
8324, 462924
8324, 462924
8324, 462924
8324, 462924
8324, 462924
8324, 462924
8324, 462924
8324, 462924
8324, 462924
8324, 462924
8324, 462924
8324, 462924
8324, 462924
8324, 462924
8324, 462924
8324, 462924
8324, 462924
8324, 462924
8324, 462924
8324, 462924
8324, 462924
8324, 462924
8324, 462924
8324, 462924
8324, 462924
8324, 462924
8324, 462924
8324, 462924
8324, 462924
8324, 462924
8324, 462924
8324, 462924
8324, 462924
8324, 462924
8324, 462924
8324, 462924
8324, 462924
8324, 462924
8324, 462924
8324, 462924
8324, 462924
8324, 462924
8324, 462924
8324, 462924
8324, 462924
8324, 462924
8324, 462924
8324, 462924
8324, 462924
8324, 462924
8324, 462924
8324, 462924
8324, 462924
8324, 462924
8324, 462924
8324, 462924
8324, 462924
8324, 462924
8324, 462924
8324, 462924
8324, 462924
8324, 462924
8324, 462924
8324, 462924
8324, 462924
8324, 462924
8324, 462924
8324, 462924
8324, 462924
8324, 462924
8324, 462924
8324, 462924
8324, 462924
8324, 462924
8324, 462924
8324, 462924
8324, 462924
8324, 462924
8324, 462924
8324, 462924
8324, 462924
8324, 462924
8324, 462924
8324, 462924
8324, 462924
8324, 462924
8324, 462924
8324, 462924
8324, 462924
8324, 462924
8324, 462924
8324, 462924
8324, 462924
8324, 462924
8324, 462924
8324, 462924
8324, 462924
8324, 462924
8324, 462924
8324, 462924
8324, 462924
8324, 462924
8324, 462924
8324, 462924
8324, 462924
8324, 462924
8324, 462924
8324, 462924
8324, 462924
8324, 462924
8324, 462924
8324, 462924
8324, 462924
8324, 462924
8324, 462924
8324, 462924
8324, 462924
8324, 462924
8324, 462924
8324, 462924
8324, 462924
8324, 462924
8324, 462924
8324, 462924
8324, 462924
8324, 462924
8324, 462924
8324, 462924
8324, 462924
8324, 462924
8324, 462924
8324, 462924
8324, 462924
8324, 462924
8324, 462924
8324, 462924
8324, 462924
8324, 462924
8324, 462924
8324, 462924
8324, 462924
8324, 462924
8324, 462924
8324, 462924
8324, 462924
8324, 462924
8324, 462924
8324, 462924
8324, 462924
8324, 462924
8324, 462924
8324, 462924
8324, 462924
8324, 462924
8324, 462924
8324, 462924
8324, 462924
8324, 462924
8324, 462924
8324, 462924
8324, 462924
8324, 462924
8324, 462924
8324, 462924
8324, 462924
8324, 462924
8324, 462924
8324, 462924
8324, 462924
8324, 462924
8324, 462924
8324, 462924
8324, 462924
8324, 462924
8324, 462924
8324, 462924
8324, 462924
8324, 462924
8324, 462924
8324, 462924
8324, 462924
8324, 462924
8324, 462924
8324, 462924
8324, 462924
8324, 462924
8324, 462924
8324, 462924
8324, 462924
8324, 462924
8324, 462924
8324, 462924
8324, 462924
8324, 462924
8324, 462924
8324, 462924
8324, 462924
8324, 462924
8324, 462924
8324, 462924
8324, 462924
8324, 462924
8324, 462924
8324, 462924
8324, 462924
8324, 462924
8324, 462924
8324, 462924
8324, 462924
8324, 462924
8324, 462924
8324, 462924
8324, 462924
8324, 462924
8324, 462924
8324, 462924
8324, 462924
8324, 462924
8324, 462924
8324, 462924
8324, 462924
8324, 462924
8324, 462924
8324, 462924
8324, 462924
8324, 462924
8324, 462924
8324, 462924
8324, 462924
8324, 462924
8324, 462924
8324, 462924
8324, 462924
8324, 462924
8324, 462924
8324, 462924
8324, 462924
8324, 462924
8324, 462924
8324, 462924
8324, 462924
8324, 462924
8324, 462924
8324, 462924
8324, 462924
8324, 462924
8324, 462924
8324, 462924
8324, 462924
8324, 462924
8324, 462924
8324, 462924
8324, 462924
8324, 462924
8324, 462924
8324, 462924
8324, 462924
8324, 462924
8324, 462924
8324, 462924
8324, 462924
8324, 462924
8324, 462924
8324, 462924
8324, 462924
8324, 462924
8324, 462924
8324, 462924
8324, 462924
8324, 462924
8324, 462924
8324, 462924
8324, 462924
8324, 462924
8324, 462924
8324, 462924
8324, 462924
8324, 462924
8324, 462924
8324, 462924
8324, 462924
8324, 462924
8324, 462924
8324, 462924
8324, 462924
8324, 462924
8324, 462924
8324, 462924
8324, 462924
8324, 462924
8324, 462924
8324, 462924
8324, 462924
8324, 462924
8324, 462924
8324, 462924
8324, 462924
8324, 462924
8324, 462924
8324, 462924
8324, 462924
8324, 462924
8324, 462924
8324, 462924
8324, 462924
8324, 462924
8324, 462924
8324, 462924
8324, 462924
8324, 462924
8324, 462924
8324, 462924
8324, 462924
8324, 462924
8324, 462924
8324, 462924
8324, 462924
8324, 462924
8324, 462924
8324, 462924
8324, 462924
8324, 462924
8324, 462924
8324, 462924
8324, 462924
8324, 462924
8324, 462924
8324, 462924
8324, 462924
8324, 462924
8324, 462924
8324, 462924
8324, 462924
8324, 462924
8324, 462924
8324, 462924
8324, 462924
8324, 462924
8324, 462924
8324, 462924
8324, 462924
8324, 462924
8324, 462924
8324, 462924
8324, 462924
8324, 462924
8324, 462924
8324, 462924
8324, 462924
8324, 462924
8324, 462924
8324, 462924
8324, 462924
8324, 462924
8324, 462924
8324, 462924
8324, 462924
8324, 462924
8324, 462924
8324, 462924
8324, 462924
8324, 462924
8324, 462924
8324, 462924
8324, 462924
8324, 462924
8324, 462924
8324, 462924
8324, 462924
8324, 462924
8324, 462924
8324, 462924
8324, 462924
8324, 462924
8324, 462924
8324, 462924
8324, 462924
8324, 462924
8324, 462924
8324, 462924
8324, 462924
8324, 462924
8324, 462924
8324, 462924
8324, 462924
8324, 462924
8324, 462924
8324, 462924
8324, 462924
8324, 462924
8324, 462924
8324, 462924
8324, 462924
8324, 462924
8324, 462924
8324, 462924
8324, 462924
8324, 462924
8324, 462924
8324, 462924
8324, 462924
8324, 462924
8324, 462924
8324, 462924
8324, 462924
8324, 462924
8324, 462924
8324, 462924
8324, 462924
8324, 462924
8324, 462924
8324, 462924
8324, 462924
8324, 462924
8324, 462924
8324, 462924
8324, 462924
8324, 462924
8324, 462924
8324, 462924
8324, 462924
8324, 462924
8324, 462924
8324, 462924
8324, 462924
8324, 462924
8324, 462924
8324, 462924
8324, 462924
8324, 462924
8324, 462924
8324, 462924
8324, 462924
8324, 462924
8324, 462924
8324, 462924
8324, 462924
8324, 462924
8324, 462924
8324, 462924
8324, 462924
8324, 462924
8324, 462924
8324, 462924
8324, 462924
8324, 462924
8324, 462924
8324, 462924
8324, 462924
8324, 462924
8324, 462924
8324, 462924
8324, 462924
8324, 462924
8324, 462924
8324, 462924
8324, 462924
8324, 462924
8324, 462924
8324, 462924
8324, 462924
8324, 462924
8324, 462924
8324, 462924
8324, 462924
8324, 462924
8324, 462924
8324, 462924
8324, 462924
8324, 462924
8324, 462924
8324, 462924
8324, 462924
8324, 462924
8324, 462924
8324, 462924
8324, 462924
8324, 462924
8324, 462924
8324, 462924
8324, 462924
8324, 462924
8324, 462924
8324, 462924
8324, 462924
8324, 462924
8324, 462924
8324, 462924
8324, 462924
8324, 462924
8324, 462924
8324, 462924
8324, 462924
8324, 462924
8324, 462924
8324, 462924
8324, 462924
8324, 462924
8324, 462924
8324, 462924
8324, 462924
8324, 462924
8324, 462924
8324, 462924
8324, 462924
8324, 462924
8324, 462924
8324, 462924
8324, 462924
8324, 462924
8324, 462924
8324, 462924
8324, 462924
8324, 462924
8324, 462924
8324, 462924
8324, 462924
8324, 462924
8324, 462924
8324, 462924
8324, 462924
8324, 462924
8324, 462924
8324, 462924
8324, 462924
8324, 462924
8324, 462924
8324, 462924
8324, 462924
8324, 462924
8324, 462924
8324, 462924
8324, 462924
8324, 462924
8324, 462924
8324, 462924
8324, 462924
8324, 462924
8324, 462924
8324, 462924
8324, 462924
8324, 462924
8324, 462924
8324, 462924
8324, 462924
8324, 462924
8324, 462924
8324, 462924
8324, 462924
8324, 462924
8324, 462924
8324, 462924
8324, 462924
8324, 462924
8324, 462924
8324, 462924
8324, 462924
8324, 462924
8324, 462924
8324, 462924
8324, 462924
8324, 462924
8324, 462924
8324, 462924
8324, 462924
8324, 462924
8324, 462924
8324, 462924
8324, 462924
8324, 462924
8324, 462924
8324, 462924
8324, 462924
8324, 462924
8324, 462924
8324, 462924
8324, 462924
8324, 462924
8324, 462924
8324, 462924
8324, 462924
8324, 462924
8324, 462924
8324, 462924
8324, 462924
8324, 462924
8324, 462924
8324, 462924
8324, 462924
8324, 462924
8324, 462924
8324, 462924
8324, 462924
8324, 462924
8324, 462924
8324, 462924
8324, 462924
8324, 462924
8324, 462924
8324, 462924
8324, 462924
8324, 462924
8324, 462924
8324, 462924
8324, 462924
8324, 462924
8324, 462924
8324, 462924
8324, 462924
8324, 462924
8324, 462924
8324, 462924
8324, 462924
8324, 462924
8324, 462924
8324, 462924
8324, 462924
8324, 462924
8324, 462924
8324, 462924
8324, 462924
8324, 462924
8324, 462924
8324, 462924
8324, 462924
8324, 462924
8324, 462924
8324, 462924
8324, 462924
8324, 462924
8324, 462924
8324, 462924
8324, 462924
8324, 462924
8324, 462924
8324, 462924
8324, 462924
8324, 462924
8324, 462924
8324, 462924
8324, 462924
8324, 462924
8324, 462924
8324, 462924
8324, 462924
8324, 462924
8324, 462924
8324, 462924
8324, 462924
8324, 462924
8324, 462924
8324, 462924
8324, 462924
8324, 462924
8324, 462924
8324, 462924
8324, 462924
8324, 462924
8324, 462924
8324, 462924
8324, 462924
8324, 462924
8324, 462924
8324, 462924
8324, 462924
8324, 462924
8324, 462924
8324, 462924
8324, 462924
8324, 462924
8324, 462924
8324, 462924
8324, 462924
8324, 462924
8324, 462924
8324, 462924
8324, 462924
8324, 462924
8324, 462924
8324, 462924
8324, 462924
8324, 462924
8324, 462924
8324, 462924
8324, 462924
8324, 462924
8324, 462924
8324, 462924
8324, 462924
8324, 462924
8324, 462924
8324, 462924
8324, 462924
8324, 462924
8324, 462924
8324, 462924
8324, 462924
8324, 462924
8324, 462924
8324, 462924
8324, 462924
8324, 462924
8324, 462924
8324, 462924
8324, 462924
8324, 462924
8324, 462924
8324, 462924
8324, 462924
8324, 462924
8324, 462924
8324, 462924
8324, 462924
8324, 462924
8324, 462924
8324, 462924
8324, 462924
8324, 462924
8324, 462924
8324, 462924
8324, 462924
8324, 462924
8324, 462924
8324, 462924
8324, 462924
8324, 462924
8324, 462924
8324, 462924
8324, 462924
8324, 462924
8324, 462924
8324, 462924
8324, 462924
8324, 462924
8324, 462924
8324, 462924
8324, 462924
8324, 462924
8324, 462924
8324, 462924
8324, 462924
8324, 462924
8324, 462924
8324, 462924
8324, 462924
8324, 462924
8324, 462924
8324, 462924
8324, 462924
8324, 462924
8324, 462924
8324, 462924
8324, 462924
8324, 462924
8324, 462924
8324, 462924
8324, 462924
8324, 462924
8324, 462924
8324, 462924
8324, 462924
8324, 462924
8324, 462924
8324, 462924
8324, 462924
8324, 462924
8324, 462924
8324, 462924
8324, 462924
8324, 462924
8324, 462924
8324, 462924
8324, 462924
8324, 462924
8324, 462924
8324, 462924
8324, 462924
8324, 462924
8324, 462924
8324, 462924
8324, 462924
8324, 462924
8324, 462924
8324, 462924
8324, 462924
8324, 462924
8324, 462924
8324, 462924
8324, 462924
8324, 462924
8324, 462924
8324, 462924
8324, 462924
8324, 462924
8324, 462924
8324, 462924
8324, 462924
8324, 462924
8324, 462924
8324, 462924
8324, 462924
8324, 462924
8324, 462924
8324, 462924
8324, 462924
8324, 462924
8324, 462924
8324, 462924
8324, 462924
8324, 462924
8324, 462924
8324, 462924
8324, 462924
8324, 462924
8324, 462924
8324, 462924
8324, 462924
8324, 462924
8324, 462924
8324, 462924
8324, 462924
8324, 462924
8324, 462924
8324, 462924
8324, 462924
8324, 462924
8324, 462924
8324, 462924
8324, 462924
8324, 462924
8324, 462924
8324, 462924
8324, 462924
8324, 462924
8324, 462924
8324, 462924
8324, 462924
8324, 462924
8324, 462924
8324, 462924
8324, 462924
8324, 462924
8324, 462924
8324, 462924
8324, 462924
8324, 462924
8324, 462924
8324, 462924
8324, 462924
8324, 462924
8324, 462924
8324, 462924
8324, 462924
8324, 462924
8324, 462924
8324, 462924
8324, 462924
8324, 462924
8324, 462924
8324, 462924
8324, 462924
8324, 462924
8324, 462924
8324, 462924
8324, 462924
8324, 462924
8324, 462924
8324, 462924
8324, 462924
8324, 462924
8324, 462924
8324, 462924
8324, 462924
8324, 462924
8324, 462924
8324, 462924
8324, 462924
8324, 462924
8324, 462924
8324, 462924
8324, 462924
8324, 462924
8324, 462924
8324, 462924
8324, 462924
8324, 462924
8324, 462924
8324, 462924
8324, 462924
8324, 462924
8324, 462924
8324, 462924
8324, 462924
8324, 462924
8324, 462924
8324, 462924
8324, 462924
8324, 462924
8324, 462924
8324, 462924
8324, 462924
8324, 462924
8324, 462924
8324, 462924
8324, 462924
8324, 462924
8324, 462924
8324, 462924
8324, 462924
8324, 462924
8324, 462924
8324, 462924
8324, 462924
8324, 462924
8324, 462924
8324, 462924
8324, 462924
8324, 462924
8324, 462924
8324, 462924
8324, 462924
8324, 462924
8324, 462924
8324, 462924
8324, 462924
8324, 462924
8324, 462924
8324, 462924
8324, 462924
8324, 462924
8324, 462924
8324, 462924
8324, 462924
8324, 462924
8324, 462924
8324, 462924
8324, 462924
8324, 462924
8324, 462924
8324, 462924
8324, 462924
8324, 462924
8324, 462924
8324, 462924
8324, 462924
8324, 462924
8324, 462924
8324, 462924
8324, 462924
8324, 462924
8324, 462924
8324, 462924
8324, 462924
8324, 462924
8324, 462924
8324, 462924
8324, 462924
8324, 462924
8324, 462924
8324, 462924
8324, 462924
8324, 462924
8324, 462924
8324, 462924
8324, 462924
8324, 462924
8324, 462924
8324, 462924
8324, 462924
8324, 462924
8324, 462924
8324, 462924
8324, 462924
8324, 462924
8324, 462924
8324, 462924
8324, 462924
8324, 462924
8324, 462924
8324, 462924
8324, 462924
8324, 462924
8324, 462924
8324, 462924
8324, 462924
8324, 462924
8324, 462924
8324, 462924
8324, 462924
8324, 462924
8324, 462924
8324, 462924
8324, 462924
8324, 462924
8324, 462924
8324, 462924
8324, 462924
8324, 462924
8324, 462924
8324, 462924
8324, 462924
8324, 462924
8324, 462924
8324, 462924
8324, 462924
8324, 462924
8324, 462924
8324, 462924
8324, 462924
8324, 462924
8324, 462924
8324, 462924
8324, 462924
8324, 462924
8324, 462924
8324, 462924
8324, 462924
8324, 462924
8324, 462924
8324, 462924
8324, 462924
8324, 462924
8324, 462924
8324, 462924
8324, 462924
8324, 462924
8324, 462924
8324, 462924
8324, 462924
8324, 462924
8324, 462924
8324, 462924
8324, 462924
8324, 462924
8324, 462924
8324, 462924
8324, 462924
8324, 462924
8324, 462924
8324, 462924
8324, 462924
8324, 462924
8324, 462924
8324, 462924
8324, 462924
8324, 462924
8324, 462924
8324, 462924
8324, 462924
8324, 462924
8324, 462924
8324, 462924
8324, 462924
8324, 462924
8324, 462924
8324, 462924
8324, 462924
8324, 462924
8324, 462924
8324, 462924
8324, 462924
8324, 462924
8324, 462924
8324, 462924
8324, 462924
8324, 462924
8324, 462924
8324, 462924
8324, 462924
8324, 462924
8324, 462924
8324, 462924
8324, 462924
8324, 462924
8324, 462924
8324, 462924
8324, 462924
8324, 462924
8324, 462924
8324, 462924
8324, 462924
8324, 462924
8324, 462924
8324, 462924
8324, 462924
8324, 462924
8324, 462924
8324, 462924
8324, 462924
8324, 462924
8324, 462924
8324, 462924
8324, 462924
8324, 462924
8324, 462924
8324, 462924
8324, 462924
8324, 462924
8324, 462924
8324, 462924
8324, 462924
8324, 462924
8324, 462924
8324, 462924
8324, 462924
8324, 462924
8324, 462924
8324, 462924
8324, 462924
8324, 462924
8324, 462924
8324, 462924
8324, 462924
8324, 462924
8324, 462924
8324, 462924
8324, 462924
8324, 462924
8324, 462924
8324, 462924
8324, 462924
8324, 462924
8324, 462924
8324, 462924
8324, 462924
8324, 462924
8324, 462924
8324, 462924
8324, 462924
8324, 462924
8324, 462924
8324, 462924
8324, 462924
8324, 462924
8324, 462924
8324, 462924
8324, 462924
8324, 462924
8324, 462924
8324, 462924
8324, 462924
8324, 462924
8324, 462924
8324, 462924
8324, 462924
8324, 462924
8324, 462924
8324, 462924
8324, 462924
8324, 462924
8324, 462924
8324, 462924
8324, 462924
8324, 462924
8324, 462924
8324, 462924
8324, 462924
8324, 462924
8324, 462924
8324, 462924
8324, 462924
8324, 462924
8324, 462924
8324, 462924
8324, 462924
8324, 462924
8324, 462924
8324, 462924
8324, 462924
8324, 462924
8324, 462924
8324, 462924
8324, 462924
8324, 462924
8324, 462924
8324, 462924
8324, 462924
8324, 462924
8324, 462924
8324, 462924
8324, 462924
8324, 462924
8324, 462924
8324, 462924
8324, 462924
8324, 462924
8324, 462924
8324, 462924
8324, 462924
8324, 462924
8324, 462924
8324, 462924
8324, 462924
8324, 462924
8324, 462924
8324, 462924
8324, 462924
8324, 462924
8324, 462924
8324, 462924
8324, 462924
8324, 462924
8324, 462924
8324, 462924
8324, 462924
8324, 462924
8324, 462924
8324, 462924
8324, 462924
8324, 462924
8324, 462924
8324, 462924
8324, 462924
8324, 462924
8324, 462924
8324, 462924
8324, 462924
8324, 462924
8324, 462924
8324, 462924
8324, 462924
8324, 462924
8324, 462924
8324, 462924
8324, 462924
8324, 462924
8324, 462924
8324, 462924
8324, 462924
8324, 462924
8324, 462924
8324, 462924
8324, 462924
8324, 462924
8324, 462924
8324, 462924
8324, 462924
8324, 462924
8324, 462924
8324, 462924
8324, 462924
8324, 462924
8324, 462924
8324, 462924
8324, 462924
8324, 462924
8324, 462924
8324, 462924
8324, 462924
8324, 462924
8324, 462924
8324, 462924
8324, 462924
8324, 462924
8324, 462924
8324, 462924
8324, 462924
8324, 462924
8324, 462924
8324, 462924
8324, 462924
8324, 462924
8324, 462924
8324, 462924
8324, 462924
8324, 462924
8324, 462924
8324, 462924
8324, 462924
8324, 462924
8324, 462924
8324, 462924
8324, 462924
8324, 462924
8324, 462924
8324, 462924
8324, 462924
8324, 462924
8324, 462924
8324, 462924
8324, 462924
8324, 462924
8324, 462924
8324, 462924
8324, 462924
8324, 462924
8324, 462924
8324, 462924
8324, 462924
8324, 462924
8324, 462924
8324, 462924
8324, 462924
8324, 462924
8324, 462924
8324, 462924
8324, 462924
8324, 462924
8324, 462924
8324, 462924
8324, 462924
8324, 462924
8324, 462924
8324, 462924
8324, 462924
8324, 462924
8324, 462924
8324, 462924
8324, 462924
8324, 462924
8324, 462924
8324, 462924
8324, 462924
8324, 462924
8324, 462924
8324, 462924
8324, 462924
8324, 462924
8324, 462924
8324, 462924
8324, 462924
8324, 462924
8324, 462924
8324, 462924
8324, 462924
8324, 462924
8324, 462924
8324, 462924
8324, 462924
8324, 462924
8324, 462924
8324, 462924
8324, 462924
8324, 462924
8324, 462924
8324, 462924
8324, 462924
8324, 462924
8324, 462924
8324, 462924
8324, 462924
8324, 462924
8324, 462924
8324, 462924
8324, 462924
8324, 462924
8324, 462924
8324, 462924
8324, 462924
8324, 462924
8324, 462924
8324, 462924
8324, 462924
8324, 462924
8324, 462924
8324, 462924
8324, 462924
8324, 462924
8324, 462924
8324, 462924
8324, 462924
8324, 462924
8324, 462924
8324, 462924
8324, 462924
8324, 462924
8324, 462924
8324, 462924
8324, 462924
8324, 462924
8324, 462924
8324, 462924
8324, 462924
8324, 462924
8324, 462924
8324, 462924
8324, 462924
8324, 462924
8324, 462924
8324, 462924
8324, 462924
8324, 462924
8324, 462924
8324, 462924
8324, 462924
8324, 462924
8324, 462924
8324, 462924
8324, 462924
8324, 462924
8324, 462924
8324, 462924
8324, 462924
8324, 462924
8324, 462924
8324, 462924
8324, 462924
8324, 462924
8324, 462924
8324, 462924
8324, 462924
8324, 462924
8324, 462924
8324, 462924
8324, 462924
8324, 462924
8324, 462924
8324, 462924
8324, 462924
8324, 462924
8324, 462924
8324, 462924
8324, 462924
8324, 462924
8324, 462924
8324, 462924
8324, 462924
8324, 462924
8324, 462924
8324, 462924
8324, 462924
8324, 462924
8324, 462924
8324, 462924
8324, 462924
8324, 462924
8324, 462924
8324, 462924
8324, 462924
8324, 462924
8324, 462924
8324, 462924
8324, 462924
8324, 462924
8324, 462924
8324, 462924
8324, 462924
8324, 462924
8324, 462924
8324, 462924
8324, 462924
8324, 462924
8324, 462924
8324, 462924
8324, 462924
8324, 462924
8324, 462924
8324, 462924
8324, 462924
8324, 462924
8324, 462924
8324, 462924
8324, 462924
8324, 462924
8324, 462924
8324, 462924
8324, 462924
8324, 462924
8324, 462924
8324, 462924
8324, 462924
8324, 462924
8324, 462924
8324, 462924
8324, 462924
8324, 462924
8324, 462924
8324, 462924
8324, 462924
8324, 462924
8324, 462924
8324, 462924
8324, 462924
8324, 462924
8324, 462924
8324, 462924
8324, 462924
8324, 462924
8324, 462924
8324, 462924
8324, 462924
8324, 462924
8324, 462924
8324, 462924
8324, 462924
8324, 462924
8324, 462924
8324, 462924
8324, 462924
8324, 462924
8324, 462924
8324, 462924
8324, 462924
8324, 462924
8324, 462924
8324, 462924
8324, 462924
8324, 462924
8324, 462924
8324, 462924
8324, 462924
8324, 462924
8324, 462924
8324, 462924
8324, 462924
8324, 462924
8324, 462924
8324, 462924
8324, 462924
8324, 462924
8324, 462924
8324, 462924
8324, 462924
8324, 462924
8324, 462924
8324, 462924
8324, 462924
8324, 462924
8324, 462924
8324, 462924
8324, 462924
8324, 462924
8324, 462924
8324, 462924
8324, 462924
8324, 462924
8324, 462924
8324, 462924
8324, 462924
8324, 462924
8324, 462924
8324, 462924
8324, 462924
8324, 462924
8324, 462924
8324, 462924
8324, 462924
8324, 462924
8324, 462924
8324, 462924
8324, 462924
8324, 462924
8324, 462924
8324, 462924
8324, 462924
8324, 462924
8324, 462924
8324, 462924
8324, 462924
8324, 462924
8324, 462924
8324, 462924
8324, 462924
8324, 462924
8324, 462924
8324, 462924
8324, 462924
8324, 462924
8324, 462924
8324, 462924
8324, 462924
8324, 462924
8324, 462924
8324, 462924
8324, 462924
8324, 462924
8324, 462924
8324, 462924
8324, 462924
8324, 462924
8324, 462924
8324, 462924
8324, 462924
8324, 462924
8324, 462924
8324, 462924
8324, 462924
8324, 462924
8324, 462924
8324, 462924
8324, 462924
8324, 462924
8324, 462924
8324, 462924
8324, 462924
8324, 462924
8324, 462924
8324, 462924
8324, 462924
8324, 462924
8324, 462924
8324, 462924
8324, 462924
8324, 462924
8324, 462924
8324, 462924
8324, 462924
8324, 462924
8324, 462924
8324, 462924
8324, 462924
8324, 462924
8324, 462924
8324, 462924
8324, 462924
8324, 462924
8324, 462924
8324, 462924
8324, 462924
8324, 462924
8324, 462924
8324, 462924
8324, 462924
8324, 462924
8324, 462924
8324, 462924
8324, 462924
8324, 462924
8324, 462924
8324, 462924
8324, 462924
8324, 462924
8324, 462924
8324, 462924
8324, 462924
8324, 462924
8324, 462924
8324, 462924
8324, 462924
8324, 462924
8324, 462924
8324, 462924
8324, 462924
8324, 462924
8324, 462924
8324, 462924
8324, 462924
8324, 462924
8324, 462924
8324, 462924
8324, 462924
8324, 462924
8324, 462924
8324, 462924
8324, 462924
8324, 462924
8324, 462924
8324, 462924
8324, 462924
8324, 462924
8324, 462924
8324, 462924
8324, 462924
8324, 462924
8324, 462924
8324, 462924
8324, 462924
8324, 462924
8324, 462924
8324, 462924
8324, 462924
8324, 462924
8324, 462924
8324, 462924
8324, 462924
8324, 462924
8324, 462924
8324, 462924
8324, 462924
8324, 462924
8324, 462924
8324, 462924
8324, 462924
8324, 462924
8324, 462924
8324, 462924
8324, 462924
8324, 462924
8324, 462924
8324, 462924
8324, 462924
8324, 462924
8324, 462924
8324, 462924
8324, 462924
8324, 462924
8324, 462924
8324, 462924
8324, 462924
8324, 462924
8324, 462924
8324, 462924
8324, 462924
8324, 462924
8324, 462924
8324, 462924
8324, 462924
8324, 462924
8324, 462924
8324, 462924
8324, 462924
8324, 462924
8324, 462924
8324, 462924
8324, 462924
8324, 462924
8324, 462924
8324, 462924
8324, 462924
8324, 462924
8324, 462924
8324, 462924
8324, 462924
8324, 462924
8324, 462924
8324, 462924
8324, 462924
8324, 462924
8324, 462924
8324, 462924
8324, 462924
8324, 462924
8324, 462924
8324, 462924
8324, 462924
8324, 462924
8324, 462924
8324, 462924
8324, 462924
8324, 462924
8324, 462924
8324, 462924
8324, 462924
8324, 462924
8324, 462924
8324, 462924
8324, 462924
8324, 462924
8324, 462924
8324, 462924
8324, 462924
8324, 462924
8324, 462924
8324, 462924
8324, 462924
8324, 462924
8324, 462924
8324, 462924
8324, 462924
8324, 462924
8324, 462924
8324, 462924
8324, 462924
8324, 462924
8324, 462924
8324, 462924
8324, 462924
8324, 462924
8324, 462924
8324, 462924
8324, 462924
8324, 462924
8324, 462924
8324, 462924
8324, 462924
8324, 462924
8324, 462924
8324, 462924
8324, 462924
8324, 462924
8324, 462924
8324, 462924
8324, 462924
8324, 462924
8324, 462924
8324, 462924
8324, 462924
8324, 462924
8324, 462924
8324, 462924
8324, 462924
8324, 462924
8324, 462924
8324, 462924
8324, 462924
8324, 462924
8324, 462924
8324, 462924
8324, 462924
8324, 462924
8324, 462924
8324, 462924
8324, 462924
8324, 462924
8324, 462924
8324, 462924
8324, 462924
8324, 462924
8324, 462924
8324, 462924
8324, 462924
8324, 462924
8324, 462924
8324, 462924
8324, 462924
8324, 462924
8324, 462924
8324, 462924
8324, 462924
8324, 462924
8324, 462924
8324, 462924
8324, 462924
8324, 462924
8324, 462924
8324, 462924
8324, 462924
8324, 462924
8324, 462924
8324, 462924
8324, 462924
8324, 462924
8324, 462924
8324, 462924
8324, 462924
8324, 462924
8324, 462924
8324, 462924
8324, 462924
8324, 462924
8324, 462924
8324, 462924
8324, 462924
8324, 462924
8324, 462924
8324, 462924
8324, 462924
8324, 462924
8324, 462924
8324, 462924
8324, 462924
8324, 462924
8324, 462924
8324, 462924
8324, 462924
8324, 462924
8324, 462924
8324, 462924
8324, 462924
8324, 462924
8324, 462924
8324, 462924
8324, 462924
8324, 462924
8324, 462924
8324, 462924
8324, 462924
8324, 462924
8324, 462924
8324, 462924
8324, 462924
8324, 462924
8324, 462924
8324, 462924
8324, 462924
8324, 462924
8324, 462924
8324, 462924
8324, 462924
8324, 462924
8324, 462924
8324, 462924
8324, 462924
8324, 462924
8324, 462924
8324, 462924
8324, 462924
8324, 462924
8324, 462924
8324, 462924
8324, 462924
8324, 462924
8324, 462924
8324, 462924
8324, 462924
8324, 462924
8324, 462924
8324, 462924
8324, 462924
8324, 462924
8324, 462924
8324, 462924
8324, 462924
8324, 462924
8324, 462924
8324, 462924
8324, 462924
8324, 462924
8324, 462924
8324, 462924
8324, 462924
8324, 462924
8324, 462924
8324, 462924
8324, 462924
8324, 462924
8324, 462924
8324, 462924
8324, 462924
8324, 462924
8324, 462924
8324, 462924
8324, 462924
8324, 462924
8324, 462924
8324, 462924
8324, 462924
8324, 462924
8324, 462924
8324, 462924
8324, 462924
8324, 462924
8324, 462924
8324, 462924
8324, 462924
8324, 462924
8324, 462924
8324, 462924
8324, 462924
8324, 462924
8324, 462924
8324, 462924
8324, 462924
8324, 462924
8324, 462924
8324, 462924
8324, 462924
8324, 462924
8324, 462924
8324, 462924
8324, 462924
8324, 462924
8324, 462924
8324, 462924
8324, 462924
8324, 462924
8324, 462924
8324, 462924
8324, 462924
8324, 462924
8324, 462924
8324, 462924
8324, 462924
8324, 462924
8324, 462924
8324, 462924
8324, 462924
8324, 462924
8324, 462924
8324, 462924
8324, 462924
8324, 462924
8324, 462924
8324, 462924
8324, 462924
8324, 462924
8324, 462924
8324, 462924
8324, 462924
8324, 462924
8324, 462924
8324, 462924
8324, 462924
8324, 462924
8324, 462924
8324, 462924
8324, 462924
8324, 462924
8324, 462924
8324, 462924
8324, 462924
8324, 462924
8324, 462924
8324, 462924
8324, 462924
8324, 462924
8324, 462924
8324, 462924
8324, 462924
8324, 462924
8324, 462924
8324, 462924
8324, 462924
8324, 462924
8324, 462924
8324, 462924
8324, 462924
8324, 462924
8324, 462924
8324, 462924
8324, 462924
8324, 462924
8324, 462924
8324, 462924
8324, 462924
8324, 462924
8324, 462924
8324, 462924
8324, 462924
8324, 462924
8324, 462924
8324, 462924
8324, 462924
8324, 462924
8324, 462924
8324, 462924
8324, 462924
8324, 462924
8324, 462924
8324, 462924
8324, 462924
8324, 462924
8324, 462924
8324, 462924
8324, 462924
8324, 462924
8324, 462924
8324, 462924
8324, 462924
8324, 462924
8324, 462924
8324, 462924
8324, 462924
8324, 462924
8324, 462924
8324, 462924
8324, 462924
8324, 462924
8324, 462924
8324, 462924
8324, 462924
8324, 462924
8324, 462924
8324, 462924
8324, 462924
8324, 462924
8324, 462924
8324, 462924
8324, 462924
8324, 462924
8324, 462924
8324, 462924
8324, 462924
8324, 462924
8324, 462924
8324, 462924
8324, 462924
8324, 462924
8324, 462924
8324, 462924
8324, 462924
8324, 462924
8324, 462924
8324, 462924
8324, 462924
8324, 462924
8324, 462924
8324, 462924
8324, 462924
8324, 462924
8324, 462924
8324, 462924
8324, 462924
8324, 462924
8324, 462924
8324, 462924
8324, 462924
8324, 462924
8324, 462924
8324, 462924
8324, 462924
8324, 462924
8324, 462924
8324, 462924
8324, 462924
8324, 462924
8324, 462924
8324, 462924
8324, 462924
8324, 462924
8324, 462924
8324, 462924
8324, 462924
8324, 462924
8324, 462924
8324, 462924
8324, 462924
8324, 462924
8324, 462924
8324, 462924
8324, 462924
8324, 462924
8324, 462924
8324, 462924
8324, 462924
8324, 462924
8324, 462924
8324, 462924
8324, 462924
8324, 462924
8324, 462924
8324, 462924
8324, 462924
8324, 462924
8324, 462924
8324, 462924
8324, 462924
8324, 462924
8324, 462924
8324, 462924
8324, 462924
8324, 462924
8324, 462924
8324, 462924
8324, 462924
8324, 462924
8324, 462924
8324, 462924
8324, 462924
8324, 462924
8324, 462924
8324, 462924
8324, 462924
8324, 462924
8324, 462924
8324, 462924
8324, 462924
8324, 462924
8324, 462924
8324, 462924
8324, 462924
8324, 462924
8324, 462924
8324, 462924
8324, 462924
8324, 462924
8324, 462924
8324, 462924
8324, 462924
8324, 462924
8324, 462924
8324, 462924
8324, 462924
8324, 462924
8324, 462924
8324, 462924
8324, 462924
8324, 462924
8324, 462924
8324, 462924
8324, 462924
8324, 462924
8324, 462924
8324, 462924
8324, 462924
8324, 462924
8324, 462924
8324, 462924
8324, 462924
8324, 462924
8324, 462924
8324, 462924
8324, 462924
8324, 462924
8324, 462924
8324, 462924
8324, 462924
8324, 462924
8324, 462924
8324, 462924
8324, 462924
8324, 462924
8324, 462924
8324, 462924
8324, 462924
8324, 462924
8324, 462924
8324, 462924
8324, 462924
8324, 462924
8324, 462924
8324, 462924
8324, 462924
8324, 462924
8324, 462924
8324, 462924
8324, 462924
8324, 462924
8324, 462924
8324, 462924
8324, 462924
8324, 462924
8324, 462924
8324, 462924
8324, 462924
8324, 462924
8324, 462924
8324, 462924
8324, 462924
8324, 462924
8324, 462924
8324, 462924
8324, 462924
8324, 462924
8324, 462924
8324, 462924
8324, 462924
8324, 462924
8324, 462924
8324, 462924
8324, 462924
8324, 462924
8324, 462924
8324, 462924
8324, 462924
8324, 462924
8324, 462924
8324, 462924
8324, 462924
8324, 462924
8324, 462924
8324, 462924
8324, 462924
8324, 462924
8324, 462924
8324, 462924
8324, 462924
8324, 462924
8324, 462924
8324, 462924
8324, 462924
8324, 462924
8324, 462924
8324, 462924
8324, 462924
8324, 462924
8324, 462924
8324, 462924
8324, 462924
8324, 462924
8324, 462924
8324, 462924
8324, 462924
8324, 462924
8324, 462924
8324, 462924
8324, 462924
8324, 462924
8324, 462924
8324, 462924
8324, 462924
8324, 462924
8324, 462924
8324, 462924
8324, 462924
8324, 462924
8324, 462924
8324, 462924
8324, 462924
8324, 462924
8324, 462924
8324, 462924
8324, 462924
8324, 462924
8324, 462924
8324, 462924
8324, 462924
8324, 462924
8324, 462924
8324, 462924
8324, 462924
8324, 462924
8324, 462924
8324, 462924
8324, 462924
8324, 462924
8324, 462924
8324, 462924
8324, 462924
8324, 462924
8324, 462924
8324, 462924
8324, 462924
8324, 462924
8324, 462924
8324, 462924
8324, 462924
8324, 462924
8324, 462924
8324, 462924
8324, 462924
8324, 462924
8324, 462924
8324, 462924
8324, 462924
8324, 462924
8324, 462924
8324, 462924
8324, 462924
8324, 462924
8324, 462924
8324, 462924
8324, 462924
8324, 462924
8324, 462924
8324, 462924
8324, 462924
8324, 462924
8324, 462924
8324, 462924
8324, 462924
8324, 462924
8324, 462924
8324, 462924
8324, 462924
8324, 462924
8324, 462924
8324, 462924
8324, 462924
8324, 462924
8324, 462924
8324, 462924
8324, 462924
8324, 462924
8324, 462924
8324, 462924
8324, 462924
8324, 462924
8324, 462924
8324, 462924
8324, 462924
8324, 462924
8324, 462924
8324, 462924
8324, 462924
8324, 462924
8324, 462924
8324, 462924
8324, 462924
8324, 462924
8324, 462924
8324, 462924
8324, 462924
8324, 462924
8324, 462924
8324, 462924
8324, 462924
8324, 462924
8324, 462924
8324, 462924
8324, 462924
8324, 462924
8324, 462924
8324, 462924
8324, 462924
8324, 462924
8324, 462924
8324, 462924
8324, 462924
8324, 462924
8324, 462924
8324, 462924
8324, 462924
8324, 462924
8324, 462924
8324, 462924
8324, 462924
8324, 462924
8324, 462924
8324, 462924
8324, 462924
8324, 462924
8324, 462924
8324, 462924
8324, 462924
8324, 462924
8324, 462924
8324, 462924
8324, 462924
8324, 462924
8324, 462924
8324, 462924
8324, 462924
8324, 462924
8324, 462924
8324, 462924
8324, 462924
8324, 462924
8324, 462924
8324, 462924
8324, 462924
8324, 462924
8324, 462924
8324, 462924
8324, 462924
8324, 462924
8324, 462924
8324, 462924
8324, 462924
8324, 462924
8324, 462924
8324, 462924
8324, 462924
8324, 462924
8324, 462924
8324, 462924
8324, 462924
8324, 462924
8324, 462924
8324, 462924
8324, 462924
8324, 462924
8324, 462924
8324, 462924
8324, 462924
8324, 462924
8324, 462924
8324, 462924
8324, 462924
8324, 462924
8324, 462924
8324, 462924
8324, 462924
8324, 462924
8324, 462924
8324, 462924
8324, 462924
8324, 462924
8324, 462924
8324, 462924
8324, 462924
8324, 462924
8324, 462924
8324, 462924
8324, 462924
8324, 462924
8324, 462924
8324, 462924
8324, 462924
8324, 462924
8324, 462924
8324, 462924
8324, 462924
8324, 462924
8324, 462924
8324, 462924
8324, 462924
8324, 462924
8324, 462924
8324, 462924
8324, 462924
8324, 462924
8324, 462924
8324, 462924
8324, 462924
8324, 462924
8324, 462924
8324, 462924
8324, 462924
8324, 462924
8324, 462924
8324, 462924
8324, 462924
8324, 462924
8324, 462924
8324, 462924
8324, 462924
8324, 462924
8324, 462924
8324, 462924
8324, 462924
8324, 462924
8324, 462924
8324, 462924
8324, 462924
8324, 462924
8324, 462924
8324, 462924
8324, 462924
8324, 462924
8324, 462924
8324, 462924
8324, 462924
8324, 462924
8324, 462924
8324, 462924
8324, 462924
8324, 462924
8324, 462924
8324, 462924
8324, 462924
8324, 462924
8324, 462924
8324, 462924
8324, 462924
8324, 462924
8324, 462924
8324, 462924
8324, 462924
8324, 462924
8324, 462924
8324, 462924
8324, 462924
8324, 462924
8324, 462924
8324, 462924
8324, 462924
8324, 462924
8324, 462924
8324, 462924
8324, 462924
8324, 462924
8324, 462924
8324, 462924
8324, 462924
8324, 462924
8324, 462924
8324, 462924
8324, 462924
8324, 462924
8324, 462924
8324, 462924
8324, 462924
8324, 462924
8324, 462924
8324, 462924
8324, 462924
8324, 462924
8324, 462924
8324, 462924
8324, 462924
8324, 462924
8324, 462924
8324, 462924
8324, 462924
8324, 462924
8324, 462924
8324, 462924
8324, 462924
8324, 462924
8324, 462924
8324, 462924
8324, 462924
8324, 462924
8324, 462924
8324, 462924
8324, 462924
8324, 462924
8324, 462924
8324, 462924
8324, 462924
8324, 462924
8324, 462924
8324, 462924
8324, 462924
8324, 462924
8324, 462924
8324, 462924
8324, 462924
8324, 462924
8324, 462924
8324, 462924
8324, 462924
8324, 462924
8324, 462924
8324, 462924
8324, 462924
8324, 462924
8324, 462924
8324, 462924
8324, 462924
8324, 462924
8324, 462924
8324, 462924
8324, 462924
8324, 462924
8324, 462924
8324, 462924
8324, 462924
8324, 462924
8324, 462924
8324, 462924
8324, 462924
8324, 462924
8324, 462924
8324, 462924
8324, 462924
8324, 462924
8324, 462924
8324, 462924
8324, 462924
8324, 462924
8324, 462924
8324, 462924
8324, 462924
8324, 462924
8324, 462924
8324, 462924
8324, 462924
8324, 462924
8324, 462924
8324, 462924
8324, 462924
8324, 462924
8324, 462924
8324, 462924
8324, 462924
8324, 462924
8324, 462924
8324, 462924
8324, 462924
8324, 462924
8324, 462924
8324, 462924
8324, 462924
8324, 462924
8324, 462924
8324, 462924
8324, 462924
8324, 462924
8324, 462924
8324, 462924
8324, 462924
8324, 462924
8324, 462924
8324, 462924
8324, 462924
8324, 462924
8324, 462924
8324, 462924
8324, 462924
8324, 462924
8324, 462924
8324, 462924
8324, 462924
8324, 462924
8324, 462924
8324, 462924
8324, 462924
8324, 462924
8324, 462924
8324, 462924
8324, 462924
8324, 462924
8324, 462924
8324, 462924
8324, 462924
8324, 462924
8324, 462924
8324, 462924
8324, 462924
8324, 462924
8324, 462924
8324, 462924
8324, 462924
8324, 462924
8324, 462924
8324, 462924
8324, 462924
8324, 462924
8324, 462924
8324, 462924
8324, 462924
8324, 462924
8324, 462924
8324, 462924
8324, 462924
8324, 462924
8324, 462924
8324, 462924
8324, 462924
8324, 462924
8324, 462924
8324, 462924
8324, 462924
8324, 462924
8324, 462924
8324, 462924
8324, 462924
8324, 462924
8324, 462924
8324, 462924
8324, 462924
8324, 462924
8324, 462924
8324, 462924
8324, 462924
8324, 462924
8324, 462924
8324, 462924
8324, 462924
8324, 462924
8324, 462924
8324, 462924
8324, 462924
8324, 462924
8324, 462924
8324, 462924
8324, 462924
8324, 462924
8324, 462924
8324, 462924
8324, 462924
8324, 462924
8324, 462924
8324, 462924
8324, 462924
8324, 462924
8324, 462924
8324, 462924
8324, 462924
8324, 462924
8324, 462924
8324, 462924
8324, 462924
8324, 462924
8324, 462924
8324, 462924
8324, 462924
8324, 462924
8324, 462924
8324, 462924
8324, 462924
8324, 462924
8324, 462924
8324, 462924
8324, 462924
8324, 462924
8324, 462924
8324, 462924
8324, 462924
8324, 462924
8324, 462924
8324, 462924
8324, 462924
8324, 462924
8324, 462924
8324, 462924
8324, 462924
8324, 462924
8324, 462924
8324, 462924
8324, 462924
8324, 462924
8324, 462924
8324, 462924
8324, 462924
8324, 462924
8324, 462924
8324, 462924
8324, 462924
8324, 462924
8324, 462924
8324, 462924
8324, 462924
8324, 462924
8324, 462924
8324, 462924
8324, 462924
8324, 462924
8324, 462924
8324, 462924
8324, 462924
8324, 462924
8324, 462924
8324, 462924
8324, 462924
8324, 462924
8324, 462924
8324, 462924
8324, 462924
8324, 462924
8324, 462924
8324, 462924
8324, 462924
8324, 462924
8324, 462924
8324, 462924
8324, 462924
8324, 462924
8324, 462924
8324, 462924
8324, 462924
8324, 462924
8324, 462924
8324, 462924
8324, 462924
8324, 462924
8324, 462924
8324, 462924
8324, 462924
8324, 462924
8324, 462924
8324, 462924
8324, 462924
8324, 462924
8324, 462924
8324, 462924
8324, 462924
8324, 462924
8324, 462924
8324, 462924
8324, 462924
8324, 462924
8324, 462924
8324, 462924
8324, 462924
8324, 462924
8324, 462924
8324, 462924
8324, 462924
8324, 462924
8324, 462924
8324, 462924
8324, 462924
8324, 462924
8324, 462924
8324, 462924
8324, 462924
8324, 462924
8324, 462924
8324, 462924
8324, 462924
8324, 462924
8324, 462924
8324, 462924
8324, 462924
8324, 462924
8324, 462924
8324, 462924
8324, 462924
8324, 462924
8324, 462924
8324, 462924
8324, 462924
8324, 462924
8324, 462924
8324, 462924
8324, 462924
8324, 462924
8324, 462924
8324, 462924
8324, 462924
8324, 462924
8324, 462924
8324, 462924
8324, 462924
8324, 462924
8324, 462924
8324, 462924
8324, 462924
8324, 462924
8324, 462924
8324, 462924
8324, 462924
8324, 462924
8324, 462924
8324, 462924
8324, 462924
8324, 462924
8324, 462924
8324, 462924
8324, 462924
8324, 462924
8324, 462924
8324, 462924
8324, 462924
8324, 462924
8324, 462924
8324, 462924
8324, 462924
8324, 462924
8324, 462924
8324, 462924
8324, 462924
8324, 462924
8324, 462924
8324, 462924
8324, 462924
8324, 462924
8324, 462924
8324, 462924
8324, 462924
8324, 462924
8324, 462924
8324, 462924
8324, 462924
8324, 462924
8324, 462924
8324, 462924
8324, 462924
8324, 462924
8324, 462924
8324, 462924
8324, 462924
8324, 462924
8324, 462924
8324, 462924
8324, 462924
8324, 462924
8324, 462924
8324, 462924
8324, 462924
8324, 462924
8324, 462924
8324, 462924
8324, 462924
8324, 462924
8324, 462924
8324, 462924
8324, 462924
8324, 462924
8324, 462924
8324, 462924
8324, 462924
8324, 462924
8324, 462924
8324, 462924
8324, 462924
8324, 462924
8324, 462924
8324, 462924
8324, 462924
8324, 462924
8324, 462924
8324, 462924
8324, 462924
8324, 462924
8324, 462924
8324, 462924
8324, 462924
8324, 462924
8324, 462924
8324, 462924
8324, 462924
8324, 462924
8324, 462924
8324, 462924
8324, 462924
8324, 462924
8324, 462924
8324, 462924
8324, 462924
8324, 462924
8324, 462924
8324, 462924
8324, 462924
8324, 462924
8324, 462924
8324, 462924
8324, 462924
8324, 462924
8324, 462924
8324, 462924
8324, 462924
8324, 462924
8324, 462924
8324, 462924
8324, 462924
8324, 462924
8324, 462924
8324, 462924
8324, 462924
8324, 462924
8324, 462924
8324, 462924
8324, 462924
8324, 462924
8324, 462924
8324, 462924
8324, 462924
8324, 462924
8324, 462924
8324, 462924
8324, 462924
8324, 462924
8324, 462924
8324, 462924
8324, 462924
8324, 462924
8324, 462924
8324, 462924
8324, 462924
8324, 462924
8324, 462924
8324, 462924
8324, 462924
8324, 462924
8324, 462924
8324, 462924
8324, 462924
8324, 462924
8324, 462924
8324, 462924
8324, 462924
8324, 462924
8324, 462924
8324, 462924
8324, 462924
8324, 462924
8324, 462924
8324, 462924
8324, 462924
8324, 462924
8324, 462924
8324, 462924
8324, 462924
8324, 462924
8324, 462924
8324, 462924
8324, 462924
8324, 462924
8324, 462924
8324, 462924
8324, 462924
8324, 462924
8324, 462924
8324, 462924
8324, 462924
8324, 462924
8324, 462924
8324, 462924
8324, 462924
8324, 462924
8324, 462924
8324, 462924
8324, 462924
8324, 462924
8324, 462924
8324, 462924
8324, 462924
8324, 462924
8324, 462924
8324, 462924
8324, 462924
8324, 462924
8324, 462924
8324, 462924
8324, 462924
8324, 462924
8324, 462924
8324, 462924
8324, 462924
8324, 462924
8324, 462924
8324, 462924
8324, 462924
8324, 462924
8324, 462924
8324, 462924
8324, 462924
8324, 462924
8324, 462924
8324, 462924
8324, 462924
8324, 462924
8324, 462924
8324, 462924
8324, 462924
8324, 462924
8324, 462924
8324, 462924
8324, 462924
8324, 462924
8324, 462924
8324, 462924
8324, 462924
8324, 462924
8324, 462924
8324, 462924
8324, 462924
8324, 462924
8324, 462924
8324, 462924
8324, 462924
8324, 462924
8324, 462924
8324, 462924
8324, 462924
8324, 462924
8324, 462924
8324, 462924
8324, 462924
8324, 462924
8324, 462924
8324, 462924
8324, 462924
8324, 462924
8324, 462924
8324, 462924
8324, 462924
8324, 462924
8324, 462924
8324, 462924
8324, 462924
8324, 462924
8324, 462924
8324, 462924
8324, 462924
8324, 462924
8324, 462924
8324, 462924
8324, 462924
8324, 462924
8324, 462924
8324, 462924
8324, 462924
8324, 462924
8324, 462924
8324, 462924
8324, 462924
8324, 462924
8324, 462924
8324, 462924
8324, 462924
8324, 462924
8324, 462924
8324, 462924
8324, 462924
8324, 462924
8324, 462924
8324, 462924
8324, 462924
8324, 462924
8324, 462924
8324, 462924
8324, 462924
8324, 462924
8324, 462924
8324, 462924
8324, 462924
8324, 462924
8324, 462924
8324, 462924
8324, 462924
8324, 462924
8324, 462924
8324, 462924
8324, 462924
8324, 462924
8324, 462924
8324, 462924
8324, 462924
8324, 462924
8324, 462924
8324, 462924
8324, 462924
8324, 462924
8324, 462924
8324, 462924
8324, 462924
8324, 462924
8324, 462924
8324, 462924
8324, 462924
8324, 462924
8324, 462924
8324, 462924
8324, 462924
8324, 462924
8324, 462924
8324, 462924
8324, 462924
8324, 462924
8324, 462924
8324, 462924
8324, 462924
8324, 462924
8324, 462924
8324, 462924
8324, 462924
8324, 462924
8324, 462924
8324, 462924
8324, 462924
8324, 462924
8324, 462924
8324, 462924
8324, 462924
8324, 462924
8324, 462924
8324, 462924
8324, 462924
8324, 462924
8324, 462924
8324, 462924
8324, 462924
8324, 462924
8324, 462924
8324, 462924
8324, 462924
8324, 462924
8324, 462924
8324, 462924
8324, 462924
8324, 462924
8324, 462924
8324, 462924
8324, 462924
8324, 462924
8324, 462924
8324, 462924
8324, 462924
8324, 462924
8324, 462924
8324, 462924
8324, 462924
8324, 462924
8324, 462924
8324, 462924
8324, 462924
8324, 462924
8324, 462924
8324, 462924
8324, 462924
8324, 462924
8324, 462924
8324, 462924
8324, 462924
8324, 462924
8324, 462924
8324, 462924
8324, 462924
8324, 462924
8324, 462924
8324, 462924
8324, 462924
8324, 462924
8324, 462924
8324, 462924
8324, 462924
8324, 462924
8324, 462924
8324, 462924
8324, 462924
8324, 462924
8324, 462924
8324, 462924
8324, 462924
8324, 462924
8324, 462924
8324, 462924
8324, 462924
8324, 462924
8324, 462924
8324, 462924
8324, 462924
8324, 462924
8324, 462924
8324, 462924
8324, 462924
8324, 462924
8324, 462924
8324, 462924
8324, 462924
8324, 462924
8324, 462924
8324, 462924
8324, 462924
8324, 462924
8324, 462924
8324, 462924
8324, 462924
8324, 462924
8324, 462924
8324, 462924
8324, 462924
8324, 462924
8324, 462924
8324, 462924
8324, 462924
8324, 462924
8324, 462924
8324, 462924
8324, 462924
8324, 462924
8324, 462924
8324, 462924
8324, 462924
8324, 462924
8324, 462924
8324, 462924
8324, 462924
8324, 462924
8324, 462924
8324, 462924
8324, 462924
8324, 462924
8324, 462924
8324, 462924
8324, 462924
8324, 462924
8324, 462924
8324, 462924
8324, 462924
8324, 462924
8324, 462924
8324, 462924
8324, 462924
8324, 462924
8324, 462924
8324, 462924
8324, 462924
8324, 462924
8324, 462924
8324, 462924
8324, 462924
8324, 462924
8324, 462924
8324, 462924
8324, 462924
8324, 462924
8324, 462924
8324, 462924
8324, 462924
8324, 462924
8324, 462924
8324, 462924
8324, 462924
8324, 462924
8324, 462924
8324, 462924
8324, 462924
8324, 462924
8324, 462924
8324, 462924
8324, 462924
8324, 462924
8324, 462924
8324, 462924
8324, 462924
8324, 462924
8324, 462924
8324, 462924
8324, 462924
8324, 462924
8324, 462924
8324, 462924
8324, 462924
8324, 462924
8324, 462924
8324, 462924
8324, 462924
8324, 462924
8324, 462924
8324, 462924
8324, 462924
8324, 462924
8324, 462924
8324, 462924
8324, 462924
8324, 462924
8324, 462924
8324, 462924
8324, 462924
8324, 462924
8324, 462924
8324, 462924
8324, 462924
8324, 462924
8324, 462924
8324, 462924
8324, 462924
8324, 462924
8324, 462924
8324, 462924
8324, 462924
8324, 462924
8324, 462924
8324, 462924
8324, 462924
8324, 462924
8324, 462924
8324, 462924
8324, 462924
8324, 462924
8324, 462924
8324, 462924
8324, 462924
8324, 462924
8324, 462924
8324, 462924
8324, 462924
8324, 462924
8324, 462924
8324, 462924
8324, 462924
8324, 462924
8324, 462924
8324, 462924
8324, 462924
8324, 462924
8324, 462924
8324, 462924
8324, 462924
8324, 462924
8324, 462924
8324, 462924
8324, 462924
8324, 462924
8324, 462924
8324, 462924
8324, 462924
8324, 462924
8324, 462924
8324, 462924
8324, 462924
8324, 462924
8324, 462924
8324, 462924
8324, 462924
8324, 462924
8324, 462924
8324, 462924
8324, 462924
8324, 462924
8324, 462924
8324, 462924
8324, 462924
8324, 462924
8324, 462924
8324, 462924
8324, 462924
8324, 462924
8324, 462924
8324, 462924
8324, 462924
8324, 462924
8324, 462924
8324, 462924
8324, 462924
8324, 462924
8324, 462924
8324, 462924
8324, 462924
8324, 462924
8324, 462924
8324, 462924
8324, 462924
8324, 462924
8324, 462924
8324, 462924
8324, 462924
8324, 462924
8324, 462924
8324, 462924
8324, 462924
8324, 462924
8324, 462924
8324, 462924
8324, 462924
8324, 462924
8324, 462924
8324, 462924
8324, 462924
8324, 462924
8324, 462924
8324, 462924
8324, 462924
8324, 462924
8324, 462924
8324, 462924
8324, 462924
8324, 462924
8324, 462924
8324, 462924
8324, 462924
8324, 462924
8324, 462924
8324, 462924
8324, 462924
8324, 462924
8324, 462924
8324, 462924
8324, 462924
8324, 462924
8324, 462924
8324, 462924
8324, 462924
8324, 462924
8324, 462924
8324, 462924
8324, 462924
8324, 462924
8324, 462924
8324, 462924
8324, 462924
8324, 462924
8324, 462924
8324, 462924
8324, 462924
8324, 462924
8324, 462924
8324, 462924
8324, 462924
8324, 462924
8324, 462924
8324, 462924
8324, 462924
8324, 462924
8324, 462924
8324, 462924
8324, 462924
8324, 462924
8324, 462924
8324, 462924
8324, 462924
8324, 462924
8324, 462924
8324, 462924
8324, 462924
8324, 462924
8324, 462924
8324, 462924
8324, 462924
8324, 462924
8324, 462924
8324, 462924
8324, 462924
8324, 462924
8324, 462924
8324, 462924
8324, 462924
8324, 462924
8324, 462924
8324, 462924
8324, 462924
8324, 462924
8324, 462924
8324, 462924
8324, 462924
8324, 462924
8324, 462924
8324, 462924
8324, 462924
8324, 462924
8324, 462924
8324, 462924
8324, 462924
8324, 462924
8324, 462924
8324, 462924
8324, 462924
8324, 462924
8324, 462924
8324, 462924
8324, 462924
8324, 462924
8324, 462924
8324, 462924
8324, 462924
8324, 462924
8324, 462924
8324, 462924
8324, 462924
8324, 462924
8324, 462924
8324, 462924
8324, 462924
8324, 462924
8324, 462924
8324, 462924
8324, 462924
8324, 462924
8324, 462924
8324, 462924
8324, 462924
8324, 462924
8324, 462924
8324, 462924
8324, 462924
8324, 462924
8324, 462924
8324, 462924
8324, 462924
8324, 462924
8324, 462924
8324, 462924
8324, 462924
8324, 462924
8324, 462924
8324, 462924
8324, 462924
8324, 462924
8324, 462924
8324, 462924
8324, 462924
8324, 462924
8324, 462924
8324, 462924
8324, 462924
8324, 462924
8324, 462924
8324, 462924
8324, 462924
8324, 462924
8324, 462924
8324, 462924
8324, 462924
8324, 462924
8324, 462924
8324, 462924
8324, 462924
8324, 462924
8324, 462924
8324, 462924
8324, 462924
8324, 462924
8324, 462924
8324, 462924
8324, 462924
8324, 462924
8324, 462924
8324, 462924
8324, 462924
8324, 462924
8324, 462924
8324, 462924
8324, 462924
8324, 462924
8324, 462924
8324, 462924
8324, 462924
8324, 462924
8324, 462924
8324, 462924
8324, 462924
8324, 462924
8324, 462924
8324, 462924
8324, 462924
8324, 462924
8324, 462924
8324, 462924
8324, 462924
8324, 462924
8324, 462924
8324, 462924
8324, 462924
8324, 462924
8324, 462924
8324, 462924
8324, 462924
8324, 462924
8324, 462924
8324, 462924
8324, 462924
8324, 462924
8324, 462924
8324, 462924
8324, 462924
8324, 462924
8324, 462924
8324, 462924
8324, 462924
8324, 462924
8324, 462924
8324, 462924
8324, 462924
8324, 462924
8324, 462924
8324, 462924
8324, 462924
8324, 462924
8324, 462924
8324, 462924
8324, 462924
8324, 462924
8324, 462924
8324, 462924
8324, 462924
8324, 462924
8324, 462924
8324, 462924
8324, 462924
8324, 462924
8324, 462924
8324, 462924
8324, 462924
8324, 462924
8324, 462924
8324, 462924
8324, 462924
8324, 462924
8324, 462924
8324, 462924
8324, 462924
8324, 462924
8324, 462924
8324, 462924
8324, 462924
8324, 462924
8324, 462924
8324, 462924
8324, 462924
8324, 462924
8324, 462924
8324, 462924
8324, 462924
8324, 462924
8324, 462924
8324, 462924
8324, 462924
8324, 462924
8324, 462924
8324, 462924
8324, 462924
8324, 462924
8324, 462924
8324, 462924
8324, 462924
8324, 462924
8324, 462924
8324, 462924
8324, 462924
8324, 462924
8324, 462924
8324, 462924
8324, 462924
8324, 462924
8324, 462924
8324, 462924
8324, 462924
8324, 462924
8324, 462924
8324, 462924
8324, 462924
8324, 462924
8324, 462924
8324, 462924
8324, 462924
8324, 462924
8324, 462924
8324, 462924
8324, 462924
8324, 462924
8324, 462924
8324, 462924
8324, 462924
8324, 462924
8324, 462924
8324, 462924
8324, 462924
8324, 462924
8324, 462924
8324, 462924
8324, 462924
8324, 462924
8324, 462924
8324, 462924
8324, 462924
8324, 462924
8324, 462924
8324, 462924
8324, 462924
8324, 462924
8324, 462924
8324, 462924
8324, 462924
8324, 462924
8324, 462924
8324, 462924
8324, 462924
8324, 462924
8324, 462924
8324, 462924
8324, 462924
8324, 462924
8324, 462924
8324, 462924
8324, 462924
8324, 462924
8324, 462924
8324, 462924
8324, 462924
8324, 462924
8324, 462924
8324, 462924
8324, 462924
8324, 462924
8324, 462924
8324, 462924
8324, 462924
8324, 462924
8324, 462924
8324, 462924
8324, 462924
8324, 462924
8324, 462924
8324, 462924
8324, 462924
8324, 462924
8324, 462924
8324, 462924
8324, 462924
8324, 462924
8324, 462924
8324, 462924
8324, 462924
8324, 462924
8324, 462924
8324, 462924
8324, 462924
8324, 462924
8324, 462924
8324, 462924
8324, 462924
8324, 462924
8324, 462924
8324, 462924
8324, 462924
8324, 462924
8324, 462924
8324, 462924
8324, 462924
8324, 462924
8324, 462924
8324, 462924
8324, 462924
8324, 462924
8324, 462924
8324, 462924
8324, 462924
8324, 462924
8324, 462924
8324, 462924
8324, 462924
8324, 462924
8324, 462924
8324, 462924
8324, 462924
8324, 462924
8324, 462924
8324, 462924
8324, 462924
8324, 462924
8324, 462924
8324, 462924
8324, 462924
8324, 462924
8324, 462924
8324, 462924
8324, 462924
8324, 462924
8324, 462924
8324, 462924
8324, 462924
8324, 462924
8324, 462924
8324, 462924
8324, 462924
8324, 462924
8324, 462924
8324, 462924
8324, 462924
8324, 462924
8324, 462924
8324, 462924
8324, 462924
8324, 462924
8324, 462924
8324, 462924
8324, 462924
8324, 462924
8324, 462924
8324, 462924
8324, 462924
8324, 462924
8324, 462924
8324, 462924
8324, 462924
8324, 462924
8324, 462924
8324, 462924
8324, 462924
8324, 462924
8324, 462924
8324, 462924
8324, 462924
8324, 462924
8324, 462924
8324, 462924
8324, 462924
8324, 462924
8324, 462924
8324, 462924
8324, 462924
8324, 462924
8324, 462924
8324, 462924
8324, 462924
8324, 462924
8324, 462924
8324, 462924
8324, 462924
8324, 462924
8324, 462924
8324, 462924
8324, 462924
8324, 462924
8324, 462924
8324, 462924
8324, 462924
8324, 462924
8324, 462924
8324, 462924
8324, 462924
8324, 462924
8324, 462924
8324, 462924
8324, 462924
8324, 462924
8324, 462924
8324, 462924
8324, 462924
8324, 462924
8324, 462924
8324, 462924
8324, 462924
8324, 462924
8324, 462924
8324, 462924
8324, 462924
8324, 462924
8324, 462924
8324, 462924
8324, 462924
8324, 462924
8324, 462924
8324, 462924
8324, 462924
8324, 462924
8324, 462924
8324, 462924
8324, 462924
8324, 462924
8324, 462924
8324, 462924
8324, 462924
8324, 462924
8324, 462924
8324, 462924
8324, 462924
8324, 462924
8324, 462924
8324, 462924
8324, 462924
8324, 462924
8324, 462924
8324, 462924
8324, 462924
8324, 462924
8324, 462924
8324, 462924
8324, 462924
8324, 462924
8324, 462924
8324, 462924
8324, 462924
8324, 462924
8324, 462924
8324, 462924
8324, 462924
8324, 462924
8324, 462924
8324, 462924
8324, 462924
8324, 462924
8324, 462924
8324, 462924
8324, 462924
8324, 462924
8324, 462924
8324, 462924
8324, 462924
8324, 462924
8324, 462924
8324, 462924
8324, 462924
8324, 462924
8324, 462924
8324, 462924
8324, 462924
8324, 462924
8324, 462924
8324, 462924
8324, 462924
8324, 462924
8324, 462924
8324, 462924
8324, 462924
8324, 462924
8324, 462924
8324, 462924
8324, 462924
8324, 462924
8324, 462924
8324, 462924
8324, 462924
8324, 462924
8324, 462924
8324, 462924
8324, 462924
8324, 462924
8324, 462924
8324, 462924
8324, 462924
8324, 462924
8324, 462924
8324, 462924
8324, 462924
8324, 462924
8324, 462924
8324, 462924
8324, 462924
8324, 462924
8324, 462924
8324, 462924
8324, 462924
8324, 462924
8324, 462924
8324, 462924
8324, 462924
8324, 462924
8324, 462924
8324, 462924
8324, 462924
8324, 462924
8324, 462924
8324, 462924
8324, 462924
8324, 462924
8324, 462924
8324, 462924
8324, 462924
8324, 462924
8324, 462924
8324, 462924
8324, 462924
8324, 462924
8324, 462924
8324, 462924
8324, 462924
8324, 462924
8324, 462924
8324, 462924
8324, 462924
8324, 462924
8324, 462924
8324, 462924
8324, 462924
8324, 462924
8324, 462924
8324, 462924
8324, 462924
8324, 462924
8324, 462924
8324, 462924
8324, 462924
8324, 462924
8324, 462924
8324, 462924
8324, 462924
8324, 462924
8324, 462924
8324, 462924
8324, 462924
8324, 462924
8324, 462924
8324, 462924
8324, 462924
8324, 462924
8324, 462924
8324, 462924
8324, 462924
8324, 462924
8324, 462924
8324, 462924
8324, 462924
8324, 462924
8324, 462924
8324, 462924
8324, 462924
8324, 462924
8324, 462924
8324, 462924
8324, 462924
8324, 462924
8324, 462924
8324, 462924
8324, 462924
8324, 462924
8324, 462924
8324, 462924
8324, 462924
8324, 462924
8324, 462924
8324, 462924
8324, 462924
8324, 462924
8324, 462924
8324, 462924
8324, 462924
8324, 462924
8324, 462924
8324, 462924
8324, 462924
8324, 462924
8324, 462924
8324, 462924
8324, 462924
8324, 462924
8324, 462924
8324, 462924
8324, 462924
8324, 462924
8324, 462924
8324, 462924
8324, 462924
8324, 462924
8324, 462924
8324, 462924
8324, 462924
8324, 462924
8324, 462924
8324, 462924
8324, 462924
8324, 462924
8324, 462924
8324, 462924
8324, 462924
8324, 462924
8324, 462924
8324, 462924
8324, 462924
8324, 462924
8324, 462924
8324, 462924
8324, 462924
8324, 462924
8324, 462924
8324, 462924
8324, 462924
8324, 462924
8324, 462924
8324, 462924
8324, 462924
8324, 462924
8324, 462924
8324, 462924
8324, 462924
8324, 462924
8324, 462924
8324, 462924
8324, 462924
8324, 462924
8324, 462924
8324, 462924
8324, 462924
8324, 462924
8324, 462924
8324, 462924
8324, 462924
8324, 462924
8324, 462924
8324, 462924
8324, 462924
8324, 462924
8324, 462924
8324, 462924
8324, 462924
8324, 462924
8324, 462924
8324, 462924
8324, 462924
8324, 462924
8324, 462924
8324, 462924
8324, 462924
8324, 462924
8324, 462924
8324, 462924
8324, 462924
8324, 462924
8324, 462924
8324, 462924
8324, 462924
8324, 462924
8324, 462924
8324, 462924
8324, 462924
8324, 462924
8324, 462924
8324, 462924
8324, 462924
8324, 462924
8324, 462924
8324, 462924
8324, 462924
8324, 462924
8324, 462924
8324, 462924
8324, 462924
8324, 462924
8324, 462924
8324, 462924
8324, 462924
8324, 462924
8324, 462924
8324, 462924
8324, 462924
8324, 462924
8324, 462924
8324, 462924
8324, 462924
8324, 462924
8324, 462924
8324, 462924
8324, 462924
8324, 462924
8324, 462924
8324, 462924
8324, 462924
8324, 462924
8324, 462924
8324, 462924
8324, 462924
8324, 462924
8324, 462924
8324, 462924
8324, 462924
8324, 462924
8324, 462924
8324, 462924
8324, 462924
8324, 462924
8324, 462924
8324, 462924
8324, 462924
8324, 462924
8324, 462924
8324, 462924
8324, 462924
8324, 462924
8324, 462924
8324, 462924
8324, 462924
8324, 462924
8324, 462924
8324, 462924
8324, 462924
8324, 462924
8324, 462924
8324, 462924
8324, 462924
8324, 462924
8324, 462924
8324, 462924
8324, 462924
8324, 462924
8324, 462924
8324, 462924
8324, 462924
8324, 462924
8324, 462924
8324, 462924
8324, 462924
8324, 462924
8324, 462924
8324, 462924
8324, 462924
8324, 462924
8324, 462924
8324, 462924
8324, 462924
8324, 462924
8324, 462924
8324, 462924
8324, 462924
8324, 462924
8324, 462924
8324, 462924
8324, 462924
8324, 462924
8324, 462924
8324, 462924
8324, 462924
8324, 462924
8324, 462924
8324, 462924
8324, 462924
8324, 462924
8324, 462924
8324, 462924
8324, 462924
8324, 462924
8324, 462924
8324, 462924
8324, 462924
8324, 462924
8324, 462924
8324, 462924
8324, 462924
8324, 462924
8324, 462924
8324, 462924
8324, 462924
8324, 462924
8324, 462924
8324, 462924
8324, 462924
8324, 462924
8324, 462924
8324, 462924
8324, 462924
8324, 462924
8324, 462924
8324, 462924
8324, 462924
8324, 462924
8324, 462924
8324, 462924
8324, 462924
8324, 462924
8324, 462924
8324, 462924
8324, 462924
8324, 462924
8324, 462924
8324, 462924
8324, 462924
8324, 462924
8324, 462924
8324, 462924
8324, 462924
8324, 462924
8324, 462924
8324, 462924
8324, 462924
8324, 462924
8324, 462924
8324, 462924
8324, 462924
8324, 462924
8324, 462924
8324, 462924
8324, 462924
8324, 462924
8324, 462924
8324, 462924
8324, 462924
8324, 462924
8324, 462924
8324, 462924
8324, 462924
8324, 462924
8324, 462924
8324, 462924
8324, 462924
8324, 462924
8324, 462924
8324, 462924
8324, 462924
8324, 462924
8324, 462924
8324, 462924
8324, 462924
8324, 462924
8324, 462924
8324, 462924
8324, 462924
8324, 462924
8324, 462924
8324, 462924
8324, 462924
8324, 462924
8324, 462924
8324, 462924
8324, 462924
8324, 462924
8324, 462924
8324, 462924
8324, 462924
8324, 462924
8324, 462924
8324, 462924
8324, 462924
8324, 462924
8324, 462924
8324, 462924
8324, 462924
8324, 462924
8324, 462924
8324, 462924
8324, 462924
8324, 462924
8324, 462924
8324, 462924
8324, 462924
8324, 462924
8324, 462924
8324, 462924
8324, 462924
8324, 462924
8324, 462924
8324, 462924
8324, 462924
8324, 462924
8324, 462924
8324, 462924
8324, 462924
8324, 462924
8324, 462924
8324, 462924
8324, 462924
8324, 462924
8324, 462924
8324, 462924
8324, 462924
8324, 462924
8324, 462924
8324, 462924
8324, 462924
8324, 462924
8324, 462924
8324, 462924
8324, 462924
8324, 462924
8324, 462924
8324, 462924
8324, 462924
8324, 462924
8324, 462924
8324, 462924
8324, 462924
8324, 462924
8324, 462924
8324, 462924
8324, 462924
8324, 462924
8324, 462924
8324, 462924
8324, 462924
8324, 462924
8324, 462924
8324, 462924
8324, 462924
8324, 462924
8324, 462924
8324, 462924
8324, 462924
8324, 462924
8324, 462924
8324, 462924
8324, 462924
8324, 462924
8324, 462924
8324, 462924
8324, 462924
8324, 462924
8324, 462924
8324, 462924
8324, 462924
8324, 462924
8324, 462924
8324, 462924
8324, 462924
8324, 462924
8324, 462924
8324, 462924
8324, 462924
8324, 462924
8324, 462924
8324, 462924
8324, 462924
8324, 462924
8324, 462924
8324, 462924
8324, 462924
8324, 462924
8324, 462924
8324, 462924
8324, 462924
8324, 462924
8324, 462924
8324, 462924
8324, 462924
8324, 462924
8324, 462924
8324, 462924
8324, 462924
8324, 462924
8324, 462924
8324, 462924
8324, 462924
8324, 462924
8324, 462924
8324, 462924
8324, 462924
8324, 462924
8324, 462924
8324, 462924
8324, 462924
8324, 462924
8324, 462924
8324, 462924
8324, 462924
8324, 462924
8324, 462924
8324, 462924
8324, 462924
8324, 462924
8324, 462924
8324, 462924
8324, 462924
8324, 462924
8324, 462924
8324, 462924
8324, 462924
8324, 462924
8324, 462924
8324, 462924
8324, 462924
8324, 462924
8324, 462924
8324, 462924
8324, 462924
8324, 462924
8324, 462924
8324, 462924
8324, 462924
8324, 462924
8324, 462924
8324, 462924
8324, 462924
8324, 462924
8324, 462924
8324, 462924
8324, 462924
8324, 462924
8324, 462924
8324, 462924
8324, 462924
8324, 462924
8324, 462924
8324, 462924
8324, 462924
8324, 462924
8324, 462924
8324, 462924
8324, 462924
8324, 462924
8324, 462924
8324, 462924
8324, 462924
8324, 462924
8324, 462924
8324, 462924
8324, 462924
8324, 462924
8324, 462924
8324, 462924
8324, 462924
8324, 462924
8324, 462924
8324, 462924
8324, 462924
8324, 462924
8324, 462924
8324, 462924
8324, 462924
8324, 462924
8324, 462924
8324, 462924
8324, 462924
8324, 462924
8324, 462924
8324, 462924
8324, 462924
8324, 462924
8324, 462924
8324, 462924
8324, 462924
8324, 462924
8324, 462924
8324, 462924
8324, 462924
8324, 462924
8324, 462924
8324, 462924
8324, 462924
8324, 462924
8324, 462924
8324, 462924
8324, 462924
8324, 462924
8324, 462924
8324, 462924
8324, 462924
8324, 462924
8324, 462924
8324, 462924
8324, 462924
8324, 462924
8324, 462924
8324, 462924
8324, 462924
8324, 462924
8324, 462924
8324, 462924
8324, 462924
8324, 462924
8324, 462924
8324, 462924
8324, 462924
8324, 462924
8324, 462924
8324, 462924
8324, 462924
8324, 462924
8324, 462924
8324, 462924
8324, 462924
8324, 462924
8324, 462924
8324, 462924
8324, 462924
8324, 462924
8324, 462924
8324, 462924
8324, 462924
8324, 462924
8324, 462924
8324, 462924
8324, 462924
8324, 462924
8324, 462924
8324, 462924
8324, 462924
8324, 462924
8324, 462924
8324, 462924
8324, 462924
8324, 462924
8324, 462924
8324, 462924
8324, 462924
8324, 462924
8324, 462924
8324, 462924
8324, 462924
8324, 462924
8324, 462924
8324, 462924
8324, 462924
8324, 462924
8324, 462924
8324, 462924
8324, 462924
8324, 462924
8324, 462924
8324, 462924
8324, 462924
8324, 462924
8324, 462924
8324, 462924
8324, 462924
8324, 462924
8324, 462924
8324, 462924
8324, 462924
8324, 462924
8324, 462924
8324, 462924
8324, 462924
8324, 462924
8324, 462924
8324, 462924
8324, 462924
8324, 462924
8324, 462924
8324, 462924
8324, 462924
8324, 462924
8324, 462924
8324, 462924
8324, 462924
8324, 462924
8324, 462924
8324, 462924
8324, 462924
8324, 462924
8324, 462924
8324, 462924
8324, 462924
8324, 462924
8324, 462924
8324, 462924
8324, 462924
8324, 462924
8324, 462924
8324, 462924
8324, 462924
8324, 462924
8324, 462924
8324, 462924
8324, 462924
8324, 462924
8324, 462924
8324, 462924
8324, 462924
8324, 462924
8324, 462924
8324, 462924
8324, 462924
8324, 462924
8324, 462924
8324, 462924
8324, 462924
8324, 462924
8324, 462924
8324, 462924
8324, 462924
8324, 462924
8324, 462924
8324, 462924
8324, 462924
8324, 462924
8324, 462924
8324, 462924
8324, 462924
8324, 462924
8324, 462924
8324, 462924
8324, 462924
8324, 462924
8324, 462924
8324, 462924
8324, 462924
8324, 462924
8324, 462924
8324, 462924
8324, 462924
8324, 462924
8324, 462924
8324, 462924
8324, 462924
8324, 462924
8324, 462924
8324, 462924
8324, 462924
8324, 462924
8324, 462924
8324, 462924
8324, 462924
8324, 462924
8324, 462924
8324, 462924
8324, 462924
8324, 462924
8324, 462924
8324, 462924
8324, 462924
8324, 462924
8324, 462924
8324, 462924
8324, 462924
8324, 462924
8324, 462924
8324, 462924
8324, 462924
8324, 462924
8324, 462924
8324, 462924
8324, 462924
8324, 462924
8324, 462924
8324, 462924
8324, 462924
8324, 462924
8324, 462924
8324, 462924
8324, 462924
8324, 462924
8324, 462924
8324, 462924
8324, 462924
8324, 462924
8324, 462924
8324, 462924
8324, 462924
8324, 462924
8324, 462924
8324, 462924
8324, 462924
8324, 462924
8324, 462924
8324, 462924
8324, 462924
8324, 462924
8324, 462924
8324, 462924
8324, 462924
8324, 462924
8324, 462924
8324, 462924
8324, 462924
8324, 462924
8324, 462924
8324, 462924
8324, 462924
8324, 462924
8324, 462924
8324, 462924
8324, 462924
8324, 462924
8324, 462924
8324, 462924
8324, 462924
8324, 462924
8324, 462924
8324, 462924
8324, 462924
8324, 462924
8324, 462924
8324, 462924
8324, 462924
8324, 462924
8324, 462924
8324, 462924
8324, 462924
8324, 462924
8324, 462924
8324, 462924
8324, 462924
8324, 462924
8324, 462924
8324, 462924
8324, 462924
8324, 462924
8324, 462924
8324, 462924
8324, 462924
8324, 462924
8324, 462924
8324, 462924
8324, 462924
8324, 462924
8324, 462924
8324, 462924
8324, 462924
8324, 462924
8324, 462924
8324, 462924
8324, 462924
8324, 462924
8324, 462924
8324, 462924
8324, 462924
8324, 462924
8324, 462924
8324, 462924
8324, 462924
8324, 462924
8324, 462924
8324, 462924
8324, 462924
8324, 462924
8324, 462924
8324, 462924
8324, 462924
8324, 462924
8324, 462924
8324, 462924
8324, 462924
8324, 462924
8324, 462924
8324, 462924
8324, 462924
8324, 462924
8324, 462924
8324, 462924
8324, 462924
8324, 462924
8324, 462924
8324, 462924
8324, 462924
8324, 462924
8324, 462924
8324, 462924
8324, 462924
8324, 462924
8324, 462924
8324, 462924
8324, 462924
8324, 462924
8324, 462924
8324, 462924
8324, 462924
8324, 462924
8324, 462924
8324, 462924
8324, 462924
8324, 462924
8324, 462924
8324, 462924
8324, 462924
8324, 462924
8324, 462924
8324, 462924
8324, 462924
8324, 462924
8324, 462924
8324, 462924
8324, 462924
8324, 462924
8324, 462924
8324, 462924
8324, 462924
8324, 462924
8324, 462924
8324, 462924
8324, 462924
8324, 462924
8324, 462924
8324, 462924
8324, 462924
8324, 462924
8324, 462924
8324, 462924
8324, 462924
8324, 462924
8324, 462924
8324, 462924
8324, 462924
8324, 462924
8324, 462924
8324, 462924
8324, 462924
8324, 462924
8324, 462924
8324, 462924
8324, 462924
8324, 462924
8324, 462924
8324, 462924
8324, 462924
8324, 462924
8324, 462924
8324, 462924
8324, 462924
8324, 462924
8324, 462924
8324, 462924
8324, 462924
8324, 462924
8324, 462924
8324, 462924
8324, 462924
8324, 462924
8324, 462924
8324, 462924
8324, 462924
8324, 462924
8324, 462924
8324, 462924
8324, 462924
8324, 462924
8324, 462924
8324, 462924
8324, 462924
8324, 462924
8324, 462924
8324, 462924
8324, 462924
8324, 462924
8324, 462924
8324, 462924
8324, 462924
8324, 462924
8324, 462924
8324, 462924
8324, 462924
8324, 462924
8324, 462924
8324, 462924
8324, 462924
8324, 462924
8324, 462924
8324, 462924
8324, 462924
8324, 462924
8324, 462924
8324, 462924
8324, 462924
8324, 462924
8324, 462924
8324, 462924
8324, 462924
8324, 462924
8324, 462924
8324, 462924
8324, 462924
8324, 462924
8324, 462924
8324, 462924
8324, 462924
8324, 462924
8324, 462924
8324, 462924
8324, 462924
8324, 462924
8324, 462924
8324, 462924
8324, 462924
8324, 462924
8324, 462924
8324, 462924
8324, 462924
8324, 462924
8324, 462924
8324, 462924
8324, 462924
8324, 462924
8324, 462924
8324, 462924
8324, 462924
8324, 462924
8324, 462924
8324, 462924
8324, 462924
8324, 462924
8324, 462924
8324, 462924
8324, 462924
8324, 462924
8324, 462924
8324, 462924
8324, 462924
8324, 462924
8324, 462924
8324, 462924
8324, 462924
8324, 462924
8324, 462924
8324, 462924
8324, 462924
8324, 462924
8324, 462924
8324, 462924
8324, 462924
8324, 462924
8324, 462924
8324, 462924
8324, 462924
8324, 462924
8324, 462924
8324, 462924
8324, 462924
8324, 462924
8324, 462924
8324, 462924
8324, 462924
8324, 462924
8324, 462924
8324, 462924
8324, 462924
8324, 462924
8324, 462924
8324, 462924
8324, 462924
8324, 462924
8324, 462924
8324, 462924
8324, 462924
8324, 462924
8324, 462924
8324, 462924
8324, 462924
8324, 462924
8324, 462924
8324, 462924
8324, 462924
8324, 462924
8324, 462924
8324, 462924
8324, 462924
8324, 462924
8324, 462924
8324, 462924
8324, 462924
8324, 462924
8324, 462924
8324, 462924
8324, 462924
8324, 462924
8324, 462924
8324, 462924
8324, 462924
8324, 462924
8324, 462924
8324, 462924
8324, 462924
8324, 462924
8324, 462924
8324, 462924
8324, 462924
8324, 462924
8324, 462924
8324, 462924
8324, 462924
8324, 462924
8324, 462924
8324, 462924
8324, 462924
8324, 462924
8324, 462924
8324, 462924
8324, 462924
8324, 462924
8324, 462924
8324, 462924
8324, 462924
8324, 462924
8324, 462924
8324, 462924
8324, 462924
8324, 462924
8324, 462924
8324, 462924
8324, 462924
8324, 462924
8324, 462924
8324, 462924
8324, 462924
8324, 462924
8324, 462924
8324, 462924
8324, 462924
8324, 462924
8324, 462924
8324, 462924
8324, 462924
8324, 462924
8324, 462924
8324, 462924
8324, 462924
8324, 462924
8324, 462924
8324, 462924
8324, 462924
8324, 462924
8324, 462924
8324, 462924
8324, 462924
8324, 462924
8324, 462924
8324, 462924
8324, 462924
8324, 462924
8324, 462924
8324, 462924
8324, 462924
8324, 462924
8324, 462924
8324, 462924
8324, 462924
8324, 462924
8324, 462924
8324, 462924
8324, 462924
8324, 462924
8324, 462924
8324, 462924
8324, 462924
8324, 462924
8324, 462924
8324, 462924
8324, 462924
8324, 462924
8324, 462924
8324, 462924
8324, 462924
8324, 462924
8324, 462924
8324, 462924
8324, 462924
8324, 462924
8324, 462924
8324, 462924
8324, 462924
8324, 462924
8324, 462924
8324, 462924
8324, 462924
8324, 462924
8324, 462924
8324, 462924
8324, 462924
8324, 462924
8324, 462924
8324, 462924
8324, 462924
8324, 462924
8324, 462924
8324, 462924
8324, 462924
8324, 462924
8324, 462924
8324, 462924
8324, 462924
8324, 462924
8324, 462924
8324, 462924
8324, 462924
8324, 462924
8324, 462924
8324, 462924
8324, 462924
8324, 462924
8324, 462924
8324, 462924
8324, 462924
8324, 462924
8324, 462924
8324, 462924
8324, 462924
8324, 462924
8324, 462924
8324, 462924
8324, 462924
8324, 462924
8324, 462924
8324, 462924
8324, 462924
8324, 462924
8324, 462924
8324, 462924
8324, 462924
8324, 462924
8324, 462924
8324, 462924
8324, 462924
8324, 462924
8324, 462924
8324, 462924
8324, 462924
8324, 462924
8324, 462924
8324, 462924
8324, 462924
8324, 462924
8324, 462924
8324, 462924
8324, 462924
8324, 462924
8324, 462924
8324, 462924
8324, 462924
8324, 462924
8324, 462924
8324, 462924
8324, 462924
8324, 462924
8324, 462924
8324, 462924
8324, 462924
8324, 462924
8324, 462924
8324, 462924
8324, 462924
8324, 462924
8324, 462924
8324, 462924
8324, 462924
8324, 462924
8324, 462924
8324, 462924
8324, 462924
8324, 462924
8324, 462924
8324, 462924
8324, 462924
8324, 462924
8324, 462924
8324, 462924
8324, 462924
8324, 462924
8324, 462924
8324, 462924
8324, 462924
8324, 462924
8324, 462924
8324, 462924
8324, 462924
8324, 462924
8324, 462924
8324, 462924
8324, 462924
8324, 462924
8324, 462924
8324, 462924
8324, 462924
8324, 462924
8324, 462924
8324, 462924
8324, 462924
8324, 462924
8324, 462924
8324, 462924
8324, 462924
8324, 462924
8324, 462924
8324, 462924
8324, 462924
8324, 462924
8324, 462924
8324, 462924
8324, 462924
8324, 462924
8324, 462924
8324, 462924
8324, 462924
8324, 462924
8324, 462924
8324, 462924
8324, 462924
8324, 462924
8324, 462924
8324, 462924
8324, 462924
8324, 462924
8324, 462924
8324, 462924
8324, 462924
8324, 462924
8324, 462924
8324, 462924
8324, 462924
8324, 462924
8324, 462924
8324, 462924
8324, 462924
8324, 462924
8324, 462924
8324, 462924
8324, 462924
8324, 462924
8324, 462924
8324, 462924
8324, 462924
8324, 462924
8324, 462924
8324, 462924
8324, 462924
8324, 462924
8324, 462924
8324, 462924
8324, 462924
8324, 462924
8324, 462924
8324, 462924
8324, 462924
8324, 462924
8324, 462924
8324, 462924
8324, 462924
8324, 462924
8324, 462924
8324, 462924
8324, 462924
8324, 462924
8324, 462924
8324, 462924
8324, 462924
8324, 462924
8324, 462924
8324, 462924
8324, 462924
8324, 462924
8324, 462924
8324, 462924
8324, 462924
8324, 462924
8324, 462924
8324, 462924
8324, 462924
8324, 462924
8324, 462924
8324, 462924
8324, 462924
8324, 462924
8324, 462924
8324, 462924
8324, 462924
8324, 462924
8324, 462924
8324, 462924
8324, 462924
8324, 462924
8324, 462924
8324, 462924
8324, 462924
8324, 462924
8324, 462924
8324, 462924
8324, 462924
8324, 462924
8324, 462924
8324, 462924
8324, 462924
8324, 462924
8324, 462924
8324, 462924
8324, 462924
8324, 462924
8324, 462924
8324, 462924
8324, 462924
8324, 462924
8324, 462924
8324, 462924
8324, 462924
8324, 462924
8324, 462924
8324, 462924
8324, 462924
8324, 462924
8324, 462924
8324, 462924
8324, 462924
8324, 462924
8324, 462924
8324, 462924
8324, 462924
8324, 462924
8324, 462924
8324, 462924
8324, 462924
8324, 462924
8324, 462924
8324, 462924
8324, 462924
8324, 462924
8324, 462924
8324, 462924
8324, 462924
8324, 462924
8324, 462924
8324, 462924
8324, 462924
8324, 462924
8324, 462924
8324, 462924
8324, 462924
8324, 462924
8324, 462924
8324, 462924
8324, 462924
8324, 462924
8324, 462924
8324, 462924
8324, 462924
8324, 462924
8324, 462924
8324, 462924
8324, 462924
8324, 462924
8324, 462924
8324, 462924
8324, 462924
8324, 462924
8324, 462924
8324, 462924
8324, 462924
8324, 462924
8324, 462924
8324, 462924
8324, 462924
8324, 462924
8324, 462924
8324, 462924
8324, 462924
8324, 462924
8324, 462924
8324, 462924
8324, 462924
8324, 462924
8324, 462924
8324, 462924
8324, 462924
8324, 462924
8324, 462924
8324, 462924
8324, 462924
8324, 462924
8324, 462924
8324, 462924
8324, 462924
8324, 462924
8324, 462924
8324, 462924
8324, 462924
8324, 462924
8324, 462924
8324, 462924
8324, 462924
8324, 462924
8324, 462924
8324, 462924
8324, 462924
8324, 462924
8324, 462924
8324, 462924
8324, 462924
8324, 462924
8324, 462924
8324, 462924
8324, 462924
8324, 462924
8324, 462924
8324, 462924
8324, 462924
8324, 462924
8324, 462924
8324, 462924
8324, 462924
8324, 462924
8324, 462924
8324, 462924
8324, 462924
8324, 462924
8324, 462924
8324, 462924
8324, 462924
8324, 462924
8324, 462924
8324, 462924
8324, 462924
8324, 462924
8324, 462924
8324, 462924
8324, 462924
8324, 462924
8324, 462924
8324, 462924
8324, 462924
8324, 462924
8324, 462924
8324, 462924
8324, 462924
8324, 462924
8324, 462924
8324, 462924
8324, 462924
8324, 462924
8324, 462924
8324, 462924
8324, 462924
8324, 462924
8324, 462924
8324, 462924
8324, 462924
8324, 462924
8324, 462924
8324, 462924
8324, 462924
8324, 462924
8324, 462924
8324, 462924
8324, 462924
8324, 462924
8324, 462924
8324, 462924
8324, 462924
8324, 462924
8324, 462924
8324, 462924
8324, 462924
8324, 462924
8324, 462924
8324, 462924
8324, 462924
8324, 462924
8324, 462924
8324, 462924
8324, 462924
8324, 462924
8324, 462924
8324, 462924
8324, 462924
8324, 462924
8324, 462924
8324, 462924
8324, 462924
8324, 462924
8324, 462924
8324, 462924
8324, 462924
8324, 462924
8324, 462924
8324, 462924
8324, 462924
8324, 462924
8324, 462924
8324, 462924
8324, 462924
8324, 462924
8324, 462924
8324, 462924
8324, 462924
8324, 462924
8324, 462924
8324, 462924
8324, 462924
8324, 462924
8324, 462924
8324, 462924
8324, 462924
8324, 462924
8324, 462924
8324, 462924
8324, 462924
8324, 462924
8324, 462924
8324, 462924
8324, 462924
8324, 462924
8324, 462924
8324, 462924
8324, 462924
8324, 462924
8324, 462924
8324, 462924
8324, 462924
8324, 462924
8324, 462924
8324, 462924
8324, 462924
8324, 462924
8324, 462924
8324, 462924
8324, 462924
8324, 462924
8324, 462924
8324, 462924
8324, 462924
8324, 462924
8324, 462924
8324, 462924
8324, 462924
8324, 462924
8324, 462924
8324, 462924
8324, 462924
8324, 462924
8324, 462924
8324, 462924
8324, 462924
8324, 462924
8324, 462924
8324, 462924
8324, 462924
8324, 462924
8324, 462924
8324, 462924
8324, 462924
8324, 462924
8324, 462924
8324, 462924
8324, 462924
8324, 462924
8324, 462924
8324, 462924
8324, 462924
8324, 462924
8324, 462924
8324, 462924
8324, 462924
8324, 462924
8324, 462924
8324, 462924
8324, 462924
8324, 462924
8324, 462924
8324, 462924
8324, 462924
8324, 462924
8324, 462924
8324, 462924
8324, 462924
8324, 462924
8324, 462924
8324, 462924
8324, 462924
8324, 462924
8324, 462924
8324, 462924
8324, 462924
8324, 462924
8324, 462924
8324, 462924
8324, 462924
8324, 462924
8324, 462924
8324, 462924
8324, 462924
8324, 462924
8324, 462924
8324, 462924
8324, 462924
8324, 462924
8324, 462924
8324, 462924
8324, 462924
8324, 462924
8324, 462924
8324, 462924
8324, 462924
8324, 462924
8324, 462924
8324, 462924
8324, 462924
8324, 462924
8324, 462924
8324, 462924
8324, 462924
8324, 462924
8324, 462924
8324, 462924
8324, 462924
8324, 462924
8324, 462924
8324, 462924
8324, 462924
8324, 462924
8324, 462924
8324, 462924
8324, 462924
8324, 462924
8324, 462924
8324, 462924
8324, 462924
8324, 462924
8324, 462924
8324, 462924
8324, 462924
8324, 462924
8324, 462924
8324, 462924
8324, 462924
8324, 462924
8324, 462924
8324, 462924
8324, 462924
8324, 462924
8324, 462924
8324, 462924
8324, 462924
8324, 462924
8324, 462924
8324, 462924
8324, 462924
8324, 462924
8324, 462924
8324, 462924
8324, 462924
8324, 462924
8324, 462924
8324, 462924
8324, 462924
8324, 462924
8324, 462924
8324, 462924
8324, 462924
8324, 462924
8324, 462924
8324, 462924
8324, 462924
8324, 462924
8324, 462924
8324, 462924
8324, 462924
8324, 462924
8324, 462924
8324, 462924
8324, 462924
8324, 462924
8324, 462924
8324, 462924
8324, 462924
8324, 462924
8324, 462924
8324, 462924
8324, 462924
8324, 462924
8324, 462924
8324, 462924
8324, 462924
8324, 462924
8324, 462924
8324, 462924
8324, 462924
8324, 462924
8324, 462924
8324, 462924
8324, 462924
8324, 462924
8324, 462924
8324, 462924
8324, 462924
8324, 462924
8324, 462924
8324, 462924
8324, 462924
8324, 462924
8324, 462924
8324, 462924
8324, 462924
8324, 462924
8324, 462924
8324, 462924
8324, 462924
8324, 462924
8324, 462924
8324, 462924
8324, 462924
8324, 462924
8324, 462924
8324, 462924
8324, 462924
8324, 462924
8324, 462924
8324, 462924
8324, 462924
8324, 462924
8324, 462924
8324, 462924
8324, 462924
8324, 462924
8324, 462924
8324, 462924
8324, 462924
8324, 462924
8324, 462924
8324, 462924
8324, 462924
8324, 462924
8324, 462924
8324, 462924
8324, 462924
8324, 462924
8324, 462924
8324, 462924
8324, 462924
8324, 462924
8324, 462924
8324, 462924
8324, 462924
8324, 462924
8324, 462924
8324, 462924
8324, 462924
8324, 462924
8324, 462924
8324, 462924
8324, 462924
8324, 462924
8324, 462924
8324, 462924
8324, 462924
8324, 462924
8324, 462924
8324, 462924
8324, 462924
8324, 462924
8324, 462924
8324, 462924
8324, 462924
8324, 462924
8324, 462924
8324, 462924
8324, 462924
8324, 462924
8324, 462924
8324, 462924
8324, 462924
8324, 462924
8324, 462924
8324, 462924
8324, 462924
8324, 462924
8324, 462924
8324, 462924
8324, 462924
8324, 462924
8324, 462924
8324, 462924
8324, 462924
8324, 462924
8324, 462924
8324, 462924
8324, 462924
8324, 462924
8324, 462924
8324, 462924
8324, 462924
8324, 462924
8324, 462924
8324, 462924
8324, 462924
8324, 462924
8324, 462924
8324, 462924
8324, 462924
8324, 462924
8324, 462924
8324, 462924
8324, 462924
8324, 462924
8324, 462924
8324, 462924
8324, 462924
8324, 462924
8324, 462924
8324, 462924
8324, 462924
8324, 462924
8324, 462924
8324, 462924
8324, 462924
8324, 462924
8324, 462924
8324, 462924
8324, 462924
8324, 462924
8324, 462924
8324, 462924
8324, 462924
8324, 462924
8324, 462924
8324, 462924
8324, 462924
8324, 462924
8324, 462924
8324, 462924
8324, 462924
8324, 462924
8324, 462924
8324, 462924
8324, 462924
8324, 462924
8324, 462924
8324, 462924
8324, 462924
8324, 462924
8324, 462924
8324, 462924
8324, 462924
8324, 462924
8324, 462924
8324, 462924
8324, 462924
8324, 462924
8324, 462924
8324, 462924
8324, 462924
8324, 462924
8324, 462924
8324, 462924
8324, 462924
8324, 462924
8324, 462924
8324, 462924
8324, 462924
8324, 462924
8324, 462924
8324, 462924
8324, 462924
8324, 462924
8324, 462924
8324, 462924
8324, 462924
8324, 462924
8324, 462924
8324, 462924
8324, 462924
8324, 462924
8324, 462924
8324, 462924
8324, 462924
8324, 462924
8324, 462924
8324, 462924
8324, 462924
8324, 462924
8324, 462924
8324, 462924
8324, 462924
8324, 462924
8324, 462924
8324, 462924
8324, 462924
8324, 462924
8324, 462924
8324, 462924
8324, 462924
8324, 462924
8324, 462924
8324, 462924
8324, 462924
8324, 462924
8324, 462924
8324, 462924
8324, 462924
8324, 462924
8324, 462924
8324, 462924
8324, 462924
8324, 462924
8324, 462924
8324, 462924
8324, 462924
8324, 462924
8324, 462924
8324, 462924
8324, 462924
8324, 462924
8324, 462924
8324, 462924
8324, 462924
8324, 462924
8324, 462924
8324, 462924
8324, 462924
8324, 462924
8324, 462924
8324, 462924
8324, 462924
8324, 462924
8324, 462924
8324, 462924
8324, 462924
8324, 462924
8324, 462924
8324, 462924
8324, 462924
8324, 462924
8324, 462924
8324, 462924
8324, 462924
8324, 462924
8324, 462924
8324, 462924
8324, 462924
8324, 462924
8324, 462924
8324, 462924
8324, 462924
8324, 462924
8324, 462924
8324, 462924
8324, 462924
8324, 462924
8324, 462924
8324, 462924
8324, 462924
8324, 462924
8324, 462924
8324, 462924
8324, 462924
8324, 462924
8324, 462924
8324, 462924
8324, 462924
8324, 462924
8324, 462924
8324, 462924
8324, 462924
8324, 462924
8324, 462924
8324, 462924
8324, 462924
8324, 462924
8324, 462924
8324, 462924
8324, 462924
8324, 462924
8324, 462924
8324, 462924
8324, 462924
8324, 462924
8324, 462924
8324, 462924
8324, 462924
8324, 462924
8324, 462924
8324, 462924
8324, 462924
8324, 462924
8324, 462924
8324, 462924
8324, 462924
8324, 462924
8324, 462924
8324, 462924
8324, 462924
8324, 462924
8324, 462924
8324, 462924
8324, 462924
8324, 462924
8324, 462924
8324, 462924
8324, 462924
8324, 462924
8324, 462924
8324, 462924
8324, 462924
8324, 462924
8324, 462924
8324, 462924
8324, 462924
8324, 462924
8324, 462924
8324, 462924
8324, 462924
8324, 462924
8324, 462924
8324, 462924
8324, 462924
8324, 462924
8324, 462924
8324, 462924
8324, 462924
8324, 462924
8324, 462924
8324, 462924
8324, 462924
8324, 462924
8324, 462924
8324, 462924
8324, 462924
8324, 462924
8324, 462924
8324, 462924
8324, 462924
8324, 462924
8324, 462924
8324, 462924
8324, 462924
8324, 462924
8324, 462924
8324, 462924
8324, 462924
8324, 462924
8324, 462924
8324, 462924
8324, 462924
8324, 462924
8324, 462924
8324, 462924
8324, 462924
8324, 462924
8324, 462924
8324, 462924
8324, 462924
8324, 462924
8324, 462924
8324, 462924
8324, 462924
8324, 462924
8324, 462924
8324, 462924
8324, 462924
8324, 462924
8324, 462924
8324, 462924
8324, 462924
8324, 462924
8324, 462924
8324, 462924
8324, 462924
8324, 462924
8324, 462924
8324, 462924
8324, 462924
8324, 462924
8324, 462924
8324, 462924
8324, 462924
8324, 462924
8324, 462924
8324, 462924
8324, 462924
8324, 462924
8324, 462924
8324, 462924
8324, 462924
8324, 462924
8324, 462924
8324, 462924
8324, 462924
8324, 462924
8324, 462924
8324, 462924
8324, 462924
8324, 462924
8324, 462924
8324, 462924
8324, 462924
8324, 462924
8324, 462924
8324, 462924
8324, 462924
8324, 462924
8324, 462924
8324, 462924
8324, 462924
8324, 462924
8324, 462924
8324, 462924
8324, 462924
8324, 462924
8324, 462924
8324, 462924
8324, 462924
8324, 462924
8324, 462924
8324, 462924
8324, 462924
8324, 462924
8324, 462924
8324, 462924
8324, 462924
8324, 462924
8324, 462924
8324, 462924
8324, 462924
8324, 462924
8324, 462924
8324, 462924
8324, 462924
8324, 462924
8324, 462924
8324, 462924
8324, 462924
8324, 462924
8324, 462924
8324, 462924
8324, 462924
8324, 462924
8324, 462924
8324, 462924
8324, 462924
8324, 462924
8324, 462924
8324, 462924
8324, 462924
8324, 462924
8324, 462924
8324, 462924
8324, 462924
8324, 462924
8324, 462924
8324, 462924
8324, 462924
8324, 462924
8324, 462924
8324, 462924
8324, 462924
8324, 462924
8324, 462924
8324, 462924
8324, 462924
8324, 462924
8324, 462924
8324, 462924
8324, 462924
8324, 462924
8324, 462924
8324, 462924
8324, 462924
8324, 462924
8324, 462924
8324, 462924
8324, 462924
8324, 462924
8324, 462924
8324, 462924
8324, 462924
8324, 462924
8324, 462924
8324, 462924
8324, 462924
8324, 462924
8324, 462924
8324, 462924
8324, 462924
8324, 462924
8324, 462924
8324, 462924
8324, 462924
8324, 462924
8324, 462924
8324, 462924
8324, 462924
8324, 462924
8324, 462924
8324, 462924
8324, 462924
8324, 462924
8324, 462924
8324, 462924
8324, 462924
8324, 462924
8324, 462924
8324, 462924
8324, 462924
8324, 462924
8324, 462924
8324, 462924
8324, 462924
8324, 462924
8324, 462924
8324, 462924
8324, 462924
8324, 462924
8324, 462924
8324, 462924
8324, 462924
8324, 462924
8324, 462924
8324, 462924
8324, 462924
8324, 462924
8324, 462924
8324, 462924
8324, 462924
8324, 462924
8324, 462924
8324, 462924
8324, 462924
8324, 462924
8324, 462924
8324, 462924
8324, 462924
8324, 462924
8324, 462924
8324, 462924
8324, 462924
8324, 462924
8324, 462924
8324, 462924
8324, 462924
8324, 462924
8324, 462924
8324, 462924
8324, 462924
8324, 462924
8324, 462924
8324, 462924
8324, 462924
8324, 462924
8324, 462924
8324, 462924
8324, 462924
8324, 462924
8324, 462924
8324, 462924
8324, 462924
8324, 462924
8324, 462924
8324, 462924
8324, 462924
8324, 462924
8324, 462924
8324, 462924
8324, 462924
8324, 462924
8324, 462924
8324, 462924
8324, 462924
8324, 462924
8324, 462924
8324, 462924
8324, 462924
8324, 462924
8324, 462924
8324, 462924
8324, 462924
8324, 462924
8324, 462924
8324, 462924
8324, 462924
8324, 462924
8324, 462924
8324, 462924
8324, 462924
8324, 462924
8324, 462924
8324, 462924
8324, 462924
8324, 462924
8324, 462924
8324, 462924
8324, 462924
8324, 462924
8324, 462924
8324, 462924
8324, 462924
8324, 462924
8324, 462924
8324, 462924
8324, 462924
8324, 462924
8324, 462924
8324, 462924
8324, 462924
8324, 462924
8324, 462924
8324, 462924
8324, 462924
8324, 462924
8324, 462924
8324, 462924
8324, 462924
8324, 462924
8324, 462924
8324, 462924
8324, 462924
8324, 462924
8324, 462924
8324, 462924
8324, 462924
8324, 462924
8324, 462924
8324, 462924
8324, 462924
8324, 462924
8324, 462924
8324, 462924
8324, 462924
8324, 462924
8324, 462924
8324, 462924
8324, 462924
8324, 462924
8324, 462924
8324, 462924
8324, 462924
8324, 462924
8324, 462924
8324, 462924
8324, 462924
8324, 462924
8324, 462924
8324, 462924
8324, 462924
8324, 462924
8324, 462924
8324, 462924
8324, 462924
8324, 462924
8324, 462924
8324, 462924
8324, 462924
8324, 462924
8324, 462924
8324, 462924
8324, 462924
8324, 462924
8324, 462924
8324, 462924
8324, 462924
8324, 462924
8324, 462924
8324, 462924
8324, 462924
8324, 462924
8324, 462924
8324, 462924
8324, 462924
8324, 462924
8324, 462924
8324, 462924
8324, 462924
8324, 462924
8324, 462924
8324, 462924
8324, 462924
8324, 462924
8324, 462924
8324, 462924
8324, 462924
8324, 462924
8324, 462924
8324, 462924
8324, 462924
8324, 462924
8324, 462924
8324, 462924
8324, 462924
8324, 462924
8324, 462924
8324, 462924
8324, 462924
8324, 462924
8324, 462924
8324, 462924
8324, 462924
8324, 462924
8324, 462924
8324, 462924
8324, 462924
8324, 462924
8324, 462924
8324, 462924
8324, 462924
8324, 462924
8324, 462924
8324, 462924
8324, 462924
8324, 462924
8324, 462924
8324, 462924
8324, 462924
8324, 462924
8324, 462924
8324, 462924
8324, 462924
8324, 462924
8324, 462924
8324, 462924
8324, 462924
8324, 462924
8324, 462924
8324, 462924
8324, 462924
8324, 462924
8324, 462924
8324, 462924
8324, 462924
8324, 462924
8324, 462924
8324, 462924
8324, 462924
8324, 462924
8324, 462924
8324, 462924
8324, 462924
8324, 462924
8324, 462924
8324, 462924
8324, 462924
8324, 462924
8324, 462924
8324, 462924
8324, 462924
8324, 462924
8324, 462924
8324, 462924
8324, 462924
8324, 462924
8324, 462924
8324, 462924
8324, 462924
8324, 462924
8324, 462924
8324, 462924
8324, 462924
8324, 462924
8324, 462924
8324, 462924
8324, 462924
8324, 462924
8324, 462924
8324, 462924
8324, 462924
8324, 462924
8324, 462924
8324, 462924
8324, 462924
8324, 462924
8324, 462924
8324, 462924
8324, 462924
8324, 462924
8324, 462924
8324, 462924
8324, 462924
8324, 462924
8324, 462924
8324, 462924
8324, 462924
8324, 462924
8324, 462924
8324, 462924
8324, 462924
8324, 462924
8324, 462924
8324, 462924
8324, 462924
8324, 462924
8324, 462924
8324, 462924
8324, 462924
8324, 462924
8324, 462924
8324, 462924
8324, 462924
8324, 462924
8324, 462924
8324, 462924
8324, 462924
8324, 462924
8324, 462924
8324, 462924
8324, 462924
8324, 462924
8324, 462924
8324, 462924
8324, 462924
8324, 462924
8324, 462924
8324, 462924
8324, 462924
8324, 462924
8324, 462924
8324, 462924
8324, 462924
8324, 462924
8324, 462924
8324, 462924
8324, 462924
8324, 462924
8324, 462924
8324, 462924
8324, 462924
8324, 462924
8324, 462924
8324, 462924
8324, 462924
8324, 462924
8324, 462924
8324, 462924
8324, 462924
8324, 462924
8324, 462924
8324, 462924
8324, 462924
8324, 462924
8324, 462924
8324, 462924
8324, 462924
8324, 462924
8324, 462924
8324, 462924
8324, 462924
8324, 462924
8324, 462924
8324, 462924
8324, 462924
8324, 462924
8324, 462924
8324, 462924
8324, 462924
8324, 462924
8324, 462924
8324, 462924
8324, 462924
8324, 462924
8324, 462924
8324, 462924
8324, 462924
8324, 462924
8324, 462924
8324, 462924
8324, 462924
8324, 462924
8324, 462924
8324, 462924
8324, 462924
8324, 462924
8324, 462924
8324, 462924
8324, 462924
8324, 462924
8324, 462924
8324, 462924
8324, 462924
8324, 462924
8324, 462924
8324, 462924
8324, 462924
8324, 462924
8324, 462924
8324, 462924
8324, 462924
8324, 462924
8324, 462924
8324, 462924
8324, 462924
8324, 462924
8324, 462924
8324, 462924
8324, 462924
8324, 462924
8324, 462924
8324, 462924
8324, 462924
8324, 462924
8324, 462924
8324, 462924
8324, 462924
8324, 462924
8324, 462924
8324, 462924
8324, 462924
8324, 462924
8324, 462924
8324, 462924
8324, 462924
8324, 462924
8324, 462924
8324, 462924
8324, 462924
8324, 462924
8324, 462924
8324, 462924
8324, 462924
8324, 462924
8324, 462924
8324, 462924
8324, 462924
8324, 462924
8324, 462924
8324, 462924
8324, 462924
8324, 462924
8324, 462924
8324, 462924
8324, 462924
8324, 462924
8324, 462924
8324, 462924
8324, 462924
8324, 462924
8324, 462924
8324, 462924
8324, 462924
8324, 462924
8324, 462924
8324, 462924
8324, 462924
8324, 462924
8324, 462924
8324, 462924
8324, 462924
8324, 462924
8324, 462924
8324, 462924
8324, 462924
8324, 462924
8324, 462924
8324, 462924
8324, 462924
8324, 462924
8324, 462924
8324, 462924
8324, 462924
8324, 462924
8324, 462924
8324, 462924
8324, 462924
8324, 462924
8324, 462924
8324, 462924
8324, 462924
8324, 462924
8324, 462924
8324, 462924
8324, 462924
8324, 462924
8324, 462924
8324, 462924
8324, 462924
8324, 462924
8324, 462924
8324, 462924
8324, 462924
8324, 462924
8324, 462924
8324, 462924
8324, 462924
8324, 462924
8324, 462924
8324, 462924
8324, 462924
8324, 462924
8324, 462924
8324, 462924
8324, 462924
8324, 462924
8324, 462924
8324, 462924
8324, 462924
8324, 462924
8324, 462924
8324, 462924
8324, 462924
8324, 462924
8324, 462924
8324, 462924
8324, 462924
8324, 462924
8324, 462924
8324, 462924
8324, 462924
8324, 462924
8324, 462924
8324, 462924
8324, 462924
8324, 462924
8324, 462924
8324, 462924
8324, 462924
8324, 462924
8324, 462924
8324, 462924
8324, 462924
8324, 462924
8324, 462924
8324, 462924
8324, 462924
8324, 462924
8324, 462924
8324, 462924
8324, 462924
8324, 462924
8324, 462924
8324, 462924
8324, 462924
8324, 462924
8324, 462924
8324, 462924
8324, 462924
8324, 462924
8324, 462924
8324, 462924
8324, 462924
8324, 462924
8324, 462924
8324, 462924
8324, 462924
8324, 462924
8324, 462924
8324, 462924
8324, 462924
8324, 462924
8324, 462924
8324, 462924
8324, 462924
8324, 462924
8324, 462924
8324, 462924
8324, 462924
8324, 462924
8324, 462924
8324, 462924
8324, 462924
8324, 462924
8324, 462924
8324, 462924
8324, 462924
8324, 462924
8324, 462924
8324, 462924
8324, 462924
8324, 462924
8324, 462924
8324, 462924
8324, 462924
8324, 462924
8324, 462924
8324, 462924
8324, 462924
8324, 462924
8324, 462924
8324, 462924
8324, 462924
8324, 462924
8324, 462924
8324, 462924
8324, 462924
8324, 462924
8324, 462924
8324, 462924
8324, 462924
8324, 462924
8324, 462924
8324, 462924
8324, 462924
8324, 462924
8324, 462924
8324, 462924
8324, 462924
8324, 462924
8324, 462924
8324, 462924
8324, 462924
8324, 462924
8324, 462924
8324, 462924
8324, 462924
8324, 462924
8324, 462924
8324, 462924
8324, 462924
8324, 462924
8324, 462924
8324, 462924
8324, 462924
8324, 462924
8324, 462924
8324, 462924
8324, 462924
8324, 462924
8324, 462924
8324, 462924
8324, 462924
8324, 462924
8324, 462924
8324, 462924
8324, 462924
8324, 462924
8324, 462924
8324, 462924
8324, 462924
8324, 462924
8324, 462924
8324, 462924
8324, 462924
8324, 462924
8324, 462924
8324, 462924
8324, 462924
8324, 462924
8324, 462924
8324, 462924
8324, 462924
8324, 462924
8324, 462924
8324, 462924
8324, 462924
8324, 462924
8324, 462924
8324, 462924
8324, 462924
8324, 462924
8324, 462924
8324, 462924
8324, 462924
8324, 462924
8324, 462924
8324, 462924
8324, 462924
8324, 462924
8324, 462924
8324, 462924
8324, 462924
8324, 462924
8324, 462924
8324, 462924
8324, 462924
8324, 462924
8324, 462924
8324, 462924
8324, 462924
8324, 462924
8324, 462924
8324, 462924
8324, 462924
8324, 462924
8324, 462924
8324, 462924
8324, 462924
8324, 462924
8324, 462924
8324, 462924
8324, 462924
8324, 462924
8324, 462924
8324, 462924
8324, 462924
8324, 462924
8324, 462924
8324, 462924
8324, 462924
8324, 462924
8324, 462924
8324, 462924
8324, 462924
8324, 462924
8324, 462924
8324, 462924
8324, 462924
8324, 462924
8324, 462924
8324, 462924
8324, 462924
8324, 462924
8324, 462924
8324, 462924
8324, 462924
8324, 462924
8324, 462924
8324, 462924
8324, 462924
8324, 462924
8324, 462924
8324, 462924
8324, 462924
8324, 462924
8324, 462924
8324, 462924
8324, 462924
8324, 462924
8324, 462924
8324, 462924
8324, 462924
8324, 462924
8324, 462924
8324, 462924
8324, 462924
8324, 462924
8324, 462924
8324, 462924
8324, 462924
8324, 462924
8324, 462924
8324, 462924
8324, 462924
8324, 462924
8324, 462924
8324, 462924
8324, 462924
8324, 462924
8324, 462924
8324, 462924
8324, 462924
8324, 462924
8324, 462924
8324, 462924
8324, 462924
8324, 462924
8324, 462924
8324, 462924
8324, 462924
8324, 462924
8324, 462924
8324, 462924
8324, 462924
8324, 462924
8324, 462924
8324, 462924
8324, 462924
8324, 462924
8324, 462924
8324, 462924
8324, 462924
8324, 462924
8324, 462924
8324, 462924
8324, 462924
8324, 462924
8324, 462924
8324, 462924
8324, 462924
8324, 462924
8324, 462924
8324, 462924
8324, 462924
8324, 462924
8324, 462924
8324, 462924
8324, 462924
8324, 462924
8324, 462924
8324, 462924
8324, 462924
8324, 462924
8324, 462924
8324, 462924
8324, 462924
8324, 462924
8324, 462924
8324, 462924
8324, 462924
8324, 462924
8324, 462924
8324, 462924
8324, 462924
8324, 462924
8324, 462924
8324, 462924
8324, 462924
8324, 462924
8324, 462924
8324, 462924
8324, 462924
8324, 462924
8324, 462924
8324, 462924
8324, 462924
8324, 462924
8324, 462924
8324, 462924
8324, 462924
8324, 462924
8324, 462924
8324, 462924
8324, 462924
8324, 462924
8324, 462924
8324, 462924
8324, 462924
8324, 462924
8324, 462924
8324, 462924
8324, 462924
8324, 462924
8324, 462924
8324, 462924
8324, 462924
8324, 462924
8324, 462924
8324, 462924
8324, 462924
8324, 462924
8324, 462924
8324, 462924
8324, 462924
8324, 462924
8324, 462924
8324, 462924
8324, 462924
8324, 462924
8324, 462924
8324, 462924
8324, 462924
8324, 462924
8324, 462924
8324, 462924
8324, 462924
8324, 462924
8324, 462924
8324, 462924
8324, 462924
8324, 462924
8324, 462924
8324, 462924
8324, 462924
8324, 462924
8324, 462924
8324, 462924
8324, 462924
8324, 462924
8324, 462924
8324, 462924
8324, 462924
8324, 462924
8324, 462924
8324, 462924
8324, 462924
8324, 462924
8324, 462924
8324, 462924
8324, 462924
8324, 462924
8324, 462924
8324, 462924
8324, 462924
8324, 462924
8324, 462924
8324, 462924
8324, 462924
8324, 462924
8324, 462924
8324, 462924
8324, 462924
8324, 462924
8324, 462924
8324, 462924
8324, 462924
8324, 462924
8324, 462924
8324, 462924
8324, 462924
8324, 462924
8324, 462924
8324, 462924
8324, 462924
8324, 462924
8324, 462924
8324, 462924
8324, 462924
8324, 462924
8324, 462924
8324, 462924
8324, 462924
8324, 462924
8324, 462924
8324, 462924
8324, 462924
8324, 462924
8324, 462924
8324, 462924
8324, 462924
8324, 462924
8324, 462924
8324, 462924
8324, 462924
8324, 462924
8324, 462924
8324, 462924
8324, 462924
8324, 462924
8324, 462924
8324, 462924
8324, 462924
8324, 462924
8324, 462924
8324, 462924
8324, 462924
8324, 462924
8324, 462924
8324, 462924
8324, 462924
8324, 462924
8324, 462924
8324, 462924
8324, 462924
8324, 462924
8324, 462924
8324, 462924
8324, 462924
8324, 462924
8324, 462924
8324, 462924
8324, 462924
8324, 462924
8324, 462924
8324, 462924
8324, 462924
8324, 462924
8324, 462924
8324, 462924
8324, 462924
8324, 462924
8324, 462924
8324, 462924
8324, 462924
8324, 462924
8324, 462924
8324, 462924
8324, 462924
8324, 462924
8324, 462924
8324, 462924
8324, 462924
8324, 462924
8324, 462924
8324, 462924
8324, 462924
8324, 462924
8324, 462924
8324, 462924
8324, 462924
8324, 462924
8324, 462924
8324, 462924
8324, 462924
8324, 462924
8324, 462924
8324, 462924
8324, 462924
8324, 462924
8324, 462924
8324, 462924
8324, 462924
8324, 462924
8324, 462924
8324, 462924
8324, 462924
8324, 462924
8324, 462924
8324, 462924
8324, 462924
8324, 462924
8324, 462924
8324, 462924
8324, 462924
8324, 462924
8324, 462924
8324, 462924
8324, 462924
8324, 462924
8324, 462924
8324, 462924
8324, 462924
8324, 462924
8324, 462924
8324, 462924
8324, 462924
8324, 462924
8324, 462924
8324, 462924
8324, 462924
8324, 462924
8324, 462924
8324, 462924
8324, 462924
8324, 462924
8324, 462924
8324, 462924
8324, 462924
8324, 462924
8324, 462924
8324, 462924
8324, 462924
8324, 462924
8324, 462924
8324, 462924
8324, 462924
8324, 462924
8324, 462924
8324, 462924
8324, 462924
8324, 462924
8324, 462924
8324, 462924
8324, 462924
8324, 462924
8324, 462924
8324, 462924
8324, 462924
8324, 462924
8324, 462924
8324, 462924
8324, 462924
8324, 462924
8324, 462924
8324, 462924
8324, 462924
8324, 462924
8324, 462924
8324, 462924
8324, 462924
8324, 462924
8324, 462924
8324, 462924
8324, 462924
8324, 462924
8324, 462924
8324, 462924
8324, 462924
8324, 462924
8324, 462924
8324, 462924
8324, 462924
8324, 462924
8324, 462924
8324, 462924
8324, 462924
8324, 462924
8324, 462924
8324, 462924
8324, 462924
8324, 462924
8324, 462924
8324, 462924
8324, 462924
8324, 462924
8324, 462924
8324, 462924
8324, 462924
8324, 462924
8324, 462924
8324, 462924
8324, 462924
8324, 462924
8324, 462924
8324, 462924
8324, 462924
8324, 462924
8324, 462924
8324, 462924
8324, 462924
8324, 462924
8324, 462924
8324, 462924
8324, 462924
8324, 462924
8324, 462924
8324, 462924
8324, 462924
8324, 462924
8324, 462924
8324, 462924
8324, 462924
8324, 462924
8324, 462924
8324, 462924
8324, 462924
8324, 462924
8324, 462924
8324, 462924
8324, 462924
8324, 462924
8324, 462924
8324, 462924
8324, 462924
8324, 462924
8324, 462924
8324, 462924
8324, 462924
8324, 462924
8324, 462924
8324, 462924
8324, 462924
8324, 462924
8324, 462924
8324, 462924
8324, 462924
8324, 462924
8324, 462924
8324, 462924
8324, 462924
8324, 462924
8324, 462924
8324, 462924
8324, 462924
8324, 462924
8324, 462924
8324, 462924
8324, 462924
8324, 462924
8324, 462924
8324, 462924
8324, 462924
8324, 462924
8324, 462924
8324, 462924
8324, 462924
8324, 462924
8324, 462924
8324, 462924
8324, 462924
8324, 462924
8324, 462924
8324, 462924
8324, 462924
8324, 462924
8324, 462924
8324, 462924
8324, 462924
8324, 462924
8324, 462924
8324, 462924
8324, 462924
8324, 462924
8324, 462924
8324, 462924
8324, 462924
8324, 462924
8324, 462924
8324, 462924
8324, 462924
8324, 462924
8324, 462924
8324, 462924
8324, 462924
8324, 462924
8324, 462924
8324, 462924
8324, 462924
8324, 462924
8324, 462924
8324, 462924
8324, 462924
8324, 462924
8324, 462924
8324, 462924
8324, 462924
8324, 462924
8324, 462924
8324, 462924
8324, 462924
8324, 462924
8324, 462924
8324, 462924
8324, 462924
8324, 462924
8324, 462924
8324, 462924
8324, 462924
8324, 462924
8324, 462924
8324, 462924
8324, 462924
8324, 462924
8324, 462924
8324, 462924
8324, 462924
8324, 462924
8324, 462924
8324, 462924
8324, 462924
8324, 462924
8324, 462924
8324, 462924
8324, 462924
8324, 462924
8324, 462924
8324, 462924
8324, 462924
8324, 462924
8324, 462924
8324, 462924
8324, 462924
8324, 462924
8324, 462924
8324, 462924
8324, 462924
8324, 462924
8324, 462924
8324, 462924
8324, 462924
8324, 462924
8324, 462924
8324, 462924
8324, 462924
8324, 462924
8324, 462924
8324, 462924
8324, 462924
8324, 462924
8324, 462924
8324, 462924
8324, 462924
8324, 462924
8324, 462924
8324, 462924
8324, 462924
8324, 462924
8324, 462924
8324, 462924
8324, 462924
8324, 462924
8324, 462924
8324, 462924
8324, 462924
8324, 462924
8324, 462924
8324, 462924
8324, 462924
8324, 462924
8324, 462924
8324, 462924
8324, 462924
8324, 462924
8324, 462924
8324, 462924
8324, 462924
8324, 462924
8324, 462924
8324, 462924
8324, 462924
8324, 462924
8324, 462924
8324, 462924
8324, 462924
8324, 462924
8324, 462924
8324, 462924
8324, 462924
8324, 462924
8324, 462924
8324, 462924
8324, 462924
8324, 462924
8324, 462924
8324, 462924
8324, 462924
8324, 462924
8324, 462924
8324, 462924
8324, 462924
8324, 462924
8324, 462924
8324, 462924
8324, 462924
8324, 462924
8324, 462924
8324, 462924
8324, 462924
8324, 462924
8324, 462924
8324, 462924
8324, 462924
8324, 462924
8324, 462924
8324, 462924
8324, 462924
8324, 462924
8324, 462924
8324, 462924
8324, 462924
8324, 462924
8324, 462924
8324, 462924
8324, 462924
8324, 462924
8324, 462924
8324, 462924
8324, 462924
8324, 462924
8324, 462924
8324, 462924
8324, 462924
8324, 462924
8324, 462924
8324, 462924
8324, 462924
8324, 462924
8324, 462924
8324, 462924
8324, 462924
8324, 462924
8324, 462924
8324, 462924
8324, 462924
8324, 462924
8324, 462924
8324, 462924
8324, 462924
8324, 462924
8324, 462924
8324, 462924
8324, 462924
8324, 462924
8324, 462924
8324, 462924
8324, 462924
8324, 462924
8324, 462924
8324, 462924
8324, 462924
8324, 462924
8324, 462924
8324, 462924
8324, 462924
8324, 462924
8324, 462924
8324, 462924
8324, 462924
8324, 462924
8324, 462924
8324, 462924
8324, 462924
8324, 462924
8324, 462924
8324, 462924
8324, 462924
8324, 462924
8324, 462924
8324, 462924
8324, 462924
8324, 462924
8324, 462924
8324, 462924
8324, 462924
8324, 462924
8324, 462924
8324, 462924
8324, 462924
8324, 462924
8324, 462924
8324, 462924
8324, 462924
8324, 462924
8324, 462924
8324, 462924
8324, 462924
8324, 462924
8324, 462924
8324, 462924
8324, 462924
8324, 462924
8324, 462924
8324, 462924
8324, 462924
8324, 462924
8324, 462924
8324, 462924
8324, 462924
8324, 462924
8324, 462924
8324, 462924
8324, 462924
8324, 462924
8324, 462924
8324, 462924
8324, 462924
8324, 462924
8324, 462924
8324, 462924
8324, 462924
8324, 462924
8324, 462924
8324, 462924
8324, 462924
8324, 462924
8324, 462924
8324, 462924
8324, 462924
8324, 462924
8324, 462924
8324, 462924
8324, 462924
8324, 462924
8324, 462924
8324, 462924
8324, 462924
8324, 462924
8324, 462924
8324, 462924
8324, 462924
8324, 462924
8324, 462924
8324, 462924
8324, 462924
8324, 462924
8324, 462924
8324, 462924
8324, 462924
8324, 462924
8324, 462924
8324, 462924
8324, 462924
8324, 462924
8324, 462924
8324, 462924
8324, 462924
8324, 462924
8324, 462924
8324, 462924
8324, 462924
8324, 462924
8324, 462924
8324, 462924
8324, 462924
8324, 462924
8324, 462924
8324, 462924
8324, 462924
8324, 462924
8324, 462924
8324, 462924
8324, 462924
8324, 462924
8324, 462924
8324, 462924
8324, 462924
8324, 462924
8324, 462924
8324, 462924
8324, 462924
8324, 462924
8324, 462924
8324, 462924
8324, 462924
8324, 462924
8324, 462924
8324, 462924
8324, 462924
8324, 462924
8324, 462924
8324, 462924
8324, 462924
8324, 462924
8324, 462924
8324, 462924
8324, 462924
8324, 462924
8324, 462924
8324, 462924
8324, 462924
8324, 462924
8324, 462924
8324, 462924
8324, 462924
8324, 462924
8324, 462924
8324, 462924
8324, 462924
8324, 462924
8324, 462924
8324, 462924
8324, 462924
8324, 462924
8324, 462924
8324, 462924
8324, 462924
8324, 462924
8324, 462924
8324, 462924
8324, 462924
8324, 462924
8324, 462924
8324, 462924
8324, 462924
8324, 462924
8324, 462924
8324, 462924
8324, 462924
8324, 462924
8324, 462924
8324, 462924
8324, 462924
8324, 462924
8324, 462924
8324, 462924
8324, 462924
8324, 462924
8324, 462924
8324, 462924
8324, 462924
8324, 462924
8324, 462924
8324, 462924
8324, 462924
8324, 462924
8324, 462924
8324, 462924
8324, 462924
8324, 462924
8324, 462924
8324, 462924
8324, 462924
8324, 462924
8324, 462924
8324, 462924
8324, 462924
8324, 462924
8324, 462924
8324, 462924
8324, 462924
8324, 462924
8324, 462924
8324, 462924
8324, 462924
8324, 462924
8324, 462924
8324, 462924
8324, 462924
8324, 462924
8324, 462924
8324, 462924
8324, 462924
8324, 462924
8324, 462924
8324, 462924
8324, 462924
8324, 462924
8324, 462924
8324, 462924
8324, 462924
8324, 462924
8324, 462924
8324, 462924
8324, 462924
8324, 462924
8324, 462924
8324, 462924
8324, 462924
8324, 462924
8324, 462924
8324, 462924
8324, 462924
8324, 462924
8324, 462924
8324, 462924
8324, 462924
8324, 462924
8324, 462924
8324, 462924
8324, 462924
8324, 462924
8324, 462924
8324, 462924
8324, 462924
8324, 462924
8324, 462924
8324, 462924
8324, 462924
8324, 462924
8324, 462924
8324, 462924
8324, 462924
8324, 462924
8324, 462924
8324, 462924
8324, 462924
8324, 462924
8324, 462924
8324, 462924
8324, 462924
8324, 462924
8324, 462924
8324, 462924
8324, 462924
8324, 462924
8324, 462924
8324, 462924
8324, 462924
8324, 462924
8324, 462924
8324, 462924
8324, 462924
8324, 462924
8324, 462924
8324, 462924
8324, 462924
8324, 462924
8324, 462924
8324, 462924
8324, 462924
8324, 462924
8324, 462924
8324, 462924
8324, 462924
8324, 462924
8324, 462924
8324, 462924
8324, 462924
8324, 462924
8324, 462924
8324, 462924
8324, 462924
8324, 462924
8324, 462924
8324, 462924
8324, 462924
8324, 462924
8324, 462924
8324, 462924
8324, 462924
8324, 462924
8324, 462924
8324, 462924
8324, 462924
8324, 462924
8324, 462924
8324, 462924
8324, 462924
8324, 462924
8324, 462924
8324, 462924
8324, 462924
8324, 462924
8324, 462924
8324, 462924
8324, 462924
8324, 462924
8324, 462924
8324, 462924
8324, 462924
8324, 462924
8324, 462924
8324, 462924
8324, 462924
8324, 462924
8324, 462924
8324, 462924
8324, 462924
8324, 462924
8324, 462924
8324, 462924
8324, 462924
8324, 462924
8324, 462924
8324, 462924
8324, 462924
8324, 462924
8324, 462924
8324, 462924
8324, 462924
8324, 462924
8324, 462924
8324, 462924
8324, 462924
8324, 462924
8324, 462924
8324, 462924
8324, 462924
8324, 462924
8324, 462924
8324, 462924
8324, 462924
8324, 462924
8324, 462924
8324, 462924
8324, 462924
8324, 462924
8324, 462924
8324, 462924
8324, 462924
8324, 462924
8324, 462924
8324, 462924
8324, 462924
8324, 462924
8324, 462924
8324, 462924
8324, 462924
8324, 462924
8324, 462924
8324, 462924
8324, 462924
8324, 462924
8324, 462924
8324, 462924
8324, 462924
8324, 462924
8324, 462924
8324, 462924
8324, 462924
8324, 462924
8324, 462924
8324, 462924
8324, 462924
8324, 462924
8324, 462924
8324, 462924
8324, 462924
8324, 462924
8324, 462924
8324, 462924
8324, 462924
8324, 462924
8324, 462924
8324, 462924
8324, 462924
8324, 462924
8324, 462924
8324, 462924
8324, 462924
8324, 462924
8324, 462924
8324, 462924
8324, 462924
8324, 462924
8324, 462924
8324, 462924
8324, 462924
8324, 462924
8324, 462924
8324, 462924
8324, 462924
8324, 462924
8324, 462924
8324, 462924
8324, 462924
8324, 462924
8324, 462924
8324, 462924
8324, 462924
8324, 462924
8324, 462924
8324, 462924
8324, 462924
8324, 462924
8324, 462924
8324, 462924
8324, 462924
8324, 462924
8324, 462924
8324, 462924
8324, 462924
8324, 462924
8324, 462924
8324, 462924
8324, 462924
8324, 462924
8324, 462924
8324, 462924
8324, 462924
8324, 462924
8324, 462924
8324, 462924
8324, 462924
8324, 462924
8324, 462924
8324, 462924
8324, 462924
8324, 462924
8324, 462924
8324, 462924
8324, 462924
8324, 462924
8324, 462924
8324, 462924
8324, 462924
8324, 462924
8324, 462924
8324, 462924
8324, 462924
8324, 462924
8324, 462924
8324, 462924
8324, 462924
8324, 462924
8324, 462924
8324, 462924
8324, 462924
8324, 462924
8324, 462924
8324, 462924
8324, 462924
8324, 462924
8324, 462924
8324, 462924
8324, 462924
8324, 462924
8324, 462924
8324, 462924
8324, 462924
8324, 462924
8324, 462924
8324, 462924
8324, 462924
8324, 462924
8324, 462924
8324, 462924
8324, 462924
8324, 462924
8324, 462924
8324, 462924
8324, 462924
8324, 462924
8324, 462924
8324, 462924
8324, 462924
8324, 462924
8324, 462924
8324, 462924
8324, 462924
8324, 462924
8324, 462924
8324, 462924
8324, 462924
8324, 462924
8324, 462924
8324, 462924
8324, 462924
8324, 462924
8324, 462924
8324, 462924
8324, 462924
8324, 462924
8324, 462924
8324, 462924
8324, 462924
8324, 462924
8324, 462924
8324, 462924
8324, 462924
8324, 462924
8324, 462924
8324, 462924
8324, 462924
8324, 462924
8324, 462924
8324, 462924
8324, 462924
8324, 462924
8324, 462924
8324, 462924
8324, 462924
8324, 462924
8324, 462924
8324, 462924
8324, 462924
8324, 462924
8324, 462924
8324, 462924
8324, 462924
8324, 462924
8324, 462924
8324, 462924
8324, 462924
8324, 462924
8324, 462924
8324, 462924
8324, 462924
8324, 462924
8324, 462924
8324, 462924
8324, 462924
8324, 462924
8324, 462924
8324, 462924
8324, 462924
8324, 462924
8324, 462924
8324, 462924
8324, 462924
8324, 462924
8324, 462924
8324, 462924
8324, 462924
8324, 462924
8324, 462924
8324, 462924
8324, 462924
8324, 462924
8324, 462924
8324, 462924
8324, 462924
8324, 462924
8324, 462924
8324, 462924
8324, 462924
8324, 462924
8324, 462924
8324, 462924
8324, 462924
8324, 462924
8324, 462924
8324, 462924
8324, 462924
8324, 462924
8324, 462924
8324, 462924
8324, 462924
8324, 462924
8324, 462924
8324, 462924
8324, 462924
8324, 462924
8324, 462924
8324, 462924
8324, 462924
8324, 462924
8324, 462924
8324, 462924
8324, 462924
8324, 462924
8324, 462924
8324, 462924
8324, 462924
8324, 462924
8324, 462924
8324, 462924
8324, 462924
8324, 462924
8324, 462924
8324, 462924
8324, 462924
8324, 462924
8324, 462924
8324, 462924
8324, 462924
8324, 462924
8324, 462924
8324, 462924
8324, 462924
8324, 462924
8324, 462924
8324, 462924
8324, 462924
8324, 462924
8324, 462924
8324, 462924
8324, 462924
8324, 462924
8324, 462924
8324, 462924
8324, 462924
8324, 462924
8324, 462924
8324, 462924
8324, 462924
8324, 462924
8324, 462924
8324, 462924
8324, 462924
8324, 462924
8324, 462924
8324, 462924
8324, 462924
8324, 462924
8324, 462924
8324, 462924
8324, 462924
8324, 462924
8324, 462924
8324, 462924
8324, 462924
8324, 462924
8324, 462924
8324, 462924
8324, 462924
8324, 462924
8324, 462924
8324, 462924
8324, 462924
8324, 462924
8324, 462924
8324, 462924
8324, 462924
8324, 462924
8324, 462924
8324, 462924
8324, 462924
8324, 462924
8324, 462924
8324, 462924
8324, 462924
8324, 462924
8324, 462924
8324, 462924
8324, 462924
8324, 462924
8324, 462924
8324, 462924
8324, 462924
8324, 462924
8324, 462924
8324, 462924
8324, 462924
8324, 462924
8324, 462924
8324, 462924
8324, 462924
8324, 462924
8324, 462924
8324, 462924
8324, 462924
8324, 462924
8324, 462924
8324, 462924
8324, 462924
8324, 462924
8324, 462924
8324, 462924
8324, 462924
8324, 462924
8324, 462924
8324, 462924
8324, 462924
8324, 462924
8324, 462924
8324, 462924
8324, 462924
8324, 462924
8324, 462924
8324, 462924
8324, 462924
8324, 462924
8324, 462924
8324, 462924
8324, 462924
8324, 462924
8324, 462924
8324, 462924
8324, 462924
8324, 462924
8324, 462924
8324, 462924
8324, 462924
8324, 462924
8324, 462924
8324, 462924
8324, 462924
8324, 462924
8324, 462924
8324, 462924
8324, 462924
8324, 462924
8324, 462924
8324, 462924
8324, 462924
8324, 462924
8324, 462924
8324, 462924
8324, 462924
8324, 462924
8324, 462924
8324, 462924
8324, 462924
8324, 462924
8324, 462924
8324, 462924
8324, 462924
8324, 462924
8324, 462924
8324, 462924
8324, 462924
8324, 462924
8324, 462924
8324, 462924
8324, 462924
8324, 462924
8324, 462924
8324, 462924
8324, 462924
8324, 462924
8324, 462924
8324, 462924
8324, 462924
8324, 462924
8324, 462924
8324, 462924
8324, 462924
8324, 462924
8324, 462924
8324, 462924
8324, 462924
8324, 462924
8324, 462924
8324, 462924
8324, 462924
8324, 462924
8324, 462924
8324, 462924
8324, 462924
8324, 462924
8324, 462924
8324, 462924
8324, 462924
8324, 462924
8324, 462924
8324, 462924
8324, 462924
8324, 462924
8324, 462924
8324, 462924
8324, 462924
8324, 462924
8324, 462924
8324, 462924
8324, 462924
8324, 462924
8324, 462924
8324, 462924
8324, 462924
8324, 462924
8324, 462924
8324, 462924
8324, 462924
8324, 462924
8324, 462924
8324, 462924
8324, 462924
8324, 462924
8324, 462924
8324, 462924
8324, 462924
8324, 462924
8324, 462924
8324, 462924
8324, 462924
8324, 462924
8324, 462924
8324, 462924
8324, 462924
8324, 462924
8324, 462924
8324, 462924
8324, 462924
8324, 462924
8324, 462924
8324, 462924
8324, 462924
8324, 462924
8324, 462924
8324, 462924
8324, 462924
8324, 462924
8324, 462924
8324, 462924
8324, 462924
8324, 462924
8324, 462924
8324, 462924
8324, 462924
8324, 462924
8324, 462924
8324, 462924
8324, 462924
8324, 462924
8324, 462924
8324, 462924
8324, 462924
8324, 462924
8324, 462924
8324, 462924
8324, 462924
8324, 462924
8324, 462924
8324, 462924
8324, 462924
8324, 462924
8324, 462924
8324, 462924
8324, 462924
8324, 462924
8324, 462924
8324, 462924
8324, 462924
8324, 462924
8324, 462924
8324, 462924
8324, 462924
8324, 462924
8324, 462924
8324, 462924
8324, 462924
8324, 462924
8324, 462924
8324, 462924
8324, 462924
8324, 462924
8324, 462924
8324, 462924
8324, 462924
8324, 462924
8324, 462924
8324, 462924
8324, 462924
8324, 462924
8324, 462924
8324, 462924
8324, 462924
8324, 462924
8324, 462924
8324, 462924
8324, 462924
8324, 462924
8324, 462924
8324, 462924
8324, 462924
8324, 462924
8324, 462924
8324, 462924
8324, 462924
8324, 462924
8324, 462924
8324, 462924
8324, 462924
8324, 462924
8324, 462924
8324, 462924
8324, 462924
8324, 462924
8324, 462924
8324, 462924
8324, 462924
8324, 462924
8324, 462924
8324, 462924
8324, 462924
8324, 462924
8324, 462924
8324, 462924
8324, 462924
8324, 462924
8324, 462924
8324, 462924
8324, 462924
8324, 462924
8324, 462924
8324, 462924
8324, 462924
8324, 462924
8324, 462924
8324, 462924
8324, 462924
8324, 462924
8324, 462924
8324, 462924
8324, 462924
8324, 462924
8324, 462924
8324, 462924
8324, 462924
8324, 462924
8324, 462924
8324, 462924
8324, 462924
8324, 462924
8324, 462924
8324, 462924
8324, 462924
8324, 462924
8324, 462924
8324, 462924
8324, 462924
8324, 462924
8324, 462924
8324, 462924
8324, 462924
8324, 462924
8324, 462924
8324, 462924
8324, 462924
8324, 462924
8324, 462924
8324, 462924
8324, 462924
8324, 462924
8324, 462924
8324, 462924
8324, 462924
8324, 462924
8324, 462924
8324, 462924
8324, 462924
8324, 462924
8324, 462924
8324, 462924
8324, 462924
8324, 462924
8324, 462924
8324, 462924
8324, 462924
8324, 462924
8324, 462924
8324, 462924
8324, 462924
8324, 462924
8324, 462924
8324, 462924
8324, 462924
8324, 462924
8324, 462924
8324, 462924
8324, 462924
8324, 462924
8324, 462924
8324, 462924
8324, 462924
8324, 462924
8324, 462924
8324, 462924
8324, 462924
8324, 462924
8324, 462924
8324, 462924
8324, 462924
8324, 462924
8324, 462924
8324, 462924
8324, 462924
8324, 462924
8324, 462924
8324, 462924
8324, 462924
8324, 462924
8324, 462924
8324, 462924
8324, 462924
8324, 462924
8324, 462924
8324, 462924
8324, 462924
8324, 462924
8324, 462924
8324, 462924
8324, 462924
8324, 462924
8324, 462924
8324, 462924
8324, 462924
8324, 462924
8324, 462924
8324, 462924
8324, 462924
8324, 462924
8324, 462924
8324, 462924
8324, 462924
8324, 462924
8324, 462924
8324, 462924
8324, 462924
8324, 462924
8324, 462924
8324, 462924
8324, 462924
8324, 462924
8324, 462924
8324, 462924
8324, 462924
8324, 462924
8324, 462924
8324, 462924
8324, 462924
8324, 462924
8324, 462924
8324, 462924
8324, 462924
8324, 462924
8324, 462924
8324, 462924
8324, 462924
8324, 462924
8324, 462924
8324, 462924
8324, 462924
8324, 462924
8324, 462924
8324, 462924
8324, 462924
8324, 462924
8324, 462924
8324, 462924
8324, 462924
8324, 462924
8324, 462924
8324, 462924
8324, 462924
8324, 462924
8324, 462924
8324, 462924
8324, 462924
8324, 462924
8324, 462924
8324, 462924
8324, 462924
8324, 462924
8324, 462924
8324, 462924
8324, 462924
8324, 462924
8324, 462924
8324, 462924
8324, 462924
8324, 462924
8324, 462924
8324, 462924
8324, 462924
8324, 462924
8324, 462924
8324, 462924
8324, 462924
8324, 462924
8324, 462924
8324, 462924
8324, 462924
8324, 462924
8324, 462924
8324, 462924
8324, 462924
8324, 462924
8324, 462924
8324, 462924
8324, 462924
8324, 462924
8324, 462924
8324, 462924
8324, 462924
8324, 462924
8324, 462924
8324, 462924
8324, 462924
8324, 462924
8324, 462924
8324, 462924
8324, 462924
8324, 462924
8324, 462924
8324, 462924
8324, 462924
8324, 462924
8324, 462924
8324, 462924
8324, 462924
8324, 462924
8324, 462924
8324, 462924
8324, 462924
8324, 462924
8324, 462924
8324, 462924
8324, 462924
8324, 462924
8324, 462924
8324, 462924
8324, 462924
8324, 462924
8324, 462924
8324, 462924
8324, 462924
8324, 462924
8324, 462924
8324, 462924
8324, 462924
8324, 462924
8324, 462924
8324, 462924
8324, 462924
8324, 462924
8324, 462924
8324, 462924
8324, 462924
8324, 462924
8324, 462924
8324, 462924
8324, 462924
8324, 462924
8324, 462924
8324, 462924
8324, 462924
8324, 462924
8324, 462924
8324, 462924
8324, 462924
8324, 462924
8324, 462924
8324, 462924
8324, 462924
8324, 462924
8324, 462924
8324, 462924
8324, 462924
8324, 462924
8324, 462924
8324, 462924
8324, 462924
8324, 462924
8324, 462924
8324, 462924
8324, 462924
8324, 462924
8324, 462924
8324, 462924
8324, 462924
8324, 462924
8324, 462924
8324, 462924
8324, 462924
8324, 462924
8324, 462924
8324, 462924
8324, 462924
8324, 462924
8324, 462924
8324, 462924
8324, 462924
8324, 462924
8324, 462924
8324, 462924
8324, 462924
8324, 462924
8324, 462924
8324, 462924
8324, 462924
8324, 462924
8324, 462924
8324, 462924
8324, 462924
8324, 462924
8324, 462924
8324, 462924
8324, 462924
8324, 462924
8324, 462924
8324, 462924
8324, 462924
8324, 462924
8324, 462924
8324, 462924
8324, 462924
8324, 462924
8324, 462924
8324, 462924
8324, 462924
8324, 462924
8324, 462924
8324, 462924
8324, 462924
8324, 462924
8324, 462924
8324, 462924
8324, 462924
8324, 462924
8324, 462924
8324, 462924
8324, 462924
8324, 462924
8324, 462924
8324, 462924
8324, 462924
8324, 462924
8324, 462924
8324, 462924
8324, 462924
8324, 462924
8324, 462924
8324, 462924
8324, 462924
8324, 462924
8324, 462924
8324, 462924
8324, 462924
8324, 462924
8324, 462924
8324, 462924
8324, 462924
8324, 462924
8324, 462924
8324, 462924
8324, 462924
8324, 462924
8324, 462924
8324, 462924
8324, 462924
8324, 462924
8324, 462924
8324, 462924
8324, 462924
8324, 462924
8324, 462924
8324, 462924
8324, 462924
8324, 462924
8324, 462924
8324, 462924
8324, 462924
8324, 462924
8324, 462924
8324, 462924
8324, 462924
8324, 462924
8324, 462924
8324, 462924
8324, 462924
8324, 462924
8324, 462924
8324, 462924
8324, 462924
8324, 462924
8324, 462924
8324, 462924
8324, 462924
8324, 462924
8324, 462924
8324, 462924
8324, 462924
8324, 462924
8324, 462924
8324, 462924
8324, 462924
8324, 462924
8324, 462924
8324, 462924
8324, 462924
8324, 462924
8324, 462924
8324, 462924
8324, 462924
8324, 462924
8324, 462924
8324, 462924
8324, 462924
8324, 462924
8324, 462924
8324, 462924
8324, 462924
8324, 462924
8324, 462924
8324, 462924
8324, 462924
8324, 462924
8324, 462924
8324, 462924
8324, 462924
8324, 462924
8324, 462924
8324, 462924
8324, 462924
8324, 462924
8324, 462924
8324, 462924
8324, 462924
8324, 462924
8324, 462924
8324, 462924
8324, 462924
8324, 462924
8324, 462924
8324, 462924
8324, 462924
8324, 462924
8324, 462924
8324, 462924
8324, 462924
8324, 462924
8324, 462924
8324, 462924
8324, 462924
8324, 462924
8324, 462924
8324, 462924
8324, 462924
8324, 462924
8324, 462924
8324, 462924
8324, 462924
8324, 462924
8324, 462924
8324, 462924
8324, 462924
8324, 462924
8324, 462924
8324, 462924
8324, 462924
8324, 462924
8324, 462924
8324, 462924
8324, 462924
8324, 462924
8324, 462924
8324, 462924
8324, 462924
8324, 462924
8324, 462924
8324, 462924
8324, 462924
8324, 462924
8324, 462924
8324, 462924
8324, 462924
8324, 462924
8324, 462924
8324, 462924
8324, 462924
8324, 462924
8324, 462924
8324, 462924
8324, 462924
8324, 462924
8324, 462924
8324, 462924
8324, 462924
8324, 462924
8324, 462924
8324, 462924
8324, 462924
8324, 462924
8324, 462924
8324, 462924
8324, 462924
8324, 462924
8324, 462924
8324, 462924
8324, 462924
8324, 462924
8324, 462924
8324, 462924
8324, 462924
8324, 462924
8324, 462924
8324, 462924
8324, 462924
8324, 462924
8324, 462924
8324, 462924
8324, 462924
8324, 462924
8324, 462924
8324, 462924
8324, 462924
8324, 462924
8324, 462924
8324, 462924
8324, 462924
8324, 462924
8324, 462924
8324, 462924
8324, 462924
8324, 462924
8324, 462924
8324, 462924
8324, 462924
8324, 462924
8324, 462924
8324, 462924
8324, 462924
8324, 462924
8324, 462924
8324, 462924
8324, 462924
8324, 462924
8324, 462924
8324, 462924
8324, 462924
8324, 462924
8324, 462924
8324, 462924
8324, 462924
8324, 462924
8324, 462924
8324, 462924
8324, 462924
8324, 462924
8324, 462924
8324, 462924
8324, 462924
8324, 462924
8324, 462924
8324, 462924
8324, 462924
8324, 462924
8324, 462924
8324, 462924
8324, 462924
8324, 462924
8324, 462924
8324, 462924
8324, 462924
8324, 462924
8324, 462924
8324, 462924
8324, 462924
8324, 462924
8324, 462924
8324, 462924
8324, 462924
8324, 462924
8324, 462924
8324, 462924
8324, 462924
8324, 462924
8324, 462924
8324, 462924
8324, 462924
8324, 462924
8324, 462924
8324, 462924
8324, 462924
8324, 462924
8324, 462924
8324, 462924
8324, 462924
8324, 462924
8324, 462924
8324, 462924
8324, 462924
8324, 462924
8324, 462924
8324, 462924
8324, 462924
8324, 462924
8324, 462924
8324, 462924
8324, 462924
8324, 462924
8324, 462924
8324, 462924
8324, 462924
8324, 462924
8324, 462924
8324, 462924
8324, 462924
8324, 462924
8324, 462924
8324, 462924
8324, 462924
8324, 462924
8324, 462924
8324, 462924
8324, 462924
8324, 462924
8324, 462924
8324, 462924
8324, 462924
8324, 462924
8324, 462924
8324, 462924
8324, 462924
8324, 462924
8324, 462924
8324, 462924
8324, 462924
8324, 462924
8324, 462924
8324, 462924
8324, 462924
8324, 462924
8324, 462924
8324, 462924
8324, 462924
8324, 462924
8324, 462924
8324, 462924
8324, 462924
8324, 462924
8324, 462924
8324, 462924
8324, 462924
8324, 462924
8324, 462924
8324, 462924
8324, 462924
8324, 462924
8324, 462924
8324, 462924
8324, 462924
8324, 462924
8324, 462924
8324, 462924
8324, 462924
8324, 462924
8324, 462924
8324, 462924
8324, 462924
8324, 462924
8324, 462924
8324, 462924
8324, 462924
8324, 462924
8324, 462924
8324, 462924
8324, 462924
8324, 462924
8324, 462924
8324, 462924
8324, 462924
8324, 462924
8324, 462924
8324, 462924
8324, 462924
8324, 462924
8324, 462924
8324, 462924
8324, 462924
8324, 462924
8324, 462924
8324, 462924
8324, 462924
8324, 462924
8324, 462924
8324, 462924
8324, 462924
8324, 462924
8324, 462924
8324, 462924
8324, 462924
8324, 462924
8324, 462924
8324, 462924
8324, 462924
8324, 462924
8324, 462924
8324, 462924
8324, 462924
8324, 462924
8324, 462924
8324, 462924
8324, 462924
8324, 462924
8324, 462924
8324, 462924
8324, 462924
8324, 462924
8324, 462924
8324, 462924
8324, 462924
8324, 462924
8324, 462924
8324, 462924
8324, 462924
8324, 462924
8324, 462924
8324, 462924
8324, 462924
8324, 462924
8324, 462924
8324, 462924
8324, 462924
8324, 462924
8324, 462924
8324, 462924
8324, 462924
8324, 462924
8324, 462924
8324, 462924
8324, 462924
8324, 462924
8324, 462924
8324, 462924
8324, 462924
8324, 462924
8324, 462924
8324, 462924
8324, 462924
8324, 462924
8324, 462924
8324, 462924
8324, 462924
8324, 462924
8324, 462924
8324, 462924
8324, 462924
8324, 462924
8324, 462924
8324, 462924
8324, 462924
8324, 462924
8324, 462924
8324, 462924
8324, 462924
8324, 462924
8324, 462924
8324, 462924
8324, 462924
8324, 462924
8324, 462924
8324, 462924
8324, 462924
8324, 462924
8324, 462924
8324, 462924
8324, 462924
8324, 462924
8324, 462924
8324, 462924
8324, 462924
8324, 462924
8324, 462924
8324, 462924
8324, 462924
8324, 462924
8324, 462924
8324, 462924
8324, 462924
8324, 462924
8324, 462924
8324, 462924
8324, 462924
8324, 462924
8324, 462924
8324, 462924
8324, 462924
8324, 462924
8324, 462924
8324, 462924
8324, 462924
8324, 462924
8324, 462924
8324, 462924
8324, 462924
8324, 462924
8324, 462924
8324, 462924
8324, 462924
8324, 462924
8324, 462924
8324, 462924
8324, 462924
8324, 462924
8324, 462924
8324, 462924
8324, 462924
8324, 462924
8324, 462924
8324, 462924
8324, 462924
8324, 462924
8324, 462924
8324, 462924
8324, 462924
8324, 462924
8324, 462924
8324, 462924
8324, 462924
8324, 462924
8324, 462924
8324, 462924
8324, 462924
8324, 462924
8324, 462924
8324, 462924
8324, 462924
8324, 462924
8324, 462924
8324, 462924
8324, 462924
8324, 462924
8324, 462924
8324, 462924
8324, 462924
8324, 462924
8324, 462924
8324, 462924
8324, 462924
8324, 462924
8324, 462924
8324, 462924
8324, 462924
8324, 462924
8324, 462924
8324, 462924
8324, 462924
8324, 462924
8324, 462924
8324, 462924
8324, 462924
8324, 462924
8324, 462924
8324, 462924
8324, 462924
8324, 462924
8324, 462924
8324, 462924
8324, 462924
8324, 462924
8324, 462924
8324, 462924
8324, 462924
8324, 462924
8324, 462924
8324, 462924
8324, 462924
8324, 462924
8324, 462924
8324, 462924
8324, 462924
8324, 462924
8324, 462924
8324, 462924
8324, 462924
8324, 462924
8324, 462924
8324, 462924
8324, 462924
8324, 462924
8324, 462924
8324, 462924
8324, 462924
8324, 462924
8324, 462924
8324, 462924
8324, 462924
8324, 462924
8324, 462924
8324, 462924
8324, 462924
8324, 462924
8324, 462924
8324, 462924
8324, 462924
8324, 462924
8324, 462924
8324, 462924
8324, 462924
8324, 462924
8324, 462924
8324, 462924
8324, 462924
8324, 462924
8324, 462924
8324, 462924
8324, 462924
8324, 462924
8324, 462924
8324, 462924
8324, 462924
8324, 462924
8324, 462924
8324, 462924
8324, 462924
8324, 462924
8324, 462924
8324, 462924
8324, 462924
8324, 462924
8324, 462924
8324, 462924
8324, 462924
8324, 462924
8324, 462924
8324, 462924
8324, 462924
8324, 462924
8324, 462924
8324, 462924
8324, 462924
8324, 462924
8324, 462924
8324, 462924
8324, 462924
8324, 462924
8324, 462924
8324, 462924
8324, 462924
8324, 462924
8324, 462924
8324, 462924
8324, 462924
8324, 462924
8324, 462924
8324, 462924
8324, 462924
8324, 462924
8324, 462924
8324, 462924
8324, 462924
8324, 462924
8324, 462924
8324, 462924
8324, 462924
8324, 462924
8324, 462924
8324, 462924
8324, 462924
8324, 462924
8324, 462924
8324, 462924
8324, 462924
8324, 462924
8324, 462924
8324, 462924
8324, 462924
8324, 462924
8324, 462924
8324, 462924
8324, 462924
8324, 462924
8324, 462924
8324, 462924
8324, 462924
8324, 462924
8324, 462924
8324, 462924
8324, 462924
8324, 462924
8324, 462924
8324, 462924
8324, 462924
8324, 462924
8324, 462924
8324, 462924
8324, 462924
8324, 462924
8324, 462924
8324, 462924
8324, 462924
8324, 462924
8324, 462924
8324, 462924
8324, 462924
8324, 462924
8324, 462924
8324, 462924
8324, 462924
8324, 462924
8324, 462924
8324, 462924
8324, 462924
8324, 462924
8324, 462924
8324, 462924
8324, 462924
8324, 462924
8324, 462924
8324, 462924
8324, 462924
8324, 462924
8324, 462924
8324, 462924
8324, 462924
8324, 462924
8324, 462924
8324, 462924
8324, 462924
8324, 462924
8324, 462924
8324, 462924
8324, 462924
8324, 462924
8324, 462924
8324, 462924
8324, 462924
8324, 462924
8324, 462924
8324, 462924
8324, 462924
8324, 462924
8324, 462924
8324, 462924
8324, 462924
8324, 462924
8324, 462924
8324, 462924
8324, 462924
8324, 462924
8324, 462924
8324, 462924
8324, 462924
8324, 462924
8324, 462924
8324, 462924
8324, 462924
8324, 462924
8324, 462924
8324, 462924
8324, 462924
8324, 462924
8324, 462924
8324, 462924
8324, 462924
8324, 462924
8324, 462924
8324, 462924
8324, 462924
8324, 462924
8324, 462924
8324, 462924
8324, 462924
8324, 462924
8324, 462924
8324, 462924
8324, 462924
8324, 462924
8324, 462924
8324, 462924
8324, 462924
8324, 462924
8324, 462924
8324, 462924
8324, 462924
8324, 462924
8324, 462924
8324, 462924
8324, 462924
8324, 462924
8324, 462924
8324, 462924
8324, 462924
8324, 462924
8324, 462924
8324, 462924
8324, 462924
8324, 462924
8324, 462924
8324, 462924
8324, 462924
8324, 462924
8324, 462924
8324, 462924
8324, 462924
8324, 462924
8324, 462924
8324, 462924
8324, 462924
8324, 462924
8324, 462924
8324, 462924
8324, 462924
8324, 462924
8324, 462924
8324, 462924
8324, 462924
8324, 462924
8324, 462924
8324, 462924
8324, 462924
8324, 462924
8324, 462924
8324, 462924
8324, 462924
8324, 462924
8324, 462924
8324, 462924
8324, 462924
8324, 462924
8324, 462924
8324, 462924
8324, 462924
8324, 462924
8324, 462924
8324, 462924
8324, 462924
8324, 462924
8324, 462924
8324, 462924
8324, 462924
8324, 462924
8324, 462924
8324, 462924
8324, 462924
8324, 462924
8324, 462924
8324, 462924
8324, 462924
8324, 462924
8324, 462924
8324, 462924
8324, 462924
8324, 462924
8324, 462924
8324, 462924
8324, 462924
8324, 462924
8324, 462924
8324, 462924
8324, 462924
8324, 462924
8324, 462924
8324, 462924
8324, 462924
8324, 462924
8324, 462924
8324, 462924
8324, 462924
8324, 462924
8324, 462924
8324, 462924
8324, 462924
8324, 462924
8324, 462924
8324, 462924
8324, 462924
8324, 462924
8324, 462924
8324, 462924
8324, 462924
8324, 462924
8324, 462924
8324, 462924
8324, 462924
8324, 462924
8324, 462924
8324, 462924
8324, 462924
8324, 462924
8324, 462924
8324, 462924
8324, 462924
8324, 462924
8324, 462924
8324, 462924
8324, 462924
8324, 462924
8324, 462924
8324, 462924
8324, 462924
8324, 462924
8324, 462924
8324, 462924
8324, 462924
8324, 462924
8324, 462924
8324, 462924
8324, 462924
8324, 462924
8324, 462924
8324, 462924
8324, 462924
8324, 462924
8324, 462924
8324, 462924
8324, 462924
8324, 462924
8324, 462924
8324, 462924
8324, 462924
8324, 462924
8324, 462924
8324, 462924
8324, 462924
8324, 462924
8324, 462924
8324, 462924
8324, 462924
8324, 462924
8324, 462924
8324, 462924
8324, 462924
8324, 462924
8324, 462924
8324, 462924
8324, 462924
8324, 462924
8324, 462924
8324, 462924
8324, 462924
8324, 462924
8324, 462924
8324, 462924
8324, 462924
8324, 462924
8324, 462924
8324, 462924
8324, 462924
8324, 462924
8324, 462924
8324, 462924
8324, 462924
8324, 462924
8324, 462924
8324, 462924
8324, 462924
8324, 462924
8324, 462924
8324, 462924
8324, 462924
8324, 462924
8324, 462924
8324, 462924
8324, 462924
8324, 462924
8324, 462924
8324, 462924
8324, 462924
8324, 462924
8324, 462924
8324, 462924
8324, 462924
8324, 462924
8324, 462924
8324, 462924
8324, 462924
8324, 462924
8324, 462924
8324, 462924
8324, 462924
8324, 462924
8324, 462924
8324, 462924
8324, 462924
8324, 462924
8324, 462924
8324, 462924
8324, 462924
8324, 462924
8324, 462924
8324, 462924
8324, 462924
8324, 462924
8324, 462924
8324, 462924
8324, 462924
8324, 462924
8324, 462924
8324, 462924
8324, 462924
8324, 462924
8324, 462924
8324, 462924
8324, 462924
8324, 462924
8324, 462924
8324, 462924
8324, 462924
8324, 462924
8324, 462924
8324, 462924
8324, 462924
8324, 462924
8324, 462924
8324, 462924
8324, 462924
8324, 462924
8324, 462924
8324, 462924
8324, 462924
8324, 462924
8324, 462924
8324, 462924
8324, 462924
8324, 462924
8324, 462924
8324, 462924
8324, 462924
8324, 462924
8324, 462924
8324, 462924
8324, 462924
8324, 462924
8324, 462924
8324, 462924
8324, 462924
8324, 462924
8324, 462924
8324, 462924
8324, 462924
8324, 462924
8324, 462924
8324, 462924
8324, 462924
8324, 462924
8324, 462924
8324, 462924
8324, 462924
8324, 462924
8324, 462924
8324, 462924
8324, 462924
8324, 462924
8324, 462924
8324, 462924
8324, 462924
8324, 462924
8324, 462924
8324, 462924
8324, 462924
8324, 462924
8324, 462924
8324, 462924
8324, 462924
8324, 462924
8324, 462924
8324, 462924
8324, 462924
8324, 462924
8324, 462924
8324, 462924
8324, 462924
8324, 462924
8324, 462924
8324, 462924
8324, 462924
8324, 462924
8324, 462924
8324, 462924
8324, 462924
8324, 462924
8324, 462924
8324, 462924
8324, 462924
8324, 462924
8324, 462924
8324, 462924
8324, 462924
8324, 462924
8324, 462924
8324, 462924
8324, 462924
8324, 462924
8324, 462924
8324, 462924
8324, 462924
8324, 462924
8324, 462924
8324, 462924
8324, 462924
8324, 462924
8324, 462924
8324, 462924
8324, 462924
8324, 462924
8324, 462924
8324, 462924
8324, 462924
8324, 462924
8324, 462924
8324, 462924
8324, 462924
8324, 462924
8324, 462924
8324, 462924
8324, 462924
8324, 462924
8324, 462924
8324, 462924
8324, 462924
8324, 462924
8324, 462924
8324, 462924
8324, 462924
8324, 462924
8324, 462924
8324, 462924
8324, 462924
8324, 462924
8324, 462924
8324, 462924
8324, 462924
8324, 462924
8324, 462924
8324, 462924
8324, 462924
8324, 462924
8324, 462924
8324, 462924
8324, 462924
8324, 462924
8324, 462924
8324, 462924
8324, 462924
8324, 462924
8324, 462924
8324, 462924
8324, 462924
8324, 462924
8324, 462924
8324, 462924
8324, 462924
8324, 462924
8324, 462924
8324, 462924
8324, 462924
8324, 462924
8324, 462924
8324, 462924
8324, 462924
8324, 462924
8324, 462924
8324, 462924
8324, 462924
8324, 462924
8324, 462924
8324, 462924
8324, 462924
8324, 462924
8324, 462924
8324, 462924
8324, 462924
8324, 462924
8324, 462924
8324, 462924
8324, 462924
8324, 462924
8324, 462924
8324, 462924
8324, 462924
8324, 462924
8324, 462924
8324, 462924
8324, 462924
8324, 462924
8324, 462924
8324, 462924
8324, 462924
8324, 462924
8324, 462924
8324, 462924
8324, 462924
8324, 462924
8324, 462924
8324, 462924
8324, 462924
8324, 462924
8324, 462924
8324, 462924
8324, 462924
8324, 462924
8324, 462924
8324, 462924
8324, 462924
8324, 462924
8324, 462924
8324, 462924
8324, 462924
8324, 462924
8324, 462924
8324, 462924
8324, 462924
8324, 462924
8324, 462924
8324, 462924
8324, 462924
8324, 462924
8324, 462924
8324, 462924
8324, 462924
8324, 462924
8324, 462924
8324, 462924
8324, 462924
8324, 462924
8324, 462924
8324, 462924
8324, 462924
8324, 462924
8324, 462924
8324, 462924
8324, 462924
8324, 462924
8324, 462924
8324, 462924
8324, 462924
8324, 462924
8324, 462924
8324, 462924
8324, 462924
8324, 462924
8324, 462924
8324, 462924
8324, 462924
8324, 462924
8324, 462924
8324, 462924
8324, 462924
8324, 462924
8324, 462924
8324, 462924
8324, 462924
8324, 462924
8324, 462924
8324, 462924
8324, 462924
8324, 462924
8324, 462924
8324, 462924
8324, 462924
8324, 462924
8324, 462924
8324, 462924
8324, 462924
8324, 462924
8324, 462924
8324, 462924
8324, 462924
8324, 462924
8324, 462924
8324, 462924
8324, 462924
8324, 462924
8324, 462924
8324, 462924
8324, 462924
8324, 462924
8324, 462924
8324, 462924
8324, 462924
8324, 462924
8324, 462924
8324, 462924
8324, 462924
8324, 462924
8324, 462924
8324, 462924
8324, 462924
8324, 462924
8324, 462924
8324, 462924
8324, 462924
8324, 462924
8324, 462924
8324, 462924
8324, 462924
8324, 462924
8324, 462924
8324, 462924
8324, 462924
8324, 462924
8324, 462924
8324, 462924
8324, 462924
8324, 462924
8324, 462924
8324, 462924
8324, 462924
8324, 462924
8324, 462924
8324, 462924
8324, 462924
8324, 462924
8324, 462924
8324, 462924
8324, 462924
8324, 462924
8324, 462924
8324, 462924
8324, 462924
8324, 462924
8324, 462924
8324, 462924
8324, 462924
8324, 462924
8324, 462924
8324, 462924
8324, 462924
8324, 462924
8324, 462924
8324, 462924
8324, 462924
8324, 462924
8324, 462924
8324, 462924
8324, 462924
8324, 462924
8324, 462924
8324, 462924
8324, 462924
8324, 462924
8324, 462924
8324, 462924
8324, 462924
8324, 462924
8324, 462924
8324, 462924
8324, 462924
8324, 462924
8324, 462924
8324, 462924
8324, 462924
8324, 462924
8324, 462924
8324, 462924
8324, 462924
8324, 462924
8324, 462924
8324, 462924
8324, 462924
8324, 462924
8324, 462924
8324, 462924
8324, 462924
8324, 462924
8324, 462924
8324, 462924
8324, 462924
8324, 462924
8324, 462924
8324, 462924
8324, 462924
8324, 462924
8324, 462924
8324, 462924
8324, 462924
8324, 462924
8324, 462924
8324, 462924
8324, 462924
8324, 462924
8324, 462924
8324, 462924
8324, 462924
8324, 462924
8324, 462924
8324, 462924
8324, 462924
8324, 462924
8324, 462924
8324, 462924
8324, 462924
8324, 462924
8324, 462924
8324, 462924
8324, 462924
8324, 462924
8324, 462924
8324, 462924
8324, 462924
8324, 462924
8324, 462924
8324, 462924
8324, 462924
8324, 462924
8324, 462924
8324, 462924
8324, 462924
8324, 462924
8324, 462924
8324, 462924
8324, 462924
8324, 462924
8324, 462924
8324, 462924
8324, 462924
8324, 462924
8324, 462924
8324, 462924
8324, 462924
8324, 462924
8324, 462924
8324, 462924
8324, 462924
8324, 462924
8324, 462924
8324, 462924
8324, 462924
8324, 462924
8324, 462924
8324, 462924
8324, 462924
8324, 462924
8324, 462924
8324, 462924
8324, 462924
8324, 462924
8324, 462924
8324, 462924
8324, 462924
8324, 462924
8324, 462924
8324, 462924
8324, 462924
8324, 462924
8324, 462924
8324, 462924
8324, 462924
8324, 462924
8324, 462924
8324, 462924
8324, 462924
8324, 462924
8324, 462924
8324, 462924
8324, 462924
8324, 462924
8324, 462924
8324, 462924
8324, 462924
8324, 462924
8324, 462924
8324, 462924
8324, 462924
8324, 462924
8324, 462924
8324, 462924
8324, 462924
8324, 462924
8324, 462924
8324, 462924
8324, 462924
8324, 462924
8324, 462924
8324, 462924
8324, 462924
8324, 462924
8324, 462924
8324, 462924
8324, 462924
8324, 462924
8324, 462924
8324, 462924
8324, 462924
8324, 462924
8324, 462924
8324, 462924
8324, 462924
8324, 462924
8324, 462924
8324, 462924
8324, 462924
8324, 462924
8324, 462924
8324, 462924
8324, 462924
8324, 462924
8324, 462924
8324, 462924
8324, 462924
8324, 462924
8324, 462924
8324, 462924
8324, 462924
8324, 462924
8324, 462924
8324, 462924
8324, 462924
8324, 462924
8324, 462924
8324, 462924
8324, 462924
8324, 462924
8324, 462924
8324, 462924
8324, 462924
8324, 462924
8324, 462924
8324, 462924
8324, 462924
8324, 462924
8324, 462924
8324, 462924
8324, 462924
8324, 462924
8324, 462924
8324, 462924
8324, 462924
8324, 462924
8324, 462924
8324, 462924
8324, 462924
8324, 462924
8324, 462924
8324, 462924
8324, 462924
8324, 462924
8324, 462924
8324, 462924
8324, 462924
8324, 462924
8324, 462924
8324, 462924
8324, 462924
8324, 462924
8324, 462924
8324, 462924
8324, 462924
8324, 462924
8324, 462924
8324, 462924
8324, 462924
8324, 462924
8324, 462924
8324, 462924
8324, 462924
8324, 462924
8324, 462924
8324, 462924
8324, 462924
8324, 462924
8324, 462924
8324, 462924
8324, 462924
8324, 462924
8324, 462924
8324, 462924
8324, 462924
8324, 462924
8324, 462924
8324, 462924
8324, 462924
8324, 462924
8324, 462924
8324, 462924
8324, 462924
8324, 462924
8324, 462924
8324, 462924
8324, 462924
8324, 462924
8324, 462924
8324, 462924
8324, 462924
8324, 462924
8324, 462924
8324, 462924
8324, 462924
8324, 462924
8324, 462924
8324, 462924
8324, 462924
8324, 462924
8324, 462924
8324, 462924
8324, 462924
8324, 462924
8324, 462924
8324, 462924
8324, 462924
8324, 462924
8324, 462924
8324, 462924
8324, 462924
8324, 462924
8324, 462924
8324, 462924
8324, 462924
8324, 462924
8324, 462924
8324, 462924
8324, 462924
8324, 462924
8324, 462924
8324, 462924
8324, 462924
8324, 462924
8324, 462924
8324, 462924
8324, 462924
8324, 462924
8324, 462924
8324, 462924
8324, 462924
8324, 462924
8324, 462924
8324, 462924
8324, 462924
8324, 462924
8324, 462924
8324, 462924
8324, 462924
8324, 462924
8324, 462924
8324, 462924
8324, 462924
8324, 462924
8324, 462924
8324, 462924
8324, 462924
8324, 462924
8324, 462924
8324, 462924
8324, 462924
8324, 462924
8324, 462924
8324, 462924
8324, 462924
8324, 462924
8324, 462924
8324, 462924
8324, 462924
8324, 462924
8324, 462924
8324, 462924
8324, 462924
8324, 462924
8324, 462924
8324, 462924
8324, 462924
8324, 462924
8324, 462924
8324, 462924
8324, 462924
8324, 462924
8324, 462924
8324, 462924
8324, 462924
8324, 462924
8324, 462924
8324, 462924
8324, 462924
8324, 462924
8324, 462924
8324, 462924
8324, 462924
8324, 462924
8324, 462924
8324, 462924
8324, 462924
8324, 462924
8324, 462924
8324, 462924
8324, 462924
8324, 462924
8324, 462924
8324, 462924
8324, 462924
8324, 462924
8324, 462924
8324, 462924
8324, 462924
8324, 462924
8324, 462924
8324, 462924
8324, 462924
8324, 462924
8324, 462924
8324, 462924
8324, 462924
8324, 462924
8324, 462924
8324, 462924
8324, 462924
8324, 462924
8324, 462924
8324, 462924
8324, 462924
8324, 462924
8324, 462924
8324, 462924
8324, 462924
8324, 462924
8324, 462924
8324, 462924
8324, 462924
8324, 462924
8324, 462924
8324, 462924
8324, 462924
8324, 462924
8324, 462924
8324, 462924
8324, 462924
8324, 462924
8324, 462924
8324, 462924
8324, 462924
8324, 462924
8324, 462924
8324, 462924
8324, 462924
8324, 462924
8324, 462924
8324, 462924
8324, 462924
8324, 462924
8324, 462924
8324, 462924
8324, 462924
8324, 462924
8324, 462924
8324, 462924
8324, 462924
8324, 462924
8324, 462924
8324, 462924
8324, 462924
8324, 462924
8324, 462924
8324, 462924
8324, 462924
8324, 462924
8324, 462924
8324, 462924
8324, 462924
8324, 462924
8324, 462924
8324, 462924
8324, 462924
8324, 462924
8324, 462924
8324, 462924
8324, 462924
8324, 462924
8324, 462924
8324, 462924
8324, 462924
8324, 462924
8324, 462924
8324, 462924
8324, 462924
8324, 462924
8324, 462924
8324, 462924
8324, 462924
8324, 462924
8324, 462924
8324, 462924
8324, 462924
8324, 462924
8324, 462924
8324, 462924
8324, 462924
8324, 462924
8324, 462924
8324, 462924
8324, 462924
8324, 462924
8324, 462924
8324, 462924
8324, 462924
8324, 462924
8324, 462924
8324, 462924
8324, 462924
8324, 462924
8324, 462924
8324, 462924
8324, 462924
8324, 462924
8324, 462924
8324, 462924
8324, 462924
8324, 462924
8324, 462924
8324, 462924
8324, 462924
8324, 462924
8324, 462924
8324, 462924
8324, 462924
8324, 462924
8324, 462924
8324, 462924
8324, 462924
8324, 462924
8324, 462924
8324, 462924
8324, 462924
8324, 462924
8324, 462924
8324, 462924
8324, 462924
8324, 462924
8324, 462924
8324, 462924
8324, 462924
8324, 462924
8324, 462924
8324, 462924
8324, 462924
8324, 462924
8324, 462924
8324, 462924
8324, 462924
8324, 462924
8324, 462924
8324, 462924
8324, 462924
8324, 462924
8324, 462924
8324, 462924
8324, 462924
8324, 462924
8324, 462924
8324, 462924
8324, 462924
8324, 462924
8324, 462924
8324, 462924
8324, 462924
8324, 462924
8324, 462924
8324, 462924
8324, 462924
8324, 462924
8324, 462924
8324, 462924
8324, 462924
8324, 462924
8324, 462924
8324, 462924
8324, 462924
8324, 462924
8324, 462924
8324, 462924
8324, 462924
8324, 462924
8324, 462924
8324, 462924
8324, 462924
8324, 462924
8324, 462924
8324, 462924
8324, 462924
8324, 462924
8324, 462924
8324, 462924
8324, 462924
8324, 462924
8324, 462924
8324, 462924
8324, 462924
8324, 462924
8324, 462924
8324, 462924
8324, 462924
8324, 462924
8324, 462924
8324, 462924
8324, 462924
8324, 462924
8324, 462924
8324, 462924
8324, 462924
8324, 462924
8324, 462924
8324, 462924
8324, 462924
8324, 462924
8324, 462924
8324, 462924
8324, 462924
8324, 462924
8324, 462924
8324, 462924
8324, 462924
8324, 462924
8324, 462924
8324, 462924
8324, 462924
8324, 462924
8324, 462924
8324, 462924
8324, 462924
8324, 462924
8324, 462924
8324, 462924
8324, 462924
8324, 462924
8324, 462924
8324, 462924
8324, 462924
8324, 462924
8324, 462924
8324, 462924
8324, 462924
8324, 462924
8324, 462924
8324, 462924
8324, 462924
8324, 462924
8324, 462924
8324, 462924
8324, 462924
8324, 462924
8324, 462924
8324, 462924
8324, 462924
8324, 462924
8324, 462924
8324, 462924
8324, 462924
8324, 462924
8324, 462924
8324, 462924
8324, 462924
8324, 462924
8324, 462924
8324, 462924
8324, 462924
8324, 462924
8324, 462924
8324, 462924
8324, 462924
8324, 462924
8324, 462924
8324, 462924
8324, 462924
8324, 462924
8324, 462924
8324, 462924
8324, 462924
8324, 462924
8324, 462924
8324, 462924
8324, 462924
8324, 462924
8324, 462924
8324, 462924
8324, 462924
8324, 462924
8324, 462924
8324, 462924
8324, 462924
8324, 462924
8324, 462924
8324, 462924
8324, 462924
8324, 462924
8324, 462924
8324, 462924
8324, 462924
8324, 462924
8324, 462924
8324, 462924
8324, 462924
8324, 462924
8324, 462924
8324, 462924
8324, 462924
8324, 462924
8324, 462924
8324, 462924
8324, 462924
8324, 462924
8324, 462924
8324, 462924
8324, 462924
8324, 462924
8324, 462924
8324, 462924
8324, 462924
8324, 462924
8324, 462924
8324, 462924
8324, 462924
8324, 462924
8324, 462924
8324, 462924
8324, 462924
8324, 462924
8324, 462924
8324, 462924
8324, 462924
8324, 462924
8324, 462924
8324, 462924
8324, 462924
8324, 462924
8324, 462924
8324, 462924
8324, 462924
8324, 462924
8324, 462924
8324, 462924
8324, 462924
8324, 462924
8324, 462924
8324, 462924
8324, 462924
8324, 462924
8324, 462924
8324, 462924
8324, 462924
8324, 462924
8324, 462924
8324, 462924
8324, 462924
8324, 462924
8324, 462924
8324, 462924
8324, 462924
8324, 462924
8324, 462924
8324, 462924
8324, 462924
8324, 462924
8324, 462924
8324, 462924
8324, 462924
8324, 462924
8324, 462924
8324, 462924
8324, 462924
8324, 462924
8324, 462924
8324, 462924
8324, 462924
8324, 462924
8324, 462924
8324, 462924
8324, 462924
8324, 462924
8324, 462924
8324, 462924
8324, 462924
8324, 462924
8324, 462924
8324, 462924
8324, 462924
8324, 462924
8324, 462924
8324, 462924
8324, 462924
8324, 462924
8324, 462924
8324, 462924
8324, 462924
8324, 462924
8324, 462924
8324, 462924
8324, 462924
8324, 462924
8324, 462924
8324, 462924
8324, 462924
8324, 462924
8324, 462924
8324, 462924
8324, 462924
8324, 462924
8324, 462924
8324, 462924
8324, 462924
8324, 462924
8324, 462924
8324, 462924
8324, 462924
8324, 462924
8324, 462924
8324, 462924
8324, 462924
8324, 462924
8324, 462924
8324, 462924
8324, 462924
8324, 462924
8324, 462924
8324, 462924
8324, 462924
8324, 462924
8324, 462924
8324, 462924
8324, 462924
8324, 462924
8324, 462924
8324, 462924
8324, 462924
8324, 462924
8324, 462924
8324, 462924
8324, 462924
8324, 462924
8324, 462924
8324, 462924
8324, 462924
8324, 462924
8324, 462924
8324, 462924
8324, 462924
8324, 462924
8324, 462924
8324, 462924
8324, 462924
8324, 462924
8324, 462924
8324, 462924
8324, 462924
8324, 462924
8324, 462924
8324, 462924
8324, 462924
8324, 462924
8324, 462924
8324, 462924
8324, 462924
8324, 462924
8324, 462924
8324, 462924
8324, 462924
8324, 462924
8324, 462924
8324, 462924
8324, 462924
8324, 462924
8324, 462924
8324, 462924
8324, 462924
8324, 462924
8324, 462924
8324, 462924
8324, 462924
8324, 462924
8324, 462924
8324, 462924
8324, 462924
8324, 462924
8324, 462924
8324, 462924
8324, 462924
8324, 462924
8324, 462924
8324, 462924
8324, 462924
8324, 462924
8324, 462924
8324, 462924
8324, 462924
8324, 462924
8324, 462924
8324, 462924
8324, 462924
8324, 462924
8324, 462924
8324, 462924
8324, 462924
8324, 462924
8324, 462924
8324, 462924
8324, 462924
8324, 462924
8324, 462924
8324, 462924
8324, 462924
8324, 462924
8324, 462924
8324, 462924
8324, 462924
8324, 462924
8324, 462924
8324, 462924
8324, 462924
8324, 462924
8324, 462924
8324, 462924
8324, 462924
8324, 462924
8324, 462924
8324, 462924
8324, 462924
8324, 462924
8324, 462924
8324, 462924
8324, 462924
8324, 462924
8324, 462924
8324, 462924
8324, 462924
8324, 462924
8324, 462924
8324, 462924
8324, 462924
8324, 462924
8324, 462924
8324, 462924
8324, 462924
8324, 462924
8324, 462924
8324, 462924
8324, 462924
8324, 462924
8324, 462924
8324, 462924
8324, 462924
8324, 462924
8324, 462924
8324, 462924
8324, 462924
8324, 462924
8324, 462924
8324, 462924
8324, 462924
8324, 462924
8324, 462924
8324, 462924
8324, 462924
8324, 462924
8324, 462924
8324, 462924
8324, 462924
8324, 462924
8324, 462924
8324, 462924
8324, 462924
8324, 462924
8324, 462924
8324, 462924
8324, 462924
8324, 462924
8324, 462924
8324, 462924
8324, 462924
8324, 462924
8324, 462924
8324, 462924
8324, 462924
8324, 462924
8324, 462924
8324, 462924
8324, 462924
8324, 462924
8324, 462924
8324, 462924
8324, 462924
8324, 462924
8324, 462924
8324, 462924
8324, 462924
8324, 462924
8324, 462924
8324, 462924
8324, 462924
8324, 462924
8324, 462924
8324, 462924
8324, 462924
8324, 462924
8324, 462924
8324, 462924
8324, 462924
8324, 462924
8324, 462924
8324, 462924
8324, 462924
8324, 462924
8324, 462924
8324, 462924
8324, 462924
8324, 462924
8324, 462924
8324, 462924
8324, 462924
8324, 462924
8324, 462924
8324, 462924
8324, 462924
8324, 462924
8324, 462924
8324, 462924
8324, 462924
8324, 462924
8324, 462924
8324, 462924
8324, 462924
8324, 462924
8324, 462924
8324, 462924
8324, 462924
8324, 462924
8324, 462924
8324, 462924
8324, 462924
8324, 462924
8324, 462924
8324, 462924
8324, 462924
8324, 462924
8324, 462924
8324, 462924
8324, 462924
8324, 462924
8324, 462924
8324, 462924
8324, 462924
8324, 462924
8324, 462924
8324, 462924
8324, 462924
8324, 462924
8324, 462924
8324, 462924
8324, 462924
8324, 462924
8324, 462924
8324, 462924
8324, 462924
8324, 462924
8324, 462924
8324, 462924
8324, 462924
8324, 462924
8324, 462924
8324, 462924
8324, 462924
8324, 462924
8324, 462924
8324, 462924
8324, 462924
8324, 462924
8324, 462924
8324, 462924
8324, 462924
8324, 462924
8324, 462924
8324, 462924
8324, 462924
8324, 462924
8324, 462924
8324, 462924
8324, 462924
8324, 462924
8324, 462924
8324, 462924
8324, 462924
8324, 462924
8324, 462924
8324, 462924
8324, 462924
8324, 462924
8324, 462924
8324, 462924
8324, 462924
8324, 462924
8324, 462924
8324, 462924
8324, 462924
8324, 462924
8324, 462924
8324, 462924
8324, 462924
8324, 462924
8324, 462924
8324, 462924
8324, 462924
8324, 462924
8324, 462924
8324, 462924
8324, 462924
8324, 462924
8324, 462924
8324, 462924
8324, 462924
8324, 462924
8324, 462924
8324, 462924
8324, 462924
8324, 462924
8324, 462924
8324, 462924
8324, 462924
8324, 462924
8324, 462924
8324, 462924
8324, 462924
8324, 462924
8324, 462924
8324, 462924
8324, 462924
8324, 462924
8324, 462924
8324, 462924
8324, 462924
8324, 462924
8324, 462924
8324, 462924
8324, 462924
8324, 462924
8324, 462924
8324, 462924
8324, 462924
8324, 462924
8324, 462924
8324, 462924
8324, 462924
8324, 462924
8324, 462924
8324, 462924
8324, 462924
8324, 462924
8324, 462924
8324, 462924
8324, 462924
8324, 462924
8324, 462924
8324, 462924
8324, 462924
8324, 462924
8324, 462924
8324, 462924
8324, 462924
8324, 462924
8324, 462924
8324, 462924
8324, 462924
8324, 462924
8324, 462924
8324, 462924
8324, 462924
8324, 462924
8324, 462924
8324, 462924
8324, 462924
8324, 462924
8324, 462924
8324, 462924
8324, 462924
8324, 462924
8324, 462924
8324, 462924
8324, 462924
8324, 462924
8324, 462924
8324, 462924
8324, 462924
8324, 462924
8324, 462924
8324, 462924
8324, 462924
8324, 462924
8324, 462924
8324, 462924
8324, 462924
8324, 462924
8324, 462924
8324, 462924
8324, 462924
8324, 462924
8324, 462924
8324, 462924
8324, 462924
8324, 462924
8324, 462924
8324, 462924
8324, 462924
8324, 462924
8324, 462924
8324, 462924
8324, 462924
8324, 462924
8324, 462924
8324, 462924
8324, 462924
8324, 462924
8324, 462924
8324, 462924
8324, 462924
8324, 462924
8324, 462924
8324, 462924
8324, 462924
8324, 462924
8324, 462924
8324, 462924
8324, 462924
8324, 462924
8324, 462924
8324, 462924
8324, 462924
8324, 462924
8324, 462924
8324, 462924
8324, 462924
8324, 462924
8324, 462924
8324, 462924
8324, 462924
8324, 462924
8324, 462924
8324, 462924
8324, 462924
8324, 462924
8324, 462924
8324, 462924
8324, 462924
8324, 462924
8324, 462924
8324, 462924
8324, 462924
8324, 462924
8324, 462924
8324, 462924
8324, 462924
8324, 462924
8324, 462924
8324, 462924
8324, 462924
8324, 462924
8324, 462924
8324, 462924
8324, 462924
8324, 462924
8324, 462924
8324, 462924
8324, 462924
8324, 462924
8324, 462924
8324, 462924
8324, 462924
8324, 462924
8324, 462924
8324, 462924
8324, 462924
8324, 462924
8324, 462924
8324, 462924
8324, 462924
8324, 462924
8324, 462924
8324, 462924
8324, 462924
8324, 462924
8324, 462924
8324, 462924
8324, 462924
8324, 462924
8324, 462924
8324, 462924
8324, 462924
8324, 462924
8324, 462924
8324, 462924
8324, 462924
8324, 462924
8324, 462924
8324, 462924
8324, 462924
8324, 462924
8324, 462924
8324, 462924
8324, 462924
8324, 462924
8324, 462924
8324, 462924
8324, 462924
8324, 462924
8324, 462924
8324, 462924
8324, 462924
8324, 462924
8324, 462924
8324, 462924
8324, 462924
8324, 462924
8324, 462924
8324, 462924
8324, 462924
8324, 462924
8324, 462924
8324, 462924
8324, 462924
8324, 462924
8324, 462924
8324, 462924
8324, 462924
8324, 462924
8324, 462924
8324, 462924
8324, 462924
8324, 462924
8324, 462924
8324, 462924
8324, 462924
8324, 462924
8324, 462924
8324, 462924
8324, 462924
8324, 462924
8324, 462924
8324, 462924
8324, 462924
8324, 462924
8324, 462924
8324, 462924
8324, 462924
8324, 462924
8324, 462924
8324, 462924
8324, 462924
8324, 462924
8324, 462924
8324, 462924
8324, 462924
8324, 462924
8324, 462924
8324, 462924
8324, 462924
8324, 462924
8324, 462924
8324, 462924
8324, 462924
8324, 462924
8324, 462924
8324, 462924
8324, 462924
8324, 462924
8324, 462924
8324, 462924
8324, 462924
8324, 462924
8324, 462924
8324, 462924
8324, 462924
8324, 462924
8324, 462924
8324, 462924
8324, 462924
8324, 462924
8324, 462924
8324, 462924
8324, 462924
8324, 462924
8324, 462924
8324, 462924
8324, 462924
8324, 462924
8324, 462924
8324, 462924
8324, 462924
8324, 462924
8324, 462924
8324, 462924
8324, 462924
8324, 462924
8324, 462924
8324, 462924
8324, 462924
8324, 462924
8324, 462924
8324, 462924
8324, 462924
8324, 462924
8324, 462924
8324, 462924
8324, 462924
8324, 462924
8324, 462924
8324, 462924
8324, 462924
8324, 462924
8324, 462924
8324, 462924
8324, 462924
8324, 462924
8324, 462924
8324, 462924
8324, 462924
8324, 462924
8324, 462924
8324, 462924
8324, 462924
8324, 462924
8324, 462924
8324, 462924
8324, 462924
8324, 462924
8324, 462924
8324, 462924
8324, 462924
8324, 462924
8324, 462924
8324, 462924
8324, 462924
8324, 462924
8324, 462924
8324, 462924
8324, 462924
8324, 462924
8324, 462924
8324, 462924
8324, 462924
8324, 462924
8324, 462924
8324, 462924
8324, 462924
8324, 462924
8324, 462924
8324, 462924
8324, 462924
8324, 462924
8324, 462924
8324, 462924
8324, 462924
8324, 462924
8324, 462924
8324, 462924
8324, 462924
8324, 462924
8324, 462924
8324, 462924
8324, 462924
8324, 462924
8324, 462924
8324, 462924
8324, 462924
8324, 462924
8324, 462924
8324, 462924
8324, 462924
8324, 462924
8324, 462924
8324, 462924
8324, 462924
8324, 462924
8324, 462924
8324, 462924
8324, 462924
8324, 462924
8324, 462924
8324, 462924
8324, 462924
8324, 462924
8324, 462924
8324, 462924
8324, 462924
8324, 462924
8324, 462924
8324, 462924
8324, 462924
8324, 462924
8324, 462924
8324, 462924
8324, 462924
8324, 462924
8324, 462924
8324, 462924
8324, 462924
8324, 462924
8324, 462924
8324, 462924
8324, 462924
8324, 462924
8324, 462924
8324, 462924
8324, 462924
8324, 462924
8324, 462924
8324, 462924
8324, 462924
8324, 462924
8324, 462924
8324, 462924
8324, 462924
8324, 462924
8324, 462924
8324, 462924
8324, 462924
8324, 462924
8324, 462924
8324, 462924
8324, 462924
8324, 462924
8324, 462924
8324, 462924
8324, 462924
8324, 462924
8324, 462924
8324, 462924
8324, 462924
8324, 462924
8324, 462924
8324, 462924
8324, 462924
8324, 462924
8324, 462924
8324, 462924
8324, 462924
8324, 462924
8324, 462924
8324, 462924
8324, 462924
8324, 462924
8324, 462924
8324, 462924
8324, 462924
8324, 462924
8324, 462924
8324, 462924
8324, 462924
8324, 462924
8324, 462924
8324, 462924
8324, 462924
8324, 462924
8324, 462924
8324, 462924
8324, 462924
8324, 462924
8324, 462924
8324, 462924
8324, 462924
8324, 462924
8324, 462924
8324, 462924
8324, 462924
8324, 462924
8324, 462924
8324, 462924
8324, 462924
8324, 462924
8324, 462924
8324, 462924
8324, 462924
8324, 462924
8324, 462924
8324, 462924
8324, 462924
8324, 462924
8324, 462924
8324, 462924
8324, 462924
8324, 462924
8324, 462924
8324, 462924
8324, 462924
8324, 462924
8324, 462924
8324, 462924
8324, 462924
8324, 462924
8324, 462924
8324, 462924
8324, 462924
8324, 462924
8324, 462924
8324, 462924
8324, 462924
8324, 462924
8324, 462924
8324, 462924
8324, 462924
8324, 462924
8324, 462924
8324, 462924
8324, 462924
8324, 462924
8324, 462924
8324, 462924
8324, 462924
8324, 462924
8324, 462924
8324, 462924
8324, 462924
8324, 462924
8324, 462924
8324, 462924
8324, 462924
8324, 462924
8324, 462924
8324, 462924
8324, 462924
8324, 462924
8324, 462924
8324, 462924
8324, 462924
8324, 462924
8324, 462924
8324, 462924
8324, 462924
8324, 462924
8324, 462924
8324, 462924
8324, 462924
8324, 462924
8324, 462924
8324, 462924
8324, 462924
8324, 462924
8324, 462924
8324, 462924
8324, 462924
8324, 462924
8324, 462924
8324, 462924
8324, 462924
8324, 462924
8324, 462924
8324, 462924
8324, 462924
8324, 462924
8324, 462924
8324, 462924
8324, 462924
8324, 462924
8324, 462924
8324, 462924
8324, 462924
8324, 462924
8324, 462924
8324, 462924
8324, 462924
8324, 462924
8324, 462924
8324, 462924
8324, 462924
8324, 462924
8324, 462924
8324, 462924
8324, 462924
8324, 462924
8324, 462924
8324, 462924
8324, 462924
8324, 462924
8324, 462924
8324, 462924
8324, 462924
8324, 462924
8324, 462924
8324, 462924
8324, 462924
8324, 462924
8324, 462924
8324, 462924
8324, 462924
8324, 462924
8324, 462924
8324, 462924
8324, 462924
8324, 462924
8324, 462924
8324, 462924
8324, 462924
8324, 462924
8324, 462924
8324, 462924
8324, 462924
8324, 462924
8324, 462924
8324, 462924
8324, 462924
8324, 462924
8324, 462924
8324, 462924
8324, 462924
8324, 462924
8324, 462924
8324, 462924
8324, 462924
8324, 462924
8324, 462924
8324, 462924
8324, 462924
8324, 462924
8324, 462924
8324, 462924
8324, 462924
8324, 462924
8324, 462924
8324, 462924
8324, 462924
8324, 462924
8324, 462924
8324, 462924
8324, 462924
8324, 462924
8324, 462924
8324, 462924
8324, 462924
8324, 462924
8324, 462924
8324, 462924
8324, 462924
8324, 462924
8324, 462924
8324, 462924
8324, 462924
8324, 462924
8324, 462924
8324, 462924
8324, 462924
8324, 462924
8324, 462924
8324, 462924
8324, 462924
8324, 462924
8324, 462924
8324, 462924
8324, 462924
8324, 462924
8324, 462924
8324, 462924
8324, 462924
8324, 462924
8324, 462924
8324, 462924
8324, 462924
8324, 462924
8324, 462924
8324, 462924
8324, 462924
8324, 462924
8324, 462924
8324, 462924
8324, 462924
8324, 462924
8324, 462924
8324, 462924
8324, 462924
8324, 462924
8324, 462924
8324, 462924
8324, 462924
8324, 462924
8324, 462924
8324, 462924
8324, 462924
8324, 462924
8324, 462924
8324, 462924
8324, 462924
8324, 462924
8324, 462924
8324, 462924
8324, 462924
8324, 462924
8324, 462924
8324, 462924
8324, 462924
8324, 462924
8324, 462924
8324, 462924
8324, 462924
8324, 462924
8324, 462924
8324, 462924
8324, 462924
8324, 462924
8324, 462924
8324, 462924
8324, 462924
8324, 462924
8324, 462924
8324, 462924
8324, 462924
8324, 462924
8324, 462924
8324, 462924
8324, 462924
8324, 462924
8324, 462924
8324, 462924
8324, 462924
8324, 462924
8324, 462924
8324, 462924
8324, 462924
8324, 462924
8324, 462924
8324, 462924
8324, 462924
8324, 462924
8324, 462924
8324, 462924
8324, 462924
8324, 462924
8324, 462924
8324, 462924
8324, 462924
8324, 462924
8324, 462924
8324, 462924
8324, 462924
8324, 462924
8324, 462924
8324, 462924
8324, 462924
8324, 462924
8324, 462924
8324, 462924
8324, 462924
8324, 462924
8324, 462924
8324, 462924
8324, 462924
8324, 462924
8324, 462924
8324, 462924
8324, 462924
8324, 462924
8324, 462924
8324, 462924
8324, 462924
8324, 462924
8324, 462924
8324, 462924
8324, 462924
8324, 462924
8324, 462924
8324, 462924
8324, 462924
8324, 462924
8324, 462924
8324, 462924
8324, 462924
8324, 462924
8324, 462924
8324, 462924
8324, 462924
8324, 462924
8324, 462924
8324, 462924
8324, 462924
8324, 462924
8324, 462924
8324, 462924
8324, 462924
8324, 462924
8324, 462924
8324, 462924
8324, 462924
8324, 462924
8324, 462924
8324, 462924
8324, 462924
8324, 462924
8324, 462924
8324, 462924
8324, 462924
8324, 462924
8324, 462924
8324, 462924
8324, 462924
8324, 462924
8324, 462924
8324, 462924
8324, 462924
8324, 462924
8324, 462924
8324, 462924
8324, 462924
8324, 462924
8324, 462924
8324, 462924
8324, 462924
8324, 462924
8324, 462924
8324, 462924
8324, 462924
8324, 462924
8324, 462924
8324, 462924
8324, 462924
8324, 462924
8324, 462924
8324, 462924
8324, 462924
8324, 462924
8324, 462924
8324, 462924
8324, 462924
8324, 462924
8324, 462924
8324, 462924
8324, 462924
8324, 462924
8324, 462924
8324, 462924
8324, 462924
8324, 462924
8324, 462924
8324, 462924
8324, 462924
8324, 462924
8324, 462924
8324, 462924
8324, 462924
8324, 462924
8324, 462924
8324, 462924
8324, 462924
8324, 462924
8324, 462924
8324, 462924
8324, 462924
8324, 462924
8324, 462924
8324, 462924
8324, 462924
8324, 462924
8324, 462924
8324, 462924
8324, 462924
8324, 462924
8324, 462924
8324, 462924
8324, 462924
8324, 462924
8324, 462924
8324, 462924
8324, 462924
8324, 462924
8324, 462924
8324, 462924
8324, 462924
8324, 462924
8324, 462924
8324, 462924
8324, 462924
8324, 462924
8324, 462924
8324, 462924
8324, 462924
8324, 462924
8324, 462924
8324, 462924
8324, 462924
8324, 462924
8324, 462924
8324, 462924
8324, 462924
8324, 462924
8324, 462924
8324, 462924
8324, 462924
8324, 462924
8324, 462924
8324, 462924
8324, 462924
8324, 462924
8324, 462924
8324, 462924
8324, 462924
8324, 462924
8324, 462924
8324, 462924
8324, 462924
8324, 462924
8324, 462924
8324, 462924
8324, 462924
8324, 462924
8324, 462924
8324, 462924
8324, 462924
8324, 462924
8324, 462924
8324, 462924
8324, 462924
8324, 462924
8324, 462924
8324, 462924
8324, 462924
8324, 462924
8324, 462924
8324, 462924
8324, 462924
8324, 462924
8324, 462924
8324, 462924
8324, 462924
8324, 462924
8324, 462924
8324, 462924
8324, 462924
8324, 462924
8324, 462924
8324, 462924
8324, 462924
8324, 462924
8324, 462924
8324, 462924
8324, 462924
8324, 462924
8324, 462924
8324, 462924
8324, 462924
8324, 462924
8324, 462924
8324, 462924
8324, 462924
8324, 462924
8324, 462924
8324, 462924
8324, 462924
8324, 462924
8324, 462924
8324, 462924
8324, 462924
8324, 462924
8324, 462924
8324, 462924
8324, 462924
8324, 462924
8324, 462924
8324, 462924
8324, 462924
8324, 462924
8324, 462924
8324, 462924
8324, 462924
8324, 462924
8324, 462924
8324, 462924
8324, 462924
8324, 462924
8324, 462924
8324, 462924
8324, 462924
8324, 462924
8324, 462924
8324, 462924
8324, 462924
8324, 462924
8324, 462924
8324, 462924
8324, 462924
8324, 462924
8324, 462924
8324, 462924
8324, 462924
8324, 462924
8324, 462924
8324, 462924
8324, 462924
8324, 462924
8324, 462924
8324, 462924
8324, 462924
8324, 462924
8324, 462924
8324, 462924
8324, 462924
8324, 462924
8324, 462924
8324, 462924
8324, 462924
8324, 462924
8324, 462924
8324, 462924
8324, 462924
8324, 462924
8324, 462924
8324, 462924
8324, 462924
8324, 462924
8324, 462924
8324, 462924
8324, 462924
8324, 462924
8324, 462924
8324, 462924
8324, 462924
8324, 462924
8324, 462924
8324, 462924
8324, 462924
8324, 462924
8324, 462924
8324, 462924
8324, 462924
8324, 462924
8324, 462924
8324, 462924
8324, 462924
8324, 462924
8324, 462924
8324, 462924
8324, 462924
8324, 462924
8324, 462924
8324, 462924
8324, 462924
8324, 462924
8324, 462924
8324, 462924
8324, 462924
8324, 462924
8324, 462924
8324, 462924
8324, 462924
8324, 462924
8324, 462924
8324, 462924
8324, 462924
8324, 462924
8324, 462924
8324, 462924
8324, 462924
8324, 462924
8324, 462924
8324, 462924
8324, 462924
8324, 462924
8324, 462924
8324, 462924
8324, 462924
8324, 462924
8324, 462924
8324, 462924
8324, 462924
8324, 462924
8324, 462924
8324, 462924
8324, 462924
8324, 462924
8324, 462924
8324, 462924
8324, 462924
8324, 462924
8324, 462924
8324, 462924
8324, 462924
8324, 462924
8324, 462924
8324, 462924
8324, 462924
8324, 462924
8324, 462924
8324, 462924
8324, 462924
8324, 462924
8324, 462924
8324, 462924
8324, 462924
8324, 462924
8324, 462924
8324, 462924
8324, 462924
8324, 462924
8324, 462924
8324, 462924
8324, 462924
8324, 462924
8324, 462924
8324, 462924
8324, 462924
8324, 462924
8324, 462924
8324, 462924
8324, 462924
8324, 462924
8324, 462924
8324, 462924
8324, 462924
8324, 462924
8324, 462924
8324, 462924
8324, 462924
8324, 462924
8324, 462924
8324, 462924
8324, 462924
8324, 462924
8324, 462924
8324, 462924
8324, 462924
8324, 462924
8324, 462924
8324, 462924
8324, 462924
8324, 462924
8324, 462924
8324, 462924
8324, 462924
8324, 462924
8324, 462924
8324, 462924
8324, 462924
8324, 462924
8324, 462924
8324, 462924
8324, 462924
8324, 462924
8324, 462924
8324, 462924
8324, 462924
8324, 462924
8324, 462924
8324, 462924
8324, 462924
8324, 462924
8324, 462924
8324, 462924
8324, 462924
8324, 462924
8324, 462924
8324, 462924
8324, 462924
8324, 462924
8324, 462924
8324, 462924
8324, 462924
8324, 462924
8324, 462924
8324, 462924
8324, 462924
8324, 462924
8324, 462924
8324, 462924
8324, 462924
8324, 462924
8324, 462924
8324, 462924
8324, 462924
8324, 462924
8324, 462924
8324, 462924
8324, 462924
8324, 462924
8324, 462924
8324, 462924
8324, 462924
8324, 462924
8324, 462924
8324, 462924
8324, 462924
8324, 462924
8324, 462924
8324, 462924
8324, 462924
8324, 462924
8324, 462924
8324, 462924
8324, 462924
8324, 462924
8324, 462924
8324, 462924
8324, 462924
8324, 462924
8324, 462924
8324, 462924
8324, 462924
8324, 462924
8324, 462924
8324, 462924
8324, 462924
8324, 462924
8324, 462924
8324, 462924
8324, 462924
8324, 462924
8324, 462924
8324, 462924
8324, 462924
8324, 462924
8324, 462924
8324, 462924
8324, 462924
8324, 462924
8324, 462924
8324, 462924
8324, 462924
8324, 462924
8324, 462924
8324, 462924
8324, 462924
8324, 462924
8324, 462924
8324, 462924
8324, 462924
8324, 462924
8324, 462924
8324, 462924
8324, 462924
8324, 462924
8324, 462924
8324, 462924
8324, 462924
8324, 462924
8324, 462924
8324, 462924
8324, 462924
8324, 462924
8324, 462924
8324, 462924
8324, 462924
8324, 462924
8324, 462924
8324, 462924
8324, 462924
8324, 462924
8324, 462924
8324, 462924
8324, 462924
8324, 462924
8324, 462924
8324, 462924
8324, 462924
8324, 462924
8324, 462924
8324, 462924
8324, 462924
8324, 462924
8324, 462924
8324, 462924
8324, 462924
8324, 462924
8324, 462924
8324, 462924
8324, 462924
8324, 462924
8324, 462924
8324, 462924
8324, 462924
8324, 462924
8324, 462924
8324, 462924
8324, 462924
8324, 462924
8324, 462924
8324, 462924
8324, 462924
8324, 462924
8324, 462924
8324, 462924
8324, 462924
8324, 462924
8324, 462924
8324, 462924
8324, 462924
8324, 462924
8324, 462924
8324, 462924
8324, 462924
8324, 462924
8324, 462924
8324, 462924
8324, 462924
8324, 462924
8324, 462924
8324, 462924
8324, 462924
8324, 462924
8324, 462924
8324, 462924
8324, 462924
8324, 462924
8324, 462924
8324, 462924
8324, 462924
8324, 462924
8324, 462924
8324, 462924
8324, 462924
8324, 462924
8324, 462924
8324, 462924
8324, 462924
8324, 462924
8324, 462924
8324, 462924
8324, 462924
8324, 462924
8324, 462924
8324, 462924
8324, 462924
8324, 462924
8324, 462924
8324, 462924
8324, 462924
8324, 462924
8324, 462924
8324, 462924
8324, 462924
8324, 462924
8324, 462924
8324, 462924
8324, 462924
8324, 462924
8324, 462924
8324, 462924
8324, 462924
8324, 462924
8324, 462924
8324, 462924
8324, 462924
8324, 462924
8324, 462924
8324, 462924
8324, 462924
8324, 462924
8324, 462924
8324, 462924
8324, 462924
8324, 462924
8324, 462924
8324, 462924
8324, 462924
8324, 462924
8324, 462924
8324, 462924
8324, 462924
8324, 462924
8324, 462924
8324, 462924
8324, 462924
8324, 462924
8324, 462924
8324, 462924
8324, 462924
8324, 462924
8324, 462924
8324, 462924
8324, 462924
8324, 462924
8324, 462924
8324, 462924
8324, 462924
8324, 462924
8324, 462924
8324, 462924
8324, 462924
8324, 462924
8324, 462924
8324, 462924
8324, 462924
8324, 462924
8324, 462924
8324, 462924
8324, 462924
8324, 462924
8324, 462924
8324, 462924
8324, 462924
8324, 462924
8324, 462924
8324, 462924
8324, 462924
8324, 462924
8324, 462924
8324, 462924
8324, 462924
8324, 462924
8324, 462924
8324, 462924
8324, 462924
8324, 462924
8324, 462924
8324, 462924
8324, 462924
8324, 462924
8324, 462924
8324, 462924
8324, 462924
8324, 462924
8324, 462924
8324, 462924
8324, 462924
8324, 462924
8324, 462924
8324, 462924
8324, 462924
8324, 462924
8324, 462924
8324, 462924
8324, 462924
8324, 462924
8324, 462924
8324, 462924
8324, 462924
8324, 462924
8324, 462924
8324, 462924
8324, 462924
8324, 462924
8324, 462924
8324, 462924
8324, 462924
8324, 462924
8324, 462924
8324, 462924
8324, 462924
8324, 462924
8324, 462924
8324, 462924
8324, 462924
8324, 462924
8324, 462924
8324, 462924
8324, 462924
8324, 462924
8324, 462924
8324, 462924
8324, 462924
8324, 462924
8324, 462924
8324, 462924
8324, 462924
8324, 462924
8324, 462924
8324, 462924
8324, 462924
8324, 462924
8324, 462924
8324, 462924
8324, 462924
8324, 462924
8324, 462924
8324, 462924
8324, 462924
8324, 462924
8324, 462924
8324, 462924
8324, 462924
8324, 462924
8324, 462924
8324, 462924
8324, 462924
8324, 462924
8324, 462924
8324, 462924
8324, 462924
8324, 462924
8324, 462924
8324, 462924
8324, 462924
8324, 462924
8324, 462924
8324, 462924
8324, 462924
8324, 462924
8324, 462924
8324, 462924
8324, 462924
8324, 462924
8324, 462924
8324, 462924
8324, 462924
8324, 462924
8324, 462924
8324, 462924
8324, 462924
8324, 462924
8324, 462924
8324, 462924
8324, 462924
8324, 462924
8324, 462924
8324, 462924
8324, 462924
8324, 462924
8324, 462924
8324, 462924
8324, 462924
8324, 462924
8324, 462924
8324, 462924
8324, 462924
8324, 462924
8324, 462924
8324, 462924
8324, 462924
8324, 462924
8324, 462924
8324, 462924
8324, 462924
8324, 462924
8324, 462924
8324, 462924
8324, 462924
8324, 462924
8324, 462924
8324, 462924
8324, 462924
8324, 462924
8324, 462924
8324, 462924
8324, 462924
8324, 462924
8324, 462924
8324, 462924
8324, 462924
8324, 462924
8324, 462924
8324, 462924
8324, 462924
8324, 462924
8324, 462924
8324, 462924
8324, 462924
8324, 462924
8324, 462924
8324, 462924
8324, 462924
8324, 462924
8324, 462924
8324, 462924
8324, 462924
8324, 462924
8324, 462924
8324, 462924
8324, 462924
8324, 462924
8324, 462924
8324, 462924
8324, 462924
8324, 462924
8324, 462924
8324, 462924
8324, 462924
8324, 462924
8324, 462924
8324, 462924
8324, 462924
8324, 462924
8324, 462924
8324, 462924
8324, 462924
8324, 462924
8324, 462924
8324, 462924
8324, 462924
8324, 462924
8324, 462924
8324, 462924
8324, 462924
8324, 462924
8324, 462924
8324, 462924
8324, 462924
8324, 462924
8324, 462924
8324, 462924
8324, 462924
8324, 462924
8324, 462924
8324, 462924
8324, 462924
8324, 462924
8324, 462924
8324, 462924
8324, 462924
8324, 462924
8324, 462924
8324, 462924
8324, 462924
8324, 462924
8324, 462924
8324, 462924
8324, 462924
8324, 462924
8324, 462924
8324, 462924
8324, 462924
8324, 462924
8324, 462924
8324, 462924
8324, 462924
8324, 462924
8324, 462924
8324, 462924
8324, 462924
8324, 462924
8324, 462924
8324, 462924
8324, 462924
8324, 462924
8324, 462924
8324, 462924
8324, 462924
8324, 462924
8324, 462924
8324, 462924
8324, 462924
8324, 462924
8324, 462924
8324, 462924
8324, 462924
8324, 462924
8324, 462924
8324, 462924
8324, 462924
8324, 462924
8324, 462924
8324, 462924
8324, 462924
8324, 462924
8324, 462924
8324, 462924
8324, 462924
8324, 462924
8324, 462924
8324, 462924
8324, 462924
8324, 462924
8324, 462924
8324, 462924
8324, 462924
8324, 462924
8324, 462924
8324, 462924
8324, 462924
8324, 462924
8324, 462924
8324, 462924
8324, 462924
8324, 462924
8324, 462924
8324, 462924
8324, 462924
8324, 462924
8324, 462924
8324, 462924
8324, 462924
8324, 462924
8324, 462924
8324, 462924
8324, 462924
8324, 462924
8324, 462924
8324, 462924
8324, 462924
8324, 462924
8324, 462924
8324, 462924
8324, 462924
8324, 462924
8324, 462924
8324, 462924
8324, 462924
8324, 462924
8324, 462924
8324, 462924
8324, 462924
8324, 462924
8324, 462924
8324, 462924
8324, 462924
8324, 462924
8324, 462924
8324, 462924
8324, 462924
8324, 462924
8324, 462924
8324, 462924
8324, 462924
8324, 462924
8324, 462924
8324, 462924
8324, 462924
8324, 462924
8324, 462924
8324, 462924
8324, 462924
8324, 462924
8324, 462924
8324, 462924
8324, 462924
8324, 462924
8324, 462924
8324, 462924
8324, 462924
8324, 462924
8324, 462924
8324, 462924
8324, 462924
8324, 462924
8324, 462924
8324, 462924
8324, 462924
8324, 462924
8324, 462924
8324, 462924
8324, 462924
8324, 462924
8324, 462924
8324, 462924
8324, 462924
8324, 462924
8324, 462924
8324, 462924
8324, 462924
8324, 462924
8324, 462924
8324, 462924
8324, 462924
8324, 462924
8324, 462924
8324, 462924
8324, 462924
8324, 462924
8324, 462924
8324, 462924
8324, 462924
8324, 462924
8324, 462924
8324, 462924
8324, 462924
8324, 462924
8324, 462924
8324, 462924
8324, 462924
8324, 462924
8324, 462924
8324, 462924
8324, 462924
8324, 462924
8324, 462924
8324, 462924
8324, 462924
8324, 462924
8324, 462924
8324, 462924
8324, 462924
8324, 462924
8324, 462924
8324, 462924
8324, 462924
8324, 462924
8324, 462924
8324, 462924
8324, 462924
8324, 462924
8324, 462924
8324, 462924
8324, 462924
8324, 462924
8324, 462924
8324, 462924
8324, 462924
8324, 462924
8324, 462924
8324, 462924
8324, 462924
8324, 462924
8324, 462924
8324, 462924
8324, 462924
8324, 462924
8324, 462924
8324, 462924
8324, 462924
8324, 462924
8324, 462924
8324, 462924
8324, 462924
8324, 462924
8324, 462924
8324, 462924
8324, 462924
8324, 462924
8324, 462924
8324, 462924
8324, 462924
8324, 462924
8324, 462924
8324, 462924
8324, 462924
8324, 462924
8324, 462924
8324, 462924
8324, 462924
8324, 462924
8324, 462924
8324, 462924
8324, 462924
8324, 462924
8324, 462924
8324, 462924
8324, 462924
8324, 462924
8324, 462924
8324, 462924
8324, 462924
8324, 462924
8324, 462924
8324, 462924
8324, 462924
8324, 462924
8324, 462924
8324, 462924
8324, 462924
8324, 462924
8324, 462924
8324, 462924
8324, 462924
8324, 462924
8324, 462924
8324, 462924
8324, 462924
8324, 462924
8324, 462924
8324, 462924
8324, 462924
8324, 462924
8324, 462924
8324, 462924
8324, 462924
8324, 462924
8324, 462924
8324, 462924
8324, 462924
8324, 462924
8324, 462924
8324, 462924
8324, 462924
8324, 462924
8324, 462924
8324, 462924
8324, 462924
8324, 462924
8324, 462924
8324, 462924
8324, 462924
8324, 462924
8324, 462924
8324, 462924
8324, 462924
8324, 462924
8324, 462924
8324, 462924
8324, 462924
8324, 462924
8324, 462924
8324, 462924
8324, 462924
8324, 462924
8324, 462924
8324, 462924
8324, 462924
8324, 462924
8324, 462924
8324, 462924
8324, 462924
8324, 462924
8324, 462924
8324, 462924
8324, 462924
8324, 462924
8324, 462924
8324, 462924
8324, 462924
8324, 462924
8324, 462924
8324, 462924
8324, 462924
8324, 462924
8324, 462924
8324, 462924
8324, 462924
8324, 462924
8324, 462924
8324, 462924
8324, 462924
8324, 462924
8324, 462924
8324, 462924
8324, 462924
8324, 462924
8324, 462924
8324, 462924
8324, 462924
8324, 462924
8324, 462924
8324, 462924
8324, 462924
8324, 462924
8324, 462924
8324, 462924
8324, 462924
8324, 462924
8324, 462924
8324, 462924
8324, 462924
8324, 462924
8324, 462924
8324, 462924
8324, 462924
8324, 462924
8324, 462924
8324, 462924
8324, 462924
8324, 462924
8324, 462924
8324, 462924
8324, 462924
8324, 462924
8324, 462924
8324, 462924
8324, 462924
8324, 462924
8324, 462924
8324, 462924
8324, 462924
8324, 462924
8324, 462924
8324, 462924
8324, 462924
8324, 462924
8324, 462924
8324, 462924
8324, 462924
8324, 462924
8324, 462924
8324, 462924
8324, 462924
8324, 462924
8324, 462924
8324, 462924
8324, 462924
8324, 462924
8324, 462924
8324, 462924
8324, 462924
8324, 462924
8324, 462924
8324, 462924
8324, 462924
8324, 462924
8324, 462924
8324, 462924
8324, 462924
8324, 462924
8324, 462924
8324, 462924
8324, 462924
8324, 462924
8324, 462924
8324, 462924
8324, 462924
8324, 462924
8324, 462924
8324, 462924
8324, 462924
8324, 462924
8324, 462924
8324, 462924
8324, 462924
8324, 462924
8324, 462924
8324, 462924
8324, 462924
8324, 462924
8324, 462924
8324, 462924
8324, 462924
8324, 462924
8324, 462924
8324, 462924
8324, 462924
8324, 462924
8324, 462924
8324, 462924
8324, 462924
8324, 462924
8324, 462924
8324, 462924
8324, 462924
8324, 462924
8324, 462924
8324, 462924
8324, 462924
8324, 462924
8324, 462924
8324, 462924
8324, 462924
8324, 462924
8324, 462924
8324, 462924
8324, 462924
8324, 462924
8324, 462924
8324, 462924
8324, 462924
8324, 462924
8324, 462924
8324, 462924
8324, 462924
8324, 462924
8324, 462924
8324, 462924
8324, 462924
8324, 462924
8324, 462924
8324, 462924
8324, 462924
8324, 462924
8324, 462924
8324, 462924
8324, 462924
8324, 462924
8324, 462924
8324, 462924
8324, 462924
8324, 462924
8324, 462924
8324, 462924
8324, 462924
8324, 462924
8324, 462924
8324, 462924
8324, 462924
8324, 462924
8324, 462924
8324, 462924
8324, 462924
8324, 462924
8324, 462924
8324, 462924
8324, 462924
8324, 462924
8324, 462924
8324, 462924
8324, 462924
8324, 462924
8324, 462924
8324, 462924
8324, 462924
8324, 462924
8324, 462924
8324, 462924
8324, 462924
8324, 462924
8324, 462924
8324, 462924
8324, 462924
8324, 462924
8324, 462924
8324, 462924
8324, 462924
8324, 462924
8324, 462924
8324, 462924
8324, 462924
8324, 462924
8324, 462924
8324, 462924
8324, 462924
8324, 462924
8324, 462924
8324, 462924
8324, 462924
8324, 462924
8324, 462924
8324, 462924
8324, 462924
8324, 462924
8324, 462924
8324, 462924
8324, 462924
8324, 462924
8324, 462924
8324, 462924
8324, 462924
8324, 462924
8324, 462924
8324, 462924
8324, 462924
8324, 462924
8324, 462924
8324, 462924
8324, 462924
8324, 462924
8324, 462924
8324, 462924
8324, 462924
8324, 462924
8324, 462924
8324, 462924
8324, 462924
8324, 462924
8324, 462924
8324, 462924
8324, 462924
8324, 462924
8324, 462924
8324, 462924
8324, 462924
8324, 462924
8324, 462924
8324, 462924
8324, 462924
8324, 462924
8324, 462924
8324, 462924
8324, 462924
8324, 462924
8324, 462924
8324, 462924
8324, 462924
8324, 462924
8324, 462924
8324, 462924
8324, 462924
8324, 462924
8324, 462924
8324, 462924
8324, 462924
8324, 462924
8324, 462924
8324, 462924
8324, 462924
8324, 462924
8324, 462924
8324, 462924
8324, 462924
8324, 462924
8324, 462924
8324, 462924
8324, 462924
8324, 462924
8324, 462924
8324, 462924
8324, 462924
8324, 462924
8324, 462924
8324, 462924
8324, 462924
8324, 462924
8324, 462924
8324, 462924
8324, 462924
8324, 462924
8324, 462924
8324, 462924
8324, 462924
8324, 462924
8324, 462924
8324, 462924
8324, 462924
8324, 462924
8324, 462924
8324, 462924
8324, 462924
8324, 462924
8324, 462924
8324, 462924
8324, 462924
8324, 462924
8324, 462924
8324, 462924
8324, 462924
8324, 462924
8324, 462924
8324, 462924
8324, 462924
8324, 462924
8324, 462924
8324, 462924
8324, 462924
8324, 462924
8324, 462924
8324, 462924
8324, 462924
8324, 462924
8324, 462924
8324, 462924
8324, 462924
8324, 462924
8324, 462924
8324, 462924
8324, 462924
8324, 462924
8324, 462924
8324, 462924
8324, 462924
8324, 462924
8324, 462924
8324, 462924
8324, 462924
8324, 462924
8324, 462924
8324, 462924
8324, 462924
8324, 462924
8324, 462924
8324, 462924
8324, 462924
8324, 462924
8324, 462924
8324, 462924
8324, 462924
8324, 462924
8324, 462924
8324, 462924
8324, 462924
8324, 462924
8324, 462924
8324, 462924
8324, 462924
8324, 462924
8324, 462924
8324, 462924
8324, 462924
8324, 462924
8324, 462924
8324, 462924
8324, 462924
8324, 462924
8324, 462924
8324, 462924
8324, 462924
8324, 462924
8324, 462924
8324, 462924
8324, 462924
8324, 462924
8324, 462924
8324, 462924
8324, 462924
8324, 462924
8324, 462924
8324, 462924
8324, 462924
8324, 462924
8324, 462924
8324, 462924
8324, 462924
8324, 462924
8324, 462924
8324, 462924
8324, 462924
8324, 462924
8324, 462924
8324, 462924
8324, 462924
8324, 462924
8324, 462924
8324, 462924
8324, 462924
8324, 462924
8324, 462924
8324, 462924
8324, 462924
8324, 462924
8324, 462924
8324, 462924
8324, 462924
8324, 462924
8324, 462924
8324, 462924
8324, 462924
8324, 462924
8324, 462924
8324, 462924
8324, 462924
8324, 462924
8324, 462924
8324, 462924
8324, 462924
8324, 462924
8324, 462924
8324, 462924
8324, 462924
8324, 462924
8324, 462924
8324, 462924
8324, 462924
8324, 462924
8324, 462924
8324, 462924
8324, 462924
8324, 462924
8324, 462924
8324, 462924
8324, 462924
8324, 462924
8324, 462924
8324, 462924
8324, 462924
8324, 462924
8324, 462924
8324, 462924
8324, 462924
8324, 462924
8324, 462924
8324, 462924
8324, 462924
8324, 462924
8324, 462924
8324, 462924
8324, 462924
8324, 462924
8324, 462924
8324, 462924
8324, 462924
8324, 462924
8324, 462924
8324, 462924
8324, 462924
8324, 462924
8324, 462924
8324, 462924
8324, 462924
8324, 462924
8324, 462924
8324, 462924
8324, 462924
8324, 462924
8324, 462924
8324, 462924
8324, 462924
8324, 462924
8324, 462924
8324, 462924
8324, 462924
8324, 462924
8324, 462924
8324, 462924
8324, 462924
8324, 462924
8324, 462924
8324, 462924
8324, 462924
8324, 462924
8324, 462924
8324, 462924
8324, 462924
8324, 462924
8324, 462924
8324, 462924
8324, 462924
8324, 462924
8324, 462924
8324, 462924
8324, 462924
8324, 462924
8324, 462924
8324, 462924
8324, 462924
8324, 462924
8324, 462924
8324, 462924
8324, 462924
8324, 462924
8324, 462924
8324, 462924
8324, 462924
8324, 462924
8324, 462924
8324, 462924
8324, 462924
8324, 462924
8324, 462924
8324, 462924
8324, 462924
8324, 462924
8324, 462924
8324, 462924
8324, 462924
8324, 462924
8324, 462924
8324, 462924
8324, 462924
8324, 462924
8324, 462924
8324, 462924
8324, 462924
8324, 462924
8324, 462924
8324, 462924
8324, 462924
8324, 462924
8324, 462924
8324, 462924
8324, 462924
8324, 462924
8324, 462924
8324, 462924
8324, 462924
8324, 462924
8324, 462924
8324, 462924
8324, 462924
8324, 462924
8324, 462924
8324, 462924
8324, 462924
8324, 462924
8324, 462924
8324, 462924
8324, 462924
8324, 462924
8324, 462924
8324, 462924
8324, 462924
8324, 462924
8324, 462924
8324, 462924
8324, 462924
8324, 462924
8324, 462924
8324, 462924
8324, 462924
8324, 462924
8324, 462924
8324, 462924
8324, 462924
8324, 462924
8324, 462924
8324, 462924
8324, 462924
8324, 462924
8324, 462924
8324, 462924
8324, 462924
8324, 462924
8324, 462924
8324, 462924
8324, 462924
8324, 462924
8324, 462924
8324, 462924
8324, 462924
8324, 462924
8324, 462924
8324, 462924
8324, 462924
8324, 462924
8324, 462924
8324, 462924
8324, 462924
8324, 462924
8324, 462924
8324, 462924
8324, 462924
8324, 462924
8324, 462924
8324, 462924
8324, 462924
8324, 462924
8324, 462924
8324, 462924
8324, 462924
8324, 462924
8324, 462924
8324, 462924
8324, 462924
8324, 462924
8324, 462924
8324, 462924
8324, 462924
8324, 462924
8324, 462924
8324, 462924
8324, 462924
8324, 462924
8324, 462924
8324, 462924
8324, 462924
8324, 462924
8324, 462924
8324, 462924
8324, 462924
8324, 462924
8324, 462924
8324, 462924
8324, 462924
8324, 462924
8324, 462924
8324, 462924
8324, 462924
8324, 462924
8324, 462924
8324, 462924
8324, 462924
8324, 462924
8324, 462924
8324, 462924
8324, 462924
8324, 462924
8324, 462924
8324, 462924
8324, 462924
8324, 462924
8324, 462924
8324, 462924
8324, 462924
8324, 462924
8324, 462924
8324, 462924
8324, 462924
8324, 462924
8324, 462924
8324, 462924
8324, 462924
8324, 462924
8324, 462924
8324, 462924
8324, 462924
8324, 462924
8324, 462924
8324, 462924
8324, 462924
8324, 462924
8324, 462924
8324, 462924
8324, 462924
8324, 462924
8324, 462924
8324, 462924
8324, 462924
8324, 462924
8324, 462924
8324, 462924
8324, 462924
8324, 462924
8324, 462924
8324, 462924
8324, 462924
8324, 462924
8324, 462924
8324, 462924
8324, 462924
8324, 462924
8324, 462924
8324, 462924
8324, 462924
8324, 462924
8324, 462924
8324, 462924
8324, 462924
8324, 462924
8324, 462924
8324, 462924
8324, 462924
8324, 462924
8324, 462924
8324, 462924
8324, 462924
8324, 462924
8324, 462924
8324, 462924
8324, 462924
8324, 462924
8324, 462924
8324, 462924
8324, 462924
8324, 462924
8324, 462924
8324, 462924
8324, 462924
8324, 462924
8324, 462924
8324, 462924
8324, 462924
8324, 462924
8324, 462924
8324, 462924
8324, 462924
8324, 462924
8324, 462924
8324, 462924
8324, 462924
8324, 462924
8324, 462924
8324, 462924
8324, 462924
8324, 462924
8324, 462924
8324, 462924
8324, 462924
8324, 462924
8324, 462924
8324, 462924
8324, 462924
8324, 462924
8324, 462924
8324, 462924
8324, 462924
8324, 462924
8324, 462924
8324, 462924
8324, 462924
8324, 462924
8324, 462924
8324, 462924
8324, 462924
8324, 462924
8324, 462924
8324, 462924
8324, 462924
8324, 462924
8324, 462924
8324, 462924
8324, 462924
8324, 462924
8324, 462924
8324, 462924
8324, 462924
8324, 462924
8324, 462924
8324, 462924
8324, 462924
8324, 462924
8324, 462924
8324, 462924
8324, 462924
8324, 462924
8324, 462924
8324, 462924
8324, 462924
8324, 462924
8324, 462924
8324, 462924
8324, 462924
8324, 462924
8324, 462924
8324, 462924
8324, 462924
8324, 462924
8324, 462924
8324, 462924
8324, 462924
8324, 462924
8324, 462924
8324, 462924
8324, 462924
8324, 462924
8324, 462924
8324, 462924
8324, 462924
8324, 462924
8324, 462924
8324, 462924
8324, 462924
8324, 462924
8324, 462924
8324, 462924
8324, 462924
8324, 462924
8324, 462924
8324, 462924
8324, 462924
8324, 462924
8324, 462924
8324, 462924
8324, 462924
8324, 462924
8324, 462924
8324, 462924
8324, 462924
8324, 462924
8324, 462924
8324, 462924
8324, 462924
8324, 462924
8324, 462924
8324, 462924
8324, 462924
8324, 462924
8324, 462924
8324, 462924
8324, 462924
8324, 462924
8324, 462924
8324, 462924
8324, 462924
8324, 462924
8324, 462924
8324, 462924
8324, 462924
8324, 462924
8324, 462924
8324, 462924
8324, 462924
8324, 462924
8324, 462924
8324, 462924
8324, 462924
8324, 462924
8324, 462924
8324, 462924
8324, 462924
8324, 462924
8324, 462924
8324, 462924
8324, 462924
8324, 462924
8324, 462924
8324, 462924
8324, 462924
8324, 462924
8324, 462924
8324, 462924
8324, 462924
8324, 462924
8324, 462924
8324, 462924
8324, 462924
8324, 462924
8324, 462924
8324, 462924
8324, 462924
8324, 462924
8324, 462924
8324, 462924
8324, 462924
8324, 462924
8324, 462924
8324, 462924
8324, 462924
8324, 462924
8324, 462924
8324, 462924
8324, 462924
8324, 462924
8324, 462924
8324, 462924
8324, 462924
8324, 462924
8324, 462924
8324, 462924
8324, 462924
8324, 462924
8324, 462924
8324, 462924
8324, 462924
8324, 462924
8324, 462924
8324, 462924
8324, 462924
8324, 462924
8324, 462924
8324, 462924
8324, 462924
8324, 462924
8324, 462924
8324, 462924
8324, 462924
8324, 462924
8324, 462924
8324, 462924
8324, 462924
8324, 462924
8324, 462924
8324, 462924
8324, 462924
8324, 462924
8324, 462924
8324, 462924
8324, 462924
8324, 462924
8324, 462924
8324, 462924
8324, 462924
8324, 462924
8324, 462924
8324, 462924
8324, 462924
8324, 462924
8324, 462924
8324, 462924
8324, 462924
8324, 462924
8324, 462924
8324, 462924
8324, 462924
8324, 462924
8324, 462924
8324, 462924
8324, 462924
8324, 462924
8324, 462924
8324, 462924
8324, 462924
8324, 462924
8324, 462924
8324, 462924
8324, 462924
8324, 462924
8324, 462924
8324, 462924
8324, 462924
8324, 462924
8324, 462924
8324, 462924
8324, 462924
8324, 462924
8324, 462924
8324, 462924
8324, 462924
8324, 462924
8324, 462924
8324, 462924
8324, 462924
8324, 462924
8324, 462924
8324, 462924
8324, 462924
8324, 462924
8324, 462924
8324, 462924
8324, 462924
8324, 462924
8324, 462924
8324, 462924
8324, 462924
8324, 462924
8324, 462924
8324, 462924
8324, 462924
8324, 462924
8324, 462924
8324, 462924
8324, 462924
8324, 462924
8324, 462924
8324, 462924
8324, 462924
8324, 462924
8324, 462924
8324, 462924
8324, 462924
8324, 462924
8324, 462924
8324, 462924
8324, 462924
8324, 462924
8324, 462924
8324, 462924
8324, 462924
8324, 462924
8324, 462924
8324, 462924
8324, 462924
8324, 462924
8324, 462924
8324, 462924
8324, 462924
8324, 462924
8324, 462924
8324, 462924
8324, 462924
8324, 462924
8324, 462924
8324, 462924
8324, 462924
8324, 462924
8324, 462924
8324, 462924
8324, 462924
8324, 462924
8324, 462924
8324, 462924
8324, 462924
8324, 462924
8324, 462924
8324, 462924
8324, 462924
8324, 462924
8324, 462924
8324, 462924
8324, 462924
8324, 462924
8324, 462924
8324, 462924
8324, 462924
8324, 462924
8324, 462924
8324, 462924
8324, 462924
8324, 462924
8324, 462924
8324, 462924
8324, 462924
8324, 462924
8324, 462924
8324, 462924
8324, 462924
8324, 462924
8324, 462924
8324, 462924
8324, 462924
8324, 462924
8324, 462924
8324, 462924
8324, 462924
8324, 462924
8324, 462924
8324, 462924
8324, 462924
8324, 462924
8324, 462924
8324, 462924
8324, 462924
8324, 462924
8324, 462924
8324, 462924
8324, 462924
8324, 462924
8324, 462924
8324, 462924
8324, 462924
8324, 462924
8324, 462924
8324, 462924
8324, 462924
8324, 462924
8324, 462924
8324, 462924
8324, 462924
8324, 462924
8324, 462924
8324, 462924
8324, 462924
8324, 462924
8324, 462924
8324, 462924
8324, 462924
8324, 462924
8324, 462924
8324, 462924
8324, 462924
8324, 462924
8324, 462924
8324, 462924
8324, 462924
8324, 462924
8324, 462924
8324, 462924
8324, 462924
8324, 462924
8324, 462924
8324, 462924
8324, 462924
8324, 462924
8324, 462924
8324, 462924
8324, 462924
8324, 462924
8324, 462924
8324, 462924
8324, 462924
8324, 462924
8324, 462924
8324, 462924
8324, 462924
8324, 462924
8324, 462924
8324, 462924
8324, 462924
8324, 462924
8324, 462924
8324, 462924
8324, 462924
8324, 462924
8324, 462924
8324, 462924
8324, 462924
8324, 462924
8324, 462924
8324, 462924
8324, 462924
8324, 462924
8324, 462924
8324, 462924
8324, 462924
8324, 462924
8324, 462924
8324, 462924
8324, 462924
8324, 462924
8324, 462924
8324, 462924
8324, 462924
8324, 462924
8324, 462924
8324, 462924
8324, 462924
8324, 462924
8324, 462924
8324, 462924
8324, 462924
8324, 462924
8324, 462924
8324, 462924
8324, 462924
8324, 462924
8324, 462924
8324, 462924
8324, 462924
8324, 462924
8324, 462924
8324, 462924
8324, 462924
8324, 462924
8324, 462924
8324, 462924
8324, 462924
8324, 462924
8324, 462924
8324, 462924
8324, 462924
8324, 462924
8324, 462924
8324, 462924
8324, 462924
8324, 462924
8324, 462924
8324, 462924
8324, 462924
8324, 462924
8324, 462924
8324, 462924
8324, 462924
8324, 462924
8324, 462924
8324, 462924
8324, 462924
8324, 462924
8324, 462924
8324, 462924
8324, 462924
8324, 462924
8324, 462924
8324, 462924
8324, 462924
8324, 462924
8324, 462924
8324, 462924
8324, 462924
8324, 462924
8324, 462924
8324, 462924
8324, 462924
8324, 462924
8324, 462924
8324, 462924
8324, 462924
8324, 462924
8324, 462924
8324, 462924
8324, 462924
8324, 462924
8324, 462924
8324, 462924
8324, 462924
8324, 462924
8324, 462924
8324, 462924
8324, 462924
8324, 462924
8324, 462924
8324, 462924
8324, 462924
8324, 462924
8324, 462924
8324, 462924
8324, 462924
8324, 462924
8324, 462924
8324, 462924
8324, 462924
8324, 462924
8324, 462924
8324, 462924
8324, 462924
8324, 462924
8324, 462924
8324, 462924
8324, 462924
8324, 462924
8324, 462924
8324, 462924
8324, 462924
8324, 462924
8324, 462924
8324, 462924
8324, 462924
8324, 462924
8324, 462924
8324, 462924
8324, 462924
8324, 462924
8324, 462924
8324, 462924
8324, 462924
8324, 462924
8324, 462924
8324, 462924
8324, 462924
8324, 462924
8324, 462924
8324, 462924
8324, 462924
8324, 462924
8324, 462924
8324, 462924
8324, 462924
8324, 462924
8324, 462924
8324, 462924
8324, 462924
8324, 462924
8324, 462924
8324, 462924
8324, 462924
8324, 462924
8324, 462924
8324, 462924
8324, 462924
8324, 462924
8324, 462924
8324, 462924
8324, 462924
8324, 462924
8324, 462924
8324, 462924
8324, 462924
8324, 462924
8324, 462924
8324, 462924
8324, 462924
8324, 462924
8324, 462924
8324, 462924
8324, 462924
8324, 462924
8324, 462924
8324, 462924
8324, 462924
8324, 462924
8324, 462924
8324, 462924
8324, 462924
8324, 462924
8324, 462924
8324, 462924
8324, 462924
8324, 462924
8324, 462924
8324, 462924
8324, 462924
8324, 462924
8324, 462924
8324, 462924
8324, 462924
8324, 462924
8324, 462924
8324, 462924
8324, 462924
8324, 462924
8324, 462924
8324, 462924
8324, 462924
8324, 462924
8324, 462924
8324, 462924
8324, 462924
8324, 462924
8324, 462924
8324, 462924
8324, 462924
8324, 462924
8324, 462924
8324, 462924
8324, 462924
8324, 462924
8324, 462924
8324, 462924
8324, 462924
8324, 462924
8324, 462924
8324, 462924
8324, 462924
8324, 462924
8324, 462924
8324, 462924
8324, 462924
8324, 462924
8324, 462924
8324, 462924
8324, 462924
8324, 462924
8324, 462924
8324, 462924
8324, 462924
8324, 462924
8324, 462924
8324, 462924
8324, 462924
8324, 462924
8324, 462924
8324, 462924
8324, 462924
8324, 462924
8324, 462924
8324, 462924
8324, 462924
8324, 462924
8324, 462924
8324, 462924
8324, 462924
8324, 462924
8324, 462924
8324, 462924
8324, 462924
8324, 462924
8324, 462924
8324, 462924
8324, 462924
8324, 462924
8324, 462924
8324, 462924
8324, 462924
8324, 462924
8324, 462924
8324, 462924
8324, 462924
8324, 462924
8324, 462924
8324, 462924
8324, 462924
8324, 462924
8324, 462924
8324, 462924
8324, 462924
8324, 462924
8324, 462924
8324, 462924
8324, 462924
8324, 462924
8324, 462924
8324, 462924
8324, 462924
8324, 462924
8324, 462924
8324, 462924
8324, 462924
8324, 462924
8324, 462924
8324, 462924
8324, 462924
8324, 462924
8324, 462924
8324, 462924
8324, 462924
8324, 462924
8324, 462924
8324, 462924
8324, 462924
8324, 462924
8324, 462924
8324, 462924
8324, 462924
8324, 462924
8324, 462924
8324, 462924
8324, 462924
8324, 462924
8324, 462924
8324, 462924
8324, 462924
8324, 462924
8324, 462924
8324, 462924
8324, 462924
8324, 462924
8324, 462924
8324, 462924
8324, 462924
8324, 462924
8324, 462924
8324, 462924
8324, 462924
8324, 462924
8324, 462924
8324, 462924
8324, 462924
8324, 462924
8324, 462924
8324, 462924
8324, 462924
8324, 462924
8324, 462924
8324, 462924
8324, 462924
8324, 462924
8324, 462924
8324, 462924
8324, 462924
8324, 462924
8324, 462924
8324, 462924
8324, 462924
8324, 462924
8324, 462924
8324, 462924
8324, 462924
8324, 462924
8324, 462924
8324, 462924
8324, 462924
8324, 462924
8324, 462924
8324, 462924
8324, 462924
8324, 462924
8324, 462924
8324, 462924
8324, 462924
8324, 462924
8324, 462924
8324, 462924
8324, 462924
8324, 462924
8324, 462924
8324, 462924
8324, 462924
8324, 462924
8324, 462924
8324, 462924
8324, 462924
8324, 462924
8324, 462924
8324, 462924
8324, 462924
8324, 462924
8324, 462924
8324, 462924
8324, 462924
8324, 462924
8324, 462924
8324, 462924
8324, 462924
8324, 462924
8324, 462924
8324, 462924
8324, 462924
8324, 462924
8324, 462924
8324, 462924
8324, 462924
8324, 462924
8324, 462924
8324, 462924
8324, 462924
8324, 462924
8324, 462924
8324, 462924
8324, 462924
8324, 462924
8324, 462924
8324, 462924
8324, 462924
8324, 462924
8324, 462924
8324, 462924
8324, 462924
8324, 462924
8324, 462924
8324, 462924
8324, 462924
8324, 462924
8324, 462924
8324, 462924
8324, 462924
8324, 462924
8324, 462924
8324, 462924
8324, 462924
8324, 462924
8324, 462924
8324, 462924
8324, 462924
8324, 462924
8324, 462924
8324, 462924
8324, 462924
8324, 462924
8324, 462924
8324, 462924
8324, 462924
8324, 462924
8324, 462924
8324, 462924
8324, 462924
8324, 462924
8324, 462924
8324, 462924
8324, 462924
8324, 462924
8324, 462924
8324, 462924
8324, 462924
8324, 462924
8324, 462924
8324, 462924
8324, 462924
8324, 462924
8324, 462924
8324, 462924
8324, 462924
8324, 462924
8324, 462924
8324, 462924
8324, 462924
8324, 462924
8324, 462924
8324, 462924
8324, 462924
8324, 462924
8324, 462924
8324, 462924
8324, 462924
8324, 462924
8324, 462924
8324, 462924
8324, 462924
8324, 462924
8324, 462924
8324, 462924
8324, 462924
8324, 462924
8324, 462924
8324, 462924
8324, 462924
8324, 462924
8324, 462924
8324, 462924
8324, 462924
8324, 462924
8324, 462924
8324, 462924
8324, 462924
8324, 462924
8324, 462924
8324, 462924
8324, 462924
8324, 462924
8324, 462924
8324, 462924
8324, 462924
8324, 462924
8324, 462924
8324, 462924
8324, 462924
8324, 462924
8324, 462924
8324, 462924
8324, 462924
8324, 462924
8324, 462924
8324, 462924
8324, 462924
8324, 462924
8324, 462924
8324, 462924
8324, 462924
8324, 462924
8324, 462924
8324, 462924
8324, 462924
8324, 462924
8324, 462924
8324, 462924
8324, 462924
8324, 462924
8324, 462924
8324, 462924
8324, 462924
8324, 462924
8324, 462924
8324, 462924
8324, 462924
8324, 462924
8324, 462924
8324, 462924
8324, 462924
8324, 462924
8324, 462924
8324, 462924
8324, 462924
8324, 462924
8324, 462924
8324, 462924
8324, 462924
8324, 462924
8324, 462924
8324, 462924
8324, 462924
8324, 462924
8324, 462924
8324, 462924
8324, 462924
8324, 462924
8324, 462924
8324, 462924
8324, 462924
8324, 462924
8324, 462924
8324, 462924
8324, 462924
8324, 462924
8324, 462924
8324, 462924
8324, 462924
8324, 462924
8324, 462924
8324, 462924
8324, 462924
8324, 462924
8324, 462924
8324, 462924
8324, 462924
8324, 462924
8324, 462924
8324, 462924
8324, 462924
8324, 462924
8324, 462924
8324, 462924
8324, 462924
8324, 462924
8324, 462924
8324, 462924
8324, 462924
8324, 462924
8324, 462924
8324, 462924
8324, 462924
8324, 462924
8324, 462924
8324, 462924
8324, 462924
8324, 462924
8324, 462924
8324, 462924
8324, 462924
8324, 462924
8324, 462924
8324, 462924
8324, 462924
8324, 462924
8324, 462924
8324, 462924
8324, 462924
8324, 462924
8324, 462924
8324, 462924
8324, 462924
8324, 462924
8324, 462924
8324, 462924
8324, 462924
8324, 462924
8324, 462924
8324, 462924
8324, 462924
8324, 462924
8324, 462924
8324, 462924
8324, 462924
8324, 462924
8324, 462924
8324, 462924
8324, 462924
8324, 462924
8324, 462924
8324, 462924
8324, 462924
8324, 462924
8324, 462924
8324, 462924
8324, 462924
8324, 462924
8324, 462924
8324, 462924
8324, 462924
8324, 462924
8324, 462924
8324, 462924
8324, 462924
8324, 462924
8324, 462924
8324, 462924
8324, 462924
8324, 462924
8324, 462924
8324, 462924
8324, 462924
8324, 462924
8324, 462924
8324, 462924
8324, 462924
8324, 462924
8324, 462924
8324, 462924
8324, 462924
8324, 462924
8324, 462924
8324, 462924
8324, 462924
8324, 462924
8324, 462924
8324, 462924
8324, 462924
8324, 462924
8324, 462924
8324, 462924
8324, 462924
8324, 462924
8324, 462924
8324, 462924
8324, 462924
8324, 462924
8324, 462924
8324, 462924
8324, 462924
8324, 462924
8324, 462924
8324, 462924
8324, 462924
8324, 462924
8324, 462924
8324, 462924
8324, 462924
8324, 462924
8324, 462924
8324, 462924
8324, 462924
8324, 462924
8324, 462924
8324, 462924
8324, 462924
8324, 462924
8324, 462924
8324, 462924
8324, 462924
8324, 462924
8324, 462924
8324, 462924
8324, 462924
8324, 462924
8324, 462924
8324, 462924
8324, 462924
8324, 462924
8324, 462924
8324, 462924
8324, 462924
8324, 462924
8324, 462924
8324, 462924
8324, 462924
8324, 462924
8324, 462924
8324, 462924
8324, 462924
8324, 462924
8324, 462924
8324, 462924
8324, 462924
8324, 462924
8324, 462924
8324, 462924
8324, 462924
8324, 462924
8324, 462924
8324, 462924
8324, 462924
8324, 462924
8324, 462924
8324, 462924
8324, 462924
8324, 462924
8324, 462924
8324, 462924
8324, 462924
8324, 462924
8324, 462924
8324, 462924
8324, 462924
8324, 462924
8324, 462924
8324, 462924
8324, 462924
8324, 462924
8324, 462924
8324, 462924
8324, 462924
8324, 462924
8324, 462924
8324, 462924
8324, 462924
8324, 462924
8324, 462924
8324, 462924
8324, 462924
8324, 462924
8324, 462924
8324, 462924
8324, 462924
8324, 462924
8324, 462924
8324, 462924
8324, 462924
8324, 462924
8324, 462924
8324, 462924
8324, 462924
8324, 462924
8324, 462924
8324, 462924
8324, 462924
8324, 462924
8324, 462924
8324, 462924
8324, 462924
8324, 462924
8324, 462924
8324, 462924
8324, 462924
8324, 462924
8324, 462924
8324, 462924
8324, 462924
8324, 462924
8324, 462924
8324, 462924
8324, 462924
8324, 462924
8324, 462924
8324, 462924
8324, 462924
8324, 462924
8324, 462924
8324, 462924
8324, 462924
8324, 462924
8324, 462924
8324, 462924
8324, 462924
8324, 462924
8324, 462924
8324, 462924
8324, 462924
8324, 462924
8324, 462924
8324, 462924
8324, 462924
8324, 462924
8324, 462924
8324, 462924
8324, 462924
8324, 462924
8324, 462924
8324, 462924
8324, 462924
8324, 462924
8324, 462924
8324, 462924
8324, 462924
8324, 462924
8324, 462924
8324, 462924
8324, 462924
8324, 462924
8324, 462924
8324, 462924
8324, 462924
8324, 462924
8324, 462924
8324, 462924
8324, 462924
8324, 462924
8324, 462924
8324, 462924
8324, 462924
8324, 462924
8324, 462924
8324, 462924
8324, 462924
8324, 462924
8324, 462924
8324, 462924
8324, 462924
8324, 462924
8324, 462924
8324, 462924
8324, 462924
8324, 462924
8324, 462924
8324, 462924
8324, 462924
8324, 462924
8324, 462924
8324, 462924
8324, 462924
8324, 462924
8324, 462924
8324, 462924
8324, 462924
8324, 462924
8324, 462924
8324, 462924
8324, 462924
8324, 462924
8324, 462924
8324, 462924
8324, 462924
8324, 462924
8324, 462924
8324, 462924
8324, 462924
8324, 462924
8324, 462924
8324, 462924
8324, 462924
8324, 462924
8324, 462924
8324, 462924
8324, 462924
8324, 462924
8324, 462924
8324, 462924
8324, 462924
8324, 462924
8324, 462924
8324, 462924
8324, 462924
8324, 462924
8324, 462924
8324, 462924
8324, 462924
8324, 462924
8324, 462924
8324, 462924
8324, 462924
8324, 462924
8324, 462924
8324, 462924
8324, 462924
8324, 462924
8324, 462924
8324, 462924
8324, 462924
8324, 462924
8324, 462924
8324, 462924
8324, 462924
8324, 462924
8324, 462924
8324, 462924
8324, 462924
8324, 462924
8324, 462924
8324, 462924
8324, 462924
8324, 462924
8324, 462924
8324, 462924
8324, 462924
8324, 462924
8324, 462924
8324, 462924
8324, 462924
8324, 462924
8324, 462924
8324, 462924
8324, 462924
8324, 462924
8324, 462924
8324, 462924
8324, 462924
8324, 462924
8324, 462924
8324, 462924
8324, 462924
8324, 462924
8324, 462924
8324, 462924
8324, 462924
8324, 462924
8324, 462924
8324, 462924
8324, 462924
8324, 462924
8324, 462924
8324, 462924
8324, 462924
8324, 462924
8324, 462924
8324, 462924
8324, 462924
8324, 462924
8324, 462924
8324, 462924
8324, 462924
8324, 462924
8324, 462924
8324, 462924
8324, 462924
8324, 462924
8324, 462924
8324, 462924
8324, 462924
8324, 462924
8324, 462924
8324, 462924
8324, 462924
8324, 462924
8324, 462924
8324, 462924
8324, 462924
8324, 462924
8324, 462924
8324, 462924
8324, 462924
8324, 462924
8324, 462924
8324, 462924
8324, 462924
8324, 462924
8324, 462924
8324, 462924
8324, 462924
8324, 462924
8324, 462924
8324, 462924
8324, 462924
8324, 462924
8324, 462924
8324, 462924
8324, 462924
8324, 462924
8324, 462924
8324, 462924
8324, 462924
8324, 462924
8324, 462924
8324, 462924
8324, 462924
8324, 462924
8324, 462924
8324, 462924
8324, 462924
8324, 462924
8324, 462924
8324, 462924
8324, 462924
8324, 462924
8324, 462924
8324, 462924
8324, 462924
8324, 462924
8324, 462924
8324, 462924
8324, 462924
8324, 462924
8324, 462924
8324, 462924
8324, 462924
8324, 462924
8324, 462924
8324, 462924
8324, 462924
8324, 462924
8324, 462924
8324, 462924
8324, 462924
8324, 462924
8324, 462924
8324, 462924
8324, 462924
8324, 462924
8324, 462924
8324, 462924
8324, 462924
8324, 462924
8324, 462924
8324, 462924
8324, 462924
8324, 462924
8324, 462924
8324, 462924
8324, 462924
8324, 462924
8324, 462924
8324, 462924
8324, 462924
8324, 462924
8324, 462924
8324, 462924
8324, 462924
8324, 462924
8324, 462924
8324, 462924
8324, 462924
8324, 462924
8324, 462924
8324, 462924
8324, 462924
8324, 462924
8324, 462924
8324, 462924
8324, 462924
8324, 462924
8324, 462924
8324, 462924
8324, 462924
8324, 462924
8324, 462924
8324, 462924
8324, 462924
8324, 462924
8324, 462924
8324, 462924
8324, 462924
8324, 462924
8324, 462924
8324, 462924
8324, 462924
8324, 462924
8324, 462924
8324, 462924
8324, 462924
8324, 462924
8324, 462924
8324, 462924
8324, 462924
8324, 462924
8324, 462924
8324, 462924
8324, 462924
8324, 462924
8324, 462924
8324, 462924
8324, 462924
8324, 462924
8324, 462924
8324, 462924
8324, 462924
8324, 462924
8324, 462924
8324, 462924
8324, 462924
8324, 462924
8324, 462924
8324, 462924
8324, 462924
8324, 462924
8324, 462924
8324, 462924
8324, 462924
8324, 462924
8324, 462924
8324, 462924
8324, 462924
8324, 462924
8324, 462924
8324, 462924
8324, 462924
8324, 462924
8324, 462924
8324, 462924
8324, 462924
8324, 462924
8324, 462924
8324, 462924
8324, 462924
8324, 462924
8324, 462924
8324, 462924
8324, 462924
8324, 462924
8324, 462924
8324, 462924
8324, 462924
8324, 462924
8324, 462924
8324, 462924
8324, 462924
8324, 462924
8324, 462924
8324, 462924
8324, 462924
8324, 462924
8324, 462924
8324, 462924
8324, 462924
8324, 462924
8324, 462924
8324, 462924
8324, 462924
8324, 462924
8324, 462924
8324, 462924
8324, 462924
8324, 462924
8324, 462924
8324, 462924
8324, 462924
8324, 462924
8324, 462924
8324, 462924
8324, 462924
8324, 462924
8324, 462924
8324, 462924
8324, 462924
8324, 462924
8324, 462924
8324, 462924
8324, 462924
8324, 462924
8324, 462924
8324, 462924
8324, 462924
8324, 462924
8324, 462924
8324, 462924
8324, 462924
8324, 462924
8324, 462924
8324, 462924
8324, 462924
8324, 462924
8324, 462924
8324, 462924
8324, 462924
8324, 462924
8324, 462924
8324, 462924
8324, 462924
8324, 462924
8324, 462924
8324, 462924
8324, 462924
8324, 462924
8324, 462924
8324, 462924
8324, 462924
8324, 462924
8324, 462924
8324, 462924
8324, 462924
8324, 462924
8324, 462924
8324, 462924
8324, 462924
8324, 462924
8324, 462924
8324, 462924
8324, 462924
8324, 462924
8324, 462924
8324, 462924
8324, 462924
8324, 462924
8324, 462924
8324, 462924
8324, 462924
8324, 462924
8324, 462924
8324, 462924
8324, 462924
8324, 462924
8324, 462924
8324, 462924
8324, 462924
8324, 462924
8324, 462924
8324, 462924
8324, 462924
8324, 462924
8324, 462924
8324, 462924
8324, 462924
8324, 462924
8324, 462924
8324, 462924
8324, 462924
8324, 462924
8324, 462924
8324, 462924
8324, 462924
8324, 462924
8324, 462924
8324, 462924
8324, 462924
8324, 462924
8324, 462924
8324, 462924
8324, 462924
8324, 462924
8324, 462924
8324, 462924
8324, 462924
8324, 462924
8324, 462924
8324, 462924
8324, 462924
8324, 462924
8324, 462924
8324, 462924
8324, 462924
8324, 462924
8324, 462924
8324, 462924
8324, 462924
8324, 462924
8324, 462924
8324, 462924
8324, 462924
8324, 462924
8324, 462924
8324, 462924
8324, 462924
8324, 462924
8324, 462924
8324, 462924
8324, 462924
8324, 462924
8324, 462924
8324, 462924
8324, 462924
8324, 462924
8324, 462924
8324, 462924
8324, 462924
8324, 462924
8324, 462924
8324, 462924
8324, 462924
8324, 462924
8324, 462924
8324, 462924
8324, 462924
8324, 462924
8324, 462924
8324, 462924
8324, 462924
8324, 462924
8324, 462924
8324, 462924
8324, 462924
8324, 462924
8324, 462924
8324, 462924
8324, 462924
8324, 462924
8324, 462924
8324, 462924
8324, 462924
8324, 462924
8324, 462924
8324, 462924
8324, 462924
8324, 462924
8324, 462924
8324, 462924
8324, 462924
8324, 462924
8324, 462924
8324, 462924
8324, 462924
8324, 462924
8324, 462924
8324, 462924
8324, 462924
8324, 462924
8324, 462924
8324, 462924
8324, 462924
8324, 462924
8324, 462924
8324, 462924
8324, 462924
8324, 462924
8324, 462924
8324, 462924
8324, 462924
8324, 462924
8324, 462924
8324, 462924
8324, 462924
8324, 462924
8324, 462924
8324, 462924
8324, 462924
8324, 462924
8324, 462924
8324, 462924
8324, 462924
8324, 462924
8324, 462924
8324, 462924
8324, 462924
8324, 462924
8324, 462924
8324, 462924
8324, 462924
8324, 462924
8324, 462924
8324, 462924
8324, 462924
8324, 462924
8324, 462924
8324, 462924
8324, 462924
8324, 462924
8324, 462924
8324, 462924
8324, 462924
8324, 462924
8324, 462924
8324, 462924
8324, 462924
8324, 462924
8324, 462924
8324, 462924
8324, 462924
8324, 462924
8324, 462924
8324, 462924
8324, 462924
8324, 462924
8324, 462924
8324, 462924
8324, 462924
8324, 462924
8324, 462924
8324, 462924
8324, 462924
8324, 462924
8324, 462924
8324, 462924
8324, 462924
8324, 462924
8324, 462924
8324, 462924
8324, 462924
8324, 462924
8324, 462924
8324, 462924
8324, 462924
8324, 462924
8324, 462924
8324, 462924
8324, 462924
8324, 462924
8324, 462924
8324, 462924
8324, 462924
8324, 462924
8324, 462924
8324, 462924
8324, 462924
8324, 462924
8324, 462924
8324, 462924
8324, 462924
8324, 462924
8324, 462924
8324, 462924
8324, 462924
8324, 462924
8324, 462924
8324, 462924
8324, 462924
8324, 462924
8324, 462924
8324, 462924
8324, 462924
8324, 462924
8324, 462924
8324, 462924
8324, 462924
8324, 462924
8324, 462924
8324, 462924
8324, 462924
8324, 462924
8324, 462924
8324, 462924
8324, 462924
8324, 462924
8324, 462924
8324, 462924
8324, 462924
8324, 462924
8324, 462924
8324, 462924
8324, 462924
8324, 462924
8324, 462924
8324, 462924
8324, 462924
8324, 462924
8324, 462924
8324, 462924
8324, 462924
8324, 462924
8324, 462924
8324, 462924
8324, 462924
8324, 462924
8324, 462924
8324, 462924
8324, 462924
8324, 462924
8324, 462924
8324, 462924
8324, 462924
8324, 462924
8324, 462924
8324, 462924
8324, 462924
8324, 462924
8324, 462924
8324, 462924
8324, 462924
8324, 462924
8324, 462924
8324, 462924
8324, 462924
8324, 462924
8324, 462924
8324, 462924
8324, 462924
8324, 462924
8324, 462924
8324, 462924
8324, 462924
8324, 462924
8324, 462924
8324, 462924
8324, 462924
8324, 462924
8324, 462924
8324, 462924
8324, 462924
8324, 462924
8324, 462924
8324, 462924
8324, 462924
8324, 462924
8324, 462924
8324, 462924
8324, 462924
8324, 462924
8324, 462924
8324, 462924
8324, 462924
8324, 462924
8324, 462924
8324, 462924
8324, 462924
8324, 462924
8324, 462924
8324, 462924
8324, 462924
8324, 462924
8324, 462924
8324, 462924
8324, 462924
8324, 462924
8324, 462924
8324, 462924
8324, 462924
8324, 462924
8324, 462924
8324, 462924
8324, 462924
8324, 462924
8324, 462924
8324, 462924
8324, 462924
8324, 462924
8324, 462924
8324, 462924
8324, 462924
8324, 462924
8324, 462924
8324, 462924
8324, 462924
8324, 462924
8324, 462924
8324, 462924
8324, 462924
8324, 462924
8324, 462924
8324, 462924
8324, 462924
8324, 462924
8324, 462924
8324, 462924
8324, 462924
8324, 462924
8324, 462924
8324, 462924
8324, 462924
8324, 462924
8324, 462924
8324, 462924
8324, 462924
8324, 462924
8324, 462924
8324, 462924
8324, 462924
8324, 462924
8324, 462924
8324, 462924
8324, 462924
8324, 462924
8324, 462924
8324, 462924
8324, 462924
8324, 462924
8324, 462924
8324, 462924
8324, 462924
8324, 462924
8324, 462924
8324, 462924
8324, 462924
8324, 462924
8324, 462924
8324, 462924
8324, 462924
8324, 462924
8324, 462924
8324, 462924
8324, 462924
8324, 462924
8324, 462924
8324, 462924
8324, 462924
8324, 462924
8324, 462924
8324, 462924
8324, 462924
8324, 462924
8324, 462924
8324, 462924
8324, 462924
8324, 462924
8324, 462924
8324, 462924
8324, 462924
8324, 462924
8324, 462924
8324, 462924
8324, 462924
8324, 462924
8324, 462924
8324, 462924
8324, 462924
8324, 462924
8324, 462924
8324, 462924
8324, 462924
8324, 462924
8324, 462924
8324, 462924
8324, 462924
8324, 462924
8324, 462924
8324, 462924
8324, 462924
8324, 462924
8324, 462924
8324, 462924
8324, 462924
8324, 462924
8324, 462924
8324, 462924
8324, 462924
8324, 462924
8324, 462924
8324, 462924
8324, 462924
8324, 462924
8324, 462924
8324, 462924
8324, 462924
8324, 462924
8324, 462924
8324, 462924
8324, 462924
8324, 462924
8324, 462924
8324, 462924
8324, 462924
8324, 462924
8324, 462924
8324, 462924
8324, 462924
8324, 462924
8324, 462924
8324, 462924
8324, 462924
8324, 462924
8324, 462924
8324, 462924
8324, 462924
8324, 462924
8324, 462924
8324, 462924
8324, 462924
8324, 462924
8324, 462924
8324, 462924
8324, 462924
8324, 462924
8324, 462924
8324, 462924
8324, 462924
8324, 462924
8324, 462924
8324, 462924
8324, 462924
8324, 462924
8324, 462924
8324, 462924
8324, 462924
8324, 462924
8324, 462924
8324, 462924
8324, 462924
8324, 462924
8324, 462924
8324, 462924
8324, 462924
8324, 462924
8324, 462924
8324, 462924
8324, 462924
8324, 462924
8324, 462924
8324, 462924
8324, 462924
8324, 462924
8324, 462924
8324, 462924
8324, 462924
8324, 462924
8324, 462924
8324, 462924
8324, 462924
8324, 462924
8324, 462924
8324, 462924
8324, 462924
8324, 462924
8324, 462924
8324, 462924
8324, 462924
8324, 462924
8324, 462924
8324, 462924
8324, 462924
8324, 462924
8324, 462924
8324, 462924
8324, 462924
8324, 462924
8324, 462924
8324, 462924
8324, 462924
8324, 462924
8324, 462924
8324, 462924
8324, 462924
8324, 462924
8324, 462924
8324, 462924
8324, 462924
8324, 462924
8324, 462924
8324, 462924
8324, 462924
8324, 462924
8324, 462924
8324, 462924
8324, 462924
8324, 462924
8324, 462924
8324, 462924
8324, 462924
8324, 462924
8324, 462924
8324, 462924
8324, 462924
8324, 462924
8324, 462924
8324, 462924
8324, 462924
8324, 462924
8324, 462924
8324, 462924
8324, 462924
8324, 462924
8324, 462924
8324, 462924
8324, 462924
8324, 462924
8324, 462924
8324, 462924
8324, 462924
8324, 462924
8324, 462924
8324, 462924
8324, 462924
8324, 462924
8324, 462924
8324, 462924
8324, 462924
8324, 462924
8324, 462924
8324, 462924
8324, 462924
8324, 462924
8324, 462924
8324, 462924
8324, 462924
8324, 462924
8324, 462924
8324, 462924
8324, 462924
8324, 462924
8324, 462924
8324, 462924
8324, 462924
8324, 462924
8324, 462924
8324, 462924
8324, 462924
8324, 462924
8324, 462924
8324, 462924
8324, 462924
8324, 462924
8324, 462924
8324, 462924
8324, 462924
8324, 462924
8324, 462924
8324, 462924
8324, 462924
8324, 462924
8324, 462924
8324, 462924
8324, 462924
8324, 462924
8324, 462924
8324, 462924
8324, 462924
8324, 462924
8324, 462924
8324, 462924
8324, 462924
8324, 462924
8324, 462924
8324, 462924
8324, 462924
8324, 462924
8324, 462924
8324, 462924
8324, 462924
8324, 462924
8324, 462924
8324, 462924
8324, 462924
8324, 462924
8324, 462924
8324, 462924
8324, 462924
8324, 462924
8324, 462924
8324, 462924
8324, 462924
8324, 462924
8324, 462924
8324, 462924
8324, 462924
8324, 462924
8324, 462924
8324, 462924
8324, 462924
8324, 462924
8324, 462924
8324, 462924
8324, 462924
8324, 462924
8324, 462924
8324, 462924
8324, 462924
8324, 462924
8324, 462924
8324, 462924
8324, 462924
8324, 462924
8324, 462924
8324, 462924
8324, 462924
8324, 462924
8324, 462924
8324, 462924
8324, 462924
8324, 462924
8324, 462924
8324, 462924
8324, 462924
8324, 462924
8324, 462924
8324, 462924
8324, 462924
8324, 462924
8324, 462924
8324, 462924
8324, 462924
8324, 462924
8324, 462924
8324, 462924
8324, 462924
8324, 462924
8324, 462924
8324, 462924
8324, 462924
8324, 462924
8324, 462924
8324, 462924
8324, 462924
8324, 462924
8324, 462924
8324, 462924
8324, 462924
8324, 462924
8324, 462924
8324, 462924
8324, 462924
8324, 462924
8324, 462924
8324, 462924
8324, 462924
8324, 462924
8324, 462924
8324, 462924
8324, 462924
8324, 462924
8324, 462924
8324, 462924
8324, 462924
8324, 462924
8324, 462924
8324, 462924
8324, 462924
8324, 462924
8324, 462924
8324, 462924
8324, 462924
8324, 462924
8324, 462924
8324, 462924
8324, 462924
8324, 462924
8324, 462924
8324, 462924
8324, 462924
8324, 462924
8324, 462924
8324, 462924
8324, 462924
8324, 462924
8324, 462924
8324, 462924
8324, 462924
8324, 462924
8324, 462924
8324, 462924
8324, 462924
8324, 462924
8324, 462924
8324, 462924
8324, 462924
8324, 462924
8324, 462924
8324, 462924
8324, 462924
8324, 462924
8324, 462924
8324, 462924
8324, 462924
8324, 462924
8324, 462924
8324, 462924
8324, 462924
8324, 462924
8324, 462924
8324, 462924
8324, 462924
8324, 462924
8324, 462924
8324, 462924
8324, 462924
8324, 462924
8324, 462924
8324, 462924
8324, 462924
8324, 462924
8324, 462924
8324, 462924
8324, 462924
8324, 462924
8324, 462924
8324, 462924
8324, 462924
8324, 462924
8324, 462924
8324, 462924
8324, 462924
8324, 462924
8324, 462924
8324, 462924
8324, 462924
8324, 462924
8324, 462924
8324, 462924
8324, 462924
8324, 462924
8324, 462924
8324, 462924
8324, 462924
8324, 462924
8324, 462924
8324, 462924
8324, 462924
8324, 462924
8324, 462924
8324, 462924
8324, 462924
8324, 462924
8324, 462924
8324, 462924
8324, 462924
8324, 462924
8324, 462924
8324, 462924
8324, 462924
8324, 462924
8324, 462924
8324, 462924
8324, 462924
8324, 462924
8324, 462924
8324, 462924
8324, 462924
8324, 462924
8324, 462924
8324, 462924
8324, 462924
8324, 462924
8324, 462924
8324, 462924
8324, 462924
8324, 462924
8324, 462924
8324, 462924
8324, 462924
8324, 462924
8324, 462924
8324, 462924
8324, 462924
8324, 462924
8324, 462924
8324, 462924
8324, 462924
8324, 462924
8324, 462924
8324, 462924
8324, 462924
8324, 462924
8324, 462924
8324, 462924
8324, 462924
8324, 462924
8324, 462924
8324, 462924
8324, 462924
8324, 462924
8324, 462924
8324, 462924
8324, 462924
8324, 462924
8324, 462924
8324, 462924
8324, 462924
8324, 462924
8324, 462924
8324, 462924
8324, 462924
8324, 462924
8324, 462924
8324, 462924
8324, 462924
8324, 462924
8324, 462924
8324, 462924
8324, 462924
8324, 462924
8324, 462924
8324, 462924
8324, 462924
8324, 462924
8324, 462924
8324, 462924
8324, 462924
8324, 462924
8324, 462924
8324, 462924
8324, 462924
8324, 462924
8324, 462924
8324, 462924
8324, 462924
8324, 462924
8324, 462924
8324, 462924
8324, 462924
8324, 462924
8324, 462924
8324, 462924
8324, 462924
8324, 462924
8324, 462924
8324, 462924
8324, 462924
8324, 462924
8324, 462924
8324, 462924
8324, 462924
8324, 462924
8324, 462924
8324, 462924
8324, 462924
8324, 462924
8324, 462924
8324, 462924
8324, 462924
8324, 462924
8324, 462924
8324, 462924
8324, 462924
8324, 462924
8324, 462924
8324, 462924
8324, 462924
8324, 462924
8324, 462924
8324, 462924
8324, 462924
8324, 462924
8324, 462924
8324, 462924
8324, 462924
8324, 462924
8324, 462924
8324, 462924
8324, 462924
8324, 462924
8324, 462924
8324, 462924
8324, 462924
8324, 462924
8324, 462924
8324, 462924
8324, 462924
8324, 462924
8324, 462924
8324, 462924
8324, 462924
8324, 462924
8324, 462924
8324, 462924
8324, 462924
8324, 462924
8324, 462924
8324, 462924
8324, 462924
8324, 462924
8324, 462924
8324, 462924
8324, 462924
8324, 462924
8324, 462924
8324, 462924
8324, 462924
8324, 462924
8324, 462924
8324, 462924
8324, 462924
8324, 462924
8324, 462924
8324, 462924
8324, 462924
8324, 462924
8324, 462924
8324, 462924
8324, 462924
8324, 462924
8324, 462924
8324, 462924
8324, 462924
8324, 462924
8324, 462924
8324, 462924
8324, 462924
8324, 462924
8324, 462924
8324, 462924
8324, 462924
8324, 462924
8324, 462924
8324, 462924
8324, 462924
8324, 462924
8324, 462924
8324, 462924
8324, 462924
8324, 462924
8324, 462924
8324, 462924
8324, 462924
8324, 462924
8324, 462924
8324, 462924
8324, 462924
8324, 462924
8324, 462924
8324, 462924
8324, 462924
8324, 462924
8324, 462924
8324, 462924
8324, 462924
8324, 462924
8324, 462924
8324, 462924
8324, 462924
8324, 462924
8324, 462924
8324, 462924
8324, 462924
8324, 462924
8324, 462924
8324, 462924
8324, 462924
8324, 462924
8324, 462924
8324, 462924
8324, 462924
8324, 462924
8324, 462924
8324, 462924
8324, 462924
8324, 462924
8324, 462924
8324, 462924
8324, 462924
8324, 462924
8324, 462924
8324, 462924
8324, 462924
8324, 462924
8324, 462924
8324, 462924
8324, 462924
8324, 462924
8324, 462924
8324, 462924
8324, 462924
8324, 462924
8324, 462924
8324, 462924
8324, 462924
8324, 462924
8324, 462924
8324, 462924
8324, 462924
8324, 462924
8324, 462924
8324, 462924
8324, 462924
8324, 462924
8324, 462924
8324, 462924
8324, 462924
8324, 462924
8324, 462924
8324, 462924
8324, 462924
8324, 462924
8324, 462924
8324, 462924
8324, 462924
8324, 462924
8324, 462924
8324, 462924
8324, 462924
8324, 462924
8324, 462924
8324, 462924
8324, 462924
8324, 462924
8324, 462924
8324, 462924
8324, 462924
8324, 462924
8324, 462924
8324, 462924
8324, 462924
8324, 462924
8324, 462924
8324, 462924
8324, 462924
8324, 462924
8324, 462924
8324, 462924
8324, 462924
8324, 462924
8324, 462924
8324, 462924
8324, 462924
8324, 462924
8324, 462924
8324, 462924
8324, 462924
8324, 462924
8324, 462924
8324, 462924
8324, 462924
8324, 462924
8324, 462924
8324, 462924
8324, 462924
8324, 462924
8324, 462924
8324, 462924
8324, 462924
8324, 462924
8324, 462924
8324, 462924
8324, 462924
8324, 462924
8324, 462924
8324, 462924
8324, 462924
8324, 462924
8324, 462924
8324, 462924
8324, 462924
8324, 462924
8324, 462924
8324, 462924
8324, 462924
8324, 462924
8324, 462924
8324, 462924
8324, 462924
8324, 462924
8324, 462924
8324, 462924
8324, 462924
8324, 462924
8324, 462924
8324, 462924
8324, 462924
8324, 462924
8324, 462924
8324, 462924
8324, 462924
8324, 462924
8324, 462924
8324, 462924
8324, 462924
8324, 462924
8324, 462924
8324, 462924
8324, 462924
8324, 462924
8324, 462924
8324, 462924
8324, 462924
8324, 462924
8324, 462924
8324, 462924
8324, 462924
8324, 462924
8324, 462924
8324, 462924
8324, 462924
8324, 462924
8324, 462924
8324, 462924
8324, 462924
8324, 462924
8324, 462924
8324, 462924
8324, 462924
8324, 462924
8324, 462924
8324, 462924
8324, 462924
8324, 462924
8324, 462924
8324, 462924
8324, 462924
8324, 462924
8324, 462924
8324, 462924
8324, 462924
8324, 462924
8324, 462924
8324, 462924
8324, 462924
8324, 462924
8324, 462924
8324, 462924
8324, 462924
8324, 462924
8324, 462924
8324, 462924
8324, 462924
8324, 462924
8324, 462924
8324, 462924
8324, 462924
8324, 462924
8324, 462924
8324, 462924
8324, 462924
8324, 462924
8324, 462924
8324, 462924
8324, 462924
8324, 462924
8324, 462924
8324, 462924
8324, 462924
8324, 462924
8324, 462924
8324, 462924
8324, 462924
8324, 462924
8324, 462924
8324, 462924
8324, 462924
8324, 462924
8324, 462924
8324, 462924
8324, 462924
8324, 462924
8324, 462924
8324, 462924
8324, 462924
8324, 462924
8324, 462924
8324, 462924
8324, 462924
8324, 462924
8324, 462924
8324, 462924
8324, 462924
8324, 462924
8324, 462924
8324, 462924
8324, 462924
8324, 462924
8324, 462924
8324, 462924
8324, 462924
8324, 462924
8324, 462924
8324, 462924
8324, 462924
8324, 462924
8324, 462924
8324, 462924
8324, 462924
8324, 462924
8324, 462924
8324, 462924
8324, 462924
8324, 462924
8324, 462924
8324, 462924
8324, 462924
8324, 462924
8324, 462924
8324, 462924
8324, 462924
8324, 462924
8324, 462924
8324, 462924
8324, 462924
8324, 462924
8324, 462924
8324, 462924
8324, 462924
8324, 462924
8324, 462924
8324, 462924
8324, 462924
8324, 462924
8324, 462924
8324, 462924
8324, 462924
8324, 462924
8324, 462924
8324, 462924
8324, 462924
8324, 462924
8324, 462924
8324, 462924
8324, 462924
8324, 462924
8324, 462924
8324, 462924
8324, 462924
8324, 462924
8324, 462924
8324, 462924
8324, 462924
8324, 462924
8324, 462924
8324, 462924
8324, 462924
8324, 462924
8324, 462924
8324, 462924
8324, 462924
8324, 462924
8324, 462924
8324, 462924
8324, 462924
8324, 462924
8324, 462924
8324, 462924
8324, 462924
8324, 462924
8324, 462924
8324, 462924
8324, 462924
8324, 462924
8324, 462924
8324, 462924
8324, 462924
8324, 462924
8324, 462924
8324, 462924
8324, 462924
8324, 462924
8324, 462924
8324, 462924
8324, 462924
8324, 462924
8324, 462924
8324, 462924
8324, 462924
8324, 462924
8324, 462924
8324, 462924
8324, 462924
8324, 462924
8324, 462924
8324, 462924
8324, 462924
8324, 462924
8324, 462924
8324, 462924
8324, 462924
8324, 462924
8324, 462924
8324, 462924
8324, 462924
8324, 462924
8324, 462924
8324, 462924
8324, 462924
8324, 462924
8324, 462924
8324, 462924
8324, 462924
8324, 462924
8324, 462924
8324, 462924
8324, 462924
8324, 462924
8324, 462924
8324, 462924
8324, 462924
8324, 462924
8324, 462924
8324, 462924
8324, 462924
8324, 462924
8324, 462924
8324, 462924
8324, 462924
8324, 462924
8324, 462924
8324, 462924
8324, 462924
8324, 462924
8324, 462924
8324, 462924
8324, 462924
8324, 462924
8324, 462924
8324, 462924
8324, 462924
8324, 462924
8324, 462924
8324, 462924
8324, 462924
8324, 462924
8324, 462924
8324, 462924
8324, 462924
8324, 462924
8324, 462924
8324, 462924
8324, 462924
8324, 462924
8324, 462924
8324, 462924
8324, 462924
8324, 462924
8324, 462924
8324, 462924
8324, 462924
8324, 462924
8324, 462924
8324, 462924
8324, 462924
8324, 462924
8324, 462924
8324, 462924
8324, 462924
8324, 462924
8324, 462924
8324, 462924
8324, 462924
8324, 462924
8324, 462924
8324, 462924
8324, 462924
8324, 462924
8324, 462924
8324, 462924
8324, 462924
8324, 462924
8324, 462924
8324, 462924
8324, 462924
8324, 462924
8324, 462924
8324, 462924
8324, 462924
8324, 462924
8324, 462924
8324, 462924
8324, 462924
8324, 462924
8324, 462924
8324, 462924
8324, 462924
8324, 462924
8324, 462924
8324, 462924
8324, 462924
8324, 462924
8324, 462924
8324, 462924
8324, 462924
8324, 462924
8324, 462924
8324, 462924
8324, 462924
8324, 462924
8324, 462924
8324, 462924
8324, 462924
8324, 462924
8324, 462924
8324, 462924
8324, 462924
8324, 462924
8324, 462924
8324, 462924
8324, 462924
8324, 462924
8324, 462924
8324, 462924
8324, 462924
8324, 462924
8324, 462924
8324, 462924
8324, 462924
8324, 462924
8324, 462924
8324, 462924
8324, 462924
8324, 462924
8324, 462924
8324, 462924
8324, 462924
8324, 462924
8324, 462924
8324, 462924
8324, 462924
8324, 462924
8324, 462924
8324, 462924
8324, 462924
8324, 462924
8324, 462924
8324, 462924
8324, 462924
8324, 462924
8324, 462924
8324, 462924
8324, 462924
8324, 462924
8324, 462924
8324, 462924
8324, 462924
8324, 462924
8324, 462924
8324, 462924
8324, 462924
8324, 462924
8324, 462924
8324, 462924
8324, 462924
8324, 462924
8324, 462924
8324, 462924
8324, 462924
8324, 462924
8324, 462924
8324, 462924
8324, 462924
8324, 462924
8324, 462924
8324, 462924
8324, 462924
8324, 462924
8324, 462924
8324, 462924
8324, 462924
8324, 462924
8324, 462924
8324, 462924
8324, 462924
8324, 462924
8324, 462924
8324, 462924
8324, 462924
8324, 462924
8324, 462924
8324, 462924
8324, 462924
8324, 462924
8324, 462924
8324, 462924
8324, 462924
8324, 462924
8324, 462924
8324, 462924
8324, 462924
8324, 462924
8324, 462924
8324, 462924
8324, 462924
8324, 462924
8324, 462924
8324, 462924
8324, 462924
8324, 462924
8324, 462924
8324, 462924
8324, 462924
8324, 462924
8324, 462924
8324, 462924
8324, 462924
8324, 462924
8324, 462924
8324, 462924
8324, 462924
8324, 462924
8324, 462924
8324, 462924
8324, 462924
8324, 462924
8324, 462924
8324, 462924
8324, 462924
8324, 462924
8324, 462924
8324, 462924
8324, 462924
8324, 462924
8324, 462924
8324, 462924
8324, 462924
8324, 462924
8324, 462924
8324, 462924
8324, 462924
8324, 462924
8324, 462924
8324, 462924
8324, 462924
8324, 462924
8324, 462924
8324, 462924
8324, 462924
8324, 462924
8324, 462924
8324, 462924
8324, 462924
8324, 462924
8324, 462924
8324, 462924
8324, 462924
8324, 462924
8324, 462924
8324, 462924
8324, 462924
8324, 462924
8324, 462924
8324, 462924
8324, 462924
8324, 462924
8324, 462924
8324, 462924
8324, 462924
8324, 462924
8324, 462924
8324, 462924
8324, 462924
8324, 462924
8324, 462924
8324, 462924
8324, 462924
8324, 462924
8324, 462924
8324, 462924
8324, 462924
8324, 462924
8324, 462924
8324, 462924
8324, 462924
8324, 462924
8324, 462924
8324, 462924
8324, 462924
8324, 462924
8324, 462924
8324, 462924
8324, 462924
8324, 462924
8324, 462924
8324, 462924
8324, 462924
8324, 462924
8324, 462924
8324, 462924
8324, 462924
8324, 462924
8324, 462924
8324, 462924
8324, 462924
8324, 462924
8324, 462924
8324, 462924
8324, 462924
8324, 462924
8324, 462924
8324, 462924
8324, 462924
8324, 462924
8324, 462924
8324, 462924
8324, 462924
8324, 462924
8324, 462924
8324, 462924
8324, 462924
8324, 462924
8324, 462924
8324, 462924
8324, 462924
8324, 462924
8324, 462924
8324, 462924
8324, 462924
8324, 462924
8324, 462924
8324, 462924
8324, 462924
8324, 462924
8324, 462924
8324, 462924
8324, 462924
8324, 462924
8324, 462924
8324, 462924
8324, 462924
8324, 462924
8324, 462924
8324, 462924
8324, 462924
8324, 462924
8324, 462924
8324, 462924
8324, 462924
8324, 462924
8324, 462924
8324, 462924
8324, 462924
8324, 462924
8324, 462924
8324, 462924
8324, 462924
8324, 462924
8324, 462924
8324, 462924
8324, 462924
8324, 462924
8324, 462924
8324, 462924
8324, 462924
8324, 462924
8324, 462924
8324, 462924
8324, 462924
8324, 462924
8324, 462924
8324, 462924
8324, 462924
8324, 462924
8324, 462924
8324, 462924
8324, 462924
8324, 462924
8324, 462924
8324, 462924
8324, 462924
8324, 462924
8324, 462924
8324, 462924
8324, 462924
8324, 462924
8324, 462924
8324, 462924
8324, 462924
8324, 462924
8324, 462924
8324, 462924
8324, 462924
8324, 462924
8324, 462924
8324, 462924
8324, 462924
8324, 462924
8324, 462924
8324, 462924
8324, 462924
8324, 462924
8324, 462924
8324, 462924
8324, 462924
8324, 462924
8324, 462924
8324, 462924
8324, 462924
8324, 462924
8324, 462924
8324, 462924
8324, 462924
8324, 462924
8324, 462924
8324, 462924
8324, 462924
8324, 462924
8324, 462924
8324, 462924
8324, 462924
8324, 462924
8324, 462924
8324, 462924
8324, 462924
8324, 462924
8324, 462924
8324, 462924
8324, 462924
8324, 462924
8324, 462924
8324, 462924
8324, 462924
8324, 462924
8324, 462924
8324, 462924
8324, 462924
8324, 462924
8324, 462924
8324, 462924
8324, 462924
8324, 462924
8324, 462924
8324, 462924
8324, 462924
8324, 462924
8324, 462924
8324, 462924
8324, 462924
8324, 462924
8324, 462924
8324, 462924
8324, 462924
8324, 462924
8324, 462924
8324, 462924
8324, 462924
8324, 462924
8324, 462924
8324, 462924
8324, 462924
8324, 462924
8324, 462924
8324, 462924
8324, 462924
8324, 462924
8324, 462924
8324, 462924
8324, 462924
8324, 462924
8324, 462924
8324, 462924
8324, 462924
8324, 462924
8324, 462924
8324, 462924
8324, 462924
8324, 462924
8324, 462924
8324, 462924
8324, 462924
8324, 462924
8324, 462924
8324, 462924
8324, 462924
8324, 462924
8324, 462924
8324, 462924
8324, 462924
8324, 462924
8324, 462924
8324, 462924
8324, 462924
8324, 462924
8324, 462924
8324, 462924
8324, 462924
8324, 462924
8324, 462924
8324, 462924
8324, 462924
8324, 462924
8324, 462924
8324, 462924
8324, 462924
8324, 462924
8324, 462924
8324, 462924
8324, 462924
8324, 462924
8324, 462924
8324, 462924
8324, 462924
8324, 462924
8324, 462924
8324, 462924
8324, 462924
8324, 462924
8324, 462924
8324, 462924
8324, 462924
8324, 462924
8324, 462924
8324, 462924
8324, 462924
8324, 462924
8324, 462924
8324, 462924
8324, 462924
8324, 462924
8324, 462924
8324, 462924
8324, 462924
8324, 462924
8324, 462924
8324, 462924
8324, 462924
8324, 462924
8324, 462924
8324, 462924
8324, 462924
8324, 462924
8324, 462924
8324, 462924
8324, 462924
8324, 462924
8324, 462924
8324, 462924
8324, 462924
8324, 462924
8324, 462924
8324, 462924
8324, 462924
8324, 462924
8324, 462924
8324, 462924
8324, 462924
8324, 462924
8324, 462924
8324, 462924
8324, 462924
8324, 462924
8324, 462924
8324, 462924
8324, 462924
8324, 462924
8324, 462924
8324, 462924
8324, 462924
8324, 462924
8324, 462924
8324, 462924
8324, 462924
8324, 462924
8324, 462924
8324, 462924
8324, 462924
8324, 462924
8324, 462924
8324, 462924
8324, 462924
8324, 462924
8324, 462924
8324, 462924
8324, 462924
8324, 462924
8324, 462924
8324, 462924
8324, 462924
8324, 462924
8324, 462924
8324, 462924
8324, 462924
8324, 462924
8324, 462924
8324, 462924
8324, 462924
8324, 462924
8324, 462924
8324, 462924
8324, 462924
8324, 462924
8324, 462924
8324, 462924
8324, 462924
8324, 462924
8324, 462924
8324, 462924
8324, 462924
8324, 462924
8324, 462924
8324, 462924
8324, 462924
8324, 462924
8324, 462924
8324, 462924
8324, 462924
8324, 462924
8324, 462924
8324, 462924
8324, 462924
8324, 462924
8324, 462924
8324, 462924
8324, 462924
8324, 462924
8324, 462924
8324, 462924
8324, 462924
8324, 462924
8324, 462924
8324, 462924
8324, 462924
8324, 462924
8324, 462924
8324, 462924
8324, 462924
8324, 462924
8324, 462924
8324, 462924
8324, 462924
8324, 462924
8324, 462924
8324, 462924
8324, 462924
8324, 462924
8324, 462924
8324, 462924
8324, 462924
8324, 462924
8324, 462924
8324, 462924
8324, 462924
8324, 462924
8324, 462924
8324, 462924
8324, 462924
8324, 462924
8324, 462924
8324, 462924
8324, 462924
8324, 462924
8324, 462924
8324, 462924
8324, 462924
8324, 462924
8324, 462924
8324, 462924
8324, 462924
8324, 462924
8324, 462924
8324, 462924
8324, 462924
8324, 462924
8324, 462924
8324, 462924
8324, 462924
8324, 462924
8324, 462924
8324, 462924
8324, 462924
8324, 462924
8324, 462924
8324, 462924
8324, 462924
8324, 462924
8324, 462924
8324, 462924
8324, 462924
8324, 462924
8324, 462924
8324, 462924
8324, 462924
8324, 462924
8324, 462924
8324, 462924
8324, 462924
8324, 462924
8324, 462924
8324, 462924
8324, 462924
8324, 462924
8324, 462924
8324, 462924
8324, 462924
8324, 462924
8324, 462924
8324, 462924
8324, 462924
8324, 462924
8324, 462924
8324, 462924
8324, 462924
8324, 462924
8324, 462924
8324, 462924
8324, 462924
8324, 462924
8324, 462924
8324, 462924
8324, 462924
8324, 462924
8324, 462924
8324, 462924
8324, 462924
8324, 462924
8324, 462924
8324, 462924
8324, 462924
8324, 462924
8324, 462924
8324, 462924
8324, 462924
8324, 462924
8324, 462924
8324, 462924
8324, 462924
8324, 462924
8324, 462924
8324, 462924
8324, 462924
8324, 462924
8324, 462924
8324, 462924
8324, 462924
8324, 462924
8324, 462924
8324, 462924
8324, 462924
8324, 462924
8324, 462924
8324, 462924
8324, 462924
8324, 462924
8324, 462924
8324, 462924
8324, 462924
8324, 462924
8324, 462924
8324, 462924
8324, 462924
8324, 462924
8324, 462924
8324, 462924
8324, 462924
8324, 462924
8324, 462924
8324, 462924
8324, 462924
8324, 462924
8324, 462924
8324, 462924
8324, 462924
8324, 462924
8324, 462924
8324, 462924
8324, 462924
8324, 462924
8324, 462924
8324, 462924
8324, 462924
8324, 462924
8324, 462924
8324, 462924
8324, 462924
8324, 462924
8324, 462924
8324, 462924
8324, 462924
8324, 462924
8324, 462924
8324, 462924
8324, 462924
8324, 462924
8324, 462924
8324, 462924
8324, 462924
8324, 462924
8324, 462924
8324, 462924
8324, 462924
8324, 462924
8324, 462924
8324, 462924
8324, 462924
8324, 462924
8324, 462924
8324, 462924
8324, 462924
8324, 462924
8324, 462924
8324, 462924
8324, 462924
8324, 462924
8324, 462924
8324, 462924
8324, 462924
8324, 462924
8324, 462924
8324, 462924
8324, 462924
8324, 462924
8324, 462924
8324, 462924
8324, 462924
8324, 462924
8324, 462924
8324, 462924
8324, 462924
8324, 462924
8324, 462924
8324, 462924
8324, 462924
8324, 462924
8324, 462924
8324, 462924
8324, 462924
8324, 462924
8324, 462924
8324, 462924
8324, 462924
8324, 462924
8324, 462924
8324, 462924
8324, 462924
8324, 462924
8324, 462924
8324, 462924
8324, 462924
8324, 462924
8324, 462924
8324, 462924
8324, 462924
8324, 462924
8324, 462924
8324, 462924
8324, 462924
8324, 462924
8324, 462924
8324, 462924
8324, 462924
8324, 462924
8324, 462924
8324, 462924
8324, 462924
8324, 462924
8324, 462924
8324, 462924
8324, 462924
8324, 462924
8324, 462924
8324, 462924
8324, 462924
8324, 462924
8324, 462924
8324, 462924
8324, 462924
8324, 462924
8324, 462924
8324, 462924
8324, 462924
8324, 462924
8324, 462924
8324, 462924
8324, 462924
8324, 462924
8324, 462924
8324, 462924
8324, 462924
8324, 462924
8324, 462924
8324, 462924
8324, 462924
8324, 462924
8324, 462924
8324, 462924
8324, 462924
8324, 462924
8324, 462924
8324, 462924
8324, 462924
8324, 462924
8324, 462924
8324, 462924
8324, 462924
8324, 462924
8324, 462924
8324, 462924
8324, 462924
8324, 462924
8324, 462924
8324, 462924
8324, 462924
8324, 462924
8324, 462924
8324, 462924
8324, 462924
8324, 462924
8324, 462924
8324, 462924
8324, 462924
8324, 462924
8324, 462924
8324, 462924
8324, 462924
8324, 462924
8324, 462924
8324, 462924
8324, 462924
8324, 462924
8324, 462924
8324, 462924
8324, 462924
8324, 462924
8324, 462924
8324, 462924
8324, 462924
8324, 462924
8324, 462924
8324, 462924
8324, 462924
8324, 462924
8324, 462924
8324, 462924
8324, 462924
8324, 462924
8324, 462924
8324, 462924
8324, 462924
8324, 462924
8324, 462924
8324, 462924
8324, 462924
8324, 462924
8324, 462924
8324, 462924
8324, 462924
8324, 462924
8324, 462924
8324, 462924
8324, 462924
8324, 462924
8324, 462924
8324, 462924
8324, 462924
8324, 462924
8324, 462924
8324, 462924
8324, 462924
8324, 462924
8324, 462924
8324, 462924
8324, 462924
8324, 462924
8324, 462924
8324, 462924
8324, 462924
8324, 462924
8324, 462924
8324, 462924
8324, 462924
8324, 462924
8324, 462924
8324, 462924
8324, 462924
8324, 462924
8324, 462924
8324, 462924
8324, 462924
8324, 462924
8324, 462924
8324, 462924
8324, 462924
8324, 462924
8324, 462924
8324, 462924
8324, 462924
8324, 462924
8324, 462924
8324, 462924
8324, 462924
8324, 462924
8324, 462924
8324, 462924
8324, 462924
8324, 462924
8324, 462924
8324, 462924
8324, 462924
8324, 462924
8324, 462924
8324, 462924
8324, 462924
8324, 462924
8324, 462924
8324, 462924
8324, 462924
8324, 462924
8324, 462924
8324, 462924
8324, 462924
8324, 462924
8324, 462924
8324, 462924
8324, 462924
8324, 462924
8324, 462924
8324, 462924
8324, 462924
8324, 462924
8324, 462924
8324, 462924
8324, 462924
8324, 462924
8324, 462924
8324, 462924
8324, 462924
8324, 462924
8324, 462924
8324, 462924
8324, 462924
8324, 462924
8324, 462924
8324, 462924
8324, 462924
8324, 462924
8324, 462924
8324, 462924
8324, 462924
8324, 462924
8324, 462924
8324, 462924
8324, 462924
8324, 462924
8324, 462924
8324, 462924
8324, 462924
8324, 462924
8324, 462924
8324, 462924
8324, 462924
8324, 462924
8324, 462924
8324, 462924
8324, 462924
8324, 462924
8324, 462924
8324, 462924
8324, 462924
8324, 462924
8324, 462924
8324, 462924
8324, 462924
8324, 462924
8324, 462924
8324, 462924
8324, 462924
8324, 462924
8324, 462924
8324, 462924
8324, 462924
8324, 462924
8324, 462924
8324, 462924
8324, 462924
8324, 462924
8324, 462924
8324, 462924
8324, 462924
8324, 462924
8324, 462924
8324, 462924
8324, 462924
8324, 462924
8324, 462924
8324, 462924
8324, 462924
8324, 462924
8324, 462924
8324, 462924
8324, 462924
8324, 462924
8324, 462924
8324, 462924
8324, 462924
8324, 462924
8324, 462924
8324, 462924
8324, 462924
8324, 462924
8324, 462924
8324, 462924
8324, 462924
8324, 462924
8324, 462924
8324, 462924
8324, 462924
8324, 462924
8324, 462924
8324, 462924
8324, 462924
8324, 462924
8324, 462924
8324, 462924
8324, 462924
8324, 462924
8324, 462924
8324, 462924
8324, 462924
8324, 462924
8324, 462924
8324, 462924
8324, 462924
8324, 462924
8324, 462924
8324, 462924
8324, 462924
8324, 462924
8324, 462924
8324, 462924
8324, 462924
8324, 462924
8324, 462924
8324, 462924
8324, 462924
8324, 462924
8324, 462924
8324, 462924
8324, 462924
8324, 462924
8324, 462924
8324, 462924
8324, 462924
8324, 462924
8324, 462924
8324, 462924
8324, 462924
8324, 462924
8324, 462924
8324, 462924
8324, 462924
8324, 462924
8324, 462924
8324, 462924
8324, 462924
8324, 462924
8324, 462924
8324, 462924
8324, 462924
8324, 462924
8324, 462924
8324, 462924
8324, 462924
8324, 462924
8324, 462924
8324, 462924
8324, 462924
8324, 462924
8324, 462924
8324, 462924
8324, 462924
8324, 462924
8324, 462924
8324, 462924
8324, 462924
8324, 462924
8324, 462924
8324, 462924
8324, 462924
8324, 462924
8324, 462924
8324, 462924
8324, 462924
8324, 462924
8324, 462924
8324, 462924
8324, 462924
8324, 462924
8324, 462924
8324, 462924
8324, 462924
8324, 462924
8324, 462924
8324, 462924
8324, 462924
8324, 462924
8324, 462924
8324, 462924
8324, 462924
8324, 462924
8324, 462924
8324, 462924
8324, 462924
8324, 462924
8324, 462924
8324, 462924
8324, 462924
8324, 462924
8324, 462924
8324, 462924
8324, 462924
8324, 462924
8324, 462924
8324, 462924
8324, 462924
8324, 462924
8324, 462924
8324, 462924
8324, 462924
8324, 462924
8324, 462924
8324, 462924
8324, 462924
8324, 462924
8324, 462924
8324, 462924
8324, 462924
8324, 462924
8324, 462924
8324, 462924
8324, 462924
8324, 462924
8324, 462924
8324, 462924
8324, 462924
8324, 462924
8324, 462924
8324, 462924
8324, 462924
8324, 462924
8324, 462924
8324, 462924
8324, 462924
8324, 462924
8324, 462924
8324, 462924
8324, 462924
8324, 462924
8324, 462924
8324, 462924
8324, 462924
8324, 462924
8324, 462924
8324, 462924
8324, 462924
8324, 462924
8324, 462924
8324, 462924
8324, 462924
8324, 462924
8324, 462924
8324, 462924
8324, 462924
8324, 462924
8324, 462924
8324, 462924
8324, 462924
8324, 462924
8324, 462924
8324, 462924
8324, 462924
8324, 462924
8324, 462924
8324, 462924
8324, 462924
8324, 462924
8324, 462924
8324, 462924
8324, 462924
8324, 462924
8324, 462924
8324, 462924
8324, 462924
8324, 462924
8324, 462924
8324, 462924
8324, 462924
8324, 462924
8324, 462924
8324, 462924
8324, 462924
8324, 462924
8324, 462924
8324, 462924
8324, 462924
8324, 462924
8324, 462924
8324, 462924
8324, 462924
8324, 462924
8324, 462924
8324, 462924
8324, 462924
8324, 462924
8324, 462924
8324, 462924
8324, 462924
8324, 462924
8324, 462924
8324, 462924
8324, 462924
8324, 462924
8324, 462924
8324, 462924
8324, 462924
8324, 462924
8324, 462924
8324, 462924
8324, 462924
8324, 462924
8324, 462924
8324, 462924
8324, 462924
8324, 462924
8324, 462924
8324, 462924
8324, 462924
8324, 462924
8324, 462924
8324, 462924
8324, 462924
8324, 462924
8324, 462924
8324, 462924
8324, 462924
8324, 462924
8324, 462924
8324, 462924
8324, 462924
8324, 462924
8324, 462924
8324, 462924
8324, 462924
8324, 462924
8324, 462924
8324, 462924
8324, 462924
8324, 462924
8324, 462924
8324, 462924
8324, 462924
8324, 462924
8324, 462924
8324, 462924
8324, 462924
8324, 462924
8324, 462924
8324, 462924
8324, 462924
8324, 462924
8324, 462924
8324, 462924
8324, 462924
8324, 462924
8324, 462924
8324, 462924
8324, 462924
8324, 462924
8324, 462924
8324, 462924
8324, 462924
8324, 462924
8324, 462924
8324, 462924
8324, 462924
8324, 462924
8324, 462924
8324, 462924
8324, 462924
8324, 462924
8324, 462924
8324, 462924
8324, 462924
8324, 462924
8324, 462924
8324, 462924
8324, 462924
8324, 462924
8324, 462924
8324, 462924
8324, 462924
8324, 462924
8324, 462924
8324, 462924
8324, 462924
8324, 462924
8324, 462924
8324, 462924
8324, 462924
8324, 462924
8324, 462924
8324, 462924
8324, 462924
8324, 462924
8324, 462924
8324, 462924
8324, 462924
8324, 462924
8324, 462924
8324, 462924
8324, 462924
8324, 462924
8324, 462924
8324, 462924
8324, 462924
8324, 462924
8324, 462924
8324, 462924
8324, 462924
8324, 462924
8324, 462924
8324, 462924
8324, 462924
8324, 462924
8324, 462924
8324, 462924
8324, 462924
8324, 462924
8324, 462924
8324, 462924
8324, 462924
8324, 462924
8324, 462924
8324, 462924
8324, 462924
8324, 462924
8324, 462924
8324, 462924
8324, 462924
8324, 462924
8324, 462924
8324, 462924
8324, 462924
8324, 462924
8324, 462924
8324, 462924
8324, 462924
8324, 462924
8324, 462924
8324, 462924
8324, 462924
8324, 462924
8324, 462924
8324, 462924
8324, 462924
8324, 462924
8324, 462924
8324, 462924
8324, 462924
8324, 462924
8324, 462924
8324, 462924
8324, 462924
8324, 462924
8324, 462924
8324, 462924
8324, 462924
8324, 462924
8324, 462924
8324, 462924
8324, 462924
8324, 462924
8324, 462924
8324, 462924
8324, 462924
8324, 462924
8324, 462924
8324, 462924
8324, 462924
8324, 462924
8324, 462924
8324, 462924
8324, 462924
8324, 462924
8324, 462924
8324, 462924
8324, 462924
8324, 462924
8324, 462924
8324, 462924
8324, 462924
8324, 462924
8324, 462924
8324, 462924
8324, 462924
8324, 462924
8324, 462924
8324, 462924
8324, 462924
8324, 462924
8324, 462924
8324, 462924
8324, 462924
8324, 462924
8324, 462924
8324, 462924
8324, 462924
8324, 462924
8324, 462924
8324, 462924
8324, 462924
8324, 462924
8324, 462924
8324, 462924
8324, 462924
8324, 462924
8324, 462924
8324, 462924
8324, 462924
8324, 462924
8324, 462924
8324, 462924
8324, 462924
8324, 462924
8324, 462924
8324, 462924
8324, 462924
8324, 462924
8324, 462924
8324, 462924
8324, 462924
8324, 462924
8324, 462924
8324, 462924
8324, 462924
8324, 462924
8324, 462924
8324, 462924
8324, 462924
8324, 462924
8324, 462924
8324, 462924
8324, 462924
8324, 462924
8324, 462924
8324, 462924
8324, 462924
8324, 462924
8324, 462924
8324, 462924
8324, 462924
8324, 462924
8324, 462924
8324, 462924
8324, 462924
8324, 462924
8324, 462924
8324, 462924
8324, 462924
8324, 462924
8324, 462924
8324, 462924
8324, 462924
8324, 462924
8324, 462924
8324, 462924
8324, 462924
8324, 462924
8324, 462924
8324, 462924
8324, 462924
8324, 462924
8324, 462924
8324, 462924
8324, 462924
8324, 462924
8324, 462924
8324, 462924
8324, 462924
8324, 462924
8324, 462924
8324, 462924
8324, 462924
8324, 462924
8324, 462924
8324, 462924
8324, 462924
8324, 462924
8324, 462924
8324, 462924
8324, 462924
8324, 462924
8324, 462924
8324, 462924
8324, 462924
8324, 462924
8324, 462924
8324, 462924
8324, 462924
8324, 462924
8324, 462924
8324, 462924
8324, 462924
8324, 462924
8324, 462924
8324, 462924
8324, 462924
8324, 462924
8324, 462924
8324, 462924
8324, 462924
8324, 462924
8324, 462924
8324, 462924
8324, 462924
8324, 462924
8324, 462924
8324, 462924
8324, 462924
8324, 462924
8324, 462924
8324, 462924
8324, 462924
8324, 462924
8324, 462924
8324, 462924
8324, 462924
8324, 462924
8324, 462924
8324, 462924
8324, 462924
8324, 462924
8324, 462924
8324, 462924
8324, 462924
8324, 462924
8324, 462924
8324, 462924
8324, 462924
8324, 462924
8324, 462924
8324, 462924
8324, 462924
8324, 462924
8324, 462924
8324, 462924
8324, 462924
8324, 462924
8324, 462924
8324, 462924
8324, 462924
8324, 462924
8324, 462924
8324, 462924
8324, 462924
8324, 462924
8324, 462924
8324, 462924
8324, 462924
8324, 462924
8324, 462924
8324, 462924
8324, 462924
8324, 462924
8324, 462924
8324, 462924
8324, 462924
8324, 462924
8324, 462924
8324, 462924
8324, 462924
8324, 462924
8324, 462924
8324, 462924
8324, 462924
8324, 462924
8324, 462924
8324, 462924
8324, 462924
8324, 462924
8324, 462924
8324, 462924
8324, 462924
8324, 462924
8324, 462924
8324, 462924
8324, 462924
8324, 462924
8324, 462924
8324, 462924
8324, 462924
8324, 462924
8324, 462924
8324, 462924
8324, 462924
8324, 462924
8324, 462924
8324, 462924
8324, 462924
8324, 462924
8324, 462924
8324, 462924
8324, 462924
8324, 462924
8324, 462924
8324, 462924
8324, 462924
8324, 462924
8324, 462924
8324, 462924
8324, 462924
8324, 462924
8324, 462924
8324, 462924
8324, 462924
8324, 462924
8324, 462924
8324, 462924
8324, 462924
8324, 462924
8324, 462924
8324, 462924
8324, 462924
8324, 462924
8324, 462924
8324, 462924
8324, 462924
8324, 462924
8324, 462924
8324, 462924
8324, 462924
8324, 462924
8324, 462924
8324, 462924
8324, 462924
8324, 462924
8324, 462924
8324, 462924
8324, 462924
8324, 462924
8324, 462924
8324, 462924
8324, 462924
8324, 462924
8324, 462924
8324, 462924
8324, 462924
8324, 462924
8324, 462924
8324, 462924
8324, 462924
8324, 462924
8324, 462924
8324, 462924
8324, 462924
8324, 462924
8324, 462924
8324, 462924
8324, 462924
8324, 462924
8324, 462924
8324, 462924
8324, 462924
8324, 462924
8324, 462924
8324, 462924
8324, 462924
8324, 462924
8324, 462924
8324, 462924
8324, 462924
8324, 462924
8324, 462924
8324, 462924
8324, 462924
8324, 462924
8324, 462924
8324, 462924
8324, 462924
8324, 462924
8324, 462924
8324, 462924
8324, 462924
8324, 462924
8324, 462924
8324, 462924
8324, 462924
8324, 462924
8324, 462924
8324, 462924
8324, 462924
8324, 462924
8324, 462924
8324, 462924
8324, 462924
8324, 462924
8324, 462924
8324, 462924
8324, 462924
8324, 462924
8324, 462924
8324, 462924
8324, 462924
8324, 462924
8324, 462924
8324, 462924
8324, 462924
8324, 462924
8324, 462924
8324, 462924
8324, 462924
8324, 462924
8324, 462924
8324, 462924
8324, 462924
8324, 462924
8324, 462924
8324, 462924
8324, 462924
8324, 462924
8324, 462924
8324, 462924
8324, 462924
8324, 462924
8324, 462924
8324, 462924
8324, 462924
8324, 462924
8324, 462924
8324, 462924
8324, 462924
8324, 462924
8324, 462924
8324, 462924
8324, 462924
8324, 462924
8324, 462924
8324, 462924
8324, 462924
8324, 462924
8324, 462924
8324, 462924
8324, 462924
8324, 462924
8324, 462924
8324, 462924
8324, 462924
8324, 462924
8324, 462924
8324, 462924
8324, 462924
8324, 462924
8324, 462924
8324, 462924
8324, 462924
8324, 462924
8324, 462924
8324, 462924
8324, 462924
8324, 462924
8324, 462924
8324, 462924
8324, 462924
8324, 462924
8324, 462924
8324, 462924
8324, 462924
8324, 462924
8324, 462924
8324, 462924
8324, 462924
8324, 462924
8324, 462924
8324, 462924
8324, 462924
8324, 462924
8324, 462924
8324, 462924
8324, 462924
8324, 462924
8324, 462924
8324, 462924
8324, 462924
8324, 462924
8324, 462924
8324, 462924
8324, 462924
8324, 462924
8324, 462924
8324, 462924
8324, 462924
8324, 462924
8324, 462924
8324, 462924
8324, 462924
8324, 462924
8324, 462924
8324, 462924
8324, 462924
8324, 462924
8324, 462924
8324, 462924
8324, 462924
8324, 462924
8324, 462924
8324, 462924
8324, 462924
8324, 462924
8324, 462924
8324, 462924
8324, 462924
8324, 462924
8324, 462924
8324, 462924
8324, 462924
8324, 462924
8324, 462924
8324, 462924
8324, 462924
8324, 462924
8324, 462924
8324, 462924
8324, 462924
8324, 462924
8324, 462924
8324, 462924
8324, 462924
8324, 462924
8324, 462924
8324, 462924
8324, 462924
8324, 462924
8324, 462924
8324, 462924
8324, 462924
8324, 462924
8324, 462924
8324, 462924
8324, 462924
8324, 462924
8324, 462924
8324, 462924
8324, 462924
8324, 462924
8324, 462924
8324, 462924
8324, 462924
8324, 462924
8324, 462924
8324, 462924
8324, 462924
8324, 462924
8324, 462924
8324, 462924
8324, 462924
8324, 462924
8324, 462924
8324, 462924
8324, 462924
8324, 462924
8324, 462924
8324, 462924
8324, 462924
8324, 462924
8324, 462924
8324, 462924
8324, 462924
8324, 462924
8324, 462924
8324, 462924
8324, 462924
8324, 462924
8324, 462924
8324, 462924
8324, 462924
8324, 462924
8324, 462924
8324, 462924
8324, 462924
8324, 462924
8324, 462924
8324, 462924
8324, 462924
8324, 462924
8324, 462924
8324, 462924
8324, 462924
8324, 462924
8324, 462924
8324, 462924
8324, 462924
8324, 462924
8324, 462924
8324, 462924
8324, 462924
8324, 462924
8324, 462924
8324, 462924
8324, 462924
8324, 462924
8324, 462924
8324, 462924
8324, 462924
8324, 462924
8324, 462924
8324, 462924
8324, 462924
8324, 462924
8324, 462924
8324, 462924
8324, 462924
8324, 462924
8324, 462924
8324, 462924
8324, 462924
8324, 462924
8324, 462924
8324, 462924
8324, 462924
8324, 462924
8324, 462924
8324, 462924
8324, 462924
8324, 462924
8324, 462924
8324, 462924
8324, 462924
8324, 462924
8324, 462924
8324, 462924
8324, 462924
8324, 462924
8324, 462924
8324, 462924
8324, 462924
8324, 462924
8324, 462924
8324, 462924
8324, 462924
8324, 462924
8324, 462924
8324, 462924
8324, 462924
8324, 462924
8324, 462924
8324, 462924
8324, 462924
8324, 462924
8324, 462924
8324, 462924
8324, 462924
8324, 462924
8324, 462924
8324, 462924
8324, 462924
8324, 462924
8324, 462924
8324, 462924
8324, 462924
8324, 462924
8324, 462924
8324, 462924
8324, 462924
8324, 462924
8324, 462924
8324, 462924
8324, 462924
8324, 462924
8324, 462924
8324, 462924
8324, 462924
8324, 462924
8324, 462924
8324, 462924
8324, 462924
8324, 462924
8324, 462924
8324, 462924
8324, 462924
8324, 462924
8324, 462924
8324, 462924
8324, 462924
8324, 462924
8324, 462924
8324, 462924
8324, 462924
8324, 462924
8324, 462924
8324, 462924
8324, 462924
8324, 462924
8324, 462924
8324, 462924
8324, 462924
8324, 462924
8324, 462924
8324, 462924
8324, 462924
8324, 462924
8324, 462924
8324, 462924
8324, 462924
8324, 462924
8324, 462924
8324, 462924
8324, 462924
8324, 462924
8324, 462924
8324, 462924
8324, 462924
8324, 462924
8324, 462924
8324, 462924
8324, 462924
8324, 462924
8324, 462924
8324, 462924
8324, 462924
8324, 462924
8324, 462924
8324, 462924
8324, 462924
8324, 462924
8324, 462924
8324, 462924
8324, 462924
8324, 462924
8324, 462924
8324, 462924
8324, 462924
8324, 462924
8324, 462924
8324, 462924
8324, 462924
8324, 462924
8324, 462924
8324, 462924
8324, 462924
8324, 462924
8324, 462924
8324, 462924
8324, 462924
8324, 462924
8324, 462924
8324, 462924
8324, 462924
8324, 462924
8324, 462924
8324, 462924
8324, 462924
8324, 462924
8324, 462924
8324, 462924
8324, 462924
8324, 462924
8324, 462924
8324, 462924
8324, 462924
8324, 462924
8324, 462924
8324, 462924
8324, 462924
8324, 462924
8324, 462924
8324, 462924
8324, 462924
8324, 462924
8324, 462924
8324, 462924
8324, 462924
8324, 462924
8324, 462924
8324, 462924
8324, 462924
8324, 462924
8324, 462924
8324, 462924
8324, 462924
8324, 462924
8324, 462924
8324, 462924
8324, 462924
8324, 462924
8324, 462924
8324, 462924
8324, 462924
8324, 462924
8324, 462924
8324, 462924
8324, 462924
8324, 462924
8324, 462924
8324, 462924
8324, 462924
8324, 462924
8324, 462924
8324, 462924
8324, 462924
8324, 462924
8324, 462924
8324, 462924
8324, 462924
8324, 462924
8324, 462924
8324, 462924
8324, 462924
8324, 462924
8324, 462924
8324, 462924
8324, 462924
8324, 462924
8324, 462924
8324, 462924
8324, 462924
8324, 462924
8324, 462924
8324, 462924
8324, 462924
8324, 462924
8324, 462924
8324, 462924
8324, 462924
8324, 462924
8324, 462924
8324, 462924
8324, 462924
8324, 462924
8324, 462924
8324, 462924
8324, 462924
8324, 462924
8324, 462924
8324, 462924
8324, 462924
8324, 462924
8324, 462924
8324, 462924
8324, 462924
8324, 462924
8324, 462924
8324, 462924
8324, 462924
8324, 462924
8324, 462924
8324, 462924
8324, 462924
8324, 462924
8324, 462924
8324, 462924
8324, 462924
8324, 462924
8324, 462924
8324, 462924
8324, 462924
8324, 462924
8324, 462924
8324, 462924
8324, 462924
8324, 462924
8324, 462924
8324, 462924
8324, 462924
8324, 462924
8324, 462924
8324, 462924
8324, 462924
8324, 462924
8324, 462924
8324, 462924
8324, 462924
8324, 462924
8324, 462924
8324, 462924
8324, 462924
8324, 462924
8324, 462924
8324, 462924
8324, 462924
8324, 462924
8324, 462924
8324, 462924
8324, 462924
8324, 462924
8324, 462924
8324, 462924
8324, 462924
8324, 462924
8324, 462924
8324, 462924
8324, 462924
8324, 462924
8324, 462924
8324, 462924
8324, 462924
8324, 462924
8324, 462924
8324, 462924
8324, 462924
8324, 462924
8324, 462924
8324, 462924
8324, 462924
8324, 462924
8324, 462924
8324, 462924
8324, 462924
8324, 462924
8324, 462924
8324, 462924
8324, 462924
8324, 462924
8324, 462924
8324, 462924
8324, 462924
8324, 462924
8324, 462924
8324, 462924
8324, 462924
8324, 462924
8324, 462924
8324, 462924
8324, 462924
8324, 462924
8324, 462924
8324, 462924
8324, 462924
8324, 462924
8324, 462924
8324, 462924
8324, 462924
8324, 462924
8324, 462924
8324, 462924
8324, 462924
8324, 462924
8324, 462924
8324, 462924
8324, 462924
8324, 462924
8324, 462924
8324, 462924
8324, 462924
8324, 462924
8324, 462924
8324, 462924
8324, 462924
8324, 462924
8324, 462924
8324, 462924
8324, 462924
8324, 462924
8324, 462924
8324, 462924
8324, 462924
8324, 462924
8324, 462924
8324, 462924
8324, 462924
8324, 462924
8324, 462924
8324, 462924
8324, 462924
8324, 462924
8324, 462924
8324, 462924
8324, 462924
8324, 462924
8324, 462924
8324, 462924
8324, 462924
8324, 462924
8324, 462924
8324, 462924
8324, 462924
8324, 462924
8324, 462924
8324, 462924
8324, 462924
8324, 462924
8324, 462924
8324, 462924
8324, 462924
8324, 462924
8324, 462924
8324, 462924
8324, 462924
8324, 462924
8324, 462924
8324, 462924
8324, 462924
8324, 462924
8324, 462924
8324, 462924
8324, 462924
8324, 462924
8324, 462924
8324, 462924
8324, 462924
8324, 462924
8324, 462924
8324, 462924
8324, 462924
8324, 462924
8324, 462924
8324, 462924
8324, 462924
8324, 462924
8324, 462924
8324, 462924
8324, 462924
8324, 462924
8324, 462924
8324, 462924
8324, 462924
8324, 462924
8324, 462924
8324, 462924
8324, 462924
8324, 462924
8324, 462924
8324, 462924
8324, 462924
8324, 462924
8324, 462924
8324, 462924
8324, 462924
8324, 462924
8324, 462924
8324, 462924
8324, 462924
8324, 462924
8324, 462924
8324, 462924
8324, 462924
8324, 462924
8324, 462924
8324, 462924
8324, 462924
8324, 462924
8324, 462924
8324, 462924
8324, 462924
8324, 462924
8324, 462924
8324, 462924
8324, 462924
8324, 462924
8324, 462924
8324, 462924
8324, 462924
8324, 462924
8324, 462924
8324, 462924
8324, 462924
8324, 462924
8324, 462924
8324, 462924
8324, 462924
8324, 462924
8324, 462924
8324, 462924
8324, 462924
8324, 462924
8324, 462924
8324, 462924
8324, 462924
8324, 462924
8324, 462924
8324, 462924
8324, 462924
8324, 462924
8324, 462924
8324, 462924
8324, 462924
8324, 462924
8324, 462924
8324, 462924
8324, 462924
8324, 462924
8324, 462924
8324, 462924
8324, 462924
8324, 462924
8324, 462924
8324, 462924
8324, 462924
8324, 462924
8324, 462924
8324, 462924
8324, 462924
8324, 462924
8324, 462924
8324, 462924
8324, 462924
8324, 462924
8324, 462924
8324, 462924
8324, 462924
8324, 462924
8324, 462924
8324, 462924
8324, 462924
8324, 462924
8324, 462924
8324, 462924
8324, 462924
8324, 462924
8324, 462924
8324, 462924
8324, 462924
8324, 462924
8324, 462924
8324, 462924
8324, 462924
8324, 462924
8324, 462924
8324, 462924
8324, 462924
8324, 462924
8324, 462924
8324, 462924
8324, 462924
8324, 462924
8324, 462924
8324, 462924
8324, 462924
8324, 462924
8324, 462924
8324, 462924
8324, 462924
8324, 462924
8324, 462924
8324, 462924
8324, 462924
8324, 462924
8324, 462924
8324, 462924
8324, 462924
8324, 462924
8324, 462924
8324, 462924
8324, 462924
8324, 462924
8324, 462924
8324, 462924
8324, 462924
8324, 462924
8324, 462924
8324, 462924
8324, 462924
8324, 462924
8324, 462924
8324, 462924
8324, 462924
8324, 462924
8324, 462924
8324, 462924
8324, 462924
8324, 462924
8324, 462924
8324, 462924
8324, 462924
8324, 462924
8324, 462924
8324, 462924
8324, 462924
8324, 462924
8324, 462924
8324, 462924
8324, 462924
8324, 462924
8324, 462924
8324, 462924
8324, 462924
8324, 462924
8324, 462924
8324, 462924
8324, 462924
8324, 462924
8324, 462924
8324, 462924
8324, 462924
8324, 462924
8324, 462924
8324, 462924
8324, 462924
8324, 462924
8324, 462924
8324, 462924
8324, 462924
8324, 462924
8324, 462924
8324, 462924
8324, 462924
8324, 462924
8324, 462924
8324, 462924
8324, 462924
8324, 462924
8324, 462924
8324, 462924
8324, 462924
8324, 462924
8324, 462924
8324, 462924
8324, 462924
8324, 462924
8324, 462924
8324, 462924
8324, 462924
8324, 462924
8324, 462924
8324, 462924
8324, 462924
8324, 462924
8324, 462924
8324, 462924
8324, 462924
8324, 462924
8324, 462924
8324, 462924
8324, 462924
8324, 462924
8324, 462924
8324, 462924
8324, 462924
8324, 462924
8324, 462924
8324, 462924
8324, 462924
8324, 462924
8324, 462924
8324, 462924
8324, 462924
8324, 462924
8324, 462924
8324, 462924
8324, 462924
8324, 462924
8324, 462924
8324, 462924
8324, 462924
8324, 462924
8324, 462924
8324, 462924
8324, 462924
8324, 462924
8324, 462924
8324, 462924
8324, 462924
8324, 462924
8324, 462924
8324, 462924
8324, 462924
8324, 462924
8324, 462924
8324, 462924
8324, 462924
8324, 462924
8324, 462924
8324, 462924
8324, 462924
8324, 462924
8324, 462924
8324, 462924
8324, 462924
8324, 462924
8324, 462924
8324, 462924
8324, 462924
8324, 462924
8324, 462924
8324, 462924
8324, 462924
8324, 462924
8324, 462924
8324, 462924
8324, 462924
8324, 462924
8324, 462924
8324, 462924
8324, 462924
8324, 462924
8324, 462924
8324, 462924
8324, 462924
8324, 462924
8324, 462924
8324, 462924
8324, 462924
8324, 462924
8324, 462924
8324, 462924
8324, 462924
8324, 462924
8324, 462924
8324, 462924
8324, 462924
8324, 462924
8324, 462924
8324, 462924
8324, 462924
8324, 462924
8324, 462924
8324, 462924
8324, 462924
8324, 462924
8324, 462924
8324, 462924
8324, 462924
8324, 462924
8324, 462924
8324, 462924
8324, 462924
8324, 462924
8324, 462924
8324, 462924
8324, 462924
8324, 462924
8324, 462924
8324, 462924
8324, 462924
8324, 462924
8324, 462924
8324, 462924
8324, 462924
8324, 462924
8324, 462924
8324, 462924
8324, 462924
8324, 462924
8324, 462924
8324, 462924
8324, 462924
8324, 462924
8324, 462924
8324, 462924
8324, 462924
8324, 462924
8324, 462924
8324, 462924
8324, 462924
8324, 462924
8324, 462924
8324, 462924
8324, 462924
8324, 462924
8324, 462924
8324, 462924
8324, 462924
8324, 462924
8324, 462924
8324, 462924
8324, 462924
8324, 462924
8324, 462924
8324, 462924
8324, 462924
8324, 462924
8324, 462924
8324, 462924
8324, 462924
8324, 462924
8324, 462924
8324, 462924
8324, 462924
8324, 462924
8324, 462924
8324, 462924
8324, 462924
8324, 462924
8324, 462924
8324, 462924
8324, 462924
8324, 462924
8324, 462924
8324, 462924
8324, 462924
8324, 462924
8324, 462924
8324, 462924
8324, 462924
8324, 462924
8324, 462924
8324, 462924
8324, 462924
8324, 462924
8324, 462924
8324, 462924
8324, 462924
8324, 462924
8324, 462924
8324, 462924
8324, 462924
8324, 462924
8324, 462924
8324, 462924
8324, 462924
8324, 462924
8324, 462924
8324, 462924
8324, 462924
8324, 462924
8324, 462924
8324, 462924
8324, 462924
8324, 462924
8324, 462924
8324, 462924
8324, 462924
8324, 462924
8324, 462924
8324, 462924
8324, 462924
8324, 462924
8324, 462924
8324, 462924
8324, 462924
8324, 462924
8324, 462924
8324, 462924
8324, 462924
8324, 462924
8324, 462924
8324, 462924
8324, 462924
8324, 462924
8324, 462924
8324, 462924
8324, 462924
8324, 462924
8324, 462924
8324, 462924
8324, 462924
8324, 462924
8324, 462924
8324, 462924
8324, 462924
8324, 462924
8324, 462924
8324, 462924
8324, 462924
8324, 462924
8324, 462924
8324, 462924
8324, 462924
8324, 462924
8324, 462924
8324, 462924
8324, 462924
8324, 462924
8324, 462924
8324, 462924
8324, 462924
8324, 462924
8324, 462924
8324, 462924
8324, 462924
8324, 462924
8324, 462924
8324, 462924
8324, 462924
8324, 462924
8324, 462924
8324, 462924
8324, 462924
8324, 462924
8324, 462924
8324, 462924
8324, 462924
8324, 462924
8324, 462924
8324, 462924
8324, 462924
8324, 462924
8324, 462924
8324, 462924
8324, 462924
8324, 462924
8324, 462924
8324, 462924
8324, 462924
8324, 462924
8324, 462924
8324, 462924
8324, 462924
8324, 462924
8324, 462924
8324, 462924
8324, 462924
8324, 462924
8324, 462924
8324, 462924
8324, 462924
8324, 462924
8324, 462924
8324, 462924
8324, 462924
8324, 462924
8324, 462924
8324, 462924
8324, 462924
8324, 462924
8324, 462924
8324, 462924
8324, 462924
8324, 462924
8324, 462924
8324, 462924
8324, 462924
8324, 462924
8324, 462924
8324, 462924
8324, 462924
8324, 462924
8324, 462924
8324, 462924
8324, 462924
8324, 462924
8324, 462924
8324, 462924
8324, 462924
8324, 462924
8324, 462924
8324, 462924
8324, 462924
8324, 462924
8324, 462924
8324, 462924
8324, 462924
8324, 462924
8324, 462924
8324, 462924
8324, 462924
8324, 462924
8324, 462924
8324, 462924
8324, 462924
8324, 462924
8324, 462924
8324, 462924
8324, 462924
8324, 462924
8324, 462924
8324, 462924
8324, 462924
8324, 462924
8324, 462924
8324, 462924
8324, 462924
8324, 462924
8324, 462924
8324, 462924
8324, 462924
8324, 462924
8324, 462924
8324, 462924
8324, 462924
8324, 462924
8324, 462924
8324, 462924
8324, 462924
8324, 462924
8324, 462924
8324, 462924
8324, 462924
8324, 462924
8324, 462924
8324, 462924
8324, 462924
8324, 462924
8324, 462924
8324, 462924
8324, 462924
8324, 462924
8324, 462924
8324, 462924
8324, 462924
8324, 462924
8324, 462924
8324, 462924
8324, 462924
8324, 462924
8324, 462924
8324, 462924
8324, 462924
8324, 462924
8324, 462924
8324, 462924
8324, 462924
8324, 462924
8324, 462924
8324, 462924
8324, 462924
8324, 462924
8324, 462924
8324, 462924
8324, 462924
8324, 462924
8324, 462924
8324, 462924
8324, 462924
8324, 462924
8324, 462924
8324, 462924
8324, 462924
8324, 462924
8324, 462924
8324, 462924
8324, 462924
8324, 462924
8324, 462924
8324, 462924
8324, 462924
8324, 462924
8324, 462924
8324, 462924
8324, 462924
8324, 462924
8324, 462924
