SUSCEPTIBLE, EXPOSED, ASYMPTOMATIC, PREINFECTED, INFECTED, HOSPITALIZING, VENTILATING, RECOVERED, DEAD
625320, 0, 468, 172, 0, 0, 0, 0, 0
625316, 4, 468, 172, 0, 0, 0, 0, 0
625316, 4, 468, 172, 0, 0, 0, 0, 0
625316, 4, 468, 172, 0, 0, 0, 0, 0
625316, 4, 468, 172, 0, 0, 0, 0, 0
625312, 8, 468, 172, 0, 0, 0, 0, 0
625312, 8, 468, 172, 0, 0, 0, 0, 0
625312, 8, 468, 172, 0, 0, 0, 0, 0
625312, 8, 468, 172, 0, 0, 0, 0, 0
625312, 8, 468, 172, 0, 0, 0, 0, 0
625312, 8, 468, 172, 0, 0, 0, 0, 0
625312, 8, 468, 172, 0, 0, 0, 0, 0
625312, 8, 468, 172, 0, 0, 0, 0, 0
625312, 8, 468, 172, 0, 0, 0, 0, 0
625312, 8, 468, 172, 0, 0, 0, 0, 0
625312, 8, 468, 172, 0, 0, 0, 0, 0
625312, 8, 468, 172, 0, 0, 0, 0, 0
625312, 8, 468, 172, 0, 0, 0, 0, 0
625312, 8, 468, 172, 0, 0, 0, 0, 0
625312, 8, 468, 172, 0, 0, 0, 0, 0
625312, 8, 468, 172, 0, 0, 0, 0, 0
625312, 8, 468, 172, 0, 0, 0, 0, 0
625312, 8, 468, 172, 0, 0, 0, 0, 0
625312, 8, 468, 172, 0, 0, 0, 0, 0
625312, 8, 468, 172, 0, 0, 0, 0, 0
625312, 8, 468, 172, 0, 0, 0, 0, 0
625312, 8, 468, 172, 0, 0, 0, 0, 0
625312, 8, 468, 172, 0, 0, 0, 0, 0
625312, 8, 468, 172, 0, 0, 0, 0, 0
625312, 8, 468, 172, 0, 0, 0, 0, 0
625312, 8, 468, 172, 0, 0, 0, 0, 0
625312, 8, 468, 172, 0, 0, 0, 0, 0
625312, 8, 468, 172, 0, 0, 0, 0, 0
625312, 8, 468, 172, 0, 0, 0, 0, 0
625312, 8, 468, 172, 0, 0, 0, 0, 0
625312, 8, 468, 172, 0, 0, 0, 0, 0
625312, 8, 468, 172, 0, 0, 0, 0, 0
625312, 8, 468, 172, 0, 0, 0, 0, 0
625312, 8, 468, 172, 0, 0, 0, 0, 0
625312, 8, 468, 172, 0, 0, 0, 0, 0
625312, 8, 468, 172, 0, 0, 0, 0, 0
625312, 8, 468, 172, 0, 0, 0, 0, 0
625308, 12, 468, 172, 0, 0, 0, 0, 0
625308, 12, 468, 172, 0, 0, 0, 0, 0
625308, 12, 468, 172, 0, 0, 0, 0, 0
625308, 12, 468, 172, 0, 0, 0, 0, 0
625308, 12, 468, 172, 0, 0, 0, 0, 0
625308, 12, 468, 172, 0, 0, 0, 0, 0
625308, 12, 468, 172, 0, 0, 0, 0, 0
625308, 12, 468, 172, 0, 0, 0, 0, 0
625308, 12, 468, 172, 0, 0, 0, 0, 0
625308, 12, 468, 172, 0, 0, 0, 0, 0
625308, 12, 468, 172, 0, 0, 0, 0, 0
625308, 12, 468, 172, 0, 0, 0, 0, 0
625308, 12, 468, 172, 0, 0, 0, 0, 0
625308, 12, 468, 172, 0, 0, 0, 0, 0
625308, 12, 468, 172, 0, 0, 0, 0, 0
625304, 16, 468, 172, 0, 0, 0, 0, 0
625304, 16, 468, 172, 0, 0, 0, 0, 0
625304, 16, 468, 172, 0, 0, 0, 0, 0
625304, 16, 468, 172, 0, 0, 0, 0, 0
625304, 16, 468, 172, 0, 0, 0, 0, 0
625304, 16, 468, 172, 0, 0, 0, 0, 0
625304, 16, 468, 172, 0, 0, 0, 0, 0
625304, 16, 468, 172, 0, 0, 0, 0, 0
625304, 16, 468, 172, 0, 0, 0, 0, 0
625304, 16, 468, 172, 0, 0, 0, 0, 0
625304, 16, 468, 172, 0, 0, 0, 0, 0
625304, 16, 468, 172, 0, 0, 0, 0, 0
625304, 16, 468, 172, 0, 0, 0, 0, 0
625304, 16, 468, 172, 0, 0, 0, 0, 0
625304, 16, 468, 172, 0, 0, 0, 0, 0
625304, 16, 468, 172, 0, 0, 0, 0, 0
625304, 16, 468, 172, 0, 0, 0, 0, 0
625304, 16, 468, 172, 0, 0, 0, 0, 0
625304, 16, 468, 172, 0, 0, 0, 0, 0
625304, 16, 468, 172, 0, 0, 0, 0, 0
625304, 16, 468, 172, 0, 0, 0, 0, 0
625304, 16, 468, 172, 0, 0, 0, 0, 0
625304, 16, 468, 172, 0, 0, 0, 0, 0
625304, 16, 468, 172, 0, 0, 0, 0, 0
625304, 16, 468, 172, 0, 0, 0, 0, 0
625304, 16, 468, 172, 0, 0, 0, 0, 0
625304, 16, 468, 172, 0, 0, 0, 0, 0
625304, 16, 468, 172, 0, 0, 0, 0, 0
625304, 16, 468, 172, 0, 0, 0, 0, 0
625304, 16, 468, 172, 0, 0, 0, 0, 0
625300, 20, 468, 172, 0, 0, 0, 0, 0
625300, 20, 468, 172, 0, 0, 0, 0, 0
625300, 20, 468, 172, 0, 0, 0, 0, 0
625300, 20, 468, 172, 0, 0, 0, 0, 0
625300, 20, 468, 172, 0, 0, 0, 0, 0
625300, 20, 468, 172, 0, 0, 0, 0, 0
625300, 20, 468, 172, 0, 0, 0, 0, 0
625300, 20, 468, 172, 0, 0, 0, 0, 0
625300, 20, 468, 172, 0, 0, 0, 0, 0
625300, 20, 468, 172, 0, 0, 0, 0, 0
625300, 20, 468, 172, 0, 0, 0, 0, 0
625300, 20, 468, 172, 0, 0, 0, 0, 0
625300, 20, 468, 172, 0, 0, 0, 0, 0
625296, 24, 468, 172, 0, 0, 0, 0, 0
625296, 24, 468, 172, 0, 0, 0, 0, 0
625292, 28, 468, 172, 0, 0, 0, 0, 0
625292, 28, 468, 172, 0, 0, 0, 0, 0
625292, 28, 468, 172, 0, 0, 0, 0, 0
625292, 28, 468, 172, 0, 0, 0, 0, 0
625292, 28, 468, 172, 0, 0, 0, 0, 0
625292, 28, 468, 172, 0, 0, 0, 0, 0
625284, 36, 468, 172, 0, 0, 0, 0, 0
625284, 36, 468, 172, 0, 0, 0, 0, 0
625284, 36, 468, 172, 0, 0, 0, 0, 0
625284, 36, 468, 172, 0, 0, 0, 0, 0
625284, 36, 468, 172, 0, 0, 0, 0, 0
625284, 36, 468, 172, 0, 0, 0, 0, 0
625284, 36, 468, 172, 0, 0, 0, 0, 0
625284, 36, 468, 172, 0, 0, 0, 0, 0
625284, 36, 468, 172, 0, 0, 0, 0, 0
625284, 36, 468, 172, 0, 0, 0, 0, 0
625284, 36, 468, 172, 0, 0, 0, 0, 0
625284, 36, 468, 172, 0, 0, 0, 0, 0
625284, 36, 468, 172, 0, 0, 0, 0, 0
625284, 36, 468, 172, 0, 0, 0, 0, 0
625280, 40, 468, 168, 4, 0, 0, 0, 0
625276, 44, 468, 168, 4, 0, 0, 0, 0
625276, 44, 468, 168, 4, 0, 0, 0, 0
625276, 44, 468, 168, 4, 0, 0, 0, 0
625276, 44, 468, 168, 4, 0, 0, 0, 0
625272, 48, 468, 164, 8, 0, 0, 0, 0
625268, 52, 468, 164, 8, 0, 0, 0, 0
625268, 52, 468, 164, 8, 0, 0, 0, 0
625268, 52, 468, 164, 8, 0, 0, 0, 0
625268, 52, 468, 164, 8, 0, 0, 0, 0
625268, 52, 468, 164, 8, 0, 0, 0, 0
625268, 52, 468, 164, 8, 0, 0, 0, 0
625268, 52, 468, 164, 8, 0, 0, 0, 0
625268, 52, 468, 164, 8, 0, 0, 0, 0
625264, 56, 468, 164, 8, 0, 0, 0, 0
625264, 56, 468, 164, 8, 0, 0, 0, 0
625264, 56, 468, 164, 8, 0, 0, 0, 0
625264, 56, 468, 164, 8, 0, 0, 0, 0
625264, 56, 468, 164, 8, 0, 0, 0, 0
625264, 56, 468, 164, 8, 0, 0, 0, 0
625264, 56, 468, 164, 8, 0, 0, 0, 0
625264, 56, 468, 164, 8, 0, 0, 0, 0
625264, 56, 468, 164, 8, 0, 0, 0, 0
625264, 56, 468, 164, 8, 0, 0, 0, 0
625264, 56, 468, 164, 8, 0, 0, 0, 0
625264, 56, 468, 164, 8, 0, 0, 0, 0
625264, 56, 468, 164, 8, 0, 0, 0, 0
625264, 56, 468, 164, 8, 0, 0, 0, 0
625264, 56, 468, 164, 8, 0, 0, 0, 0
625264, 56, 468, 164, 8, 0, 0, 0, 0
625264, 56, 468, 164, 8, 0, 0, 0, 0
625264, 56, 468, 164, 8, 0, 0, 0, 0
625264, 56, 468, 164, 8, 0, 0, 0, 0
625264, 56, 468, 164, 8, 0, 0, 0, 0
625264, 56, 468, 164, 8, 0, 0, 0, 0
625264, 56, 468, 164, 8, 0, 0, 0, 0
625264, 56, 468, 164, 8, 0, 0, 0, 0
625264, 56, 468, 160, 12, 0, 0, 0, 0
625264, 56, 468, 160, 12, 0, 0, 0, 0
625264, 56, 468, 160, 12, 0, 0, 0, 0
625264, 56, 468, 160, 12, 0, 0, 0, 0
625264, 56, 468, 160, 12, 0, 0, 0, 0
625264, 56, 468, 160, 12, 0, 0, 0, 0
625264, 56, 468, 160, 12, 0, 0, 0, 0
625264, 56, 468, 160, 12, 0, 0, 0, 0
625264, 56, 468, 160, 12, 0, 0, 0, 0
625264, 56, 468, 160, 12, 0, 0, 0, 0
625264, 56, 468, 160, 12, 0, 0, 0, 0
625264, 56, 468, 160, 12, 0, 0, 0, 0
625264, 56, 468, 160, 12, 0, 0, 0, 0
625264, 56, 468, 160, 12, 0, 0, 0, 0
625264, 56, 468, 160, 12, 0, 0, 0, 0
625264, 56, 468, 160, 12, 0, 0, 0, 0
625264, 56, 468, 160, 12, 0, 0, 0, 0
625264, 56, 468, 160, 12, 0, 0, 0, 0
625264, 56, 468, 160, 12, 0, 0, 0, 0
625264, 56, 468, 160, 12, 0, 0, 0, 0
625264, 56, 468, 160, 12, 0, 0, 0, 0
625264, 56, 468, 160, 12, 0, 0, 0, 0
625264, 56, 468, 160, 12, 0, 0, 0, 0
625264, 56, 468, 160, 12, 0, 0, 0, 0
625264, 56, 468, 160, 12, 0, 0, 0, 0
625264, 56, 468, 160, 12, 0, 0, 0, 0
625264, 56, 468, 160, 12, 0, 0, 0, 0
625260, 60, 468, 160, 12, 0, 0, 0, 0
625260, 60, 468, 160, 12, 0, 0, 0, 0
625256, 64, 468, 160, 12, 0, 0, 0, 0
625252, 68, 468, 160, 12, 0, 0, 0, 0
625252, 68, 468, 160, 12, 0, 0, 0, 0
625252, 68, 468, 160, 12, 0, 0, 0, 0
625252, 68, 468, 160, 12, 0, 0, 0, 0
625252, 68, 468, 160, 12, 0, 0, 0, 0
625252, 68, 468, 160, 12, 0, 0, 0, 0
625252, 68, 464, 160, 12, 0, 0, 4, 0
625252, 68, 464, 160, 12, 0, 0, 4, 0
625252, 68, 464, 160, 12, 0, 0, 4, 0
625252, 68, 464, 160, 12, 0, 0, 4, 0
625252, 68, 464, 160, 12, 0, 0, 4, 0
625252, 68, 464, 160, 12, 0, 0, 4, 0
625252, 68, 464, 160, 12, 0, 0, 4, 0
625252, 68, 464, 160, 12, 0, 0, 4, 0
625248, 72, 464, 160, 12, 0, 0, 4, 0
625248, 72, 464, 160, 12, 0, 0, 4, 0
625244, 76, 464, 160, 12, 0, 0, 4, 0
625236, 84, 464, 160, 12, 0, 0, 4, 0
625236, 84, 464, 160, 12, 0, 0, 4, 0
625236, 84, 464, 160, 12, 0, 0, 4, 0
625236, 84, 464, 160, 12, 0, 0, 4, 0
625236, 84, 464, 160, 12, 0, 0, 4, 0
625232, 88, 464, 160, 12, 0, 0, 4, 0
625228, 92, 464, 160, 12, 0, 0, 4, 0
625228, 92, 464, 160, 12, 0, 0, 4, 0
625228, 92, 464, 160, 12, 0, 0, 4, 0
625228, 92, 464, 160, 12, 0, 0, 4, 0
625228, 92, 464, 160, 12, 0, 0, 4, 0
625228, 92, 464, 160, 12, 0, 0, 4, 0
625228, 92, 464, 160, 12, 0, 0, 4, 0
625228, 92, 464, 160, 12, 0, 0, 4, 0
625224, 96, 464, 160, 12, 0, 0, 4, 0
625224, 96, 464, 160, 12, 0, 0, 4, 0
625220, 100, 464, 160, 12, 0, 0, 4, 0
625220, 100, 464, 156, 16, 0, 0, 4, 0
625216, 104, 464, 156, 16, 0, 0, 4, 0
625208, 112, 464, 156, 16, 0, 0, 4, 0
625208, 112, 464, 156, 16, 0, 0, 4, 0
625208, 112, 464, 156, 16, 0, 0, 4, 0
625200, 120, 464, 156, 16, 0, 0, 4, 0
625200, 120, 464, 156, 16, 0, 0, 4, 0
625200, 120, 464, 152, 20, 0, 0, 4, 0
625200, 120, 464, 152, 20, 0, 0, 4, 0
625200, 120, 464, 152, 20, 0, 0, 4, 0
625200, 120, 464, 152, 20, 0, 0, 4, 0
625196, 124, 464, 152, 20, 0, 0, 4, 0
625196, 124, 464, 152, 20, 0, 0, 4, 0
625196, 124, 464, 152, 20, 0, 0, 4, 0
625192, 128, 464, 152, 20, 0, 0, 4, 0
625192, 128, 464, 152, 20, 0, 0, 4, 0
625192, 128, 464, 152, 20, 0, 0, 4, 0
625188, 132, 464, 152, 20, 0, 0, 4, 0
625184, 136, 464, 152, 20, 0, 0, 4, 0
625184, 136, 464, 152, 20, 0, 0, 4, 0
625184, 136, 464, 152, 20, 0, 0, 4, 0
625184, 136, 464, 152, 20, 0, 0, 4, 0
625180, 140, 460, 152, 20, 0, 0, 8, 0
625180, 140, 460, 148, 24, 0, 0, 8, 0
625180, 140, 460, 148, 24, 0, 0, 8, 0
625180, 140, 460, 148, 24, 0, 0, 8, 0
625180, 140, 460, 148, 24, 0, 0, 8, 0
625180, 140, 460, 148, 24, 0, 0, 8, 0
625180, 140, 460, 148, 24, 0, 0, 8, 0
625180, 140, 460, 148, 24, 0, 0, 8, 0
625180, 140, 460, 148, 24, 0, 0, 8, 0
625180, 140, 460, 148, 24, 0, 0, 8, 0
625180, 140, 460, 148, 24, 0, 0, 8, 0
625180, 136, 464, 148, 24, 0, 0, 8, 0
625180, 136, 464, 148, 24, 0, 0, 8, 0
625180, 136, 464, 148, 24, 0, 0, 8, 0
625180, 136, 464, 148, 24, 0, 0, 8, 0
625176, 140, 464, 148, 24, 0, 0, 8, 0
625176, 140, 464, 148, 24, 0, 0, 8, 0
625176, 140, 464, 148, 24, 0, 0, 8, 0
625176, 140, 464, 148, 24, 0, 0, 8, 0
625176, 140, 464, 148, 24, 0, 0, 8, 0
625172, 144, 464, 148, 24, 0, 0, 8, 0
625172, 144, 464, 148, 24, 0, 0, 8, 0
625172, 144, 464, 148, 24, 0, 0, 8, 0
625172, 144, 464, 148, 24, 0, 0, 8, 0
625172, 144, 464, 148, 24, 0, 0, 8, 0
625168, 148, 464, 148, 24, 0, 0, 8, 0
625168, 148, 464, 148, 24, 0, 0, 8, 0
625168, 148, 464, 148, 24, 0, 0, 8, 0
625168, 148, 464, 148, 24, 0, 0, 8, 0
625168, 148, 464, 148, 24, 0, 0, 8, 0
625168, 148, 464, 148, 24, 0, 0, 8, 0
625164, 152, 464, 148, 24, 0, 0, 8, 0
625164, 152, 464, 148, 24, 0, 0, 8, 0
625164, 152, 464, 148, 24, 0, 0, 8, 0
625164, 152, 464, 148, 24, 0, 0, 8, 0
625164, 152, 464, 144, 28, 0, 0, 8, 0
625164, 152, 464, 144, 28, 0, 0, 8, 0
625164, 152, 464, 144, 28, 0, 0, 8, 0
625164, 152, 464, 144, 28, 0, 0, 8, 0
625164, 152, 464, 144, 28, 0, 0, 8, 0
625164, 152, 464, 144, 28, 0, 0, 8, 0
625164, 152, 464, 144, 28, 0, 0, 8, 0
625164, 152, 464, 144, 28, 0, 0, 8, 0
625164, 152, 464, 144, 28, 0, 0, 8, 0
625164, 152, 464, 144, 28, 0, 0, 8, 0
625164, 152, 464, 140, 32, 0, 0, 8, 0
625164, 152, 464, 140, 32, 0, 0, 8, 0
625164, 152, 464, 140, 32, 0, 0, 8, 0
625164, 152, 464, 140, 28, 0, 0, 12, 0
625164, 152, 464, 140, 28, 0, 0, 12, 0
625164, 152, 464, 140, 28, 0, 0, 12, 0
625164, 152, 464, 140, 28, 0, 0, 12, 0
625164, 152, 464, 140, 28, 0, 0, 12, 0
625164, 152, 464, 140, 28, 0, 0, 12, 0
625160, 156, 464, 140, 28, 0, 0, 12, 0
625160, 156, 464, 140, 28, 0, 0, 12, 0
625160, 156, 464, 140, 28, 0, 0, 12, 0
625160, 156, 464, 140, 28, 0, 0, 12, 0
625160, 156, 464, 136, 32, 0, 0, 12, 0
625160, 156, 464, 136, 32, 0, 0, 12, 0
625160, 156, 464, 136, 32, 0, 0, 12, 0
625160, 156, 464, 136, 32, 0, 0, 12, 0
625160, 156, 464, 136, 32, 0, 0, 12, 0
625156, 160, 464, 136, 32, 0, 0, 12, 0
625156, 160, 464, 136, 32, 0, 0, 12, 0
625156, 160, 464, 136, 32, 0, 0, 12, 0
625156, 160, 460, 136, 32, 0, 0, 16, 0
625156, 156, 464, 136, 32, 0, 0, 16, 0
625156, 156, 464, 136, 32, 0, 0, 16, 0
625156, 156, 464, 136, 32, 0, 0, 16, 0
625156, 156, 464, 136, 32, 0, 0, 16, 0
625156, 156, 460, 136, 32, 0, 0, 20, 0
625156, 156, 460, 136, 32, 0, 0, 20, 0
625156, 156, 460, 136, 32, 0, 0, 20, 0
625156, 156, 460, 136, 32, 0, 0, 20, 0
625156, 156, 460, 132, 36, 0, 0, 20, 0
625156, 156, 460, 132, 36, 0, 0, 20, 0
625156, 156, 460, 132, 36, 0, 0, 20, 0
625152, 160, 460, 132, 36, 0, 0, 20, 0
625152, 160, 460, 132, 36, 0, 0, 20, 0
625152, 160, 460, 132, 36, 0, 0, 20, 0
625152, 160, 456, 128, 40, 0, 0, 24, 0
625152, 160, 456, 128, 40, 0, 0, 24, 0
625152, 160, 456, 128, 40, 0, 0, 24, 0
625152, 160, 456, 128, 40, 0, 0, 24, 0
625152, 160, 456, 128, 40, 0, 0, 24, 0
625148, 164, 456, 128, 40, 0, 0, 24, 0
625148, 164, 456, 128, 40, 0, 0, 24, 0
625148, 164, 456, 128, 40, 0, 0, 24, 0
625144, 168, 456, 128, 40, 0, 0, 24, 0
625144, 168, 456, 128, 40, 0, 0, 24, 0
625144, 168, 456, 128, 40, 0, 0, 24, 0
625144, 168, 456, 128, 40, 0, 0, 24, 0
625140, 172, 456, 128, 40, 0, 0, 24, 0
625140, 172, 456, 128, 40, 0, 0, 24, 0
625136, 176, 456, 128, 40, 0, 0, 24, 0
625136, 176, 456, 128, 40, 0, 0, 24, 0
625136, 172, 456, 132, 40, 0, 0, 24, 0
625136, 172, 456, 132, 40, 0, 0, 24, 0
625136, 172, 456, 128, 44, 0, 0, 24, 0
625136, 172, 456, 128, 44, 0, 0, 24, 0
625132, 172, 456, 132, 44, 0, 0, 24, 0
625128, 176, 456, 132, 44, 0, 0, 24, 0
625124, 180, 456, 132, 44, 0, 0, 24, 0
625124, 180, 456, 132, 44, 0, 0, 24, 0
625124, 180, 456, 132, 44, 0, 0, 24, 0
625124, 180, 456, 132, 44, 0, 0, 24, 0
625116, 188, 456, 132, 44, 0, 0, 24, 0
625112, 192, 456, 132, 44, 0, 0, 24, 0
625104, 200, 456, 132, 44, 0, 0, 24, 0
625104, 200, 456, 132, 44, 0, 0, 24, 0
625100, 204, 456, 132, 44, 0, 0, 24, 0
625100, 204, 456, 132, 44, 0, 0, 24, 0
625100, 204, 456, 132, 44, 0, 0, 24, 0
625096, 208, 452, 132, 44, 0, 0, 28, 0
625096, 208, 452, 132, 44, 0, 0, 28, 0
625092, 212, 452, 128, 48, 0, 0, 28, 0
625092, 212, 452, 128, 48, 0, 0, 28, 0
625092, 212, 452, 128, 48, 0, 0, 28, 0
625092, 212, 452, 128, 48, 0, 0, 28, 0
625092, 212, 452, 128, 48, 0, 0, 28, 0
625088, 216, 452, 128, 48, 0, 0, 28, 0
625088, 216, 452, 128, 48, 0, 0, 28, 0
625088, 216, 452, 128, 48, 0, 0, 28, 0
625088, 216, 452, 128, 48, 0, 0, 28, 0
625088, 216, 452, 128, 48, 0, 0, 28, 0
625088, 216, 452, 128, 48, 0, 0, 28, 0
625080, 224, 448, 128, 48, 0, 0, 32, 0
625076, 228, 448, 128, 48, 0, 0, 32, 0
625076, 228, 448, 128, 48, 0, 0, 32, 0
625076, 228, 448, 124, 52, 0, 0, 32, 0
625072, 232, 448, 124, 52, 0, 0, 32, 0
625072, 232, 448, 124, 52, 0, 0, 32, 0
625072, 232, 448, 124, 52, 0, 0, 32, 0
625068, 236, 448, 124, 52, 0, 0, 32, 0
625068, 236, 448, 124, 52, 0, 0, 32, 0
625068, 236, 448, 124, 52, 0, 0, 32, 0
625064, 240, 448, 124, 52, 0, 0, 32, 0
625064, 240, 448, 124, 52, 0, 0, 32, 0
625064, 240, 448, 124, 52, 0, 0, 32, 0
625060, 244, 448, 124, 52, 0, 0, 32, 0
625060, 244, 448, 124, 52, 0, 0, 32, 0
625060, 244, 448, 124, 52, 0, 0, 32, 0
625060, 244, 448, 124, 52, 0, 0, 32, 0
625060, 244, 448, 124, 52, 0, 0, 32, 0
625060, 244, 448, 124, 52, 0, 0, 32, 0
625060, 244, 448, 124, 52, 0, 0, 32, 0
625060, 244, 448, 124, 52, 0, 0, 32, 0
625060, 240, 452, 124, 52, 0, 0, 32, 0
625060, 240, 452, 124, 52, 0, 0, 32, 0
625060, 240, 452, 124, 52, 0, 0, 32, 0
625060, 240, 452, 124, 52, 0, 0, 32, 0
625060, 240, 452, 124, 52, 0, 0, 32, 0
625060, 240, 452, 124, 52, 0, 0, 32, 0
625060, 240, 452, 124, 52, 0, 0, 32, 0
625060, 240, 448, 124, 52, 0, 0, 36, 0
625060, 240, 448, 120, 56, 0, 0, 36, 0
625060, 240, 448, 120, 56, 0, 0, 36, 0
625060, 240, 448, 120, 56, 0, 0, 36, 0
625060, 240, 448, 120, 56, 0, 0, 36, 0
625056, 244, 448, 120, 56, 0, 0, 36, 0
625056, 244, 448, 120, 56, 0, 0, 36, 0
625056, 244, 444, 116, 60, 0, 0, 40, 0
625056, 244, 444, 116, 60, 0, 0, 40, 0
625056, 244, 440, 116, 60, 0, 0, 44, 0
625056, 244, 440, 112, 64, 0, 0, 44, 0
625056, 244, 440, 112, 64, 0, 0, 44, 0
625056, 244, 436, 112, 64, 0, 0, 48, 0
625056, 244, 436, 112, 64, 0, 0, 48, 0
625056, 244, 436, 112, 64, 0, 0, 48, 0
625056, 244, 436, 112, 64, 0, 0, 48, 0
625056, 240, 440, 112, 64, 0, 0, 48, 0
625056, 240, 440, 112, 64, 0, 0, 48, 0
625056, 240, 436, 112, 64, 0, 0, 52, 0
625056, 236, 440, 112, 64, 0, 0, 52, 0
625056, 236, 436, 112, 64, 0, 0, 56, 0
625056, 236, 436, 112, 64, 0, 0, 56, 0
625056, 236, 436, 112, 64, 0, 0, 56, 0
625056, 232, 440, 112, 64, 0, 0, 56, 0
625056, 232, 440, 112, 64, 0, 0, 56, 0
625056, 232, 440, 112, 64, 0, 0, 56, 0
625056, 232, 440, 112, 64, 0, 0, 56, 0
625056, 228, 440, 112, 68, 0, 0, 56, 0
625056, 228, 440, 112, 68, 0, 0, 56, 0
625056, 228, 440, 112, 68, 0, 0, 56, 0
625056, 228, 440, 112, 68, 0, 0, 56, 0
625056, 228, 440, 112, 68, 0, 0, 56, 0
625056, 228, 440, 112, 68, 0, 0, 56, 0
625056, 228, 440, 112, 68, 0, 0, 56, 0
625056, 228, 440, 112, 68, 0, 0, 56, 0
625056, 228, 440, 112, 68, 0, 0, 56, 0
625056, 228, 440, 112, 68, 0, 0, 56, 0
625056, 228, 440, 112, 68, 0, 0, 56, 0
625056, 228, 440, 108, 72, 0, 0, 56, 0
625052, 228, 440, 112, 72, 0, 0, 56, 0
625052, 228, 436, 112, 72, 0, 0, 60, 0
625052, 228, 436, 112, 72, 0, 0, 60, 0
625052, 228, 436, 108, 76, 0, 0, 60, 0
625052, 228, 436, 108, 76, 0, 0, 60, 0
625052, 228, 436, 108, 76, 0, 0, 60, 0
625052, 228, 436, 108, 76, 0, 0, 60, 0
625052, 224, 440, 108, 76, 0, 0, 60, 0
625052, 224, 440, 108, 76, 0, 0, 60, 0
625052, 224, 440, 108, 76, 0, 0, 60, 0
625052, 224, 440, 108, 72, 0, 0, 64, 0
625052, 224, 440, 108, 72, 0, 0, 64, 0
625052, 224, 440, 108, 72, 0, 0, 64, 0
625052, 220, 444, 108, 72, 0, 0, 64, 0
625052, 220, 444, 108, 72, 0, 0, 64, 0
625052, 220, 444, 108, 72, 0, 0, 64, 0
625052, 220, 444, 108, 72, 0, 0, 64, 0
625052, 220, 444, 108, 72, 0, 0, 64, 0
625052, 216, 444, 112, 72, 0, 0, 64, 0
625052, 216, 444, 112, 72, 0, 0, 64, 0
625048, 220, 444, 112, 72, 0, 0, 64, 0
625048, 220, 444, 112, 72, 0, 0, 64, 0
625048, 220, 444, 112, 72, 0, 0, 64, 0
625048, 220, 444, 112, 72, 0, 0, 64, 0
625048, 220, 444, 112, 68, 0, 0, 68, 0
625048, 220, 440, 112, 68, 0, 0, 72, 0
625048, 220, 440, 112, 68, 0, 0, 72, 0
625048, 220, 440, 112, 68, 0, 0, 72, 0
625048, 220, 436, 112, 68, 0, 0, 76, 0
625048, 220, 436, 112, 68, 0, 0, 76, 0
625048, 220, 432, 112, 68, 0, 0, 80, 0
625048, 220, 432, 112, 68, 0, 0, 80, 0
625048, 220, 432, 112, 68, 0, 0, 80, 0
625048, 216, 436, 112, 68, 0, 0, 80, 0
625048, 216, 436, 112, 68, 0, 0, 80, 0
625048, 216, 436, 112, 68, 0, 0, 80, 0
625044, 220, 436, 112, 68, 0, 0, 80, 0
625044, 220, 432, 108, 72, 0, 0, 84, 0
625040, 224, 432, 108, 72, 0, 0, 84, 0
625040, 224, 432, 108, 72, 0, 0, 84, 0
625040, 220, 432, 112, 72, 0, 0, 84, 0
625032, 228, 432, 112, 72, 0, 0, 84, 0
625028, 232, 432, 112, 72, 0, 0, 84, 0
625028, 232, 432, 112, 72, 0, 0, 84, 0
625028, 232, 432, 112, 72, 0, 0, 84, 0
625028, 232, 432, 112, 72, 0, 0, 84, 0
625020, 240, 432, 112, 72, 0, 0, 84, 0
625012, 248, 428, 112, 72, 0, 0, 88, 0
625012, 244, 428, 108, 76, 0, 0, 92, 0
625008, 244, 432, 108, 76, 0, 0, 92, 0
625008, 244, 432, 108, 76, 0, 0, 92, 0
625004, 248, 432, 108, 76, 0, 0, 92, 0
625004, 248, 432, 108, 76, 0, 0, 92, 0
624996, 256, 432, 108, 76, 0, 0, 92, 0
624996, 256, 432, 108, 76, 0, 0, 92, 0
624996, 256, 432, 108, 76, 0, 0, 92, 0
624992, 260, 432, 108, 76, 0, 0, 92, 0
624988, 264, 432, 108, 76, 0, 0, 92, 0
624988, 264, 432, 108, 76, 0, 0, 92, 0
624988, 264, 428, 108, 76, 0, 0, 96, 0
624984, 264, 432, 108, 76, 0, 0, 96, 0
624980, 264, 436, 108, 76, 0, 0, 96, 0
624980, 264, 436, 108, 76, 0, 0, 96, 0
624980, 260, 440, 108, 76, 0, 0, 96, 0
624980, 260, 436, 108, 76, 0, 0, 100, 0
624976, 264, 436, 108, 76, 0, 0, 100, 0
624976, 260, 440, 108, 76, 0, 0, 100, 0
624976, 256, 444, 108, 76, 0, 0, 100, 0
624976, 256, 444, 104, 80, 0, 0, 100, 0
624972, 260, 444, 104, 80, 0, 0, 100, 0
624972, 260, 444, 104, 80, 0, 0, 100, 0
624972, 260, 444, 104, 80, 0, 0, 100, 0
624972, 260, 444, 104, 80, 0, 0, 100, 0
624972, 256, 448, 104, 80, 0, 0, 100, 0
624972, 256, 448, 104, 80, 0, 0, 100, 0
624964, 264, 448, 104, 80, 0, 0, 100, 0
624960, 264, 448, 104, 80, 0, 0, 104, 0
624956, 268, 448, 104, 80, 0, 0, 104, 0
624952, 272, 448, 104, 80, 0, 0, 104, 0
624952, 272, 448, 104, 80, 0, 0, 104, 0
624952, 272, 448, 104, 80, 0, 0, 104, 0
624952, 272, 444, 104, 80, 0, 0, 108, 0
624952, 268, 444, 108, 80, 0, 0, 108, 0
624952, 268, 444, 108, 80, 0, 0, 108, 0
624952, 268, 444, 108, 80, 0, 0, 108, 0
624948, 272, 444, 108, 80, 0, 0, 108, 0
624948, 272, 444, 108, 80, 0, 0, 108, 0
624944, 276, 440, 104, 84, 0, 0, 112, 0
624936, 284, 436, 104, 84, 0, 0, 116, 0
624932, 288, 436, 104, 84, 0, 0, 116, 0
624932, 288, 436, 104, 84, 0, 0, 116, 0
624928, 292, 436, 104, 84, 0, 0, 116, 0
624928, 292, 436, 104, 84, 0, 0, 116, 0
624924, 296, 436, 104, 84, 0, 0, 116, 0
624924, 296, 436, 104, 84, 0, 0, 116, 0
624924, 296, 436, 104, 84, 0, 0, 116, 0
624920, 296, 440, 104, 84, 0, 0, 116, 0
624920, 296, 440, 104, 84, 0, 0, 116, 0
624920, 296, 440, 104, 84, 0, 0, 116, 0
624920, 296, 440, 104, 84, 0, 0, 116, 0
624916, 300, 440, 104, 84, 0, 0, 116, 0
624916, 300, 440, 104, 84, 0, 0, 116, 0
624916, 300, 440, 104, 84, 0, 0, 116, 0
624916, 300, 440, 104, 84, 0, 0, 116, 0
624916, 300, 440, 104, 84, 0, 0, 116, 0
624916, 300, 432, 100, 88, 0, 0, 124, 0
624916, 300, 432, 100, 88, 0, 0, 124, 0
624916, 300, 432, 100, 88, 0, 0, 124, 0
624916, 300, 432, 100, 88, 0, 0, 124, 0
624916, 300, 428, 100, 88, 0, 0, 128, 0
624916, 300, 428, 100, 88, 0, 0, 128, 0
624916, 300, 428, 100, 88, 0, 0, 128, 0
624916, 300, 428, 100, 88, 0, 0, 128, 0
624916, 300, 428, 100, 88, 0, 0, 128, 0
624916, 300, 428, 100, 88, 0, 0, 128, 0
624916, 300, 428, 100, 88, 0, 0, 128, 0
624916, 300, 428, 100, 88, 0, 0, 128, 0
624916, 300, 428, 100, 88, 0, 0, 128, 0
624916, 300, 428, 92, 96, 0, 0, 128, 0
624916, 300, 428, 92, 96, 0, 0, 128, 0
624916, 300, 428, 92, 96, 0, 0, 128, 0
624916, 300, 428, 92, 96, 0, 0, 128, 0
624916, 300, 428, 92, 96, 0, 0, 128, 0
624908, 308, 428, 92, 96, 0, 0, 128, 0
624908, 308, 428, 92, 96, 0, 0, 128, 0
624908, 308, 428, 92, 96, 0, 0, 128, 0
624908, 308, 428, 92, 96, 0, 0, 128, 0
624908, 308, 428, 92, 96, 0, 0, 128, 0
624908, 308, 424, 92, 96, 0, 0, 132, 0
624908, 308, 424, 92, 96, 0, 0, 132, 0
624904, 312, 424, 92, 96, 0, 0, 132, 0
624904, 312, 424, 92, 96, 0, 0, 132, 0
624904, 312, 424, 92, 96, 0, 0, 132, 0
624904, 308, 428, 92, 96, 0, 0, 132, 0
624904, 308, 428, 92, 96, 0, 0, 132, 0
624904, 308, 428, 92, 96, 0, 0, 132, 0
624904, 308, 428, 92, 96, 0, 0, 132, 0
624900, 312, 428, 92, 96, 0, 0, 132, 0
624900, 312, 428, 92, 96, 0, 0, 132, 0
624900, 312, 428, 92, 96, 0, 0, 132, 0
624900, 312, 428, 92, 96, 0, 0, 132, 0
624900, 312, 428, 92, 96, 0, 0, 132, 0
624900, 312, 428, 92, 96, 0, 0, 132, 0
624900, 308, 432, 92, 96, 0, 0, 132, 0
624900, 304, 436, 92, 96, 0, 0, 132, 0
624900, 304, 436, 92, 96, 0, 0, 132, 0
624900, 304, 436, 92, 96, 0, 0, 132, 0
624900, 304, 436, 92, 96, 0, 0, 132, 0
624900, 304, 436, 92, 96, 0, 0, 132, 0
624900, 300, 436, 92, 96, 0, 0, 136, 0
624900, 300, 436, 92, 96, 0, 0, 136, 0
624900, 300, 436, 92, 96, 0, 0, 136, 0
624900, 300, 436, 92, 96, 0, 0, 136, 0
624900, 300, 436, 92, 96, 0, 0, 136, 0
624900, 300, 436, 92, 96, 0, 0, 136, 0
624900, 300, 436, 92, 96, 0, 0, 136, 0
624900, 300, 436, 92, 96, 0, 0, 136, 0
624900, 296, 440, 92, 96, 0, 0, 136, 0
624900, 296, 440, 92, 96, 0, 0, 136, 0
624900, 292, 444, 92, 96, 0, 0, 136, 0
624900, 292, 444, 92, 96, 0, 0, 136, 0
624900, 292, 444, 92, 96, 0, 0, 136, 0
624900, 292, 444, 92, 96, 0, 0, 136, 0
624900, 292, 444, 92, 96, 0, 0, 136, 0
624900, 292, 444, 92, 96, 0, 0, 136, 0
624900, 292, 444, 92, 96, 0, 0, 136, 0
624900, 288, 444, 96, 96, 0, 0, 136, 0
624900, 288, 444, 96, 96, 0, 0, 136, 0
624900, 284, 448, 96, 96, 0, 0, 136, 0
624900, 284, 448, 96, 96, 0, 0, 136, 0
624900, 284, 448, 96, 96, 0, 0, 136, 0
624900, 284, 448, 96, 96, 0, 0, 136, 0
624900, 284, 448, 96, 96, 0, 0, 136, 0
624900, 284, 448, 96, 96, 0, 0, 136, 0
624900, 284, 448, 96, 96, 0, 0, 136, 0
624900, 284, 448, 96, 96, 0, 0, 136, 0
624900, 284, 448, 96, 92, 0, 0, 140, 0
624900, 284, 448, 96, 92, 0, 0, 140, 0
624900, 284, 448, 96, 92, 0, 0, 140, 0
624900, 284, 448, 96, 92, 0, 0, 140, 0
624896, 288, 448, 96, 92, 0, 0, 140, 0
624896, 288, 448, 96, 92, 0, 0, 140, 0
624896, 288, 448, 96, 92, 0, 0, 140, 0
624896, 288, 448, 96, 92, 0, 0, 140, 0
624896, 284, 444, 96, 96, 0, 0, 144, 0
624896, 284, 444, 96, 96, 0, 0, 144, 0
624888, 292, 444, 96, 96, 0, 0, 144, 0
624876, 304, 444, 96, 96, 0, 0, 144, 0
624868, 312, 444, 96, 96, 0, 0, 144, 0
624868, 312, 444, 96, 96, 0, 0, 144, 0
624860, 316, 448, 96, 96, 0, 0, 144, 0
624852, 324, 448, 96, 96, 0, 0, 144, 0
624852, 324, 448, 96, 96, 0, 0, 144, 0
624848, 328, 444, 96, 96, 0, 0, 148, 0
624828, 348, 444, 96, 96, 0, 0, 148, 0
624820, 356, 444, 96, 96, 0, 0, 148, 0
624812, 364, 444, 96, 96, 0, 0, 148, 0
624808, 368, 444, 96, 96, 0, 0, 148, 0
624804, 372, 444, 96, 96, 0, 0, 148, 0
624796, 380, 444, 96, 96, 0, 0, 148, 0
624792, 384, 444, 96, 96, 0, 0, 148, 0
624784, 392, 444, 96, 96, 0, 0, 148, 0
624784, 392, 444, 96, 96, 0, 0, 148, 0
624784, 392, 444, 96, 96, 0, 0, 148, 0
624776, 396, 444, 96, 100, 0, 0, 148, 0
624768, 404, 444, 96, 100, 0, 0, 148, 0
624764, 408, 444, 96, 100, 0, 0, 148, 0
624764, 408, 444, 96, 100, 0, 0, 148, 0
624760, 412, 444, 88, 108, 0, 0, 148, 0
624756, 416, 444, 88, 108, 0, 0, 148, 0
624756, 416, 444, 88, 108, 0, 0, 148, 0
624748, 424, 440, 84, 112, 0, 0, 152, 0
624748, 424, 440, 84, 112, 0, 0, 152, 0
624744, 428, 440, 84, 112, 0, 0, 152, 0
624728, 444, 440, 84, 112, 0, 0, 152, 0
624728, 444, 440, 84, 112, 0, 0, 152, 0
624720, 452, 440, 84, 112, 0, 0, 152, 0
624720, 448, 444, 84, 112, 0, 0, 152, 0
624716, 452, 444, 84, 112, 0, 0, 152, 0
624708, 460, 444, 84, 112, 0, 0, 152, 0
624704, 464, 444, 84, 112, 0, 0, 152, 0
624704, 464, 440, 84, 112, 0, 0, 156, 0
624696, 472, 440, 84, 112, 0, 0, 156, 0
624688, 480, 440, 84, 112, 0, 0, 156, 0
624684, 484, 440, 84, 112, 0, 0, 156, 0
624680, 488, 440, 84, 112, 0, 0, 156, 0
624676, 492, 436, 84, 112, 0, 0, 160, 0
624676, 488, 436, 84, 112, 0, 0, 164, 0
624664, 496, 440, 84, 112, 0, 0, 164, 0
624660, 500, 440, 84, 112, 0, 0, 164, 0
624656, 504, 440, 84, 112, 0, 0, 164, 0
624644, 516, 440, 84, 108, 0, 0, 168, 0
624636, 524, 440, 84, 108, 0, 0, 168, 0
624620, 540, 440, 80, 112, 0, 0, 168, 0
624620, 540, 440, 80, 112, 0, 0, 168, 0
624616, 544, 436, 80, 112, 0, 0, 172, 0
624612, 548, 436, 80, 112, 0, 0, 172, 0
624604, 556, 436, 80, 112, 0, 0, 172, 0
624600, 560, 436, 80, 112, 0, 0, 172, 0
624588, 572, 432, 80, 112, 0, 0, 176, 0
624588, 572, 432, 80, 112, 0, 0, 176, 0
624588, 564, 440, 80, 112, 0, 0, 176, 0
624588, 560, 444, 80, 112, 0, 0, 176, 0
624588, 560, 444, 80, 112, 0, 0, 176, 0
624584, 560, 448, 80, 112, 0, 0, 176, 0
624584, 560, 448, 80, 112, 0, 0, 176, 0
624584, 560, 448, 80, 112, 0, 0, 176, 0
624584, 560, 448, 80, 112, 0, 0, 176, 0
624584, 560, 448, 80, 112, 0, 0, 176, 0
624584, 560, 448, 76, 116, 0, 0, 176, 0
624584, 560, 448, 76, 116, 0, 0, 176, 0
624584, 560, 448, 76, 116, 0, 0, 176, 0
624584, 560, 448, 76, 116, 0, 0, 176, 0
624584, 560, 448, 76, 116, 0, 0, 176, 0
624584, 560, 448, 76, 116, 0, 0, 176, 0
624580, 564, 448, 76, 116, 0, 0, 176, 0
624580, 564, 448, 76, 116, 0, 0, 176, 0
624580, 564, 448, 76, 116, 0, 0, 176, 0
624580, 564, 448, 76, 116, 0, 0, 176, 0
624580, 564, 448, 76, 116, 0, 0, 176, 0
624580, 560, 452, 76, 116, 0, 0, 176, 0
624580, 560, 452, 76, 116, 0, 0, 176, 0
624580, 556, 456, 76, 116, 0, 0, 176, 0
624580, 556, 456, 76, 116, 0, 0, 176, 0
624580, 556, 456, 76, 116, 0, 0, 176, 0
624576, 560, 456, 76, 116, 0, 0, 176, 0
624572, 564, 456, 72, 120, 0, 0, 176, 0
624572, 560, 460, 68, 120, 0, 0, 180, 0
624572, 560, 456, 68, 120, 0, 0, 184, 0
624572, 560, 456, 68, 120, 0, 0, 184, 0
624572, 560, 456, 68, 120, 0, 0, 184, 0
624572, 560, 456, 68, 120, 0, 0, 184, 0
624572, 560, 456, 68, 120, 0, 0, 184, 0
624572, 560, 452, 68, 120, 0, 0, 188, 0
624572, 560, 452, 68, 120, 0, 0, 188, 0
624572, 560, 452, 68, 120, 0, 0, 188, 0
624572, 556, 456, 68, 120, 0, 0, 188, 0
624572, 556, 456, 68, 120, 0, 0, 188, 0
624572, 556, 456, 68, 120, 0, 0, 188, 0
624568, 560, 456, 68, 120, 0, 0, 188, 0
624564, 564, 456, 68, 120, 0, 0, 188, 0
624564, 564, 456, 68, 120, 0, 0, 188, 0
624564, 564, 456, 68, 120, 0, 0, 188, 0
624564, 564, 456, 68, 120, 0, 0, 188, 0
624564, 564, 456, 68, 120, 0, 0, 188, 0
624560, 568, 456, 68, 120, 0, 0, 188, 0
624560, 568, 456, 68, 120, 0, 0, 188, 0
624560, 568, 456, 68, 120, 0, 0, 188, 0
624560, 568, 456, 68, 120, 0, 0, 188, 0
624560, 560, 460, 68, 120, 0, 0, 192, 0
624560, 560, 460, 68, 120, 0, 0, 192, 0
624560, 560, 460, 68, 120, 0, 0, 192, 0
624560, 560, 460, 68, 120, 0, 0, 192, 0
624560, 552, 464, 68, 120, 0, 0, 196, 0
624560, 548, 464, 72, 120, 0, 0, 196, 0
624560, 548, 464, 72, 120, 0, 0, 196, 0
624560, 548, 464, 72, 120, 0, 0, 196, 0
624560, 548, 464, 72, 120, 0, 0, 196, 0
624560, 548, 464, 72, 120, 0, 0, 196, 0
624560, 548, 460, 72, 120, 0, 0, 200, 0
624560, 544, 460, 76, 120, 0, 0, 200, 0
624560, 544, 460, 76, 120, 0, 0, 200, 0
624556, 548, 456, 76, 120, 0, 0, 204, 0
624556, 548, 452, 76, 120, 0, 0, 208, 0
624556, 548, 452, 76, 120, 0, 0, 208, 0
624556, 548, 452, 76, 120, 0, 0, 208, 0
624556, 548, 452, 76, 120, 0, 0, 208, 0
624556, 548, 452, 72, 124, 0, 0, 208, 0
624556, 548, 448, 72, 124, 0, 0, 212, 0
624556, 548, 448, 72, 124, 0, 0, 212, 0
624556, 548, 448, 72, 120, 0, 0, 216, 0
624556, 548, 448, 72, 120, 0, 0, 216, 0
624556, 548, 448, 72, 120, 0, 0, 216, 0
624556, 548, 448, 72, 120, 0, 0, 216, 0
624556, 544, 452, 72, 120, 0, 0, 216, 0
624556, 544, 452, 72, 120, 0, 0, 216, 0
624556, 544, 452, 72, 120, 0, 0, 216, 0
624556, 544, 452, 72, 120, 0, 0, 216, 0
624556, 544, 448, 72, 120, 0, 0, 220, 0
624556, 544, 448, 72, 120, 0, 0, 220, 0
624556, 540, 448, 72, 120, 0, 0, 224, 0
624552, 540, 452, 72, 120, 0, 0, 224, 0
624552, 540, 452, 72, 120, 0, 0, 224, 0
624552, 540, 452, 68, 124, 0, 0, 224, 0
624548, 544, 452, 68, 124, 0, 0, 224, 0
624548, 544, 452, 68, 124, 0, 0, 224, 0
624544, 548, 452, 68, 124, 0, 0, 224, 0
624540, 552, 452, 68, 124, 0, 0, 224, 0
624532, 560, 452, 68, 124, 0, 0, 224, 0
624528, 564, 452, 68, 124, 0, 0, 224, 0
624528, 564, 452, 68, 124, 0, 0, 224, 0
624528, 564, 452, 68, 124, 0, 0, 224, 0
624524, 568, 452, 68, 124, 0, 0, 224, 0
624504, 588, 452, 68, 124, 0, 0, 224, 0
624500, 592, 452, 68, 124, 0, 0, 224, 0
624492, 596, 456, 68, 124, 0, 0, 224, 0
624484, 600, 456, 72, 124, 0, 0, 224, 0
624480, 604, 456, 72, 124, 0, 0, 224, 0
624476, 608, 456, 72, 124, 0, 0, 224, 0
624456, 628, 456, 72, 124, 0, 0, 224, 0
624440, 644, 456, 72, 124, 0, 0, 224, 0
624436, 648, 456, 72, 124, 0, 0, 224, 0
624428, 656, 456, 72, 124, 0, 0, 224, 0
624396, 688, 456, 72, 124, 0, 0, 224, 0
624388, 696, 456, 72, 124, 0, 0, 224, 0
624384, 700, 456, 72, 124, 0, 0, 224, 0
624372, 712, 456, 72, 124, 0, 0, 224, 0
624372, 712, 456, 68, 128, 0, 0, 224, 0
624364, 720, 456, 68, 128, 0, 0, 224, 0
624352, 732, 456, 68, 128, 0, 0, 224, 0
624340, 744, 456, 68, 128, 0, 0, 224, 0
624336, 748, 456, 68, 128, 0, 0, 224, 0
624328, 756, 456, 68, 128, 0, 0, 224, 0
624328, 756, 456, 64, 132, 0, 0, 224, 0
624320, 764, 456, 64, 132, 0, 0, 224, 0
624320, 760, 456, 64, 132, 0, 0, 228, 0
624320, 760, 456, 64, 132, 0, 0, 228, 0
624312, 768, 456, 64, 132, 0, 0, 228, 0
624312, 764, 460, 64, 132, 0, 0, 228, 0
624308, 768, 460, 64, 128, 0, 0, 232, 0
624304, 772, 460, 64, 128, 0, 0, 232, 0
624300, 776, 460, 60, 132, 0, 0, 232, 0
624296, 776, 464, 60, 132, 0, 0, 232, 0
624284, 788, 464, 60, 132, 0, 0, 232, 0
624280, 792, 464, 60, 132, 0, 0, 232, 0
624272, 800, 464, 60, 132, 0, 0, 232, 0
624264, 808, 460, 60, 132, 0, 0, 236, 0
624256, 816, 460, 60, 132, 0, 0, 236, 0
624248, 824, 460, 60, 132, 0, 0, 236, 0
624224, 844, 460, 64, 132, 0, 0, 236, 0
624212, 856, 460, 64, 132, 0, 0, 236, 0
624204, 864, 460, 64, 132, 0, 0, 236, 0
624196, 872, 460, 64, 132, 0, 0, 236, 0
624196, 868, 460, 64, 132, 0, 0, 240, 0
624184, 880, 460, 64, 132, 0, 0, 240, 0
624184, 876, 460, 68, 128, 0, 0, 244, 0
624172, 888, 460, 68, 128, 0, 0, 244, 0
624172, 884, 464, 68, 128, 0, 0, 244, 0
624168, 884, 468, 68, 128, 0, 0, 244, 0
624160, 892, 468, 68, 128, 0, 0, 244, 0
624152, 900, 464, 68, 128, 0, 0, 248, 0
624152, 900, 464, 68, 128, 0, 0, 248, 0
624148, 904, 464, 68, 124, 0, 0, 252, 0
624144, 908, 464, 68, 124, 0, 0, 252, 0
624140, 912, 464, 68, 124, 0, 0, 252, 0
624140, 912, 460, 68, 124, 0, 0, 256, 0
624140, 912, 460, 68, 124, 0, 0, 256, 0
624140, 912, 460, 68, 124, 0, 0, 256, 0
624140, 912, 460, 68, 124, 0, 0, 256, 0
624140, 908, 464, 68, 124, 0, 0, 256, 0
624140, 908, 464, 68, 124, 0, 0, 256, 0
624140, 908, 464, 68, 124, 0, 0, 256, 0
624140, 904, 468, 68, 124, 0, 0, 256, 0
624140, 904, 468, 68, 124, 0, 0, 256, 0
624140, 904, 468, 68, 124, 0, 0, 256, 0
624140, 904, 468, 68, 124, 0, 0, 256, 0
624140, 904, 464, 68, 124, 0, 0, 260, 0
624140, 900, 464, 72, 124, 0, 0, 260, 0
624136, 896, 468, 76, 124, 0, 0, 260, 0
624132, 900, 468, 76, 124, 0, 0, 260, 0
624132, 896, 468, 80, 124, 0, 0, 260, 0
624132, 896, 468, 80, 124, 0, 0, 260, 0
624128, 900, 468, 80, 124, 0, 0, 260, 0
624128, 900, 468, 80, 124, 0, 0, 260, 0
624128, 900, 468, 80, 124, 0, 0, 260, 0
624128, 900, 468, 80, 124, 0, 0, 260, 0
624128, 892, 472, 80, 124, 0, 0, 264, 0
624128, 892, 472, 80, 120, 0, 0, 268, 0
624128, 892, 472, 80, 120, 0, 0, 268, 0
624128, 892, 472, 80, 120, 0, 0, 268, 0
624128, 892, 472, 80, 120, 0, 0, 268, 0
624128, 892, 472, 80, 120, 0, 0, 268, 0
624128, 892, 472, 80, 120, 0, 0, 268, 0
624128, 892, 472, 80, 120, 0, 0, 268, 0
624128, 892, 472, 80, 120, 0, 0, 268, 0
624128, 892, 472, 80, 120, 0, 0, 268, 0
624128, 888, 476, 80, 120, 0, 0, 268, 0
624128, 884, 480, 80, 120, 0, 0, 268, 0
624128, 880, 484, 80, 120, 0, 0, 268, 0
624128, 880, 484, 80, 120, 0, 0, 268, 0
624128, 880, 484, 80, 120, 0, 0, 268, 0
624128, 880, 484, 80, 120, 0, 0, 268, 0
624128, 880, 484, 80, 120, 0, 0, 268, 0
624128, 880, 484, 80, 120, 0, 0, 268, 0
624128, 880, 480, 80, 120, 0, 0, 272, 0
624124, 884, 480, 80, 120, 0, 0, 272, 0
624120, 888, 480, 80, 120, 0, 0, 272, 0
624120, 884, 480, 84, 120, 0, 0, 272, 0
624120, 884, 480, 84, 120, 0, 0, 272, 0
624120, 884, 480, 84, 120, 0, 0, 272, 0
624120, 880, 480, 84, 120, 0, 0, 276, 0
624120, 880, 480, 84, 120, 0, 0, 276, 0
624120, 880, 480, 84, 120, 0, 0, 276, 0
624120, 876, 476, 84, 120, 0, 0, 284, 0
624120, 872, 476, 88, 120, 0, 0, 284, 0
624120, 872, 476, 88, 120, 0, 0, 284, 0
624120, 872, 476, 88, 120, 0, 0, 284, 0
624120, 872, 472, 84, 124, 0, 0, 288, 0
624120, 872, 472, 84, 124, 0, 0, 288, 0
624120, 864, 472, 92, 124, 0, 0, 288, 0
624120, 864, 472, 92, 124, 0, 0, 288, 0
624120, 864, 472, 92, 124, 0, 0, 288, 0
624116, 868, 472, 92, 124, 0, 0, 288, 0
624116, 868, 472, 92, 124, 0, 0, 288, 0
624116, 868, 472, 92, 124, 0, 0, 288, 0
624116, 868, 472, 92, 124, 0, 0, 288, 0
624116, 868, 468, 92, 124, 0, 0, 292, 0
624116, 868, 468, 92, 124, 0, 0, 292, 0
624116, 868, 468, 92, 124, 0, 0, 292, 0
624116, 868, 468, 92, 124, 0, 0, 292, 0
624116, 864, 472, 88, 128, 0, 0, 292, 0
624116, 864, 472, 88, 128, 0, 0, 292, 0
624116, 860, 476, 88, 128, 0, 0, 292, 0
624116, 860, 476, 84, 132, 0, 0, 292, 0
624116, 860, 476, 84, 132, 0, 0, 292, 0
624112, 860, 476, 84, 132, 0, 0, 296, 0
624112, 860, 476, 84, 132, 0, 0, 296, 0
624112, 856, 476, 88, 132, 0, 0, 296, 0
624108, 860, 476, 88, 132, 0, 0, 296, 0
624108, 860, 476, 88, 132, 0, 0, 296, 0
624108, 860, 476, 88, 132, 0, 0, 296, 0
624104, 864, 476, 88, 132, 0, 0, 296, 0
624104, 864, 476, 88, 132, 0, 0, 296, 0
624104, 864, 472, 88, 132, 0, 0, 300, 0
624104, 864, 472, 88, 132, 0, 0, 300, 0
624104, 864, 472, 88, 132, 0, 0, 300, 0
624104, 864, 472, 88, 132, 0, 0, 300, 0
624104, 864, 472, 88, 132, 0, 0, 300, 0
624104, 864, 472, 88, 132, 0, 0, 300, 0
624104, 860, 476, 88, 132, 0, 0, 300, 0
624104, 860, 476, 88, 132, 0, 0, 300, 0
624100, 864, 476, 88, 132, 0, 0, 300, 0
624100, 864, 476, 88, 132, 0, 0, 300, 0
624100, 864, 476, 88, 132, 0, 0, 300, 0
624100, 860, 480, 88, 132, 0, 0, 300, 0
624100, 860, 480, 88, 132, 0, 0, 300, 0
624100, 860, 480, 88, 132, 0, 0, 300, 0
624100, 860, 480, 88, 132, 0, 0, 300, 0
624100, 856, 480, 92, 132, 0, 0, 300, 0
624100, 852, 480, 96, 132, 0, 0, 300, 0
624096, 856, 480, 96, 132, 0, 0, 300, 0
624096, 856, 480, 96, 132, 0, 0, 300, 0
624096, 856, 480, 96, 132, 0, 0, 300, 0
624096, 856, 480, 96, 128, 0, 0, 304, 0
624096, 856, 480, 96, 128, 0, 0, 304, 0
624096, 856, 480, 96, 128, 0, 0, 304, 0
624096, 852, 480, 100, 128, 0, 0, 304, 0
624096, 852, 480, 100, 128, 0, 0, 304, 0
624096, 852, 480, 100, 128, 0, 0, 304, 0
624092, 856, 480, 100, 128, 0, 0, 304, 0
624092, 856, 480, 100, 128, 0, 0, 304, 0
624092, 856, 480, 100, 128, 0, 0, 304, 0
624092, 856, 480, 100, 128, 0, 0, 304, 0
624092, 856, 476, 100, 128, 0, 0, 308, 0
624088, 860, 476, 100, 128, 0, 0, 308, 0
624088, 860, 476, 100, 128, 0, 0, 308, 0
624088, 856, 476, 100, 128, 0, 0, 312, 0
624084, 860, 476, 100, 128, 0, 0, 312, 0
624084, 856, 476, 104, 128, 0, 0, 312, 0
624080, 852, 484, 104, 128, 0, 0, 312, 0
624080, 852, 484, 104, 128, 0, 0, 312, 0
624080, 852, 484, 104, 128, 0, 0, 312, 0
624080, 852, 484, 104, 128, 0, 0, 312, 0
624080, 852, 484, 104, 128, 0, 0, 312, 0
624080, 844, 488, 108, 128, 0, 0, 312, 0
624080, 844, 488, 108, 128, 0, 0, 312, 0
624072, 848, 492, 108, 128, 0, 0, 312, 0
624072, 848, 492, 108, 128, 0, 0, 312, 0
624072, 848, 488, 108, 128, 0, 0, 316, 0
624072, 844, 492, 108, 128, 0, 0, 316, 0
624072, 844, 492, 108, 128, 0, 0, 316, 0
624072, 844, 492, 108, 128, 0, 0, 316, 0
624072, 844, 492, 108, 128, 0, 0, 316, 0
624072, 844, 492, 108, 128, 0, 0, 316, 0
624072, 844, 492, 108, 128, 0, 0, 316, 0
624068, 848, 492, 108, 128, 0, 0, 316, 0
624068, 848, 492, 108, 128, 0, 0, 316, 0
624068, 840, 500, 108, 128, 0, 0, 316, 0
624068, 840, 500, 108, 128, 0, 0, 316, 0
624068, 840, 500, 108, 128, 0, 0, 316, 0
624068, 840, 500, 108, 128, 0, 0, 316, 0
624068, 836, 504, 108, 128, 0, 0, 316, 0
624068, 832, 504, 112, 128, 0, 0, 316, 0
624064, 836, 504, 108, 132, 0, 0, 316, 0
624064, 836, 500, 108, 132, 0, 0, 320, 0
624064, 836, 500, 104, 136, 0, 0, 320, 0
624064, 832, 504, 104, 136, 0, 0, 320, 0
624060, 836, 504, 100, 140, 0, 0, 320, 0
624052, 844, 504, 100, 140, 0, 0, 320, 0
624052, 844, 504, 100, 140, 0, 0, 320, 0
624052, 844, 504, 100, 140, 0, 0, 320, 0
624052, 844, 504, 100, 140, 0, 0, 320, 0
624048, 848, 504, 100, 136, 0, 0, 324, 0
624048, 848, 504, 100, 136, 0, 0, 324, 0
624048, 848, 500, 100, 136, 0, 0, 328, 0
624048, 848, 500, 100, 136, 0, 0, 328, 0
624048, 844, 504, 100, 136, 0, 0, 328, 0
624048, 844, 500, 100, 136, 0, 0, 332, 0
624048, 844, 496, 100, 136, 0, 0, 336, 0
624048, 844, 496, 100, 136, 0, 0, 336, 0
624048, 840, 496, 104, 136, 0, 0, 336, 0
624040, 840, 500, 108, 136, 0, 0, 336, 0
624040, 840, 500, 108, 136, 0, 0, 336, 0
624040, 836, 504, 108, 136, 0, 0, 336, 0
624040, 836, 504, 108, 136, 0, 0, 336, 0
624040, 836, 504, 108, 136, 0, 0, 336, 0
624040, 832, 508, 108, 136, 0, 0, 336, 0
624040, 832, 508, 108, 136, 0, 0, 336, 0
624040, 824, 516, 108, 136, 0, 0, 336, 0
624040, 812, 528, 108, 136, 0, 0, 336, 0
624040, 812, 528, 108, 136, 0, 0, 336, 0
624040, 808, 532, 108, 136, 0, 0, 336, 0
624032, 812, 536, 108, 136, 0, 0, 336, 0
624032, 812, 536, 108, 136, 0, 0, 336, 0
624028, 816, 536, 108, 136, 0, 0, 336, 0
624028, 816, 536, 108, 136, 0, 0, 336, 0
624028, 816, 536, 108, 136, 0, 0, 336, 0
624024, 816, 540, 108, 136, 0, 0, 336, 0
624024, 812, 544, 108, 136, 0, 0, 336, 0
624024, 804, 552, 108, 136, 0, 0, 336, 0
624024, 804, 552, 108, 136, 0, 0, 336, 0
624024, 796, 552, 116, 136, 0, 0, 336, 0
624024, 792, 556, 116, 136, 0, 0, 336, 0
624024, 788, 556, 116, 136, 0, 0, 340, 0
624024, 788, 556, 116, 132, 0, 0, 344, 0
624024, 788, 556, 116, 132, 0, 0, 344, 0
624024, 788, 556, 116, 132, 0, 0, 344, 0
624024, 788, 556, 116, 132, 0, 0, 344, 0
624024, 784, 556, 120, 132, 0, 0, 344, 0
624024, 784, 556, 120, 132, 0, 0, 344, 0
624024, 784, 556, 120, 132, 0, 0, 344, 0
624024, 784, 556, 116, 136, 0, 0, 344, 0
624024, 784, 552, 116, 136, 0, 0, 348, 0
624024, 784, 552, 116, 136, 0, 0, 348, 0
624024, 784, 544, 116, 136, 0, 0, 356, 0
624024, 784, 540, 116, 136, 0, 0, 360, 0
624024, 780, 544, 116, 136, 0, 0, 360, 0
624024, 780, 544, 116, 136, 0, 0, 360, 0
624024, 776, 548, 116, 136, 0, 0, 360, 0
624024, 772, 552, 116, 136, 0, 0, 360, 0
624024, 768, 556, 116, 136, 0, 0, 360, 0
624024, 764, 560, 116, 136, 0, 0, 360, 0
624024, 764, 560, 116, 136, 0, 0, 360, 0
624024, 764, 560, 116, 136, 0, 0, 360, 0
624024, 756, 568, 116, 136, 0, 0, 360, 0
624024, 752, 572, 116, 136, 0, 0, 360, 0
624024, 744, 576, 120, 136, 0, 0, 360, 0
624024, 744, 576, 120, 136, 0, 0, 360, 0
624024, 744, 576, 120, 136, 0, 0, 360, 0
624020, 744, 580, 120, 136, 0, 0, 360, 0
624020, 736, 588, 120, 136, 0, 0, 360, 0
624020, 736, 584, 120, 136, 0, 0, 364, 0
624020, 732, 588, 120, 136, 0, 0, 364, 0
624020, 728, 592, 120, 136, 0, 0, 364, 0
624020, 728, 592, 120, 132, 0, 0, 368, 0
624020, 716, 604, 120, 132, 0, 0, 368, 0
624020, 716, 604, 120, 132, 0, 0, 368, 0
624020, 716, 604, 120, 132, 0, 0, 368, 0
624020, 716, 604, 120, 132, 0, 0, 368, 0
624020, 716, 604, 120, 132, 0, 0, 368, 0
624020, 704, 608, 128, 132, 0, 0, 368, 0
624020, 700, 612, 128, 132, 0, 0, 368, 0
624020, 692, 620, 124, 136, 0, 0, 368, 0
624020, 692, 620, 120, 140, 0, 0, 368, 0
624020, 692, 620, 120, 140, 0, 0, 368, 0
624020, 692, 620, 120, 140, 0, 0, 368, 0
624020, 692, 620, 120, 140, 0, 0, 368, 0
624020, 688, 624, 120, 140, 0, 0, 368, 0
624020, 680, 624, 128, 140, 0, 0, 368, 0
624020, 676, 628, 128, 140, 0, 0, 368, 0
624020, 676, 628, 128, 136, 0, 0, 372, 0
624020, 676, 628, 128, 136, 0, 0, 372, 0
624016, 676, 632, 128, 136, 0, 0, 372, 0
624016, 672, 632, 128, 136, 0, 0, 376, 0
624012, 672, 636, 128, 136, 0, 0, 376, 0
624008, 676, 636, 124, 140, 0, 0, 376, 0
624008, 676, 636, 120, 144, 0, 0, 376, 0
624008, 676, 636, 120, 144, 0, 0, 376, 0
624008, 676, 636, 120, 144, 0, 0, 376, 0
624008, 672, 632, 124, 144, 0, 0, 380, 0
624004, 668, 636, 128, 144, 0, 0, 380, 0
624004, 668, 636, 128, 144, 0, 0, 380, 0
624004, 668, 636, 128, 144, 0, 0, 380, 0
624004, 668, 636, 128, 144, 0, 0, 380, 0
624004, 668, 632, 128, 144, 0, 0, 384, 0
624004, 664, 632, 124, 148, 0, 0, 388, 0
624000, 668, 632, 124, 148, 0, 0, 388, 0
624000, 668, 632, 124, 148, 0, 0, 388, 0
624000, 668, 632, 124, 148, 0, 0, 388, 0
624000, 668, 632, 124, 148, 0, 0, 388, 0
624000, 664, 636, 124, 148, 0, 0, 388, 0
624000, 664, 636, 124, 148, 0, 0, 388, 0
624000, 664, 636, 124, 148, 0, 0, 388, 0
624000, 660, 636, 128, 148, 0, 0, 388, 0
624000, 660, 636, 128, 148, 0, 0, 388, 0
624000, 656, 640, 128, 148, 0, 0, 388, 0
624000, 656, 640, 128, 148, 0, 0, 388, 0
624000, 656, 640, 128, 148, 0, 0, 388, 0
624000, 656, 640, 128, 148, 0, 0, 388, 0
623996, 660, 640, 128, 148, 0, 0, 388, 0
623996, 660, 640, 128, 148, 0, 0, 388, 0
623996, 656, 644, 128, 148, 0, 0, 388, 0
623996, 656, 644, 124, 152, 0, 0, 388, 0
623992, 660, 644, 124, 152, 0, 0, 388, 0
623992, 660, 644, 124, 152, 0, 0, 388, 0
623992, 660, 644, 124, 152, 0, 0, 388, 0
623992, 656, 648, 124, 152, 0, 0, 388, 0
623992, 656, 648, 124, 152, 0, 0, 388, 0
623992, 656, 644, 124, 152, 0, 0, 392, 0
623992, 656, 644, 124, 152, 0, 0, 392, 0
623992, 656, 644, 124, 152, 0, 0, 392, 0
623992, 652, 644, 124, 152, 0, 0, 396, 0
623992, 648, 648, 124, 152, 0, 0, 396, 0
623992, 648, 648, 124, 152, 0, 0, 396, 0
623992, 648, 648, 124, 152, 0, 0, 396, 0
623992, 648, 648, 124, 152, 0, 0, 396, 0
623992, 648, 648, 124, 152, 0, 0, 396, 0
623988, 648, 652, 120, 156, 0, 0, 396, 0
623988, 644, 656, 120, 156, 0, 0, 396, 0
623988, 640, 656, 124, 156, 0, 0, 396, 0
623988, 640, 656, 124, 156, 0, 0, 396, 0
623988, 640, 656, 124, 156, 0, 0, 396, 0
623988, 640, 656, 124, 156, 0, 0, 396, 0
623988, 636, 660, 124, 156, 0, 0, 396, 0
623984, 640, 660, 124, 156, 0, 0, 396, 0
623984, 640, 660, 124, 156, 0, 0, 396, 0
623984, 632, 668, 124, 156, 0, 0, 396, 0
623984, 632, 668, 124, 156, 0, 0, 396, 0
623984, 632, 668, 124, 156, 0, 0, 396, 0
623980, 636, 668, 124, 156, 0, 0, 396, 0
623980, 632, 672, 124, 156, 0, 0, 396, 0
623980, 624, 676, 128, 156, 0, 0, 396, 0
623976, 628, 676, 128, 156, 0, 0, 396, 0
623976, 628, 672, 128, 156, 0, 0, 400, 0
623976, 628, 672, 128, 156, 0, 0, 400, 0
623976, 624, 676, 128, 156, 0, 0, 400, 0
623976, 624, 672, 128, 156, 0, 0, 404, 0
623976, 624, 672, 128, 156, 0, 0, 404, 0
623976, 624, 672, 128, 156, 0, 0, 404, 0
623976, 624, 672, 124, 160, 0, 0, 404, 0
623976, 624, 668, 124, 160, 0, 0, 408, 0
623976, 624, 668, 124, 160, 0, 0, 408, 0
623976, 624, 668, 124, 160, 0, 0, 408, 0
623976, 624, 668, 124, 160, 0, 0, 408, 0
623976, 620, 668, 128, 160, 0, 0, 408, 0
623976, 620, 668, 128, 160, 0, 0, 408, 0
623976, 620, 668, 128, 160, 0, 0, 408, 0
623976, 620, 668, 128, 160, 0, 0, 408, 0
623976, 620, 668, 128, 160, 0, 0, 408, 0
623976, 620, 668, 128, 160, 0, 0, 408, 0
623976, 620, 664, 128, 160, 0, 0, 412, 0
623976, 616, 664, 132, 160, 0, 0, 412, 0
623972, 612, 672, 132, 160, 0, 0, 412, 0
623972, 608, 676, 132, 160, 0, 0, 412, 0
623972, 608, 676, 132, 160, 0, 0, 412, 0
623972, 604, 676, 136, 160, 0, 0, 412, 0
623972, 600, 680, 136, 160, 0, 0, 412, 0
623972, 596, 684, 136, 160, 0, 0, 412, 0
623968, 596, 684, 140, 160, 0, 0, 412, 0
623968, 596, 680, 140, 160, 0, 0, 416, 0
623968, 584, 692, 140, 160, 0, 0, 416, 0
623968, 584, 692, 140, 160, 0, 0, 416, 0
623968, 584, 692, 140, 156, 0, 0, 420, 0
623968, 584, 692, 140, 156, 0, 0, 420, 0
623968, 584, 692, 140, 156, 0, 0, 420, 0
623968, 576, 692, 144, 156, 0, 0, 424, 0
623968, 572, 696, 144, 156, 0, 0, 424, 0
623968, 572, 696, 144, 156, 0, 0, 424, 0
623960, 576, 700, 144, 156, 0, 0, 424, 0
623960, 576, 700, 144, 156, 0, 0, 424, 0
623960, 572, 700, 144, 160, 0, 0, 424, 0
623960, 572, 700, 144, 160, 0, 0, 424, 0
623960, 572, 700, 144, 160, 0, 0, 424, 0
623960, 568, 700, 148, 160, 0, 0, 424, 0
623960, 568, 700, 148, 160, 0, 0, 424, 0
623960, 568, 700, 148, 160, 0, 0, 424, 0
623960, 564, 700, 152, 156, 4, 0, 424, 0
623960, 564, 700, 152, 156, 4, 0, 424, 0
623960, 560, 704, 152, 156, 4, 0, 424, 0
623960, 560, 704, 152, 156, 4, 0, 424, 0
623960, 556, 708, 152, 156, 4, 0, 424, 0
623960, 552, 708, 156, 156, 4, 0, 424, 0
623956, 556, 704, 156, 156, 4, 0, 428, 0
623956, 556, 704, 156, 156, 4, 0, 428, 0
623956, 548, 704, 160, 156, 4, 0, 432, 0
623956, 544, 708, 160, 156, 4, 0, 432, 0
623956, 540, 712, 160, 156, 4, 0, 432, 0
623956, 540, 712, 160, 156, 4, 0, 432, 0
623956, 540, 712, 160, 156, 4, 0, 432, 0
623956, 540, 712, 160, 156, 4, 0, 432, 0
623956, 540, 712, 160, 156, 4, 0, 432, 0
623952, 540, 712, 164, 156, 4, 0, 432, 0
623952, 540, 712, 164, 156, 4, 0, 432, 0
623948, 544, 712, 164, 156, 4, 0, 432, 0
623948, 544, 712, 164, 156, 4, 0, 432, 0
623944, 544, 712, 168, 156, 4, 0, 432, 0
623944, 540, 716, 168, 156, 4, 0, 432, 0
623944, 532, 724, 168, 156, 4, 0, 432, 0
623944, 524, 732, 168, 156, 4, 0, 432, 0
623940, 524, 736, 168, 156, 4, 0, 432, 0
623940, 524, 736, 168, 156, 4, 0, 432, 0
623940, 524, 736, 164, 160, 4, 0, 432, 0
623940, 524, 736, 160, 164, 4, 0, 432, 0
623936, 524, 740, 160, 164, 4, 0, 432, 0
623936, 524, 740, 160, 164, 4, 0, 432, 0
623936, 524, 740, 160, 164, 4, 0, 432, 0
623936, 524, 740, 160, 164, 4, 0, 432, 0
623936, 524, 740, 160, 164, 4, 0, 432, 0
623936, 524, 736, 160, 164, 4, 0, 436, 0
623932, 520, 744, 160, 164, 4, 0, 436, 0
623932, 520, 744, 160, 164, 4, 0, 436, 0
623932, 512, 752, 160, 164, 4, 0, 436, 0
623932, 512, 752, 160, 164, 4, 0, 436, 0
623932, 512, 752, 160, 164, 4, 0, 436, 0
623932, 512, 752, 160, 164, 4, 0, 436, 0
623932, 512, 752, 160, 164, 4, 0, 436, 0
623932, 512, 748, 160, 164, 4, 0, 440, 0
623932, 508, 748, 160, 168, 4, 0, 440, 0
623932, 504, 752, 160, 168, 4, 0, 440, 0
623920, 516, 752, 160, 168, 4, 0, 440, 0
623904, 528, 756, 160, 168, 4, 0, 440, 0
623896, 532, 760, 160, 168, 4, 0, 440, 0
623880, 544, 764, 160, 168, 4, 0, 440, 0
623860, 560, 768, 160, 168, 4, 0, 440, 0
623844, 572, 772, 160, 168, 4, 0, 440, 0
623824, 592, 768, 160, 168, 4, 0, 444, 0
623796, 620, 768, 160, 168, 4, 0, 444, 0
623760, 656, 768, 160, 168, 4, 0, 444, 0
623736, 676, 768, 160, 168, 4, 0, 448, 0
623728, 684, 768, 160, 168, 4, 0, 448, 0
623712, 700, 768, 160, 168, 4, 0, 448, 0
623688, 724, 768, 160, 168, 4, 0, 448, 0
623688, 724, 768, 160, 168, 4, 0, 448, 0
623656, 756, 768, 160, 168, 4, 0, 448, 0
623632, 780, 768, 160, 168, 4, 0, 448, 0
623612, 800, 764, 160, 168, 4, 0, 452, 0
623572, 840, 764, 156, 172, 4, 0, 452, 0
623564, 844, 768, 156, 172, 4, 0, 452, 0
623536, 872, 768, 156, 172, 4, 0, 452, 0
623520, 888, 768, 152, 176, 4, 0, 452, 0
623508, 900, 768, 152, 176, 4, 0, 452, 0
623480, 924, 772, 152, 176, 4, 0, 452, 0
623460, 944, 772, 152, 176, 4, 0, 452, 0
623432, 972, 772, 152, 176, 4, 0, 452, 0
623404, 1000, 772, 152, 176, 4, 0, 452, 0
623380, 1020, 776, 152, 176, 4, 0, 452, 0
623372, 1024, 776, 152, 176, 4, 0, 456, 0
623364, 1032, 776, 152, 176, 4, 0, 456, 0
623352, 1044, 772, 152, 176, 4, 0, 460, 0
623340, 1056, 772, 152, 176, 4, 0, 460, 0
623328, 1068, 772, 148, 180, 4, 0, 460, 0
623316, 1072, 780, 148, 180, 4, 0, 460, 0
623308, 1072, 788, 148, 180, 4, 0, 460, 0
623292, 1084, 792, 148, 176, 8, 0, 460, 0
623264, 1108, 796, 148, 176, 8, 0, 460, 0
623252, 1120, 796, 148, 176, 8, 0, 460, 0
623232, 1140, 796, 148, 176, 8, 0, 460, 0
623208, 1160, 800, 148, 176, 8, 0, 460, 0
623192, 1176, 800, 148, 176, 8, 0, 460, 0
623176, 1192, 800, 148, 176, 8, 0, 460, 0
623156, 1212, 800, 148, 176, 8, 0, 460, 0
623132, 1236, 800, 148, 176, 8, 0, 460, 0
623116, 1252, 800, 148, 176, 8, 0, 460, 0
623096, 1272, 800, 148, 176, 8, 0, 460, 0
623072, 1292, 800, 152, 176, 8, 0, 460, 0
623060, 1304, 800, 152, 176, 8, 0, 460, 0
623060, 1296, 804, 156, 172, 8, 0, 464, 0
623040, 1312, 808, 156, 172, 8, 0, 464, 0
623036, 1316, 808, 156, 172, 8, 0, 464, 0
623032, 1320, 808, 156, 172, 8, 0, 464, 0
623012, 1340, 808, 156, 172, 8, 0, 464, 0
623004, 1348, 808, 156, 172, 8, 0, 464, 0
622992, 1356, 808, 160, 172, 8, 0, 464, 0
622968, 1380, 808, 160, 172, 8, 0, 464, 0
622964, 1384, 808, 160, 172, 8, 0, 464, 0
622940, 1408, 808, 160, 172, 8, 0, 464, 0
622932, 1416, 808, 160, 172, 8, 0, 464, 0
622932, 1416, 808, 160, 172, 8, 0, 464, 0
622928, 1416, 812, 156, 172, 8, 0, 468, 0
622928, 1412, 812, 160, 172, 8, 0, 468, 0
622924, 1412, 812, 164, 172, 8, 0, 468, 0
622924, 1408, 816, 164, 172, 8, 0, 468, 0
622920, 1412, 816, 164, 172, 8, 0, 468, 0
622920, 1412, 816, 164, 172, 8, 0, 468, 0
622920, 1412, 812, 164, 172, 8, 0, 472, 0
622920, 1412, 812, 164, 172, 8, 0, 472, 0
622920, 1404, 820, 164, 172, 8, 0, 472, 0
622920, 1400, 824, 164, 172, 8, 0, 472, 0
622920, 1396, 828, 164, 172, 8, 0, 472, 0
622916, 1400, 828, 164, 172, 8, 0, 472, 0
622916, 1396, 828, 168, 172, 8, 0, 472, 0
622916, 1396, 828, 168, 172, 8, 0, 472, 0
622916, 1396, 828, 168, 172, 8, 0, 472, 0
622912, 1400, 828, 168, 172, 8, 0, 472, 0
622912, 1396, 828, 168, 172, 8, 0, 476, 0
622912, 1392, 828, 168, 172, 8, 0, 480, 0
622912, 1388, 832, 168, 172, 8, 0, 480, 0
622912, 1388, 832, 168, 172, 8, 0, 480, 0
622912, 1388, 832, 168, 172, 8, 0, 480, 0
622912, 1388, 832, 168, 172, 8, 0, 480, 0
622912, 1388, 832, 168, 172, 8, 0, 480, 0
622912, 1384, 836, 168, 172, 8, 0, 480, 0
622912, 1384, 832, 168, 172, 8, 0, 484, 0
622912, 1384, 832, 168, 172, 8, 0, 484, 0
622912, 1380, 836, 168, 172, 8, 0, 484, 0
622912, 1376, 836, 172, 172, 8, 0, 484, 0
622912, 1372, 840, 172, 172, 8, 0, 484, 0
622912, 1372, 840, 172, 172, 8, 0, 484, 0
622912, 1372, 840, 168, 176, 8, 0, 484, 0
622912, 1372, 836, 168, 176, 8, 0, 488, 0
622908, 1372, 840, 168, 176, 8, 0, 488, 0
622908, 1372, 840, 164, 180, 8, 0, 488, 0
622908, 1372, 840, 164, 180, 8, 0, 488, 0
622908, 1368, 844, 164, 180, 8, 0, 488, 0
622908, 1368, 844, 164, 180, 8, 0, 488, 0
622908, 1360, 852, 164, 180, 8, 0, 488, 0
622908, 1360, 852, 164, 180, 8, 0, 488, 0
622908, 1360, 852, 164, 180, 8, 0, 488, 0
622908, 1360, 852, 164, 180, 8, 0, 488, 0
622908, 1352, 860, 164, 180, 8, 0, 488, 0
622908, 1352, 860, 164, 180, 8, 0, 488, 0
622908, 1348, 860, 168, 180, 8, 0, 488, 0
622908, 1348, 860, 168, 180, 8, 0, 488, 0
622908, 1348, 856, 168, 180, 8, 0, 492, 0
622908, 1344, 860, 168, 180, 8, 0, 492, 0
622908, 1344, 856, 164, 184, 8, 0, 496, 0
622908, 1344, 856, 164, 184, 8, 0, 496, 0
622908, 1340, 860, 164, 184, 8, 0, 496, 0
622908, 1340, 856, 164, 184, 8, 0, 500, 0
622904, 1344, 856, 164, 184, 8, 0, 500, 0
622904, 1344, 856, 160, 188, 8, 0, 500, 0
622904, 1344, 856, 160, 188, 8, 0, 500, 0
622904, 1344, 856, 160, 188, 8, 0, 500, 0
622904, 1344, 856, 156, 192, 8, 0, 500, 0
622904, 1344, 856, 156, 192, 8, 0, 500, 0
622904, 1344, 856, 156, 192, 8, 0, 500, 0
622904, 1340, 860, 156, 192, 8, 0, 500, 0
622904, 1340, 856, 156, 192, 8, 0, 504, 0
622904, 1332, 864, 156, 192, 8, 0, 504, 0
622904, 1332, 864, 156, 192, 8, 0, 504, 0
622904, 1328, 868, 156, 192, 8, 0, 504, 0
622904, 1328, 868, 156, 192, 8, 0, 504, 0
622904, 1328, 868, 156, 192, 8, 0, 504, 0
622904, 1324, 872, 156, 192, 8, 0, 504, 0
622904, 1324, 872, 156, 188, 8, 0, 508, 0
622904, 1324, 872, 156, 188, 8, 0, 508, 0
622904, 1320, 872, 160, 188, 8, 0, 508, 0
622904, 1320, 872, 160, 188, 8, 0, 508, 0
622904, 1316, 872, 160, 188, 8, 0, 512, 0
622896, 1324, 868, 160, 188, 8, 0, 516, 0
622896, 1320, 868, 160, 184, 8, 0, 524, 0
622892, 1324, 868, 160, 184, 8, 0, 524, 0
622892, 1324, 868, 160, 184, 8, 0, 524, 0
622892, 1324, 864, 160, 184, 8, 0, 528, 0
622880, 1336, 864, 160, 184, 8, 0, 528, 0
622880, 1336, 864, 160, 184, 8, 0, 528, 0
622876, 1336, 868, 160, 184, 8, 0, 528, 0
622876, 1336, 868, 160, 184, 8, 0, 528, 0
622876, 1332, 872, 160, 184, 8, 0, 528, 0
622876, 1328, 872, 164, 184, 8, 0, 528, 0
622872, 1332, 872, 164, 184, 8, 0, 528, 0
622868, 1336, 872, 164, 184, 8, 0, 528, 0
622868, 1332, 876, 160, 188, 8, 0, 528, 0
622856, 1344, 876, 160, 188, 8, 0, 528, 0
622836, 1364, 876, 156, 192, 8, 0, 528, 0
622828, 1368, 880, 156, 192, 8, 0, 528, 0
622816, 1376, 884, 156, 192, 8, 0, 528, 0
622796, 1392, 876, 160, 188, 8, 0, 540, 0
622768, 1420, 872, 160, 188, 8, 0, 544, 0
622752, 1436, 872, 160, 188, 8, 0, 544, 0
622740, 1444, 876, 160, 188, 8, 0, 544, 0
622720, 1464, 876, 160, 188, 8, 0, 544, 0
622680, 1504, 872, 160, 188, 8, 0, 548, 0
622660, 1524, 872, 160, 188, 8, 0, 548, 0
622632, 1552, 872, 160, 188, 8, 0, 548, 0
622600, 1580, 876, 160, 188, 8, 0, 548, 0
622568, 1612, 876, 160, 188, 8, 0, 548, 0
622560, 1620, 876, 160, 184, 8, 0, 552, 0
622524, 1656, 876, 160, 184, 8, 0, 552, 0
622484, 1692, 876, 160, 184, 8, 0, 556, 0
622464, 1708, 876, 160, 184, 8, 0, 560, 0
622420, 1748, 876, 160, 184, 8, 0, 564, 0
622408, 1760, 876, 160, 184, 8, 0, 564, 0
622384, 1784, 876, 160, 184, 8, 0, 564, 0
622340, 1828, 876, 160, 184, 8, 0, 564, 0
622312, 1856, 876, 160, 184, 8, 0, 564, 0
622280, 1888, 876, 160, 184, 8, 0, 564, 0
622252, 1916, 876, 160, 184, 8, 0, 564, 0
622228, 1940, 876, 160, 184, 8, 0, 564, 0
622196, 1968, 880, 160, 184, 8, 0, 564, 0
622188, 1976, 880, 160, 184, 8, 0, 564, 0
622160, 2004, 880, 160, 184, 8, 0, 564, 0
622140, 2024, 880, 160, 184, 8, 0, 564, 0
622132, 2032, 880, 160, 184, 8, 0, 564, 0
622116, 2048, 880, 160, 184, 8, 0, 564, 0
622096, 2068, 880, 160, 184, 8, 0, 564, 0
622068, 2096, 880, 160, 184, 8, 0, 564, 0
622052, 2108, 884, 160, 180, 8, 0, 568, 0
622044, 2116, 880, 160, 180, 8, 0, 572, 0
622032, 2124, 880, 160, 180, 8, 0, 576, 0
622008, 2148, 880, 160, 180, 8, 0, 576, 0
621992, 2164, 876, 160, 180, 8, 0, 580, 0
621968, 2184, 876, 164, 180, 8, 0, 580, 0
621948, 2204, 876, 160, 184, 8, 0, 580, 0
621920, 2228, 880, 156, 188, 8, 0, 580, 0
621888, 2256, 884, 156, 188, 8, 0, 580, 0
621868, 2276, 884, 156, 188, 8, 0, 580, 0
621852, 2288, 884, 160, 188, 8, 0, 580, 0
621836, 2296, 888, 164, 188, 8, 0, 580, 0
621820, 2308, 892, 164, 188, 8, 0, 580, 0
621792, 2328, 896, 168, 188, 8, 0, 580, 0
621780, 2336, 900, 168, 188, 8, 0, 580, 0
621776, 2336, 904, 168, 188, 8, 0, 580, 0
621752, 2352, 912, 168, 188, 8, 0, 580, 0
621748, 2356, 912, 168, 188, 8, 0, 580, 0
621736, 2360, 916, 172, 188, 8, 0, 580, 0
621720, 2364, 920, 180, 188, 8, 0, 580, 0
621708, 2368, 916, 188, 188, 8, 0, 584, 0
621704, 2372, 916, 188, 188, 8, 0, 584, 0
621704, 2364, 920, 188, 192, 8, 0, 584, 0
621700, 2368, 920, 188, 192, 8, 0, 584, 0
621700, 2368, 920, 188, 192, 8, 0, 584, 0
621692, 2376, 920, 188, 192, 8, 0, 584, 0
621688, 2372, 920, 188, 192, 8, 0, 592, 0
621688, 2368, 924, 188, 192, 8, 0, 592, 0
621680, 2376, 924, 188, 192, 8, 0, 592, 0
621676, 2380, 920, 188, 188, 8, 0, 600, 0
621676, 2380, 920, 188, 188, 8, 0, 600, 0
621676, 2380, 912, 188, 184, 8, 0, 612, 0
621676, 2376, 916, 188, 184, 8, 0, 612, 0
621676, 2376, 916, 188, 184, 8, 0, 612, 0
621676, 2376, 916, 184, 188, 8, 0, 612, 0
621676, 2376, 916, 184, 188, 8, 0, 612, 0
621676, 2372, 920, 184, 188, 8, 0, 612, 0
621676, 2372, 920, 184, 188, 8, 0, 612, 0
621672, 2372, 924, 184, 188, 8, 0, 612, 0
621672, 2368, 928, 184, 188, 8, 0, 612, 0
621672, 2360, 936, 184, 188, 8, 0, 612, 0
621672, 2360, 936, 184, 188, 8, 0, 612, 0
621668, 2352, 948, 184, 188, 8, 0, 612, 0
621668, 2352, 948, 184, 184, 8, 0, 616, 0
621668, 2348, 952, 180, 188, 8, 0, 616, 0
621664, 2352, 952, 180, 188, 8, 0, 616, 0
621664, 2340, 956, 188, 188, 8, 0, 616, 0
621656, 2344, 956, 192, 188, 8, 0, 616, 0
621652, 2348, 956, 192, 188, 8, 0, 616, 0
621652, 2340, 960, 192, 192, 8, 0, 616, 0
621652, 2340, 960, 192, 192, 8, 0, 616, 0
621648, 2340, 964, 192, 192, 8, 0, 616, 0
621648, 2340, 964, 192, 192, 8, 0, 616, 0
621648, 2336, 964, 196, 192, 8, 0, 616, 0
621648, 2328, 972, 196, 192, 8, 0, 616, 0
621648, 2324, 976, 192, 196, 8, 0, 616, 0
621648, 2324, 976, 192, 196, 8, 0, 616, 0
621648, 2312, 988, 192, 196, 8, 0, 616, 0
621648, 2308, 988, 196, 196, 8, 0, 616, 0
621648, 2304, 992, 196, 196, 8, 0, 616, 0
621648, 2300, 996, 196, 196, 8, 0, 616, 0
621648, 2292, 1004, 196, 196, 8, 0, 616, 0
621648, 2280, 1000, 204, 196, 8, 0, 624, 0
621648, 2280, 1000, 204, 196, 8, 0, 624, 0
621648, 2280, 996, 204, 196, 8, 0, 628, 0
621648, 2280, 996, 204, 196, 8, 0, 628, 0
621648, 2272, 1000, 204, 196, 8, 0, 632, 0
621644, 2276, 1000, 204, 196, 8, 0, 632, 0
621644, 2268, 1004, 208, 196, 8, 0, 632, 0
621644, 2268, 1004, 208, 196, 8, 0, 632, 0
621644, 2268, 1004, 208, 196, 8, 0, 632, 0
621644, 2260, 1008, 212, 196, 8, 0, 632, 0
621644, 2260, 1008, 212, 196, 8, 0, 632, 0
621644, 2260, 1008, 212, 196, 8, 0, 632, 0
621644, 2252, 1016, 212, 196, 8, 0, 632, 0
621640, 2256, 1016, 208, 200, 8, 0, 632, 0
621640, 2256, 1016, 208, 200, 8, 0, 632, 0
621640, 2252, 1016, 212, 200, 8, 0, 632, 0
621640, 2248, 1016, 212, 200, 8, 0, 636, 0
621640, 2240, 1024, 212, 196, 8, 0, 640, 0
621640, 2240, 1024, 212, 196, 8, 0, 640, 0
621640, 2236, 1024, 216, 196, 8, 0, 640, 0
621640, 2232, 1028, 216, 196, 8, 0, 640, 0
621640, 2232, 1028, 216, 196, 8, 0, 640, 0
621640, 2224, 1036, 216, 196, 8, 0, 640, 0
621640, 2224, 1036, 216, 196, 8, 0, 640, 0
621640, 2224, 1036, 212, 192, 8, 0, 648, 0
621640, 2224, 1036, 212, 192, 8, 0, 648, 0
621636, 2212, 1052, 212, 192, 8, 0, 648, 0
621636, 2212, 1052, 212, 192, 8, 0, 648, 0
621636, 2212, 1052, 212, 192, 8, 0, 648, 0
621636, 2212, 1052, 212, 188, 8, 0, 652, 0
621632, 2212, 1056, 208, 192, 8, 0, 652, 0
621632, 2208, 1060, 208, 192, 8, 0, 652, 0
621632, 2196, 1068, 212, 192, 8, 0, 652, 0
621632, 2192, 1072, 212, 192, 8, 0, 652, 0
621632, 2188, 1072, 212, 192, 8, 0, 656, 0
621628, 2188, 1076, 212, 192, 8, 0, 656, 0
621628, 2188, 1076, 212, 192, 8, 0, 656, 0
621628, 2188, 1076, 212, 192, 8, 0, 656, 0
621628, 2180, 1084, 208, 196, 8, 0, 656, 0
621624, 2180, 1088, 208, 192, 8, 0, 660, 0
621624, 2172, 1092, 208, 192, 8, 0, 664, 0
621624, 2172, 1092, 208, 192, 8, 0, 664, 0
621620, 2164, 1100, 212, 192, 8, 0, 664, 0
621620, 2156, 1108, 212, 192, 8, 0, 664, 0
621620, 2156, 1108, 212, 192, 8, 0, 664, 0
621612, 2160, 1112, 212, 192, 8, 0, 664, 0
621612, 2156, 1112, 212, 192, 8, 0, 668, 0
621612, 2152, 1116, 212, 192, 8, 0, 668, 0
621612, 2152, 1116, 212, 192, 8, 0, 668, 0
621596, 2168, 1116, 212, 192, 8, 0, 668, 0
621588, 2164, 1124, 216, 188, 12, 0, 668, 0
621564, 2184, 1124, 220, 188, 12, 0, 668, 0
621552, 2196, 1124, 220, 188, 12, 0, 668, 0
621532, 2212, 1128, 220, 188, 12, 0, 668, 0
621500, 2244, 1128, 220, 188, 12, 0, 668, 0
621480, 2264, 1128, 220, 188, 12, 0, 668, 0
621464, 2276, 1132, 220, 188, 12, 0, 668, 0
621448, 2288, 1132, 224, 188, 12, 0, 668, 0
621428, 2304, 1136, 224, 188, 12, 0, 668, 0
621396, 2332, 1140, 224, 188, 12, 0, 668, 0
621352, 2372, 1144, 224, 188, 12, 0, 668, 0
621340, 2384, 1144, 224, 188, 12, 0, 668, 0
621296, 2424, 1148, 224, 188, 12, 0, 668, 0
621260, 2452, 1156, 224, 188, 12, 0, 668, 0
621240, 2472, 1152, 224, 188, 12, 0, 672, 0
621196, 2516, 1152, 224, 188, 12, 0, 672, 0
621152, 2552, 1160, 224, 188, 12, 0, 672, 0
621112, 2592, 1160, 224, 188, 12, 0, 672, 0
621068, 2636, 1160, 224, 188, 12, 0, 672, 0
621028, 2664, 1172, 224, 188, 12, 0, 672, 0
621008, 2680, 1176, 224, 188, 12, 0, 672, 0
620972, 2700, 1192, 224, 188, 12, 0, 672, 0
620932, 2736, 1192, 228, 188, 12, 0, 672, 0
620928, 2740, 1192, 228, 188, 12, 0, 672, 0
620888, 2780, 1192, 224, 192, 12, 0, 672, 0
620888, 2780, 1192, 224, 192, 12, 0, 672, 0
620868, 2788, 1200, 228, 192, 12, 0, 672, 0
620852, 2800, 1204, 228, 192, 12, 0, 672, 0
620820, 2828, 1204, 228, 192, 12, 0, 676, 0
620808, 2840, 1204, 228, 192, 12, 0, 676, 0
620776, 2872, 1204, 228, 192, 12, 0, 676, 0
620764, 2884, 1204, 228, 192, 12, 0, 676, 0
620744, 2904, 1204, 224, 196, 12, 0, 676, 0
620728, 2920, 1204, 224, 196, 12, 0, 676, 0
620708, 2940, 1204, 224, 196, 12, 0, 676, 0
620700, 2940, 1212, 220, 200, 12, 0, 676, 0
620692, 2948, 1212, 220, 200, 12, 0, 676, 0
620660, 2980, 1212, 220, 196, 12, 0, 680, 0
620624, 3008, 1216, 224, 196, 12, 0, 680, 0
620592, 3036, 1220, 224, 196, 12, 0, 680, 0
620564, 3064, 1220, 224, 196, 12, 0, 680, 0
620536, 3092, 1220, 224, 196, 12, 0, 680, 0
620504, 3124, 1220, 224, 196, 12, 0, 680, 0
620488, 3136, 1224, 224, 196, 12, 0, 680, 0
620456, 3168, 1224, 220, 200, 12, 0, 680, 0
620432, 3184, 1232, 216, 204, 12, 0, 680, 0
620412, 3196, 1236, 220, 204, 12, 0, 680, 0
620396, 3208, 1240, 220, 204, 12, 0, 680, 0
620380, 3220, 1244, 216, 208, 12, 0, 680, 0
620352, 3244, 1248, 216, 208, 12, 0, 680, 0
620340, 3244, 1252, 224, 208, 12, 0, 680, 0
620332, 3248, 1256, 224, 208, 12, 0, 680, 0
620312, 3264, 1260, 224, 208, 12, 0, 680, 0
620296, 3276, 1260, 224, 208, 12, 0, 684, 0
620280, 3284, 1268, 224, 208, 12, 0, 684, 0
620272, 3288, 1272, 224, 208, 12, 0, 684, 0
620272, 3280, 1276, 228, 208, 12, 0, 684, 0
620268, 3284, 1276, 228, 208, 12, 0, 684, 0
620260, 3288, 1280, 228, 208, 12, 0, 684, 0
620256, 3292, 1280, 228, 204, 12, 0, 688, 0
620256, 3292, 1276, 228, 204, 12, 0, 692, 0
620256, 3288, 1276, 228, 204, 12, 0, 696, 0
620256, 3276, 1288, 224, 204, 12, 0, 700, 0
620256, 3272, 1288, 228, 204, 12, 0, 700, 0
620256, 3268, 1292, 228, 204, 12, 0, 700, 0
620256, 3268, 1292, 228, 204, 12, 0, 700, 0
620256, 3264, 1292, 232, 204, 12, 0, 700, 0
620256, 3264, 1292, 232, 204, 12, 0, 700, 0
620256, 3260, 1296, 232, 204, 12, 0, 700, 0
620256, 3256, 1300, 232, 204, 12, 0, 700, 0
620252, 3256, 1300, 232, 204, 12, 0, 704, 0
620252, 3252, 1300, 232, 204, 12, 0, 708, 0
620252, 3244, 1304, 236, 204, 12, 0, 708, 0
620252, 3236, 1308, 240, 204, 12, 0, 708, 0
620252, 3228, 1312, 240, 204, 12, 0, 712, 0
620252, 3220, 1316, 244, 204, 12, 0, 712, 0
620252, 3216, 1320, 244, 204, 12, 0, 712, 0
620248, 3216, 1324, 244, 204, 12, 0, 712, 0
620248, 3208, 1324, 252, 204, 12, 0, 712, 0
620244, 3208, 1324, 248, 208, 12, 0, 716, 0
620240, 3208, 1328, 248, 208, 12, 0, 716, 0
620240, 3204, 1328, 248, 212, 12, 0, 716, 0
620240, 3192, 1336, 252, 212, 12, 0, 716, 0
620236, 3188, 1344, 252, 212, 12, 0, 716, 0
620236, 3188, 1344, 252, 212, 12, 0, 716, 0
620236, 3188, 1344, 252, 212, 12, 0, 716, 0
620236, 3184, 1348, 252, 212, 12, 0, 716, 0
620236, 3172, 1352, 256, 212, 12, 0, 720, 0
620236, 3164, 1356, 248, 220, 12, 0, 724, 0
620236, 3156, 1364, 248, 220, 12, 0, 724, 0
620232, 3160, 1364, 248, 220, 12, 0, 724, 0
620228, 3164, 1364, 248, 220, 12, 0, 724, 0
620228, 3152, 1372, 252, 220, 12, 0, 724, 0
620228, 3144, 1376, 256, 220, 12, 0, 724, 0
620228, 3144, 1376, 256, 220, 12, 0, 724, 0
620228, 3144, 1376, 256, 220, 12, 0, 724, 0
620228, 3136, 1384, 256, 220, 12, 0, 724, 0
620228, 3136, 1384, 256, 220, 12, 0, 724, 0
620224, 3140, 1384, 256, 220, 12, 0, 724, 0
620224, 3136, 1388, 252, 224, 12, 0, 724, 0
620220, 3140, 1388, 248, 228, 12, 0, 724, 0
620220, 3132, 1388, 256, 228, 12, 0, 724, 0
620220, 3120, 1400, 256, 228, 12, 0, 724, 0
620220, 3108, 1412, 256, 228, 12, 0, 724, 0
620220, 3100, 1416, 260, 228, 12, 0, 724, 0
620220, 3088, 1424, 260, 228, 12, 0, 728, 0
620220, 3076, 1436, 260, 228, 12, 0, 728, 0
620216, 3080, 1436, 260, 224, 16, 0, 728, 0
620216, 3076, 1436, 264, 224, 16, 0, 728, 0
620216, 3068, 1444, 264, 224, 16, 0, 728, 0
620212, 3064, 1448, 268, 224, 16, 0, 728, 0
620208, 3064, 1452, 268, 224, 16, 0, 728, 0
620208, 3060, 1452, 268, 228, 16, 0, 728, 0
620208, 3060, 1452, 268, 228, 16, 0, 728, 0
620208, 3056, 1456, 268, 228, 16, 0, 728, 0
620200, 3060, 1456, 272, 228, 16, 0, 728, 0
620200, 3048, 1468, 272, 228, 16, 0, 728, 0
620200, 3040, 1472, 272, 228, 16, 0, 732, 0
620200, 3040, 1472, 272, 228, 16, 0, 732, 0
620200, 3036, 1472, 276, 228, 16, 0, 732, 0
620200, 3036, 1472, 276, 228, 16, 0, 732, 0
620200, 3028, 1480, 276, 228, 16, 0, 732, 0
620200, 3028, 1480, 276, 228, 16, 0, 732, 0
620196, 3032, 1480, 276, 228, 16, 0, 732, 0
620188, 3036, 1484, 276, 228, 16, 0, 732, 0
620188, 3032, 1488, 276, 228, 16, 0, 732, 0
620188, 3024, 1492, 280, 228, 16, 0, 732, 0
620188, 3020, 1492, 284, 228, 16, 0, 732, 0
620188, 3020, 1492, 284, 228, 16, 0, 732, 0
620184, 3020, 1492, 288, 228, 16, 0, 732, 0
620184, 3016, 1496, 288, 228, 16, 0, 732, 0
620180, 3000, 1508, 292, 228, 16, 0, 736, 0
620176, 3004, 1508, 288, 232, 16, 0, 736, 0
620176, 3004, 1508, 288, 232, 16, 0, 736, 0
620176, 3000, 1512, 288, 232, 16, 0, 736, 0
620176, 2996, 1512, 292, 232, 16, 0, 736, 0
620176, 2988, 1516, 292, 232, 16, 0, 740, 0
620172, 2984, 1520, 296, 224, 16, 0, 748, 0
620168, 2984, 1520, 300, 220, 16, 0, 752, 0
620168, 2980, 1524, 300, 220, 16, 0, 752, 0
620160, 2984, 1528, 300, 220, 16, 0, 752, 0
620156, 2980, 1528, 304, 220, 16, 0, 756, 0
620140, 2996, 1528, 304, 220, 16, 0, 756, 0
620128, 3004, 1532, 304, 220, 16, 0, 756, 0
620116, 3004, 1540, 308, 220, 16, 0, 756, 0
620100, 3020, 1540, 308, 220, 16, 0, 756, 0
620076, 3040, 1544, 308, 220, 16, 0, 756, 0
620052, 3056, 1552, 308, 220, 16, 0, 756, 0
620016, 3084, 1560, 308, 220, 16, 0, 756, 0
619972, 3120, 1568, 308, 220, 16, 0, 756, 0
619932, 3148, 1576, 312, 220, 16, 0, 756, 0
619908, 3164, 1584, 312, 220, 16, 0, 756, 0
619888, 3184, 1584, 312, 220, 16, 0, 756, 0
619852, 3212, 1588, 316, 220, 16, 0, 756, 0
619812, 3248, 1584, 316, 220, 16, 0, 764, 0
619780, 3280, 1584, 316, 220, 16, 0, 764, 0
619764, 3288, 1592, 316, 220, 16, 0, 764, 0
619732, 3312, 1596, 320, 220, 16, 0, 764, 0
619700, 3340, 1588, 324, 220, 16, 0, 772, 0
619664, 3372, 1592, 320, 224, 16, 0, 772, 0
619624, 3412, 1592, 320, 224, 16, 0, 772, 0
619580, 3448, 1600, 320, 224, 16, 0, 772, 0
619540, 3484, 1600, 324, 224, 16, 0, 772, 0
619488, 3524, 1608, 324, 224, 16, 0, 776, 0
619436, 3572, 1608, 324, 224, 16, 0, 780, 0
619396, 3608, 1608, 328, 224, 16, 0, 780, 0
619372, 3628, 1612, 328, 224, 16, 0, 780, 0
619340, 3656, 1616, 328, 224, 16, 0, 780, 0
619316, 3680, 1616, 328, 224, 16, 0, 780, 0
619292, 3700, 1620, 328, 220, 16, 0, 784, 0
619252, 3736, 1624, 328, 220, 16, 0, 784, 0
619224, 3756, 1632, 328, 220, 16, 0, 784, 0
619204, 3776, 1632, 328, 220, 16, 0, 784, 0
619172, 3804, 1636, 328, 220, 16, 0, 784, 0
619164, 3800, 1644, 332, 220, 16, 0, 784, 0
619144, 3820, 1644, 332, 220, 16, 0, 784, 0
619116, 3840, 1648, 332, 220, 16, 0, 788, 0
619096, 3860, 1648, 332, 220, 12, 4, 788, 0
619052, 3900, 1652, 332, 220, 12, 4, 788, 0
619008, 3932, 1660, 336, 220, 12, 4, 788, 0
618972, 3964, 1656, 340, 220, 12, 4, 792, 0
618956, 3968, 1668, 340, 220, 12, 4, 792, 0
618912, 4008, 1672, 336, 224, 12, 4, 792, 0
618896, 4020, 1676, 336, 224, 12, 4, 792, 0
618864, 4048, 1672, 340, 224, 12, 4, 796, 0
618832, 4080, 1672, 340, 224, 12, 4, 796, 0
618808, 4088, 1680, 348, 224, 12, 4, 796, 0
618776, 4100, 1692, 352, 224, 12, 4, 800, 0
618744, 4128, 1692, 352, 224, 12, 4, 804, 0
618732, 4132, 1700, 352, 224, 12, 4, 804, 0
618720, 4136, 1708, 352, 224, 12, 4, 804, 0
618688, 4152, 1724, 352, 224, 12, 4, 804, 0
618660, 4168, 1728, 356, 228, 12, 4, 804, 0
618628, 4192, 1736, 356, 228, 12, 4, 804, 0
618600, 4220, 1736, 356, 228, 12, 4, 804, 0
618560, 4248, 1744, 356, 232, 12, 4, 804, 0
618552, 4244, 1752, 356, 232, 12, 4, 808, 0
618544, 4248, 1756, 356, 232, 12, 4, 808, 0
618536, 4256, 1756, 356, 232, 12, 4, 808, 0
618524, 4268, 1756, 356, 232, 12, 4, 808, 0
618524, 4256, 1764, 356, 236, 12, 4, 808, 0
618524, 4256, 1764, 356, 236, 12, 4, 808, 0
618524, 4252, 1760, 360, 236, 12, 4, 812, 0
618516, 4248, 1772, 360, 236, 12, 4, 812, 0
618516, 4244, 1776, 360, 236, 12, 4, 812, 0
618516, 4240, 1776, 364, 228, 12, 4, 820, 0
618512, 4232, 1788, 364, 228, 12, 4, 820, 0
618508, 4228, 1796, 364, 228, 12, 4, 820, 0
618508, 4228, 1796, 364, 228, 12, 4, 820, 0
618504, 4220, 1804, 368, 228, 12, 4, 820, 0
618504, 4208, 1812, 372, 228, 12, 4, 820, 0
618500, 4200, 1812, 380, 228, 12, 4, 824, 0
618500, 4196, 1816, 380, 228, 12, 4, 824, 0
618500, 4184, 1828, 380, 228, 12, 4, 824, 0
618500, 4180, 1828, 380, 232, 12, 4, 824, 0
618500, 4164, 1836, 384, 232, 12, 4, 828, 0
618496, 4156, 1844, 388, 232, 12, 4, 828, 0
618492, 4152, 1844, 396, 232, 12, 4, 828, 0
618492, 4144, 1848, 396, 228, 12, 4, 836, 0
618488, 4144, 1848, 396, 232, 12, 4, 836, 0
618488, 4132, 1856, 400, 232, 12, 4, 836, 0
618480, 4132, 1856, 408, 232, 12, 4, 836, 0
618480, 4132, 1856, 408, 232, 12, 4, 836, 0
618480, 4128, 1860, 408, 232, 12, 4, 836, 0
618480, 4120, 1868, 408, 232, 12, 4, 836, 0
618480, 4112, 1876, 408, 232, 12, 4, 836, 0
618480, 4100, 1884, 412, 232, 12, 4, 836, 0
618480, 4088, 1880, 416, 236, 12, 4, 844, 0
618468, 4092, 1880, 424, 236, 12, 4, 844, 0
618468, 4092, 1880, 424, 236, 12, 4, 844, 0
618468, 4084, 1888, 424, 236, 12, 4, 844, 0
618468, 4072, 1900, 420, 240, 12, 4, 844, 0
618468, 4072, 1900, 420, 240, 12, 4, 844, 0
618468, 4072, 1900, 420, 240, 12, 4, 844, 0
618464, 4068, 1908, 420, 240, 12, 4, 844, 0
618464, 4052, 1920, 424, 240, 12, 4, 844, 0
618460, 4048, 1924, 428, 240, 12, 4, 844, 0
618460, 4048, 1924, 428, 240, 12, 4, 844, 0
618460, 4044, 1924, 428, 240, 12, 4, 848, 0
618456, 4040, 1928, 432, 240, 12, 4, 848, 0
618456, 4032, 1936, 432, 240, 12, 4, 848, 0
618456, 4028, 1936, 436, 240, 12, 4, 848, 0
618452, 4028, 1940, 436, 240, 12, 4, 848, 0
618452, 4028, 1940, 432, 244, 12, 4, 848, 0
618452, 4024, 1944, 432, 244, 12, 4, 848, 0
618448, 4024, 1944, 432, 244, 12, 4, 852, 0
618448, 4020, 1940, 436, 244, 12, 4, 856, 0
618448, 4016, 1944, 436, 244, 12, 4, 856, 0
618448, 4012, 1944, 436, 248, 12, 4, 856, 0
618448, 3996, 1960, 436, 248, 12, 4, 856, 0
618448, 3996, 1960, 436, 248, 12, 4, 856, 0
618448, 3996, 1960, 436, 248, 12, 4, 856, 0
618448, 3980, 1960, 452, 248, 12, 4, 856, 0
618448, 3968, 1960, 464, 248, 12, 4, 856, 0
618448, 3964, 1964, 464, 248, 12, 4, 856, 0
618444, 3964, 1968, 460, 248, 12, 4, 860, 0
618444, 3956, 1976, 460, 248, 12, 4, 860, 0
618444, 3948, 1976, 464, 248, 12, 4, 864, 0
618436, 3944, 1976, 472, 248, 12, 4, 868, 0
618436, 3936, 1984, 472, 248, 12, 4, 868, 0
618436, 3928, 1980, 480, 248, 12, 4, 872, 0
618436, 3916, 1992, 480, 248, 12, 4, 872, 0
618436, 3904, 2004, 480, 248, 12, 4, 872, 0
618436, 3896, 2012, 480, 248, 12, 4, 872, 0
618432, 3892, 2020, 480, 248, 12, 4, 872, 0
618428, 3888, 2024, 484, 248, 12, 4, 872, 0
618428, 3880, 2024, 488, 248, 12, 4, 876, 0
618428, 3876, 2024, 488, 248, 12, 4, 880, 0
618428, 3864, 2032, 492, 248, 12, 4, 880, 0
618428, 3856, 2032, 496, 248, 12, 4, 884, 0
618428, 3852, 2028, 496, 248, 12, 4, 892, 0
618424, 3848, 2036, 492, 248, 12, 4, 896, 0
618424, 3836, 2040, 500, 248, 12, 4, 896, 0
618424, 3832, 2044, 500, 248, 12, 4, 896, 0
618424, 3820, 2056, 496, 252, 12, 4, 896, 0
618424, 3812, 2056, 496, 252, 12, 4, 904, 0
618424, 3800, 2068, 496, 252, 12, 4, 904, 0
618424, 3796, 2072, 496, 252, 12, 4, 904, 0
618416, 3800, 2076, 496, 252, 12, 4, 904, 0
618412, 3804, 2076, 492, 256, 12, 4, 904, 0
618412, 3796, 2084, 492, 256, 12, 4, 904, 0
618412, 3796, 2084, 492, 256, 12, 4, 904, 0
618412, 3792, 2084, 492, 256, 12, 4, 908, 0
618412, 3784, 2092, 492, 256, 12, 4, 908, 0
618412, 3784, 2088, 492, 256, 12, 4, 912, 0
618408, 3780, 2092, 492, 256, 12, 4, 916, 0
618392, 3792, 2096, 492, 252, 12, 4, 920, 0
618376, 3784, 2116, 496, 252, 12, 4, 920, 0
618340, 3808, 2120, 496, 256, 12, 4, 924, 0
618304, 3836, 2128, 496, 256, 12, 4, 924, 0
618288, 3852, 2128, 496, 256, 12, 4, 924, 0
618268, 3860, 2140, 496, 252, 12, 4, 928, 0
618256, 3864, 2144, 492, 256, 12, 4, 932, 0
618220, 3900, 2144, 488, 260, 12, 4, 932, 0
618180, 3936, 2144, 492, 260, 12, 4, 932, 0
618128, 3984, 2148, 492, 260, 12, 4, 932, 0
618104, 4000, 2156, 492, 260, 12, 4, 932, 0
618080, 4020, 2160, 492, 260, 12, 4, 932, 0
618060, 4036, 2164, 492, 260, 12, 4, 932, 0
617996, 4100, 2160, 492, 260, 12, 4, 936, 0
617968, 4108, 2176, 492, 264, 12, 4, 936, 0
617932, 4140, 2180, 488, 268, 12, 4, 936, 0
617884, 4180, 2188, 488, 268, 12, 4, 936, 0
617864, 4196, 2188, 492, 264, 12, 4, 940, 0
617836, 4220, 2188, 496, 264, 12, 4, 940, 0
617808, 4232, 2204, 496, 264, 12, 4, 940, 0
617776, 4260, 2208, 496, 264, 12, 4, 940, 0
617720, 4316, 2204, 496, 264, 12, 4, 944, 0
617708, 4316, 2208, 504, 264, 12, 4, 944, 0
617660, 4340, 2228, 508, 264, 12, 4, 944, 0
617612, 4376, 2232, 512, 268, 12, 4, 944, 0
617596, 4388, 2232, 512, 268, 12, 4, 948, 0
617580, 4400, 2232, 516, 268, 12, 4, 948, 0
617552, 4424, 2236, 516, 268, 12, 4, 948, 0
617520, 4432, 2244, 528, 268, 12, 4, 952, 0
617492, 4460, 2240, 528, 268, 12, 4, 956, 0
617476, 4468, 2248, 528, 268, 12, 4, 956, 0
617444, 4488, 2260, 528, 268, 12, 4, 956, 0
617420, 4500, 2264, 528, 272, 12, 4, 960, 0
617392, 4528, 2264, 520, 280, 12, 4, 960, 0
617352, 4556, 2276, 520, 276, 12, 4, 964, 0
617332, 4568, 2284, 520, 276, 12, 4, 964, 0
617312, 4580, 2288, 524, 276, 12, 4, 964, 0
617288, 4592, 2292, 528, 280, 12, 4, 964, 0
617252, 4624, 2292, 532, 280, 12, 4, 964, 0
617216, 4652, 2296, 536, 280, 12, 4, 964, 0
617188, 4680, 2292, 536, 280, 12, 4, 968, 0
617148, 4700, 2312, 536, 276, 12, 4, 972, 0
617112, 4728, 2320, 536, 276, 12, 4, 972, 0
617092, 4744, 2324, 536, 276, 12, 4, 972, 0
617072, 4764, 2324, 536, 276, 12, 4, 972, 0
617052, 4776, 2324, 540, 276, 12, 4, 976, 0
617032, 4792, 2328, 540, 276, 12, 4, 976, 0
617004, 4808, 2340, 540, 276, 12, 4, 976, 0
616964, 4836, 2352, 540, 276, 12, 4, 976, 0
616936, 4852, 2364, 540, 276, 12, 4, 976, 0
616920, 4852, 2376, 544, 276, 12, 4, 976, 0
616908, 4852, 2388, 544, 276, 12, 4, 976, 0
616888, 4868, 2388, 544, 276, 12, 4, 980, 0
616880, 4860, 2404, 544, 276, 12, 4, 980, 0
616860, 4864, 2416, 548, 276, 12, 4, 980, 0
616836, 4876, 2420, 552, 280, 12, 4, 980, 0
616832, 4872, 2424, 556, 280, 12, 4, 980, 0
616828, 4872, 2424, 556, 284, 12, 4, 980, 0
616820, 4872, 2428, 560, 284, 12, 4, 980, 0
616812, 4872, 2432, 560, 280, 12, 4, 988, 0
616808, 4872, 2436, 560, 280, 12, 4, 988, 0
616808, 4864, 2440, 564, 280, 12, 4, 988, 0
616808, 4860, 2440, 568, 280, 12, 4, 988, 0
616804, 4856, 2448, 568, 280, 12, 4, 988, 0
616804, 4848, 2456, 568, 280, 12, 4, 988, 0
616804, 4848, 2452, 568, 280, 12, 4, 992, 0
616796, 4844, 2460, 568, 280, 12, 4, 996, 0
616788, 4848, 2456, 572, 280, 12, 4, 1000, 0
616784, 4848, 2460, 568, 284, 12, 4, 1000, 0
616780, 4852, 2460, 568, 284, 12, 4, 1000, 0
616780, 4848, 2460, 572, 284, 12, 4, 1000, 0
616776, 4844, 2460, 576, 280, 12, 4, 1008, 0
616776, 4828, 2472, 576, 284, 12, 4, 1008, 0
616776, 4820, 2472, 580, 284, 12, 4, 1012, 0
616772, 4820, 2472, 580, 288, 12, 4, 1012, 0
616768, 4820, 2472, 572, 296, 12, 4, 1016, 0
616768, 4808, 2480, 572, 296, 12, 4, 1020, 0
616768, 4800, 2488, 572, 296, 12, 4, 1020, 0
616768, 4792, 2492, 576, 296, 12, 4, 1020, 0
616768, 4784, 2500, 576, 296, 12, 4, 1020, 0
616764, 4784, 2500, 580, 296, 12, 4, 1020, 0
616764, 4780, 2500, 584, 296, 12, 4, 1020, 0
616764, 4772, 2508, 584, 296, 12, 4, 1020, 0
616764, 4748, 2528, 588, 296, 12, 4, 1020, 0
616760, 4744, 2532, 592, 296, 12, 4, 1020, 0
616760, 4724, 2548, 588, 296, 12, 4, 1028, 0
616760, 4716, 2552, 592, 296, 12, 4, 1028, 0
616760, 4704, 2560, 592, 296, 12, 4, 1032, 0
616760, 4700, 2556, 588, 300, 12, 4, 1040, 0
616756, 4700, 2560, 588, 300, 12, 4, 1040, 0
616756, 4680, 2564, 600, 300, 12, 4, 1044, 0
616756, 4672, 2564, 608, 300, 12, 4, 1044, 0
616756, 4656, 2576, 608, 304, 12, 4, 1044, 0
616752, 4652, 2576, 608, 308, 12, 4, 1048, 0
616744, 4648, 2584, 612, 308, 12, 4, 1048, 0
616744, 4644, 2588, 612, 308, 12, 4, 1048, 0
616744, 4628, 2604, 608, 312, 12, 4, 1048, 0
616744, 4628, 2604, 608, 312, 12, 4, 1048, 0
616736, 4628, 2608, 612, 312, 12, 4, 1048, 0
616736, 4624, 2612, 612, 312, 12, 4, 1048, 0
616736, 4600, 2624, 616, 312, 12, 4, 1056, 0
616736, 4592, 2628, 620, 312, 12, 4, 1056, 0
616736, 4576, 2628, 628, 316, 12, 4, 1060, 0
616736, 4564, 2632, 632, 316, 12, 4, 1064, 0
616736, 4560, 2636, 628, 320, 12, 4, 1064, 0
616736, 4544, 2648, 628, 324, 12, 4, 1064, 0
616736, 4540, 2652, 628, 324, 12, 4, 1064, 0
616732, 4536, 2660, 628, 324, 12, 4, 1064, 0
616732, 4524, 2668, 624, 328, 12, 4, 1068, 0
616728, 4520, 2668, 628, 328, 12, 4, 1072, 0
616728, 4516, 2664, 624, 332, 12, 4, 1080, 0
616728, 4508, 2672, 624, 332, 12, 4, 1080, 0
616720, 4504, 2684, 624, 332, 12, 4, 1080, 0
616720, 4492, 2692, 620, 336, 12, 4, 1084, 0
616716, 4492, 2696, 620, 336, 12, 4, 1084, 0
616708, 4488, 2704, 620, 336, 12, 4, 1088, 0
616708, 4476, 2704, 628, 336, 12, 4, 1092, 0
616704, 4480, 2704, 628, 336, 12, 4, 1092, 0
616704, 4472, 2704, 632, 336, 12, 4, 1096, 0
616704, 4460, 2716, 628, 340, 12, 4, 1096, 0
616700, 4452, 2712, 632, 336, 12, 4, 1112, 0
616696, 4448, 2720, 632, 332, 12, 4, 1116, 0
616696, 4444, 2720, 636, 332, 12, 4, 1116, 0
616692, 4444, 2724, 632, 336, 12, 4, 1116, 0
616688, 4448, 2724, 632, 336, 12, 4, 1116, 0
616688, 4440, 2732, 632, 336, 12, 4, 1116, 0
616688, 4432, 2736, 636, 332, 12, 4, 1120, 0
616688, 4420, 2736, 644, 332, 12, 4, 1124, 0
616688, 4404, 2744, 652, 332, 12, 4, 1124, 0
616688, 4388, 2760, 648, 336, 12, 4, 1124, 0
616684, 4384, 2764, 652, 336, 12, 4, 1124, 0
616684, 4376, 2772, 652, 336, 12, 4, 1124, 0
616684, 4368, 2780, 652, 336, 12, 4, 1124, 0
616684, 4356, 2788, 652, 336, 12, 4, 1128, 0
616684, 4352, 2792, 652, 336, 12, 4, 1128, 0
616680, 4344, 2804, 652, 336, 12, 4, 1128, 0
616672, 4352, 2804, 652, 336, 12, 4, 1128, 0
616672, 4336, 2812, 656, 340, 12, 4, 1128, 0
616672, 4324, 2812, 660, 344, 12, 4, 1132, 0
616672, 4316, 2820, 656, 348, 12, 4, 1132, 0
616672, 4312, 2824, 652, 352, 12, 4, 1132, 0
616668, 4312, 2824, 656, 352, 12, 4, 1132, 0
616664, 4312, 2828, 656, 352, 12, 4, 1132, 0
616660, 4308, 2832, 656, 352, 12, 4, 1136, 0
616656, 4308, 2832, 660, 352, 12, 4, 1136, 0
616652, 4300, 2844, 656, 356, 12, 4, 1136, 0
616652, 4300, 2844, 656, 352, 12, 4, 1140, 0
616652, 4288, 2856, 656, 352, 12, 4, 1140, 0
616652, 4284, 2860, 656, 352, 12, 4, 1140, 0
616648, 4284, 2864, 656, 352, 12, 4, 1140, 0
616644, 4280, 2868, 660, 352, 12, 4, 1140, 0
616640, 4268, 2880, 664, 352, 12, 4, 1140, 0
616640, 4264, 2880, 664, 356, 12, 4, 1140, 0
616636, 4260, 2884, 668, 356, 12, 4, 1140, 0
616632, 4252, 2896, 668, 356, 12, 4, 1140, 0
616632, 4232, 2916, 668, 356, 12, 4, 1140, 0
616632, 4232, 2916, 668, 356, 12, 4, 1140, 0
616628, 4212, 2932, 672, 360, 12, 4, 1140, 0
616628, 4208, 2932, 676, 360, 12, 4, 1140, 0
616628, 4200, 2940, 676, 360, 12, 4, 1140, 0
616624, 4192, 2952, 676, 360, 12, 4, 1140, 0
616620, 4192, 2956, 676, 360, 12, 4, 1140, 0
616620, 4176, 2972, 676, 360, 12, 4, 1140, 0
616620, 4172, 2968, 676, 360, 12, 4, 1148, 0
616620, 4164, 2972, 676, 364, 12, 4, 1148, 0
616612, 4164, 2976, 672, 368, 12, 4, 1152, 0
616608, 4160, 2976, 672, 372, 12, 4, 1156, 0
616604, 4152, 2988, 672, 372, 12, 4, 1156, 0
616600, 4156, 2988, 668, 376, 12, 4, 1156, 0
616592, 4152, 2992, 676, 376, 12, 4, 1156, 0
616592, 4144, 3000, 668, 384, 12, 4, 1156, 0
616588, 4136, 3012, 668, 384, 12, 4, 1156, 0
616588, 4120, 3024, 672, 384, 12, 4, 1156, 0
616588, 4116, 3024, 676, 384, 12, 4, 1156, 0
616588, 4100, 3040, 676, 384, 12, 4, 1156, 0
616588, 4080, 3052, 684, 384, 12, 4, 1156, 0
616580, 4068, 3068, 684, 388, 12, 4, 1156, 0
616580, 4064, 3072, 684, 388, 12, 4, 1156, 0
616580, 4064, 3068, 680, 392, 12, 4, 1160, 0
616576, 4052, 3084, 680, 392, 12, 4, 1160, 0
616572, 4032, 3096, 688, 392, 12, 4, 1164, 0
616568, 4032, 3100, 688, 392, 12, 4, 1164, 0
616564, 4024, 3104, 684, 396, 12, 4, 1172, 0
616560, 4004, 3116, 692, 396, 12, 4, 1176, 0
616560, 3992, 3120, 696, 396, 12, 4, 1180, 0
616552, 3988, 3132, 696, 396, 12, 4, 1180, 0
616548, 3988, 3136, 696, 396, 12, 4, 1180, 0
616544, 3984, 3144, 696, 396, 12, 4, 1180, 0
616544, 3980, 3148, 692, 400, 12, 4, 1180, 0
616544, 3968, 3148, 704, 400, 12, 4, 1180, 0
616540, 3972, 3148, 704, 400, 12, 4, 1180, 0
616536, 3956, 3160, 712, 400, 12, 4, 1180, 0
616536, 3948, 3168, 712, 400, 12, 4, 1180, 0
616532, 3940, 3172, 720, 400, 12, 4, 1180, 0
616528, 3936, 3176, 720, 400, 12, 4, 1184, 0
616524, 3920, 3192, 724, 400, 12, 4, 1184, 0
616524, 3916, 3192, 724, 400, 12, 4, 1188, 0
616516, 3924, 3192, 720, 404, 12, 4, 1188, 0
616516, 3900, 3212, 724, 396, 12, 4, 1196, 0
616512, 3872, 3240, 724, 392, 12, 4, 1204, 0
616512, 3860, 3252, 724, 392, 12, 4, 1204, 0
616508, 3852, 3256, 732, 388, 12, 4, 1208, 0
616500, 3852, 3264, 724, 396, 12, 4, 1208, 0
616492, 3856, 3264, 728, 396, 12, 4, 1208, 0
616488, 3852, 3268, 732, 396, 12, 4, 1208, 0
616488, 3852, 3268, 732, 396, 12, 4, 1208, 0
616480, 3848, 3276, 736, 396, 12, 4, 1208, 0
616476, 3844, 3284, 736, 396, 12, 4, 1208, 0
616476, 3820, 3304, 740, 396, 12, 4, 1208, 0
616476, 3820, 3304, 740, 396, 12, 4, 1208, 0
616468, 3816, 3312, 740, 400, 12, 4, 1208, 0
616464, 3816, 3312, 740, 400, 12, 4, 1212, 0
616452, 3816, 3320, 736, 404, 12, 4, 1216, 0
616448, 3812, 3320, 740, 404, 12, 4, 1220, 0
616444, 3812, 3324, 740, 404, 12, 4, 1220, 0
616444, 3792, 3332, 748, 408, 12, 4, 1220, 0
616440, 3788, 3336, 748, 408, 12, 4, 1224, 0
616436, 3784, 3332, 748, 408, 12, 4, 1236, 0
616428, 3784, 3332, 752, 408, 12, 4, 1240, 0
616428, 3780, 3332, 752, 404, 12, 4, 1248, 0
616420, 3772, 3340, 760, 404, 12, 4, 1248, 0
616408, 3776, 3344, 764, 404, 12, 4, 1248, 0
616400, 3784, 3340, 756, 412, 12, 4, 1252, 0
616384, 3796, 3340, 756, 412, 12, 4, 1256, 0
616376, 3796, 3340, 756, 416, 12, 4, 1260, 0
616372, 3800, 3328, 756, 416, 12, 4, 1272, 0
616368, 3796, 3332, 756, 416, 12, 4, 1276, 0
616360, 3796, 3340, 756, 416, 12, 4, 1276, 0
616360, 3788, 3344, 760, 416, 12, 4, 1276, 0
616352, 3776, 3344, 764, 416, 12, 4, 1292, 0
616348, 3760, 3360, 768, 416, 12, 4, 1292, 0
616348, 3760, 3360, 764, 420, 12, 4, 1292, 0
616344, 3748, 3372, 768, 420, 12, 4, 1292, 0
616340, 3724, 3400, 760, 428, 12, 4, 1292, 0
616340, 3716, 3408, 760, 428, 12, 4, 1292, 0
616340, 3708, 3408, 760, 428, 12, 4, 1300, 0
616336, 3704, 3412, 756, 428, 12, 4, 1308, 0
616336, 3688, 3428, 752, 432, 12, 4, 1308, 0
616336, 3676, 3428, 756, 432, 12, 4, 1316, 0
616332, 3660, 3440, 760, 432, 12, 4, 1320, 0
616332, 3652, 3448, 760, 432, 12, 4, 1320, 0
616332, 3644, 3456, 760, 432, 12, 4, 1320, 0
616332, 3644, 3456, 760, 432, 12, 4, 1320, 0
616328, 3640, 3456, 768, 432, 12, 4, 1320, 0
616324, 3632, 3464, 768, 432, 12, 4, 1324, 0
616324, 3620, 3472, 764, 436, 12, 4, 1328, 0
616316, 3620, 3480, 760, 440, 12, 4, 1328, 0
616308, 3624, 3468, 760, 440, 12, 4, 1344, 0
616308, 3596, 3472, 780, 440, 12, 4, 1348, 0
616304, 3592, 3472, 788, 440, 12, 4, 1348, 0
616304, 3572, 3480, 792, 436, 12, 4, 1360, 0
616304, 3568, 3480, 792, 436, 12, 4, 1364, 0
616304, 3556, 3488, 796, 436, 12, 4, 1364, 0
616304, 3536, 3504, 796, 436, 12, 4, 1368, 0
616300, 3520, 3520, 796, 436, 12, 4, 1372, 0
616300, 3492, 3544, 800, 436, 12, 4, 1372, 0
616300, 3480, 3544, 808, 432, 12, 4, 1380, 0
616296, 3476, 3548, 808, 436, 12, 4, 1380, 0
616296, 3464, 3556, 808, 436, 12, 4, 1384, 0
616296, 3456, 3564, 808, 436, 12, 4, 1384, 0
616296, 3444, 3576, 808, 432, 12, 4, 1388, 0
616296, 3428, 3588, 812, 432, 12, 4, 1388, 0
616296, 3420, 3588, 820, 432, 12, 4, 1388, 0
616292, 3412, 3600, 820, 432, 12, 4, 1388, 0
616288, 3412, 3604, 820, 432, 12, 4, 1388, 0
616288, 3408, 3604, 824, 432, 12, 4, 1388, 0
616284, 3400, 3608, 824, 436, 12, 4, 1392, 0
616280, 3400, 3612, 824, 436, 12, 4, 1392, 0
616276, 3404, 3612, 820, 440, 12, 4, 1392, 0
616276, 3396, 3616, 820, 444, 12, 4, 1392, 0
616276, 3388, 3624, 820, 440, 12, 4, 1396, 0
616276, 3368, 3632, 824, 444, 12, 4, 1400, 0
616272, 3360, 3640, 828, 444, 12, 4, 1400, 0
616268, 3360, 3640, 820, 452, 12, 4, 1404, 0
616268, 3356, 3636, 824, 452, 12, 4, 1408, 0
616268, 3328, 3664, 824, 452, 12, 4, 1408, 0
616268, 3320, 3664, 828, 456, 12, 4, 1408, 0
616264, 3296, 3692, 820, 464, 12, 4, 1408, 0
616264, 3288, 3700, 820, 464, 12, 4, 1408, 0
616256, 3288, 3708, 820, 464, 12, 4, 1408, 0
616256, 3280, 3712, 824, 464, 12, 4, 1408, 0
616256, 3272, 3720, 824, 464, 12, 4, 1408, 0
616256, 3268, 3716, 824, 464, 12, 4, 1416, 0
616256, 3264, 3720, 824, 464, 12, 4, 1416, 0
616252, 3256, 3724, 828, 464, 12, 4, 1420, 0
616252, 3252, 3724, 828, 464, 12, 4, 1424, 0
616248, 3256, 3720, 828, 464, 12, 4, 1428, 0
616244, 3252, 3724, 832, 464, 12, 4, 1428, 0
616244, 3240, 3736, 828, 468, 12, 4, 1428, 0
616236, 3248, 3736, 828, 464, 12, 4, 1432, 0
616232, 3248, 3736, 828, 464, 12, 4, 1436, 0
616232, 3232, 3744, 828, 468, 12, 4, 1440, 0
616232, 3220, 3752, 824, 476, 12, 4, 1440, 0
616232, 3212, 3752, 820, 484, 12, 4, 1444, 0
616232, 3196, 3756, 832, 484, 12, 4, 1444, 0
616232, 3188, 3756, 840, 484, 12, 4, 1444, 0
616228, 3176, 3768, 844, 484, 12, 4, 1444, 0
616224, 3164, 3784, 840, 488, 12, 4, 1444, 0
616224, 3140, 3800, 848, 484, 16, 4, 1444, 0
616224, 3132, 3804, 848, 484, 16, 4, 1448, 0
616224, 3120, 3812, 840, 492, 16, 4, 1452, 0
616224, 3100, 3820, 848, 492, 16, 4, 1456, 0
616220, 3092, 3828, 852, 492, 16, 4, 1456, 0
616212, 3088, 3836, 856, 492, 16, 4, 1456, 0
616204, 3088, 3836, 860, 492, 16, 4, 1460, 0
616192, 3092, 3844, 860, 492, 16, 4, 1460, 0
616188, 3088, 3848, 852, 500, 16, 4, 1464, 0
616188, 3084, 3852, 852, 500, 16, 4, 1464, 0
616188, 3076, 3860, 852, 500, 16, 4, 1464, 0
616180, 3068, 3864, 864, 500, 16, 4, 1464, 0
616172, 3068, 3868, 868, 500, 16, 4, 1464, 0
616172, 3064, 3872, 868, 500, 16, 4, 1464, 0
616168, 3052, 3880, 872, 500, 16, 4, 1468, 0
616168, 3040, 3884, 876, 504, 16, 4, 1468, 0
616168, 3032, 3888, 876, 508, 16, 4, 1468, 0
616168, 3032, 3888, 876, 508, 16, 4, 1468, 0
616168, 3024, 3896, 872, 508, 16, 4, 1472, 0
616164, 3024, 3892, 872, 512, 16, 4, 1476, 0
616164, 3016, 3892, 872, 512, 16, 4, 1484, 0
616160, 3008, 3900, 868, 512, 16, 4, 1492, 0
616160, 3000, 3904, 872, 512, 16, 4, 1492, 0
616148, 3008, 3904, 872, 512, 16, 4, 1496, 0
616144, 3000, 3916, 872, 512, 16, 4, 1496, 0
616144, 3000, 3908, 872, 512, 16, 4, 1504, 0
616136, 3000, 3912, 868, 516, 16, 4, 1508, 0
616128, 2996, 3916, 876, 516, 16, 4, 1508, 0
616120, 3000, 3916, 880, 516, 16, 4, 1508, 0
616120, 2996, 3912, 884, 512, 16, 4, 1516, 0
616116, 3000, 3912, 884, 512, 16, 4, 1516, 0
616108, 3000, 3920, 880, 516, 16, 4, 1516, 0
616100, 3008, 3916, 880, 516, 16, 4, 1520, 0
616100, 2996, 3920, 884, 516, 16, 4, 1524, 0
616100, 2992, 3920, 888, 516, 16, 4, 1524, 0
616100, 2988, 3920, 884, 524, 16, 4, 1524, 0
616100, 2976, 3924, 888, 524, 16, 4, 1528, 0
616096, 2972, 3928, 888, 528, 16, 4, 1528, 0
616096, 2956, 3944, 888, 528, 16, 4, 1528, 0
616092, 2960, 3944, 888, 528, 16, 4, 1528, 0
616092, 2952, 3940, 884, 532, 16, 4, 1540, 0
616088, 2948, 3940, 888, 532, 16, 4, 1544, 0
616080, 2944, 3952, 888, 532, 16, 4, 1544, 0
616076, 2948, 3952, 888, 532, 16, 4, 1544, 0
616076, 2944, 3956, 888, 532, 16, 4, 1544, 0
616072, 2944, 3956, 888, 532, 16, 4, 1548, 0
616072, 2940, 3960, 884, 532, 16, 4, 1552, 0
616072, 2936, 3964, 880, 532, 20, 4, 1552, 0
616060, 2940, 3972, 880, 532, 20, 4, 1552, 0
616060, 2936, 3976, 880, 532, 20, 4, 1552, 0
616052, 2928, 3988, 884, 528, 20, 4, 1556, 0
616048, 2928, 3988, 884, 528, 20, 4, 1560, 0
616044, 2924, 3992, 888, 528, 20, 4, 1560, 0
616040, 2924, 3992, 888, 528, 20, 4, 1564, 0
616040, 2920, 3992, 892, 528, 20, 4, 1564, 0
616032, 2920, 3996, 896, 528, 20, 4, 1564, 0
616028, 2912, 4004, 892, 532, 20, 4, 1568, 0
616028, 2904, 4012, 888, 536, 20, 4, 1568, 0
616028, 2892, 4016, 892, 536, 20, 4, 1572, 0
616024, 2892, 4020, 892, 536, 20, 4, 1572, 0
616012, 2892, 4020, 892, 540, 20, 4, 1580, 0
615996, 2904, 4024, 888, 544, 20, 4, 1580, 0
615992, 2900, 4032, 884, 548, 20, 4, 1580, 0
615984, 2896, 4040, 888, 548, 20, 4, 1580, 0
615980, 2896, 4040, 884, 552, 20, 4, 1584, 0
615976, 2900, 4040, 884, 552, 20, 4, 1584, 0
615968, 2876, 4064, 888, 552, 20, 4, 1588, 0
615960, 2864, 4084, 880, 560, 20, 4, 1588, 0
615952, 2864, 4092, 880, 556, 20, 4, 1592, 0
615936, 2872, 4092, 884, 556, 20, 4, 1596, 0
615928, 2876, 4096, 884, 556, 20, 4, 1596, 0
615916, 2888, 4096, 884, 556, 20, 4, 1596, 0
615912, 2884, 4104, 884, 556, 20, 4, 1596, 0
615904, 2868, 4116, 884, 564, 20, 4, 1600, 0
615892, 2872, 4120, 880, 568, 20, 4, 1604, 0
615884, 2864, 4132, 884, 568, 20, 4, 1604, 0
615880, 2864, 4136, 880, 572, 20, 4, 1604, 0
615880, 2860, 4140, 880, 572, 20, 4, 1604, 0
615880, 2860, 4136, 880, 572, 20, 4, 1608, 0
615872, 2864, 4140, 876, 576, 20, 4, 1608, 0
615868, 2856, 4148, 872, 576, 24, 4, 1612, 0
615860, 2856, 4148, 872, 580, 24, 4, 1616, 0
615856, 2852, 4152, 872, 584, 24, 4, 1616, 0
615840, 2860, 4156, 872, 584, 24, 4, 1620, 0
615824, 2868, 4160, 876, 584, 24, 4, 1620, 0
615824, 2860, 4164, 872, 588, 24, 4, 1624, 0
615824, 2848, 4172, 872, 588, 24, 4, 1628, 0
615824, 2836, 4184, 872, 584, 24, 4, 1632, 0
615820, 2828, 4192, 876, 584, 24, 4, 1632, 0
615820, 2824, 4196, 876, 580, 24, 4, 1636, 0
615812, 2820, 4200, 880, 580, 24, 4, 1640, 0
615808, 2816, 4204, 880, 580, 24, 4, 1644, 0
615808, 2804, 4208, 884, 580, 24, 4, 1648, 0
615796, 2816, 4204, 884, 580, 24, 4, 1652, 0
615792, 2812, 4212, 884, 580, 24, 4, 1652, 0
615784, 2812, 4216, 884, 580, 24, 4, 1656, 0
615784, 2792, 4220, 892, 580, 24, 4, 1664, 0
615780, 2788, 4224, 896, 580, 24, 4, 1664, 0
615776, 2780, 4232, 900, 580, 24, 4, 1664, 0
615776, 2764, 4240, 908, 580, 24, 4, 1664, 0
615772, 2760, 4244, 904, 584, 20, 8, 1668, 0
615772, 2752, 4244, 908, 584, 20, 8, 1672, 0
615764, 2744, 4256, 912, 584, 20, 8, 1672, 0
615764, 2728, 4268, 912, 588, 20, 8, 1672, 0
615764, 2724, 4268, 912, 588, 20, 8, 1676, 0
615760, 2716, 4276, 916, 588, 20, 8, 1676, 0
615760, 2708, 4284, 916, 588, 20, 8, 1676, 0
615752, 2716, 4280, 916, 588, 20, 8, 1680, 0
615748, 2716, 4284, 912, 588, 20, 8, 1684, 0
615748, 2704, 4288, 912, 588, 20, 8, 1692, 0
615748, 2700, 4284, 912, 588, 20, 8, 1700, 0
615748, 2680, 4296, 920, 588, 20, 8, 1700, 0
615748, 2656, 4312, 928, 580, 20, 8, 1708, 0
615744, 2656, 4316, 928, 580, 20, 8, 1708, 0
615744, 2652, 4316, 928, 584, 20, 8, 1708, 0
615740, 2648, 4320, 924, 588, 20, 8, 1712, 0
615736, 2632, 4332, 932, 588, 20, 8, 1712, 0
615732, 2624, 4340, 928, 592, 20, 8, 1716, 0
615732, 2616, 4344, 932, 592, 20, 8, 1716, 0
615732, 2608, 4348, 932, 592, 20, 8, 1720, 0
615724, 2600, 4364, 928, 596, 20, 8, 1720, 0
615720, 2596, 4372, 928, 596, 20, 8, 1720, 0
615716, 2588, 4376, 928, 596, 20, 8, 1728, 0
615712, 2564, 4392, 928, 608, 20, 8, 1728, 0
615712, 2556, 4396, 928, 608, 20, 8, 1732, 0
615708, 2556, 4396, 932, 608, 20, 8, 1732, 0
615708, 2552, 4396, 932, 608, 20, 8, 1736, 0
615708, 2552, 4396, 928, 612, 20, 8, 1736, 0
615704, 2544, 4400, 932, 608, 20, 8, 1744, 0
615696, 2548, 4400, 924, 616, 20, 8, 1748, 0
615692, 2524, 4416, 932, 620, 20, 8, 1748, 0
615692, 2516, 4412, 940, 616, 20, 8, 1756, 0
615688, 2512, 4408, 948, 616, 20, 8, 1760, 0
615684, 2512, 4408, 944, 620, 20, 8, 1764, 0
615672, 2516, 4404, 952, 620, 20, 8, 1768, 0
615660, 2524, 4404, 948, 624, 20, 8, 1772, 0
615636, 2548, 4400, 948, 624, 20, 8, 1776, 0
615608, 2576, 4396, 940, 632, 20, 8, 1780, 0
615576, 2600, 4404, 940, 628, 20, 8, 1784, 0
615536, 2628, 4404, 940, 632, 20, 8, 1792, 0
615524, 2628, 4416, 936, 636, 20, 8, 1792, 0
615504, 2644, 4408, 940, 636, 20, 8, 1800, 0
615452, 2684, 4404, 948, 636, 20, 8, 1808, 0
615404, 2728, 4404, 944, 640, 20, 8, 1812, 0
615364, 2764, 4400, 948, 640, 20, 8, 1816, 0
615292, 2832, 4404, 940, 648, 20, 8, 1816, 0
615260, 2840, 4412, 952, 648, 20, 8, 1820, 0
615212, 2884, 4400, 952, 644, 20, 8, 1840, 0
615196, 2884, 4404, 948, 652, 20, 8, 1848, 0
615152, 2920, 4408, 944, 656, 20, 8, 1852, 0
615116, 2948, 4416, 944, 656, 20, 8, 1852, 0
615084, 2972, 4416, 944, 660, 20, 8, 1856, 0
615016, 3028, 4428, 944, 660, 20, 8, 1856, 0
614964, 3072, 4436, 944, 660, 20, 8, 1856, 0
614932, 3092, 4444, 948, 660, 20, 8, 1856, 0
614888, 3136, 4444, 948, 660, 20, 8, 1856, 0
614848, 3176, 4428, 948, 660, 20, 8, 1872, 0
614808, 3208, 4432, 944, 668, 20, 8, 1872, 0
614764, 3240, 4440, 948, 668, 20, 8, 1872, 0
614708, 3288, 4444, 948, 668, 20, 8, 1876, 0
614664, 3316, 4456, 944, 672, 20, 8, 1880, 0
614620, 3352, 4460, 948, 672, 20, 8, 1880, 0
614596, 3372, 4464, 948, 672, 20, 8, 1880, 0
614576, 3384, 4468, 952, 668, 20, 8, 1884, 0
614548, 3408, 4468, 948, 672, 20, 8, 1888, 0
614528, 3420, 4476, 948, 672, 20, 8, 1888, 0
614484, 3460, 4468, 944, 676, 24, 8, 1896, 0
614464, 3468, 4480, 944, 676, 24, 8, 1896, 0
614440, 3488, 4480, 940, 680, 24, 8, 1900, 0
614412, 3516, 4480, 940, 680, 24, 8, 1900, 0
614368, 3560, 4476, 936, 680, 24, 8, 1908, 0
614336, 3584, 4480, 936, 680, 24, 8, 1912, 0
614304, 3604, 4472, 944, 676, 24, 8, 1928, 0
614256, 3624, 4492, 948, 680, 24, 8, 1928, 0
614220, 3652, 4496, 952, 680, 24, 8, 1928, 0
614192, 3680, 4488, 952, 680, 24, 8, 1936, 0
614160, 3712, 4484, 944, 688, 24, 8, 1940, 0
614136, 3728, 4488, 936, 692, 24, 8, 1948, 0
614080, 3776, 4488, 932, 696, 24, 8, 1956, 0
614036, 3800, 4496, 940, 700, 24, 8, 1956, 0
614004, 3820, 4504, 940, 700, 24, 8, 1960, 0
613976, 3840, 4508, 940, 704, 24, 8, 1960, 0
613960, 3856, 4508, 936, 708, 24, 8, 1960, 0
613928, 3872, 4524, 936, 708, 24, 8, 1960, 0
613912, 3872, 4540, 936, 708, 24, 8, 1960, 0
613904, 3864, 4540, 944, 708, 24, 8, 1968, 0
613892, 3872, 4536, 944, 708, 24, 8, 1976, 0
613872, 3884, 4540, 944, 708, 24, 8, 1980, 0
613844, 3908, 4536, 944, 708, 24, 8, 1988, 0
613812, 3932, 4540, 940, 712, 24, 8, 1992, 0
613800, 3928, 4552, 936, 720, 24, 8, 1992, 0
613796, 3932, 4544, 936, 720, 24, 8, 2000, 0
613784, 3940, 4548, 936, 720, 24, 8, 2000, 0
613780, 3928, 4560, 928, 728, 24, 8, 2004, 0
613780, 3920, 4560, 924, 732, 24, 8, 2012, 0
613772, 3916, 4572, 924, 732, 24, 8, 2012, 0
613772, 3916, 4572, 924, 732, 24, 8, 2012, 0
613764, 3920, 4572, 920, 736, 24, 8, 2016, 0
613764, 3912, 4580, 916, 732, 24, 8, 2024, 0
613760, 3912, 4580, 920, 732, 24, 8, 2024, 0
613760, 3908, 4576, 920, 736, 24, 8, 2028, 0
613760, 3900, 4584, 920, 736, 24, 8, 2028, 0
613756, 3888, 4596, 924, 736, 24, 8, 2028, 0
613756, 3876, 4604, 924, 736, 24, 8, 2032, 0
613752, 3872, 4608, 920, 744, 24, 8, 2032, 0
613752, 3860, 4616, 924, 744, 24, 8, 2032, 0
613748, 3860, 4620, 924, 740, 24, 8, 2036, 0
613744, 3852, 4628, 928, 740, 24, 8, 2036, 0
613740, 3844, 4640, 928, 732, 24, 8, 2044, 0
613736, 3828, 4652, 928, 740, 24, 8, 2044, 0
613736, 3828, 4652, 928, 736, 24, 8, 2048, 0
613736, 3816, 4660, 924, 740, 24, 8, 2052, 0
613736, 3816, 4660, 916, 748, 24, 8, 2052, 0
613728, 3824, 4660, 916, 748, 24, 8, 2052, 0
613724, 3816, 4672, 916, 744, 24, 8, 2056, 0
613720, 3816, 4676, 912, 744, 24, 8, 2060, 0
613712, 3824, 4672, 912, 744, 24, 8, 2064, 0
613708, 3812, 4684, 916, 744, 24, 8, 2064, 0
613708, 3800, 4684, 920, 744, 24, 8, 2072, 0
613708, 3800, 4684, 920, 744, 24, 8, 2072, 0
613700, 3800, 4692, 920, 744, 24, 8, 2072, 0
613700, 3792, 4692, 924, 744, 24, 8, 2076, 0
613696, 3792, 4696, 924, 744, 24, 8, 2076, 0
613692, 3788, 4704, 924, 740, 24, 8, 2080, 0
613684, 3796, 4704, 924, 740, 24, 8, 2080, 0
613684, 3784, 4708, 932, 740, 24, 8, 2080, 0
613684, 3776, 4708, 924, 748, 24, 8, 2088, 0
613684, 3776, 4692, 924, 748, 24, 8, 2104, 0
613680, 3776, 4696, 916, 756, 24, 8, 2104, 0
613680, 3768, 4700, 916, 756, 24, 8, 2108, 0
613672, 3764, 4708, 916, 756, 24, 8, 2112, 0
613672, 3764, 4704, 912, 760, 24, 8, 2116, 0
613672, 3764, 4700, 912, 760, 24, 8, 2120, 0
613668, 3768, 4700, 912, 760, 24, 8, 2120, 0
613664, 3772, 4700, 912, 760, 24, 8, 2120, 0
613652, 3776, 4704, 912, 764, 24, 8, 2120, 0
613652, 3760, 4708, 920, 764, 24, 8, 2124, 0
613652, 3756, 4712, 916, 764, 24, 8, 2128, 0
613652, 3752, 4712, 920, 764, 24, 8, 2128, 0
613652, 3740, 4720, 924, 764, 24, 8, 2128, 0
613652, 3728, 4728, 928, 764, 24, 8, 2128, 0
613652, 3712, 4736, 932, 764, 24, 8, 2132, 0
613652, 3708, 4736, 932, 764, 24, 8, 2136, 0
613648, 3712, 4736, 924, 772, 24, 8, 2136, 0
613648, 3708, 4740, 920, 776, 24, 8, 2136, 0
613648, 3704, 4744, 920, 776, 24, 8, 2136, 0
613644, 3700, 4748, 920, 776, 24, 8, 2140, 0
613640, 3700, 4744, 920, 776, 24, 8, 2148, 0
613640, 3696, 4732, 924, 776, 24, 8, 2160, 0
613624, 3708, 4736, 924, 776, 24, 8, 2160, 0
613620, 3704, 4744, 924, 776, 24, 8, 2160, 0
613616, 3700, 4744, 920, 776, 24, 8, 2172, 0
613616, 3696, 4744, 916, 780, 24, 8, 2176, 0
613608, 3700, 4744, 916, 780, 24, 8, 2180, 0
613608, 3700, 4744, 916, 776, 24, 8, 2184, 0
613608, 3696, 4744, 916, 776, 24, 8, 2188, 0
613608, 3688, 4752, 916, 776, 24, 8, 2188, 0
613608, 3684, 4752, 916, 776, 24, 8, 2192, 0
613608, 3684, 4752, 916, 776, 24, 8, 2192, 0
613608, 3676, 4752, 916, 776, 24, 8, 2200, 0
613608, 3676, 4748, 916, 776, 24, 8, 2204, 0
613608, 3672, 4752, 916, 776, 24, 8, 2204, 0
613604, 3664, 4760, 920, 776, 24, 8, 2204, 0
613600, 3660, 4768, 920, 772, 24, 8, 2208, 0
613596, 3656, 4768, 912, 780, 24, 8, 2216, 0
613592, 3656, 4768, 912, 780, 24, 8, 2220, 0
613588, 3656, 4772, 904, 788, 24, 8, 2220, 0
613584, 3660, 4768, 904, 788, 24, 8, 2224, 0
613580, 3656, 4768, 900, 792, 24, 8, 2232, 0
613576, 3652, 4772, 900, 788, 24, 8, 2240, 0
613576, 3640, 4780, 904, 788, 24, 8, 2240, 0
613576, 3636, 4784, 900, 792, 24, 8, 2240, 0
613576, 3636, 4784, 896, 796, 24, 8, 2240, 0
613572, 3640, 4784, 892, 796, 24, 8, 2244, 0
613564, 3640, 4792, 892, 796, 24, 8, 2244, 0
613564, 3628, 4788, 888, 800, 24, 8, 2260, 0
613560, 3624, 4784, 892, 800, 24, 8, 2268, 0
613560, 3620, 4776, 888, 804, 24, 8, 2280, 0
613548, 3624, 4780, 884, 808, 24, 8, 2284, 0
613544, 3624, 4780, 888, 808, 24, 8, 2284, 0
613536, 3624, 4788, 884, 812, 24, 8, 2284, 0
613504, 3652, 4780, 876, 824, 24, 8, 2292, 0
613496, 3652, 4780, 872, 828, 24, 8, 2300, 0
613484, 3652, 4788, 876, 828, 24, 8, 2300, 0
613460, 3664, 4788, 876, 832, 24, 8, 2308, 0
613448, 3676, 4788, 872, 836, 24, 8, 2308, 0
613420, 3700, 4792, 868, 840, 24, 8, 2308, 0
613392, 3708, 4800, 872, 836, 24, 8, 2320, 0
613356, 3724, 4812, 872, 832, 24, 8, 2332, 0
613308, 3760, 4816, 876, 832, 24, 8, 2336, 0
613276, 3784, 4824, 872, 836, 24, 8, 2336, 0
613260, 3800, 4816, 872, 836, 24, 8, 2344, 0
613228, 3828, 4812, 868, 844, 24, 8, 2348, 0
613208, 3844, 4804, 872, 844, 24, 8, 2356, 0
613176, 3868, 4800, 868, 852, 24, 8, 2364, 0
613168, 3868, 4788, 864, 860, 24, 8, 2380, 0
613120, 3900, 4792, 872, 856, 24, 8, 2388, 0
613104, 3916, 4788, 872, 856, 24, 8, 2392, 0
613072, 3944, 4788, 872, 856, 24, 8, 2396, 0
613056, 3952, 4788, 872, 852, 24, 8, 2408, 0
613016, 3984, 4788, 872, 852, 24, 8, 2416, 0
613000, 3988, 4796, 876, 852, 24, 8, 2416, 0
612980, 4000, 4796, 876, 852, 24, 8, 2424, 0
612956, 4024, 4792, 876, 852, 24, 8, 2428, 0
612948, 4024, 4796, 872, 856, 24, 8, 2432, 0
612940, 4020, 4800, 868, 860, 24, 8, 2440, 0
612924, 4032, 4804, 864, 864, 24, 8, 2440, 0
612916, 4024, 4808, 868, 860, 24, 8, 2452, 0
612892, 4040, 4812, 860, 868, 24, 8, 2456, 0
612884, 4032, 4820, 864, 872, 24, 8, 2456, 0
612872, 4040, 4820, 864, 868, 24, 8, 2464, 0
612864, 4048, 4820, 864, 868, 24, 8, 2464, 0
612836, 4072, 4824, 860, 868, 24, 8, 2468, 0
612832, 4072, 4820, 864, 868, 24, 8, 2472, 0
612808, 4084, 4824, 868, 864, 24, 8, 2480, 0
612780, 4104, 4824, 872, 864, 24, 8, 2484, 0
612756, 4128, 4824, 872, 864, 24, 8, 2484, 0
612720, 4160, 4828, 872, 864, 24, 8, 2484, 0
612708, 4164, 4820, 872, 868, 24, 8, 2496, 0
612672, 4192, 4816, 876, 864, 24, 8, 2508, 0
612660, 4196, 4812, 880, 864, 24, 8, 2516, 0
612636, 4216, 4812, 880, 868, 24, 8, 2516, 0
612628, 4224, 4812, 880, 868, 24, 8, 2516, 0
612600, 4240, 4820, 884, 868, 24, 8, 2516, 0
612580, 4260, 4816, 884, 868, 24, 8, 2520, 0
612564, 4272, 4816, 876, 872, 24, 8, 2528, 0
612532, 4292, 4824, 876, 872, 24, 8, 2532, 0
612520, 4296, 4828, 880, 872, 24, 8, 2532, 0
612504, 4300, 4836, 880, 876, 24, 8, 2532, 0
612476, 4324, 4836, 876, 884, 24, 8, 2532, 0
612472, 4320, 4840, 880, 884, 24, 8, 2532, 0
612460, 4332, 4836, 880, 884, 24, 8, 2536, 0
612444, 4336, 4844, 884, 884, 24, 8, 2536, 0
612420, 4356, 4844, 884, 884, 24, 8, 2540, 0
612400, 4368, 4848, 888, 884, 24, 8, 2540, 0
612400, 4364, 4848, 888, 884, 24, 8, 2544, 0
612392, 4352, 4852, 888, 892, 24, 8, 2552, 0
612392, 4344, 4852, 896, 892, 24, 8, 2552, 0
612392, 4344, 4852, 896, 888, 24, 8, 2556, 0
612392, 4336, 4848, 896, 888, 24, 8, 2568, 0
612388, 4332, 4856, 896, 884, 24, 8, 2572, 0
612384, 4332, 4860, 892, 888, 24, 8, 2572, 0
612372, 4340, 4860, 892, 888, 24, 8, 2576, 0
612368, 4336, 4864, 892, 892, 24, 8, 2576, 0
612368, 4324, 4876, 892, 892, 24, 8, 2576, 0
612364, 4328, 4872, 892, 888, 24, 8, 2584, 0
612360, 4328, 4876, 888, 892, 24, 8, 2584, 0
612360, 4324, 4876, 892, 892, 24, 8, 2584, 0
612356, 4316, 4880, 892, 896, 24, 8, 2588, 0
612352, 4316, 4880, 892, 892, 24, 8, 2596, 0
612352, 4304, 4880, 896, 892, 24, 8, 2604, 0
612348, 4304, 4872, 900, 892, 24, 8, 2612, 0
612348, 4300, 4872, 900, 892, 24, 8, 2616, 0
612340, 4300, 4876, 904, 892, 24, 8, 2616, 0
612336, 4300, 4876, 904, 888, 24, 8, 2624, 0
612336, 4296, 4876, 904, 888, 24, 8, 2628, 0
612336, 4296, 4868, 904, 888, 24, 8, 2636, 0
612332, 4288, 4876, 904, 884, 24, 8, 2644, 0
612328, 4292, 4872, 900, 888, 24, 8, 2648, 0
612328, 4280, 4880, 904, 884, 24, 8, 2652, 0
612328, 4276, 4880, 904, 884, 24, 8, 2656, 0
612324, 4264, 4884, 900, 892, 24, 8, 2664, 0
612320, 4264, 4884, 904, 892, 24, 8, 2664, 0
612312, 4268, 4884, 904, 892, 24, 8, 2668, 0
612312, 4256, 4884, 912, 888, 24, 8, 2676, 0
612312, 4248, 4884, 916, 884, 24, 8, 2684, 0
612312, 4240, 4888, 912, 892, 24, 8, 2684, 0
612308, 4228, 4900, 908, 900, 24, 8, 2684, 0
612308, 4220, 4908, 908, 900, 24, 8, 2684, 0
612308, 4208, 4916, 908, 900, 24, 8, 2688, 0
612308, 4208, 4916, 904, 904, 24, 8, 2688, 0
612308, 4196, 4920, 908, 904, 24, 8, 2692, 0
612308, 4180, 4936, 904, 900, 24, 8, 2700, 0
612304, 4184, 4932, 900, 904, 24, 8, 2704, 0
612304, 4176, 4940, 896, 896, 24, 8, 2716, 0
612304, 4164, 4948, 896, 900, 24, 8, 2716, 0
612304, 4164, 4948, 892, 904, 24, 8, 2716, 0
612304, 4136, 4972, 892, 908, 24, 8, 2716, 0
612296, 4128, 4976, 892, 916, 24, 8, 2720, 0
612296, 4112, 4992, 888, 920, 24, 8, 2720, 0
612296, 4104, 4996, 884, 924, 24, 8, 2724, 0
612296, 4092, 5000, 888, 924, 24, 8, 2728, 0
612296, 4088, 4996, 888, 928, 24, 8, 2732, 0
612296, 4076, 5004, 892, 928, 24, 8, 2732, 0
612296, 4072, 5004, 892, 928, 24, 8, 2736, 0
612296, 4064, 5004, 896, 932, 24, 8, 2736, 0
612292, 4064, 4996, 896, 928, 28, 8, 2748, 0
612292, 4056, 5000, 896, 928, 28, 8, 2752, 0
612284, 4064, 4996, 896, 928, 28, 8, 2756, 0
612284, 4056, 5000, 892, 932, 28, 8, 2760, 0
612284, 4036, 5008, 900, 932, 28, 8, 2764, 0
612284, 4028, 5004, 904, 928, 28, 8, 2776, 0
612280, 4024, 5008, 908, 928, 28, 8, 2776, 0
612280, 4008, 5020, 908, 932, 28, 8, 2776, 0
612280, 4000, 5028, 908, 932, 28, 8, 2776, 0
612280, 3988, 5036, 912, 932, 28, 8, 2776, 0
612276, 3980, 5040, 916, 932, 28, 8, 2780, 0
612272, 3972, 5044, 916, 932, 28, 8, 2788, 0
612272, 3964, 5052, 916, 932, 28, 8, 2788, 0
612268, 3964, 5044, 916, 928, 28, 8, 2804, 0
612268, 3944, 5060, 920, 928, 28, 8, 2804, 0
612268, 3936, 5064, 924, 928, 28, 8, 2804, 0
612264, 3928, 5072, 924, 932, 28, 8, 2804, 0
612260, 3932, 5060, 924, 932, 28, 8, 2816, 0
612260, 3920, 5068, 928, 932, 28, 8, 2816, 0
612256, 3920, 5068, 924, 936, 28, 8, 2820, 0
612256, 3920, 5068, 924, 936, 28, 8, 2820, 0
612256, 3912, 5076, 924, 936, 28, 8, 2820, 0
612256, 3896, 5092, 924, 936, 28, 8, 2820, 0
612252, 3896, 5092, 928, 932, 28, 8, 2824, 0
612252, 3896, 5092, 924, 936, 28, 8, 2824, 0
612252, 3876, 5104, 928, 940, 28, 8, 2824, 0
612252, 3860, 5120, 928, 936, 28, 8, 2828, 0
612252, 3856, 5124, 928, 936, 28, 8, 2828, 0
612248, 3848, 5128, 928, 936, 28, 8, 2836, 0
612236, 3848, 5140, 928, 936, 28, 8, 2836, 0
612232, 3844, 5148, 924, 940, 28, 8, 2836, 0
612228, 3844, 5148, 920, 944, 28, 8, 2840, 0
612224, 3844, 5148, 916, 944, 28, 8, 2848, 0
612224, 3828, 5160, 916, 940, 28, 8, 2856, 0
612220, 3824, 5164, 916, 940, 28, 8, 2860, 0
612216, 3808, 5176, 916, 940, 28, 8, 2868, 0
612208, 3808, 5180, 916, 940, 28, 8, 2872, 0
612188, 3812, 5188, 908, 944, 28, 8, 2884, 0
612176, 3816, 5192, 908, 936, 28, 8, 2896, 0
612156, 3836, 5188, 908, 932, 28, 8, 2904, 0
612132, 3856, 5180, 904, 940, 28, 8, 2912, 0
612096, 3892, 5180, 904, 936, 28, 8, 2916, 0
612076, 3896, 5184, 908, 936, 28, 8, 2924, 0
612048, 3916, 5188, 904, 940, 28, 8, 2928, 0
612016, 3928, 5200, 904, 940, 28, 8, 2936, 0
612012, 3924, 5204, 904, 940, 28, 8, 2940, 0
612008, 3924, 5204, 908, 940, 28, 8, 2940, 0
611980, 3944, 5200, 912, 940, 28, 8, 2948, 0
611956, 3964, 5196, 916, 936, 28, 8, 2956, 0
611944, 3972, 5184, 916, 932, 28, 8, 2976, 0
611924, 3984, 5188, 916, 932, 28, 8, 2980, 0
611900, 4000, 5192, 916, 928, 28, 8, 2988, 0
611884, 4008, 5196, 916, 924, 28, 8, 2996, 0
611832, 4052, 5188, 920, 924, 28, 8, 3008, 0
611804, 4068, 5188, 924, 920, 28, 8, 3020, 0
611768, 4096, 5192, 924, 920, 28, 8, 3024, 0
611756, 4096, 5200, 920, 924, 28, 8, 3028, 0
611732, 4120, 5200, 916, 928, 28, 8, 3028, 0
611720, 4132, 5200, 912, 932, 28, 8, 3028, 0
611708, 4132, 5204, 912, 936, 28, 8, 3032, 0
611692, 4144, 5196, 908, 940, 28, 8, 3044, 0
611672, 4160, 5196, 908, 940, 28, 8, 3048, 0
611652, 4168, 5200, 908, 940, 28, 8, 3056, 0
611644, 4168, 5200, 908, 940, 28, 8, 3064, 0
611632, 4180, 5196, 908, 940, 28, 8, 3068, 0
611612, 4192, 5196, 908, 940, 28, 8, 3076, 0
611600, 4200, 5196, 904, 948, 28, 8, 3076, 0
611588, 4204, 5192, 908, 948, 28, 8, 3084, 0
611580, 4200, 5200, 912, 940, 28, 8, 3092, 0
611568, 4200, 5208, 912, 940, 28, 8, 3096, 0
611540, 4224, 5204, 912, 944, 28, 8, 3100, 0
611524, 4236, 5204, 908, 944, 28, 8, 3108, 0
611504, 4248, 5212, 908, 944, 28, 8, 3108, 0
611488, 4244, 5228, 908, 948, 28, 8, 3108, 0
611456, 4268, 5236, 908, 944, 28, 8, 3112, 0
611444, 4268, 5248, 908, 944, 28, 8, 3112, 0
611428, 4280, 5240, 912, 944, 28, 8, 3120, 0
611412, 4292, 5240, 908, 944, 28, 8, 3128, 0
611400, 4300, 5232, 912, 944, 28, 8, 3136, 0
611368, 4332, 5220, 912, 944, 28, 8, 3148, 0
611344, 4352, 5216, 916, 940, 28, 8, 3156, 0
611320, 4364, 5216, 924, 940, 28, 8, 3160, 0
611304, 4368, 5220, 928, 940, 28, 8, 3164, 0
611284, 4372, 5228, 932, 940, 28, 8, 3168, 0
611252, 4384, 5236, 936, 940, 28, 8, 3176, 0
611248, 4372, 5236, 940, 940, 28, 8, 3188, 0
611236, 4372, 5236, 936, 944, 28, 8, 3200, 0
611216, 4376, 5248, 940, 944, 28, 8, 3200, 0
611196, 4396, 5248, 940, 940, 28, 8, 3204, 0
611176, 4412, 5244, 940, 944, 28, 8, 3208, 0
611172, 4404, 5248, 936, 940, 32, 8, 3220, 0
611148, 4412, 5256, 940, 940, 32, 8, 3224, 0
611124, 4428, 5264, 940, 940, 32, 8, 3224, 0
611124, 4412, 5260, 936, 948, 32, 8, 3240, 0
611120, 4400, 5264, 940, 952, 32, 8, 3244, 0
611112, 4396, 5264, 944, 952, 32, 8, 3252, 0
611108, 4396, 5264, 944, 948, 32, 8, 3260, 0
611108, 4388, 5268, 948, 944, 32, 8, 3264, 0
611108, 4380, 5268, 948, 944, 32, 8, 3272, 0
611108, 4372, 5268, 948, 948, 32, 8, 3276, 0
611108, 4360, 5268, 948, 952, 32, 8, 3284, 0
611104, 4356, 5276, 948, 952, 32, 8, 3284, 0
611104, 4340, 5288, 948, 956, 32, 8, 3284, 0
611096, 4344, 5284, 948, 956, 32, 8, 3292, 0
611096, 4336, 5288, 948, 960, 32, 8, 3292, 0
611096, 4332, 5280, 948, 964, 32, 8, 3300, 0
611096, 4328, 5280, 948, 964, 32, 8, 3304, 0
611096, 4316, 5292, 948, 960, 32, 8, 3308, 0
611096, 4304, 5300, 944, 960, 32, 8, 3316, 0
611096, 4304, 5296, 936, 968, 32, 8, 3320, 0
611092, 4288, 5304, 948, 968, 32, 8, 3320, 0
611088, 4284, 5308, 948, 972, 32, 8, 3320, 0
611088, 4272, 5316, 948, 972, 32, 8, 3324, 0
611080, 4280, 5316, 944, 976, 32, 8, 3324, 0
611072, 4280, 5320, 948, 976, 32, 8, 3324, 0
611064, 4272, 5324, 948, 976, 32, 8, 3336, 0
611064, 4256, 5340, 948, 976, 32, 8, 3336, 0
611064, 4244, 5348, 948, 980, 32, 8, 3336, 0
611064, 4236, 5348, 948, 984, 32, 8, 3340, 0
611060, 4220, 5364, 944, 988, 32, 8, 3344, 0
611060, 4216, 5360, 948, 988, 32, 8, 3348, 0
611048, 4224, 5356, 948, 992, 32, 8, 3352, 0
611048, 4220, 5356, 952, 988, 36, 8, 3352, 0
611048, 4216, 5356, 952, 992, 36, 8, 3352, 0
611044, 4212, 5360, 952, 996, 36, 8, 3352, 0
611040, 4204, 5368, 948, 1000, 36, 8, 3356, 0
611036, 4200, 5368, 948, 1000, 40, 8, 3360, 0
611036, 4192, 5372, 948, 1000, 36, 12, 3364, 0
611036, 4192, 5372, 944, 1004, 36, 12, 3364, 0
611028, 4196, 5372, 948, 1004, 36, 12, 3364, 0
611028, 4192, 5376, 948, 1004, 36, 12, 3364, 0
611024, 4196, 5372, 944, 1008, 36, 12, 3368, 0
611024, 4192, 5376, 944, 1008, 36, 12, 3368, 0
611020, 4180, 5376, 952, 1008, 36, 12, 3376, 0
611016, 4180, 5364, 940, 1020, 36, 12, 3392, 0
611008, 4172, 5376, 944, 1020, 36, 12, 3392, 0
611008, 4164, 5372, 944, 1020, 36, 12, 3404, 0
611008, 4156, 5368, 944, 1016, 36, 12, 3420, 0
611008, 4144, 5376, 940, 1020, 36, 12, 3424, 0
611008, 4116, 5388, 952, 1020, 36, 12, 3428, 0
610996, 4104, 5396, 960, 1016, 36, 12, 3440, 0
610996, 4104, 5392, 960, 1016, 36, 12, 3444, 0
610996, 4096, 5396, 964, 1016, 36, 12, 3444, 0
610996, 4088, 5392, 968, 1020, 36, 12, 3448, 0
610996, 4080, 5396, 972, 1016, 36, 12, 3452, 0
610996, 4064, 5400, 980, 1016, 36, 12, 3456, 0
610992, 4060, 5408, 980, 1016, 36, 12, 3456, 0
610992, 4044, 5420, 976, 1020, 36, 12, 3460, 0
610988, 4048, 5420, 972, 1024, 36, 12, 3460, 0
610984, 4048, 5424, 968, 1028, 36, 12, 3460, 0
610984, 4044, 5424, 968, 1024, 40, 12, 3464, 0
610980, 4044, 5424, 968, 1028, 40, 12, 3464, 0
610976, 4036, 5432, 960, 1040, 40, 12, 3464, 0
610976, 4020, 5444, 960, 1044, 40, 12, 3464, 0
610972, 4012, 5456, 952, 1052, 40, 12, 3464, 0
610968, 3996, 5472, 956, 1048, 40, 12, 3468, 0
610964, 3992, 5468, 964, 1044, 40, 12, 3476, 0
610960, 3984, 5472, 964, 1048, 40, 12, 3480, 0
610960, 3976, 5472, 964, 1048, 40, 12, 3488, 0
610960, 3964, 5476, 972, 1048, 40, 12, 3488, 0
610960, 3956, 5476, 972, 1048, 40, 12, 3496, 0
610952, 3944, 5496, 968, 1048, 40, 12, 3500, 0
610952, 3932, 5496, 976, 1048, 40, 12, 3504, 0
610952, 3912, 5492, 984, 1048, 40, 12, 3520, 0
610952, 3908, 5496, 984, 1044, 40, 12, 3524, 0
610948, 3896, 5500, 992, 1036, 40, 12, 3536, 0
610944, 3888, 5496, 1000, 1036, 40, 12, 3544, 0
610944, 3876, 5500, 1000, 1036, 40, 12, 3552, 0
610940, 3868, 5504, 1004, 1036, 40, 12, 3556, 0
610936, 3868, 5500, 1004, 1036, 40, 12, 3564, 0
610932, 3860, 5500, 1008, 1036, 40, 12, 3572, 0
610932, 3844, 5504, 1008, 1036, 40, 12, 3584, 0
610932, 3828, 5508, 1012, 1036, 40, 12, 3592, 0
610924, 3836, 5500, 1012, 1028, 40, 12, 3608, 0
610924, 3828, 5500, 1000, 1040, 40, 12, 3616, 0
610924, 3816, 5496, 1004, 1040, 40, 12, 3628, 0
610924, 3812, 5500, 1004, 1040, 40, 12, 3628, 0
610924, 3804, 5496, 1008, 1040, 40, 12, 3636, 0
610916, 3808, 5500, 1004, 1040, 40, 12, 3640, 0
610916, 3796, 5496, 1008, 1044, 40, 12, 3648, 0
610904, 3796, 5504, 1012, 1040, 40, 12, 3652, 0
610884, 3808, 5508, 1008, 1044, 40, 12, 3656, 0
610868, 3808, 5516, 1004, 1048, 40, 12, 3664, 0
610864, 3812, 5500, 1004, 1048, 40, 12, 3680, 0
610848, 3820, 5508, 1000, 1052, 40, 12, 3680, 0
610844, 3808, 5520, 1000, 1048, 40, 12, 3688, 0
610812, 3836, 5516, 1000, 1044, 40, 12, 3700, 0
610792, 3856, 5512, 1000, 1044, 40, 12, 3704, 0
610780, 3848, 5516, 1004, 1044, 40, 12, 3716, 0
610756, 3872, 5516, 1004, 1044, 40, 12, 3716, 0
610736, 3884, 5524, 1004, 1044, 40, 12, 3716, 0
610696, 3904, 5540, 1008, 1044, 40, 12, 3716, 0
610676, 3908, 5548, 1008, 1048, 40, 12, 3720, 0
610636, 3940, 5552, 1008, 1048, 40, 12, 3724, 0
610596, 3976, 5552, 1012, 1044, 44, 12, 3724, 0
610592, 3968, 5556, 1020, 1044, 44, 12, 3724, 0
610580, 3968, 5568, 1016, 1044, 44, 12, 3728, 0
610560, 3968, 5580, 1020, 1040, 44, 12, 3736, 0
610544, 3968, 5588, 1024, 1040, 44, 12, 3740, 0
610516, 3996, 5588, 1024, 1040, 44, 12, 3740, 0
610504, 3996, 5596, 1028, 1040, 44, 12, 3740, 0
610468, 4032, 5592, 1028, 1040, 44, 12, 3744, 0
610444, 4052, 5584, 1024, 1040, 44, 12, 3760, 0
610408, 4088, 5572, 1024, 1040, 44, 12, 3772, 0
610396, 4084, 5584, 1024, 1044, 44, 12, 3772, 0
610372, 4100, 5580, 1024, 1048, 44, 12, 3780, 0
610364, 4096, 5584, 1028, 1048, 44, 12, 3784, 0
610344, 4108, 5584, 1032, 1044, 44, 12, 3792, 0
610328, 4120, 5580, 1032, 1048, 44, 12, 3796, 0
610316, 4120, 5588, 1036, 1048, 44, 12, 3796, 0
610308, 4120, 5596, 1032, 1048, 44, 12, 3800, 0
610288, 4128, 5600, 1032, 1048, 44, 12, 3808, 0
610280, 4132, 5592, 1032, 1048, 44, 12, 3820, 0
610256, 4152, 5592, 1032, 1048, 44, 12, 3824, 0
610236, 4168, 5596, 1032, 1048, 44, 12, 3824, 0
610220, 4176, 5604, 1032, 1048, 44, 12, 3824, 0
610200, 4188, 5596, 1032, 1052, 44, 12, 3836, 0
610192, 4188, 5592, 1028, 1052, 44, 12, 3852, 0
610176, 4196, 5592, 1028, 1052, 44, 12, 3860, 0
610148, 4216, 5584, 1032, 1048, 44, 12, 3876, 0
610136, 4224, 5580, 1032, 1048, 44, 12, 3884, 0
610124, 4220, 5596, 1032, 1048, 44, 12, 3884, 0
610108, 4220, 5604, 1040, 1048, 44, 12, 3884, 0
610092, 4220, 5604, 1044, 1052, 44, 12, 3892, 0
610068, 4236, 5604, 1048, 1048, 44, 12, 3900, 0
610060, 4228, 5616, 1052, 1048, 44, 12, 3900, 0
610044, 4244, 5616, 1052, 1048, 44, 12, 3900, 0
610028, 4256, 5612, 1048, 1048, 44, 12, 3912, 0
610012, 4268, 5608, 1052, 1048, 44, 12, 3916, 0
609988, 4284, 5608, 1056, 1044, 44, 12, 3924, 0
609968, 4288, 5620, 1056, 1040, 44, 12, 3932, 0
609960, 4280, 5632, 1056, 1040, 44, 12, 3936, 0
609952, 4284, 5632, 1052, 1040, 44, 12, 3944, 0
609944, 4288, 5632, 1052, 1044, 44, 12, 3944, 0
609936, 4292, 5636, 1052, 1044, 44, 12, 3944, 0
609920, 4300, 5632, 1056, 1044, 44, 12, 3952, 0
609920, 4300, 5628, 1056, 1044, 44, 12, 3956, 0
609912, 4296, 5632, 1060, 1048, 44, 12, 3956, 0
609912, 4284, 5636, 1060, 1044, 44, 12, 3968, 0
609892, 4300, 5632, 1060, 1040, 44, 12, 3980, 0
609892, 4276, 5648, 1064, 1040, 44, 12, 3984, 0
609876, 4288, 5652, 1064, 1040, 44, 12, 3984, 0
609872, 4292, 5652, 1064, 1040, 44, 12, 3984, 0
609868, 4284, 5660, 1060, 1040, 48, 12, 3988, 0
609864, 4288, 5652, 1060, 1040, 48, 12, 3996, 0
609856, 4284, 5660, 1064, 1040, 48, 12, 3996, 0
609844, 4296, 5656, 1064, 1040, 48, 12, 4000, 0
609840, 4280, 5660, 1068, 1040, 48, 12, 4012, 0
609836, 4264, 5676, 1072, 1040, 48, 12, 4012, 0
609836, 4256, 5680, 1072, 1040, 48, 12, 4016, 0
609836, 4256, 5676, 1072, 1036, 48, 12, 4024, 0
609836, 4228, 5688, 1076, 1036, 48, 12, 4036, 0
609828, 4228, 5692, 1076, 1036, 48, 12, 4040, 0
609824, 4228, 5692, 1076, 1036, 48, 12, 4044, 0
609820, 4224, 5700, 1076, 1028, 48, 12, 4052, 0
609812, 4228, 5696, 1076, 1028, 48, 12, 4060, 0
609800, 4236, 5700, 1076, 1016, 52, 12, 4068, 0
609800, 4228, 5704, 1068, 1028, 52, 12, 4068, 0
609780, 4232, 5712, 1072, 1024, 52, 12, 4076, 0
609776, 4232, 5712, 1072, 1020, 52, 12, 4084, 0
609768, 4232, 5712, 1072, 1020, 52, 12, 4092, 0
609760, 4228, 5712, 1076, 1024, 52, 12, 4096, 0
609756, 4228, 5704, 1076, 1024, 52, 12, 4108, 0
609752, 4220, 5708, 1076, 1024, 52, 12, 4116, 0
609748, 4224, 5704, 1072, 1028, 52, 12, 4120, 0
609748, 4212, 5704, 1076, 1032, 52, 12, 4124, 0
609744, 4196, 5712, 1080, 1036, 52, 12, 4128, 0
609744, 4188, 5716, 1080, 1036, 52, 12, 4132, 0
609740, 4192, 5708, 1080, 1032, 52, 12, 4144, 0
609736, 4184, 5720, 1076, 1028, 52, 12, 4152, 0
609736, 4172, 5732, 1068, 1036, 52, 12, 4152, 0
609732, 4168, 5724, 1076, 1032, 52, 12, 4164, 0
609732, 4160, 5732, 1076, 1032, 52, 12, 4164, 0
609728, 4156, 5732, 1076, 1032, 52, 12, 4172, 0
609724, 4156, 5736, 1076, 1032, 52, 12, 4172, 0
609720, 4140, 5752, 1080, 1032, 52, 12, 4172, 0
609716, 4136, 5752, 1080, 1032, 52, 12, 4180, 0
609716, 4124, 5760, 1080, 1028, 52, 12, 4188, 0
609716, 4096, 5776, 1092, 1028, 52, 12, 4188, 0
609716, 4084, 5780, 1092, 1028, 52, 12, 4196, 0
609716, 4080, 5780, 1088, 1028, 52, 12, 4204, 0
609716, 4072, 5780, 1092, 1020, 52, 12, 4216, 0
609712, 4052, 5784, 1096, 1020, 52, 12, 4232, 0
609704, 4044, 5788, 1108, 1016, 52, 12, 4236, 0
609704, 4032, 5792, 1104, 1020, 52, 12, 4244, 0
609704, 4024, 5788, 1104, 1020, 52, 12, 4256, 0
609692, 4024, 5800, 1096, 1028, 52, 12, 4256, 0
609692, 4008, 5808, 1104, 1024, 52, 12, 4260, 0
609688, 4004, 5812, 1108, 1024, 52, 12, 4260, 0
609688, 3988, 5812, 1116, 1024, 52, 12, 4268, 0
609676, 3992, 5808, 1124, 1024, 52, 12, 4272, 0
609672, 3992, 5796, 1116, 1036, 52, 12, 4284, 0
609672, 3976, 5808, 1112, 1040, 52, 12, 4288, 0
609668, 3968, 5812, 1116, 1040, 52, 12, 4292, 0
609664, 3956, 5820, 1124, 1036, 52, 12, 4296, 0
609664, 3944, 5832, 1124, 1032, 52, 12, 4300, 0
609664, 3928, 5844, 1120, 1036, 52, 12, 4304, 0
609660, 3924, 5852, 1116, 1040, 52, 12, 4304, 0
609648, 3928, 5856, 1116, 1036, 52, 12, 4312, 0
609640, 3928, 5856, 1120, 1036, 52, 12, 4316, 0
609640, 3912, 5860, 1128, 1032, 52, 12, 4324, 0
609640, 3900, 5872, 1128, 1032, 52, 12, 4324, 0
609640, 3896, 5872, 1124, 1036, 52, 12, 4328, 0
609636, 3892, 5880, 1124, 1032, 52, 12, 4332, 0
609628, 3884, 5896, 1120, 1028, 60, 12, 4332, 0
609624, 3876, 5896, 1116, 1032, 60, 12, 4344, 0
609620, 3872, 5896, 1112, 1036, 60, 12, 4352, 0
609620, 3860, 5904, 1112, 1036, 60, 12, 4356, 0
609616, 3856, 5904, 1108, 1040, 60, 12, 4364, 0
609616, 3848, 5912, 1108, 1032, 60, 12, 4372, 0
609616, 3840, 5912, 1104, 1036, 60, 12, 4380, 0
609616, 3836, 5912, 1100, 1044, 60, 12, 4380, 0
609616, 3836, 5912, 1100, 1044, 60, 12, 4380, 0
609612, 3824, 5920, 1096, 1052, 60, 12, 4384, 0
609608, 3804, 5936, 1100, 1052, 64, 12, 4384, 0
609592, 3808, 5928, 1108, 1052, 64, 12, 4396, 0
609592, 3796, 5936, 1104, 1056, 64, 12, 4400, 0
609592, 3788, 5936, 1104, 1052, 64, 12, 4412, 0
609588, 3776, 5936, 1108, 1052, 64, 12, 4424, 0
609580, 3776, 5928, 1112, 1044, 64, 12, 4444, 0
609580, 3768, 5928, 1100, 1056, 64, 12, 4452, 0
609580, 3764, 5928, 1100, 1056, 64, 12, 4456, 0
609580, 3756, 5932, 1104, 1056, 64, 12, 4456, 0
609572, 3752, 5932, 1112, 1056, 64, 12, 4460, 0
609556, 3756, 5936, 1108, 1060, 64, 12, 4468, 0
609540, 3756, 5948, 1104, 1064, 64, 12, 4472, 0
609528, 3748, 5956, 1112, 1060, 68, 12, 4476, 0
609504, 3764, 5960, 1112, 1060, 68, 12, 4480, 0
609480, 3768, 5976, 1116, 1060, 68, 12, 4480, 0
609460, 3784, 5976, 1116, 1052, 68, 12, 4492, 0
609436, 3800, 5980, 1116, 1048, 68, 12, 4500, 0
609416, 3816, 5972, 1108, 1056, 68, 12, 4512, 0
609400, 3828, 5972, 1104, 1056, 68, 12, 4520, 0
609396, 3820, 5980, 1104, 1060, 68, 12, 4520, 0
609360, 3848, 5984, 1104, 1060, 68, 12, 4524, 0
609336, 3864, 5988, 1104, 1060, 68, 12, 4528, 0
609312, 3876, 5980, 1112, 1060, 68, 12, 4540, 0
609288, 3888, 5980, 1112, 1060, 68, 12, 4552, 0
609260, 3912, 5976, 1112, 1060, 68, 12, 4560, 0
609228, 3944, 5972, 1112, 1060, 68, 12, 4564, 0
609216, 3952, 5972, 1112, 1060, 68, 12, 4568, 0
609196, 3964, 5964, 1120, 1060, 68, 12, 4576, 0
609164, 3980, 5972, 1120, 1064, 68, 12, 4580, 0
609136, 4000, 5976, 1120, 1064, 68, 12, 4584, 0
609108, 4020, 5972, 1124, 1064, 68, 12, 4592, 0
609080, 4040, 5972, 1120, 1060, 68, 12, 4608, 0
609056, 4064, 5972, 1120, 1056, 68, 12, 4612, 0
609016, 4084, 5984, 1128, 1056, 68, 12, 4612, 0
609008, 4076, 5988, 1136, 1056, 68, 12, 4616, 0
608988, 4092, 5980, 1132, 1056, 68, 12, 4632, 0
608956, 4104, 5996, 1128, 1060, 68, 12, 4636, 0
608944, 4104, 6004, 1128, 1064, 68, 12, 4636, 0
608912, 4120, 6020, 1128, 1064, 68, 12, 4636, 0
608908, 4104, 6028, 1136, 1064, 68, 12, 4640, 0
608892, 4104, 6024, 1140, 1064, 68, 12, 4656, 0
608876, 4116, 6020, 1140, 1064, 68, 12, 4664, 0
608864, 4116, 6016, 1144, 1064, 68, 12, 4676, 0
608824, 4144, 6024, 1132, 1076, 68, 12, 4680, 0
608796, 4168, 6024, 1132, 1080, 68, 12, 4680, 0
608780, 4180, 6024, 1128, 1084, 68, 12, 4684, 0
608768, 4176, 6024, 1136, 1080, 68, 12, 4696, 0
608744, 4196, 6024, 1136, 1080, 68, 12, 4700, 0
608732, 4196, 6032, 1136, 1084, 68, 12, 4700, 0
608692, 4232, 6028, 1132, 1088, 68, 12, 4708, 0
608652, 4264, 6028, 1136, 1092, 68, 12, 4708, 0
608624, 4276, 6040, 1136, 1084, 68, 12, 4720, 0
608596, 4296, 6040, 1136, 1084, 68, 12, 4728, 0
608572, 4316, 6032, 1132, 1084, 68, 12, 4744, 0
608540, 4336, 6028, 1136, 1084, 68, 12, 4756, 0
608524, 4340, 6036, 1132, 1092, 68, 12, 4756, 0
608520, 4340, 6028, 1128, 1100, 68, 12, 4764, 0
608504, 4352, 6032, 1128, 1096, 68, 12, 4768, 0
608488, 4352, 6032, 1136, 1096, 68, 12, 4776, 0
608448, 4392, 6028, 1132, 1100, 68, 12, 4780, 0
608416, 4416, 6028, 1132, 1096, 68, 12, 4792, 0
608400, 4428, 6024, 1132, 1096, 68, 12, 4800, 0
608380, 4436, 6028, 1136, 1096, 68, 12, 4804, 0
608372, 4424, 6028, 1144, 1096, 68, 12, 4816, 0
608364, 4428, 6028, 1144, 1092, 68, 12, 4824, 0
608352, 4436, 6024, 1140, 1092, 68, 12, 4836, 0
608352, 4428, 6028, 1140, 1096, 68, 12, 4836, 0
608344, 4424, 6024, 1140, 1100, 68, 12, 4848, 0
608340, 4424, 6016, 1144, 1100, 68, 12, 4856, 0
608336, 4416, 6016, 1148, 1104, 68, 12, 4860, 0
608332, 4412, 6024, 1148, 1104, 68, 12, 4860, 0
608332, 4404, 6024, 1140, 1108, 68, 12, 4872, 0
608332, 4404, 6020, 1140, 1108, 68, 12, 4876, 0
608324, 4408, 6024, 1132, 1116, 68, 12, 4876, 0
608316, 4400, 6036, 1132, 1116, 68, 12, 4880, 0
608312, 4404, 6028, 1132, 1116, 68, 12, 4888, 0
608296, 4404, 6024, 1144, 1116, 68, 12, 4896, 0
608288, 4400, 6024, 1148, 1112, 68, 12, 4908, 0
608284, 4388, 6028, 1148, 1112, 68, 12, 4920, 0
608284, 4372, 6044, 1148, 1112, 68, 12, 4920, 0
608280, 4372, 6044, 1152, 1112, 68, 12, 4920, 0
608276, 4368, 6048, 1152, 1108, 68, 12, 4928, 0
608264, 4376, 6052, 1144, 1116, 68, 12, 4928, 0
608260, 4376, 6048, 1140, 1120, 68, 12, 4936, 0
608252, 4368, 6052, 1140, 1128, 68, 12, 4940, 0
608252, 4348, 6068, 1136, 1132, 68, 12, 4944, 0
608244, 4340, 6076, 1140, 1136, 68, 12, 4944, 0
608244, 4332, 6084, 1140, 1136, 68, 12, 4944, 0
608244, 4312, 6084, 1148, 1132, 68, 12, 4960, 0
608240, 4304, 6084, 1148, 1128, 72, 12, 4972, 0
608240, 4292, 6080, 1148, 1132, 72, 12, 4984, 0
608220, 4308, 6084, 1148, 1132, 72, 12, 4984, 0
608220, 4300, 6088, 1144, 1136, 72, 12, 4988, 0
608220, 4288, 6088, 1144, 1132, 80, 12, 4996, 0
608216, 4268, 6104, 1148, 1132, 80, 12, 5000, 0
608216, 4260, 6100, 1148, 1132, 80, 12, 5012, 0
608216, 4244, 6100, 1148, 1136, 80, 12, 5024, 0
608212, 4244, 6096, 1152, 1136, 80, 12, 5028, 0
608208, 4240, 6092, 1156, 1136, 80, 12, 5036, 0
608208, 4236, 6096, 1156, 1132, 80, 12, 5040, 0
608200, 4228, 6108, 1152, 1136, 80, 12, 5044, 0
608200, 4220, 6108, 1156, 1132, 80, 12, 5052, 0
608196, 4216, 6108, 1156, 1136, 84, 8, 5056, 0
608196, 4212, 6104, 1152, 1140, 84, 8, 5064, 0
608192, 4212, 6104, 1148, 1144, 84, 8, 5068, 0
608192, 4208, 6108, 1144, 1148, 84, 8, 5068, 0
608184, 4204, 6112, 1148, 1152, 84, 8, 5068, 0
608184, 4200, 6092, 1140, 1160, 84, 8, 5092, 0
608184, 4176, 6100, 1144, 1164, 84, 8, 5100, 0
608184, 4172, 6092, 1144, 1168, 84, 8, 5108, 0
608172, 4172, 6088, 1140, 1176, 84, 8, 5120, 0
608164, 4164, 6104, 1140, 1172, 84, 8, 5124, 0
608164, 4152, 6108, 1140, 1168, 84, 8, 5136, 0
608164, 4144, 6108, 1140, 1172, 84, 8, 5140, 0
608164, 4124, 6112, 1148, 1172, 84, 8, 5148, 0
608156, 4128, 6112, 1144, 1176, 84, 8, 5152, 0
608152, 4116, 6120, 1148, 1176, 84, 8, 5156, 0
608144, 4112, 6128, 1144, 1180, 84, 8, 5160, 0
608144, 4108, 6124, 1136, 1188, 84, 8, 5168, 0
608144, 4096, 6136, 1132, 1192, 84, 8, 5168, 0
608140, 4092, 6136, 1132, 1192, 84, 8, 5176, 0
608140, 4088, 6132, 1128, 1196, 84, 8, 5184, 0
608136, 4088, 6136, 1128, 1196, 84, 8, 5184, 0
608136, 4088, 6132, 1128, 1196, 84, 8, 5188, 0
608136, 4076, 6132, 1132, 1196, 84, 8, 5196, 0
608136, 4068, 6136, 1128, 1200, 84, 8, 5200, 0
608136, 4060, 6136, 1128, 1204, 84, 8, 5204, 0
608132, 4052, 6148, 1124, 1204, 84, 8, 5208, 0
608132, 4040, 6152, 1128, 1204, 84, 8, 5212, 0
608128, 4036, 6160, 1128, 1204, 84, 8, 5212, 0
608128, 4032, 6160, 1128, 1208, 84, 8, 5212, 0
608124, 4036, 6160, 1128, 1208, 84, 8, 5212, 0
608124, 4016, 6160, 1136, 1208, 84, 8, 5224, 0
608120, 4008, 6168, 1140, 1208, 84, 8, 5224, 0
608120, 3984, 6188, 1144, 1208, 84, 8, 5224, 0
608112, 3984, 6184, 1148, 1204, 84, 8, 5236, 0
608112, 3984, 6180, 1144, 1204, 88, 8, 5240, 0
608104, 3984, 6176, 1140, 1208, 88, 8, 5252, 0
608104, 3972, 6172, 1144, 1208, 88, 8, 5264, 0
608100, 3968, 6172, 1144, 1212, 88, 8, 5268, 0
608096, 3972, 6172, 1140, 1216, 88, 8, 5268, 0
608092, 3952, 6188, 1144, 1220, 88, 8, 5268, 0
608092, 3940, 6196, 1144, 1216, 88, 8, 5276, 0
608084, 3940, 6204, 1140, 1220, 88, 8, 5276, 0
608084, 3924, 6212, 1140, 1224, 88, 8, 5280, 0
608084, 3912, 6220, 1140, 1228, 88, 8, 5280, 0
608076, 3912, 6220, 1144, 1228, 88, 8, 5284, 0
608072, 3912, 6224, 1144, 1228, 88, 8, 5284, 0
608072, 3896, 6220, 1152, 1228, 88, 8, 5296, 0
608060, 3904, 6220, 1152, 1232, 88, 8, 5296, 0
608060, 3892, 6228, 1148, 1236, 92, 8, 5296, 0
608056, 3892, 6228, 1144, 1240, 92, 8, 5300, 0
608056, 3880, 6228, 1148, 1236, 92, 8, 5312, 0
608056, 3864, 6228, 1144, 1240, 92, 8, 5328, 0
608052, 3860, 6228, 1144, 1240, 92, 8, 5336, 0
608052, 3852, 6224, 1148, 1240, 92, 8, 5344, 0
608052, 3840, 6224, 1144, 1244, 92, 8, 5356, 0
608048, 3828, 6236, 1144, 1244, 92, 8, 5360, 0
608048, 3812, 6236, 1152, 1244, 92, 8, 5368, 0
608036, 3824, 6232, 1152, 1244, 92, 8, 5372, 0
608036, 3816, 6236, 1152, 1248, 92, 8, 5372, 0
608028, 3808, 6244, 1148, 1256, 92, 8, 5376, 0
608028, 3804, 6236, 1152, 1252, 92, 8, 5388, 0
608028, 3784, 6256, 1152, 1252, 92, 8, 5388, 0
608024, 3780, 6256, 1152, 1252, 92, 8, 5396, 0
608020, 3780, 6256, 1152, 1252, 92, 8, 5400, 0
608020, 3764, 6268, 1156, 1248, 96, 8, 5400, 0
608016, 3756, 6268, 1152, 1252, 96, 8, 5412, 0
608012, 3756, 6268, 1148, 1252, 96, 8, 5420, 0
608008, 3744, 6268, 1152, 1252, 96, 8, 5432, 0
608008, 3740, 6272, 1148, 1252, 100, 8, 5432, 0
608004, 3732, 6280, 1152, 1252, 100, 8, 5432, 0
608004, 3724, 6288, 1152, 1248, 100, 8, 5436, 0
607988, 3740, 6288, 1148, 1252, 100, 8, 5436, 0
607984, 3720, 6296, 1156, 1252, 100, 8, 5444, 0
607976, 3716, 6304, 1148, 1260, 100, 8, 5448, 0
607968, 3720, 6300, 1148, 1260, 100, 8, 5456, 0
607968, 3712, 6300, 1144, 1264, 100, 8, 5464, 0
607964, 3712, 6304, 1144, 1264, 100, 8, 5464, 0
607960, 3696, 6312, 1152, 1260, 104, 8, 5468, 0
607952, 3680, 6336, 1152, 1260, 104, 8, 5468, 0
607944, 3676, 6344, 1152, 1256, 104, 8, 5476, 0
607944, 3672, 6340, 1156, 1256, 104, 8, 5480, 0
607940, 3652, 6360, 1156, 1252, 104, 8, 5488, 0
607940, 3644, 6356, 1160, 1252, 104, 8, 5496, 0
607940, 3644, 6356, 1156, 1256, 104, 8, 5496, 0
607932, 3644, 6360, 1156, 1256, 104, 8, 5500, 0
607932, 3628, 6372, 1152, 1260, 104, 8, 5504, 0
607928, 3616, 6376, 1156, 1260, 104, 8, 5512, 0
607928, 3612, 6380, 1156, 1256, 104, 8, 5516, 0
607924, 3604, 6384, 1152, 1260, 108, 4, 5524, 0
607908, 3608, 6380, 1160, 1260, 108, 4, 5532, 0
607908, 3600, 6376, 1164, 1260, 108, 4, 5540, 0
607908, 3592, 6380, 1164, 1260, 108, 4, 5544, 0
607904, 3592, 6384, 1164, 1260, 108, 4, 5544, 0
607904, 3584, 6384, 1164, 1256, 108, 4, 5556, 0
607896, 3580, 6388, 1168, 1260, 108, 4, 5556, 0
607896, 3568, 6396, 1164, 1260, 108, 4, 5564, 0
607892, 3568, 6392, 1164, 1260, 108, 4, 5572, 0
607880, 3568, 6400, 1164, 1260, 108, 4, 5576, 0
607876, 3564, 6396, 1164, 1264, 108, 4, 5584, 0
607868, 3568, 6388, 1164, 1268, 108, 4, 5592, 0
607864, 3564, 6388, 1164, 1268, 108, 4, 5600, 0
607856, 3564, 6392, 1164, 1268, 108, 4, 5604, 0
607856, 3552, 6392, 1164, 1272, 108, 4, 5612, 0
607848, 3560, 6392, 1156, 1280, 108, 4, 5612, 0
607840, 3560, 6400, 1156, 1280, 108, 4, 5612, 0
607836, 3548, 6400, 1156, 1280, 108, 4, 5628, 0
607836, 3536, 6408, 1160, 1280, 108, 4, 5628, 0
607832, 3520, 6416, 1168, 1280, 108, 4, 5632, 0
607828, 3520, 6416, 1168, 1276, 108, 4, 5640, 0
607828, 3508, 6428, 1168, 1276, 108, 4, 5640, 0
607820, 3508, 6432, 1172, 1276, 108, 4, 5640, 0
607820, 3496, 6440, 1172, 1280, 108, 4, 5640, 0
607808, 3508, 6436, 1164, 1288, 108, 4, 5644, 0
607808, 3496, 6440, 1164, 1292, 108, 4, 5648, 0
607792, 3508, 6436, 1164, 1296, 108, 4, 5652, 0
607792, 3484, 6440, 1168, 1296, 108, 4, 5668, 0
607784, 3488, 6436, 1168, 1296, 108, 4, 5676, 0
607784, 3464, 6452, 1172, 1296, 108, 4, 5680, 0
607784, 3448, 6460, 1176, 1296, 108, 4, 5684, 0
607784, 3436, 6468, 1176, 1292, 108, 4, 5692, 0
607776, 3432, 6468, 1180, 1292, 108, 4, 5700, 0
607772, 3420, 6484, 1176, 1292, 108, 4, 5704, 0
607756, 3436, 6484, 1176, 1292, 108, 4, 5704, 0
607744, 3436, 6492, 1180, 1288, 108, 4, 5708, 0
607732, 3440, 6492, 1180, 1292, 108, 4, 5712, 0
607724, 3436, 6500, 1180, 1292, 108, 4, 5716, 0
607696, 3460, 6496, 1180, 1296, 108, 4, 5720, 0
607672, 3476, 6488, 1180, 1296, 108, 4, 5736, 0
607672, 3468, 6492, 1180, 1292, 108, 4, 5744, 0
607652, 3484, 6492, 1184, 1292, 108, 4, 5744, 0
607636, 3496, 6492, 1184, 1284, 112, 4, 5752, 0
607624, 3500, 6492, 1180, 1292, 112, 4, 5756, 0
607608, 3508, 6496, 1180, 1292, 112, 4, 5760, 0
607592, 3508, 6508, 1180, 1292, 112, 4, 5764, 0
607568, 3528, 6508, 1176, 1296, 112, 4, 5768, 0
607556, 3528, 6512, 1176, 1300, 112, 4, 5772, 0
607552, 3524, 6512, 1176, 1296, 112, 4, 5784, 0
607548, 3516, 6516, 1180, 1296, 112, 4, 5788, 0
607536, 3524, 6520, 1180, 1296, 112, 4, 5788, 0
607532, 3520, 6520, 1184, 1296, 108, 8, 5792, 0
607532, 3504, 6536, 1184, 1292, 108, 8, 5796, 0
607524, 3504, 6540, 1180, 1296, 108, 8, 5800, 0
607524, 3500, 6540, 1176, 1300, 108, 8, 5804, 0
607516, 3492, 6548, 1176, 1300, 108, 8, 5812, 0
607504, 3484, 6560, 1180, 1300, 108, 8, 5816, 0
607500, 3484, 6560, 1180, 1300, 112, 8, 5816, 0
607500, 3484, 6560, 1180, 1300, 112, 8, 5816, 0
607496, 3472, 6572, 1184, 1300, 112, 8, 5816, 0
607488, 3472, 6572, 1188, 1300, 112, 8, 5820, 0
607488, 3472, 6564, 1188, 1300, 112, 8, 5828, 0
607484, 3464, 6568, 1188, 1296, 116, 8, 5836, 0
607480, 3448, 6584, 1188, 1296, 116, 8, 5840, 0
607480, 3436, 6584, 1180, 1296, 116, 8, 5860, 0
607480, 3432, 6584, 1184, 1296, 116, 8, 5860, 0
607476, 3420, 6588, 1184, 1296, 116, 8, 5872, 0
607476, 3392, 6584, 1204, 1296, 116, 8, 5884, 0
607476, 3388, 6584, 1200, 1300, 120, 8, 5884, 0
607472, 3388, 6588, 1200, 1300, 120, 8, 5884, 0
607472, 3372, 6592, 1208, 1292, 120, 8, 5896, 0
607472, 3368, 6596, 1208, 1292, 120, 8, 5896, 0
607468, 3368, 6600, 1204, 1296, 120, 8, 5896, 0
607452, 3368, 6600, 1204, 1296, 120, 8, 5912, 0
607448, 3368, 6596, 1204, 1292, 120, 8, 5924, 0
607448, 3356, 6608, 1200, 1296, 120, 8, 5924, 0
607444, 3348, 6612, 1200, 1296, 120, 8, 5932, 0
607440, 3332, 6624, 1204, 1296, 120, 8, 5936, 0
607440, 3324, 6620, 1208, 1292, 120, 8, 5948, 0
607436, 3316, 6632, 1204, 1296, 116, 12, 5948, 0
607432, 3316, 6628, 1204, 1288, 116, 12, 5964, 0
607420, 3324, 6624, 1208, 1288, 116, 12, 5968, 0
607416, 3308, 6628, 1212, 1284, 116, 12, 5984, 0
607412, 3308, 6624, 1216, 1280, 116, 12, 5992, 0
607412, 3296, 6624, 1220, 1280, 116, 12, 6000, 0
607412, 3292, 6624, 1220, 1280, 116, 12, 6004, 0
607412, 3268, 6636, 1228, 1276, 116, 12, 6012, 0
607404, 3276, 6636, 1220, 1280, 116, 12, 6016, 0
607396, 3284, 6624, 1216, 1280, 116, 12, 6032, 0
607392, 3280, 6632, 1216, 1280, 116, 12, 6032, 0
607392, 3260, 6640, 1216, 1280, 116, 12, 6044, 0
607384, 3264, 6644, 1212, 1284, 116, 12, 6044, 0
607376, 3260, 6644, 1200, 1296, 116, 12, 6056, 0
607376, 3244, 6660, 1196, 1292, 116, 12, 6064, 0
607368, 3236, 6664, 1200, 1288, 116, 12, 6076, 0
607352, 3252, 6664, 1196, 1284, 116, 12, 6084, 0
607352, 3248, 6668, 1196, 1284, 116, 12, 6084, 0
607340, 3256, 6664, 1192, 1284, 116, 12, 6096, 0
607332, 3260, 6664, 1192, 1284, 116, 12, 6100, 0
607328, 3260, 6664, 1192, 1284, 116, 12, 6104, 0
607324, 3260, 6664, 1192, 1284, 116, 12, 6108, 0
607316, 3264, 6660, 1192, 1284, 116, 12, 6116, 0
607312, 3256, 6668, 1188, 1284, 116, 12, 6124, 0
607308, 3256, 6672, 1184, 1280, 116, 12, 6132, 0
607308, 3252, 6668, 1184, 1280, 116, 12, 6140, 0
607308, 3248, 6672, 1180, 1280, 116, 12, 6144, 0
607300, 3252, 6668, 1180, 1280, 116, 12, 6152, 0
607300, 3248, 6664, 1176, 1284, 116, 12, 6160, 0
607300, 3232, 6676, 1176, 1284, 116, 12, 6164, 0
607292, 3236, 6676, 1176, 1284, 116, 12, 6168, 0
607292, 3232, 6672, 1176, 1284, 116, 12, 6176, 0
607288, 3236, 6672, 1176, 1284, 116, 12, 6176, 0
607284, 3232, 6664, 1176, 1284, 116, 12, 6192, 0
607280, 3228, 6660, 1172, 1288, 116, 12, 6204, 0
607276, 3224, 6664, 1168, 1292, 116, 12, 6208, 0
607268, 3216, 6668, 1168, 1288, 116, 12, 6224, 0
607252, 3228, 6664, 1168, 1288, 116, 12, 6232, 0
607244, 3228, 6652, 1164, 1296, 116, 12, 6248, 0
607240, 3224, 6648, 1168, 1300, 116, 12, 6252, 0
607232, 3220, 6656, 1168, 1300, 116, 12, 6256, 0
607232, 3216, 6652, 1168, 1296, 116, 12, 6268, 0
607232, 3212, 6644, 1168, 1296, 116, 12, 6280, 0
607224, 3208, 6640, 1172, 1300, 116, 12, 6288, 0
607220, 3200, 6648, 1176, 1300, 116, 12, 6288, 0
607220, 3196, 6652, 1176, 1300, 116, 12, 6288, 0
607216, 3188, 6660, 1172, 1304, 116, 12, 6292, 0
607212, 3180, 6668, 1172, 1300, 120, 12, 6296, 0
607212, 3160, 6672, 1176, 1296, 120, 12, 6312, 0
607200, 3168, 6668, 1172, 1300, 120, 12, 6320, 0
607200, 3168, 6660, 1168, 1300, 120, 12, 6332, 0
607192, 3148, 6672, 1172, 1308, 120, 12, 6336, 0
607176, 3160, 6676, 1172, 1304, 120, 12, 6340, 0
607164, 3164, 6684, 1168, 1308, 120, 12, 6340, 0
607160, 3164, 6688, 1168, 1308, 120, 12, 6340, 0
607160, 3156, 6688, 1176, 1308, 120, 12, 6340, 0
607144, 3156, 6700, 1176, 1308, 120, 12, 6344, 0
607132, 3156, 6704, 1176, 1308, 120, 12, 6352, 0
607132, 3144, 6712, 1176, 1308, 120, 12, 6356, 0
607128, 3148, 6708, 1172, 1312, 120, 12, 6360, 0
607120, 3148, 6712, 1168, 1316, 120, 12, 6364, 0
607108, 3152, 6708, 1168, 1316, 120, 12, 6376, 0
607104, 3152, 6704, 1160, 1324, 116, 12, 6384, 4
607096, 3156, 6704, 1156, 1328, 116, 12, 6388, 4
607092, 3156, 6696, 1148, 1332, 116, 12, 6404, 4
607080, 3160, 6696, 1148, 1332, 116, 12, 6412, 4
607064, 3160, 6708, 1144, 1336, 116, 12, 6416, 4
607060, 3164, 6696, 1136, 1344, 116, 12, 6428, 4
607056, 3160, 6692, 1140, 1348, 116, 12, 6432, 4
607048, 3148, 6704, 1148, 1348, 116, 12, 6432, 4
607036, 3152, 6704, 1140, 1352, 116, 12, 6440, 8
607036, 3144, 6700, 1140, 1356, 116, 12, 6448, 8
607020, 3156, 6700, 1144, 1356, 116, 12, 6448, 8
607012, 3164, 6700, 1136, 1364, 116, 12, 6448, 8
607004, 3156, 6708, 1140, 1360, 116, 12, 6456, 8
607004, 3144, 6720, 1140, 1360, 116, 12, 6456, 8
606996, 3140, 6724, 1136, 1364, 116, 12, 6464, 8
606996, 3136, 6724, 1136, 1364, 116, 12, 6468, 8
606988, 3124, 6744, 1136, 1360, 116, 12, 6472, 8
606984, 3112, 6744, 1144, 1360, 116, 12, 6480, 8
606976, 3100, 6756, 1152, 1360, 116, 12, 6480, 8
606964, 3104, 6748, 1152, 1360, 116, 12, 6496, 8
606964, 3088, 6744, 1160, 1360, 116, 12, 6508, 8
606956, 3088, 6748, 1160, 1356, 116, 12, 6516, 8
606952, 3088, 6752, 1156, 1356, 112, 16, 6520, 8
606940, 3088, 6764, 1152, 1360, 112, 16, 6520, 8
606936, 3092, 6764, 1152, 1360, 112, 16, 6520, 8
606928, 3096, 6768, 1152, 1360, 112, 16, 6520, 8
606920, 3092, 6772, 1156, 1360, 112, 16, 6524, 8
606912, 3092, 6772, 1152, 1364, 112, 16, 6532, 8
606908, 3092, 6772, 1156, 1364, 112, 16, 6532, 8
606904, 3084, 6776, 1160, 1364, 112, 16, 6536, 8
606900, 3080, 6780, 1160, 1364, 112, 16, 6540, 8
606884, 3084, 6772, 1168, 1368, 112, 16, 6548, 8
606884, 3072, 6780, 1172, 1368, 112, 16, 6548, 8
606884, 3064, 6788, 1172, 1364, 112, 16, 6552, 8
606884, 3048, 6800, 1168, 1368, 112, 16, 6556, 8
606880, 3048, 6804, 1164, 1372, 112, 16, 6556, 8
606864, 3064, 6796, 1160, 1372, 112, 16, 6568, 8
606860, 3060, 6796, 1160, 1372, 112, 16, 6576, 8
606860, 3056, 6800, 1160, 1372, 112, 16, 6576, 8
606844, 3064, 6804, 1160, 1368, 116, 16, 6580, 8
606840, 3056, 6812, 1160, 1368, 116, 16, 6584, 8
606832, 3056, 6820, 1156, 1368, 116, 16, 6588, 8
606816, 3064, 6816, 1148, 1376, 116, 16, 6600, 8
606800, 3080, 6808, 1136, 1388, 116, 16, 6608, 8
606792, 3080, 6812, 1140, 1380, 116, 16, 6616, 8
606776, 3084, 6820, 1140, 1380, 116, 16, 6620, 8
606748, 3104, 6824, 1132, 1388, 116, 16, 6624, 8
606728, 3112, 6832, 1132, 1388, 116, 16, 6628, 8
606712, 3128, 6832, 1128, 1392, 116, 16, 6628, 8
606704, 3136, 6832, 1128, 1392, 116, 16, 6628, 8
606700, 3132, 6836, 1128, 1392, 116, 16, 6632, 8
606680, 3144, 6840, 1124, 1396, 116, 16, 6636, 8
606680, 3136, 6844, 1124, 1392, 116, 16, 6644, 8
606668, 3144, 6840, 1124, 1388, 116, 16, 6656, 8
606652, 3156, 6840, 1124, 1388, 116, 16, 6660, 8
606652, 3140, 6844, 1132, 1388, 116, 16, 6664, 8
606648, 3132, 6852, 1132, 1388, 116, 16, 6668, 8
606640, 3132, 6844, 1132, 1388, 116, 16, 6684, 8
606632, 3128, 6852, 1136, 1388, 116, 16, 6684, 8
606628, 3128, 6852, 1136, 1384, 116, 16, 6692, 8
606624, 3124, 6848, 1140, 1384, 112, 16, 6704, 8
606620, 3120, 6844, 1140, 1384, 112, 16, 6716, 8
606612, 3116, 6840, 1148, 1380, 112, 16, 6728, 8
606608, 3120, 6836, 1148, 1380, 112, 16, 6732, 8
606608, 3112, 6836, 1144, 1380, 112, 16, 6744, 8
606608, 3096, 6844, 1152, 1380, 112, 16, 6744, 8
606608, 3084, 6844, 1152, 1384, 112, 16, 6752, 8
606608, 3080, 6844, 1152, 1380, 112, 16, 6760, 8
606608, 3064, 6852, 1152, 1384, 112, 16, 6764, 8
606600, 3064, 6856, 1152, 1380, 116, 16, 6768, 8
606600, 3060, 6852, 1152, 1380, 116, 16, 6776, 8
606596, 3060, 6844, 1156, 1380, 116, 16, 6784, 8
606588, 3068, 6836, 1156, 1380, 116, 16, 6792, 8
606580, 3064, 6848, 1156, 1380, 116, 16, 6792, 8
606576, 3056, 6856, 1156, 1380, 116, 16, 6796, 8
606568, 3060, 6856, 1156, 1380, 116, 16, 6800, 8
606568, 3048, 6856, 1160, 1380, 116, 16, 6808, 8
606568, 3032, 6860, 1156, 1388, 116, 16, 6816, 8
606568, 3008, 6876, 1164, 1388, 116, 12, 6816, 12
606568, 3004, 6872, 1168, 1388, 116, 12, 6820, 12
606568, 3000, 6864, 1168, 1392, 116, 12, 6828, 12
606568, 2996, 6856, 1164, 1396, 116, 12, 6840, 12
606568, 2996, 6848, 1160, 1396, 120, 12, 6848, 12
606568, 2988, 6848, 1160, 1396, 120, 12, 6856, 12
606564, 2984, 6848, 1164, 1396, 120, 12, 6860, 12
606564, 2980, 6840, 1160, 1404, 120, 12, 6868, 12
606564, 2976, 6844, 1156, 1408, 120, 12, 6868, 12
606564, 2976, 6844, 1152, 1408, 120, 12, 6872, 12
606564, 2968, 6852, 1144, 1416, 120, 12, 6872, 12
606544, 2984, 6856, 1144, 1416, 120, 12, 6872, 12
606540, 2988, 6844, 1144, 1416, 120, 12, 6884, 12
606532, 2980, 6856, 1144, 1416, 120, 12, 6888, 12
606532, 2976, 6856, 1140, 1420, 120, 12, 6892, 12
606528, 2976, 6852, 1136, 1424, 120, 12, 6900, 12
606524, 2980, 6848, 1136, 1416, 120, 12, 6908, 16
606520, 2968, 6860, 1136, 1416, 120, 12, 6912, 16
606520, 2964, 6860, 1132, 1420, 120, 12, 6916, 16
606520, 2956, 6860, 1132, 1420, 124, 12, 6920, 16
606520, 2940, 6868, 1136, 1420, 124, 12, 6924, 16
606516, 2940, 6868, 1136, 1420, 124, 12, 6928, 16
606508, 2936, 6880, 1136, 1420, 124, 12, 6928, 16
606504, 2920, 6884, 1148, 1420, 124, 12, 6932, 16
606500, 2912, 6892, 1148, 1420, 124, 12, 6936, 16
606492, 2912, 6892, 1152, 1420, 124, 12, 6940, 16
606492, 2904, 6884, 1148, 1420, 124, 12, 6960, 16
606492, 2904, 6880, 1148, 1420, 124, 12, 6964, 16
606488, 2904, 6884, 1144, 1424, 124, 12, 6964, 16
606488, 2896, 6888, 1144, 1420, 124, 12, 6972, 16
606480, 2900, 6888, 1136, 1424, 124, 12, 6980, 16
606480, 2896, 6884, 1136, 1424, 124, 12, 6988, 16
606476, 2892, 6872, 1140, 1424, 124, 12, 7004, 16
606472, 2888, 6872, 1144, 1420, 124, 12, 7012, 16
606452, 2904, 6876, 1140, 1424, 124, 12, 7012, 16
606424, 2928, 6872, 1140, 1424, 124, 12, 7020, 16
606392, 2944, 6884, 1144, 1420, 124, 12, 7024, 16
606368, 2952, 6884, 1152, 1420, 124, 12, 7032, 16
606360, 2952, 6884, 1148, 1428, 124, 12, 7036, 16
606320, 2972, 6896, 1148, 1428, 128, 12, 7040, 16
606260, 3028, 6900, 1140, 1436, 128, 12, 7040, 16
606216, 3056, 6916, 1140, 1436, 128, 12, 7040, 16
606160, 3108, 6920, 1140, 1436, 128, 12, 7040, 16
606124, 3140, 6920, 1136, 1440, 128, 12, 7044, 16
606084, 3176, 6924, 1136, 1436, 128, 12, 7048, 16
606036, 3216, 6924, 1136, 1436, 128, 12, 7056, 16
605976, 3268, 6924, 1136, 1428, 132, 12, 7068, 16
605944, 3292, 6916, 1136, 1428, 132, 12, 7084, 16
605884, 3348, 6916, 1136, 1428, 132, 12, 7088, 16
605848, 3376, 6912, 1136, 1428, 132, 12, 7100, 16
605816, 3400, 6904, 1136, 1432, 132, 12, 7112, 16
605744, 3468, 6900, 1136, 1428, 132, 12, 7124, 16
605672, 3532, 6900, 1136, 1420, 136, 12, 7136, 16
605636, 3564, 6900, 1136, 1420, 136, 12, 7140, 16
605588, 3608, 6892, 1140, 1416, 136, 12, 7152, 16
605540, 3656, 6888, 1140, 1416, 136, 12, 7156, 16
605500, 3696, 6876, 1140, 1416, 136, 12, 7168, 16
605452, 3732, 6888, 1140, 1416, 136, 12, 7168, 16
605408, 3760, 6884, 1144, 1412, 136, 12, 7188, 16
605392, 3768, 6880, 1148, 1412, 136, 12, 7196, 16
605364, 3788, 6888, 1148, 1412, 136, 12, 7196, 16
605340, 3800, 6896, 1148, 1404, 136, 12, 7208, 16
605308, 3812, 6904, 1148, 1408, 136, 12, 7216, 16
605288, 3816, 6908, 1148, 1408, 136, 12, 7228, 16
605260, 3844, 6904, 1148, 1404, 136, 12, 7236, 16
605224, 3864, 6900, 1152, 1408, 136, 12, 7248, 16
605188, 3900, 6892, 1152, 1408, 136, 12, 7256, 16
605164, 3924, 6892, 1152, 1408, 136, 12, 7256, 16
605132, 3956, 6888, 1152, 1408, 136, 12, 7260, 16
605108, 3968, 6888, 1152, 1408, 136, 12, 7272, 16
605072, 3988, 6896, 1160, 1408, 136, 12, 7272, 16
605040, 4000, 6900, 1164, 1408, 136, 12, 7284, 16
605004, 4028, 6896, 1168, 1408, 136, 12, 7292, 16
604968, 4064, 6896, 1168, 1404, 136, 12, 7296, 16
604904, 4120, 6896, 1176, 1404, 136, 12, 7296, 16
604864, 4148, 6900, 1172, 1408, 136, 12, 7304, 16
604848, 4160, 6896, 1172, 1404, 136, 12, 7316, 16
604812, 4188, 6900, 1172, 1404, 136, 12, 7320, 16
604780, 4220, 6900, 1168, 1408, 136, 12, 7320, 16
604760, 4236, 6904, 1168, 1408, 136, 12, 7320, 16
604704, 4276, 6908, 1168, 1408, 136, 12, 7332, 16
604676, 4292, 6908, 1164, 1412, 136, 12, 7344, 16
604664, 4300, 6900, 1160, 1416, 136, 12, 7356, 16
604640, 4312, 6896, 1156, 1424, 136, 12, 7368, 16
604624, 4320, 6896, 1156, 1424, 136, 12, 7376, 16
604596, 4348, 6896, 1156, 1420, 136, 12, 7380, 16
604572, 4368, 6896, 1156, 1420, 136, 12, 7384, 16
604536, 4400, 6892, 1152, 1424, 136, 12, 7392, 16
604516, 4412, 6896, 1148, 1428, 136, 12, 7396, 16
604488, 4424, 6904, 1148, 1428, 136, 12, 7404, 16
604480, 4420, 6916, 1144, 1432, 136, 12, 7404, 16
604480, 4412, 6920, 1144, 1428, 136, 12, 7412, 16
604480, 4412, 6912, 1144, 1424, 136, 12, 7424, 16
604476, 4400, 6928, 1140, 1428, 136, 12, 7424, 16
604472, 4396, 6932, 1136, 1432, 136, 12, 7428, 16
604468, 4392, 6928, 1136, 1432, 136, 12, 7440, 16
604460, 4392, 6932, 1140, 1428, 136, 12, 7444, 16
604460, 4384, 6932, 1136, 1432, 136, 12, 7452, 16
604456, 4380, 6936, 1136, 1432, 136, 12, 7456, 16
604448, 4380, 6932, 1136, 1428, 136, 12, 7472, 16
604444, 4384, 6928, 1136, 1428, 136, 12, 7476, 16
604444, 4376, 6936, 1136, 1428, 136, 12, 7476, 16
604436, 4376, 6936, 1136, 1432, 136, 12, 7480, 16
604436, 4364, 6944, 1140, 1432, 136, 12, 7480, 16
604428, 4348, 6964, 1140, 1432, 136, 12, 7484, 16
604424, 4348, 6960, 1144, 1432, 136, 12, 7488, 16
604416, 4344, 6964, 1144, 1432, 136, 12, 7492, 20
604412, 4348, 6964, 1140, 1436, 136, 12, 7492, 20
604392, 4360, 6972, 1140, 1436, 136, 12, 7492, 20
604384, 4360, 6980, 1140, 1432, 136, 12, 7492, 24
604376, 4360, 6980, 1140, 1432, 136, 12, 7500, 24
604364, 4372, 6980, 1140, 1424, 136, 12, 7508, 24
604356, 4364, 6988, 1136, 1428, 136, 12, 7516, 24
604348, 4364, 6980, 1140, 1424, 136, 12, 7532, 24
604340, 4364, 6984, 1136, 1428, 136, 12, 7536, 24
604332, 4372, 6984, 1136, 1428, 136, 12, 7536, 24
604328, 4372, 6984, 1128, 1436, 136, 12, 7540, 24
604324, 4360, 7000, 1128, 1436, 136, 12, 7540, 24
604320, 4356, 7004, 1124, 1440, 136, 12, 7544, 24
604320, 4340, 7016, 1124, 1432, 136, 12, 7556, 24
604312, 4348, 7016, 1124, 1432, 136, 12, 7556, 24
604308, 4348, 7020, 1116, 1440, 136, 12, 7556, 24
604308, 4348, 7012, 1116, 1436, 136, 12, 7568, 24
604300, 4344, 7016, 1112, 1440, 136, 12, 7576, 24
604288, 4352, 7012, 1112, 1440, 136, 12, 7584, 24
604284, 4348, 7012, 1112, 1440, 136, 12, 7592, 24
604284, 4340, 7012, 1116, 1436, 136, 12, 7600, 24
604284, 4340, 7008, 1116, 1436, 136, 12, 7604, 24
604276, 4340, 7012, 1112, 1440, 136, 12, 7608, 24
604276, 4328, 7012, 1112, 1440, 136, 12, 7620, 24
604276, 4320, 7008, 1108, 1444, 136, 12, 7632, 24
604272, 4320, 7012, 1100, 1452, 136, 12, 7632, 24
604272, 4312, 7012, 1104, 1448, 140, 12, 7636, 24
604272, 4308, 7012, 1104, 1448, 140, 12, 7640, 24
604272, 4308, 7008, 1100, 1452, 140, 12, 7644, 24
604268, 4292, 7016, 1104, 1452, 136, 12, 7656, 24
604268, 4280, 7016, 1108, 1448, 136, 12, 7668, 24
604268, 4260, 7020, 1108, 1452, 136, 12, 7680, 24
604268, 4252, 7024, 1104, 1460, 136, 12, 7680, 24
604268, 4244, 7024, 1104, 1456, 136, 12, 7692, 24
604268, 4236, 7024, 1100, 1460, 136, 12, 7700, 24
604264, 4228, 7032, 1092, 1468, 136, 12, 7704, 24
604256, 4224, 7028, 1100, 1468, 136, 12, 7712, 24
604256, 4220, 7032, 1100, 1464, 136, 12, 7716, 24
604252, 4208, 7036, 1108, 1464, 136, 12, 7720, 24
604252, 4188, 7056, 1108, 1464, 136, 12, 7720, 24
604244, 4192, 7052, 1108, 1468, 136, 12, 7724, 24
604240, 4188, 7052, 1104, 1476, 136, 12, 7728, 24
604240, 4188, 7048, 1104, 1476, 136, 12, 7732, 24
604232, 4172, 7064, 1100, 1480, 136, 12, 7740, 24
604224, 4156, 7076, 1100, 1480, 136, 12, 7752, 24
604216, 4160, 7060, 1104, 1480, 136, 12, 7768, 24
604212, 4160, 7056, 1104, 1480, 136, 12, 7776, 24
604204, 4156, 7056, 1108, 1480, 136, 12, 7784, 24
604200, 4152, 7064, 1108, 1480, 136, 12, 7784, 24
604196, 4148, 7068, 1104, 1484, 136, 12, 7788, 24
604192, 4144, 7068, 1108, 1484, 136, 12, 7792, 24
604188, 4140, 7072, 1112, 1484, 136, 12, 7792, 24
604184, 4120, 7088, 1112, 1484, 136, 12, 7800, 24
604184, 4112, 7092, 1112, 1488, 136, 12, 7800, 24
604180, 4116, 7088, 1104, 1496, 136, 12, 7804, 24
604180, 4108, 7088, 1104, 1496, 136, 12, 7812, 24
604180, 4096, 7096, 1108, 1496, 136, 12, 7812, 24
604176, 4084, 7108, 1112, 1496, 136, 12, 7812, 24
604172, 4076, 7116, 1104, 1504, 136, 12, 7816, 24
604172, 4064, 7112, 1108, 1500, 136, 12, 7832, 24
604168, 4056, 7116, 1108, 1488, 140, 12, 7848, 24
604168, 4052, 7112, 1108, 1488, 140, 12, 7856, 24
604168, 4052, 7108, 1104, 1492, 140, 12, 7860, 24
604168, 4052, 7104, 1104, 1492, 140, 12, 7864, 24
604164, 4052, 7088, 1104, 1488, 140, 12, 7888, 24
604160, 4056, 7080, 1096, 1484, 144, 12, 7904, 24
604152, 4064, 7080, 1092, 1488, 144, 12, 7904, 24
604152, 4052, 7088, 1092, 1480, 148, 12, 7912, 24
604140, 4060, 7088, 1092, 1476, 152, 12, 7916, 24
604140, 4060, 7080, 1092, 1472, 152, 12, 7928, 24
604128, 4064, 7084, 1088, 1476, 152, 12, 7932, 24
604116, 4056, 7100, 1092, 1476, 152, 12, 7932, 24
604092, 4080, 7100, 1092, 1476, 152, 12, 7932, 24
604076, 4080, 7104, 1096, 1480, 152, 12, 7936, 24
604064, 4080, 7108, 1096, 1480, 152, 12, 7944, 24
604052, 4088, 7108, 1092, 1484, 152, 12, 7948, 24
604020, 4096, 7116, 1100, 1480, 156, 12, 7956, 24
604000, 4112, 7116, 1096, 1484, 156, 12, 7960, 24
603976, 4132, 7112, 1092, 1488, 156, 12, 7968, 24
603924, 4172, 7124, 1088, 1492, 156, 12, 7968, 24
603876, 4212, 7128, 1088, 1492, 156, 12, 7972, 24
603836, 4240, 7132, 1092, 1488, 156, 12, 7980, 24
603812, 4252, 7128, 1096, 1492, 156, 12, 7988, 24
603760, 4292, 7124, 1092, 1500, 156, 12, 8000, 24
603728, 4316, 7128, 1092, 1496, 160, 12, 8004, 24
603684, 4348, 7128, 1092, 1492, 160, 12, 8020, 24
603652, 4376, 7120, 1092, 1488, 160, 12, 8036, 24
603600, 4412, 7120, 1096, 1484, 160, 12, 8052, 24
603552, 4452, 7128, 1096, 1484, 160, 12, 8052, 24
603500, 4492, 7140, 1092, 1488, 160, 12, 8052, 24
603476, 4512, 7136, 1088, 1492, 160, 12, 8060, 24
603436, 4544, 7136, 1092, 1492, 160, 12, 8064, 24
603412, 4556, 7140, 1092, 1496, 160, 12, 8068, 24
603368, 4596, 7140, 1092, 1492, 160, 12, 8076, 24
603336, 4624, 7140, 1092, 1488, 160, 12, 8084, 24
603292, 4668, 7132, 1092, 1488, 160, 12, 8092, 24
603256, 4704, 7128, 1084, 1496, 160, 12, 8096, 24
603228, 4720, 7128, 1084, 1496, 160, 12, 8108, 24
603220, 4712, 7144, 1084, 1488, 160, 12, 8116, 24
603188, 4744, 7144, 1080, 1484, 160, 12, 8124, 24
603152, 4772, 7144, 1080, 1484, 160, 12, 8132, 24
603120, 4792, 7156, 1076, 1488, 160, 12, 8132, 24
603080, 4820, 7164, 1080, 1488, 160, 12, 8132, 24
603048, 4832, 7172, 1084, 1484, 160, 12, 8144, 24
603020, 4856, 7176, 1080, 1484, 160, 12, 8148, 24
602976, 4892, 7176, 1076, 1484, 160, 12, 8160, 24
602944, 4916, 7168, 1084, 1484, 160, 12, 8168, 24
602888, 4964, 7176, 1084, 1480, 160, 12, 8172, 24
602856, 4984, 7176, 1092, 1480, 156, 12, 8180, 24
602816, 5016, 7180, 1088, 1484, 156, 12, 8184, 24
602792, 5016, 7184, 1096, 1480, 156, 12, 8200, 24
602772, 5036, 7180, 1088, 1488, 156, 12, 8204, 24
602736, 5056, 7188, 1096, 1484, 156, 12, 8208, 24
602704, 5084, 7188, 1096, 1484, 156, 12, 8212, 24
602660, 5124, 7188, 1096, 1484, 156, 12, 8216, 24
602640, 5136, 7188, 1096, 1484, 156, 12, 8224, 24
602600, 5172, 7184, 1096, 1484, 156, 12, 8232, 24
602572, 5192, 7168, 1096, 1472, 156, 12, 8268, 24
602556, 5204, 7164, 1092, 1480, 156, 12, 8272, 24
602532, 5220, 7168, 1096, 1480, 156, 12, 8272, 24
602512, 5240, 7164, 1092, 1484, 156, 12, 8276, 24
602464, 5280, 7164, 1096, 1484, 156, 12, 8280, 24
602444, 5284, 7172, 1096, 1484, 152, 16, 8288, 24
602424, 5300, 7176, 1096, 1484, 152, 16, 8288, 24
602388, 5332, 7176, 1092, 1488, 152, 16, 8292, 24
602372, 5332, 7188, 1096, 1488, 152, 16, 8292, 24
602364, 5336, 7192, 1096, 1488, 152, 16, 8292, 24
602344, 5344, 7204, 1088, 1496, 152, 16, 8292, 24
602336, 5340, 7212, 1084, 1500, 152, 16, 8296, 24
602332, 5332, 7216, 1084, 1500, 152, 16, 8304, 24
602324, 5316, 7236, 1088, 1500, 152, 16, 8304, 24
602316, 5320, 7240, 1088, 1496, 152, 16, 8308, 24
602316, 5316, 7236, 1088, 1496, 152, 16, 8316, 24
602304, 5320, 7236, 1092, 1492, 152, 16, 8324, 24
602300, 5316, 7236, 1092, 1492, 152, 16, 8332, 24
602292, 5312, 7236, 1092, 1492, 152, 16, 8344, 24
602284, 5312, 7244, 1092, 1492, 152, 16, 8344, 24
602268, 5320, 7240, 1088, 1496, 152, 16, 8356, 24
602268, 5308, 7240, 1092, 1496, 152, 16, 8364, 24
602268, 5308, 7232, 1084, 1504, 152, 16, 8372, 24
602256, 5304, 7236, 1096, 1496, 156, 16, 8376, 24
602252, 5308, 7236, 1088, 1504, 156, 16, 8376, 24
602244, 5316, 7228, 1084, 1504, 156, 16, 8388, 24
602240, 5320, 7224, 1084, 1500, 156, 16, 8396, 24
602232, 5324, 7224, 1088, 1500, 156, 16, 8396, 24
602220, 5324, 7224, 1096, 1500, 156, 16, 8400, 24
602208, 5328, 7228, 1092, 1500, 156, 16, 8408, 24
602204, 5332, 7228, 1092, 1500, 156, 16, 8408, 24
602196, 5316, 7240, 1096, 1500, 156, 16, 8416, 24
602192, 5312, 7240, 1092, 1504, 156, 16, 8424, 24
602192, 5308, 7244, 1080, 1512, 156, 16, 8428, 24
602180, 5320, 7240, 1080, 1508, 156, 16, 8436, 24
602164, 5328, 7240, 1084, 1508, 156, 16, 8440, 24
602160, 5312, 7256, 1080, 1512, 156, 16, 8444, 24
602152, 5304, 7256, 1080, 1512, 156, 16, 8460, 24
602140, 5308, 7260, 1080, 1512, 156, 16, 8464, 24
602136, 5312, 7260, 1080, 1512, 156, 16, 8464, 24
602128, 5308, 7256, 1080, 1512, 156, 16, 8480, 24
602112, 5320, 7252, 1076, 1516, 156, 16, 8488, 24
602108, 5320, 7248, 1076, 1520, 156, 16, 8492, 24
602100, 5324, 7248, 1080, 1512, 156, 16, 8500, 24
602096, 5316, 7256, 1080, 1508, 156, 16, 8508, 24
602084, 5320, 7256, 1080, 1496, 160, 16, 8524, 24
602076, 5320, 7256, 1076, 1492, 160, 16, 8540, 24
602072, 5320, 7252, 1072, 1496, 160, 16, 8548, 24
602056, 5320, 7268, 1072, 1496, 160, 16, 8548, 24
602052, 5312, 7264, 1076, 1496, 160, 16, 8560, 24
602052, 5284, 7276, 1080, 1496, 160, 16, 8572, 24
602048, 5268, 7280, 1092, 1496, 160, 16, 8576, 24
602048, 5264, 7280, 1088, 1500, 160, 16, 8580, 24
602044, 5260, 7268, 1092, 1504, 160, 16, 8592, 24
602040, 5260, 7268, 1096, 1496, 160, 16, 8600, 24
602032, 5260, 7268, 1092, 1500, 160, 16, 8608, 24
602028, 5256, 7272, 1088, 1504, 160, 16, 8612, 24
602028, 5248, 7276, 1088, 1504, 160, 16, 8616, 24
602024, 5236, 7280, 1092, 1508, 160, 16, 8620, 24
602024, 5232, 7268, 1096, 1504, 160, 16, 8636, 24
602012, 5244, 7260, 1096, 1500, 164, 16, 8644, 24
602012, 5232, 7268, 1100, 1496, 164, 16, 8648, 24
602004, 5228, 7272, 1104, 1496, 164, 16, 8652, 24
602000, 5208, 7284, 1104, 1504, 164, 16, 8656, 24
602000, 5204, 7284, 1104, 1504, 164, 16, 8660, 24
602000, 5200, 7284, 1104, 1504, 164, 16, 8664, 24
602000, 5196, 7280, 1104, 1504, 164, 16, 8672, 24
601996, 5188, 7284, 1100, 1512, 164, 16, 8676, 24
601988, 5184, 7288, 1108, 1512, 164, 16, 8676, 24
601984, 5180, 7280, 1112, 1512, 164, 16, 8688, 24
601980, 5176, 7280, 1116, 1512, 168, 12, 8692, 24
601976, 5172, 7284, 1116, 1508, 168, 12, 8700, 24
601976, 5164, 7280, 1116, 1512, 168, 12, 8708, 24
601968, 5168, 7272, 1120, 1512, 168, 12, 8716, 24
601964, 5164, 7272, 1128, 1512, 168, 12, 8716, 24
601956, 5148, 7284, 1136, 1512, 168, 12, 8720, 24
601952, 5140, 7284, 1140, 1512, 168, 12, 8728, 24
601948, 5136, 7284, 1140, 1508, 172, 12, 8736, 24
601948, 5120, 7296, 1136, 1512, 172, 12, 8740, 24
601944, 5116, 7296, 1132, 1512, 172, 12, 8752, 24
601944, 5104, 7304, 1136, 1512, 172, 12, 8752, 24
601944, 5092, 7312, 1136, 1508, 172, 12, 8760, 24
601944, 5080, 7324, 1128, 1516, 172, 12, 8760, 24
601944, 5072, 7320, 1128, 1520, 172, 12, 8768, 24
601940, 5068, 7328, 1128, 1520, 172, 12, 8768, 24
601936, 5064, 7336, 1124, 1520, 172, 12, 8772, 24
601932, 5060, 7344, 1120, 1524, 172, 12, 8772, 24
601932, 5052, 7348, 1120, 1520, 176, 12, 8776, 24
601928, 5044, 7352, 1124, 1520, 176, 12, 8780, 24
601928, 5024, 7368, 1128, 1520, 176, 12, 8780, 24
601928, 5016, 7364, 1132, 1520, 176, 12, 8788, 24
601924, 5020, 7360, 1132, 1520, 176, 12, 8792, 24
601912, 5028, 7360, 1132, 1520, 176, 12, 8796, 24
601908, 5020, 7368, 1128, 1528, 176, 12, 8796, 24
601908, 5012, 7372, 1128, 1528, 176, 12, 8800, 24
601900, 5016, 7372, 1128, 1528, 176, 12, 8804, 24
601892, 5004, 7384, 1128, 1524, 176, 12, 8816, 24
601876, 5004, 7396, 1124, 1528, 176, 12, 8820, 24
601840, 5028, 7408, 1120, 1532, 176, 12, 8820, 24
601812, 5040, 7416, 1120, 1536, 176, 12, 8824, 24
601760, 5072, 7428, 1124, 1532, 176, 12, 8832, 24
601708, 5092, 7440, 1128, 1536, 176, 12, 8844, 24
601700, 5100, 7436, 1128, 1536, 176, 12, 8848, 24
601668, 5132, 7432, 1124, 1540, 176, 12, 8852, 24
601624, 5168, 7424, 1124, 1540, 180, 12, 8864, 24
601568, 5216, 7420, 1124, 1540, 180, 12, 8876, 24
601532, 5248, 7408, 1124, 1536, 180, 12, 8896, 24
601504, 5272, 7412, 1116, 1540, 180, 12, 8900, 24
601460, 5304, 7412, 1120, 1540, 180, 12, 8908, 24
601424, 5336, 7408, 1124, 1540, 180, 12, 8912, 24
601396, 5360, 7412, 1124, 1536, 180, 12, 8916, 24
601352, 5400, 7408, 1124, 1540, 180, 12, 8920, 24
601324, 5428, 7408, 1124, 1540, 180, 12, 8920, 24
601292, 5448, 7412, 1128, 1540, 180, 12, 8924, 24
601264, 5472, 7412, 1128, 1540, 180, 12, 8928, 24
601220, 5500, 7424, 1124, 1544, 180, 12, 8932, 24
601176, 5528, 7428, 1124, 1548, 180, 12, 8940, 24
601144, 5560, 7420, 1120, 1548, 184, 12, 8948, 24
601064, 5620, 7432, 1128, 1548, 184, 12, 8948, 24
601032, 5640, 7436, 1136, 1544, 184, 12, 8952, 24
600988, 5656, 7456, 1136, 1548, 184, 12, 8956, 24
600940, 5688, 7460, 1144, 1544, 188, 12, 8960, 24
600892, 5724, 7448, 1152, 1536, 188, 12, 8984, 24
600848, 5760, 7444, 1152, 1540, 188, 12, 8992, 24
600820, 5784, 7440, 1144, 1548, 188, 12, 9000, 24
600788, 5804, 7448, 1148, 1540, 192, 12, 9004, 24
600760, 5832, 7440, 1140, 1548, 192, 12, 9012, 24
600732, 5852, 7436, 1144, 1548, 192, 12, 9020, 24
600692, 5876, 7440, 1140, 1544, 192, 12, 9040, 24
600652, 5900, 7452, 1136, 1544, 192, 12, 9048, 24
600628, 5916, 7456, 1136, 1544, 192, 12, 9052, 24
600604, 5932, 7464, 1132, 1548, 192, 12, 9052, 24
600580, 5948, 7448, 1132, 1548, 192, 12, 9072, 28
600560, 5968, 7436, 1128, 1548, 192, 12, 9088, 28
600540, 5972, 7448, 1132, 1548, 192, 12, 9088, 28
600496, 5992, 7464, 1132, 1540, 192, 12, 9104, 28
600464, 6016, 7460, 1140, 1540, 192, 12, 9108, 28
600436, 6044, 7456, 1140, 1540, 192, 12, 9112, 28
600420, 6044, 7464, 1144, 1540, 192, 12, 9116, 28
600392, 6060, 7476, 1144, 1536, 196, 12, 9116, 28
600352, 6096, 7480, 1140, 1536, 196, 12, 9120, 28
600312, 6132, 7476, 1132, 1540, 196, 12, 9132, 28
600284, 6140, 7480, 1144, 1540, 196, 12, 9136, 28
600244, 6180, 7472, 1144, 1540, 196, 12, 9144, 28
600216, 6200, 7472, 1148, 1540, 196, 12, 9148, 28
600172, 6236, 7476, 1144, 1540, 196, 12, 9156, 28
600140, 6252, 7480, 1148, 1540, 196, 12, 9164, 28
600096, 6288, 7476, 1148, 1540, 196, 12, 9176, 28
600072, 6308, 7468, 1152, 1540, 196, 12, 9184, 28
600056, 6304, 7484, 1148, 1544, 196, 12, 9188, 28
600020, 6336, 7484, 1148, 1544, 196, 12, 9192, 28
600000, 6348, 7492, 1144, 1548, 196, 12, 9192, 28
599968, 6372, 7488, 1140, 1552, 196, 12, 9204, 28
599956, 6372, 7488, 1136, 1552, 196, 12, 9220, 28
599936, 6384, 7484, 1136, 1552, 196, 12, 9232, 28
599920, 6372, 7496, 1144, 1552, 196, 12, 9240, 28
599920, 6368, 7496, 1148, 1552, 196, 12, 9240, 28
599920, 6348, 7508, 1144, 1552, 200, 12, 9248, 28
599920, 6344, 7512, 1140, 1556, 200, 12, 9248, 28
599916, 6340, 7520, 1136, 1560, 200, 12, 9248, 28
599916, 6336, 7516, 1136, 1560, 200, 12, 9256, 28
599904, 6344, 7516, 1132, 1564, 200, 12, 9260, 28
599892, 6348, 7512, 1136, 1564, 200, 12, 9268, 28
599884, 6340, 7520, 1140, 1560, 200, 12, 9276, 28
599880, 6332, 7524, 1144, 1560, 200, 12, 9280, 28
599872, 6336, 7524, 1144, 1560, 200, 12, 9284, 28
599864, 6328, 7532, 1148, 1560, 200, 12, 9288, 28
599856, 6312, 7536, 1160, 1556, 200, 12, 9300, 28
599852, 6308, 7540, 1160, 1552, 200, 12, 9308, 28
599844, 6300, 7548, 1164, 1548, 200, 12, 9316, 28
599840, 6288, 7552, 1168, 1548, 200, 12, 9324, 28
599824, 6292, 7556, 1164, 1552, 196, 16, 9332, 28
599824, 6280, 7560, 1164, 1552, 196, 16, 9340, 28
599812, 6284, 7560, 1152, 1564, 196, 16, 9348, 28
599796, 6280, 7568, 1160, 1564, 196, 16, 9352, 28
599780, 6280, 7568, 1164, 1564, 196, 16, 9364, 28
599776, 6280, 7568, 1168, 1564, 196, 16, 9364, 28
599776, 6272, 7564, 1168, 1568, 196, 16, 9372, 28
599772, 6260, 7572, 1168, 1572, 196, 16, 9376, 28
599768, 6252, 7568, 1172, 1572, 196, 16, 9388, 28
599764, 6248, 7572, 1172, 1572, 196, 16, 9392, 28
599756, 6252, 7576, 1172, 1572, 196, 16, 9392, 28
599752, 6240, 7584, 1180, 1568, 200, 16, 9392, 28
599736, 6244, 7592, 1180, 1564, 200, 16, 9400, 28
599728, 6232, 7612, 1180, 1560, 200, 16, 9404, 28
599720, 6232, 7612, 1180, 1560, 200, 16, 9412, 28
599712, 6228, 7612, 1176, 1556, 200, 16, 9432, 28
599704, 6208, 7640, 1176, 1556, 200, 16, 9432, 28
599700, 6192, 7644, 1180, 1552, 200, 16, 9448, 28
599700, 6188, 7640, 1184, 1548, 200, 16, 9456, 28
599700, 6184, 7644, 1176, 1556, 200, 16, 9456, 28
599700, 6172, 7644, 1180, 1552, 200, 16, 9468, 28
599700, 6168, 7636, 1180, 1548, 200, 16, 9484, 28
599696, 6164, 7636, 1180, 1548, 200, 16, 9492, 28
599692, 6160, 7632, 1184, 1544, 200, 16, 9504, 28
599692, 6156, 7628, 1176, 1552, 200, 16, 9512, 28
599684, 6152, 7636, 1172, 1556, 200, 16, 9516, 28
599684, 6152, 7628, 1172, 1556, 200, 16, 9524, 28
599684, 6148, 7628, 1172, 1556, 200, 16, 9528, 28
599684, 6144, 7624, 1172, 1556, 200, 16, 9536, 28
599680, 6144, 7628, 1172, 1556, 200, 16, 9536, 28
599680, 6140, 7620, 1172, 1548, 200, 16, 9556, 28
599676, 6128, 7632, 1168, 1552, 200, 16, 9560, 28
599676, 6112, 7636, 1172, 1544, 200, 16, 9576, 28
599676, 6088, 7656, 1172, 1544, 200, 16, 9580, 28
599672, 6084, 7648, 1176, 1540, 200, 16, 9596, 28
599668, 6072, 7652, 1184, 1540, 200, 16, 9600, 28
599664, 6064, 7652, 1192, 1540, 200, 16, 9604, 28
599656, 6052, 7668, 1192, 1536, 200, 16, 9612, 28
599656, 6052, 7664, 1188, 1536, 200, 16, 9620, 28
599648, 6052, 7664, 1192, 1536, 200, 16, 9624, 28
599640, 6048, 7664, 1192, 1540, 200, 16, 9632, 28
599636, 6036, 7672, 1196, 1540, 200, 16, 9636, 28
599628, 6036, 7676, 1196, 1544, 200, 16, 9636, 28
599624, 6040, 7668, 1192, 1544, 200, 16, 9648, 28
599620, 6020, 7692, 1192, 1540, 204, 16, 9648, 28
599616, 6020, 7696, 1192, 1536, 204, 16, 9652, 28
599604, 6024, 7696, 1188, 1540, 204, 16, 9660, 28
599600, 6016, 7696, 1188, 1540, 204, 16, 9672, 28
599596, 6000, 7704, 1196, 1540, 204, 16, 9676, 28
599592, 5988, 7708, 1208, 1540, 204, 16, 9676, 28
599592, 5980, 7712, 1208, 1540, 204, 16, 9680, 28
599588, 5964, 7716, 1212, 1540, 204, 16, 9692, 28
599584, 5964, 7716, 1212, 1544, 204, 16, 9692, 28
599580, 5956, 7716, 1220, 1544, 204, 16, 9696, 28
599576, 5948, 7724, 1220, 1548, 204, 16, 9696, 28
599576, 5944, 7712, 1216, 1552, 204, 16, 9712, 28
599572, 5928, 7728, 1216, 1552, 204, 16, 9716, 28
599572, 5928, 7724, 1216, 1552, 204, 16, 9720, 28
599572, 5920, 7720, 1224, 1552, 200, 20, 9724, 28
599572, 5908, 7724, 1228, 1552, 200, 20, 9728, 28
599572, 5892, 7724, 1236, 1552, 200, 20, 9736, 28
599572, 5884, 7716, 1236, 1552, 200, 20, 9752, 28
599572, 5868, 7720, 1240, 1552, 200, 20, 9760, 28
599564, 5864, 7724, 1244, 1548, 200, 20, 9768, 28
599564, 5860, 7720, 1244, 1548, 200, 20, 9776, 28
599564, 5844, 7728, 1244, 1552, 200, 20, 9780, 28
599564, 5832, 7736, 1240, 1556, 200, 20, 9784, 28
599564, 5812, 7744, 1240, 1548, 200, 20, 9804, 28
599560, 5804, 7752, 1244, 1544, 204, 20, 9804, 28
599548, 5812, 7748, 1240, 1548, 204, 20, 9812, 28
599548, 5804, 7744, 1240, 1548, 204, 20, 9824, 28
599544, 5804, 7744, 1240, 1548, 204, 20, 9828, 28
599512, 5812, 7764, 1244, 1548, 204, 20, 9828, 28
599496, 5784, 7780, 1264, 1552, 204, 20, 9832, 28
599472, 5800, 7776, 1260, 1556, 204, 20, 9844, 28
599452, 5804, 7788, 1260, 1556, 204, 20, 9848, 28
599420, 5836, 7788, 1256, 1556, 204, 20, 9852, 28
599408, 5836, 7788, 1252, 1556, 204, 20, 9868, 28
599396, 5844, 7784, 1256, 1556, 204, 20, 9872, 28
599336, 5888, 7788, 1260, 1556, 204, 20, 9880, 28
599296, 5912, 7792, 1264, 1560, 204, 20, 9884, 28
599252, 5940, 7792, 1272, 1560, 204, 20, 9892, 28
599220, 5956, 7796, 1272, 1556, 204, 20, 9908, 28
599160, 6008, 7804, 1264, 1552, 204, 20, 9920, 28
599136, 6016, 7804, 1268, 1556, 204, 20, 9928, 28
599096, 6032, 7824, 1268, 1556, 204, 20, 9932, 28
599052, 6056, 7836, 1272, 1556, 204, 20, 9936, 28
598984, 6120, 7832, 1272, 1556, 204, 20, 9944, 28
598936, 6164, 7828, 1264, 1564, 204, 20, 9952, 28
598868, 6212, 7828, 1264, 1572, 204, 20, 9964, 28
598820, 6236, 7844, 1256, 1580, 204, 20, 9972, 28
598784, 6264, 7844, 1256, 1580, 204, 20, 9980, 28
598724, 6316, 7844, 1260, 1576, 204, 20, 9988, 28
598684, 6352, 7848, 1260, 1572, 208, 20, 9988, 28
598640, 6388, 7852, 1264, 1568, 208, 20, 9992, 28
598584, 6428, 7868, 1256, 1576, 208, 20, 9992, 28
598552, 6456, 7864, 1256, 1576, 208, 20, 10000, 28
598488, 6512, 7872, 1256, 1576, 208, 20, 10000, 28
598452, 6540, 7880, 1256, 1576, 208, 20, 10000, 28
598416, 6560, 7884, 1252, 1580, 208, 20, 10012, 28
598380, 6592, 7884, 1248, 1580, 212, 20, 10016, 28
598348, 6600, 7900, 1252, 1584, 212, 20, 10016, 28
598320, 6624, 7880, 1244, 1592, 212, 20, 10040, 28
598280, 6652, 7876, 1248, 1584, 212, 20, 10060, 28
598252, 6672, 7884, 1244, 1584, 212, 20, 10064, 28
598200, 6692, 7896, 1248, 1588, 212, 20, 10076, 28
598148, 6736, 7904, 1244, 1592, 212, 20, 10076, 28
598104, 6772, 7908, 1248, 1592, 212, 20, 10076, 28
598088, 6780, 7900, 1248, 1592, 212, 20, 10092, 28
598060, 6808, 7884, 1248, 1592, 212, 20, 10108, 28
598024, 6836, 7884, 1240, 1596, 212, 20, 10120, 28
597980, 6868, 7884, 1240, 1600, 212, 20, 10128, 28
597940, 6892, 7888, 1248, 1600, 212, 20, 10132, 28
597920, 6896, 7896, 1252, 1600, 212, 20, 10136, 28
597868, 6924, 7908, 1256, 1604, 212, 20, 10140, 28
597820, 6956, 7912, 1248, 1612, 212, 20, 10152, 28
597788, 6968, 7924, 1244, 1612, 212, 20, 10164, 28
597756, 6996, 7928, 1240, 1616, 212, 20, 10164, 28
597708, 7036, 7936, 1240, 1616, 212, 20, 10164, 28
597676, 7056, 7948, 1236, 1620, 212, 20, 10164, 28
597636, 7088, 7936, 1236, 1624, 212, 20, 10180, 28
597608, 7108, 7944, 1232, 1628, 212, 20, 10180, 28
597584, 7116, 7952, 1232, 1632, 212, 20, 10184, 28
597564, 7116, 7964, 1232, 1640, 212, 20, 10184, 28
597512, 7156, 7972, 1232, 1636, 212, 20, 10192, 28
597504, 7152, 7976, 1232, 1640, 212, 20, 10196, 28
597492, 7136, 7984, 1236, 1632, 212, 20, 10220, 28
597468, 7144, 7992, 1236, 1628, 212, 20, 10232, 28
597464, 7140, 7984, 1236, 1624, 212, 20, 10252, 28
597464, 7128, 7996, 1236, 1624, 212, 20, 10252, 28
597432, 7136, 8004, 1252, 1624, 212, 20, 10252, 28
597424, 7136, 8004, 1252, 1628, 212, 20, 10256, 28
597416, 7120, 8004, 1268, 1628, 212, 20, 10264, 28
597416, 7104, 8012, 1272, 1632, 212, 20, 10264, 28
597404, 7100, 8028, 1268, 1636, 212, 20, 10264, 28
597400, 7092, 8036, 1272, 1636, 212, 20, 10264, 28
597388, 7092, 8044, 1272, 1640, 212, 20, 10264, 28
597384, 7084, 8044, 1276, 1636, 212, 20, 10276, 28
597372, 7088, 8052, 1272, 1636, 212, 20, 10280, 28
597368, 7076, 8060, 1276, 1636, 212, 20, 10284, 28
597364, 7072, 8060, 1276, 1640, 212, 20, 10288, 28
597352, 7072, 8068, 1272, 1648, 212, 20, 10288, 28
597344, 7064, 8072, 1280, 1648, 212, 20, 10292, 28
597332, 7068, 8076, 1280, 1648, 212, 20, 10296, 28
597328, 7064, 8076, 1280, 1652, 212, 20, 10300, 28
597308, 7056, 8096, 1288, 1648, 212, 20, 10304, 28
597296, 7052, 8092, 1292, 1648, 216, 20, 10316, 28
597296, 7044, 8096, 1292, 1644, 216, 20, 10324, 28
597288, 7032, 8112, 1292, 1648, 216, 20, 10324, 28
597280, 7016, 8112, 1296, 1652, 216, 20, 10340, 28
597264, 7020, 8116, 1304, 1652, 216, 20, 10340, 28
597260, 7008, 8128, 1304, 1656, 216, 20, 10340, 28
597260, 7000, 8136, 1304, 1656, 216, 20, 10340, 28
597252, 6992, 8140, 1308, 1656, 216, 20, 10348, 28
597240, 7000, 8124, 1308, 1652, 216, 20, 10372, 28
597240, 6992, 8124, 1316, 1644, 216, 20, 10380, 28
597228, 6996, 8120, 1316, 1648, 216, 20, 10388, 28
597208, 7004, 8120, 1320, 1648, 216, 20, 10396, 28
597196, 7004, 8128, 1316, 1652, 216, 20, 10400, 28
597184, 6984, 8152, 1312, 1656, 216, 20, 10408, 28
597180, 6964, 8160, 1316, 1648, 216, 20, 10428, 28
597172, 6968, 8160, 1316, 1648, 216, 20, 10432, 28
597168, 6952, 8168, 1320, 1648, 216, 20, 10440, 28
597164, 6944, 8172, 1320, 1652, 216, 20, 10444, 28
597160, 6944, 8176, 1320, 1652, 216, 20, 10444, 28
597156, 6944, 8176, 1312, 1660, 216, 20, 10448, 28
597156, 6936, 8176, 1308, 1664, 216, 20, 10456, 28
597156, 6932, 8172, 1304, 1668, 216, 20, 10464, 28
597156, 6920, 8172, 1304, 1668, 216, 20, 10476, 28
597152, 6892, 8188, 1312, 1668, 216, 20, 10484, 28
597152, 6888, 8192, 1312, 1668, 216, 20, 10484, 28
597140, 6896, 8184, 1312, 1668, 216, 20, 10496, 28
597140, 6876, 8200, 1312, 1660, 220, 20, 10504, 28
597132, 6880, 8204, 1312, 1652, 220, 20, 10508, 32
597132, 6868, 8212, 1316, 1652, 220, 20, 10508, 32
597128, 6868, 8212, 1320, 1652, 220, 20, 10508, 32
597128, 6856, 8216, 1324, 1652, 220, 20, 10512, 32
597124, 6840, 8224, 1324, 1656, 220, 20, 10520, 32
597124, 6836, 8216, 1324, 1652, 220, 20, 10536, 32
597120, 6828, 8228, 1324, 1652, 220, 20, 10536, 32
597112, 6832, 8232, 1324, 1648, 220, 20, 10540, 32
597108, 6820, 8248, 1320, 1652, 220, 20, 10540, 32
597108, 6792, 8248, 1320, 1656, 220, 20, 10564, 32
597100, 6784, 8256, 1324, 1656, 220, 20, 10568, 32
597100, 6772, 8268, 1320, 1660, 220, 20, 10568, 32
597100, 6764, 8260, 1320, 1660, 220, 20, 10584, 32
597100, 6740, 8272, 1320, 1660, 220, 20, 10596, 32
597100, 6728, 8276, 1324, 1660, 220, 20, 10600, 32
597092, 6720, 8288, 1328, 1660, 216, 20, 10604, 32
597088, 6712, 8292, 1328, 1664, 216, 20, 10608, 32
597084, 6708, 8280, 1324, 1664, 216, 20, 10632, 32
597080, 6696, 8280, 1324, 1672, 216, 20, 10640, 32
597080, 6684, 8288, 1324, 1672, 216, 20, 10644, 32
597076, 6680, 8292, 1324, 1672, 216, 20, 10648, 32
597072, 6656, 8308, 1332, 1672, 216, 20, 10652, 32
597072, 6644, 8304, 1336, 1672, 216, 20, 10664, 32
597064, 6644, 8312, 1336, 1672, 216, 20, 10664, 32
597064, 6636, 8312, 1340, 1668, 216, 20, 10672, 32
597060, 6628, 8300, 1344, 1668, 216, 20, 10692, 32
597060, 6616, 8312, 1344, 1668, 216, 20, 10692, 32
597052, 6600, 8324, 1344, 1668, 220, 20, 10700, 32
597052, 6588, 8336, 1344, 1668, 220, 20, 10700, 32
597044, 6576, 8340, 1344, 1676, 220, 20, 10708, 32
597040, 6580, 8332, 1340, 1680, 220, 20, 10716, 32
597036, 6568, 8336, 1344, 1680, 220, 20, 10724, 32
597036, 6552, 8336, 1352, 1676, 220, 20, 10736, 32
597032, 6544, 8340, 1356, 1676, 220, 20, 10740, 32
597032, 6528, 8336, 1364, 1672, 220, 20, 10756, 32
597024, 6520, 8352, 1360, 1676, 220, 20, 10756, 32
597020, 6492, 8384, 1356, 1680, 220, 20, 10756, 32
597012, 6476, 8404, 1360, 1680, 220, 20, 10756, 32
597008, 6472, 8408, 1364, 1680, 220, 20, 10756, 32
596988, 6476, 8420, 1368, 1680, 220, 20, 10756, 32
596980, 6480, 8420, 1368, 1680, 220, 20, 10760, 32
596968, 6456, 8432, 1384, 1684, 220, 20, 10764, 32
596952, 6460, 8432, 1392, 1680, 220, 20, 10772, 32
596936, 6464, 8424, 1392, 1676, 220, 20, 10796, 32
596908, 6480, 8420, 1396, 1668, 220, 20, 10816, 32
596876, 6504, 8420, 1400, 1668, 220, 20, 10820, 32
596848, 6512, 8432, 1408, 1664, 220, 20, 10824, 32
596812, 6512, 8444, 1412, 1668, 220, 20, 10840, 32
596788, 6516, 8444, 1428, 1668, 220, 20, 10844, 32
596744, 6548, 8444, 1432, 1668, 220, 20, 10852, 32
596688, 6588, 8460, 1432, 1668, 220, 20, 10852, 32
596624, 6640, 8460, 1432, 1668, 220, 20, 10864, 32
596564, 6688, 8472, 1432, 1668, 220, 20, 10864, 32
596532, 6696, 8472, 1440, 1668, 220, 20, 10880, 32
596488, 6732, 8476, 1440, 1668, 220, 20, 10884, 32
596456, 6748, 8484, 1444, 1668, 220, 20, 10888, 32
596380, 6804, 8488, 1456, 1668, 216, 24, 10892, 32
596344, 6828, 8488, 1456, 1664, 220, 24, 10900, 36
596308, 6864, 8484, 1456, 1664, 220, 24, 10904, 36
596268, 6876, 8500, 1464, 1664, 220, 24, 10908, 36
596212, 6912, 8496, 1472, 1664, 220, 24, 10924, 36
596132, 6980, 8504, 1472, 1664, 220, 24, 10928, 36
596108, 6988, 8508, 1476, 1664, 220, 24, 10936, 36
596076, 7004, 8508, 1488, 1664, 220, 24, 10940, 36
596036, 7040, 8508, 1488, 1664, 220, 24, 10944, 36
596004, 7060, 8508, 1488, 1660, 220, 24, 10960, 36
595944, 7108, 8508, 1484, 1664, 220, 24, 10972, 36
595888, 7160, 8504, 1484, 1660, 224, 24, 10980, 36
595840, 7180, 8524, 1484, 1664, 224, 24, 10984, 36
595800, 7208, 8528, 1484, 1668, 224, 24, 10988, 36
595756, 7228, 8544, 1488, 1672, 224, 24, 10988, 36
595724, 7256, 8548, 1488, 1668, 224, 24, 10992, 36
595692, 7272, 8556, 1488, 1668, 224, 24, 11000, 36
595656, 7296, 8560, 1492, 1668, 224, 24, 11004, 36
595632, 7308, 8572, 1488, 1672, 224, 24, 11004, 36
595580, 7352, 8576, 1488, 1668, 228, 24, 11008, 36
595540, 7360, 8604, 1484, 1672, 228, 24, 11012, 36
595496, 7384, 8612, 1492, 1664, 228, 24, 11024, 36
595448, 7428, 8616, 1492, 1664, 228, 24, 11024, 36
595412, 7448, 8628, 1488, 1668, 228, 24, 11028, 36
595376, 7476, 8636, 1488, 1664, 228, 24, 11032, 36
595324, 7512, 8648, 1484, 1672, 228, 24, 11032, 36
595272, 7552, 8656, 1484, 1672, 228, 24, 11036, 36
595244, 7568, 8656, 1488, 1672, 228, 24, 11044, 36
595196, 7600, 8672, 1488, 1668, 228, 24, 11048, 36
595156, 7628, 8680, 1488, 1668, 228, 24, 11052, 36
595108, 7668, 8688, 1488, 1668, 228, 24, 11052, 36
595048, 7708, 8700, 1492, 1668, 228, 24, 11056, 36
595012, 7720, 8712, 1492, 1672, 228, 24, 11064, 36
594980, 7732, 8728, 1492, 1672, 228, 24, 11068, 36
594940, 7768, 8720, 1488, 1672, 228, 24, 11084, 36
594892, 7800, 8724, 1480, 1688, 228, 24, 11088, 36
594856, 7812, 8740, 1484, 1688, 228, 24, 11092, 36
594832, 7816, 8740, 1492, 1688, 228, 24, 11104, 36
594800, 7840, 8748, 1492, 1680, 228, 24, 11112, 36
594772, 7864, 8752, 1488, 1684, 228, 24, 11112, 36
594744, 7864, 8772, 1492, 1684, 228, 24, 11116, 36
594720, 7872, 8788, 1488, 1688, 228, 24, 11116, 36
594700, 7884, 8784, 1492, 1688, 228, 24, 11124, 36
594672, 7904, 8792, 1492, 1688, 228, 24, 11124, 36
594656, 7908, 8796, 1500, 1688, 228, 24, 11124, 36
594648, 7888, 8824, 1500, 1684, 228, 24, 11128, 36
594640, 7876, 8844, 1500, 1680, 228, 24, 11132, 36
594636, 7860, 8864, 1492, 1688, 228, 24, 11132, 36
594624, 7860, 8872, 1492, 1688, 228, 24, 11136, 36
594600, 7876, 8880, 1492, 1688, 228, 24, 11136, 36
594600, 7856, 8896, 1488, 1688, 228, 24, 11144, 36
594600, 7836, 8896, 1492, 1688, 228, 24, 11160, 36
594596, 7820, 8912, 1492, 1684, 228, 24, 11168, 36
594592, 7824, 8912, 1488, 1684, 228, 24, 11172, 36
594580, 7824, 8924, 1488, 1684, 228, 24, 11172, 36
594572, 7816, 8928, 1492, 1688, 228, 24, 11176, 36
594572, 7804, 8936, 1484, 1692, 224, 28, 11180, 40
594560, 7804, 8932, 1492, 1692, 224, 28, 11188, 40
594556, 7796, 8928, 1492, 1700, 224, 28, 11196, 40
594548, 7780, 8932, 1492, 1704, 224, 28, 11212, 40
594540, 7776, 8920, 1492, 1708, 224, 28, 11232, 40
594520, 7780, 8928, 1496, 1708, 224, 28, 11236, 40
594508, 7784, 8924, 1492, 1712, 224, 28, 11248, 40
594500, 7784, 8920, 1500, 1712, 224, 28, 11252, 40
594492, 7772, 8932, 1504, 1700, 228, 28, 11264, 40
594484, 7764, 8936, 1512, 1700, 228, 28, 11268, 40
594464, 7768, 8940, 1512, 1704, 228, 28, 11276, 40
594456, 7764, 8940, 1512, 1708, 228, 28, 11284, 40
594440, 7772, 8944, 1508, 1712, 228, 28, 11288, 40
594440, 7744, 8964, 1504, 1716, 228, 28, 11296, 40
594432, 7740, 8968, 1508, 1716, 228, 28, 11300, 40
594428, 7724, 8980, 1500, 1724, 228, 28, 11308, 40
594420, 7724, 8980, 1500, 1728, 228, 28, 11312, 40
594412, 7712, 8988, 1504, 1724, 228, 28, 11324, 40
594400, 7704, 8988, 1508, 1732, 232, 24, 11332, 40
594400, 7692, 8992, 1516, 1732, 232, 24, 11332, 40
594384, 7696, 8980, 1516, 1732, 232, 24, 11356, 40
594384, 7676, 8992, 1516, 1736, 232, 24, 11360, 40
594380, 7676, 8992, 1512, 1740, 232, 24, 11364, 40
594380, 7656, 8988, 1520, 1736, 236, 24, 11380, 40
594364, 7656, 8996, 1524, 1732, 236, 24, 11388, 40
594360, 7644, 9008, 1524, 1732, 236, 24, 11392, 40
594356, 7628, 9020, 1520, 1732, 236, 24, 11404, 40
594352, 7608, 9032, 1528, 1732, 236, 24, 11408, 40
594344, 7600, 9040, 1528, 1716, 244, 24, 11424, 40
594336, 7584, 9060, 1528, 1712, 244, 24, 11432, 40
594324, 7576, 9080, 1520, 1720, 244, 24, 11432, 40
594324, 7564, 9088, 1520, 1712, 244, 24, 11444, 40
594324, 7552, 9096, 1520, 1712, 244, 24, 11448, 40
594320, 7544, 9108, 1520, 1708, 244, 24, 11452, 40
594320, 7524, 9120, 1520, 1708, 244, 24, 11460, 40
594312, 7516, 9132, 1520, 1708, 244, 24, 11464, 40
594304, 7496, 9152, 1520, 1708, 244, 24, 11472, 40
594300, 7480, 9164, 1528, 1708, 244, 24, 11472, 40
594300, 7468, 9172, 1524, 1712, 244, 24, 11476, 40
594300, 7444, 9180, 1532, 1716, 244, 24, 11480, 40
594300, 7428, 9188, 1532, 1720, 244, 24, 11484, 40
594280, 7432, 9196, 1528, 1724, 248, 24, 11488, 40
594280, 7408, 9216, 1528, 1728, 248, 24, 11488, 40
594280, 7384, 9232, 1536, 1728, 248, 24, 11488, 40
594280, 7376, 9240, 1536, 1724, 248, 24, 11492, 40
594280, 7360, 9244, 1532, 1724, 248, 24, 11508, 40
594276, 7348, 9240, 1540, 1728, 248, 24, 11516, 40
594264, 7348, 9248, 1536, 1732, 248, 24, 11520, 40
594256, 7348, 9248, 1536, 1736, 248, 24, 11524, 40
594256, 7320, 9268, 1540, 1740, 248, 24, 11524, 40
594244, 7324, 9272, 1536, 1744, 248, 24, 11528, 40
594236, 7300, 9292, 1540, 1744, 248, 24, 11536, 40
594228, 7288, 9292, 1552, 1744, 248, 24, 11544, 40
594228, 7268, 9312, 1552, 1744, 248, 24, 11544, 40
594220, 7264, 9324, 1548, 1748, 248, 24, 11544, 40
594208, 7264, 9328, 1548, 1748, 248, 24, 11552, 40
594204, 7260, 9328, 1540, 1760, 248, 24, 11556, 40
594196, 7248, 9348, 1532, 1768, 248, 24, 11556, 40
594196, 7240, 9356, 1528, 1772, 248, 24, 11556, 40
594196, 7216, 9348, 1536, 1768, 248, 24, 11584, 40
594188, 7204, 9360, 1536, 1772, 248, 24, 11588, 40
594176, 7208, 9360, 1528, 1780, 248, 24, 11596, 40
594176, 7200, 9360, 1528, 1784, 252, 20, 11600, 40
594172, 7200, 9356, 1528, 1788, 252, 20, 11604, 40
594164, 7188, 9372, 1524, 1788, 252, 20, 11608, 44
594156, 7180, 9376, 1520, 1784, 252, 20, 11628, 44
594148, 7164, 9388, 1524, 1784, 252, 20, 11636, 44
594148, 7156, 9392, 1520, 1788, 252, 20, 11640, 44
594144, 7144, 9400, 1520, 1788, 252, 20, 11648, 44
594132, 7144, 9404, 1520, 1788, 252, 20, 11656, 44
594132, 7124, 9416, 1524, 1792, 252, 20, 11656, 44
594128, 7112, 9428, 1528, 1788, 252, 20, 11660, 44
594128, 7100, 9432, 1528, 1788, 256, 20, 11664, 44
594116, 7100, 9436, 1528, 1788, 256, 20, 11672, 44
594104, 7100, 9448, 1524, 1788, 260, 20, 11672, 44
594104, 7072, 9468, 1524, 1788, 260, 20, 11680, 44
594100, 7060, 9484, 1524, 1788, 260, 20, 11680, 44
594088, 7056, 9488, 1524, 1784, 260, 20, 11696, 44
594072, 7048, 9492, 1532, 1784, 260, 20, 11708, 44
594060, 7052, 9500, 1532, 1780, 260, 20, 11712, 44
594060, 7032, 9504, 1528, 1788, 260, 20, 11724, 44
594056, 7016, 9508, 1532, 1788, 260, 20, 11736, 44
594056, 7000, 9516, 1520, 1796, 264, 20, 11744, 44
594052, 6984, 9524, 1524, 1796, 264, 20, 11752, 44
594052, 6964, 9536, 1524, 1800, 264, 20, 11756, 44
594044, 6968, 9536, 1524, 1800, 264, 20, 11760, 44
594040, 6964, 9544, 1520, 1796, 264, 20, 11768, 44
594032, 6956, 9556, 1524, 1796, 264, 20, 11768, 44
594016, 6952, 9568, 1520, 1796, 264, 20, 11780, 44
594012, 6952, 9556, 1520, 1796, 264, 20, 11796, 44
594008, 6928, 9568, 1524, 1800, 264, 20, 11804, 44
593988, 6932, 9576, 1528, 1796, 268, 20, 11808, 44
593984, 6928, 9564, 1528, 1788, 272, 20, 11832, 44
593976, 6924, 9576, 1528, 1788, 272, 20, 11832, 44
593972, 6896, 9588, 1536, 1792, 272, 20, 11840, 44
593968, 6892, 9584, 1532, 1796, 272, 20, 11852, 44
593964, 6888, 9592, 1532, 1796, 272, 20, 11852, 44
593960, 6872, 9604, 1536, 1796, 272, 20, 11856, 44
593952, 6876, 9600, 1536, 1796, 272, 20, 11864, 44
593948, 6864, 9608, 1536, 1796, 272, 20, 11872, 44
593940, 6860, 9616, 1532, 1800, 272, 20, 11876, 44
593936, 6836, 9632, 1544, 1800, 272, 20, 11876, 44
593924, 6844, 9620, 1544, 1800, 272, 20, 11892, 44
593920, 6836, 9620, 1544, 1804, 272, 20, 11900, 44
593920, 6832, 9616, 1540, 1808, 272, 20, 11908, 44
593904, 6800, 9648, 1548, 1808, 272, 20, 11916, 44
593900, 6788, 9648, 1556, 1804, 276, 20, 11924, 44
593880, 6788, 9668, 1552, 1808, 276, 20, 11924, 44
593872, 6776, 9684, 1556, 1804, 276, 20, 11928, 44
593864, 6764, 9704, 1556, 1800, 276, 20, 11928, 48
593860, 6752, 9716, 1552, 1808, 276, 20, 11928, 48
593860, 6732, 9712, 1556, 1808, 276, 20, 11948, 48
593856, 6720, 9716, 1560, 1808, 276, 20, 11956, 48
593844, 6724, 9700, 1560, 1812, 276, 20, 11976, 48
593836, 6712, 9704, 1572, 1812, 276, 20, 11980, 48
593832, 6700, 9708, 1576, 1812, 276, 20, 11988, 48
593808, 6712, 9720, 1576, 1812, 276, 20, 11988, 48
593808, 6708, 9720, 1576, 1808, 276, 20, 11996, 48
593808, 6680, 9724, 1592, 1804, 280, 20, 12004, 48
593800, 6676, 9724, 1588, 1808, 280, 20, 12016, 48
593796, 6652, 9748, 1584, 1808, 280, 20, 12024, 48
593780, 6656, 9748, 1588, 1804, 284, 20, 12032, 48
593776, 6636, 9764, 1596, 1796, 284, 20, 12040, 48
593772, 6628, 9764, 1600, 1796, 284, 20, 12048, 48
593764, 6620, 9772, 1600, 1792, 284, 20, 12060, 48
593760, 6616, 9776, 1600, 1792, 284, 20, 12064, 48
593748, 6616, 9772, 1600, 1792, 284, 20, 12080, 48
593740, 6612, 9772, 1604, 1792, 284, 20, 12088, 48
593732, 6588, 9792, 1608, 1796, 284, 20, 12092, 48
593716, 6584, 9796, 1600, 1800, 284, 20, 12108, 52
593696, 6580, 9816, 1596, 1804, 288, 16, 12112, 52
593692, 6548, 9840, 1600, 1812, 288, 16, 12112, 52
593680, 6548, 9844, 1600, 1816, 288, 16, 12116, 52
593672, 6544, 9848, 1600, 1820, 288, 16, 12120, 52
593656, 6552, 9848, 1600, 1820, 288, 16, 12128, 52
593644, 6552, 9856, 1596, 1828, 288, 16, 12128, 52
593644, 6532, 9872, 1596, 1828, 288, 16, 12132, 52
593640, 6524, 9880, 1592, 1832, 288, 16, 12136, 52
593628, 6512, 9892, 1588, 1844, 288, 16, 12140, 52
593616, 6512, 9900, 1588, 1848, 288, 16, 12140, 52
593608, 6508, 9904, 1592, 1852, 288, 16, 12140, 52
593600, 6492, 9924, 1592, 1856, 288, 16, 12140, 52
593592, 6480, 9928, 1600, 1860, 288, 16, 12144, 52
593564, 6496, 9940, 1596, 1860, 288, 16, 12148, 52
593540, 6500, 9952, 1592, 1860, 288, 16, 12160, 52
593520, 6488, 9976, 1600, 1860, 288, 16, 12160, 52
593500, 6500, 9972, 1608, 1860, 288, 16, 12164, 52
593484, 6492, 9996, 1608, 1856, 292, 16, 12164, 52
593464, 6496, 10008, 1612, 1852, 296, 16, 12164, 52
593452, 6492, 10016, 1616, 1852, 296, 16, 12168, 52
593428, 6504, 10020, 1616, 1852, 296, 16, 12176, 52
593372, 6536, 10028, 1624, 1852, 296, 16, 12184, 52
593344, 6548, 10028, 1632, 1852, 296, 16, 12192, 52
593328, 6560, 10020, 1632, 1852, 296, 16, 12204, 52
593312, 6572, 10024, 1632, 1844, 296, 16, 12212, 52
593284, 6568, 10048, 1632, 1848, 296, 16, 12216, 52
593272, 6552, 10060, 1644, 1848, 296, 16, 12220, 52
593248, 6552, 10072, 1644, 1848, 296, 16, 12232, 52
593240, 6544, 10068, 1644, 1852, 296, 16, 12248, 52
593236, 6540, 10068, 1644, 1844, 300, 16, 12260, 52
593224, 6536, 10072, 1648, 1848, 300, 16, 12264, 52
593208, 6528, 10084, 1656, 1848, 300, 16, 12268, 52
593192, 6524, 10088, 1664, 1848, 300, 16, 12276, 52
593180, 6500, 10096, 1676, 1848, 300, 16, 12292, 52
593172, 6488, 10092, 1688, 1848, 300, 16, 12304, 52
593168, 6488, 10088, 1688, 1832, 308, 16, 12320, 52
593168, 6472, 10100, 1684, 1828, 308, 16, 12332, 52
593168, 6460, 10092, 1688, 1824, 308, 16, 12352, 52
593164, 6448, 10100, 1688, 1824, 308, 16, 12360, 52
593164, 6436, 10100, 1692, 1824, 308, 16, 12368, 52
593164, 6432, 10104, 1692, 1820, 308, 16, 12372, 52
593156, 6436, 10100, 1692, 1820, 308, 16, 12380, 52
593152, 6424, 10112, 1692, 1816, 308, 16, 12388, 52
593152, 6420, 10108, 1688, 1816, 312, 16, 12396, 52
593140, 6424, 10116, 1680, 1824, 312, 16, 12396, 52
593140, 6408, 10132, 1680, 1824, 312, 16, 12396, 52
593124, 6408, 10148, 1680, 1820, 312, 16, 12400, 52
593120, 6412, 10148, 1672, 1828, 312, 16, 12400, 52
593116, 6400, 10160, 1672, 1832, 312, 16, 12400, 52
593116, 6392, 10156, 1672, 1832, 312, 16, 12412, 52
593108, 6392, 10160, 1672, 1832, 312, 16, 12416, 52
593100, 6380, 10168, 1672, 1836, 312, 16, 12424, 52
593100, 6368, 10164, 1676, 1836, 312, 16, 12436, 52
593096, 6360, 10160, 1676, 1832, 316, 16, 12452, 52
593092, 6356, 10160, 1680, 1832, 316, 16, 12456, 52
593092, 6332, 10160, 1696, 1828, 316, 16, 12468, 52
593080, 6320, 10164, 1696, 1828, 316, 16, 12488, 52
593076, 6300, 10168, 1704, 1828, 316, 16, 12500, 52
593068, 6296, 10168, 1708, 1832, 316, 16, 12504, 52
593060, 6300, 10168, 1712, 1832, 316, 16, 12504, 52
593056, 6288, 10176, 1716, 1832, 316, 16, 12508, 52
593052, 6288, 10172, 1712, 1836, 316, 16, 12516, 52
593052, 6284, 10172, 1712, 1836, 316, 16, 12520, 52
593044, 6276, 10188, 1712, 1836, 316, 16, 12520, 52
593044, 6272, 10180, 1716, 1836, 316, 16, 12528, 52
593040, 6256, 10196, 1716, 1832, 316, 16, 12536, 52
593036, 6240, 10204, 1720, 1836, 316, 16, 12540, 52
593028, 6220, 10224, 1724, 1836, 320, 16, 12540, 52
593024, 6204, 10236, 1728, 1836, 320, 16, 12544, 52
593020, 6204, 10236, 1728, 1836, 320, 16, 12548, 52
593012, 6204, 10232, 1732, 1832, 320, 16, 12560, 52
593000, 6208, 10240, 1728, 1836, 320, 16, 12560, 52
592992, 6208, 10244, 1720, 1844, 320, 16, 12564, 52
592984, 6188, 10260, 1712, 1852, 320, 16, 12576, 52
592972, 6180, 10264, 1712, 1860, 320, 16, 12584, 52
592972, 6164, 10276, 1716, 1856, 320, 16, 12588, 52
592964, 6148, 10288, 1724, 1848, 324, 16, 12596, 52
592960, 6136, 10292, 1716, 1856, 324, 16, 12608, 52
592960, 6124, 10292, 1724, 1856, 320, 20, 12612, 52
592956, 6108, 10304, 1724, 1852, 320, 20, 12624, 52
592936, 6104, 10320, 1732, 1848, 320, 20, 12628, 52
592936, 6080, 10336, 1732, 1852, 320, 20, 12632, 52
592928, 6068, 10352, 1732, 1852, 320, 20, 12636, 52
592928, 6060, 10352, 1732, 1852, 320, 20, 12644, 52
592920, 6048, 10364, 1728, 1856, 320, 20, 12652, 52
592916, 6016, 10388, 1736, 1852, 320, 20, 12660, 52
592916, 6008, 10388, 1732, 1856, 316, 24, 12668, 52
592916, 5992, 10404, 1732, 1856, 316, 24, 12668, 52
592908, 5972, 10416, 1740, 1860, 316, 24, 12672, 52
592908, 5964, 10396, 1744, 1852, 316, 24, 12704, 52
592896, 5952, 10420, 1744, 1852, 316, 24, 12704, 52
592892, 5932, 10440, 1744, 1852, 316, 24, 12708, 52
592884, 5928, 10444, 1752, 1848, 316, 24, 12708, 56
592876, 5916, 10448, 1752, 1852, 316, 24, 12720, 56
592844, 5924, 10452, 1760, 1848, 316, 24, 12736, 56
592828, 5920, 10468, 1760, 1848, 316, 24, 12740, 56
592824, 5900, 10480, 1768, 1852, 316, 24, 12740, 56
592820, 5892, 10484, 1768, 1852, 316, 24, 12748, 56
592820, 5872, 10496, 1768, 1840, 316, 24, 12768, 56
592804, 5856, 10512, 1768, 1844, 316, 24, 12780, 56
592800, 5840, 10532, 1768, 1844, 316, 24, 12780, 56
592792, 5844, 10536, 1768, 1844, 316, 24, 12780, 56
592780, 5832, 10548, 1756, 1856, 316, 24, 12792, 56
592776, 5812, 10568, 1756, 1852, 316, 24, 12800, 56
592768, 5812, 10568, 1744, 1864, 316, 24, 12808, 56
592756, 5812, 10572, 1744, 1864, 316, 24, 12816, 56
592752, 5804, 10576, 1748, 1864, 316, 24, 12820, 56
592752, 5796, 10572, 1744, 1872, 316, 24, 12828, 56
592748, 5796, 10576, 1744, 1872, 316, 24, 12828, 56
592736, 5784, 10592, 1748, 1876, 316, 24, 12828, 56
592716, 5788, 10592, 1748, 1876, 316, 24, 12844, 56
592708, 5788, 10592, 1752, 1876, 316, 24, 12848, 56
592700, 5780, 10600, 1748, 1880, 316, 24, 12856, 56
592696, 5756, 10624, 1752, 1880, 316, 24, 12856, 56
592688, 5748, 10624, 1756, 1872, 316, 24, 12876, 56
592672, 5756, 10628, 1748, 1880, 316, 24, 12880, 56
592664, 5748, 10640, 1752, 1880, 316, 24, 12880, 56
592648, 5756, 10636, 1748, 1884, 316, 24, 12892, 56
592636, 5764, 10628, 1744, 1888, 316, 24, 12904, 56
592632, 5760, 10620, 1740, 1892, 316, 24, 12920, 56
592628, 5756, 10612, 1736, 1888, 320, 24, 12940, 56
592620, 5744, 10620, 1744, 1888, 320, 24, 12944, 56
592608, 5748, 10616, 1748, 1888, 320, 24, 12952, 56
592592, 5748, 10612, 1748, 1888, 320, 24, 12972, 56
592572, 5756, 10612, 1752, 1896, 320, 24, 12972, 56
592560, 5756, 10612, 1756, 1896, 320, 24, 12980, 56
592556, 5744, 10616, 1760, 1896, 320, 24, 12988, 56
592552, 5736, 10608, 1760, 1896, 320, 24, 13008, 56
592544, 5724, 10608, 1764, 1900, 320, 24, 13020, 56
592540, 5724, 10604, 1760, 1904, 320, 24, 13028, 56
592528, 5728, 10604, 1764, 1904, 320, 24, 13032, 56
592524, 5720, 10600, 1764, 1908, 320, 24, 13044, 56
592516, 5712, 10608, 1768, 1908, 320, 24, 13048, 56
592508, 5716, 10600, 1764, 1908, 320, 24, 13064, 56
592500, 5720, 10584, 1760, 1908, 320, 24, 13088, 56
592488, 5716, 10600, 1756, 1912, 320, 24, 13088, 56
592480, 5700, 10620, 1752, 1916, 320, 24, 13092, 56
592468, 5688, 10628, 1760, 1912, 320, 24, 13104, 56
592452, 5672, 10640, 1764, 1912, 320, 24, 13120, 56
592444, 5660, 10652, 1764, 1912, 320, 24, 13128, 56
592432, 5660, 10660, 1764, 1908, 320, 24, 13136, 56
592420, 5652, 10680, 1760, 1912, 320, 24, 13136, 56
592408, 5624, 10688, 1764, 1912, 320, 24, 13164, 56
592400, 5620, 10684, 1764, 1912, 320, 24, 13180, 56
592384, 5620, 10684, 1748, 1928, 320, 24, 13196, 56
592376, 5596, 10700, 1756, 1928, 324, 24, 13200, 56
592364, 5588, 10712, 1760, 1928, 320, 24, 13208, 56
592344, 5592, 10716, 1756, 1932, 320, 24, 13220, 56
592332, 5592, 10724, 1752, 1936, 320, 24, 13224, 56
592324, 5576, 10732, 1756, 1932, 320, 24, 13240, 56
592320, 5564, 10732, 1756, 1932, 320, 24, 13256, 56
592316, 5556, 10736, 1756, 1932, 320, 24, 13264, 56
592296, 5564, 10744, 1752, 1940, 320, 24, 13264, 56
592284, 5572, 10748, 1752, 1924, 320, 24, 13276, 60
592272, 5568, 10752, 1756, 1924, 320, 24, 13284, 60
592260, 5572, 10752, 1752, 1928, 320, 24, 13292, 60
592244, 5584, 10748, 1752, 1924, 320, 24, 13304, 60
592228, 5592, 10756, 1744, 1924, 320, 24, 13312, 60
592208, 5596, 10760, 1744, 1920, 320, 24, 13328, 60
592200, 5596, 10764, 1744, 1920, 320, 24, 13332, 60
592188, 5592, 10780, 1740, 1924, 320, 24, 13332, 60
592176, 5580, 10788, 1748, 1920, 320, 24, 13344, 60
592136, 5608, 10792, 1756, 1920, 320, 24, 13344, 60
592116, 5628, 10788, 1748, 1928, 320, 24, 13348, 60
592088, 5632, 10808, 1744, 1932, 324, 24, 13348, 60
592060, 5640, 10820, 1744, 1932, 324, 24, 13356, 60
592052, 5632, 10816, 1752, 1928, 328, 24, 13368, 60
592004, 5676, 10808, 1748, 1932, 324, 24, 13384, 60
591976, 5692, 10816, 1748, 1936, 324, 24, 13384, 60
591940, 5700, 10836, 1756, 1932, 324, 24, 13388, 60
591912, 5716, 10848, 1756, 1924, 324, 24, 13396, 60
591884, 5728, 10864, 1756, 1924, 324, 24, 13396, 60
591864, 5732, 10864, 1760, 1924, 324, 24, 13408, 60
591848, 5724, 10872, 1768, 1928, 320, 28, 13412, 60
591832, 5732, 10880, 1768, 1928, 320, 28, 13412, 60
591828, 5720, 10884, 1772, 1932, 320, 28, 13416, 60
591824, 5716, 10868, 1772, 1936, 320, 28, 13436, 60
591820, 5716, 10868, 1772, 1932, 320, 28, 13444, 60
591812, 5724, 10856, 1772, 1932, 320, 28, 13456, 60
591812, 5704, 10868, 1776, 1928, 320, 28, 13464, 60
591804, 5684, 10892, 1776, 1928, 320, 28, 13468, 60
591800, 5676, 10896, 1780, 1924, 320, 28, 13476, 60
591796, 5664, 10900, 1776, 1932, 320, 28, 13484, 60
591788, 5664, 10908, 1776, 1932, 320, 28, 13484, 60
591784, 5664, 10908, 1776, 1932, 320, 28, 13488, 60
591784, 5656, 10908, 1780, 1932, 320, 28, 13492, 60
591780, 5644, 10912, 1788, 1932, 320, 28, 13496, 60
591776, 5628, 10912, 1796, 1932, 320, 28, 13508, 60
591772, 5604, 10924, 1796, 1940, 320, 28, 13516, 60
591756, 5604, 10932, 1796, 1928, 324, 28, 13532, 60
591752, 5576, 10944, 1808, 1932, 324, 28, 13536, 60
591744, 5576, 10952, 1808, 1928, 320, 28, 13540, 64
591744, 5552, 10960, 1812, 1932, 320, 28, 13548, 64
591740, 5532, 10968, 1824, 1932, 320, 28, 13552, 64
591740, 5512, 10980, 1820, 1928, 320, 28, 13568, 64
591732, 5508, 10976, 1808, 1944, 320, 28, 13580, 64
591732, 5492, 10988, 1808, 1948, 320, 28, 13580, 64
591720, 5492, 10984, 1804, 1948, 320, 28, 13600, 64
591716, 5484, 10976, 1808, 1948, 320, 28, 13616, 64
591704, 5488, 10960, 1808, 1932, 320, 28, 13656, 64
591700, 5468, 10972, 1816, 1924, 320, 28, 13668, 64
591696, 5464, 10976, 1820, 1924, 320, 28, 13668, 64
591688, 5464, 10964, 1824, 1928, 320, 28, 13680, 64
591676, 5464, 10972, 1824, 1928, 320, 28, 13684, 64
591672, 5456, 10972, 1824, 1928, 324, 28, 13692, 64
591668, 5448, 10968, 1824, 1924, 328, 28, 13708, 64
591660, 5448, 10964, 1824, 1924, 328, 28, 13720, 64
591652, 5424, 10976, 1836, 1920, 328, 28, 13732, 64
591644, 5424, 10972, 1828, 1928, 328, 28, 13744, 64
591640, 5404, 10984, 1828, 1936, 328, 28, 13748, 64
591640, 5380, 10976, 1840, 1932, 332, 28, 13768, 64
591640, 5360, 10992, 1840, 1932, 332, 28, 13772, 64
591632, 5356, 11000, 1844, 1932, 332, 28, 13772, 64
591628, 5348, 11008, 1844, 1932, 328, 28, 13780, 64
591628, 5348, 10988, 1840, 1932, 328, 28, 13804, 64
591620, 5348, 10992, 1840, 1932, 328, 28, 13808, 64
591620, 5332, 10996, 1836, 1936, 328, 28, 13820, 64
591612, 5336, 10992, 1832, 1936, 328, 28, 13832, 64
591608, 5328, 11000, 1832, 1936, 328, 28, 13836, 64
591604, 5320, 11000, 1832, 1936, 328, 28, 13848, 64
591588, 5328, 11008, 1828, 1940, 328, 28, 13848, 64
591576, 5328, 11008, 1820, 1948, 328, 28, 13860, 64
591568, 5308, 11024, 1816, 1952, 328, 28, 13872, 64
591552, 5308, 11024, 1812, 1952, 328, 28, 13892, 64
591552, 5300, 11032, 1812, 1948, 328, 28, 13896, 64
591552, 5264, 11056, 1816, 1952, 328, 28, 13900, 64
591552, 5248, 11064, 1820, 1956, 328, 28, 13900, 64
591544, 5240, 11076, 1816, 1960, 328, 28, 13904, 64
591540, 5232, 11072, 1820, 1960, 328, 28, 13916, 64
591524, 5220, 11092, 1820, 1964, 328, 28, 13920, 64
591512, 5216, 11100, 1816, 1968, 328, 28, 13928, 64
591508, 5216, 11096, 1820, 1964, 328, 28, 13936, 64
591460, 5244, 11092, 1820, 1960, 328, 28, 13964, 64
591440, 5260, 11084, 1816, 1956, 328, 28, 13984, 64
591392, 5300, 11088, 1808, 1964, 328, 28, 13988, 64
591356, 5316, 11092, 1812, 1960, 320, 28, 14012, 64
591280, 5376, 11108, 1812, 1960, 320, 28, 14012, 64
591224, 5424, 11116, 1808, 1964, 320, 28, 14012, 64
591148, 5480, 11116, 1812, 1968, 320, 28, 14024, 64
591048, 5556, 11128, 1816, 1968, 320, 28, 14032, 64
590984, 5596, 11144, 1816, 1968, 320, 28, 14040, 64
590872, 5696, 11156, 1808, 1972, 320, 28, 14044, 64
590760, 5788, 11164, 1812, 1972, 320, 28, 14052, 64
590668, 5856, 11176, 1808, 1976, 320, 28, 14064, 64
590572, 5944, 11172, 1808, 1980, 320, 28, 14072, 64
590468, 6040, 11172, 1808, 1980, 320, 28, 14080, 64
590372, 6120, 11176, 1808, 1984, 320, 28, 14088, 64
590276, 6204, 11168, 1812, 1976, 316, 28, 14116, 64
590156, 6284, 11200, 1820, 1976, 316, 28, 14116, 64
590068, 6360, 11188, 1820, 1980, 312, 28, 14136, 68
589944, 6472, 11196, 1820, 1980, 312, 28, 14140, 68
589836, 6564, 11204, 1820, 1980, 312, 28, 14148, 68
589752, 6624, 11200, 1828, 1976, 312, 28, 14172, 68
589636, 6720, 11212, 1832, 1976, 312, 28, 14176, 68
589560, 6784, 11220, 1828, 1980, 312, 28, 14180, 68
589460, 6872, 11216, 1832, 1976, 316, 28, 14192, 68
589380, 6944, 11224, 1832, 1972, 316, 28, 14196, 68
589316, 7004, 11224, 1832, 1972, 316, 28, 14200, 68
589256, 7056, 11220, 1832, 1968, 316, 28, 14216, 68
589204, 7096, 11224, 1828, 1972, 316, 28, 14224, 68
589116, 7176, 11220, 1824, 1976, 316, 28, 14236, 68
589048, 7220, 11228, 1828, 1972, 320, 28, 14248, 68
588988, 7268, 11228, 1836, 1972, 320, 28, 14252, 68
588900, 7340, 11244, 1832, 1972, 320, 28, 14256, 68
588816, 7408, 11244, 1824, 1976, 320, 28, 14276, 68
588744, 7468, 11248, 1828, 1976, 320, 28, 14280, 68
588712, 7472, 11260, 1828, 1984, 320, 28, 14288, 68
588632, 7532, 11272, 1824, 1992, 320, 28, 14292, 68
588568, 7576, 11292, 1824, 1980, 324, 28, 14300, 68
588472, 7660, 11296, 1828, 1980, 324, 28, 14304, 68
588412, 7700, 11300, 1844, 1976, 324, 28, 14308, 68
588328, 7772, 11300, 1840, 1980, 324, 28, 14320, 68
588252, 7820, 11316, 1848, 1984, 324, 28, 14320, 68
588184, 7872, 11320, 1852, 1984, 324, 28, 14328, 68
588088, 7956, 11328, 1852, 1988, 324, 28, 14328, 68
587988, 8052, 11316, 1836, 2004, 324, 28, 14344, 68
587936, 8092, 11320, 1836, 2004, 324, 28, 14352, 68
587880, 8140, 11324, 1836, 2000, 324, 28, 14360, 68
587820, 8176, 11320, 1840, 2004, 324, 28, 14380, 68
587732, 8244, 11328, 1844, 2004, 324, 28, 14388, 68
587616, 8352, 11328, 1844, 2004, 324, 28, 14396, 68
587556, 8396, 11332, 1844, 1996, 328, 28, 14412, 68
587452, 8492, 11332, 1844, 1992, 328, 28, 14424, 68
587408, 8520, 11348, 1840, 1992, 328, 28, 14428, 68
587360, 8556, 11352, 1840, 1988, 328, 28, 14440, 68
587284, 8612, 11364, 1836, 1988, 328, 28, 14452, 68
587220, 8652, 11376, 1836, 1984, 328, 28, 14468, 68
587188, 8664, 11388, 1828, 1992, 328, 28, 14476, 68
587132, 8716, 11376, 1828, 1996, 328, 28, 14488, 68
587132, 8712, 11364, 1828, 1992, 328, 28, 14508, 68
587104, 8724, 11372, 1824, 1996, 328, 28, 14516, 68
587088, 8732, 11364, 1820, 2000, 328, 28, 14532, 68
587060, 8732, 11372, 1824, 2004, 328, 28, 14544, 68
587052, 8728, 11380, 1824, 2004, 328, 28, 14548, 68
587036, 8732, 11388, 1824, 2000, 328, 28, 14556, 68
587020, 8732, 11396, 1824, 1992, 328, 28, 14572, 68
587020, 8724, 11400, 1820, 1996, 328, 28, 14576, 68
587004, 8712, 11396, 1832, 1996, 328, 28, 14596, 68
586984, 8720, 11408, 1832, 1996, 328, 28, 14596, 68
586976, 8712, 11400, 1832, 1996, 328, 28, 14620, 68
586972, 8692, 11412, 1836, 1992, 328, 28, 14632, 68
586968, 8696, 11400, 1828, 1992, 328, 28, 14652, 68
586956, 8692, 11408, 1832, 1992, 328, 28, 14656, 68
586952, 8684, 11416, 1824, 2000, 328, 28, 14660, 68
586940, 8692, 11420, 1820, 2004, 328, 28, 14660, 68
586928, 8696, 11424, 1824, 2004, 328, 28, 14660, 68
586916, 8700, 11408, 1832, 2004, 328, 28, 14676, 68
586904, 8704, 11412, 1832, 2004, 328, 28, 14680, 68
586880, 8708, 11420, 1836, 2004, 328, 28, 14688, 68
586852, 8720, 11424, 1832, 2008, 328, 28, 14700, 68
586832, 8732, 11420, 1828, 2020, 328, 28, 14704, 68
586824, 8728, 11424, 1828, 2012, 328, 28, 14720, 68
586800, 8744, 11420, 1832, 2012, 328, 28, 14728, 68
586792, 8748, 11420, 1832, 2008, 328, 28, 14736, 68
586768, 8768, 11408, 1832, 2000, 328, 28, 14760, 68
586756, 8764, 11424, 1828, 2000, 328, 28, 14764, 68
586744, 8760, 11432, 1828, 2000, 328, 28, 14772, 68
586732, 8760, 11432, 1832, 2000, 328, 28, 14780, 68
586728, 8736, 11440, 1840, 1996, 328, 28, 14796, 68
586704, 8752, 11440, 1844, 1996, 328, 28, 14800, 68
586696, 8756, 11436, 1844, 2000, 328, 28, 14804, 68
586684, 8744, 11440, 1840, 2012, 324, 28, 14820, 68
586680, 8736, 11444, 1840, 2012, 324, 28, 14828, 68
586680, 8724, 11436, 1844, 2012, 324, 28, 14844, 68
586676, 8712, 11436, 1840, 2016, 324, 28, 14860, 68
586668, 8712, 11428, 1844, 2016, 324, 28, 14872, 68
586656, 8712, 11428, 1840, 2016, 324, 28, 14888, 68
586652, 8700, 11416, 1840, 2024, 324, 28, 14908, 68
586648, 8680, 11432, 1840, 2024, 324, 28, 14916, 68
586644, 8680, 11428, 1836, 2024, 324, 28, 14928, 68
586640, 8668, 11432, 1836, 2024, 324, 28, 14940, 68
586632, 8672, 11432, 1832, 2028, 320, 28, 14948, 68
586620, 8676, 11432, 1824, 2036, 320, 28, 14956, 68
586620, 8668, 11436, 1828, 2036, 320, 28, 14956, 68
586620, 8652, 11440, 1828, 2036, 324, 28, 14964, 68
586616, 8644, 11440, 1820, 2048, 324, 28, 14972, 68
586612, 8628, 11448, 1820, 2044, 324, 28, 14988, 68
586608, 8612, 11448, 1824, 2044, 328, 28, 15000, 68
586596, 8604, 11460, 1828, 2040, 328, 28, 15008, 68
586584, 8604, 11464, 1828, 2040, 328, 28, 15016, 68
586580, 8600, 11464, 1828, 2044, 328, 28, 15020, 68
586580, 8580, 11468, 1832, 2044, 328, 28, 15032, 68
586568, 8584, 11468, 1824, 2052, 328, 28, 15040, 68
586564, 8584, 11472, 1824, 2052, 328, 28, 15040, 68
586560, 8568, 11492, 1824, 2052, 328, 28, 15040, 68
586556, 8560, 11492, 1824, 2048, 328, 28, 15056, 68
586544, 8572, 11480, 1824, 2044, 328, 28, 15072, 68
586536, 8572, 11476, 1824, 2044, 328, 28, 15084, 68
586524, 8580, 11480, 1808, 2056, 328, 28, 15088, 68
586512, 8572, 11484, 1816, 2056, 328, 28, 15096, 68
586508, 8568, 11484, 1812, 2060, 328, 28, 15104, 68
586504, 8564, 11480, 1816, 2060, 328, 28, 15112, 68
586500, 8540, 11488, 1824, 2056, 328, 28, 15128, 68
586496, 8520, 11508, 1824, 2056, 328, 28, 15132, 68
586492, 8520, 11512, 1824, 2052, 328, 28, 15136, 68
586484, 8512, 11528, 1820, 2056, 328, 28, 15136, 68
586476, 8496, 11552, 1820, 2056, 328, 28, 15136, 68
586476, 8484, 11552, 1824, 2052, 332, 28, 15144, 68
586468, 8480, 11552, 1824, 2056, 332, 28, 15152, 68
586460, 8480, 11540, 1832, 2056, 332, 28, 15164, 68
586448, 8476, 11540, 1828, 2068, 332, 28, 15172, 68
586436, 8480, 11544, 1824, 2068, 332, 28, 15180, 68
586436, 8456, 11564, 1824, 2060, 332, 28, 15192, 68
586436, 8440, 11568, 1820, 2064, 332, 28, 15204, 68
586428, 8436, 11568, 1828, 2064, 332, 28, 15208, 68
586420, 8440, 11572, 1828, 2064, 328, 28, 15212, 68
586416, 8428, 11564, 1828, 2064, 328, 28, 15236, 68
586412, 8424, 11568, 1820, 2072, 332, 24, 15240, 68
586404, 8416, 11572, 1824, 2072, 332, 24, 15248, 68
586392, 8404, 11592, 1828, 2072, 332, 24, 15248, 68
586384, 8396, 11588, 1836, 2072, 332, 24, 15260, 68
586384, 8376, 11600, 1844, 2072, 332, 24, 15260, 68
586368, 8380, 11600, 1852, 2072, 332, 24, 15264, 68
586348, 8384, 11604, 1856, 2064, 332, 24, 15280, 68
586328, 8372, 11624, 1868, 2064, 332, 24, 15280, 68
586320, 8364, 11628, 1868, 2072, 332, 24, 15284, 68
586276, 8400, 11632, 1868, 2068, 332, 24, 15288, 72
586252, 8408, 11636, 1876, 2068, 332, 24, 15292, 72
586196, 8456, 11644, 1876, 2068, 332, 24, 15292, 72
586168, 8468, 11644, 1888, 2064, 332, 24, 15300, 72
586128, 8496, 11656, 1884, 2068, 332, 24, 15300, 72
586064, 8540, 11672, 1884, 2068, 332, 24, 15304, 72
585984, 8592, 11696, 1880, 2076, 332, 24, 15304, 72
585896, 8664, 11708, 1880, 2076, 332, 24, 15308, 72
585820, 8732, 11700, 1872, 2088, 332, 24, 15320, 72
585716, 8820, 11700, 1872, 2092, 332, 24, 15332, 72
585640, 8884, 11704, 1872, 2092, 332, 24, 15340, 72
585584, 8924, 11716, 1864, 2096, 332, 24, 15348, 72
585504, 8988, 11716, 1860, 2108, 332, 24, 15356, 72
585448, 9016, 11740, 1860, 2112, 332, 24, 15356, 72
585336, 9104, 11760, 1864, 2108, 332, 24, 15360, 72
585236, 9172, 11784, 1868, 2104, 332, 24, 15368, 72
585164, 9220, 11800, 1864, 2104, 332, 24, 15380, 72
585064, 9320, 11788, 1860, 2108, 332, 24, 15392, 72
584920, 9436, 11800, 1868, 2096, 340, 24, 15404, 72
584820, 9516, 11816, 1868, 2092, 340, 24, 15412, 72
584712, 9608, 11832, 1864, 2092, 340, 24, 15416, 72
584632, 9672, 11844, 1868, 2092, 340, 24, 15416, 72
584548, 9744, 11848, 1864, 2100, 340, 24, 15420, 72
584500, 9784, 11848, 1868, 2096, 340, 24, 15428, 72
584404, 9864, 11848, 1864, 2096, 340, 24, 15448, 72
584324, 9920, 11864, 1872, 2096, 340, 24, 15448, 72
584256, 9964, 11876, 1876, 2088, 344, 24, 15460, 72
584180, 10024, 11888, 1872, 2092, 344, 24, 15464, 72
584128, 10064, 11900, 1868, 2096, 344, 24, 15464, 72
584060, 10104, 11924, 1864, 2100, 344, 24, 15468, 72
584020, 10136, 11928, 1856, 2108, 344, 24, 15472, 72
583964, 10180, 11928, 1856, 2108, 344, 24, 15484, 72
583880, 10248, 11928, 1856, 2108, 344, 24, 15500, 72
583788, 10308, 11960, 1852, 2112, 344, 24, 15500, 72
583716, 10364, 11964, 1856, 2108, 344, 24, 15512, 72
583660, 10408, 11968, 1856, 2104, 344, 24, 15524, 72
583600, 10448, 11968, 1868, 2100, 344, 24, 15536, 72
583520, 10508, 11976, 1872, 2096, 344, 24, 15548, 72
583448, 10560, 11984, 1876, 2092, 344, 24, 15560, 72
583384, 10584, 11996, 1884, 2100, 344, 24, 15572, 72
583316, 10640, 11992, 1888, 2096, 344, 24, 15588, 72
583248, 10684, 12012, 1888, 2100, 344, 24, 15588, 72
583144, 10772, 12020, 1888, 2100, 344, 24, 15596, 72
583036, 10872, 12024, 1888, 2100, 344, 24, 15600, 72
582964, 10912, 12040, 1888, 2100, 344, 24, 15616, 72
582908, 10964, 12044, 1884, 2104, 344, 24, 15616, 72
582844, 11012, 12060, 1884, 2104, 344, 24, 15616, 72
582792, 11060, 12060, 1876, 2112, 344, 24, 15620, 72
582752, 11076, 12076, 1876, 2116, 344, 24, 15624, 72
582692, 11120, 12072, 1888, 2112, 344, 24, 15636, 72
582644, 11152, 12088, 1888, 2108, 344, 24, 15640, 72
582592, 11188, 12100, 1888, 2108, 344, 24, 15644, 72
582536, 11228, 12108, 1892, 2104, 344, 24, 15652, 72
582472, 11284, 12108, 1884, 2112, 344, 24, 15660, 72
582440, 11304, 12108, 1880, 2108, 344, 24, 15680, 72
582380, 11344, 12124, 1880, 2100, 344, 24, 15692, 72
582336, 11364, 12132, 1884, 2100, 344, 24, 15704, 72
582304, 11388, 12132, 1876, 2104, 340, 24, 15720, 72
582288, 11384, 12132, 1888, 2108, 340, 24, 15724, 72
582272, 11388, 12128, 1888, 2108, 340, 24, 15740, 72
582268, 11380, 12120, 1892, 2108, 340, 24, 15756, 72
582260, 11364, 12128, 1892, 2104, 340, 24, 15776, 72
582248, 11364, 12132, 1888, 2108, 344, 24, 15780, 72
582240, 11356, 12132, 1896, 2104, 348, 24, 15788, 72
582220, 11356, 12140, 1900, 2104, 348, 24, 15792, 76
582216, 11328, 12160, 1912, 2104, 348, 24, 15792, 76
582204, 11320, 12176, 1912, 2104, 348, 24, 15796, 76
582200, 11304, 12192, 1916, 2104, 348, 24, 15796, 76
582192, 11292, 12208, 1916, 2104, 348, 24, 15800, 76
582184, 11272, 12228, 1920, 2104, 348, 24, 15804, 76
582176, 11248, 12244, 1932, 2100, 348, 24, 15812, 76
582168, 11228, 12260, 1936, 2104, 348, 24, 15816, 76
582152, 11228, 12260, 1936, 2112, 348, 24, 15824, 76
582152, 11216, 12264, 1936, 2108, 348, 24, 15836, 76
582136, 11204, 12280, 1940, 2104, 348, 24, 15848, 76
582124, 11204, 12272, 1940, 2100, 348, 24, 15872, 76
582088, 11240, 12268, 1940, 2100, 348, 24, 15876, 76
582060, 11244, 12284, 1936, 2104, 348, 24, 15884, 76
582044, 11252, 12288, 1932, 2108, 348, 24, 15888, 76
582028, 11248, 12304, 1932, 2112, 344, 28, 15888, 76
582004, 11248, 12304, 1944, 2108, 344, 28, 15904, 76
581992, 11236, 12304, 1956, 2112, 344, 28, 15912, 76
581984, 11232, 12296, 1960, 2112, 344, 28, 15928, 76
581964, 11248, 12292, 1960, 2112, 344, 28, 15936, 76
581952, 11236, 12304, 1964, 2104, 348, 28, 15948, 76
581924, 11252, 12308, 1956, 2100, 348, 28, 15968, 76
581900, 11276, 12296, 1956, 2092, 348, 28, 15988, 76
581892, 11252, 12308, 1952, 2100, 348, 28, 16004, 76
581880, 11248, 12316, 1948, 2104, 348, 28, 16012, 76
581868, 11236, 12312, 1964, 2104, 348, 28, 16024, 76
581860, 11212, 12340, 1960, 2108, 348, 28, 16028, 76
581860, 11200, 12336, 1964, 2108, 348, 28, 16040, 76
581852, 11196, 12340, 1964, 2104, 348, 28, 16052, 76
581844, 11172, 12360, 1968, 2108, 348, 28, 16056, 76
581840, 11156, 12372, 1968, 2108, 348, 28, 16064, 76
581828, 11144, 12388, 1972, 2112, 348, 28, 16064, 76
581820, 11136, 12396, 1976, 2112, 348, 28, 16068, 76
581820, 11116, 12404, 1976, 2108, 348, 28, 16084, 76
581816, 11092, 12416, 1976, 2116, 348, 28, 16092, 76
581804, 11072, 12440, 1980, 2116, 348, 28, 16096, 76
581800, 11056, 12448, 1976, 2124, 348, 28, 16104, 76
581796, 11040, 12448, 1980, 2128, 348, 28, 16116, 76
581792, 11040, 12444, 1972, 2136, 348, 28, 16124, 76
581780, 11036, 12444, 1976, 2128, 352, 28, 16140, 76
581776, 11024, 12444, 1980, 2128, 352, 28, 16152, 76
581772, 11024, 12444, 1980, 2120, 352, 28, 16164, 76
581768, 11020, 12436, 1980, 2124, 352, 28, 16176, 76
581756, 11020, 12440, 1980, 2120, 352, 28, 16188, 76
581736, 11016, 12448, 1988, 2124, 352, 28, 16192, 76
581736, 11000, 12448, 1988, 2124, 352, 28, 16208, 76
581728, 10976, 12468, 1984, 2128, 352, 28, 16220, 76
581708, 10980, 12472, 1984, 2124, 352, 28, 16236, 76
581700, 10968, 12484, 1984, 2132, 352, 28, 16236, 76
581696, 10956, 12500, 1976, 2140, 352, 28, 16236, 76
581688, 10944, 12512, 1980, 2136, 352, 28, 16244, 76
581684, 10924, 12532, 1976, 2132, 352, 28, 16256, 76
581680, 10912, 12532, 1976, 2132, 352, 28, 16272, 76
581680, 10888, 12556, 1976, 2128, 352, 28, 16276, 76
581672, 10856, 12580, 1988, 2132, 352, 28, 16276, 76
581664, 10852, 12572, 1992, 2136, 352, 28, 16288, 76
581660, 10848, 12568, 1992, 2140, 352, 28, 16296, 76
581652, 10836, 12584, 1984, 2148, 352, 28, 16300, 76
581648, 10836, 12576, 1980, 2156, 352, 28, 16308, 76
581636, 10828, 12580, 1980, 2160, 352, 28, 16320, 76
581632, 10812, 12584, 1976, 2160, 352, 28, 16340, 76
581620, 10820, 12584, 1980, 2152, 352, 28, 16348, 76
581604, 10812, 12600, 1976, 2156, 352, 28, 16356, 76
581600, 10796, 12612, 1984, 2156, 352, 28, 16356, 76
581588, 10792, 12628, 1980, 2148, 352, 28, 16368, 76
581580, 10776, 12632, 1984, 2144, 352, 28, 16388, 76
581572, 10772, 12636, 1976, 2152, 352, 28, 16396, 76
581568, 10760, 12644, 1980, 2148, 352, 28, 16404, 76
581552, 10764, 12644, 1976, 2152, 352, 28, 16416, 76
581548, 10756, 12640, 1980, 2156, 352, 28, 16424, 76
581548, 10740, 12640, 1980, 2164, 352, 28, 16432, 76
581536, 10724, 12660, 1984, 2160, 352, 28, 16440, 76
581528, 10716, 12660, 1988, 2156, 356, 28, 16452, 76
581520, 10708, 12664, 1992, 2156, 356, 28, 16460, 76
581520, 10692, 12664, 1996, 2148, 356, 28, 16480, 76
581516, 10680, 12680, 1996, 2140, 360, 28, 16484, 76
581504, 10680, 12688, 1996, 2140, 360, 28, 16488, 76
581488, 10676, 12696, 2000, 2136, 360, 28, 16500, 76
581480, 10672, 12692, 2000, 2132, 360, 28, 16520, 76
581476, 10640, 12692, 2012, 2132, 360, 28, 16544, 76
581424, 10684, 12692, 2016, 2136, 360, 28, 16544, 76
581400, 10688, 12700, 2012, 2132, 364, 28, 16560, 76
581348, 10724, 12696, 2020, 2128, 364, 28, 16572, 80
581316, 10724, 12712, 2020, 2136, 364, 28, 16580, 80
581296, 10720, 12736, 2016, 2140, 364, 28, 16580, 80
581252, 10752, 12748, 2016, 2136, 364, 28, 16584, 80
581188, 10800, 12756, 2008, 2140, 364, 28, 16596, 80
581112, 10864, 12744, 2020, 2136, 364, 28, 16612, 80
581040, 10928, 12740, 2020, 2140, 364, 28, 16620, 80
580944, 11008, 12744, 2008, 2152, 364, 28, 16632, 80
580872, 11060, 12760, 2012, 2148, 364, 28, 16636, 80
580808, 11096, 12780, 2008, 2148, 364, 28, 16648, 80
580764, 11100, 12792, 2008, 2152, 364, 28, 16672, 80
580672, 11152, 12816, 2012, 2144, 364, 28, 16692, 80
580616, 11168, 12836, 2016, 2148, 364, 28, 16704, 80
580504, 11256, 12856, 2008, 2156, 364, 28, 16708, 80
580420, 11320, 12844, 1996, 2172, 364, 28, 16736, 80
580356, 11348, 12840, 2012, 2164, 364, 28, 16768, 80
580216, 11456, 12856, 2020, 2168, 364, 28, 16772, 80
580128, 11528, 12852, 2024, 2172, 364, 28, 16784, 80
580028, 11616, 12848, 2016, 2180, 364, 28, 16800, 80
579920, 11700, 12864, 2016, 2180, 364, 28, 16808, 80
579864, 11744, 12868, 2016, 2180, 364, 28, 16816, 80
579772, 11808, 12892, 2012, 2184, 364, 28, 16820, 80
579684, 11884, 12892, 2012, 2184, 364, 28, 16832, 80
579604, 11940, 12904, 2012, 2184, 364, 28, 16844, 80
579540, 11988, 12904, 2020, 2180, 364, 28, 16856, 80
579460, 12028, 12924, 2020, 2188, 364, 28, 16868, 80
579428, 12044, 12924, 2028, 2184, 364, 28, 16880, 80
579368, 12080, 12936, 2036, 2184, 364, 28, 16884, 80
579328, 12100, 12936, 2040, 2180, 364, 28, 16904, 80
579256, 12144, 12952, 2036, 2184, 364, 28, 16916, 80
579196, 12192, 12948, 2032, 2188, 364, 28, 16932, 80
579136, 12240, 12948, 2032, 2188, 364, 28, 16944, 80
579052, 12312, 12952, 2020, 2196, 364, 28, 16956, 80
578980, 12376, 12944, 2020, 2196, 368, 28, 16968, 80
578924, 12412, 12952, 2028, 2192, 368, 28, 16976, 80
578876, 12440, 12968, 2024, 2200, 368, 28, 16976, 80
578836, 12460, 12972, 2020, 2204, 368, 28, 16992, 80
578776, 12504, 12980, 2020, 2208, 368, 28, 16996, 80
578684, 12572, 12976, 2028, 2204, 368, 28, 17020, 80
578604, 12628, 12996, 2032, 2204, 368, 28, 17020, 80
578560, 12636, 13012, 2048, 2204, 368, 28, 17024, 80
578484, 12704, 13012, 2048, 2204, 368, 28, 17032, 80
578412, 12748, 13020, 2056, 2204, 368, 28, 17044, 80
578348, 12796, 13032, 2056, 2204, 368, 28, 17048, 80
578260, 12860, 13040, 2064, 2208, 368, 28, 17052, 80
578160, 12940, 13044, 2068, 2204, 372, 28, 17064, 80
578092, 12972, 13068, 2068, 2208, 372, 28, 17072, 80
577984, 13068, 13056, 2060, 2212, 372, 28, 17100, 80
577924, 13088, 13080, 2060, 2212, 372, 28, 17116, 80
577860, 13136, 13084, 2060, 2212, 372, 28, 17128, 80
577796, 13184, 13092, 2056, 2216, 372, 28, 17136, 80
577776, 13164, 13104, 2072, 2216, 372, 28, 17148, 80
577728, 13168, 13128, 2080, 2212, 372, 28, 17164, 80
577676, 13196, 13136, 2092, 2212, 372, 28, 17168, 80
577604, 13248, 13148, 2092, 2216, 372, 28, 17172, 80
577584, 13256, 13144, 2096, 2216, 372, 28, 17184, 80
577572, 13252, 13156, 2092, 2212, 372, 28, 17196, 80
577560, 13236, 13168, 2096, 2220, 372, 28, 17200, 80
577548, 13232, 13168, 2096, 2224, 372, 28, 17212, 80
577540, 13216, 13176, 2096, 2228, 372, 28, 17224, 80
577532, 13200, 13184, 2108, 2228, 372, 28, 17228, 80
577532, 13176, 13192, 2120, 2220, 372, 28, 17240, 80
577516, 13164, 13200, 2128, 2216, 372, 28, 17256, 80
577508, 13148, 13212, 2136, 2208, 372, 28, 17268, 80
577500, 13144, 13216, 2128, 2216, 372, 28, 17276, 80
577496, 13124, 13228, 2136, 2216, 372, 28, 17280, 80
577484, 13100, 13252, 2136, 2220, 372, 28, 17288, 80
577480, 13064, 13280, 2144, 2224, 372, 28, 17288, 80
577480, 13020, 13312, 2156, 2224, 372, 28, 17288, 80
577464, 13004, 13332, 2152, 2232, 372, 28, 17296, 80
577456, 12976, 13356, 2160, 2228, 372, 28, 17304, 80
577436, 12976, 13364, 2164, 2232, 372, 28, 17308, 80
577428, 12960, 13372, 2168, 2232, 376, 24, 17320, 80
577404, 12964, 13380, 2168, 2236, 376, 24, 17328, 80
577368, 12984, 13388, 2168, 2236, 376, 24, 17336, 80
577344, 13000, 13388, 2164, 2240, 376, 24, 17344, 80
577324, 12992, 13400, 2160, 2244, 376, 24, 17360, 80
577308, 12992, 13404, 2168, 2244, 376, 24, 17364, 80
577276, 13012, 13404, 2164, 2248, 376, 24, 17376, 80
577260, 12992, 13412, 2172, 2252, 376, 24, 17392, 80
577248, 12976, 13416, 2172, 2252, 376, 24, 17416, 80
577228, 12964, 13432, 2164, 2268, 376, 24, 17424, 80
577212, 12960, 13428, 2160, 2272, 376, 24, 17448, 80
577208, 12932, 13432, 2168, 2276, 376, 24, 17464, 80
577200, 12924, 13444, 2172, 2268, 376, 24, 17472, 80
577188, 12904, 13452, 2180, 2268, 376, 24, 17488, 80
577164, 12908, 13464, 2180, 2272, 376, 24, 17492, 80
577152, 12880, 13488, 2168, 2284, 380, 24, 17504, 80
577148, 12848, 13508, 2168, 2288, 380, 24, 17516, 80
577148, 12840, 13512, 2164, 2288, 380, 24, 17524, 80
577140, 12840, 13516, 2164, 2288, 380, 24, 17528, 80
577136, 12808, 13544, 2164, 2296, 380, 24, 17528, 80
577132, 12788, 13556, 2168, 2296, 380, 24, 17536, 80
577128, 12772, 13572, 2172, 2292, 380, 24, 17540, 80
577120, 12772, 13580, 2172, 2292, 380, 24, 17540, 80
577120, 12756, 13576, 2164, 2304, 380, 24, 17556, 80
577104, 12736, 13600, 2164, 2308, 380, 24, 17564, 80
577104, 12712, 13620, 2164, 2312, 380, 24, 17564, 80
577096, 12708, 13616, 2164, 2308, 376, 24, 17584, 84
577084, 12676, 13640, 2176, 2308, 376, 24, 17592, 84
577080, 12656, 13652, 2180, 2304, 376, 24, 17604, 84
577072, 12636, 13664, 2180, 2308, 376, 24, 17616, 84
577072, 12612, 13684, 2176, 2316, 376, 24, 17616, 84
577068, 12588, 13680, 2180, 2320, 376, 24, 17640, 84
577068, 12568, 13688, 2188, 2316, 376, 24, 17648, 84
577064, 12552, 13688, 2196, 2316, 376, 24, 17660, 84
577060, 12540, 13696, 2200, 2312, 376, 24, 17668, 84
577044, 12524, 13704, 2208, 2316, 376, 24, 17680, 84
577044, 12488, 13732, 2204, 2320, 376, 24, 17688, 84
577036, 12468, 13752, 2200, 2324, 376, 24, 17696, 84
577028, 12448, 13764, 2204, 2324, 376, 24, 17708, 84
577028, 12420, 13776, 2212, 2320, 376, 24, 17720, 84
577016, 12396, 13792, 2224, 2320, 376, 24, 17728, 84
577000, 12392, 13796, 2220, 2328, 376, 24, 17740, 84
576996, 12356, 13824, 2220, 2328, 376, 24, 17752, 84
576992, 12336, 13836, 2224, 2336, 376, 24, 17752, 84
576992, 12312, 13852, 2224, 2336, 376, 24, 17760, 84
576980, 12296, 13872, 2228, 2340, 376, 24, 17760, 84
576968, 12272, 13892, 2236, 2344, 376, 24, 17764, 84
576964, 12244, 13916, 2236, 2336, 376, 24, 17780, 84
576952, 12240, 13932, 2236, 2332, 376, 24, 17784, 84
576948, 12228, 13936, 2240, 2332, 376, 24, 17792, 84
576940, 12224, 13944, 2240, 2324, 376, 24, 17804, 84
576924, 12208, 13952, 2252, 2324, 376, 24, 17816, 84
576908, 12188, 13964, 2268, 2324, 376, 24, 17824, 84
576908, 12160, 13980, 2268, 2320, 372, 24, 17844, 84
576904, 12128, 13992, 2280, 2324, 372, 24, 17852, 84
576904, 12088, 14008, 2300, 2324, 372, 24, 17856, 84
576896, 12080, 14012, 2296, 2328, 372, 24, 17868, 84
576892, 12052, 14036, 2296, 2336, 372, 24, 17868, 84
576888, 12028, 14056, 2292, 2336, 372, 24, 17880, 84
576880, 12016, 14076, 2292, 2328, 368, 28, 17888, 84
576872, 12012, 14076, 2300, 2324, 368, 28, 17896, 84
576864, 12004, 14080, 2304, 2320, 368, 28, 17908, 84
576860, 11988, 14100, 2300, 2320, 364, 28, 17916, 84
576860, 11964, 14112, 2292, 2328, 364, 28, 17928, 84
576860, 11932, 14128, 2292, 2328, 364, 28, 17944, 84
576860, 11920, 14128, 2296, 2328, 364, 28, 17952, 84
576848, 11916, 14144, 2288, 2332, 364, 28, 17956, 84
576840, 11892, 14168, 2292, 2328, 364, 28, 17964, 84
576832, 11860, 14192, 2296, 2324, 364, 28, 17980, 84
576812, 11852, 14204, 2296, 2320, 364, 28, 18000, 84
576752, 11888, 14212, 2304, 2320, 364, 28, 18008, 84
576728, 11872, 14224, 2320, 2320, 364, 28, 18020, 84
576700, 11892, 14224, 2316, 2324, 364, 28, 18028, 84
576656, 11920, 14232, 2312, 2328, 364, 28, 18036, 84
576616, 11928, 14248, 2320, 2328, 364, 28, 18044, 84
576560, 11940, 14284, 2320, 2332, 364, 28, 18048, 84
576500, 11960, 14296, 2336, 2332, 368, 28, 18056, 84
576428, 11984, 14336, 2340, 2332, 368, 28, 18060, 84
576348, 12032, 14344, 2344, 2336, 368, 28, 18076, 84
576256, 12104, 14340, 2348, 2336, 368, 28, 18096, 84
576200, 12132, 14352, 2344, 2336, 368, 28, 18116, 84
576140, 12160, 14364, 2352, 2336, 368, 28, 18128, 84
576032, 12236, 14380, 2360, 2336, 368, 28, 18136, 84
575940, 12296, 14400, 2364, 2332, 368, 28, 18148, 84
575868, 12336, 14404, 2372, 2336, 368, 28, 18164, 84
575804, 12380, 14412, 2380, 2336, 368, 28, 18168, 84
575736, 12420, 14412, 2384, 2336, 368, 28, 18192, 84
575672, 12444, 14440, 2388, 2336, 368, 28, 18200, 84
575592, 12500, 14452, 2392, 2340, 368, 28, 18204, 84
575500, 12568, 14464, 2396, 2340, 368, 28, 18212, 84
575412, 12632, 14468, 2392, 2348, 368, 28, 18228, 84
575296, 12732, 14480, 2392, 2344, 368, 28, 18236, 84
575168, 12804, 14520, 2404, 2348, 368, 28, 18236, 84
575072, 12868, 14528, 2416, 2348, 368, 28, 18248, 84
575004, 12908, 14544, 2416, 2348, 368, 28, 18260, 84
574956, 12932, 14552, 2416, 2352, 368, 28, 18272, 84
574900, 12948, 14584, 2420, 2344, 368, 28, 18280, 88
574840, 12984, 14588, 2424, 2348, 368, 28, 18292, 88
574764, 13040, 14596, 2428, 2348, 368, 28, 18300, 88
574672, 13108, 14608, 2436, 2348, 368, 28, 18304, 88
574596, 13168, 14620, 2432, 2352, 368, 28, 18308, 88
574500, 13240, 14640, 2436, 2348, 368, 28, 18312, 88
574404, 13312, 14648, 2444, 2352, 368, 28, 18316, 88
574336, 13372, 14656, 2444, 2352, 368, 28, 18316, 88
574260, 13412, 14676, 2448, 2352, 368, 28, 18328, 88
574196, 13460, 14680, 2444, 2360, 368, 28, 18336, 88
574136, 13452, 14744, 2444, 2364, 368, 28, 18336, 88
574068, 13476, 14772, 2452, 2364, 368, 28, 18344, 88
573968, 13560, 14760, 2452, 2372, 368, 28, 18364, 88
573884, 13612, 14780, 2452, 2380, 368, 28, 18368, 88
573808, 13644, 14804, 2460, 2380, 368, 28, 18380, 88
573748, 13684, 14820, 2460, 2384, 368, 28, 18380, 88
573660, 13744, 14840, 2456, 2392, 368, 28, 18384, 88
573568, 13804, 14848, 2460, 2396, 368, 28, 18400, 88
573496, 13852, 14864, 2460, 2400, 368, 28, 18404, 88
573412, 13900, 14876, 2468, 2396, 368, 28, 18424, 88
573328, 13964, 14876, 2472, 2388, 368, 28, 18448, 88
573224, 14036, 14896, 2472, 2388, 368, 28, 18460, 88
573180, 14072, 14892, 2468, 2396, 368, 28, 18468, 88
573108, 14132, 14880, 2464, 2396, 368, 28, 18496, 88
573072, 14144, 14880, 2460, 2396, 368, 28, 18524, 88
573004, 14192, 14884, 2464, 2396, 368, 28, 18536, 88
572952, 14204, 14908, 2468, 2392, 368, 28, 18552, 88
572908, 14228, 14924, 2464, 2396, 368, 28, 18556, 88
572832, 14268, 14948, 2472, 2396, 368, 28, 18560, 88
572784, 14292, 14968, 2468, 2404, 368, 28, 18560, 88
572716, 14348, 14964, 2468, 2408, 368, 28, 18572, 88
572704, 14340, 14968, 2468, 2416, 368, 28, 18580, 88
572672, 14332, 15000, 2468, 2412, 368, 28, 18592, 88
572652, 14336, 15016, 2464, 2412, 368, 28, 18596, 88
572636, 14332, 15020, 2464, 2412, 368, 28, 18612, 88
572628, 14328, 15016, 2468, 2416, 368, 28, 18620, 88
572616, 14296, 15032, 2476, 2420, 368, 28, 18636, 88
572600, 14300, 15032, 2468, 2424, 368, 28, 18652, 88
572572, 14304, 15032, 2468, 2424, 368, 28, 18676, 88
572560, 14264, 15064, 2480, 2424, 368, 28, 18684, 88
572552, 14252, 15072, 2484, 2424, 368, 28, 18692, 88
572552, 14220, 15092, 2488, 2420, 368, 28, 18704, 88
572548, 14204, 15096, 2488, 2428, 368, 28, 18712, 88
572544, 14164, 15116, 2504, 2432, 368, 28, 18716, 88
572524, 14168, 15128, 2500, 2432, 368, 28, 18724, 88
572512, 14160, 15132, 2500, 2436, 368, 28, 18736, 88
572500, 14156, 15140, 2504, 2432, 368, 28, 18744, 88
572492, 14136, 15164, 2500, 2440, 368, 28, 18744, 88
572472, 14112, 15184, 2508, 2444, 368, 28, 18756, 88
572444, 14116, 15184, 2512, 2448, 368, 28, 18772, 88
572424, 14092, 15212, 2520, 2452, 368, 28, 18776, 88
572408, 14076, 15232, 2512, 2468, 364, 28, 18784, 88
572388, 14068, 15260, 2504, 2468, 368, 28, 18788, 88
572380, 14060, 15264, 2500, 2472, 368, 28, 18800, 88
572372, 14048, 15264, 2508, 2472, 368, 28, 18812, 88
572352, 14040, 15280, 2508, 2484, 368, 28, 18812, 88
572332, 14036, 15292, 2516, 2480, 368, 28, 18820, 88
572308, 14028, 15312, 2524, 2480, 368, 28, 18824, 88
572300, 14004, 15308, 2532, 2472, 368, 28, 18860, 88
572272, 14008, 15312, 2532, 2468, 368, 28, 18884, 88
572260, 13972, 15348, 2528, 2472, 372, 28, 18892, 88
572248, 13940, 15384, 2532, 2464, 372, 28, 18904, 88
572236, 13928, 15396, 2536, 2452, 376, 28, 18920, 88
572232, 13912, 15396, 2548, 2448, 376, 28, 18932, 88
572208, 13900, 15416, 2544, 2452, 376, 28, 18948, 88
572200, 13884, 15432, 2540, 2452, 376, 28, 18960, 88
572192, 13836, 15464, 2564, 2452, 376, 28, 18960, 88
572188, 13808, 15476, 2564, 2456, 376, 28, 18976, 88
572188, 13772, 15508, 2564, 2456, 376, 28, 18980, 88
572176, 13728, 15548, 2568, 2460, 376, 28, 18988, 88
572164, 13724, 15548, 2568, 2460, 376, 28, 19004, 88
572160, 13712, 15540, 2572, 2456, 376, 28, 19028, 88
572156, 13696, 15556, 2572, 2456, 376, 28, 19032, 88
572148, 13684, 15564, 2572, 2448, 376, 28, 19052, 88
572148, 13660, 15576, 2576, 2448, 376, 28, 19060, 88
572136, 13648, 15588, 2572, 2444, 376, 28, 19080, 88
572124, 13628, 15592, 2576, 2448, 376, 28, 19100, 88
572112, 13612, 15608, 2580, 2444, 376, 28, 19112, 88
572104, 13584, 15616, 2588, 2452, 376, 28, 19124, 88
572096, 13556, 15640, 2600, 2448, 376, 28, 19128, 88
572092, 13544, 15632, 2596, 2456, 376, 28, 19148, 88
572080, 13528, 15644, 2604, 2460, 376, 28, 19152, 88
572068, 13496, 15672, 2600, 2464, 376, 28, 19168, 88
572064, 13476, 15684, 2608, 2464, 376, 28, 19172, 88
572056, 13468, 15692, 2608, 2464, 376, 28, 19180, 88
572044, 13456, 15688, 2604, 2472, 376, 28, 19204, 88
572028, 13444, 15704, 2612, 2472, 376, 28, 19208, 88
572020, 13416, 15720, 2620, 2472, 376, 28, 19220, 88
572004, 13400, 15736, 2624, 2472, 376, 28, 19232, 88
572004, 13364, 15748, 2632, 2476, 376, 28, 19244, 88
571992, 13340, 15760, 2628, 2492, 376, 28, 19256, 88
571988, 13316, 15768, 2636, 2488, 376, 28, 19272, 88
571984, 13292, 15784, 2640, 2488, 376, 28, 19280, 88
571972, 13284, 15784, 2648, 2492, 376, 28, 19288, 88
571968, 13268, 15772, 2656, 2496, 376, 28, 19308, 88
571968, 13240, 15780, 2664, 2492, 376, 28, 19324, 88
571964, 13228, 15792, 2668, 2492, 376, 28, 19324, 88
571960, 13204, 15808, 2672, 2496, 376, 28, 19328, 88
571956, 13192, 15820, 2672, 2496, 372, 28, 19336, 88
571948, 13180, 15828, 2664, 2500, 372, 28, 19352, 88
571936, 13168, 15840, 2668, 2504, 372, 28, 19356, 88
571932, 13140, 15852, 2680, 2504, 372, 28, 19364, 88
571912, 13140, 15872, 2680, 2496, 372, 28, 19368, 92
571904, 13124, 15888, 2668, 2504, 376, 28, 19376, 92
571900, 13104, 15896, 2664, 2504, 376, 28, 19396, 92
571896, 13076, 15912, 2668, 2508, 380, 28, 19400, 92
571896, 13044, 15940, 2668, 2512, 380, 28, 19400, 92
571888, 13004, 15972, 2664, 2520, 380, 28, 19412, 92
571880, 12980, 16000, 2664, 2516, 380, 28, 19420, 92
571880, 12960, 15992, 2676, 2512, 380, 28, 19440, 92
571864, 12940, 16012, 2684, 2516, 380, 28, 19444, 92
571848, 12940, 16004, 2688, 2520, 380, 28, 19460, 92
571844, 12924, 16016, 2684, 2520, 380, 28, 19472, 92
571836, 12908, 16036, 2684, 2516, 380, 28, 19480, 92
571832, 12880, 16060, 2676, 2516, 384, 28, 19492, 92
571820, 12860, 16080, 2684, 2516, 380, 28, 19500, 92
571804, 12856, 16088, 2692, 2516, 380, 28, 19504, 92
571776, 12852, 16112, 2696, 2520, 384, 24, 19504, 92
571744, 12852, 16136, 2700, 2516, 384, 24, 19512, 92
571712, 12860, 16140, 2700, 2520, 384, 24, 19528, 92
571668, 12872, 16160, 2696, 2528, 384, 24, 19536, 92
571612, 12908, 16176, 2692, 2532, 384, 24, 19540, 92
571556, 12936, 16188, 2696, 2532, 384, 24, 19552, 92
571460, 13012, 16188, 2704, 2524, 384, 24, 19572, 92
571376, 13060, 16220, 2708, 2524, 384, 24, 19572, 92
571280, 13120, 16240, 2708, 2532, 384, 24, 19576, 96
571176, 13204, 16252, 2712, 2532, 384, 24, 19580, 96
571116, 13236, 16260, 2716, 2532, 388, 24, 19592, 96
571028, 13284, 16292, 2716, 2536, 388, 24, 19596, 96
570948, 13332, 16300, 2728, 2540, 388, 24, 19604, 96
570844, 13408, 16308, 2732, 2540, 388, 24, 19620, 96
570768, 13448, 16328, 2732, 2548, 388, 24, 19628, 96
570652, 13532, 16340, 2724, 2564, 388, 24, 19640, 96
570556, 13604, 16348, 2724, 2568, 388, 24, 19652, 96
570432, 13704, 16360, 2724, 2568, 388, 24, 19664, 96
570300, 13808, 16384, 2720, 2568, 388, 24, 19672, 96
570200, 13872, 16400, 2728, 2568, 388, 24, 19684, 96
570088, 13964, 16404, 2736, 2568, 388, 24, 19692, 96
569976, 14028, 16432, 2736, 2576, 388, 24, 19704, 96
569908, 14056, 16448, 2744, 2584, 388, 24, 19712, 96
569796, 14128, 16464, 2752, 2588, 388, 24, 19724, 96
569684, 14224, 16480, 2748, 2592, 388, 24, 19724, 96
569608, 14252, 16500, 2748, 2596, 388, 24, 19748, 96
569520, 14312, 16512, 2752, 2596, 388, 24, 19760, 96
569420, 14376, 16524, 2760, 2600, 388, 24, 19772, 96
569364, 14404, 16540, 2764, 2592, 388, 24, 19788, 96
569280, 14460, 16560, 2768, 2588, 388, 24, 19796, 96
569148, 14560, 16564, 2764, 2592, 388, 24, 19824, 96
569056, 14636, 16568, 2764, 2596, 384, 24, 19836, 96
568980, 14692, 16556, 2772, 2596, 384, 24, 19860, 96
568932, 14708, 16580, 2772, 2600, 384, 24, 19864, 96
568892, 14708, 16592, 2780, 2600, 388, 24, 19880, 96
568788, 14776, 16616, 2784, 2596, 392, 24, 19888, 96
568700, 14828, 16624, 2792, 2592, 392, 24, 19912, 96
568600, 14908, 16636, 2796, 2596, 392, 24, 19912, 96
568548, 14904, 16660, 2812, 2608, 392, 24, 19916, 96
568484, 14928, 16692, 2816, 2608, 392, 24, 19920, 96
568396, 14976, 16720, 2812, 2616, 392, 24, 19928, 96
568300, 15056, 16728, 2800, 2624, 396, 24, 19936, 96
568208, 15136, 16728, 2796, 2624, 396, 24, 19952, 96
568112, 15196, 16728, 2808, 2624, 396, 24, 19976, 96
568020, 15252, 16752, 2812, 2616, 400, 24, 19988, 96
567932, 15296, 16772, 2824, 2616, 400, 24, 20000, 96
567860, 15332, 16804, 2820, 2624, 400, 24, 20000, 96
567764, 15404, 16828, 2808, 2636, 400, 24, 20000, 96
567676, 15472, 16832, 2816, 2632, 400, 24, 20012, 96
567572, 15556, 16832, 2816, 2640, 400, 24, 20024, 96
567516, 15588, 16840, 2820, 2640, 400, 24, 20036, 96
567484, 15576, 16872, 2824, 2644, 400, 24, 20040, 96
567404, 15628, 16888, 2824, 2644, 404, 24, 20048, 96
567332, 15672, 16904, 2824, 2644, 408, 24, 20056, 96
567260, 15716, 16908, 2816, 2660, 408, 24, 20072, 96
567212, 15732, 16924, 2820, 2660, 408, 24, 20084, 96
567152, 15756, 16952, 2820, 2668, 408, 24, 20084, 96
567116, 15740, 17000, 2816, 2676, 408, 24, 20084, 96
567072, 15744, 17028, 2820, 2680, 408, 24, 20088, 96
567048, 15740, 17024, 2808, 2696, 408, 24, 20116, 96
567036, 15700, 17060, 2816, 2696, 408, 24, 20124, 96
567016, 15692, 17076, 2812, 2708, 412, 24, 20124, 96
566992, 15688, 17096, 2816, 2708, 412, 24, 20128, 96
566988, 15648, 17124, 2812, 2720, 412, 24, 20136, 96
566976, 15612, 17160, 2824, 2720, 412, 24, 20136, 96
566956, 15620, 17172, 2820, 2720, 412, 24, 20140, 96
566932, 15624, 17188, 2820, 2724, 412, 24, 20140, 96
566928, 15584, 17216, 2828, 2728, 412, 24, 20144, 96
566916, 15568, 17244, 2824, 2728, 412, 24, 20148, 96
566916, 15524, 17272, 2828, 2724, 412, 24, 20164, 96
566908, 15508, 17276, 2836, 2724, 412, 24, 20176, 96
566888, 15508, 17296, 2832, 2728, 412, 24, 20176, 96
566864, 15484, 17312, 2848, 2732, 412, 24, 20188, 96
566848, 15472, 17324, 2856, 2736, 412, 24, 20192, 96
566844, 15452, 17328, 2864, 2736, 412, 24, 20204, 96
566828, 15432, 17344, 2872, 2736, 412, 24, 20216, 96
566796, 15440, 17352, 2880, 2740, 408, 24, 20224, 96
566768, 15436, 17372, 2884, 2744, 408, 24, 20228, 96
566744, 15420, 17388, 2892, 2748, 408, 24, 20240, 96
566724, 15412, 17408, 2888, 2756, 408, 24, 20244, 96
566708, 15408, 17420, 2896, 2756, 408, 24, 20244, 96
566672, 15424, 17404, 2892, 2760, 408, 24, 20280, 96
566632, 15424, 17424, 2900, 2760, 408, 24, 20292, 96
566604, 15444, 17424, 2888, 2768, 412, 24, 20300, 96
566584, 15428, 17452, 2880, 2768, 412, 24, 20316, 96
566552, 15432, 17472, 2876, 2768, 412, 24, 20328, 96
566532, 15416, 17500, 2880, 2768, 412, 24, 20332, 96
566532, 15388, 17516, 2880, 2768, 420, 20, 20340, 96
566512, 15388, 17528, 2876, 2772, 420, 20, 20348, 96
566484, 15384, 17552, 2876, 2776, 420, 20, 20352, 96
566472, 15368, 17576, 2880, 2776, 420, 20, 20352, 96
566468, 15340, 17592, 2884, 2772, 420, 20, 20368, 96
566464, 15324, 17600, 2888, 2768, 424, 20, 20376, 96
566456, 15308, 17608, 2896, 2768, 424, 20, 20384, 96
566448, 15304, 17612, 2888, 2780, 424, 20, 20388, 96
566436, 15288, 17616, 2892, 2788, 424, 20, 20400, 96
566428, 15260, 17636, 2888, 2784, 424, 20, 20424, 96
566420, 15252, 17636, 2888, 2776, 424, 20, 20448, 96
566420, 15220, 17652, 2892, 2776, 428, 20, 20456, 96
566420, 15188, 17680, 2892, 2776, 428, 20, 20460, 96
566412, 15164, 17704, 2888, 2784, 428, 20, 20464, 96
566408, 15144, 17716, 2896, 2780, 428, 20, 20472, 96
566404, 15104, 17716, 2908, 2780, 428, 20, 20504, 96
566400, 15064, 17740, 2904, 2788, 428, 20, 20520, 96
566392, 15040, 17764, 2908, 2792, 428, 20, 20520, 96
566384, 15024, 17788, 2900, 2800, 428, 20, 20520, 96
566376, 15000, 17804, 2896, 2808, 428, 20, 20532, 96
566372, 14972, 17816, 2904, 2812, 428, 20, 20540, 96
566372, 14932, 17836, 2908, 2816, 428, 20, 20552, 96
566364, 14920, 17836, 2912, 2824, 428, 20, 20560, 96
566356, 14900, 17852, 2912, 2828, 428, 20, 20568, 96
566336, 14904, 17856, 2904, 2836, 428, 20, 20580, 96
566324, 14888, 17872, 2908, 2840, 428, 20, 20584, 96
566312, 14876, 17888, 2912, 2836, 428, 20, 20592, 96
566304, 14844, 17924, 2916, 2836, 428, 20, 20592, 96
566292, 14824, 17944, 2912, 2828, 428, 20, 20616, 96
566280, 14800, 17956, 2924, 2828, 428, 20, 20628, 96
566280, 14768, 17968, 2936, 2828, 428, 20, 20636, 96
566276, 14744, 17968, 2936, 2820, 428, 20, 20672, 96
566272, 14716, 17996, 2920, 2836, 428, 20, 20676, 96
566264, 14688, 18012, 2924, 2844, 428, 20, 20684, 96
566260, 14656, 18032, 2924, 2840, 428, 20, 20704, 96
566256, 14628, 18044, 2924, 2840, 432, 20, 20720, 96
566248, 14608, 18044, 2944, 2832, 436, 20, 20732, 96
566240, 14576, 18072, 2952, 2832, 436, 20, 20736, 96
566240, 14552, 18084, 2956, 2824, 436, 20, 20752, 96
566236, 14528, 18096, 2952, 2828, 436, 20, 20768, 96
566228, 14500, 18112, 2960, 2832, 436, 20, 20776, 96
566224, 14488, 18112, 2968, 2824, 436, 20, 20792, 96
566216, 14460, 18136, 2972, 2824, 436, 20, 20800, 96
566204, 14436, 18156, 2976, 2836, 436, 20, 20800, 96
566180, 14432, 18168, 2976, 2844, 436, 20, 20808, 96
566180, 14388, 18200, 2976, 2852, 436, 20, 20812, 96
566176, 14356, 18212, 2984, 2852, 436, 20, 20828, 96
566172, 14320, 18236, 2984, 2856, 436, 20, 20840, 96
566156, 14296, 18268, 2984, 2860, 436, 20, 20844, 96
566144, 14280, 18280, 2988, 2860, 432, 20, 20860, 96
566132, 14260, 18292, 2988, 2860, 432, 20, 20880, 96
566112, 14264, 18288, 2992, 2856, 432, 20, 20900, 96
566108, 14232, 18304, 2996, 2856, 432, 20, 20916, 96
566104, 14212, 18300, 3004, 2856, 432, 20, 20936, 96
566100, 14164, 18340, 3008, 2860, 432, 20, 20940, 96
566096, 14112, 18372, 3016, 2860, 432, 20, 20956, 96
566080, 14092, 18392, 3016, 2860, 432, 20, 20972, 96
566064, 14060, 18416, 3032, 2860, 432, 20, 20980, 96
566060, 14052, 18416, 3028, 2864, 432, 20, 20992, 96
566052, 14036, 18428, 3016, 2880, 432, 20, 21000, 96
566048, 14008, 18448, 3012, 2884, 432, 20, 21012, 96
566032, 14000, 18460, 3012, 2888, 432, 20, 21020, 96
566028, 13976, 18472, 3020, 2888, 432, 20, 21028, 96
566020, 13940, 18496, 3036, 2888, 432, 20, 21032, 96
566012, 13896, 18524, 3048, 2896, 432, 20, 21036, 96
566000, 13872, 18544, 3044, 2896, 432, 20, 21056, 96
565992, 13832, 18560, 3060, 2896, 432, 20, 21072, 96
565976, 13836, 18552, 3056, 2904, 432, 20, 21088, 96
565964, 13800, 18588, 3064, 2904, 432, 20, 21092, 96
565956, 13776, 18604, 3068, 2912, 432, 20, 21096, 96
565952, 13740, 18628, 3076, 2912, 432, 20, 21104, 96
565944, 13720, 18640, 3068, 2924, 432, 20, 21116, 96
565928, 13712, 18648, 3068, 2924, 428, 20, 21136, 96
565916, 13708, 18652, 3064, 2924, 432, 16, 21152, 96
565912, 13676, 18672, 3068, 2928, 432, 16, 21160, 96
565908, 13632, 18704, 3080, 2924, 432, 16, 21168, 96
565896, 13604, 18732, 3076, 2924, 432, 16, 21184, 96
565892, 13576, 18744, 3080, 2932, 432, 16, 21192, 96
565880, 13552, 18756, 3084, 2928, 436, 16, 21212, 96
565864, 13548, 18752, 3072, 2948, 436, 16, 21228, 96
565860, 13520, 18768, 3072, 2948, 436, 16, 21244, 96
565852, 13488, 18784, 3080, 2952, 436, 16, 21256, 96
565836, 13460, 18800, 3092, 2960, 436, 16, 21264, 96
565824, 13452, 18804, 3092, 2964, 436, 16, 21276, 96
565788, 13444, 18832, 3096, 2968, 436, 16, 21284, 96
565780, 13424, 18832, 3104, 2968, 436, 16, 21304, 96
565772, 13408, 18832, 3112, 2972, 436, 16, 21316, 96
565756, 13404, 18844, 3104, 2976, 436, 16, 21328, 96
565744, 13392, 18864, 3104, 2976, 436, 16, 21332, 96
565732, 13360, 18868, 3112, 2984, 436, 16, 21356, 96
565716, 13340, 18864, 3132, 2976, 436, 16, 21384, 96
565692, 13328, 18876, 3144, 2976, 436, 16, 21396, 96
565672, 13320, 18904, 3144, 2976, 436, 16, 21396, 96
565620, 13360, 18912, 3148, 2976, 436, 16, 21396, 96
565604, 13336, 18924, 3160, 2972, 436, 16, 21416, 96
565604, 13292, 18952, 3164, 2968, 432, 16, 21432, 100
565584, 13296, 18960, 3160, 2976, 432, 16, 21436, 100
565572, 13272, 18984, 3164, 2980, 432, 16, 21440, 100
565560, 13256, 19004, 3172, 2972, 432, 16, 21448, 100
565556, 13216, 19024, 3176, 2980, 432, 16, 21460, 100
565552, 13192, 19028, 3192, 2980, 432, 16, 21468, 100
565548, 13168, 19044, 3192, 2988, 432, 16, 21472, 100
565532, 13128, 19092, 3200, 2984, 432, 16, 21476, 100
565516, 13096, 19120, 3208, 2988, 436, 16, 21480, 100
565500, 13088, 19136, 3204, 3000, 436, 16, 21480, 100
565488, 13084, 19124, 3204, 3000, 436, 16, 21508, 100
565476, 13068, 19140, 3200, 3004, 436, 16, 21520, 100
565456, 13044, 19168, 3204, 3000, 436, 16, 21536, 100
565452, 13012, 19184, 3208, 3004, 436, 16, 21548, 100
565436, 13008, 19196, 3204, 3000, 440, 16, 21560, 100
565408, 12996, 19208, 3216, 3000, 440, 16, 21576, 100
565408, 12960, 19236, 3220, 2992, 440, 16, 21588, 100
565384, 12960, 19232, 3228, 2996, 440, 16, 21604, 100
565372, 12956, 19228, 3224, 3004, 440, 16, 21620, 100
565352, 12944, 19256, 3224, 3004, 440, 16, 21624, 100
565336, 12936, 19260, 3224, 3012, 440, 16, 21636, 100
565328, 12904, 19264, 3236, 3024, 440, 16, 21648, 100
565296, 12896, 19268, 3232, 3036, 440, 16, 21676, 100
565264, 12892, 19276, 3248, 3032, 440, 16, 21692, 100
565248, 12868, 19304, 3256, 3028, 440, 16, 21700, 100
565240, 12840, 19332, 3264, 3028, 440, 16, 21700, 100
565228, 12832, 19328, 3268, 3024, 436, 20, 21724, 100
565212, 12836, 19332, 3272, 3024, 436, 20, 21728, 100
565196, 12796, 19368, 3284, 3024, 436, 20, 21736, 100
565176, 12792, 19380, 3280, 3024, 436, 20, 21752, 100
565144, 12788, 19400, 3296, 3024, 436, 20, 21752, 100
565120, 12784, 19408, 3308, 3024, 436, 20, 21760, 100
565096, 12772, 19428, 3304, 3028, 436, 20, 21776, 100
565056, 12780, 19448, 3308, 3028, 436, 20, 21784, 100
565032, 12776, 19444, 3308, 3036, 436, 20, 21808, 100
564972, 12820, 19444, 3316, 3024, 436, 20, 21828, 100
564948, 12808, 19452, 3324, 3024, 436, 20, 21848, 100
564924, 12804, 19464, 3336, 3024, 436, 20, 21852, 100
564876, 12820, 19480, 3348, 3020, 436, 20, 21860, 100
564844, 12808, 19508, 3356, 3020, 436, 20, 21868, 100
564788, 12828, 19532, 3344, 3028, 436, 20, 21884, 100
564740, 12852, 19540, 3348, 3032, 436, 20, 21892, 100
564668, 12888, 19544, 3352, 3032, 436, 20, 21920, 100
564628, 12912, 19540, 3360, 3028, 436, 20, 21936, 100
564592, 12900, 19568, 3360, 3032, 436, 20, 21952, 100
564560, 12896, 19572, 3352, 3036, 436, 20, 21988, 100
564528, 12900, 19588, 3352, 3032, 436, 20, 22004, 100
564512, 12864, 19620, 3360, 3036, 436, 20, 22012, 100
564488, 12848, 19656, 3360, 3024, 436, 20, 22028, 100
564476, 12832, 19664, 3372, 3024, 436, 20, 22036, 100
564460, 12808, 19692, 3372, 3024, 436, 20, 22048, 100
564424, 12800, 19736, 3364, 3028, 436, 20, 22052, 100
564416, 12776, 19760, 3360, 3032, 436, 20, 22060, 100
564404, 12752, 19776, 3364, 3036, 436, 20, 22072, 100
564392, 12736, 19788, 3360, 3044, 436, 20, 22084, 100
564384, 12716, 19796, 3360, 3048, 436, 20, 22100, 100
564384, 12692, 19800, 3364, 3044, 436, 20, 22120, 100
564372, 12656, 19816, 3384, 3044, 436, 20, 22132, 100
564352, 12652, 19828, 3372, 3056, 436, 20, 22144, 100
564336, 12640, 19844, 3372, 3064, 440, 20, 22144, 100
564332, 12608, 19868, 3380, 3056, 440, 20, 22156, 100
564320, 12584, 19884, 3380, 3056, 444, 20, 22172, 100
564316, 12556, 19900, 3384, 3048, 444, 20, 22192, 100
564292, 12572, 19888, 3384, 3044, 444, 20, 22216, 100
564284, 12548, 19908, 3384, 3040, 444, 20, 22232, 100
564276, 12540, 19912, 3380, 3040, 444, 20, 22248, 100
564248, 12536, 19912, 3392, 3044, 444, 20, 22264, 100
564240, 12500, 19948, 3384, 3052, 444, 20, 22272, 100
564228, 12476, 19964, 3392, 3052, 444, 20, 22284, 100
564212, 12428, 20000, 3400, 3060, 444, 20, 22296, 100
564204, 12396, 20020, 3392, 3068, 444, 20, 22316, 100
564204, 12380, 20024, 3384, 3084, 444, 20, 22320, 100
564196, 12364, 20040, 3384, 3084, 444, 20, 22328, 100
564192, 12344, 20040, 3388, 3092, 444, 20, 22340, 100
564180, 12324, 20056, 3396, 3088, 448, 20, 22348, 100
564176, 12296, 20072, 3404, 3092, 448, 20, 22352, 100
564160, 12280, 20076, 3400, 3108, 448, 20, 22368, 100
564140, 12264, 20100, 3400, 3112, 448, 20, 22376, 100
564140, 12212, 20140, 3396, 3112, 448, 20, 22392, 100
564124, 12192, 20152, 3396, 3120, 448, 20, 22408, 100
564112, 12168, 20176, 3404, 3120, 448, 20, 22412, 100
564112, 12116, 20212, 3404, 3128, 448, 20, 22420, 100
564108, 12088, 20208, 3412, 3128, 452, 20, 22444, 100
564096, 12068, 20220, 3408, 3132, 452, 20, 22464, 100
564088, 12036, 20240, 3408, 3132, 452, 20, 22484, 100
564088, 12004, 20244, 3408, 3140, 452, 20, 22504, 100
564072, 12004, 20240, 3408, 3144, 452, 20, 22520, 100
564068, 11984, 20252, 3400, 3148, 452, 20, 22536, 100
564064, 11940, 20284, 3408, 3152, 452, 20, 22540, 100
564056, 11928, 20280, 3412, 3152, 452, 20, 22560, 100
564036, 11924, 20292, 3412, 3156, 452, 20, 22568, 100
564028, 11896, 20300, 3424, 3164, 452, 20, 22576, 100
564028, 11848, 20328, 3436, 3152, 452, 20, 22596, 100
564016, 11828, 20344, 3432, 3160, 452, 20, 22608, 100
564012, 11804, 20352, 3444, 3156, 452, 20, 22620, 100
564000, 11796, 20364, 3448, 3156, 452, 20, 22624, 100
563984, 11780, 20384, 3444, 3164, 452, 20, 22632, 100
563976, 11768, 20404, 3440, 3164, 456, 20, 22632, 100
563976, 11724, 20424, 3448, 3168, 456, 20, 22644, 100
563976, 11696, 20444, 3448, 3164, 456, 20, 22656, 100
563960, 11696, 20452, 3448, 3156, 456, 20, 22672, 100
563948, 11684, 20448, 3460, 3156, 456, 20, 22688, 100
563940, 11644, 20464, 3476, 3152, 456, 20, 22708, 100
563928, 11628, 20480, 3472, 3156, 456, 20, 22720, 100
563912, 11604, 20508, 3476, 3156, 456, 20, 22728, 100
563908, 11568, 20532, 3468, 3160, 456, 20, 22748, 100
563904, 11528, 20548, 3480, 3152, 456, 20, 22772, 100
563892, 11512, 20544, 3488, 3152, 452, 20, 22800, 100
563888, 11476, 20556, 3488, 3148, 452, 20, 22832, 100
563872, 11468, 20572, 3488, 3148, 452, 20, 22840, 100
563856, 11432, 20592, 3488, 3148, 452, 20, 22872, 100
563848, 11412, 20600, 3504, 3144, 452, 20, 22880, 100
563836, 11392, 20612, 3512, 3136, 456, 20, 22896, 100
563820, 11392, 20616, 3512, 3136, 452, 20, 22912, 100
563800, 11388, 20628, 3512, 3140, 448, 20, 22924, 100
563784, 11368, 20636, 3516, 3144, 448, 20, 22944, 100
563780, 11328, 20656, 3516, 3152, 448, 20, 22960, 100
563756, 11304, 20684, 3520, 3148, 448, 20, 22980, 100
563752, 11288, 20688, 3512, 3156, 448, 20, 22996, 100
563736, 11264, 20720, 3512, 3156, 448, 20, 23004, 100
563724, 11252, 20728, 3520, 3148, 448, 20, 23020, 100
563700, 11236, 20768, 3520, 3148, 448, 20, 23020, 100
563680, 11244, 20772, 3520, 3152, 448, 20, 23024, 100
563660, 11248, 20784, 3520, 3152, 448, 20, 23028, 100
563656, 11220, 20804, 3524, 3148, 452, 20, 23036, 100
563624, 11228, 20812, 3516, 3152, 448, 20, 23060, 100
563620, 11200, 20840, 3512, 3160, 448, 20, 23060, 100
563600, 11188, 20852, 3504, 3164, 448, 20, 23084, 100
563572, 11180, 20864, 3516, 3160, 448, 20, 23100, 100
563572, 11160, 20872, 3508, 3156, 448, 20, 23124, 100
563552, 11132, 20872, 3524, 3160, 448, 20, 23152, 100
563536, 11108, 20892, 3532, 3164, 448, 20, 23160, 100
563524, 11088, 20896, 3540, 3164, 448, 20, 23180, 100
563500, 11096, 20888, 3540, 3156, 452, 20, 23208, 100
563476, 11064, 20916, 3556, 3160, 452, 20, 23216, 100
563444, 11060, 20940, 3552, 3168, 452, 20, 23224, 100
563424, 11048, 20960, 3552, 3168, 452, 20, 23236, 100
563412, 11040, 20956, 3564, 3168, 452, 20, 23248, 100
563380, 11040, 20968, 3568, 3156, 456, 20, 23272, 100
563372, 11016, 20964, 3572, 3164, 456, 20, 23296, 100
563356, 10996, 20972, 3572, 3172, 456, 20, 23316, 100
563348, 10968, 20992, 3576, 3176, 456, 20, 23324, 100
563336, 10952, 21000, 3584, 3180, 456, 20, 23332, 100
563312, 10940, 21012, 3580, 3176, 456, 20, 23364, 100
563268, 10964, 21012, 3572, 3180, 456, 20, 23388, 100
563244, 10952, 21032, 3564, 3192, 456, 20, 23400, 100
563216, 10944, 21044, 3564, 3196, 456, 20, 23420, 100
563196, 10936, 21056, 3560, 3196, 456, 20, 23440, 100
563184, 10908, 21072, 3552, 3208, 456, 20, 23460, 100
563172, 10900, 21064, 3552, 3224, 456, 20, 23472, 100
563152, 10888, 21080, 3556, 3228, 456, 20, 23480, 100
563128, 10904, 21084, 3556, 3232, 456, 20, 23480, 100
563124, 10856, 21124, 3556, 3240, 456, 20, 23484, 100
563116, 10840, 21136, 3552, 3240, 456, 20, 23500, 100
563104, 10828, 21144, 3548, 3244, 456, 20, 23516, 100
563092, 10812, 21140, 3552, 3252, 456, 20, 23536, 100
563076, 10800, 21136, 3568, 3248, 456, 20, 23556, 100
563064, 10792, 21148, 3568, 3240, 456, 20, 23572, 100
563048, 10780, 21172, 3568, 3240, 456, 20, 23576, 100
563040, 10744, 21196, 3584, 3236, 460, 20, 23580, 100
563028, 10720, 21228, 3580, 3236, 460, 20, 23588, 100
563008, 10716, 21232, 3580, 3240, 460, 20, 23604, 100
562992, 10696, 21244, 3580, 3236, 460, 20, 23632, 100
562972, 10680, 21260, 3580, 3232, 460, 20, 23656, 100
562948, 10668, 21268, 3584, 3240, 460, 20, 23672, 100
562928, 10664, 21280, 3580, 3244, 460, 20, 23684, 100
562916, 10628, 21304, 3588, 3244, 460, 20, 23700, 100
562904, 10580, 21340, 3592, 3244, 460, 20, 23720, 100
562888, 10560, 21368, 3596, 3236, 460, 20, 23732, 100
562868, 10536, 21392, 3600, 3244, 460, 20, 23740, 100
562852, 10524, 21404, 3608, 3244, 460, 20, 23748, 100
562832, 10508, 21428, 3612, 3236, 464, 20, 23760, 100
562796, 10504, 21448, 3616, 3236, 464, 20, 23776, 100
562792, 10484, 21464, 3616, 3232, 464, 20, 23788, 100
562764, 10492, 21480, 3608, 3240, 464, 20, 23792, 100
562740, 10488, 21476, 3604, 3256, 464, 20, 23812, 100
562704, 10512, 21472, 3608, 3252, 464, 20, 23828, 100
562680, 10500, 21488, 3608, 3260, 464, 20, 23840, 100
562620, 10536, 21496, 3608, 3264, 464, 20, 23852, 100
562596, 10532, 21516, 3612, 3260, 464, 20, 23860, 100
562580, 10516, 21532, 3608, 3276, 464, 20, 23864, 100
562540, 10532, 21540, 3608, 3276, 464, 20, 23880, 100
562492, 10560, 21552, 3604, 3280, 464, 20, 23888, 100
562432, 10596, 21564, 3600, 3276, 464, 20, 23908, 100
562368, 10640, 21564, 3604, 3276, 464, 20, 23924, 100
562324, 10664, 21572, 3604, 3280, 464, 20, 23932, 100
562264, 10712, 21576, 3600, 3284, 464, 20, 23940, 100
562224, 10704, 21592, 3616, 3292, 464, 20, 23948, 100
562172, 10720, 21612, 3616, 3296, 468, 20, 23956, 100
562132, 10716, 21644, 3616, 3300, 468, 20, 23964, 100
562104, 10716, 21652, 3616, 3312, 468, 20, 23972, 100
562088, 10692, 21680, 3616, 3312, 468, 20, 23984, 100
562060, 10712, 21672, 3612, 3320, 468, 20, 23996, 100
562048, 10704, 21672, 3620, 3320, 468, 20, 24008, 100
562028, 10680, 21704, 3624, 3320, 464, 20, 24020, 100
562012, 10664, 21724, 3620, 3316, 468, 20, 24036, 100
561984, 10656, 21740, 3620, 3320, 468, 20, 24052, 100
561964, 10640, 21756, 3628, 3328, 468, 20, 24056, 100
561956, 10612, 21776, 3632, 3324, 464, 20, 24076, 100
561956, 10588, 21792, 3632, 3328, 464, 20, 24080, 100
561940, 10568, 21796, 3632, 3348, 464, 20, 24092, 100
561932, 10548, 21812, 3624, 3360, 464, 20, 24100, 100
561916, 10544, 21832, 3616, 3368, 464, 20, 24100, 100
561900, 10536, 21844, 3608, 3376, 464, 20, 24112, 100
561896, 10524, 21820, 3612, 3376, 464, 20, 24148, 100
561888, 10512, 21812, 3608, 3380, 464, 20, 24176, 100
561872, 10492, 21816, 3612, 3384, 464, 20, 24200, 100
561860, 10468, 21828, 3604, 3396, 464, 20, 24220, 100
561856, 10444, 21832, 3604, 3396, 464, 20, 24244, 100
561844, 10420, 21840, 3596, 3412, 464, 20, 24264, 100
561832, 10412, 21832, 3600, 3420, 464, 20, 24280, 100
561816, 10392, 21840, 3612, 3420, 464, 20, 24296, 100
561796, 10384, 21860, 3616, 3420, 460, 20, 24300, 104
561784, 10388, 21860, 3612, 3420, 460, 20, 24312, 104
561780, 10364, 21876, 3612, 3424, 460, 20, 24320, 104
561764, 10352, 21880, 3616, 3424, 460, 20, 24340, 104
561756, 10332, 21880, 3616, 3416, 460, 20, 24376, 104
561744, 10308, 21892, 3620, 3416, 460, 20, 24396, 104
561740, 10300, 21896, 3616, 3420, 460, 20, 24404, 104
561728, 10284, 21908, 3616, 3424, 456, 20, 24420, 104
561724, 10264, 21908, 3628, 3412, 460, 20, 24440, 104
561716, 10256, 21904, 3628, 3420, 460, 20, 24452, 104
561700, 10232, 21920, 3640, 3408, 460, 20, 24476, 104
561684, 10220, 21916, 3656, 3404, 460, 20, 24496, 104
561672, 10200, 21924, 3656, 3408, 460, 20, 24516, 104
561652, 10208, 21928, 3652, 3412, 460, 20, 24524, 104
561648, 10184, 21944, 3640, 3424, 460, 20, 24536, 104
561628, 10176, 21960, 3624, 3444, 460, 20, 24544, 104
561616, 10164, 21980, 3624, 3448, 460, 20, 24544, 104
561608, 10148, 21996, 3616, 3456, 460, 20, 24552, 104
561596, 10136, 22000, 3620, 3460, 460, 20, 24564, 104
561580, 10124, 22008, 3620, 3452, 460, 20, 24592, 104
561576, 10096, 22016, 3632, 3448, 460, 20, 24608, 104
561564, 10092, 22024, 3628, 3448, 460, 20, 24620, 104
561552, 10088, 22028, 3632, 3452, 460, 20, 24624, 104
561544, 10044, 22048, 3640, 3452, 460, 20, 24648, 104
561520, 10052, 22044, 3644, 3452, 464, 20, 24660, 104
561508, 10044, 22044, 3652, 3444, 468, 20, 24676, 104
561500, 10028, 22052, 3656, 3432, 468, 20, 24700, 104
561488, 10008, 22064, 3660, 3432, 468, 20, 24716, 104
561488, 9972, 22084, 3660, 3432, 468, 20, 24732, 104
561484, 9952, 22088, 3672, 3436, 468, 20, 24736, 104
561472, 9924, 22108, 3668, 3448, 468, 20, 24748, 104
561464, 9908, 22108, 3672, 3448, 468, 20, 24768, 104
561448, 9892, 22132, 3660, 3460, 468, 20, 24776, 104
561436, 9864, 22148, 3664, 3456, 468, 20, 24800, 104
561428, 9844, 22152, 3668, 3460, 468, 20, 24816, 104
561424, 9824, 22168, 3668, 3460, 468, 20, 24824, 104
561424, 9796, 22160, 3680, 3464, 472, 20, 24840, 104
561412, 9788, 22172, 3672, 3476, 472, 20, 24844, 104
561380, 9792, 22180, 3668, 3484, 472, 20, 24860, 104
561300, 9860, 22168, 3664, 3484, 472, 20, 24888, 104
561232, 9912, 22164, 3668, 3484, 472, 20, 24904, 104
561172, 9940, 22176, 3660, 3496, 472, 20, 24920, 104
561104, 9980, 22192, 3660, 3496, 472, 20, 24932, 104
561036, 10024, 22200, 3660, 3496, 472, 20, 24948, 104
560912, 10116, 22224, 3664, 3500, 472, 20, 24948, 104
560796, 10204, 22232, 3660, 3508, 468, 20, 24968, 104
560620, 10364, 22224, 3660, 3504, 468, 20, 24996, 104
560460, 10500, 22232, 3664, 3512, 468, 20, 25000, 104
560300, 10628, 22224, 3672, 3516, 468, 20, 25028, 104
560128, 10784, 22192, 3680, 3520, 468, 20, 25064, 104
559980, 10908, 22192, 3684, 3528, 468, 20, 25076, 104
559868, 10980, 22216, 3692, 3536, 468, 20, 25076, 104
559668, 11156, 22224, 3688, 3544, 468, 20, 25088, 104
559500, 11284, 22244, 3684, 3544, 468, 20, 25112, 104
559328, 11432, 22260, 3688, 3544, 468, 20, 25116, 104
559116, 11612, 22284, 3696, 3540, 464, 20, 25124, 104
558952, 11744, 22292, 3700, 3540, 464, 20, 25144, 104
558776, 11888, 22308, 3708, 3528, 468, 20, 25160, 104
558664, 11972, 22320, 3720, 3528, 464, 20, 25164, 108
558464, 12144, 22332, 3712, 3536, 464, 20, 25180, 108
558296, 12248, 22376, 3716, 3540, 464, 20, 25192, 108
558128, 12380, 22396, 3728, 3540, 464, 20, 25196, 108
557960, 12520, 22400, 3736, 3536, 468, 20, 25212, 108
557828, 12632, 22412, 3744, 3528, 468, 20, 25220, 108
557696, 12736, 22432, 3740, 3532, 468, 20, 25228, 108
557568, 12840, 22444, 3740, 3536, 468, 20, 25236, 108
557436, 12944, 22456, 3744, 3528, 472, 20, 25252, 108
557304, 13044, 22468, 3740, 3536, 472, 20, 25268, 108
557168, 13160, 22460, 3740, 3536, 472, 20, 25296, 108
557052, 13248, 22476, 3744, 3536, 472, 20, 25304, 108
556940, 13324, 22488, 3756, 3528, 472, 20, 25324, 108
556836, 13404, 22500, 3756, 3524, 472, 20, 25340, 108
556700, 13500, 22520, 3764, 3516, 472, 20, 25360, 108
556572, 13588, 22552, 3764, 3524, 472, 20, 25360, 108
556468, 13684, 22552, 3760, 3528, 472, 20, 25368, 108
556368, 13740, 22572, 3756, 3532, 476, 20, 25388, 108
556268, 13804, 22580, 3756, 3528, 476, 20, 25420, 108
556120, 13940, 22580, 3748, 3536, 476, 20, 25432, 108
556020, 14016, 22588, 3744, 3544, 476, 20, 25444, 108
555904, 14120, 22592, 3744, 3532, 476, 20, 25464, 108
555804, 14192, 22596, 3740, 3540, 476, 20, 25484, 108
555660, 14296, 22604, 3756, 3540, 476, 20, 25496, 112
555552, 14380, 22608, 3756, 3548, 476, 20, 25508, 112
555452, 14456, 22616, 3752, 3556, 480, 20, 25516, 112
555336, 14548, 22624, 3748, 3560, 480, 20, 25532, 112
555220, 14636, 22648, 3740, 3568, 480, 20, 25536, 112
555064, 14756, 22672, 3732, 3564, 488, 20, 25552, 112
554972, 14812, 22696, 3736, 3560, 488, 20, 25564, 112
554880, 14892, 22692, 3724, 3572, 488, 20, 25580, 112
554788, 14964, 22700, 3728, 3572, 488, 20, 25588, 112
554732, 14988, 22720, 3716, 3584, 488, 20, 25600, 112
554604, 15092, 22740, 3704, 3596, 488, 20, 25604, 112
554512, 15164, 22756, 3692, 3604, 488, 20, 25612, 112
554436, 15212, 22768, 3688, 3600, 492, 20, 25632, 112
554344, 15288, 22776, 3684, 3608, 492, 20, 25636, 112
554300, 15296, 22792, 3688, 3604, 492, 20, 25656, 112
554284, 15292, 22792, 3672, 3616, 492, 20, 25680, 112
554264, 15284, 22804, 3672, 3616, 492, 20, 25696, 112
554240, 15276, 22812, 3672, 3620, 492, 20, 25716, 112
554208, 15268, 22832, 3672, 3624, 488, 20, 25732, 116
554200, 15252, 22848, 3668, 3624, 488, 20, 25744, 116
554188, 15232, 22868, 3664, 3632, 488, 20, 25752, 116
554176, 15220, 22876, 3672, 3628, 488, 20, 25764, 116
554156, 15216, 22884, 3664, 3636, 488, 20, 25780, 116
554132, 15196, 22908, 3672, 3644, 488, 20, 25784, 116
554108, 15176, 22932, 3668, 3648, 488, 20, 25804, 116
554084, 15152, 22940, 3668, 3656, 488, 20, 25836, 116
554080, 15136, 22940, 3664, 3664, 488, 20, 25852, 116
554076, 15128, 22940, 3648, 3680, 488, 20, 25864, 116
554056, 15116, 22960, 3632, 3696, 488, 20, 25876, 116
554028, 15112, 22984, 3628, 3700, 488, 20, 25884, 116
554004, 15104, 22992, 3636, 3704, 488, 20, 25896, 116
553996, 15088, 22996, 3636, 3704, 488, 20, 25916, 116
553952, 15112, 22996, 3632, 3712, 488, 20, 25932, 116
553908, 15132, 23004, 3636, 3712, 488, 20, 25944, 116
553892, 15128, 23004, 3640, 3712, 488, 20, 25960, 116
553868, 15144, 23000, 3632, 3716, 488, 20, 25976, 116
553840, 15152, 23004, 3632, 3724, 488, 20, 25984, 116
553804, 15136, 23024, 3632, 3728, 492, 20, 26008, 116
553764, 15156, 23024, 3628, 3732, 492, 20, 26028, 116
553728, 15160, 23020, 3632, 3732, 492, 20, 26060, 116
553680, 15192, 23020, 3620, 3744, 492, 20, 26076, 116
553656, 15192, 23036, 3612, 3748, 492, 20, 26088, 116
553628, 15180, 23060, 3604, 3756, 492, 20, 26104, 116
553608, 15176, 23068, 3608, 3764, 492, 20, 26108, 116
553572, 15180, 23084, 3616, 3768, 492, 20, 26112, 116
553556, 15168, 23100, 3620, 3768, 492, 20, 26120, 116
553548, 15148, 23104, 3628, 3768, 492, 20, 26136, 116
553536, 15148, 23108, 3608, 3780, 492, 20, 26152, 116
553500, 15164, 23100, 3612, 3784, 492, 20, 26172, 116
553492, 15152, 23100, 3604, 3792, 492, 20, 26192, 116
553484, 15132, 23108, 3604, 3800, 492, 20, 26204, 116
553472, 15132, 23112, 3596, 3808, 492, 20, 26212, 116
553468, 15108, 23132, 3596, 3812, 492, 20, 26216, 116
553460, 15088, 23116, 3612, 3808, 492, 20, 26248, 116
553456, 15056, 23116, 3616, 3820, 496, 20, 26264, 116
553444, 15028, 23120, 3624, 3820, 496, 20, 26292, 116
553428, 15012, 23124, 3624, 3828, 496, 20, 26312, 116
553420, 14988, 23140, 3628, 3828, 496, 20, 26324, 116
553416, 14960, 23152, 3636, 3824, 496, 20, 26340, 116
553412, 14944, 23152, 3624, 3840, 496, 20, 26356, 116
553408, 14936, 23144, 3632, 3840, 492, 20, 26368, 120
553400, 14916, 23144, 3632, 3840, 492, 20, 26396, 120
553392, 14900, 23152, 3632, 3840, 492, 20, 26412, 120
553388, 14876, 23164, 3632, 3848, 492, 20, 26420, 120
553372, 14856, 23172, 3628, 3856, 492, 20, 26444, 120
553356, 14816, 23188, 3640, 3860, 492, 20, 26468, 120
553336, 14804, 23196, 3624, 3872, 492, 20, 26496, 120
553332, 14780, 23188, 3632, 3880, 492, 20, 26516, 120
553328, 14752, 23208, 3632, 3884, 492, 20, 26524, 120
553316, 14740, 23200, 3640, 3880, 492, 20, 26552, 120
553304, 14728, 23200, 3632, 3888, 492, 20, 26576, 120
553296, 14724, 23196, 3628, 3892, 492, 20, 26592, 120
553280, 14708, 23200, 3632, 3896, 496, 20, 26608, 120
553268, 14704, 23196, 3632, 3900, 496, 20, 26624, 120
553264, 14676, 23196, 3644, 3904, 496, 20, 26640, 120
553240, 14660, 23216, 3636, 3904, 500, 20, 26664, 120
553236, 14640, 23220, 3640, 3904, 500, 20, 26680, 120
553232, 14604, 23244, 3644, 3904, 500, 20, 26692, 120
553220, 14588, 23248, 3644, 3908, 500, 20, 26712, 120
553216, 14568, 23260, 3648, 3900, 500, 20, 26728, 120
553212, 14560, 23260, 3644, 3904, 500, 20, 26740, 120
553200, 14560, 23268, 3636, 3908, 500, 20, 26748, 120
553188, 14548, 23276, 3636, 3912, 500, 20, 26760, 120
553176, 14524, 23300, 3628, 3924, 500, 20, 26768, 120
553164, 14484, 23324, 3648, 3920, 500, 20, 26780, 120
553152, 14480, 23328, 3644, 3920, 500, 20, 26796, 120
553148, 14444, 23356, 3640, 3924, 500, 20, 26808, 120
553136, 14440, 23356, 3644, 3920, 500, 20, 26824, 120
553132, 14400, 23380, 3640, 3932, 500, 20, 26836, 120
553128, 14376, 23384, 3632, 3940, 504, 20, 26856, 120
553120, 14368, 23376, 3632, 3944, 504, 20, 26876, 120
553108, 14364, 23372, 3640, 3936, 504, 20, 26896, 120
553100, 14340, 23360, 3652, 3940, 504, 20, 26924, 120
553096, 14324, 23372, 3644, 3944, 504, 20, 26936, 120
553068, 14312, 23388, 3656, 3944, 504, 20, 26948, 120
553060, 14284, 23420, 3656, 3944, 504, 20, 26952, 120
553056, 14276, 23404, 3652, 3952, 504, 20, 26976, 120
553048, 14260, 23404, 3660, 3944, 504, 20, 27000, 120
553044, 14244, 23404, 3660, 3944, 504, 20, 27020, 120
553028, 14252, 23388, 3656, 3948, 504, 20, 27044, 120
553004, 14232, 23404, 3660, 3952, 500, 20, 27068, 120
552988, 14220, 23428, 3652, 3948, 500, 20, 27084, 120
552952, 14236, 23428, 3652, 3956, 500, 20, 27096, 120
552884, 14284, 23424, 3652, 3952, 500, 20, 27124, 120
552832, 14320, 23404, 3664, 3952, 500, 20, 27148, 120
552752, 14376, 23396, 3660, 3952, 500, 20, 27184, 120
552696, 14404, 23412, 3656, 3956, 500, 20, 27196, 120
552636, 14440, 23420, 3656, 3952, 500, 20, 27216, 120
552544, 14496, 23444, 3656, 3956, 500, 20, 27224, 120
552456, 14560, 23436, 3648, 3968, 500, 20, 27252, 120
552340, 14640, 23452, 3640, 3980, 500, 20, 27268, 120
552264, 14684, 23464, 3648, 3980, 500, 20, 27280, 120
552136, 14776, 23476, 3640, 3984, 500, 20, 27308, 120
552016, 14888, 23472, 3636, 3984, 500, 20, 27324, 120
551916, 14984, 23460, 3628, 3988, 500, 20, 27344, 120
551820, 15060, 23464, 3624, 3996, 500, 20, 27356, 120
551664, 15176, 23492, 3632, 3992, 500, 20, 27364, 120
551532, 15276, 23500, 3628, 3996, 504, 20, 27384, 120
551424, 15332, 23536, 3636, 4000, 504, 20, 27388, 120
551304, 15428, 23544, 3640, 3992, 504, 20, 27408, 120
551220, 15480, 23560, 3636, 3988, 504, 20, 27432, 120
551116, 15548, 23580, 3640, 3992, 504, 20, 27440, 120
551020, 15608, 23588, 3652, 3992, 504, 20, 27456, 120
550884, 15712, 23608, 3644, 3996, 504, 20, 27472, 120
550796, 15788, 23600, 3636, 4000, 504, 20, 27496, 120
550680, 15896, 23584, 3624, 4016, 504, 20, 27516, 120
550596, 15944, 23576, 3636, 4012, 504, 20, 27552, 120
550516, 16000, 23564, 3636, 4008, 504, 20, 27592, 120
550432, 16048, 23584, 3628, 4012, 504, 20, 27612, 120
550336, 16124, 23592, 3628, 4016, 504, 20, 27620, 120
550248, 16188, 23608, 3616, 4016, 504, 20, 27640, 120
550156, 16252, 23624, 3608, 4020, 504, 20, 27656, 120
550036, 16336, 23644, 3620, 4016, 504, 20, 27664, 120
549948, 16396, 23636, 3620, 4020, 504, 20, 27696, 120
549864, 16468, 23632, 3616, 4024, 504, 20, 27712, 120
549768, 16536, 23636, 3616, 4020, 504, 20, 27740, 120
549672, 16596, 23664, 3608, 4028, 504, 20, 27748, 120
549572, 16660, 23684, 3616, 4024, 504, 20, 27760, 120
549500, 16700, 23696, 3600, 4036, 504, 20, 27784, 120
549428, 16740, 23708, 3600, 4036, 504, 20, 27804, 120
549372, 16768, 23724, 3596, 4048, 504, 20, 27808, 120
549288, 16844, 23720, 3592, 4052, 504, 20, 27820, 120
549208, 16916, 23704, 3584, 4056, 504, 20, 27848, 120
549100, 17020, 23700, 3580, 4060, 504, 20, 27856, 120
549016, 17060, 23696, 3596, 4056, 504, 20, 27892, 120
548908, 17136, 23720, 3600, 4052, 504, 20, 27900, 120
548824, 17180, 23740, 3608, 4052, 504, 20, 27912, 120
548712, 17268, 23740, 3604, 4060, 500, 20, 27932, 124
548656, 17284, 23760, 3608, 4064, 496, 24, 27944, 124
548532, 17364, 23792, 3608, 4060, 496, 24, 27960, 124
548448, 17428, 23784, 3612, 4056, 492, 24, 27992, 124
548352, 17496, 23780, 3612, 4060, 492, 24, 28020, 124
548304, 17516, 23796, 3612, 4048, 492, 24, 28044, 124
548236, 17544, 23828, 3608, 4056, 492, 24, 28048, 124
548176, 17576, 23816, 3624, 4056, 492, 24, 28072, 124
548120, 17600, 23820, 3624, 4060, 492, 24, 28096, 124
548064, 17640, 23816, 3628, 4056, 492, 24, 28116, 124
548024, 17656, 23820, 3628, 4060, 492, 24, 28132, 124
547972, 17660, 23840, 3636, 4056, 492, 24, 28156, 124
547944, 17656, 23856, 3636, 4060, 492, 24, 28168, 124
547924, 17664, 23840, 3632, 4060, 492, 24, 28200, 124
547900, 17652, 23844, 3644, 4060, 492, 24, 28220, 124
547880, 17644, 23820, 3648, 4068, 496, 24, 28256, 124
547864, 17636, 23820, 3644, 4072, 496, 24, 28280, 124
547844, 17640, 23828, 3640, 4076, 496, 24, 28288, 124
547820, 17628, 23848, 3640, 4080, 496, 24, 28300, 124
547800, 17616, 23868, 3640, 4080, 496, 24, 28312, 124
547788, 17600, 23876, 3644, 4076, 496, 24, 28332, 124
547748, 17604, 23888, 3644, 4076, 496, 24, 28356, 124
547732, 17600, 23872, 3636, 4076, 496, 24, 28400, 124
547724, 17588, 23880, 3632, 4080, 496, 24, 28412, 124
547712, 17560, 23908, 3636, 4084, 496, 24, 28416, 124
547700, 17524, 23940, 3632, 4100, 496, 24, 28420, 124
547680, 17500, 23952, 3632, 4120, 500, 20, 28432, 124
547660, 17500, 23968, 3632, 4120, 500, 20, 28436, 124
547632, 17500, 23968, 3636, 4124, 500, 20, 28456, 124
547596, 17492, 24000, 3632, 4132, 500, 20, 28464, 124
547560, 17516, 24000, 3628, 4132, 500, 20, 28480, 124
547532, 17524, 24008, 3628, 4136, 500, 20, 28488, 124
547496, 17548, 24000, 3624, 4140, 496, 20, 28508, 128
547456, 17560, 23992, 3632, 4144, 496, 20, 28532, 128
547420, 17572, 24000, 3628, 4148, 496, 20, 28548, 128
547380, 17580, 24016, 3632, 4144, 500, 20, 28560, 128
547344, 17588, 24040, 3620, 4156, 500, 20, 28564, 128
547288, 17608, 24052, 3620, 4164, 500, 20, 28580, 128
547252, 17612, 24044, 3620, 4164, 500, 20, 28620, 128
547224, 17592, 24072, 3628, 4164, 500, 20, 28632, 128
547208, 17580, 24072, 3632, 4160, 500, 20, 28660, 128
547160, 17596, 24084, 3636, 4164, 500, 20, 28672, 128
547152, 17576, 24092, 3632, 4168, 500, 20, 28692, 128
547132, 17576, 24100, 3620, 4184, 500, 20, 28700, 128
547128, 17528, 24132, 3628, 4172, 500, 20, 28724, 128
547120, 17484, 24160, 3632, 4172, 500, 20, 28744, 128
547112, 17448, 24168, 3648, 4176, 500, 20, 28760, 128
547100, 17436, 24164, 3668, 4180, 500, 20, 28764, 128
547096, 17400, 24180, 3668, 4180, 500, 20, 28788, 128
547096, 17372, 24188, 3672, 4176, 500, 20, 28808, 128
547092, 17356, 24184, 3668, 4180, 500, 20, 28832, 128
547092, 17324, 24200, 3672, 4180, 500, 20, 28844, 128
547076, 17308, 24212, 3684, 4176, 500, 20, 28856, 128
547064, 17268, 24236, 3696, 4172, 504, 20, 28872, 128
547060, 17248, 24228, 3700, 4176, 504, 20, 28896, 128
547052, 17220, 24232, 3704, 4172, 504, 20, 28928, 128
547028, 17192, 24248, 3724, 4168, 504, 20, 28948, 128
547028, 17172, 24248, 3728, 4164, 504, 20, 28968, 128
547020, 17140, 24252, 3740, 4164, 504, 20, 28992, 128
547016, 17108, 24284, 3740, 4160, 504, 20, 29000, 128
547000, 17088, 24296, 3744, 4168, 504, 20, 29012, 128
546988, 17088, 24296, 3740, 4172, 504, 20, 29024, 128
546980, 17076, 24276, 3740, 4184, 504, 20, 29052, 128
546976, 17032, 24300, 3740, 4180, 504, 20, 29080, 128
546960, 17012, 24316, 3748, 4184, 504, 20, 29088, 128
546940, 16984, 24332, 3752, 4188, 504, 20, 29112, 128
546928, 16960, 24356, 3752, 4200, 504, 20, 29112, 128
546924, 16936, 24372, 3756, 4200, 504, 20, 29120, 128
546916, 16900, 24388, 3760, 4204, 504, 20, 29140, 128
546888, 16916, 24376, 3752, 4208, 504, 20, 29168, 128
546868, 16880, 24404, 3756, 4212, 504, 20, 29188, 128
546852, 16880, 24400, 3756, 4208, 504, 20, 29212, 128
546840, 16848, 24436, 3752, 4200, 508, 20, 29228, 128
546828, 16832, 24440, 3752, 4200, 504, 20, 29256, 128
546816, 16812, 24460, 3748, 4204, 504, 20, 29268, 128
546816, 16780, 24468, 3744, 4204, 508, 20, 29292, 128
546808, 16752, 24480, 3744, 4204, 512, 20, 29312, 128
546796, 16744, 24480, 3732, 4212, 512, 20, 29336, 128
546784, 16704, 24508, 3736, 4208, 512, 20, 29360, 128
546760, 16696, 24524, 3736, 4216, 512, 20, 29368, 128
546760, 16648, 24552, 3736, 4220, 512, 20, 29384, 128
546752, 16604, 24588, 3744, 4220, 512, 20, 29392, 128
546744, 16572, 24600, 3752, 4220, 512, 20, 29412, 128
546728, 16568, 24604, 3760, 4224, 512, 20, 29416, 128
546720, 16560, 24608, 3764, 4220, 512, 20, 29428, 128
546712, 16552, 24608, 3768, 4224, 512, 20, 29436, 128
546708, 16524, 24608, 3764, 4228, 516, 20, 29464, 128
546692, 16496, 24636, 3764, 4236, 516, 20, 29472, 128
546680, 16488, 24632, 3768, 4236, 516, 20, 29492, 128
546668, 16476, 24636, 3764, 4232, 516, 20, 29520, 128
546652, 16456, 24652, 3764, 4232, 516, 20, 29540, 128
546640, 16420, 24664, 3768, 4240, 516, 20, 29564, 128
546632, 16384, 24684, 3768, 4240, 516, 20, 29588, 128
546624, 16336, 24704, 3788, 4232, 520, 20, 29608, 128
546620, 16312, 24704, 3784, 4240, 520, 20, 29632, 128
546608, 16284, 24728, 3788, 4236, 520, 20, 29648, 128
546600, 16252, 24748, 3788, 4240, 520, 20, 29664, 128
546600, 16220, 24760, 3792, 4240, 520, 20, 29680, 128
546556, 16224, 24784, 3780, 4252, 520, 20, 29696, 128
546500, 16244, 24812, 3784, 4240, 520, 20, 29712, 128
546464, 16244, 24820, 3784, 4244, 520, 20, 29736, 128
546444, 16228, 24848, 3776, 4256, 520, 20, 29740, 128
546396, 16232, 24876, 3788, 4248, 524, 20, 29748, 128
546352, 16232, 24908, 3792, 4248, 524, 20, 29756, 128
546296, 16268, 24904, 3784, 4256, 524, 20, 29780, 128
546228, 16284, 24928, 3788, 4260, 524, 20, 29800, 128
546168, 16320, 24928, 3796, 4248, 528, 20, 29824, 128
546076, 16372, 24944, 3808, 4240, 528, 20, 29844, 128
545972, 16440, 24956, 3804, 4252, 528, 20, 29860, 128
545868, 16520, 24952, 3796, 4264, 528, 20, 29884, 128
545768, 16596, 24960, 3792, 4264, 528, 20, 29904, 128
545684, 16652, 24976, 3796, 4264, 528, 20, 29912, 128
545568, 16736, 24996, 3800, 4268, 528, 20, 29916, 128
545460, 16804, 24996, 3808, 4268, 524, 24, 29948, 128
545356, 16880, 25008, 3804, 4272, 524, 24, 29964, 128
545264, 16944, 25024, 3800, 4272, 524, 24, 29980, 128
545160, 17008, 25028, 3812, 4272, 524, 24, 30004, 128
545092, 17044, 25040, 3820, 4272, 524, 24, 30016, 128
544992, 17092, 25064, 3844, 4268, 528, 24, 30020, 128
544888, 17160, 25084, 3836, 4280, 528, 24, 30032, 128
544728, 17280, 25108, 3840, 4284, 528, 24, 30040, 128
544640, 17328, 25136, 3844, 4272, 528, 24, 30060, 128
544500, 17432, 25132, 3852, 4276, 528, 24, 30088, 128
544380, 17528, 25136, 3848, 4288, 528, 24, 30100, 128
544316, 17568, 25144, 3844, 4296, 528, 24, 30112, 128
544244, 17600, 25156, 3852, 4296, 528, 24, 30132, 128
544128, 17684, 25164, 3856, 4296, 528, 24, 30152, 128
544056, 17708, 25192, 3868, 4296, 528, 24, 30160, 128
543976, 17740, 25212, 3868, 4300, 528, 24, 30184, 128
543900, 17792, 25228, 3860, 4300, 528, 24, 30200, 128
543824, 17840, 25232, 3864, 4296, 532, 24, 30220, 128
543740, 17864, 25268, 3872, 4296, 536, 24, 30232, 128
543628, 17952, 25280, 3868, 4300, 536, 24, 30244, 128
543520, 18008, 25312, 3872, 4304, 532, 24, 30260, 128
543420, 18060, 25340, 3872, 4304, 532, 24, 30280, 128
543364, 18084, 25344, 3880, 4304, 532, 24, 30300, 128
543272, 18132, 25364, 3880, 4312, 532, 24, 30316, 128
543188, 18180, 25376, 3884, 4316, 532, 24, 30332, 128
543104, 18252, 25356, 3892, 4308, 532, 24, 30364, 128
543040, 18288, 25368, 3884, 4316, 532, 24, 30380, 128
542964, 18312, 25384, 3904, 4320, 532, 24, 30392, 128
542868, 18384, 25388, 3900, 4328, 532, 24, 30408, 128
542760, 18464, 25396, 3904, 4332, 532, 24, 30420, 128
542656, 18552, 25396, 3892, 4340, 532, 24, 30440, 128
542612, 18576, 25408, 3892, 4340, 532, 24, 30448, 128
542520, 18624, 25412, 3908, 4332, 532, 24, 30480, 128
542424, 18708, 25408, 3908, 4332, 532, 24, 30496, 128
542352, 18752, 25416, 3900, 4344, 532, 24, 30512, 128
542288, 18780, 25420, 3908, 4348, 532, 24, 30532, 128
542220, 18792, 25448, 3904, 4356, 532, 24, 30556, 128
542140, 18828, 25464, 3916, 4348, 532, 24, 30580, 128
542076, 18856, 25472, 3920, 4352, 532, 24, 30600, 128
542020, 18880, 25472, 3924, 4344, 536, 24, 30632, 128
541976, 18892, 25480, 3924, 4344, 536, 24, 30656, 128
541936, 18916, 25484, 3928, 4348, 536, 24, 30660, 128
541900, 18900, 25500, 3936, 4344, 536, 24, 30692, 128
541880, 18868, 25528, 3936, 4352, 536, 24, 30708, 128
541852, 18832, 25544, 3960, 4360, 536, 24, 30724, 128
541832, 18808, 25540, 3972, 4356, 536, 24, 30764, 128
541816, 18784, 25552, 3968, 4372, 536, 24, 30780, 128
541796, 18764, 25572, 3984, 4368, 536, 24, 30788, 128
541760, 18776, 25572, 3984, 4376, 536, 24, 30804, 128
541744, 18748, 25596, 3976, 4388, 536, 24, 30820, 128
541720, 18736, 25604, 3992, 4392, 536, 24, 30828, 128
541696, 18716, 25608, 4012, 4388, 536, 24, 30852, 128
541664, 18712, 25624, 4016, 4388, 540, 24, 30864, 128
541648, 18692, 25628, 4016, 4396, 540, 24, 30888, 128
541640, 18664, 25648, 4012, 4396, 540, 24, 30908, 128
541616, 18628, 25664, 4032, 4388, 544, 24, 30936, 128
541600, 18612, 25684, 4040, 4372, 548, 24, 30952, 128
541576, 18616, 25688, 4036, 4384, 548, 24, 30960, 128
541544, 18604, 25704, 4052, 4380, 548, 24, 30976, 128
541524, 18588, 25716, 4060, 4380, 548, 24, 30992, 128
541500, 18572, 25724, 4076, 4380, 548, 24, 31008, 128
541464, 18568, 25748, 4080, 4380, 548, 24, 31020, 128
541440, 18548, 25764, 4092, 4376, 548, 24, 31040, 128
541392, 18568, 25772, 4084, 4392, 548, 24, 31052, 128
541332, 18592, 25780, 4096, 4396, 548, 24, 31064, 128
541300, 18576, 25772, 4108, 4404, 548, 24, 31100, 128
541276, 18560, 25784, 4116, 4404, 548, 24, 31120, 128
541224, 18588, 25780, 4124, 4396, 548, 24, 31148, 128
541160, 18608, 25816, 4112, 4400, 548, 24, 31164, 128
541112, 18632, 25816, 4108, 4408, 548, 24, 31184, 128
541084, 18632, 25828, 4108, 4416, 548, 24, 31192, 128
541068, 18612, 25840, 4108, 4408, 548, 24, 31224, 128
541036, 18588, 25868, 4112, 4420, 548, 24, 31236, 128
541012, 18564, 25900, 4104, 4428, 548, 24, 31252, 128
540976, 18540, 25928, 4112, 4428, 548, 24, 31276, 128
540956, 18516, 25952, 4124, 4428, 548, 24, 31284, 128
540928, 18508, 25956, 4128, 4432, 548, 24, 31308, 128
540920, 18456, 25980, 4144, 4432, 548, 24, 31328, 128
540912, 18424, 25980, 4156, 4424, 548, 24, 31364, 128
540908, 18388, 25996, 4152, 4440, 548, 24, 31376, 128
540900, 18368, 26004, 4156, 4440, 548, 24, 31392, 128
540896, 18336, 26028, 4160, 4440, 548, 24, 31400, 128
540884, 18320, 26028, 4164, 4436, 548, 24, 31428, 128
540872, 18308, 26012, 4160, 4448, 548, 24, 31460, 128
540860, 18264, 26024, 4180, 4452, 548, 24, 31480, 128
540860, 18212, 26064, 4188, 4452, 548, 24, 31484, 128
540852, 18180, 26072, 4200, 4444, 548, 24, 31512, 128
540840, 18148, 26112, 4200, 4444, 548, 24, 31516, 128
540824, 18128, 26128, 4216, 4440, 548, 24, 31524, 128
540816, 18104, 26128, 4228, 4444, 548, 24, 31540, 128
540804, 18060, 26176, 4232, 4436, 548, 24, 31552, 128
540796, 18012, 26200, 4236, 4432, 548, 24, 31584, 128
540788, 17960, 26244, 4244, 4432, 548, 24, 31592, 128
540776, 17936, 26268, 4236, 4440, 548, 24, 31604, 128
540776, 17880, 26304, 4228, 4444, 548, 24, 31628, 128
540760, 17856, 26320, 4244, 4444, 552, 24, 31632, 128
540748, 17820, 26328, 4252, 4448, 552, 24, 31660, 128
540728, 17812, 26340, 4260, 4448, 552, 24, 31668, 128
540712, 17784, 26348, 4268, 4452, 552, 24, 31692, 128
540700, 17748, 26364, 4276, 4460, 552, 24, 31708, 128
540696, 17716, 26364, 4288, 4456, 552, 24, 31736, 128
540684, 17688, 26372, 4296, 4448, 552, 24, 31768, 128
540672, 17652, 26384, 4308, 4448, 552, 24, 31792, 128
540664, 17612, 26416, 4312, 4452, 552, 24, 31800, 128
540656, 17584, 26432, 4316, 4452, 552, 24, 31816, 128
540652, 17568, 26424, 4320, 4460, 552, 24, 31832, 128
540636, 17552, 26428, 4324, 4460, 552, 24, 31856, 128
540624, 17508, 26448, 4340, 4456, 552, 24, 31880, 128
540604, 17488, 26468, 4340, 4456, 552, 24, 31900, 128
540580, 17480, 26460, 4344, 4464, 552, 24, 31928, 128
540572, 17456, 26460, 4352, 4464, 556, 24, 31948, 128
540560, 17428, 26464, 4352, 4472, 556, 24, 31976, 128
540552, 17412, 26468, 4352, 4476, 556, 24, 31992, 128
540532, 17400, 26464, 4352, 4476, 556, 24, 32028, 128
540528, 17376, 26464, 4356, 4476, 556, 24, 32052, 128
540524, 17324, 26476, 4364, 4480, 556, 24, 32084, 128
540512, 17316, 26484, 4364, 4476, 556, 24, 32100, 128
540504, 17296, 26488, 4376, 4476, 556, 24, 32112, 128
540496, 17260, 26500, 4372, 4492, 556, 24, 32132, 128
540492, 17224, 26492, 4384, 4492, 556, 24, 32168, 128
540484, 17180, 26520, 4392, 4496, 556, 20, 32180, 132
540468, 17172, 26512, 4396, 4500, 556, 20, 32204, 132
540456, 17152, 26520, 4388, 4512, 556, 20, 32224, 132
540452, 17120, 26524, 4392, 4524, 556, 20, 32240, 132
540440, 17104, 26548, 4396, 4524, 556, 20, 32240, 132
540432, 17076, 26556, 4412, 4508, 556, 20, 32268, 132
540420, 17060, 26568, 4404, 4516, 556, 20, 32284, 132
540412, 17032, 26576, 4396, 4516, 560, 20, 32316, 132
540400, 16996, 26612, 4392, 4516, 560, 20, 32332, 132
540372, 16988, 26632, 4396, 4520, 560, 20, 32340, 132
540324, 17008, 26652, 4396, 4524, 560, 20, 32344, 132
540280, 17008, 26672, 4392, 4520, 564, 20, 32372, 132
540236, 17016, 26680, 4384, 4524, 564, 20, 32404, 132
540172, 17032, 26696, 4396, 4528, 564, 20, 32420, 132
540104, 17064, 26708, 4400, 4524, 564, 20, 32444, 132
540016, 17120, 26720, 4396, 4528, 564, 20, 32464, 132
539984, 17112, 26728, 4404, 4520, 564, 20, 32496, 132
539924, 17132, 26744, 4416, 4520, 564, 20, 32508, 132
539860, 17188, 26744, 4412, 4504, 564, 20, 32536, 132
539764, 17244, 26748, 4416, 4504, 564, 20, 32568, 132
539648, 17324, 26756, 4428, 4512, 564, 20, 32576, 132
539544, 17384, 26768, 4432, 4528, 564, 20, 32588, 132
539480, 17404, 26780, 4440, 4532, 564, 20, 32608, 132
539372, 17460, 26812, 4456, 4524, 568, 20, 32616, 132
539288, 17512, 26820, 4460, 4524, 568, 20, 32636, 132
539184, 17592, 26824, 4460, 4516, 572, 20, 32660, 132
539100, 17644, 26832, 4456, 4516, 576, 20, 32684, 132
539008, 17700, 26836, 4464, 4520, 576, 20, 32704, 132
538896, 17772, 26860, 4460, 4524, 576, 20, 32720, 132
538800, 17840, 26864, 4460, 4520, 572, 20, 32752, 132
538684, 17912, 26884, 4468, 4516, 568, 20, 32776, 132
538580, 17964, 26920, 4476, 4516, 572, 20, 32780, 132
538496, 17992, 26944, 4476, 4520, 572, 20, 32808, 132
538412, 18040, 26976, 4456, 4528, 576, 20, 32820, 132
538296, 18096, 27016, 4460, 4532, 576, 20, 32832, 132
538216, 18132, 27008, 4488, 4532, 576, 20, 32856, 132
538152, 18148, 27024, 4500, 4528, 576, 20, 32880, 132
538100, 18176, 27024, 4492, 4532, 576, 20, 32908, 132
538012, 18204, 27060, 4492, 4544, 576, 20, 32920, 132
537924, 18228, 27096, 4500, 4548, 576, 20, 32936, 132
537812, 18260, 27128, 4516, 4548, 576, 20, 32968, 132
537760, 18264, 27152, 4520, 4544, 576, 20, 32992, 132
537676, 18308, 27160, 4524, 4544, 576, 20, 33020, 132
537612, 18348, 27168, 4524, 4548, 576, 20, 33032, 132
537540, 18392, 27176, 4528, 4548, 576, 20, 33048, 132
537456, 18428, 27208, 4528, 4548, 576, 20, 33064, 132
537396, 18452, 27224, 4528, 4548, 576, 20, 33084, 132
537300, 18528, 27220, 4528, 4544, 576, 20, 33112, 132
537232, 18572, 27224, 4524, 4532, 576, 20, 33148, 132
537168, 18604, 27228, 4512, 4544, 576, 20, 33176, 132
537028, 18680, 27264, 4528, 4544, 576, 20, 33188, 132
536940, 18716, 27288, 4528, 4552, 576, 20, 33208, 132
536816, 18796, 27308, 4532, 4548, 580, 20, 33228, 132
536724, 18856, 27312, 4536, 4548, 580, 20, 33252, 132
536648, 18896, 27316, 4532, 4556, 580, 20, 33280, 132
536572, 18948, 27324, 4532, 4560, 580, 20, 33292, 132
536488, 18980, 27348, 4544, 4552, 580, 20, 33316, 132
536408, 19040, 27348, 4540, 4556, 580, 20, 33336, 132
536300, 19112, 27356, 4544, 4560, 580, 20, 33356, 132
536204, 19188, 27356, 4544, 4564, 584, 20, 33368, 132
536132, 19216, 27384, 4536, 4580, 584, 20, 33376, 132
536040, 19256, 27396, 4540, 4576, 584, 20, 33416, 132
535968, 19292, 27408, 4540, 4580, 588, 20, 33432, 132
535860, 19360, 27412, 4540, 4596, 588, 20, 33452, 132
535808, 19384, 27412, 4548, 4600, 588, 20, 33468, 132
535752, 19388, 27432, 4568, 4596, 588, 20, 33484, 132
535720, 19388, 27452, 4564, 4604, 588, 20, 33492, 132
535692, 19384, 27452, 4568, 4608, 592, 20, 33512, 132
535664, 19364, 27468, 4576, 4604, 592, 20, 33540, 132
535640, 19312, 27508, 4592, 4600, 592, 20, 33564, 132
535608, 19296, 27536, 4584, 4600, 592, 20, 33592, 132
535592, 19272, 27560, 4580, 4588, 592, 20, 33624, 132
535572, 19248, 27584, 4568, 4608, 592, 20, 33636, 132
535564, 19208, 27616, 4568, 4612, 592, 20, 33648, 132
535540, 19164, 27656, 4580, 4612, 592, 16, 33668, 132
535520, 19152, 27660, 4588, 4612, 592, 16, 33688, 132
535508, 19124, 27668, 4592, 4620, 592, 16, 33708, 132
535484, 19120, 27684, 4584, 4636, 592, 16, 33712, 132
535468, 19112, 27684, 4576, 4640, 592, 16, 33740, 132
535464, 19080, 27696, 4584, 4636, 592, 16, 33760, 132
535436, 19044, 27744, 4592, 4632, 592, 16, 33772, 132
535428, 19004, 27764, 4596, 4632, 592, 16, 33796, 132
535408, 19000, 27772, 4600, 4628, 588, 16, 33816, 132
535376, 18996, 27796, 4592, 4632, 588, 16, 33832, 132
535344, 19004, 27808, 4584, 4632, 588, 16, 33852, 132
535316, 18996, 27824, 4588, 4632, 588, 16, 33868, 132
535284, 18976, 27844, 4600, 4628, 588, 16, 33892, 132
535232, 19000, 27840, 4608, 4632, 588, 16, 33912, 132
535216, 18952, 27872, 4620, 4632, 588, 16, 33932, 132
535188, 18944, 27900, 4616, 4636, 588, 16, 33940, 132
535152, 18940, 27920, 4620, 4636, 588, 16, 33956, 132
535120, 18948, 27932, 4628, 4636, 588, 16, 33960, 132
535076, 18956, 27944, 4636, 4636, 588, 16, 33976, 132
535000, 19004, 27944, 4628, 4640, 588, 16, 34008, 132
534976, 18968, 27980, 4636, 4640, 588, 16, 34024, 132
534944, 18944, 28008, 4632, 4652, 588, 16, 34044, 132
534928, 18916, 28016, 4636, 4664, 588, 16, 34064, 132
534880, 18920, 28024, 4644, 4668, 588, 16, 34088, 132
534856, 18892, 28052, 4652, 4660, 588, 16, 34112, 132
534840, 18856, 28088, 4652, 4656, 588, 16, 34132, 132
534812, 18848, 28100, 4664, 4648, 588, 16, 34152, 132
534804, 18804, 28124, 4672, 4652, 588, 16, 34168, 132
534800, 18756, 28148, 4664, 4668, 588, 16, 34188, 132
534792, 18716, 28168, 4676, 4668, 588, 16, 34204, 132
534776, 18696, 28184, 4684, 4668, 588, 16, 34216, 132
534768, 18652, 28204, 4684, 4676, 588, 16, 34240, 132
534752, 18612, 28236, 4680, 4684, 588, 16, 34260, 132
534732, 18588, 28264, 4672, 4696, 588, 16, 34272, 132
534716, 18564, 28280, 4676, 4704, 588, 16, 34284, 132
534708, 18536, 28300, 4668, 4712, 588, 16, 34300, 132
534704, 18500, 28316, 4680, 4716, 588, 16, 34308, 132
534700, 18464, 28336, 4688, 4708, 588, 16, 34328, 132
534692, 18424, 28368, 4684, 4708, 588, 16, 34348, 132
534684, 18368, 28400, 4692, 4696, 588, 16, 34384, 132
534684, 18348, 28408, 4692, 4688, 588, 16, 34404, 132
534660, 18332, 28428, 4696, 4692, 588, 16, 34416, 132
534644, 18312, 28452, 4692, 4684, 588, 16, 34440, 132
534636, 18288, 28464, 4700, 4680, 588, 16, 34456, 132
534632, 18252, 28484, 4692, 4696, 588, 16, 34468, 132
534620, 18232, 28492, 4676, 4712, 588, 16, 34492, 132
534612, 18196, 28516, 4668, 4720, 588, 16, 34512, 132
534608, 18168, 28516, 4664, 4728, 588, 16, 34540, 132
534584, 18156, 28516, 4680, 4720, 588, 16, 34568, 132
534580, 18128, 28536, 4684, 4716, 588, 16, 34580, 132
534556, 18124, 28552, 4672, 4716, 588, 16, 34604, 132
534528, 18136, 28556, 4664, 4716, 588, 16, 34624, 132
534512, 18076, 28616, 4660, 4720, 588, 16, 34640, 132
534500, 18064, 28588, 4656, 4728, 588, 16, 34688, 132
534496, 18028, 28596, 4660, 4728, 588, 16, 34712, 136
534492, 17988, 28624, 4656, 4744, 588, 16, 34716, 136
534488, 17956, 28636, 4644, 4752, 588, 16, 34744, 136
534480, 17940, 28648, 4652, 4748, 588, 16, 34752, 136
534472, 17908, 28656, 4656, 4744, 588, 16, 34784, 136
534436, 17900, 28684, 4656, 4744, 588, 16, 34800, 136
534428, 17872, 28676, 4652, 4748, 588, 16, 34844, 136
534412, 17836, 28704, 4656, 4752, 588, 16, 34860, 136
534404, 17824, 28688, 4652, 4748, 584, 16, 34908, 136
534388, 17796, 28708, 4652, 4748, 588, 16, 34928, 136
534388, 17752, 28716, 4668, 4744, 588, 16, 34952, 136
534364, 17740, 28724, 4668, 4752, 588, 16, 34972, 136
534356, 17692, 28760, 4676, 4752, 584, 20, 34984, 136
534336, 17680, 28772, 4676, 4756, 584, 20, 35000, 136
534332, 17656, 28780, 4668, 4768, 584, 20, 35016, 136
534324, 17616, 28800, 4688, 4764, 584, 20, 35028, 136
534312, 17588, 28824, 4684, 4772, 584, 20, 35040, 136
534304, 17548, 28852, 4688, 4780, 584, 20, 35048, 136
534292, 17512, 28860, 4692, 4788, 584, 20, 35076, 136
534284, 17468, 28884, 4696, 4788, 584, 20, 35100, 136
534276, 17460, 28884, 4696, 4792, 584, 20, 35112, 136
534268, 17384, 28936, 4700, 4812, 584, 20, 35120, 136
534264, 17328, 28980, 4696, 4824, 584, 20, 35128, 136
534244, 17292, 29008, 4708, 4832, 580, 20, 35140, 136
534212, 17280, 29024, 4716, 4824, 580, 20, 35168, 136
534180, 17244, 29068, 4716, 4828, 580, 20, 35188, 136
534124, 17256, 29088, 4708, 4836, 580, 20, 35212, 136
534076, 17236, 29132, 4720, 4840, 580, 20, 35220, 136
534036, 17212, 29180, 4732, 4840, 580, 20, 35224, 136
533976, 17244, 29192, 4728, 4840, 580, 20, 35244, 136
533936, 17252, 29196, 4724, 4844, 580, 20, 35272, 136
533868, 17288, 29204, 4724, 4848, 580, 20, 35292, 136
533812, 17296, 29196, 4728, 4856, 580, 20, 35336, 136
533708, 17372, 29212, 4728, 4852, 580, 20, 35352, 136
533620, 17416, 29216, 4724, 4856, 584, 20, 35388, 136
533536, 17452, 29232, 4700, 4876, 584, 20, 35424, 136
533452, 17508, 29228, 4704, 4880, 584, 20, 35448, 136
533336, 17592, 29236, 4712, 4876, 584, 20, 35468, 136
533240, 17636, 29260, 4720, 4876, 588, 20, 35484, 136
533148, 17680, 29264, 4740, 4876, 588, 20, 35508, 136
533032, 17740, 29280, 4744, 4884, 588, 20, 35536, 136
532876, 17856, 29300, 4752, 4888, 588, 20, 35544, 136
532804, 17868, 29336, 4744, 4896, 588, 20, 35568, 136
532680, 17960, 29344, 4744, 4900, 588, 20, 35588, 136
532552, 18064, 29340, 4748, 4904, 588, 20, 35608, 136
532428, 18152, 29356, 4756, 4904, 588, 20, 35620, 136
532344, 18200, 29336, 4772, 4896, 588, 20, 35668, 136
532244, 18252, 29364, 4776, 4888, 592, 20, 35688, 136
532132, 18328, 29380, 4768, 4892, 592, 20, 35712, 136
532000, 18432, 29388, 4772, 4896, 592, 20, 35724, 136
531900, 18488, 29412, 4764, 4904, 592, 20, 35744, 136
531808, 18516, 29452, 4772, 4904, 592, 20, 35760, 136
531708, 18564, 29460, 4792, 4912, 588, 20, 35780, 136
531636, 18588, 29472, 4792, 4920, 588, 20, 35808, 136
531580, 18588, 29500, 4800, 4924, 588, 20, 35824, 136
531492, 18648, 29508, 4808, 4928, 588, 20, 35832, 136
531400, 18684, 29524, 4820, 4932, 588, 20, 35856, 136
531320, 18716, 29528, 4824, 4940, 588, 20, 35888, 136
531268, 18724, 29540, 4828, 4944, 588, 20, 35912, 136
531212, 18748, 29536, 4808, 4964, 592, 20, 35944, 136
531136, 18764, 29568, 4816, 4964, 592, 20, 35964, 136
531056, 18792, 29600, 4820, 4972, 592, 20, 35972, 136
530932, 18876, 29620, 4816, 4980, 592, 20, 35988, 136
530824, 18932, 29648, 4824, 4988, 592, 20, 35996, 136
530760, 18952, 29668, 4820, 4996, 592, 20, 36016, 136
530680, 18992, 29684, 4820, 5008, 592, 20, 36028, 136
530604, 19040, 29696, 4812, 5008, 596, 20, 36048, 136
530532, 19032, 29736, 4832, 5012, 600, 20, 36060, 136
530460, 19072, 29744, 4824, 5012, 600, 20, 36092, 136
530376, 19096, 29768, 4820, 5020, 600, 20, 36124, 136
530308, 19116, 29792, 4820, 5024, 600, 20, 36144, 136
530244, 19140, 29824, 4812, 5020, 600, 20, 36164, 136
530192, 19140, 29836, 4824, 5024, 600, 20, 36188, 136
530140, 19144, 29868, 4824, 5032, 600, 20, 36196, 136
530032, 19196, 29896, 4836, 5032, 600, 20, 36212, 136
529992, 19176, 29924, 4844, 5036, 600, 20, 36232, 136
529912, 19220, 29900, 4856, 5032, 600, 20, 36284, 136
529808, 19272, 29908, 4868, 5040, 600, 20, 36308, 136
529724, 19328, 29916, 4872, 5048, 600, 20, 36316, 136
529644, 19356, 29936, 4884, 5040, 604, 20, 36340, 136
529564, 19384, 29960, 4888, 5032, 608, 20, 36368, 136
529484, 19428, 29960, 4892, 5024, 608, 20, 36408, 136
529460, 19416, 29960, 4896, 5024, 612, 20, 36436, 136
529440, 19404, 29964, 4892, 5032, 612, 20, 36460, 136
529412, 19396, 29980, 4884, 5040, 612, 20, 36480, 136
529404, 19364, 29972, 4900, 5020, 616, 20, 36528, 136
529388, 19348, 29972, 4904, 5024, 616, 20, 36552, 136
529376, 19296, 29992, 4920, 5024, 616, 20, 36580, 136
529360, 19296, 29984, 4912, 5032, 616, 20, 36604, 136
529348, 19268, 30008, 4912, 5036, 616, 20, 36616, 136
529340, 19236, 30020, 4900, 5052, 616, 20, 36640, 136
529324, 19208, 30044, 4896, 5064, 616, 20, 36652, 136
529296, 19200, 30052, 4896, 5072, 616, 20, 36672, 136
529276, 19148, 30080, 4916, 5072, 616, 20, 36696, 136
529248, 19116, 30104, 4936, 5072, 616, 20, 36712, 136
529224, 19072, 30152, 4932, 5084, 620, 20, 36720, 136
529204, 19060, 30156, 4928, 5088, 620, 20, 36748, 136
529184, 19044, 30152, 4940, 5096, 620, 20, 36768, 136
529168, 19024, 30180, 4940, 5100, 620, 20, 36772, 136
529128, 19036, 30192, 4932, 5108, 620, 20, 36788, 136
529084, 19032, 30220, 4928, 5108, 616, 20, 36812, 140
529032, 19044, 30240, 4928, 5108, 616, 20, 36832, 140
529000, 19052, 30248, 4912, 5124, 616, 20, 36848, 140
528960, 19056, 30268, 4896, 5140, 616, 20, 36864, 140
528924, 19080, 30256, 4892, 5144, 616, 20, 36888, 140
528880, 19080, 30272, 4904, 5144, 616, 20, 36904, 140
528828, 19112, 30272, 4888, 5160, 616, 20, 36924, 140
528792, 19100, 30292, 4892, 5160, 616, 20, 36948, 140
528748, 19104, 30312, 4892, 5160, 616, 20, 36968, 140
528704, 19108, 30332, 4896, 5164, 616, 20, 36980, 140
528676, 19104, 30348, 4900, 5164, 616, 20, 36992, 140
528648, 19080, 30380, 4904, 5160, 616, 20, 37012, 140
528616, 19056, 30432, 4904, 5148, 616, 20, 37024, 144
528592, 19032, 30460, 4904, 5152, 616, 20, 37040, 144
528556, 19032, 30460, 4904, 5156, 616, 20, 37072, 144
528528, 19012, 30484, 4896, 5160, 616, 20, 37100, 144
528496, 18988, 30524, 4892, 5180, 616, 20, 37100, 144
528472, 18964, 30536, 4908, 5168, 616, 20, 37132, 144
528448, 18956, 30544, 4908, 5168, 616, 20, 37156, 144
528440, 18932, 30556, 4896, 5184, 616, 20, 37172, 144
528432, 18912, 30560, 4896, 5180, 616, 20, 37200, 144
528420, 18852, 30592, 4908, 5188, 616, 20, 37220, 144
528412, 18812, 30628, 4908, 5188, 616, 20, 37232, 144
528400, 18776, 30640, 4916, 5192, 616, 20, 37256, 144
528384, 18752, 30652, 4920, 5200, 616, 20, 37272, 144
528376, 18708, 30692, 4920, 5196, 612, 20, 37288, 148
528368, 18676, 30700, 4928, 5200, 608, 20, 37312, 148
528356, 18636, 30728, 4928, 5204, 612, 20, 37328, 148
528352, 18604, 30740, 4928, 5208, 612, 20, 37348, 148
528332, 18572, 30768, 4936, 5208, 612, 20, 37364, 148
528312, 18520, 30812, 4940, 5220, 612, 20, 37376, 148
528300, 18464, 30848, 4936, 5236, 612, 20, 37396, 148
528288, 18436, 30876, 4936, 5236, 616, 20, 37404, 148
528280, 18416, 30884, 4936, 5244, 616, 20, 37416, 148
528268, 18404, 30892, 4932, 5248, 616, 20, 37432, 148
528244, 18380, 30908, 4936, 5256, 616, 20, 37452, 148
528228, 18344, 30928, 4944, 5260, 616, 20, 37472, 148
528216, 18280, 30972, 4944, 5256, 628, 20, 37496, 148
528204, 18260, 30976, 4956, 5256, 628, 20, 37512, 148
528188, 18216, 31012, 4948, 5268, 628, 20, 37532, 148
528176, 18180, 31024, 4940, 5280, 628, 20, 37564, 148
528160, 18160, 31036, 4948, 5272, 632, 20, 37584, 148
528140, 18136, 31064, 4944, 5272, 632, 20, 37604, 148
528132, 18100, 31092, 4948, 5268, 636, 20, 37616, 148
528116, 18068, 31108, 4948, 5276, 636, 20, 37640, 148
528104, 18032, 31140, 4956, 5276, 640, 20, 37644, 148
528084, 18024, 31148, 4968, 5276, 640, 20, 37652, 148
528076, 17984, 31156, 4972, 5284, 644, 20, 37676, 148
528064, 17964, 31168, 4968, 5292, 648, 20, 37688, 148
528044, 17940, 31192, 4980, 5288, 644, 20, 37704, 148
528032, 17920, 31204, 4988, 5288, 644, 20, 37716, 148
528012, 17892, 31232, 4984, 5284, 644, 20, 37744, 148
528004, 17852, 31252, 4992, 5288, 644, 20, 37760, 148
527996, 17816, 31256, 5000, 5296, 644, 20, 37784, 148
527984, 17788, 31256, 5008, 5300, 648, 20, 37808, 148
527976, 17768, 31256, 5016, 5292, 648, 20, 37836, 148
527964, 17748, 31268, 5012, 5300, 648, 20, 37852, 148
527952, 17708, 31296, 5000, 5316, 648, 20, 37872, 148
527932, 17680, 31300, 5012, 5320, 648, 20, 37900, 148
527908, 17652, 31320, 5008, 5332, 648, 20, 37924, 148
527900, 17632, 31324, 5000, 5336, 648, 20, 37952, 148
527888, 17628, 31324, 4992, 5340, 648, 20, 37972, 148
527864, 17608, 31344, 4988, 5340, 652, 20, 37996, 148
527856, 17584, 31352, 4996, 5336, 652, 20, 38016, 148
527848, 17576, 31348, 4996, 5328, 652, 16, 38044, 152
527836, 17560, 31348, 4996, 5336, 652, 16, 38064, 152
527816, 17544, 31356, 5000, 5340, 652, 16, 38084, 152
527804, 17524, 31368, 5000, 5344, 652, 16, 38100, 152
527800, 17496, 31368, 5016, 5340, 652, 16, 38120, 152
527768, 17460, 31424, 5024, 5340, 652, 16, 38124, 152
527760, 17452, 31420, 5020, 5332, 656, 16, 38148, 156
527732, 17448, 31420, 5008, 5340, 656, 16, 38184, 156
527712, 17412, 31420, 5024, 5348, 656, 16, 38216, 156
527696, 17384, 31436, 5016, 5360, 656, 16, 38240, 156
527676, 17356, 31452, 5020, 5368, 656, 16, 38260, 156
527668, 17316, 31488, 5016, 5380, 656, 16, 38264, 156
527660, 17296, 31508, 5004, 5388, 656, 16, 38276, 156
527648, 17244, 31528, 5020, 5388, 660, 16, 38300, 156
527640, 17196, 31560, 5016, 5392, 660, 16, 38324, 156
527624, 17164, 31584, 5020, 5392, 660, 16, 38344, 156
527612, 17128, 31604, 5020, 5396, 660, 16, 38368, 156
527592, 17100, 31616, 5024, 5392, 664, 16, 38400, 156
527584, 17060, 31632, 5036, 5388, 664, 16, 38424, 156
527568, 17004, 31660, 5040, 5392, 664, 16, 38460, 156
527560, 16972, 31656, 5048, 5388, 664, 16, 38500, 156
527524, 16948, 31668, 5040, 5404, 664, 16, 38540, 156
527508, 16940, 31656, 5052, 5408, 656, 20, 38564, 156
527472, 16940, 31672, 5052, 5404, 656, 20, 38588, 156
527452, 16924, 31680, 5044, 5416, 656, 20, 38612, 156
527428, 16916, 31688, 5044, 5428, 656, 20, 38624, 156
527416, 16864, 31732, 5044, 5420, 656, 20, 38652, 156
527400, 16852, 31744, 5036, 5428, 656, 20, 38668, 156
527384, 16836, 31764, 5036, 5416, 656, 20, 38692, 156
527356, 16836, 31764, 5044, 5412, 656, 20, 38716, 156
527348, 16804, 31788, 5040, 5420, 656, 20, 38728, 156
527324, 16804, 31784, 5040, 5424, 656, 20, 38752, 156
527308, 16768, 31820, 5036, 5436, 656, 20, 38760, 156
527292, 16756, 31840, 5020, 5440, 660, 20, 38776, 156
527284, 16736, 31832, 5012, 5448, 660, 20, 38812, 156
527244, 16732, 31840, 5016, 5456, 660, 20, 38836, 156
527208, 16716, 31876, 5008, 5468, 660, 20, 38848, 156
527192, 16692, 31880, 5020, 5468, 660, 20, 38872, 156
527168, 16676, 31900, 5008, 5472, 664, 20, 38896, 156
527140, 16664, 31916, 5008, 5476, 664, 20, 38916, 156
527120, 16628, 31920, 5032, 5476, 664, 20, 38944, 156
527104, 16604, 31932, 5036, 5484, 664, 20, 38960, 156
527096, 16568, 31948, 5040, 5488, 664, 20, 38980, 156
527076, 16544, 31972, 5044, 5484, 664, 20, 39000, 156
527060, 16508, 31984, 5056, 5484, 668, 20, 39024, 156
527044, 16480, 31988, 5064, 5484, 664, 24, 39056, 156
527024, 16472, 32008, 5060, 5488, 664, 24, 39064, 156
527008, 16456, 32020, 5056, 5492, 664, 24, 39084, 156
526968, 16456, 32032, 5076, 5488, 664, 24, 39096, 156
526940, 16468, 32044, 5060, 5500, 664, 24, 39104, 156
526920, 16448, 32044, 5064, 5504, 664, 24, 39136, 156
526888, 16452, 32040, 5056, 5520, 664, 24, 39160, 156
526868, 16432, 32060, 5056, 5516, 664, 24, 39184, 156
526852, 16408, 32076, 5052, 5520, 664, 24, 39208, 156
526820, 16404, 32044, 5056, 5528, 660, 24, 39268, 156
526796, 16392, 32036, 5056, 5524, 660, 24, 39312, 160
526780, 16340, 32072, 5064, 5524, 660, 24, 39336, 160
526772, 16304, 32072, 5072, 5532, 660, 24, 39364, 160
526764, 16280, 32060, 5076, 5528, 664, 24, 39404, 160
526752, 16256, 32064, 5068, 5552, 664, 24, 39420, 160
526728, 16224, 32080, 5080, 5552, 664, 24, 39448, 160
526692, 16220, 32080, 5080, 5556, 664, 24, 39484, 160
526668, 16212, 32088, 5076, 5564, 664, 24, 39504, 160
526632, 16216, 32116, 5064, 5576, 664, 24, 39508, 160
526620, 16188, 32136, 5048, 5592, 660, 24, 39532, 160
526588, 16188, 32136, 5044, 5588, 660, 24, 39572, 160
526568, 16172, 32148, 5024, 5604, 660, 24, 39600, 160
526540, 16160, 32168, 5016, 5616, 660, 24, 39616, 160
526520, 16132, 32180, 5012, 5628, 660, 24, 39644, 160
526504, 16108, 32204, 5012, 5624, 660, 24, 39664, 160
526488, 16092, 32208, 4996, 5636, 660, 24, 39696, 160
526476, 16044, 32232, 5012, 5632, 656, 24, 39724, 160
526468, 16016, 32236, 5004, 5644, 656, 24, 39752, 160
526448, 16012, 32244, 4996, 5648, 656, 24, 39772, 160
526436, 15968, 32272, 5012, 5648, 656, 24, 39784, 160
526416, 15968, 32268, 5020, 5648, 656, 24, 39800, 160
526380, 15964, 32272, 5032, 5648, 660, 24, 39820, 160
526332, 15960, 32300, 5044, 5652, 660, 24, 39828, 160
526292, 15964, 32312, 5032, 5668, 660, 24, 39848, 160
526264, 15952, 32320, 5036, 5672, 660, 24, 39872, 160
526204, 15964, 32332, 5040, 5672, 660, 24, 39904, 160
526144, 15980, 32344, 5040, 5684, 660, 24, 39924, 160
526072, 16008, 32360, 5048, 5684, 660, 24, 39944, 160
526024, 16016, 32380, 5048, 5692, 660, 24, 39956, 160
525956, 16040, 32388, 5040, 5704, 660, 24, 39988, 160
525908, 16048, 32396, 5048, 5696, 660, 24, 40020, 160
525836, 16084, 32404, 5048, 5692, 660, 20, 40052, 164
525796, 16088, 32408, 5052, 5692, 660, 20, 40076, 168
525724, 16124, 32420, 5060, 5692, 660, 20, 40092, 168
525688, 16116, 32436, 5068, 5700, 664, 20, 40100, 168
525620, 16148, 32448, 5072, 5696, 660, 20, 40128, 168
525576, 16176, 32440, 5060, 5692, 664, 20, 40164, 168
525544, 16148, 32472, 5068, 5684, 664, 20, 40192, 168
525524, 16128, 32496, 5064, 5688, 664, 20, 40208, 168
525480, 16128, 32496, 5076, 5688, 664, 20, 40240, 168
525460, 16100, 32500, 5080, 5688, 664, 20, 40280, 168
525432, 16092, 32524, 5080, 5688, 664, 20, 40292, 168
525420, 16068, 32552, 5076, 5680, 664, 20, 40312, 168
525416, 16036, 32556, 5072, 5692, 660, 20, 40340, 168
525388, 16020, 32580, 5068, 5696, 660, 20, 40360, 168
525376, 15992, 32596, 5056, 5708, 660, 20, 40384, 168
525360, 15988, 32604, 5056, 5704, 664, 20, 40396, 168
525336, 15984, 32604, 5040, 5720, 664, 20, 40424, 168
525324, 15944, 32620, 5048, 5724, 664, 20, 40448, 168
525308, 15916, 32624, 5048, 5732, 664, 20, 40480, 168
525304, 15876, 32648, 5052, 5728, 664, 20, 40500, 168
525284, 15832, 32684, 5048, 5732, 664, 20, 40528, 168
525276, 15808, 32684, 5056, 5736, 664, 20, 40548, 168
525260, 15784, 32692, 5052, 5740, 664, 20, 40580, 168
525248, 15744, 32728, 5060, 5728, 664, 20, 40600, 168
525224, 15744, 32720, 5052, 5732, 664, 20, 40636, 168
525204, 15724, 32732, 5060, 5724, 664, 20, 40664, 168
525176, 15704, 32740, 5056, 5728, 664, 20, 40704, 168
525148, 15696, 32748, 5064, 5724, 664, 20, 40728, 168
525132, 15672, 32752, 5064, 5728, 664, 20, 40760, 168
525112, 15660, 32776, 5068, 5724, 668, 20, 40764, 168
525088, 15644, 32796, 5072, 5724, 664, 20, 40784, 168
525072, 15624, 32812, 5080, 5724, 664, 20, 40796, 168
525052, 15600, 32828, 5084, 5724, 664, 20, 40820, 168
525028, 15600, 32812, 5076, 5716, 664, 20, 40876, 168
525016, 15572, 32836, 5072, 5720, 664, 20, 40892, 168
524996, 15568, 32832, 5068, 5724, 664, 20, 40920, 168
524984, 15540, 32848, 5068, 5724, 664, 20, 40944, 168
524980, 15504, 32856, 5072, 5732, 664, 20, 40964, 168
524976, 15480, 32860, 5076, 5728, 664, 20, 40988, 168
524972, 15456, 32844, 5088, 5720, 664, 20, 41028, 168
524952, 15432, 32848, 5092, 5736, 664, 20, 41048, 168
524940, 15400, 32868, 5104, 5728, 664, 20, 41068, 168
524920, 15384, 32884, 5104, 5720, 664, 20, 41096, 168
524916, 15344, 32908, 5112, 5720, 664, 20, 41108, 168
524892, 15308, 32952, 5104, 5736, 664, 20, 41116, 168
524860, 15296, 32968, 5104, 5744, 664, 20, 41136, 168
524852, 15268, 32972, 5088, 5752, 664, 20, 41176, 168
524852, 15216, 32984, 5104, 5752, 664, 20, 41200, 168
524840, 15168, 33008, 5116, 5748, 664, 20, 41228, 168
524816, 15156, 33016, 5116, 5744, 664, 20, 41260, 168
524792, 15144, 33020, 5116, 5756, 660, 20, 41284, 168
524780, 15104, 33040, 5132, 5756, 660, 20, 41300, 168
524764, 15080, 33068, 5136, 5756, 660, 20, 41308, 168
524760, 15068, 33060, 5144, 5756, 660, 20, 41324, 168
524752, 15044, 33056, 5152, 5744, 660, 20, 41364, 168
524744, 14984, 33068, 5168, 5744, 660, 20, 41404, 168
524740, 14944, 33080, 5180, 5732, 664, 20, 41432, 168
524728, 14916, 33100, 5184, 5732, 664, 20, 41448, 168
524720, 14904, 33092, 5184, 5728, 664, 20, 41480, 168
524704, 14884, 33092, 5184, 5736, 664, 20, 41508, 168
524696, 14868, 33096, 5188, 5732, 664, 20, 41528, 168
524680, 14840, 33104, 5192, 5724, 668, 20, 41564, 168
524660, 14832, 33116, 5188, 5736, 668, 20, 41572, 168
524624, 14840, 33124, 5184, 5736, 668, 20, 41596, 168
524612, 14812, 33140, 5196, 5728, 668, 20, 41616, 168
524600, 14800, 33136, 5192, 5736, 668, 20, 41640, 168
524572, 14796, 33140, 5196, 5736, 668, 20, 41664, 168
524556, 14752, 33164, 5212, 5736, 668, 20, 41684, 168
524552, 14712, 33192, 5196, 5752, 668, 20, 41700, 168
524528, 14688, 33216, 5184, 5760, 668, 20, 41728, 168
524516, 14644, 33232, 5184, 5768, 668, 20, 41760, 168
524496, 14620, 33252, 5184, 5780, 668, 20, 41772, 168
524496, 14568, 33284, 5188, 5780, 668, 20, 41788, 168
524484, 14568, 33272, 5184, 5784, 668, 20, 41812, 168
524476, 14532, 33284, 5176, 5796, 668, 20, 41840, 168
524460, 14500, 33324, 5180, 5796, 668, 20, 41844, 168
524448, 14472, 33328, 5164, 5812, 668, 20, 41880, 168
524432, 14444, 33340, 5168, 5824, 668, 20, 41896, 168
524408, 14424, 33360, 5164, 5832, 668, 20, 41916, 168
524396, 14388, 33384, 5172, 5828, 668, 20, 41932, 172
524384, 14352, 33380, 5184, 5820, 672, 20, 41976, 172
524364, 14332, 33388, 5188, 5812, 672, 20, 42012, 172
524344, 14304, 33416, 5188, 5820, 672, 20, 42024, 172
524320, 14284, 33412, 5200, 5812, 672, 20, 42068, 172
524308, 14260, 33432, 5208, 5812, 672, 20, 42076, 172
524288, 14236, 33448, 5220, 5804, 676, 20, 42096, 172
524276, 14208, 33472, 5204, 5820, 676, 20, 42112, 172
524252, 14188, 33480, 5220, 5812, 672, 20, 42144, 172
524228, 14176, 33472, 5220, 5816, 672, 20, 42184, 172
524228, 14128, 33488, 5220, 5820, 676, 20, 42208, 172
524212, 14096, 33484, 5240, 5812, 676, 20, 42248, 172
524184, 14092, 33472, 5232, 5824, 676, 20, 42288, 172
524152, 14096, 33468, 5232, 5832, 676, 20, 42312, 172
524120, 14108, 33460, 5224, 5832, 676, 20, 42348, 172
524096, 14092, 33472, 5224, 5852, 676, 20, 42356, 172
524072, 14076, 33484, 5232, 5848, 676, 20, 42380, 172
524052, 14048, 33500, 5248, 5848, 676, 20, 42396, 172
524008, 14052, 33500, 5256, 5844, 680, 20, 42428, 172
523992, 14036, 33504, 5236, 5868, 680, 20, 42452, 172
523960, 14032, 33516, 5232, 5868, 680, 20, 42480, 172
523940, 13992, 33552, 5244, 5860, 680, 20, 42500, 172
523904, 13996, 33552, 5240, 5868, 680, 20, 42528, 172
523888, 13972, 33568, 5244, 5876, 680, 20, 42540, 172
523872, 13960, 33564, 5248, 5872, 684, 20, 42568, 172
523840, 13968, 33564, 5248, 5872, 684, 20, 42592, 172
523804, 13956, 33568, 5260, 5864, 680, 20, 42636, 172
523784, 13952, 33564, 5256, 5872, 680, 20, 42660, 172
523768, 13924, 33576, 5264, 5872, 680, 20, 42684, 172
523732, 13908, 33604, 5272, 5868, 680, 20, 42704, 172
523712, 13884, 33632, 5268, 5880, 680, 20, 42712, 172
523692, 13868, 33640, 5272, 5888, 680, 20, 42728, 172
523672, 13860, 33648, 5272, 5892, 680, 20, 42744, 172
523660, 13836, 33664, 5276, 5896, 680, 20, 42756, 172
523648, 13812, 33680, 5284, 5888, 680, 20, 42776, 172
523632, 13800, 33676, 5276, 5896, 680, 20, 42808, 172
523608, 13768, 33708, 5272, 5912, 680, 20, 42820, 172
523568, 13776, 33708, 5288, 5908, 676, 20, 42840, 176
523556, 13768, 33708, 5292, 5908, 676, 20, 42856, 176
523536, 13748, 33724, 5292, 5916, 676, 20, 42872, 176
523520, 13736, 33704, 5284, 5936, 676, 20, 42908, 176
523492, 13736, 33720, 5284, 5940, 676, 20, 42916, 176
523472, 13724, 33716, 5288, 5944, 676, 20, 42944, 176
523452, 13680, 33764, 5284, 5940, 676, 20, 42968, 176
523436, 13656, 33772, 5292, 5940, 676, 20, 42992, 176
523404, 13632, 33780, 5288, 5948, 676, 20, 43036, 176
523376, 13620, 33772, 5300, 5948, 676, 20, 43072, 176
523320, 13612, 33800, 5308, 5944, 676, 20, 43104, 176
523304, 13596, 33808, 5296, 5944, 676, 20, 43140, 176
523256, 13592, 33812, 5296, 5948, 676, 20, 43184, 176
523240, 13592, 33808, 5300, 5944, 676, 20, 43204, 176
523220, 13580, 33828, 5304, 5932, 676, 20, 43224, 176
523192, 13556, 33868, 5292, 5940, 676, 20, 43240, 176
523160, 13556, 33860, 5304, 5940, 676, 20, 43268, 176
523132, 13556, 33860, 5312, 5936, 676, 20, 43292, 176
523080, 13544, 33884, 5296, 5964, 676, 20, 43320, 176
523044, 13556, 33888, 5292, 5956, 676, 20, 43352, 176
522992, 13572, 33884, 5292, 5960, 676, 20, 43388, 176
522948, 13580, 33904, 5288, 5964, 676, 20, 43404, 176
522892, 13600, 33904, 5292, 5964, 676, 20, 43436, 176
522860, 13600, 33912, 5304, 5968, 676, 20, 43444, 176
522808, 13592, 33948, 5316, 5972, 676, 20, 43452, 176
522712, 13632, 33964, 5324, 5976, 676, 20, 43480, 176
522660, 13644, 33980, 5332, 5972, 676, 20, 43500, 176
522600, 13664, 33988, 5336, 5956, 676, 20, 43544, 176
522556, 13648, 34028, 5340, 5960, 676, 20, 43556, 176
522484, 13680, 34040, 5340, 5968, 676, 20, 43576, 176
522420, 13700, 34056, 5348, 5972, 676, 20, 43592, 176
522376, 13716, 34052, 5348, 5976, 676, 20, 43620, 176
522332, 13736, 34056, 5348, 5972, 676, 20, 43644, 176
522288, 13744, 34044, 5356, 5976, 680, 20, 43676, 176
522256, 13732, 34036, 5356, 5996, 680, 20, 43708, 176
522236, 13688, 34084, 5344, 6004, 680, 20, 43728, 176
522208, 13692, 34088, 5344, 6000, 684, 20, 43748, 176
522196, 13676, 34096, 5352, 5992, 684, 20, 43768, 176
522164, 13668, 34100, 5356, 5988, 684, 20, 43804, 176
522148, 13652, 34100, 5360, 5976, 684, 20, 43844, 176
522124, 13640, 34108, 5372, 5976, 680, 20, 43864, 176
522092, 13628, 34124, 5376, 5976, 680, 20, 43888, 176
522080, 13600, 34144, 5364, 5992, 676, 20, 43908, 176
522068, 13572, 34160, 5360, 6000, 676, 20, 43928, 176
522068, 13528, 34176, 5368, 5996, 676, 20, 43952, 176
522052, 13480, 34196, 5372, 6000, 676, 20, 43988, 176
522044, 13432, 34216, 5376, 6008, 676, 20, 44012, 176
522028, 13416, 34224, 5372, 6020, 676, 20, 44028, 176
522020, 13388, 34244, 5380, 6020, 676, 20, 44036, 176
522000, 13372, 34236, 5372, 6032, 680, 20, 44072, 176
521992, 13328, 34264, 5388, 6028, 680, 20, 44084, 176
521968, 13308, 34280, 5392, 6020, 680, 20, 44116, 176
521964, 13256, 34296, 5400, 6016, 684, 20, 44148, 176
521960, 13220, 34308, 5408, 6016, 688, 20, 44164, 176
521948, 13196, 34312, 5416, 6016, 688, 20, 44188, 176
521932, 13184, 34304, 5432, 6020, 688, 20, 44204, 176
521904, 13188, 34312, 5416, 6036, 688, 20, 44220, 176
521896, 13136, 34352, 5420, 6048, 688, 20, 44224, 176
521884, 13104, 34356, 5412, 6060, 684, 24, 44260, 176
521880, 13072, 34364, 5404, 6068, 684, 24, 44288, 176
521848, 13072, 34388, 5400, 6072, 684, 24, 44296, 176
521828, 13056, 34384, 5404, 6072, 684, 24, 44332, 176
521824, 13028, 34400, 5396, 6084, 684, 24, 44344, 176
521800, 12992, 34416, 5404, 6092, 684, 24, 44372, 176
521792, 12984, 34412, 5404, 6088, 684, 24, 44396, 176
521772, 12972, 34420, 5400, 6092, 684, 24, 44420, 176
521732, 12980, 34420, 5400, 6092, 688, 24, 44448, 176
521728, 12936, 34424, 5408, 6088, 692, 24, 44484, 176
521704, 12920, 34444, 5396, 6100, 692, 24, 44504, 176
521696, 12896, 34428, 5404, 6100, 692, 24, 44544, 176
521684, 12880, 34432, 5404, 6104, 692, 24, 44564, 176
521660, 12864, 34432, 5416, 6108, 692, 24, 44588, 176
521652, 12820, 34472, 5408, 6116, 692, 24, 44600, 176
521632, 12792, 34496, 5416, 6112, 692, 24, 44620, 176
521624, 12764, 34512, 5408, 6112, 692, 24, 44648, 176
521608, 12764, 34508, 5404, 6120, 692, 24, 44664, 176
521604, 12712, 34512, 5420, 6120, 692, 24, 44700, 176
521596, 12692, 34524, 5420, 6120, 692, 24, 44716, 176
521568, 12684, 34528, 5416, 6124, 692, 24, 44748, 176
521556, 12644, 34548, 5432, 6124, 692, 24, 44764, 176
521548, 12620, 34560, 5432, 6116, 692, 24, 44792, 176
521540, 12596, 34576, 5408, 6136, 692, 24, 44812, 176
521524, 12564, 34584, 5416, 6140, 684, 28, 44844, 176
521508, 12544, 34596, 5408, 6152, 684, 28, 44864, 176
521496, 12508, 34608, 5416, 6156, 684, 28, 44888, 176
521484, 12496, 34608, 5412, 6164, 684, 28, 44908, 176
521472, 12448, 34640, 5392, 6184, 684, 28, 44936, 176
521452, 12436, 34640, 5392, 6188, 684, 28, 44964, 176
521436, 12416, 34672, 5372, 6204, 684, 28, 44972, 176
521420, 12396, 34672, 5344, 6232, 684, 28, 45008, 176
521392, 12384, 34684, 5332, 6240, 688, 28, 45036, 176
521364, 12388, 34676, 5316, 6252, 688, 28, 45072, 176
521284, 12420, 34684, 5324, 6252, 688, 28, 45104, 176
521236, 12424, 34692, 5320, 6272, 688, 28, 45124, 176
521160, 12460, 34700, 5320, 6272, 688, 28, 45156, 176
521088, 12516, 34688, 5316, 6280, 688, 28, 45180, 176
520996, 12584, 34672, 5312, 6288, 688, 28, 45216, 176
520876, 12688, 34656, 5308, 6296, 688, 28, 45244, 176
520780, 12748, 34652, 5312, 6296, 688, 28, 45280, 176
520680, 12812, 34684, 5304, 6288, 692, 28, 45296, 176
520564, 12900, 34688, 5292, 6300, 692, 28, 45320, 176
520428, 12992, 34700, 5300, 6296, 692, 28, 45348, 176
520272, 13104, 34716, 5300, 6300, 692, 28, 45372, 176
520108, 13232, 34732, 5296, 6300, 692, 28, 45396, 176
519976, 13308, 34768, 5300, 6296, 692, 28, 45416, 176
519788, 13484, 34772, 5296, 6292, 692, 28, 45432, 176
519640, 13612, 34768, 5296, 6296, 692, 28, 45452, 176
519484, 13732, 34776, 5296, 6304, 696, 24, 45472, 176
519336, 13848, 34784, 5292, 6300, 696, 24, 45504, 176
519212, 13948, 34772, 5292, 6300, 696, 24, 45540, 176
519032, 14096, 34788, 5288, 6296, 700, 24, 45560, 176
518840, 14248, 34788, 5300, 6296, 700, 24, 45588, 176
518644, 14412, 34804, 5292, 6300, 700, 24, 45608, 176
518516, 14516, 34804, 5268, 6320, 700, 24, 45636, 176
518328, 14672, 34812, 5268, 6320, 696, 28, 45660, 176
518192, 14772, 34820, 5276, 6308, 696, 28, 45692, 176
518040, 14892, 34832, 5276, 6300, 692, 28, 45724, 176
517912, 14980, 34852, 5280, 6296, 692, 28, 45744, 176
517780, 15064, 34876, 5276, 6288, 692, 28, 45780, 176
517656, 15156, 34876, 5276, 6288, 692, 28, 45812, 176
517532, 15244, 34876, 5280, 6284, 692, 28, 45848, 176
517432, 15312, 34896, 5268, 6288, 700, 28, 45860, 176
517308, 15404, 34888, 5280, 6292, 700, 28, 45884, 176
517212, 15456, 34912, 5268, 6292, 700, 28, 45916, 176
517104, 15540, 34908, 5260, 6296, 700, 28, 45948, 176
517004, 15608, 34900, 5260, 6300, 700, 28, 45984, 176
516884, 15688, 34920, 5252, 6308, 700, 28, 46004, 176
516748, 15792, 34916, 5248, 6308, 700, 28, 46044, 176
516624, 15900, 34916, 5240, 6316, 700, 28, 46060, 176
516528, 15972, 34932, 5232, 6324, 700, 28, 46068, 176
516444, 16028, 34936, 5220, 6328, 700, 28, 46100, 176
516344, 16084, 34940, 5224, 6328, 700, 28, 46136, 176
516236, 16136, 34964, 5228, 6324, 700, 28, 46168, 176
516164, 16184, 34956, 5224, 6340, 700, 28, 46188, 176
516092, 16232, 34944, 5212, 6348, 696, 28, 46232, 176
515980, 16296, 34948, 5220, 6348, 700, 28, 46264, 176
515896, 16340, 34972, 5220, 6340, 704, 28, 46284, 176
515788, 16424, 34976, 5220, 6348, 704, 28, 46296, 176
515664, 16524, 34980, 5212, 6360, 704, 28, 46312, 176
515568, 16576, 34996, 5216, 6352, 704, 28, 46344, 176
515464, 16652, 35004, 5208, 6356, 704, 28, 46368, 176
515364, 16720, 35000, 5208, 6360, 704, 28, 46400, 176
515224, 16824, 35012, 5208, 6372, 704, 28, 46412, 176
515124, 16904, 35016, 5196, 6388, 704, 28, 46424, 176
515032, 16960, 35024, 5188, 6392, 704, 28, 46456, 176
514932, 17008, 35056, 5192, 6404, 704, 28, 46460, 176
514864, 17056, 35060, 5180, 6416, 704, 28, 46476, 176
514768, 17120, 35076, 5180, 6412, 704, 28, 46496, 176
514676, 17180, 35068, 5172, 6420, 708, 28, 46532, 176
514636, 17188, 35068, 5180, 6412, 708, 28, 46564, 176
514596, 17208, 35076, 5172, 6420, 708, 28, 46576, 176
514580, 17188, 35084, 5168, 6424, 708, 28, 46604, 176
514556, 17172, 35088, 5176, 6428, 708, 28, 46628, 176
514544, 17132, 35120, 5176, 6424, 708, 28, 46652, 176
514520, 17120, 35116, 5176, 6428, 708, 28, 46688, 176
514504, 17120, 35108, 5168, 6432, 712, 28, 46712, 176
514448, 17152, 35104, 5160, 6444, 712, 28, 46736, 176
514440, 17140, 35096, 5160, 6444, 712, 28, 46764, 176
514408, 17168, 35084, 5152, 6448, 712, 28, 46784, 176
514400, 17156, 35064, 5136, 6468, 712, 28, 46820, 176
514376, 17128, 35072, 5152, 6464, 712, 28, 46852, 176
514336, 17128, 35064, 5156, 6464, 712, 28, 46896, 176
514312, 17112, 35068, 5172, 6460, 708, 32, 46920, 176
514296, 17108, 35072, 5172, 6456, 708, 32, 46940, 176
514292, 17072, 35100, 5176, 6448, 708, 32, 46956, 176
514268, 17056, 35104, 5188, 6444, 708, 32, 46984, 176
514212, 17100, 35092, 5188, 6448, 708, 32, 47004, 176
514164, 17144, 35056, 5184, 6448, 708, 32, 47048, 176
514108, 17152, 35068, 5184, 6448, 712, 32, 47080, 176
514088, 17144, 35068, 5164, 6464, 712, 32, 47112, 176
514032, 17172, 35084, 5164, 6464, 712, 32, 47124, 176
514004, 17160, 35100, 5172, 6456, 712, 32, 47148, 176
513964, 17164, 35096, 5184, 6460, 712, 32, 47172, 176
513912, 17176, 35088, 5180, 6468, 712, 32, 47216, 176
513868, 17192, 35084, 5172, 6472, 716, 32, 47248, 176
513832, 17184, 35112, 5180, 6472, 716, 32, 47256, 176
513800, 17188, 35112, 5164, 6492, 716, 32, 47280, 176
513752, 17204, 35120, 5156, 6492, 716, 32, 47312, 176
513700, 17220, 35132, 5148, 6504, 716, 32, 47332, 176
513680, 17204, 35136, 5140, 6516, 716, 32, 47360, 176
513652, 17216, 35112, 5128, 6528, 716, 32, 47400, 176
513632, 17208, 35116, 5116, 6540, 716, 32, 47424, 176
513620, 17164, 35132, 5128, 6540, 716, 32, 47452, 176
513600, 17156, 35116, 5120, 6544, 716, 32, 47500, 176
513580, 17156, 35120, 5116, 6548, 716, 32, 47516, 176
513556, 17148, 35128, 5120, 6532, 716, 32, 47552, 176
513540, 17144, 35112, 5116, 6532, 716, 32, 47592, 176
513520, 17124, 35104, 5112, 6536, 716, 32, 47640, 176
513516, 17092, 35092, 5124, 6544, 716, 32, 47668, 176
513508, 17068, 35112, 5124, 6544, 716, 32, 47680, 176
513492, 17068, 35100, 5116, 6544, 716, 32, 47716, 176
513480, 17036, 35100, 5132, 6544, 716, 32, 47744, 176
513464, 17012, 35104, 5132, 6544, 716, 32, 47780, 176
513452, 16992, 35104, 5140, 6544, 716, 32, 47804, 176
513440, 16960, 35104, 5144, 6544, 716, 32, 47844, 176
513420, 16932, 35128, 5156, 6536, 716, 32, 47864, 176
513396, 16932, 35140, 5148, 6536, 716, 32, 47884, 176
513388, 16896, 35156, 5152, 6536, 716, 32, 47908, 176
513376, 16876, 35164, 5148, 6540, 716, 32, 47932, 176
513360, 16864, 35148, 5132, 6556, 716, 32, 47976, 176
513336, 16856, 35152, 5132, 6548, 720, 32, 48008, 176
513316, 16836, 35184, 5124, 6552, 720, 32, 48020, 176
513304, 16808, 35208, 5108, 6568, 720, 32, 48036, 176
513292, 16776, 35220, 5116, 6576, 720, 32, 48052, 176
513284, 16720, 35256, 5120, 6580, 720, 32, 48072, 176
513272, 16704, 35260, 5112, 6584, 724, 32, 48096, 176
513268, 16668, 35276, 5112, 6588, 724, 32, 48116, 176
513256, 16624, 35288, 5100, 6608, 724, 32, 48152, 176
513248, 16576, 35312, 5116, 6600, 728, 32, 48172, 176
513236, 16560, 35332, 5112, 6600, 728, 32, 48184, 176
513204, 16556, 35332, 5092, 6620, 728, 32, 48220, 176
513192, 16544, 35328, 5088, 6620, 728, 32, 48252, 176
513176, 16532, 35328, 5084, 6628, 728, 32, 48276, 176
513160, 16512, 35356, 5084, 6620, 728, 32, 48292, 176
513160, 16456, 35372, 5092, 6612, 728, 32, 48332, 176
513148, 16444, 35372, 5084, 6608, 728, 32, 48368, 176
513136, 16404, 35408, 5072, 6620, 732, 32, 48380, 176
513128, 16384, 35408, 5064, 6624, 732, 32, 48412, 176
513100, 16388, 35416, 5060, 6628, 732, 32, 48428, 176
513092, 16348, 35436, 5060, 6628, 736, 32, 48452, 176
513092, 16328, 35452, 5056, 6632, 736, 32, 48456, 176
513080, 16316, 35452, 5044, 6648, 732, 36, 48476, 176
513060, 16312, 35448, 5044, 6640, 736, 36, 48508, 176
513040, 16308, 35448, 5052, 6636, 736, 36, 48528, 176
513036, 16288, 35432, 5048, 6640, 736, 36, 48568, 176
513016, 16292, 35420, 5036, 6648, 736, 36, 48600, 176
512984, 16292, 35412, 5032, 6656, 736, 36, 48636, 176
512980, 16256, 35400, 5036, 6664, 736, 36, 48676, 176
512976, 16216, 35416, 5024, 6672, 736, 36, 48708, 176
512968, 16196, 35416, 5028, 6668, 736, 36, 48736, 176
512952, 16180, 35416, 5020, 6668, 740, 36, 48772, 176
512932, 16184, 35416, 5008, 6680, 744, 36, 48784, 176
512904, 16176, 35420, 5008, 6680, 744, 36, 48816, 176
512888, 16164, 35432, 5008, 6672, 744, 36, 48840, 176
512876, 16124, 35444, 5008, 6676, 744, 36, 48876, 176
512836, 16120, 35460, 5008, 6676, 744, 36, 48904, 176
512780, 16136, 35456, 5024, 6668, 748, 36, 48936, 176
512688, 16180, 35480, 5020, 6664, 752, 36, 48964, 176
512624, 16228, 35468, 5016, 6648, 752, 36, 49012, 176
512568, 16244, 35472, 5016, 6656, 752, 36, 49040, 176
512492, 16300, 35452, 5020, 6656, 752, 36, 49076, 176
512400, 16356, 35468, 5020, 6664, 752, 36, 49088, 176
512324, 16404, 35452, 5004, 6684, 752, 36, 49128, 176
512280, 16412, 35464, 5004, 6688, 752, 36, 49148, 176
512184, 16488, 35452, 5008, 6684, 752, 36, 49180, 176
512068, 16576, 35460, 5000, 6696, 752, 36, 49196, 176
511960, 16628, 35460, 5008, 6692, 752, 36, 49248, 176
511820, 16732, 35448, 5008, 6700, 752, 36, 49288, 176
511684, 16836, 35456, 5012, 6700, 752, 36, 49308, 176
511560, 16924, 35444, 4996, 6712, 752, 36, 49360, 176
511452, 16988, 35468, 5000, 6708, 752, 36, 49380, 176
511320, 17088, 35476, 4996, 6704, 756, 36, 49408, 176
511212, 17164, 35484, 4992, 6708, 756, 36, 49432, 176
511072, 17256, 35496, 4988, 6700, 768, 36, 49468, 176
510952, 17348, 35504, 4988, 6704, 768, 36, 49484, 176
510848, 17416, 35508, 4992, 6708, 768, 36, 49508, 176
510752, 17492, 35496, 4976, 6728, 768, 36, 49536, 176
510672, 17556, 35500, 4976, 6728, 768, 36, 49548, 176
510528, 17668, 35488, 4980, 6732, 768, 36, 49584, 176
510416, 17740, 35508, 4988, 6724, 768, 36, 49604, 176
510308, 17804, 35516, 4992, 6728, 768, 36, 49632, 176
510188, 17896, 35508, 4988, 6732, 772, 36, 49664, 176
510124, 17920, 35520, 4988, 6732, 772, 36, 49692, 176
510060, 17948, 35512, 5000, 6724, 772, 36, 49732, 176
509988, 18000, 35512, 4996, 6728, 772, 36, 49752, 176
509864, 18076, 35524, 5000, 6736, 772, 36, 49776, 176
509752, 18148, 35544, 4996, 6740, 772, 36, 49796, 176
509660, 18208, 35552, 5004, 6740, 772, 36, 49812, 176
509568, 18268, 35544, 5000, 6744, 772, 36, 49852, 176
509496, 18316, 35544, 4996, 6752, 768, 36, 49872, 180
509408, 18376, 35548, 5000, 6752, 768, 36, 49892, 180
509356, 18404, 35556, 4980, 6756, 772, 36, 49920, 180
509288, 18424, 35572, 4980, 6768, 772, 36, 49940, 180
509152, 18520, 35584, 4988, 6768, 772, 36, 49960, 180
509020, 18632, 35584, 4980, 6776, 772, 36, 49980, 180
508944, 18684, 35568, 4980, 6776, 772, 36, 50020, 180
508840, 18752, 35580, 4984, 6776, 772, 36, 50040, 180
508744, 18812, 35576, 4992, 6780, 776, 36, 50064, 180
508664, 18860, 35584, 4988, 6780, 776, 36, 50092, 180
508580, 18908, 35604, 4992, 6776, 776, 36, 50108, 180
508516, 18932, 35616, 4996, 6776, 776, 36, 50132, 180
508400, 19008, 35624, 4996, 6768, 776, 36, 50172, 180
508312, 19064, 35620, 4988, 6772, 776, 36, 50212, 180
508208, 19128, 35648, 4984, 6768, 776, 36, 50232, 180
508108, 19204, 35648, 4984, 6772, 776, 36, 50252, 180
507984, 19288, 35644, 4996, 6780, 776, 36, 50276, 180
507940, 19288, 35652, 5004, 6780, 776, 36, 50304, 180
507892, 19320, 35652, 4996, 6784, 776, 36, 50324, 180
507808, 19388, 35644, 4996, 6784, 776, 36, 50348, 180
507748, 19416, 35652, 5004, 6780, 772, 40, 50368, 180
507692, 19436, 35660, 4992, 6796, 772, 40, 50392, 180
507632, 19476, 35648, 4996, 6796, 772, 40, 50420, 180
507592, 19476, 35640, 5008, 6784, 772, 40, 50468, 180
507532, 19500, 35668, 4992, 6800, 772, 40, 50476, 180
507508, 19480, 35664, 4996, 6808, 772, 40, 50512, 180
507480, 19484, 35656, 5000, 6808, 772, 40, 50540, 180
507444, 19476, 35652, 4988, 6820, 772, 40, 50588, 180
507424, 19456, 35680, 4988, 6824, 780, 40, 50588, 180
507416, 19416, 35680, 5000, 6820, 784, 40, 50624, 180
507384, 19428, 35680, 5000, 6816, 788, 40, 50644, 180
507364, 19416, 35676, 4992, 6820, 788, 40, 50684, 180
507332, 19424, 35684, 4988, 6820, 788, 40, 50704, 180
507328, 19388, 35676, 5008, 6816, 788, 40, 50736, 180
507320, 19376, 35652, 4996, 6816, 792, 40, 50788, 180
507280, 19384, 35668, 4972, 6828, 800, 40, 50808, 180
507248, 19360, 35668, 4980, 6816, 800, 40, 50868, 180
507224, 19352, 35680, 4972, 6816, 804, 40, 50892, 180
507208, 19324, 35708, 4964, 6824, 804, 40, 50908, 180
507176, 19332, 35724, 4960, 6824, 808, 40, 50916, 180
507160, 19328, 35724, 4956, 6812, 808, 40, 50952, 180
507104, 19352, 35720, 4956, 6820, 812, 40, 50976, 180
507068, 19356, 35716, 4960, 6824, 812, 40, 51004, 180
507028, 19360, 35712, 4976, 6804, 812, 40, 51048, 180
506976, 19388, 35700, 4956, 6816, 812, 40, 51092, 180
506912, 19420, 35688, 4964, 6816, 812, 40, 51128, 180
506868, 19444, 35688, 4948, 6824, 812, 40, 51156, 180
506828, 19460, 35672, 4952, 6824, 812, 40, 51192, 180
506792, 19456, 35684, 4944, 6840, 808, 40, 51216, 180
506764, 19464, 35672, 4940, 6828, 808, 40, 51264, 180
506732, 19468, 35668, 4944, 6832, 808, 40, 51288, 180
506700, 19476, 35660, 4940, 6836, 812, 40, 51316, 180
506648, 19508, 35664, 4928, 6844, 812, 40, 51336, 180
506608, 19524, 35664, 4928, 6848, 812, 40, 51356, 180
506564, 19520, 35684, 4920, 6856, 816, 40, 51380, 180
506548, 19496, 35660, 4932, 6856, 820, 40, 51428, 180
506540, 19468, 35664, 4928, 6856, 816, 40, 51468, 180
506512, 19448, 35692, 4924, 6852, 812, 44, 51496, 180
506496, 19436, 35684, 4928, 6852, 812, 44, 51528, 180
506496, 19388, 35700, 4924, 6852, 808, 44, 51568, 180
506484, 19368, 35700, 4924, 6856, 808, 44, 51596, 180
506468, 19360, 35704, 4912, 6868, 808, 44, 51616, 180
506456, 19332, 35716, 4920, 6868, 808, 44, 51636, 180
506436, 19304, 35724, 4916, 6868, 808, 44, 51680, 180
506404, 19296, 35736, 4924, 6864, 808, 44, 51704, 180
506392, 19256, 35764, 4924, 6872, 808, 44, 51720, 180
506368, 19248, 35760, 4924, 6868, 808, 44, 51760, 180
506348, 19236, 35776, 4936, 6856, 808, 44, 51776, 180
506340, 19184, 35788, 4940, 6856, 808, 44, 51820, 180
506320, 19168, 35800, 4940, 6860, 804, 44, 51844, 180
506304, 19168, 35796, 4940, 6856, 804, 44, 51868, 180
506284, 19140, 35816, 4944, 6848, 804, 44, 51900, 180
506272, 19124, 35812, 4944, 6848, 804, 44, 51932, 180
506260, 19076, 35852, 4952, 6848, 808, 44, 51940, 180
506232, 19072, 35852, 4956, 6852, 808, 44, 51964, 180
506208, 19068, 35852, 4952, 6860, 808, 44, 51988, 180
506196, 19040, 35840, 4960, 6856, 808, 44, 52036, 180
506164, 19020, 35868, 4960, 6864, 808, 44, 52052, 180
506148, 18992, 35868, 4972, 6868, 808, 44, 52080, 180
506144, 18952, 35856, 4988, 6872, 804, 48, 52116, 180
506132, 18920, 35872, 5004, 6868, 804, 48, 52132, 180
506132, 18880, 35884, 4996, 6880, 804, 48, 52156, 180
506116, 18860, 35876, 5004, 6872, 804, 48, 52200, 180
506092, 18840, 35888, 5008, 6880, 804, 48, 52220, 180
506080, 18804, 35908, 5016, 6872, 808, 48, 52244, 180
506060, 18764, 35932, 5028, 6872, 804, 52, 52268, 180
506044, 18764, 35920, 5028, 6868, 808, 52, 52296, 180
506032, 18744, 35920, 5020, 6880, 808, 52, 52320, 184
506020, 18704, 35932, 5032, 6876, 808, 52, 52352, 184
505996, 18664, 35940, 5036, 6884, 808, 52, 52396, 184
505972, 18636, 35964, 5040, 6884, 808, 52, 52420, 184
505968, 18600, 35988, 5036, 6884, 808, 52, 52440, 184
505936, 18604, 35988, 5028, 6884, 808, 52, 52476, 184
505924, 18592, 35984, 5020, 6888, 812, 52, 52504, 184
505904, 18576, 35976, 5008, 6896, 812, 52, 52552, 184
505892, 18568, 35976, 5004, 6900, 812, 52, 52572, 184
505868, 18524, 36008, 5020, 6900, 816, 52, 52588, 184
505864, 18492, 36020, 5028, 6896, 820, 52, 52604, 184
505856, 18452, 36032, 5036, 6892, 820, 52, 52636, 184
505844, 18428, 36032, 5032, 6908, 816, 52, 52664, 184
505816, 18428, 36008, 5024, 6928, 816, 52, 52704, 184
505808, 18404, 36008, 5028, 6928, 816, 52, 52732, 184
505804, 18368, 36012, 5024, 6932, 816, 52, 52768, 184
505788, 18344, 36012, 5028, 6924, 816, 52, 52812, 184
505772, 18316, 36024, 5028, 6928, 816, 52, 52840, 184
505752, 18288, 36020, 5040, 6928, 816, 52, 52880, 184
505744, 18256, 36020, 5044, 6924, 816, 52, 52920, 184
505744, 18212, 36016, 5040, 6928, 812, 52, 52972, 184
505716, 18192, 36024, 5044, 6932, 816, 52, 53000, 184
505700, 18164, 36028, 5060, 6924, 816, 52, 53032, 184
505656, 18176, 36044, 5052, 6936, 816, 52, 53044, 184
505584, 18204, 36056, 5060, 6932, 816, 52, 53072, 184
505520, 18228, 36068, 5064, 6928, 816, 52, 53100, 184
505440, 18264, 36072, 5076, 6924, 816, 52, 53132, 184
505384, 18276, 36080, 5076, 6924, 820, 52, 53164, 184
505324, 18316, 36068, 5072, 6920, 824, 52, 53200, 184
505184, 18436, 36084, 5068, 6920, 828, 52, 53204, 184
505116, 18456, 36084, 5076, 6920, 832, 52, 53240, 184
505028, 18508, 36080, 5080, 6928, 832, 52, 53268, 184
504912, 18576, 36104, 5088, 6924, 832, 52, 53288, 184
504852, 18600, 36132, 5080, 6924, 832, 52, 53304, 184
504720, 18700, 36132, 5076, 6920, 832, 52, 53344, 184
504624, 18768, 36116, 5068, 6928, 832, 52, 53388, 184
504496, 18844, 36144, 5084, 6928, 832, 52, 53396, 184
504408, 18900, 36148, 5096, 6920, 832, 52, 53420, 184
504312, 18948, 36160, 5092, 6928, 832, 52, 53452, 184
504212, 19012, 36176, 5080, 6944, 832, 52, 53468, 184
504108, 19076, 36176, 5076, 6956, 832, 52, 53500, 184
503992, 19164, 36164, 5080, 6960, 832, 52, 53532, 184
503892, 19240, 36156, 5072, 6972, 832, 52, 53560, 184
503780, 19320, 36160, 5064, 6972, 828, 52, 53600, 184
503644, 19416, 36164, 5060, 6972, 828, 52, 53640, 184
503516, 19496, 36176, 5064, 6976, 828, 52, 53668, 184
503408, 19580, 36160, 5080, 6976, 828, 52, 53692, 184
503264, 19680, 36160, 5088, 6976, 828, 52, 53728, 184
503112, 19784, 36160, 5100, 6976, 828, 52, 53764, 184
503052, 19796, 36168, 5088, 6996, 828, 52, 53796, 184
502968, 19808, 36200, 5108, 6992, 828, 52, 53820, 184
502888, 19832, 36240, 5092, 7016, 828, 52, 53828, 184
502784, 19884, 36260, 5084, 7020, 828, 52, 53864, 184
502692, 19924, 36280, 5076, 7036, 828, 52, 53888, 184
502648, 19900, 36292, 5088, 7040, 828, 52, 53928, 184
502536, 19952, 36316, 5096, 7040, 828, 52, 53956, 184
502468, 19996, 36320, 5096, 7044, 828, 52, 53972, 184
502408, 20020, 36332, 5096, 7044, 828, 52, 53996, 184
502328, 20076, 36308, 5096, 7044, 828, 52, 54044, 184
502248, 20124, 36312, 5084, 7056, 828, 52, 54072, 184
502152, 20176, 36296, 5092, 7064, 828, 52, 54116, 184
502068, 20212, 36304, 5096, 7060, 828, 52, 54156, 184
501972, 20260, 36296, 5108, 7060, 828, 52, 54200, 184
501896, 20292, 36324, 5108, 7060, 828, 52, 54216, 184
501836, 20332, 36300, 5116, 7064, 828, 52, 54248, 184
501752, 20400, 36284, 5108, 7060, 828, 52, 54292, 184
501672, 20444, 36304, 5108, 7060, 828, 52, 54308, 184
501568, 20496, 36324, 5116, 7068, 828, 52, 54324, 184
501508, 20508, 36328, 5104, 7084, 828, 52, 54364, 184
501404, 20564, 36356, 5104, 7088, 828, 52, 54380, 184
501344, 20584, 36356, 5120, 7080, 828, 52, 54412, 184
501216, 20684, 36352, 5116, 7084, 828, 52, 54444, 184
501168, 20700, 36356, 5108, 7088, 832, 52, 54472, 184
501072, 20740, 36372, 5108, 7088, 832, 52, 54512, 184
500988, 20788, 36380, 5112, 7084, 832, 52, 54540, 184
500876, 20872, 36388, 5108, 7084, 832, 52, 54564, 184
500804, 20904, 36392, 5104, 7092, 832, 52, 54596, 184
500756, 20908, 36400, 5104, 7088, 836, 52, 54632, 184
500692, 20928, 36420, 5116, 7092, 836, 52, 54640, 184
500608, 20960, 36420, 5120, 7084, 836, 52, 54696, 184
500524, 21020, 36400, 5128, 7076, 836, 52, 54740, 184
500476, 21044, 36400, 5140, 7076, 836, 52, 54752, 184
500452, 21040, 36396, 5132, 7088, 836, 52, 54780, 184
500412, 21048, 36404, 5136, 7088, 836, 52, 54800, 184
500396, 21012, 36420, 5144, 7092, 836, 52, 54824, 184
500384, 20988, 36416, 5140, 7108, 836, 52, 54852, 184
500356, 20980, 36416, 5148, 7116, 836, 52, 54872, 184
500336, 20948, 36424, 5156, 7120, 836, 52, 54904, 184
500324, 20900, 36452, 5168, 7112, 836, 52, 54932, 184
500292, 20892, 36476, 5164, 7116, 836, 52, 54948, 184
500276, 20864, 36496, 5168, 7108, 836, 52, 54976, 184
500268, 20840, 36500, 5172, 7104, 836, 52, 55004, 184
500260, 20796, 36508, 5184, 7104, 836, 52, 55036, 184
500244, 20780, 36532, 5184, 7108, 836, 52, 55040, 184
500236, 20732, 36548, 5200, 7108, 836, 52, 55064, 184
500216, 20692, 36580, 5200, 7112, 836, 52, 55088, 184
500188, 20704, 36556, 5200, 7116, 836, 52, 55124, 184
500160, 20676, 36592, 5200, 7116, 836, 52, 55144, 184
500108, 20680, 36612, 5208, 7116, 836, 52, 55164, 184
500088, 20668, 36584, 5200, 7128, 836, 52, 55220, 184
500036, 20648, 36632, 5196, 7132, 836, 52, 55244, 184
499984, 20672, 36644, 5188, 7140, 836, 52, 55260, 184
499952, 20644, 36664, 5176, 7148, 840, 52, 55300, 184
499904, 20648, 36696, 5168, 7148, 840, 52, 55320, 184
499884, 20596, 36744, 5168, 7156, 840, 52, 55336, 184
499864, 20592, 36752, 5160, 7164, 840, 52, 55352, 184
499816, 20612, 36744, 5160, 7164, 844, 52, 55384, 184
499764, 20608, 36748, 5168, 7168, 844, 52, 55424, 184
499732, 20608, 36716, 5176, 7164, 844, 52, 55484, 184
499692, 20600, 36728, 5192, 7148, 848, 52, 55516, 184
499648, 20592, 36748, 5196, 7152, 848, 52, 55540, 184
499620, 20580, 36736, 5196, 7160, 848, 52, 55584, 184
499588, 20580, 36736, 5204, 7156, 852, 52, 55608, 184
499568, 20556, 36756, 5208, 7152, 852, 52, 55632, 184
499520, 20560, 36772, 5212, 7144, 852, 52, 55664, 184
499488, 20540, 36792, 5216, 7144, 852, 52, 55692, 184
499468, 20496, 36816, 5224, 7156, 852, 52, 55712, 184
499456, 20472, 36836, 5236, 7148, 856, 52, 55720, 184
499444, 20440, 36864, 5228, 7152, 856, 52, 55740, 184
499436, 20396, 36892, 5216, 7160, 856, 52, 55768, 184
499428, 20360, 36916, 5216, 7160, 856, 52, 55788, 184
499388, 20344, 36960, 5208, 7168, 856, 52, 55800, 184
499380, 20304, 36972, 5220, 7164, 856, 52, 55828, 184
499376, 20240, 37016, 5220, 7164, 852, 52, 55856, 184
499372, 20204, 37040, 5220, 7160, 852, 52, 55876, 184
499356, 20188, 37048, 5216, 7160, 852, 52, 55904, 184
499344, 20156, 37036, 5232, 7152, 852, 52, 55952, 184
499332, 20120, 37060, 5236, 7164, 852, 52, 55960, 184
499316, 20100, 37068, 5236, 7168, 852, 52, 55984, 184
499292, 20088, 37084, 5236, 7160, 852, 52, 56012, 184
499276, 20072, 37080, 5232, 7160, 856, 52, 56048, 184
499260, 20068, 37064, 5228, 7148, 856, 52, 56100, 184
499240, 20048, 37064, 5236, 7148, 856, 52, 56132, 184
499212, 20028, 37076, 5244, 7148, 856, 52, 56160, 184
499200, 20000, 37092, 5244, 7148, 856, 52, 56184, 184
499188, 19972, 37100, 5244, 7156, 856, 52, 56208, 184
499168, 19948, 37104, 5256, 7152, 856, 52, 56240, 184
499148, 19928, 37104, 5268, 7148, 856, 52, 56272, 184
499140, 19888, 37116, 5260, 7156, 852, 52, 56312, 184
499116, 19880, 37120, 5252, 7160, 852, 52, 56344, 184
499112, 19860, 37108, 5256, 7152, 852, 52, 56384, 184
499100, 19828, 37108, 5256, 7160, 852, 52, 56420, 184
499084, 19800, 37120, 5264, 7160, 852, 52, 56444, 184
499080, 19756, 37132, 5256, 7172, 852, 52, 56476, 184
499064, 19736, 37136, 5244, 7180, 852, 52, 56512, 184
499060, 19692, 37156, 5252, 7176, 852, 52, 56536, 184
499028, 19668, 37184, 5248, 7180, 852, 52, 56564, 184
499024, 19628, 37196, 5260, 7184, 852, 52, 56580, 184
499004, 19588, 37220, 5260, 7192, 848, 52, 56612, 184
499000, 19548, 37220, 5264, 7192, 848, 52, 56652, 184
498992, 19504, 37244, 5264, 7196, 848, 52, 56676, 184
498968, 19484, 37220, 5260, 7204, 848, 52, 56740, 184
498952, 19468, 37204, 5264, 7200, 848, 52, 56788, 184
498936, 19452, 37200, 5256, 7204, 852, 52, 56824, 184
498916, 19432, 37208, 5256, 7216, 852, 52, 56844, 184
498904, 19408, 37216, 5248, 7212, 856, 48, 56884, 184
498884, 19408, 37216, 5248, 7208, 856, 48, 56908, 184
498864, 19360, 37256, 5236, 7220, 860, 48, 56932, 184
498860, 19332, 37260, 5232, 7216, 860, 48, 56968, 184
498844, 19280, 37284, 5240, 7216, 864, 48, 57000, 184
498832, 19224, 37296, 5252, 7220, 864, 48, 57040, 184
498824, 19180, 37320, 5252, 7220, 856, 52, 57072, 184
498804, 19120, 37348, 5260, 7216, 856, 52, 57120, 184
498792, 19068, 37380, 5264, 7228, 856, 52, 57136, 184
498784, 19012, 37420, 5268, 7232, 856, 52, 57152, 184
498756, 18992, 37440, 5272, 7236, 856, 52, 57172, 184
498712, 18976, 37456, 5284, 7232, 856, 52, 57208, 184
498676, 18964, 37472, 5288, 7228, 856, 52, 57240, 184
498632, 18980, 37472, 5284, 7220, 860, 52, 57272, 188
498592, 18992, 37464, 5256, 7244, 864, 52, 57308, 188
498552, 18980, 37472, 5252, 7256, 864, 52, 57344, 188
498472, 19028, 37460, 5244, 7268, 864, 52, 57384, 188
498412, 19036, 37496, 5248, 7260, 868, 52, 57400, 188
498356, 19028, 37524, 5268, 7256, 868, 52, 57420, 188
498280, 19068, 37544, 5272, 7252, 868, 52, 57436, 188
498204, 19100, 37552, 5284, 7252, 868, 52, 57460, 188
498136, 19120, 37576, 5292, 7248, 872, 52, 57476, 188
498020, 19188, 37588, 5308, 7244, 872, 52, 57500, 188
497864, 19304, 37604, 5308, 7256, 872, 52, 57512, 188
497764, 19364, 37620, 5304, 7264, 872, 52, 57532, 188
497652, 19416, 37636, 5304, 7264, 872, 52, 57576, 188
497548, 19464, 37656, 5292, 7280, 872, 52, 57608, 188
497444, 19524, 37660, 5312, 7280, 872, 52, 57628, 188
497312, 19636, 37656, 5308, 7276, 872, 52, 57660, 188
497160, 19756, 37648, 5308, 7280, 868, 52, 57700, 188
497032, 19840, 37664, 5312, 7280, 868, 52, 57724, 188
496932, 19876, 37672, 5324, 7284, 872, 52, 57760, 188
496808, 19956, 37688, 5320, 7292, 876, 52, 57780, 188
496744, 19968, 37716, 5324, 7288, 876, 52, 57804, 188
496624, 20016, 37740, 5332, 7296, 876, 52, 57836, 188
496528, 20044, 37768, 5348, 7280, 876, 52, 57876, 188
496444, 20076, 37768, 5352, 7276, 880, 48, 57928, 188
496348, 20124, 37788, 5360, 7272, 880, 48, 57952, 188
496260, 20176, 37780, 5368, 7260, 888, 48, 57992, 188
496200, 20196, 37796, 5380, 7260, 888, 48, 58004, 188
496128, 20212, 37820, 5368, 7280, 888, 48, 58028, 188
496056, 20224, 37824, 5384, 7280, 888, 48, 58068, 188
495944, 20288, 37824, 5396, 7272, 888, 48, 58112, 188
495844, 20348, 37828, 5400, 7272, 888, 48, 58144, 188
495772, 20368, 37836, 5408, 7268, 888, 48, 58184, 188
495664, 20428, 37864, 5408, 7268, 888, 48, 58204, 188
495588, 20456, 37884, 5412, 7268, 888, 48, 58228, 188
495532, 20476, 37880, 5408, 7276, 888, 48, 58264, 188
495472, 20488, 37900, 5412, 7276, 888, 48, 58288, 188
495412, 20512, 37912, 5404, 7284, 888, 48, 58312, 188
495312, 20588, 37908, 5396, 7292, 888, 48, 58340, 188
495260, 20600, 37924, 5400, 7292, 888, 48, 58360, 188
495176, 20644, 37944, 5392, 7304, 888, 48, 58376, 188
495104, 20684, 37960, 5380, 7308, 888, 48, 58400, 188
494984, 20776, 37956, 5372, 7316, 888, 48, 58428, 192
494908, 20788, 37988, 5376, 7316, 888, 48, 58456, 192
494796, 20840, 38004, 5372, 7328, 892, 48, 58488, 192
494716, 20876, 37996, 5376, 7316, 900, 48, 58536, 196
494668, 20876, 38012, 5368, 7324, 904, 48, 58564, 196
494576, 20924, 38008, 5364, 7328, 904, 48, 58612, 196
494504, 20960, 38004, 5376, 7324, 904, 48, 58644, 196
494420, 20980, 38028, 5376, 7328, 904, 48, 58680, 196
494336, 21036, 38032, 5376, 7328, 904, 48, 58704, 196
494272, 21052, 38052, 5384, 7336, 904, 48, 58716, 196
494184, 21108, 38060, 5384, 7336, 904, 48, 58740, 196
494116, 21120, 38084, 5388, 7324, 904, 48, 58780, 196
494060, 21120, 38104, 5392, 7332, 904, 48, 58804, 196
493972, 21164, 38100, 5400, 7324, 904, 48, 58848, 200
493916, 21176, 38112, 5392, 7332, 904, 48, 58880, 200
493872, 21192, 38108, 5388, 7332, 908, 48, 58912, 200
493828, 21196, 38124, 5384, 7336, 908, 48, 58936, 200
493804, 21176, 38116, 5404, 7324, 908, 48, 58980, 200
493780, 21176, 38116, 5400, 7324, 908, 48, 59008, 200
493752, 21172, 38124, 5404, 7324, 908, 48, 59028, 200
493740, 21112, 38184, 5408, 7312, 908, 48, 59048, 200
493720, 21064, 38228, 5396, 7324, 912, 48, 59068, 200
493700, 21048, 38232, 5392, 7328, 912, 48, 59100, 200
493684, 21000, 38264, 5400, 7324, 912, 48, 59128, 200
493656, 21020, 38244, 5396, 7320, 916, 48, 59160, 200
493644, 20976, 38256, 5396, 7332, 916, 48, 59192, 200
493636, 20944, 38260, 5396, 7340, 916, 48, 59220, 200
493596, 20928, 38264, 5408, 7344, 916, 48, 59256, 200
493584, 20884, 38276, 5424, 7348, 920, 48, 59276, 200
493576, 20836, 38280, 5440, 7344, 924, 48, 59312, 200
493552, 20812, 38308, 5436, 7352, 928, 48, 59324, 200
493548, 20740, 38348, 5432, 7364, 928, 48, 59352, 200
493512, 20744, 38352, 5436, 7364, 928, 48, 59376, 200
493468, 20760, 38348, 5440, 7356, 928, 48, 59412, 200
493440, 20752, 38348, 5440, 7360, 928, 48, 59444, 200
493420, 20724, 38348, 5452, 7356, 928, 48, 59484, 200
493376, 20724, 38352, 5460, 7356, 928, 48, 59516, 200
493352, 20720, 38364, 5456, 7344, 928, 48, 59548, 200
493332, 20688, 38380, 5464, 7340, 932, 48, 59576, 200
493280, 20692, 38384, 5456, 7356, 932, 48, 59612, 200
493236, 20700, 38376, 5456, 7356, 936, 48, 59652, 200
493168, 20728, 38384, 5456, 7364, 936, 48, 59676, 200
493140, 20712, 38404, 5452, 7376, 936, 48, 59692, 200
493112, 20696, 38396, 5448, 7372, 936, 48, 59752, 200
493100, 20672, 38388, 5440, 7384, 936, 48, 59792, 200
493064, 20648, 38404, 5448, 7380, 936, 48, 59832, 200
493016, 20632, 38416, 5460, 7376, 932, 48, 59880, 200
492996, 20628, 38400, 5472, 7364, 932, 48, 59920, 200
492976, 20584, 38424, 5468, 7380, 932, 48, 59948, 200
492952, 20568, 38424, 5472, 7392, 932, 48, 59972, 200
492940, 20552, 38436, 5472, 7364, 932, 48, 60016, 200
492932, 20524, 38452, 5476, 7364, 932, 48, 60032, 200
492904, 20516, 38448, 5480, 7364, 932, 48, 60068, 200
492884, 20496, 38456, 5484, 7360, 932, 48, 60100, 200
492864, 20468, 38460, 5472, 7388, 932, 48, 60128, 200
492852, 20436, 38468, 5468, 7392, 936, 48, 60160, 200
492848, 20384, 38480, 5492, 7388, 936, 48, 60184, 200
492840, 20360, 38480, 5496, 7388, 940, 48, 60208, 200
492828, 20296, 38508, 5504, 7392, 940, 48, 60244, 200
492816, 20240, 38544, 5496, 7412, 940, 48, 60264, 200
492796, 20200, 38560, 5488, 7420, 940, 48, 60308, 200
492772, 20184, 38572, 5492, 7428, 940, 48, 60324, 200
492760, 20168, 38568, 5484, 7432, 936, 48, 60364, 200
492732, 20164, 38560, 5484, 7436, 936, 48, 60400, 200
492716, 20124, 38580, 5488, 7428, 936, 48, 60440, 200
492700, 20080, 38620, 5496, 7424, 936, 48, 60456, 200
492680, 20048, 38608, 5516, 7420, 936, 48, 60504, 200
492660, 20004, 38632, 5532, 7408, 936, 48, 60540, 200
492648, 19940, 38676, 5540, 7408, 936, 48, 60564, 200
492636, 19916, 38680, 5544, 7400, 936, 48, 60600, 200
492632, 19860, 38680, 5544, 7400, 936, 48, 60660, 200
492620, 19824, 38680, 5560, 7396, 936, 48, 60696, 200
492604, 19804, 38680, 5552, 7396, 940, 48, 60736, 200
492592, 19768, 38700, 5544, 7416, 940, 48, 60752, 200
492588, 19708, 38728, 5540, 7424, 940, 48, 60784, 200
492548, 19712, 38740, 5536, 7428, 936, 48, 60812, 200
492536, 19660, 38756, 5540, 7436, 936, 48, 60848, 200
492516, 19640, 38764, 5548, 7428, 936, 48, 60880, 200
492512, 19620, 38768, 5540, 7432, 936, 48, 60904, 200
492496, 19596, 38784, 5540, 7436, 936, 48, 60920, 204
492488, 19572, 38784, 5540, 7440, 936, 48, 60948, 204
492464, 19560, 38804, 5536, 7440, 936, 48, 60968, 204
492452, 19524, 38824, 5532, 7440, 944, 48, 60992, 204
492428, 19524, 38820, 5532, 7440, 944, 48, 61020, 204
492416, 19500, 38820, 5536, 7448, 944, 48, 61044, 204
492388, 19504, 38824, 5520, 7468, 944, 48, 61060, 204
492372, 19476, 38848, 5508, 7472, 948, 48, 61084, 204
492368, 19444, 38844, 5516, 7476, 948, 48, 61112, 204
492368, 19368, 38868, 5540, 7460, 948, 48, 61156, 204
492352, 19324, 38888, 5532, 7476, 948, 48, 61188, 204
492336, 19280, 38932, 5520, 7476, 948, 48, 61216, 204
492316, 19264, 38916, 5516, 7476, 948, 48, 61272, 204
492316, 19240, 38916, 5520, 7480, 948, 48, 61288, 204
492312, 19188, 38932, 5520, 7488, 948, 48, 61320, 204
492308, 19140, 38956, 5528, 7488, 948, 48, 61340, 204
492308, 19092, 38984, 5512, 7504, 948, 48, 61360, 204
492284, 19048, 39020, 5516, 7496, 948, 48, 61396, 204
492276, 19020, 39024, 5516, 7500, 948, 48, 61424, 204
492244, 18976, 39064, 5520, 7508, 948, 48, 61448, 204
492232, 18948, 39052, 5528, 7512, 948, 48, 61488, 204
492228, 18900, 39080, 5528, 7504, 952, 48, 61516, 204
492200, 18888, 39092, 5540, 7504, 948, 48, 61536, 204
492164, 18880, 39100, 5536, 7512, 948, 48, 61568, 204
492120, 18868, 39120, 5540, 7500, 948, 48, 61612, 204
492064, 18880, 39112, 5548, 7504, 948, 48, 61652, 204
492020, 18888, 39112, 5544, 7508, 948, 48, 61688, 204
491980, 18868, 39136, 5552, 7520, 948, 48, 61704, 204
491916, 18892, 39136, 5556, 7524, 948, 48, 61736, 204
491808, 18964, 39160, 5552, 7532, 948, 48, 61744, 204
491724, 19016, 39144, 5556, 7524, 948, 48, 61796, 204
491644, 19064, 39152, 5568, 7520, 948, 48, 61812, 204
491544, 19108, 39192, 5576, 7512, 952, 48, 61824, 204
491464, 19144, 39208, 5572, 7520, 952, 48, 61848, 204
491356, 19196, 39200, 5580, 7528, 952, 48, 61896, 204
491248, 19268, 39216, 5572, 7536, 952, 48, 61916, 204
491164, 19304, 39220, 5576, 7536, 952, 48, 61956, 204
491048, 19368, 39240, 5588, 7540, 952, 48, 61972, 204
490948, 19392, 39280, 5612, 7544, 952, 48, 61980, 204
490860, 19420, 39276, 5632, 7528, 952, 48, 62040, 204
490772, 19468, 39276, 5640, 7536, 952, 48, 62064, 204
490668, 19540, 39292, 5640, 7536, 952, 48, 62080, 204
490580, 19580, 39316, 5656, 7528, 952, 48, 62096, 204
490484, 19640, 39308, 5652, 7536, 952, 48, 62136, 204
490364, 19740, 39292, 5644, 7544, 952, 48, 62172, 204
490248, 19812, 39316, 5648, 7548, 952, 48, 62184, 204
490144, 19880, 39316, 5648, 7544, 952, 48, 62224, 204
490016, 19960, 39324, 5656, 7544, 952, 48, 62256, 204
489912, 20020, 39348, 5660, 7536, 952, 48, 62276, 208
489800, 20084, 39352, 5668, 7544, 952, 48, 62304, 208
489760, 20080, 39360, 5664, 7552, 952, 48, 62336, 208
489712, 20096, 39344, 5664, 7556, 952, 48, 62380, 208
489652, 20076, 39384, 5684, 7556, 952, 48, 62400, 208
489568, 20100, 39412, 5696, 7544, 956, 48, 62424, 212
489488, 20140, 39428, 5700, 7548, 956, 48, 62440, 212
489424, 20168, 39424, 5712, 7540, 956, 48, 62476, 212
489356, 20180, 39452, 5720, 7532, 956, 48, 62504, 212
489296, 20200, 39468, 5712, 7544, 956, 48, 62524, 212
489208, 20224, 39496, 5716, 7540, 956, 48, 62560, 212
489108, 20272, 39520, 5704, 7556, 956, 48, 62584, 212
489068, 20256, 39528, 5704, 7560, 952, 48, 62632, 212
488988, 20292, 39544, 5720, 7548, 956, 48, 62652, 212
488896, 20348, 39564, 5712, 7556, 956, 48, 62668, 212
488804, 20368, 39564, 5728, 7560, 956, 48, 62720, 212
488728, 20400, 39592, 5728, 7564, 956, 48, 62732, 212
488648, 20432, 39604, 5740, 7564, 956, 48, 62756, 212
488552, 20492, 39604, 5748, 7560, 956, 48, 62788, 212
488464, 20516, 39620, 5764, 7560, 956, 48, 62820, 212
488364, 20560, 39624, 5764, 7564, 956, 48, 62868, 212
488256, 20576, 39684, 5768, 7560, 956, 48, 62896, 216
488144, 20644, 39692, 5776, 7568, 956, 48, 62916, 216
488064, 20692, 39684, 5776, 7568, 956, 48, 62956, 216
487980, 20720, 39704, 5788, 7560, 956, 48, 62988, 216
487900, 20776, 39700, 5784, 7560, 956, 48, 63020, 216
487824, 20788, 39736, 5776, 7560, 956, 48, 63056, 216
487776, 20792, 39732, 5776, 7560, 956, 48, 63104, 216
487692, 20824, 39772, 5772, 7560, 956, 48, 63120, 216
487632, 20848, 39768, 5776, 7564, 956, 48, 63152, 216
487560, 20880, 39780, 5772, 7564, 956, 48, 63184, 216
487512, 20884, 39784, 5768, 7576, 956, 48, 63216, 216
487448, 20912, 39796, 5768, 7576, 960, 48, 63236, 216
487424, 20900, 39792, 5772, 7564, 964, 48, 63280, 216
487392, 20888, 39800, 5784, 7564, 964, 48, 63304, 216
487364, 20860, 39820, 5792, 7556, 968, 48, 63336, 216
487332, 20848, 39856, 5788, 7552, 968, 48, 63352, 216
487316, 20804, 39860, 5804, 7552, 968, 48, 63392, 216
487292, 20796, 39860, 5804, 7556, 968, 48, 63420, 216
487252, 20780, 39892, 5800, 7560, 968, 48, 63444, 216
487224, 20772, 39900, 5808, 7556, 968, 48, 63468, 216
487196, 20744, 39924, 5812, 7556, 968, 48, 63496, 216
487168, 20732, 39944, 5804, 7568, 968, 48, 63512, 216
487144, 20708, 39960, 5812, 7564, 968, 48, 63540, 216
487112, 20704, 39956, 5828, 7564, 968, 48, 63564, 216
487100, 20676, 39968, 5828, 7568, 968, 48, 63588, 216
487084, 20668, 39972, 5828, 7564, 968, 48, 63612, 216
487060, 20652, 39984, 5820, 7576, 968, 48, 63636, 216
487036, 20632, 40012, 5812, 7576, 968, 48, 63660, 216
487016, 20580, 40040, 5792, 7596, 968, 48, 63704, 216
486980, 20540, 40044, 5796, 7620, 972, 48, 63744, 216
486956, 20524, 40040, 5800, 7628, 972, 48, 63776, 216
486940, 20508, 40032, 5792, 7640, 972, 48, 63812, 216
486912, 20500, 40028, 5796, 7652, 972, 48, 63836, 216
486884, 20512, 40000, 5792, 7652, 976, 48, 63880, 216
486860, 20488, 40024, 5796, 7656, 976, 48, 63896, 216
486820, 20500, 40020, 5792, 7660, 976, 48, 63928, 216
486776, 20484, 40048, 5796, 7664, 976, 48, 63952, 216
486728, 20472, 40076, 5792, 7676, 976, 48, 63976, 216
486688, 20480, 40080, 5792, 7680, 976, 48, 64000, 216
486660, 20468, 40084, 5772, 7700, 976, 48, 64036, 216
486648, 20416, 40088, 5772, 7712, 976, 48, 64084, 216
486616, 20380, 40108, 5784, 7724, 976, 48, 64108, 216
486600, 20340, 40132, 5780, 7736, 976, 48, 64132, 216
486584, 20316, 40140, 5776, 7748, 976, 48, 64156, 216
486556, 20292, 40148, 5768, 7756, 976, 48, 64200, 216
486544, 20264, 40148, 5772, 7752, 976, 48, 64240, 216
486520, 20228, 40180, 5768, 7760, 976, 48, 64264, 216
486496, 20204, 40172, 5780, 7756, 980, 48, 64308, 216
486480, 20172, 40192, 5776, 7764, 980, 48, 64332, 216
486472, 20120, 40208, 5792, 7764, 980, 48, 64360, 216
486460, 20060, 40232, 5808, 7752, 984, 48, 64400, 216
486444, 20044, 40220, 5808, 7752, 984, 48, 64444, 216
486416, 20048, 40224, 5796, 7764, 984, 48, 64464, 216
486400, 20028, 40220, 5792, 7764, 984, 48, 64508, 216
486372, 20020, 40228, 5784, 7764, 984, 48, 64544, 216
486360, 19980, 40244, 5780, 7764, 984, 48, 64584, 216
486356, 19948, 40240, 5772, 7772, 984, 48, 64624, 216
486352, 19904, 40252, 5780, 7764, 984, 48, 64660, 216
486344, 19864, 40260, 5784, 7760, 988, 48, 64696, 216
486320, 19852, 40260, 5780, 7760, 992, 48, 64732, 216
486296, 19832, 40272, 5780, 7764, 992, 48, 64760, 216
486268, 19836, 40276, 5780, 7748, 1000, 48, 64788, 216
486248, 19792, 40300, 5780, 7748, 1000, 48, 64828, 216
486236, 19724, 40336, 5788, 7740, 1000, 48, 64872, 216
486220, 19724, 40328, 5776, 7752, 1000, 48, 64896, 216
486180, 19728, 40320, 5768, 7768, 1000, 48, 64932, 216
486168, 19660, 40360, 5784, 7768, 1000, 48, 64956, 216
486148, 19636, 40388, 5788, 7760, 1000, 48, 64976, 216
486136, 19624, 40392, 5780, 7760, 1000, 48, 65004, 216
486124, 19584, 40400, 5788, 7756, 1000, 48, 65044, 216
486108, 19532, 40440, 5780, 7772, 1000, 48, 65064, 216
486096, 19496, 40452, 5784, 7776, 1000, 48, 65092, 216
486072, 19472, 40448, 5804, 7776, 1000, 48, 65124, 216
486048, 19456, 40468, 5800, 7776, 996, 48, 65152, 216
486024, 19436, 40496, 5788, 7776, 1000, 48, 65176, 216
486004, 19400, 40528, 5768, 7796, 1000, 48, 65200, 216
485988, 19368, 40536, 5768, 7804, 1000, 48, 65232, 216
485972, 19340, 40560, 5760, 7812, 1000, 48, 65252, 216
485952, 19324, 40560, 5760, 7824, 1000, 48, 65276, 216
485936, 19288, 40576, 5768, 7828, 1000, 48, 65300, 216
485912, 19264, 40592, 5764, 7840, 1000, 48, 65324, 216
485896, 19264, 40572, 5760, 7844, 1000, 48, 65360, 216
485876, 19244, 40572, 5760, 7848, 1000, 48, 65396, 216
485860, 19200, 40580, 5764, 7848, 1000, 48, 65444, 216
485852, 19160, 40612, 5756, 7852, 1004, 48, 65460, 216
485836, 19140, 40616, 5756, 7844, 1004, 48, 65500, 216
485808, 19136, 40612, 5748, 7844, 1004, 48, 65544, 216
485788, 19104, 40600, 5768, 7844, 1004, 48, 65588, 216
485764, 19108, 40576, 5764, 7848, 1004, 48, 65632, 216
485756, 19080, 40588, 5760, 7844, 1008, 48, 65660, 216
485736, 19084, 40584, 5756, 7848, 1008, 48, 65680, 216
485720, 19052, 40592, 5768, 7840, 1008, 48, 65716, 216
485704, 19024, 40600, 5776, 7836, 1008, 48, 65748, 216
485688, 18984, 40628, 5776, 7844, 1012, 44, 65768, 216
485676, 18932, 40648, 5788, 7844, 1016, 44, 65796, 216
485652, 18900, 40660, 5800, 7840, 1020, 44, 65828, 216
485648, 18856, 40688, 5800, 7832, 1020, 44, 65856, 216
485644, 18804, 40696, 5784, 7852, 1020, 44, 65900, 216
485632, 18780, 40700, 5792, 7856, 1020, 44, 65920, 216
485632, 18756, 40700, 5780, 7860, 1024, 44, 65948, 216
485616, 18736, 40712, 5772, 7868, 1024, 44, 65972, 216
485580, 18696, 40760, 5776, 7868, 1024, 44, 65996, 216
485544, 18680, 40776, 5776, 7876, 1024, 44, 66024, 216
485528, 18656, 40780, 5768, 7888, 1024, 44, 66056, 216
485508, 18644, 40796, 5768, 7880, 1024, 44, 66080, 216
485500, 18584, 40824, 5776, 7888, 1024, 44, 66104, 216
485484, 18540, 40860, 5772, 7900, 1024, 44, 66120, 216
485472, 18512, 40860, 5760, 7920, 1024, 44, 66152, 216
485448, 18500, 40868, 5756, 7912, 1024, 44, 66192, 216
485436, 18456, 40900, 5752, 7924, 1024, 44, 66208, 216
485424, 18420, 40916, 5756, 7932, 1024, 44, 66228, 216
485408, 18388, 40916, 5768, 7928, 1024, 44, 66268, 216
485396, 18376, 40920, 5768, 7924, 1024, 44, 66292, 216
485392, 18360, 40912, 5768, 7920, 1024, 44, 66324, 216
485376, 18316, 40928, 5788, 7912, 1024, 44, 66356, 216
485368, 18280, 40940, 5780, 7924, 1024, 44, 66384, 216
485352, 18232, 40976, 5772, 7932, 1024, 44, 66412, 216
485336, 18196, 41000, 5772, 7936, 1024, 44, 66436, 216
485320, 18160, 41012, 5784, 7936, 1028, 44, 66460, 216
485300, 18128, 41012, 5796, 7924, 1028, 44, 66512, 216
485280, 18104, 41032, 5808, 7912, 1028, 44, 66536, 216
485260, 18072, 41052, 5824, 7908, 1028, 44, 66556, 216
485252, 18056, 41064, 5820, 7912, 1028, 44, 66568, 216
485224, 18020, 41072, 5836, 7908, 1028, 44, 66608, 220
485208, 17976, 41104, 5820, 7920, 1028, 44, 66640, 220
485172, 17972, 41096, 5824, 7912, 1028, 44, 66692, 220
485136, 17952, 41116, 5820, 7916, 1028, 44, 66728, 220
485120, 17916, 41124, 5804, 7944, 1028, 44, 66760, 220
485100, 17896, 41128, 5808, 7940, 1028, 44, 66796, 220
485056, 17892, 41120, 5808, 7948, 1028, 44, 66844, 220
485044, 17880, 41112, 5808, 7956, 1032, 44, 66864, 220
485004, 17872, 41124, 5824, 7960, 1032, 44, 66880, 220
484976, 17860, 41140, 5828, 7960, 1032, 44, 66900, 220
484948, 17816, 41176, 5832, 7964, 1032, 44, 66928, 220
484912, 17836, 41176, 5824, 7960, 1036, 44, 66948, 224
484868, 17836, 41176, 5820, 7964, 1036, 44, 66992, 224
484844, 17832, 41184, 5812, 7972, 1036, 44, 67012, 224
484816, 17844, 41168, 5816, 7948, 1036, 44, 67064, 224
484792, 17804, 41196, 5816, 7948, 1036, 44, 67100, 224
484764, 17772, 41220, 5828, 7948, 1036, 44, 67124, 224
484740, 17744, 41240, 5836, 7948, 1036, 44, 67148, 224
484724, 17736, 41208, 5840, 7936, 1036, 44, 67212, 224
484696, 17700, 41216, 5848, 7924, 1036, 44, 67272, 224
484668, 17660, 41244, 5860, 7924, 1036, 44, 67300, 224
484648, 17644, 41276, 5848, 7932, 1036, 44, 67308, 224
484628, 17600, 41296, 5828, 7952, 1036, 44, 67352, 224
484600, 17600, 41304, 5828, 7948, 1036, 44, 67376, 224
484584, 17564, 41328, 5832, 7940, 1036, 44, 67408, 224
484564, 17540, 41348, 5824, 7952, 1040, 44, 67424, 224
484532, 17540, 41344, 5820, 7964, 1040, 44, 67452, 224
484524, 17504, 41352, 5828, 7968, 1040, 44, 67476, 224
484504, 17496, 41348, 5828, 7968, 1040, 44, 67508, 224
484476, 17468, 41372, 5828, 7972, 1040, 44, 67536, 224
484444, 17472, 41376, 5832, 7964, 1040, 44, 67564, 224
484412, 17476, 41372, 5820, 7980, 1040, 44, 67592, 224
484384, 17460, 41376, 5820, 7988, 1040, 44, 67624, 224
484348, 17436, 41388, 5828, 7996, 1040, 44, 67656, 224
484340, 17400, 41400, 5824, 8000, 1040, 44, 67688, 224
484308, 17400, 41392, 5828, 7996, 1040, 44, 67728, 224
484288, 17376, 41396, 5828, 7992, 1044, 44, 67768, 224
484268, 17352, 41392, 5836, 8004, 1044, 44, 67796, 224
484244, 17300, 41420, 5848, 8008, 1044, 44, 67828, 224
484216, 17296, 41424, 5836, 8012, 1048, 44, 67860, 224
484188, 17260, 41448, 5844, 8012, 1048, 44, 67892, 224
484164, 17236, 41440, 5852, 8012, 1048, 44, 67940, 224
484124, 17236, 41448, 5856, 8008, 1048, 44, 67972, 224
484104, 17220, 41468, 5856, 8008, 1048, 44, 67988, 224
484080, 17208, 41472, 5848, 8012, 1048, 44, 68024, 224
484044, 17192, 41496, 5852, 8016, 1044, 48, 68044, 224
484004, 17180, 41524, 5848, 8016, 1044, 48, 68072, 224
483936, 17224, 41524, 5856, 8020, 1044, 48, 68084, 224
483900, 17236, 41512, 5852, 8020, 1044, 48, 68124, 224
483812, 17260, 41540, 5860, 8024, 1044, 48, 68148, 224
483768, 17272, 41536, 5864, 8028, 1044, 48, 68176, 224
483708, 17316, 41528, 5860, 8024, 1048, 48, 68204, 224
483624, 17368, 41524, 5848, 8040, 1048, 48, 68236, 224
483576, 17392, 41528, 5836, 8040, 1052, 48, 68264, 224
483508, 17408, 41536, 5844, 8024, 1060, 48, 68308, 224
483432, 17440, 41536, 5852, 8020, 1060, 48, 68348, 224
483400, 17428, 41556, 5860, 8012, 1060, 48, 68372, 224
483352, 17436, 41564, 5852, 8024, 1060, 48, 68400, 224
483292, 17456, 41584, 5848, 8028, 1060, 48, 68420, 224
483236, 17480, 41576, 5856, 8024, 1064, 48, 68448, 228
483188, 17488, 41568, 5876, 8024, 1064, 48, 68476, 228
483112, 17516, 41584, 5884, 8024, 1068, 48, 68496, 228
483068, 17472, 41624, 5912, 8032, 1068, 48, 68508, 228
483032, 17468, 41620, 5928, 8032, 1064, 48, 68540, 228
482996, 17448, 41644, 5924, 8024, 1072, 48, 68576, 228
482980, 17436, 41632, 5916, 8032, 1072, 48, 68616, 228
482960, 17416, 41640, 5924, 8028, 1072, 48, 68644, 228
482936, 17396, 41644, 5916, 8036, 1072, 48, 68684, 228
482916, 17364, 41656, 5912, 8052, 1072, 48, 68712, 228
482908, 17344, 41652, 5900, 8064, 1072, 48, 68744, 228
482892, 17336, 41632, 5896, 8072, 1072, 48, 68784, 228
482888, 17296, 41632, 5900, 8072, 1072, 48, 68824, 228
482876, 17276, 41616, 5896, 8068, 1072, 48, 68880, 228
482840, 17272, 41636, 5888, 8068, 1080, 48, 68900, 228
482824, 17240, 41636, 5900, 8072, 1080, 48, 68932, 228
482796, 17204, 41632, 5920, 8068, 1080, 48, 68984, 228
482780, 17160, 41640, 5936, 8072, 1080, 48, 69016, 228
482756, 17148, 41640, 5924, 8072, 1080, 48, 69064, 228
482740, 17116, 41656, 5936, 8064, 1080, 48, 69092, 228
482732, 17084, 41660, 5944, 8060, 1080, 48, 69124, 228
482716, 17056, 41672, 5944, 8064, 1080, 48, 69152, 228
482700, 17044, 41656, 5948, 8064, 1080, 48, 69192, 228
482680, 17048, 41648, 5944, 8064, 1080, 48, 69220, 228
482660, 17024, 41668, 5940, 8060, 1080, 48, 69252, 228
482636, 17024, 41648, 5948, 8052, 1080, 48, 69296, 228
482616, 17004, 41680, 5944, 8052, 1080, 48, 69308, 228
482604, 16980, 41668, 5928, 8072, 1080, 48, 69352, 228
482596, 16952, 41680, 5908, 8072, 1084, 48, 69392, 228
482580, 16916, 41680, 5916, 8080, 1084, 48, 69428, 228
482548, 16876, 41720, 5924, 8084, 1084, 48, 69448, 228
482528, 16880, 41704, 5928, 8072, 1084, 48, 69488, 228
482508, 16844, 41728, 5920, 8084, 1084, 48, 69512, 232
482496, 16816, 41720, 5924, 8080, 1084, 48, 69560, 232
482476, 16784, 41724, 5932, 8076, 1084, 48, 69604, 232
482464, 16768, 41724, 5916, 8092, 1084, 48, 69632, 232
482452, 16736, 41728, 5916, 8100, 1084, 48, 69664, 232
482428, 16720, 41724, 5920, 8096, 1084, 48, 69708, 232
482404, 16704, 41720, 5920, 8092, 1088, 48, 69752, 232
482384, 16688, 41732, 5908, 8088, 1092, 48, 69788, 232
482368, 16660, 41740, 5908, 8084, 1088, 48, 69832, 232
482328, 16652, 41740, 5900, 8076, 1088, 48, 69896, 232
482320, 16624, 41736, 5896, 8076, 1092, 48, 69936, 232
482296, 16612, 41744, 5896, 8068, 1092, 48, 69972, 232
482280, 16568, 41772, 5912, 8064, 1092, 48, 69992, 232
482260, 16536, 41792, 5912, 8064, 1088, 52, 70024, 232
482236, 16528, 41808, 5912, 8068, 1088, 52, 70036, 232
482204, 16532, 41808, 5908, 8076, 1092, 52, 70056, 232
482164, 16556, 41800, 5892, 8080, 1092, 52, 70092, 232
482144, 16536, 41804, 5892, 8088, 1088, 52, 70124, 232
482116, 16500, 41824, 5908, 8080, 1092, 52, 70156, 232
482100, 16456, 41844, 5928, 8084, 1088, 56, 70172, 232
482100, 16416, 41856, 5924, 8088, 1088, 56, 70200, 232
482092, 16376, 41884, 5920, 8092, 1088, 56, 70220, 232
482076, 16352, 41880, 5924, 8100, 1088, 56, 70252, 232
482068, 16320, 41888, 5924, 8108, 1088, 56, 70276, 232
482048, 16288, 41920, 5912, 8124, 1088, 56, 70292, 232
482044, 16248, 41908, 5928, 8112, 1092, 56, 70340, 232
482028, 16228, 41908, 5928, 8120, 1092, 56, 70368, 232
482004, 16176, 41936, 5948, 8132, 1092, 56, 70384, 232
481992, 16132, 41956, 5940, 8136, 1092, 56, 70424, 232
481988, 16100, 41948, 5940, 8136, 1096, 56, 70464, 232
481972, 16080, 41936, 5952, 8132, 1096, 56, 70504, 232
481960, 16052, 41932, 5948, 8140, 1096, 56, 70544, 232
481952, 16028, 41952, 5948, 8140, 1096, 56, 70556, 232
481948, 15988, 41964, 5948, 8140, 1096, 56, 70588, 232
481932, 15968, 41948, 5944, 8148, 1096, 56, 70636, 232
481916, 15968, 41952, 5932, 8152, 1096, 56, 70656, 232
481888, 15980, 41928, 5924, 8160, 1104, 56, 70688, 232
481864, 15960, 41928, 5920, 8168, 1104, 56, 70728, 232
481840, 15928, 41912, 5936, 8172, 1104, 56, 70780, 232
481824, 15868, 41944, 5932, 8176, 1100, 56, 70828, 232
481816, 15852, 41940, 5936, 8180, 1100, 56, 70848, 232
481804, 15824, 41936, 5928, 8192, 1100, 56, 70888, 232
481796, 15764, 41968, 5928, 8200, 1100, 56, 70916, 232
481772, 15732, 42008, 5920, 8196, 1100, 56, 70944, 232
481764, 15684, 42012, 5936, 8200, 1100, 56, 70976, 232
481740, 15656, 42036, 5924, 8212, 1100, 56, 71004, 232
481724, 15612, 42064, 5936, 8204, 1100, 56, 71032, 232
481700, 15584, 42076, 5948, 8208, 1104, 56, 71052, 232
481668, 15576, 42092, 5948, 8216, 1104, 56, 71068, 232
481644, 15568, 42096, 5936, 8232, 1104, 56, 71092, 232
481624, 15548, 42092, 5952, 8232, 1104, 56, 71120, 232
481600, 15532, 42120, 5944, 8236, 1104, 56, 71136, 232
481556, 15532, 42140, 5944, 8240, 1104, 56, 71156, 232
481528, 15524, 42152, 5912, 8268, 1100, 56, 71188, 232
481520, 15476, 42176, 5904, 8284, 1100, 56, 71212, 232
481496, 15444, 42200, 5912, 8284, 1100, 56, 71236, 232
481476, 15424, 42212, 5916, 8284, 1100, 56, 71260, 232
481444, 15388, 42236, 5936, 8288, 1100, 56, 71280, 232
481420, 15360, 42236, 5936, 8284, 1100, 56, 71336, 232
481388, 15340, 42244, 5932, 8288, 1100, 56, 71380, 232
481364, 15328, 42220, 5948, 8276, 1104, 56, 71432, 232
481336, 15320, 42204, 5952, 8268, 1104, 56, 71488, 232
481308, 15296, 42224, 5952, 8268, 1104, 56, 71520, 232
481280, 15300, 42220, 5940, 8268, 1104, 56, 71560, 232
481252, 15292, 42224, 5932, 8276, 1104, 56, 71592, 232
481212, 15276, 42260, 5940, 8268, 1104, 56, 71612, 232
481176, 15264, 42264, 5956, 8272, 1108, 56, 71632, 232
481144, 15240, 42272, 5972, 8268, 1112, 56, 71664, 232
481124, 15208, 42308, 5972, 8276, 1112, 56, 71672, 232
481112, 15168, 42324, 5968, 8288, 1112, 56, 71700, 232
481084, 15156, 42340, 5968, 8280, 1112, 56, 71728, 236
481052, 15152, 42348, 5980, 8276, 1112, 56, 71748, 236
481044, 15124, 42352, 5988, 8268, 1112, 56, 71780, 236
481020, 15124, 42344, 5980, 8276, 1112, 56, 71812, 236
480992, 15092, 42368, 5988, 8280, 1112, 56, 71836, 236
480968, 15056, 42376, 5992, 8288, 1112, 56, 71876, 236
480920, 15044, 42388, 6000, 8284, 1116, 56, 71916, 236
480908, 15020, 42392, 6008, 8276, 1116, 56, 71948, 236
480876, 14992, 42404, 6020, 8268, 1120, 56, 71988, 236
480868, 14940, 42424, 6024, 8268, 1120, 56, 72024, 236
480848, 14936, 42420, 6024, 8260, 1124, 56, 72056, 236
480820, 14916, 42444, 6012, 8276, 1124, 56, 72076, 236
480796, 14900, 42472, 6012, 8272, 1128, 56, 72088, 236
480784, 14860, 42488, 6024, 8272, 1128, 56, 72112, 236
480748, 14828, 42512, 6040, 8272, 1132, 56, 72136, 236
480720, 14812, 42496, 6036, 8288, 1136, 56, 72180, 236
480704, 14784, 42500, 6036, 8292, 1136, 56, 72216, 236
480660, 14812, 42500, 6028, 8300, 1136, 56, 72232, 236
480628, 14812, 42500, 6028, 8300, 1136, 56, 72264, 236
480600, 14792, 42516, 6028, 8312, 1132, 56, 72288, 236
480584, 14756, 42504, 6020, 8324, 1128, 56, 72352, 236
480556, 14772, 42496, 6012, 8332, 1128, 56, 72372, 236
480512, 14768, 42488, 6020, 8328, 1128, 56, 72424, 236
480480, 14756, 42500, 6016, 8336, 1128, 56, 72452, 236
480464, 14716, 42520, 6020, 8340, 1128, 56, 72480, 236
480448, 14680, 42536, 6016, 8344, 1128, 56, 72516, 236
480432, 14672, 42528, 6020, 8336, 1132, 56, 72548, 236
480404, 14620, 42540, 6040, 8336, 1136, 56, 72592, 236
480360, 14640, 42536, 6048, 8336, 1136, 56, 72612, 236
480296, 14672, 42528, 6048, 8332, 1136, 56, 72656, 236
480260, 14664, 42548, 6056, 8328, 1136, 56, 72676, 236
480216, 14648, 42540, 6064, 8328, 1136, 56, 72736, 236
480152, 14672, 42556, 6060, 8336, 1136, 56, 72756, 236
480116, 14680, 42536, 6056, 8336, 1136, 56, 72808, 236
480048, 14688, 42572, 6044, 8348, 1140, 56, 72828, 236
479992, 14708, 42560, 6048, 8344, 1140, 56, 72876, 236
479952, 14720, 42540, 6044, 8336, 1148, 52, 72932, 236
479888, 14752, 42540, 6024, 8356, 1148, 52, 72964, 236
479856, 14748, 42528, 6012, 8364, 1148, 52, 73016, 236
479812, 14740, 42548, 6008, 8368, 1152, 52, 73044, 236
479760, 14752, 42548, 6012, 8372, 1152, 52, 73076, 236
479692, 14752, 42556, 6028, 8376, 1152, 52, 73116, 236
479660, 14724, 42592, 6024, 8368, 1152, 52, 73152, 236
479600, 14748, 42588, 6028, 8356, 1156, 52, 73196, 236
479548, 14776, 42604, 6028, 8344, 1160, 52, 73212, 236
479524, 14752, 42620, 6024, 8352, 1160, 52, 73240, 236
479476, 14784, 42596, 6020, 8352, 1164, 52, 73280, 236
479456, 14776, 42584, 6016, 8356, 1168, 52, 73316, 236
479440, 14744, 42588, 6028, 8360, 1168, 52, 73344, 236
479424, 14728, 42616, 6028, 8352, 1168, 52, 73356, 236
479400, 14712, 42612, 6016, 8360, 1168, 52, 73404, 236
479392, 14684, 42608, 6016, 8356, 1168, 52, 73448, 236
479376, 14632, 42664, 6012, 8360, 1168, 52, 73460, 236
479352, 14604, 42672, 6024, 8356, 1168, 52, 73496, 236
479324, 14588, 42684, 6020, 8360, 1168, 52, 73528, 236
479312, 14564, 42680, 6024, 8352, 1176, 52, 73564, 236
479292, 14528, 42708, 6016, 8356, 1176, 52, 73596, 236
479264, 14520, 42724, 6012, 8348, 1176, 52, 73628, 236
479244, 14484, 42744, 6016, 8344, 1172, 52, 73668, 236
479216, 14464, 42748, 6012, 8364, 1172, 52, 73696, 236
479200, 14432, 42724, 6020, 8364, 1172, 52, 73760, 236
479176, 14420, 42712, 6020, 8376, 1172, 52, 73796, 236
479148, 14428, 42696, 6020, 8372, 1172, 52, 73836, 236
479136, 14400, 42680, 6020, 8372, 1172, 52, 73892, 236
479120, 14352, 42716, 6028, 8368, 1172, 52, 73916, 236
479096, 14356, 42684, 6012, 8380, 1172, 52, 73972, 236
479088, 14336, 42676, 6016, 8380, 1172, 52, 74004, 236
479072, 14312, 42668, 6024, 8376, 1176, 52, 74044, 236
479056, 14272, 42696, 6028, 8376, 1176, 52, 74068, 236
479040, 14252, 42688, 6028, 8376, 1176, 52, 74112, 236
479020, 14240, 42664, 6032, 8388, 1176, 52, 74152, 236
478992, 14232, 42660, 6032, 8388, 1176, 52, 74192, 236
478976, 14188, 42672, 6040, 8400, 1176, 52, 74220, 236
478956, 14180, 42672, 6040, 8400, 1176, 52, 74248, 236
478948, 14144, 42692, 6048, 8376, 1180, 52, 74284, 236
478912, 14124, 42712, 6052, 8368, 1180, 52, 74324, 236
478892, 14096, 42732, 6056, 8372, 1180, 52, 74344, 236
478880, 14072, 42724, 6060, 8376, 1180, 52, 74380, 236
478860, 14056, 42732, 6056, 8384, 1180, 52, 74404, 236
478844, 14040, 42748, 6036, 8400, 1176, 52, 74428, 236
478832, 14020, 42748, 6036, 8400, 1176, 52, 74460, 236
478832, 13976, 42756, 6020, 8412, 1172, 52, 74504, 236
478812, 13960, 42756, 6020, 8412, 1176, 52, 74536, 236
478792, 13932, 42780, 6008, 8416, 1180, 52, 74564, 236
478780, 13904, 42808, 6000, 8408, 1184, 52, 74588, 236
478768, 13884, 42812, 5996, 8404, 1184, 52, 74624, 236
478752, 13844, 42816, 6012, 8408, 1184, 52, 74656, 236
478732, 13820, 42812, 6012, 8412, 1184, 52, 74700, 236
478700, 13804, 42824, 6020, 8412, 1188, 52, 74724, 236
478684, 13788, 42824, 6020, 8412, 1188, 52, 74756, 236
478676, 13756, 42844, 6020, 8396, 1192, 52, 74788, 236
478664, 13740, 42820, 6004, 8404, 1196, 52, 74844, 236
478644, 13740, 42812, 5984, 8424, 1196, 52, 74872, 236
478624, 13728, 42808, 5992, 8432, 1196, 52, 74892, 236
478604, 13700, 42820, 6000, 8428, 1200, 52, 74920, 236
478588, 13664, 42848, 5992, 8436, 1200, 52, 74944, 236
478572, 13640, 42848, 5988, 8436, 1200, 52, 74988, 236
478552, 13612, 42868, 5984, 8444, 1200, 52, 75012, 236
478540, 13560, 42896, 5996, 8448, 1200, 52, 75032, 236
478524, 13536, 42892, 5992, 8444, 1200, 52, 75084, 236
478472, 13564, 42872, 5988, 8436, 1200, 52, 75140, 236
478436, 13548, 42880, 5988, 8444, 1200, 52, 75176, 236
478404, 13552, 42876, 5980, 8452, 1200, 52, 75208, 236
478324, 13592, 42880, 5980, 8460, 1200, 52, 75236, 236
478244, 13640, 42888, 5968, 8460, 1200, 52, 75272, 236
478144, 13724, 42884, 5964, 8460, 1200, 52, 75296, 236
478064, 13760, 42904, 5968, 8456, 1200, 52, 75320, 236
477988, 13800, 42912, 5964, 8464, 1200, 52, 75344, 236
477876, 13864, 42924, 5944, 8480, 1204, 52, 75380, 236
477788, 13916, 42916, 5940, 8484, 1204, 52, 75424, 236
477688, 13984, 42912, 5936, 8484, 1204, 52, 75464, 236
477572, 14064, 42908, 5940, 8480, 1208, 52, 75500, 236
477472, 14136, 42904, 5940, 8484, 1204, 52, 75532, 236
477376, 14204, 42908, 5932, 8480, 1204, 52, 75568, 236
477272, 14284, 42904, 5920, 8484, 1208, 52, 75600, 236
477148, 14384, 42904, 5904, 8500, 1208, 52, 75624, 236
477036, 14468, 42896, 5900, 8508, 1208, 52, 75656, 236
476916, 14560, 42884, 5892, 8516, 1208, 52, 75696, 236
476800, 14652, 42868, 5900, 8516, 1208, 52, 75728, 236
476676, 14740, 42872, 5908, 8512, 1204, 52, 75760, 236
476592, 14772, 42896, 5912, 8508, 1204, 52, 75788, 236
476476, 14840, 42888, 5928, 8508, 1200, 52, 75832, 236
476284, 15004, 42888, 5936, 8508, 1204, 52, 75848, 236
476148, 15112, 42876, 5932, 8516, 1208, 52, 75880, 236
475984, 15236, 42892, 5936, 8508, 1208, 52, 75908, 236
475844, 15372, 42868, 5928, 8516, 1208, 52, 75936, 236
475712, 15448, 42876, 5944, 8520, 1208, 52, 75964, 236
475608, 15516, 42852, 5944, 8516, 1212, 52, 76024, 236
475472, 15624, 42816, 5936, 8532, 1212, 52, 76080, 236
475384, 15680, 42804, 5940, 8528, 1212, 52, 76124, 236
475320, 15700, 42832, 5940, 8532, 1212, 52, 76136, 236
475220, 15756, 42856, 5932, 8532, 1212, 52, 76164, 236
475144, 15780, 42860, 5960, 8532, 1212, 52, 76184, 236
475036, 15844, 42836, 5968, 8536, 1212, 52, 76240, 236
474944, 15896, 42856, 5952, 8540, 1212, 52, 76272, 236
474860, 15936, 42872, 5960, 8544, 1212, 52, 76288, 236
474768, 15996, 42880, 5960, 8532, 1216, 52, 76316, 240
474716, 16000, 42888, 5948, 8544, 1216, 52, 76356, 240
474612, 16064, 42900, 5944, 8560, 1212, 52, 76376, 240
474516, 16116, 42916, 5952, 8564, 1212, 52, 76392, 240
474428, 16176, 42912, 5964, 8556, 1216, 52, 76416, 240
474340, 16224, 42920, 5964, 8560, 1216, 52, 76444, 240
474224, 16292, 42920, 5972, 8560, 1216, 52, 76484, 240
474144, 16328, 42916, 5972, 8564, 1216, 52, 76528, 240
474032, 16388, 42924, 5980, 8568, 1216, 52, 76560, 240
473948, 16444, 42892, 5988, 8568, 1216, 52, 76612, 240
473844, 16528, 42864, 5988, 8564, 1216, 52, 76664, 240
473748, 16584, 42888, 5980, 8560, 1216, 52, 76692, 240
473660, 16632, 42884, 5984, 8568, 1212, 52, 76728, 240
473544, 16720, 42896, 5976, 8576, 1216, 52, 76740, 240
473432, 16792, 42888, 5960, 8596, 1220, 52, 76780, 240
473372, 16816, 42880, 5952, 8608, 1220, 52, 76820, 240
473244, 16880, 42912, 5968, 8608, 1220, 52, 76836, 240
473140, 16936, 42940, 5968, 8608, 1220, 52, 76856, 240
473076, 16952, 42964, 5960, 8612, 1224, 52, 76880, 240
472996, 17008, 42960, 5956, 8608, 1224, 52, 76916, 240
472892, 17080, 42956, 5952, 8616, 1224, 52, 76948, 240
472848, 17092, 42940, 5952, 8620, 1220, 52, 76992, 244
472780, 17140, 42928, 5948, 8624, 1220, 52, 77024, 244
472744, 17148, 42932, 5944, 8632, 1220, 52, 77044, 244
472712, 17168, 42932, 5912, 8656, 1220, 52, 77064, 244
472684, 17172, 42912, 5916, 8652, 1220, 52, 77108, 244
472660, 17160, 42920, 5916, 8668, 1220, 52, 77120, 244
472636, 17136, 42948, 5908, 8672, 1220, 52, 77144, 244
472600, 17144, 42960, 5904, 8672, 1220, 52, 77164, 244
472572, 17144, 42976, 5896, 8676, 1220, 52, 77180, 244
472556, 17136, 42968, 5880, 8696, 1220, 52, 77208, 244
472528, 17132, 42968, 5884, 8676, 1220, 52, 77256, 244
472504, 17124, 42960, 5876, 8680, 1220, 52, 77300, 244
472484, 17100, 42960, 5880, 8672, 1224, 52, 77344, 244
472468, 17056, 42988, 5872, 8672, 1224, 52, 77384, 244
472452, 17028, 42992, 5868, 8684, 1224, 52, 77416, 244
472424, 17004, 42988, 5868, 8688, 1224, 52, 77468, 244
472400, 16976, 43000, 5872, 8696, 1224, 52, 77496, 244
472372, 16964, 42996, 5880, 8704, 1228, 48, 77524, 244
472364, 16944, 42992, 5876, 8720, 1228, 48, 77544, 244
472344, 16924, 42988, 5884, 8712, 1224, 52, 77588, 244
472292, 16948, 42988, 5884, 8712, 1228, 52, 77612, 244
472212, 17000, 42980, 5876, 8720, 1232, 52, 77644, 244
472188, 17004, 42968, 5876, 8720, 1232, 52, 77676, 244
472136, 17028, 42960, 5872, 8732, 1232, 52, 77704, 244
472064, 17056, 42964, 5864, 8748, 1232, 52, 77736, 244
472036, 17060, 42960, 5852, 8760, 1236, 52, 77760, 244
472008, 17048, 42936, 5860, 8772, 1236, 52, 77804, 244
471984, 17040, 42928, 5856, 8780, 1236, 52, 77840, 244
471948, 17044, 42944, 5840, 8792, 1236, 52, 77860, 244
471904, 17048, 42952, 5840, 8792, 1236, 52, 77892, 244
471888, 17020, 42976, 5848, 8796, 1236, 52, 77900, 244
471856, 17004, 42976, 5856, 8800, 1236, 52, 77936, 244
471840, 16992, 42968, 5856, 8800, 1240, 52, 77968, 244
471808, 16996, 42944, 5852, 8808, 1240, 52, 78016, 244
471772, 17012, 42940, 5840, 8808, 1240, 52, 78052, 244
471752, 17000, 42932, 5848, 8796, 1240, 52, 78096, 244
471716, 17004, 42924, 5852, 8776, 1240, 52, 78152, 244
471696, 16992, 42916, 5856, 8764, 1240, 52, 78200, 244
471688, 16964, 42916, 5860, 8772, 1240, 52, 78224, 244
471680, 16932, 42932, 5836, 8788, 1240, 52, 78256, 244
471668, 16916, 42920, 5844, 8784, 1240, 52, 78292, 244
471652, 16880, 42928, 5832, 8804, 1240, 52, 78328, 244
471636, 16872, 42908, 5844, 8800, 1244, 52, 78360, 244
471624, 16860, 42912, 5832, 8816, 1244, 52, 78376, 244
471604, 16856, 42912, 5832, 8820, 1244, 52, 78396, 244
471580, 16816, 42936, 5844, 8828, 1244, 52, 78416, 244
471568, 16772, 42948, 5840, 8832, 1244, 52, 78460, 244
471532, 16748, 42972, 5844, 8832, 1244, 52, 78492, 244
471520, 16752, 42940, 5828, 8848, 1244, 52, 78532, 244
471504, 16724, 42944, 5832, 8856, 1244, 52, 78560, 244
471484, 16704, 42932, 5840, 8848, 1244, 52, 78612, 244
471464, 16664, 42948, 5828, 8864, 1244, 52, 78652, 244
471444, 16648, 42952, 5816, 8872, 1244, 52, 78688, 244
471424, 16644, 42936, 5820, 8872, 1244, 52, 78724, 244
471400, 16640, 42932, 5816, 8868, 1244, 52, 78764, 244
471392, 16600, 42928, 5812, 8856, 1248, 52, 78828, 244
471384, 16576, 42944, 5804, 8856, 1252, 52, 78848, 244
471384, 16552, 42940, 5800, 8852, 1252, 52, 78884, 244
471368, 16536, 42924, 5816, 8844, 1248, 52, 78928, 244
471352, 16532, 42920, 5808, 8852, 1248, 52, 78952, 244
471340, 16500, 42936, 5804, 8848, 1248, 52, 78988, 244
471320, 16500, 42928, 5788, 8864, 1248, 52, 79016, 244
471304, 16460, 42940, 5796, 8864, 1248, 52, 79052, 244
471288, 16424, 42960, 5792, 8864, 1248, 52, 79088, 244
471260, 16416, 42952, 5816, 8848, 1248, 52, 79124, 244
471248, 16380, 42952, 5824, 8836, 1248, 52, 79176, 244
471232, 16360, 42956, 5828, 8828, 1248, 52, 79212, 244
471220, 16344, 42968, 5824, 8808, 1252, 52, 79248, 244
471204, 16336, 42968, 5836, 8812, 1252, 52, 79256, 244
471200, 16312, 42948, 5828, 8816, 1256, 52, 79304, 244
471192, 16284, 42928, 5824, 8816, 1252, 56, 79364, 244
471184, 16260, 42916, 5840, 8808, 1252, 56, 79400, 244
471172, 16252, 42912, 5836, 8800, 1252, 56, 79432, 248
471144, 16276, 42900, 5832, 8804, 1252, 56, 79448, 248
471124, 16268, 42892, 5832, 8800, 1256, 56, 79484, 248
471104, 16268, 42884, 5812, 8828, 1256, 56, 79504, 248
471084, 16272, 42872, 5808, 8836, 1256, 56, 79528, 248
471072, 16268, 42864, 5796, 8848, 1256, 56, 79552, 248
471048, 16236, 42872, 5800, 8848, 1256, 56, 79596, 248
471028, 16216, 42860, 5804, 8852, 1256, 56, 79640, 248
471004, 16212, 42844, 5800, 8844, 1260, 56, 79692, 248
470980, 16192, 42868, 5800, 8848, 1260, 56, 79708, 248
470964, 16156, 42876, 5788, 8860, 1264, 56, 79748, 248
470956, 16112, 42892, 5796, 8852, 1264, 56, 79784, 248
470936, 16088, 42892, 5808, 8856, 1264, 56, 79812, 248
470924, 16084, 42864, 5808, 8852, 1260, 56, 79864, 248
470908, 16064, 42872, 5804, 8864, 1264, 52, 79884, 248
470904, 16040, 42884, 5800, 8864, 1268, 52, 79900, 248
470884, 16020, 42868, 5804, 8860, 1268, 52, 79956, 248
470844, 16028, 42884, 5800, 8856, 1268, 52, 79980, 248
470796, 16032, 42892, 5792, 8860, 1268, 52, 80020, 248
470752, 16040, 42908, 5780, 8876, 1272, 52, 80032, 248
470692, 16056, 42888, 5788, 8872, 1272, 52, 80092, 248
470644, 16036, 42900, 5808, 8864, 1272, 52, 80136, 248
470564, 16096, 42896, 5788, 8868, 1272, 56, 80172, 248
470500, 16136, 42876, 5772, 8884, 1272, 56, 80216, 248
470436, 16160, 42876, 5776, 8884, 1268, 60, 80252, 248
470332, 16248, 42856, 5772, 8884, 1268, 60, 80292, 248
470244, 16300, 42860, 5780, 8872, 1272, 60, 80324, 248
470176, 16336, 42860, 5780, 8872, 1280, 60, 80348, 248
470100, 16380, 42848, 5784, 8884, 1280, 60, 80376, 248
470000, 16448, 42860, 5788, 8888, 1280, 60, 80388, 248
469872, 16540, 42868, 5788, 8888, 1280, 60, 80416, 248
469764, 16604, 42876, 5796, 8884, 1280, 60, 80448, 248
469664, 16676, 42868, 5792, 8884, 1280, 60, 80488, 248
469568, 16732, 42876, 5792, 8888, 1280, 60, 80516, 248
469460, 16812, 42852, 5804, 8872, 1284, 60, 80568, 248
469344, 16888, 42856, 5800, 8876, 1284, 60, 80604, 248
469264, 16928, 42852, 5796, 8884, 1284, 60, 80644, 248
469140, 17044, 42836, 5784, 8892, 1284, 60, 80672, 248
469056, 17092, 42844, 5776, 8892, 1288, 60, 80704, 248
468948, 17144, 42860, 5768, 8904, 1288, 60, 80740, 248
468828, 17236, 42864, 5764, 8892, 1288, 60, 80780, 248
468740, 17288, 42876, 5756, 8900, 1288, 60, 80804, 248
468656, 17340, 42880, 5756, 8904, 1288, 60, 80828, 248
468580, 17384, 42864, 5756, 8908, 1288, 60, 80872, 248
468500, 17424, 42876, 5748, 8916, 1288, 60, 80900, 248
468436, 17428, 42884, 5764, 8908, 1288, 60, 80944, 248
468340, 17492, 42884, 5764, 8912, 1288, 60, 80972, 248
468248, 17548, 42892, 5760, 8920, 1288, 60, 80996, 248
468156, 17596, 42892, 5768, 8916, 1292, 60, 81032, 248
468088, 17608, 42904, 5784, 8904, 1292, 60, 81072, 248
468008, 17664, 42900, 5780, 8896, 1292, 60, 81112, 248
467904, 17716, 42932, 5784, 8896, 1292, 60, 81128, 248
467824, 17780, 42908, 5760, 8912, 1292, 60, 81176, 248
467744, 17824, 42904, 5756, 8920, 1292, 60, 81212, 248
467628, 17900, 42904, 5756, 8928, 1292, 60, 81244, 248
467572, 17928, 42892, 5752, 8920, 1296, 60, 81292, 248
467492, 17968, 42896, 5736, 8936, 1296, 60, 81328, 248
467400, 18032, 42896, 5720, 8948, 1296, 60, 81360, 248
467312, 18072, 42912, 5720, 8956, 1300, 60, 81380, 248
467220, 18124, 42912, 5732, 8948, 1304, 60, 81412, 248
467120, 18184, 42928, 5732, 8956, 1304, 60, 81428, 248
466996, 18284, 42928, 5712, 8976, 1300, 60, 81456, 248
466904, 18340, 42928, 5708, 8984, 1300, 60, 81488, 248
466832, 18356, 42940, 5716, 8980, 1300, 60, 81528, 248
466768, 18392, 42944, 5696, 8988, 1300, 60, 81564, 248
466696, 18444, 42920, 5700, 8988, 1300, 60, 81604, 248
466604, 18504, 42916, 5692, 8988, 1296, 60, 81652, 248
466536, 18536, 42936, 5688, 8996, 1296, 60, 81664, 248
466444, 18596, 42928, 5688, 8992, 1296, 60, 81708, 248
466364, 18628, 42944, 5696, 9000, 1296, 60, 81724, 248
466308, 18640, 42964, 5692, 9008, 1300, 60, 81740, 248
466244, 18668, 42932, 5700, 9004, 1304, 60, 81800, 248
466176, 18696, 42916, 5700, 8996, 1304, 60, 81864, 248
466124, 18720, 42908, 5692, 8988, 1304, 60, 81916, 248
466076, 18732, 42920, 5680, 9000, 1304, 60, 81940, 248
466052, 18740, 42892, 5676, 9004, 1300, 64, 81984, 248
466004, 18756, 42864, 5680, 9004, 1300, 64, 82040, 248
465984, 18748, 42848, 5688, 9000, 1300, 64, 82080, 248
465964, 18720, 42872, 5692, 9004, 1300, 64, 82096, 248
465932, 18724, 42872, 5680, 9012, 1300, 64, 82128, 248
465904, 18708, 42868, 5680, 9016, 1304, 64, 82168, 248
465868, 18712, 42876, 5688, 9012, 1308, 64, 82184, 248
465848, 18692, 42876, 5680, 9020, 1308, 64, 82224, 248
465812, 18684, 42892, 5664, 9028, 1308, 64, 82260, 248
465788, 18676, 42888, 5648, 9040, 1308, 64, 82300, 248
465756, 18684, 42888, 5636, 9044, 1312, 64, 82328, 248
465736, 18668, 42884, 5640, 9036, 1312, 64, 82372, 248
465720, 18660, 42872, 5640, 9028, 1312, 64, 82416, 248
465696, 18640, 42888, 5652, 9016, 1312, 64, 82444, 248
465668, 18636, 42884, 5648, 9024, 1312, 64, 82476, 248
465648, 18612, 42884, 5644, 9028, 1316, 64, 82516, 248
465612, 18616, 42888, 5644, 9024, 1316, 68, 82544, 248
465592, 18620, 42868, 5644, 9020, 1316, 68, 82584, 248
465552, 18628, 42852, 5644, 9020, 1316, 68, 82632, 248
465524, 18632, 42856, 5632, 9032, 1316, 68, 82652, 248
465476, 18652, 42856, 5624, 9032, 1316, 68, 82688, 248
465452, 18628, 42848, 5632, 9028, 1316, 68, 82740, 248
465432, 18596, 42872, 5632, 9028, 1316, 68, 82768, 248
465388, 18600, 42892, 5616, 9040, 1316, 68, 82792, 248
465372, 18572, 42900, 5608, 9044, 1316, 68, 82832, 248
465324, 18592, 42880, 5612, 9040, 1316, 68, 82880, 248
465308, 18572, 42872, 5612, 9040, 1316, 68, 82924, 248
465276, 18576, 42864, 5604, 9044, 1320, 68, 82960, 248
465252, 18556, 42884, 5600, 9056, 1320, 68, 82976, 248
465232, 18544, 42880, 5608, 9044, 1320, 68, 83016, 248
465184, 18544, 42900, 5616, 9024, 1320, 68, 83056, 248
465160, 18516, 42904, 5616, 9028, 1320, 68, 83100, 248
465144, 18488, 42916, 5624, 9028, 1320, 68, 83124, 248
465128, 18472, 42904, 5624, 9024, 1320, 68, 83172, 248
465116, 18448, 42896, 5632, 9024, 1320, 68, 83208, 248
465104, 18448, 42856, 5628, 9024, 1320, 68, 83264, 248
465096, 18448, 42856, 5620, 9028, 1320, 68, 83276, 248
465092, 18412, 42844, 5612, 9028, 1320, 68, 83336, 248
465088, 18352, 42876, 5612, 9028, 1320, 68, 83368, 248
465064, 18304, 42920, 5612, 9028, 1320, 68, 83396, 248
465040, 18280, 42940, 5592, 9044, 1320, 68, 83428, 248
465008, 18256, 42964, 5576, 9056, 1320, 68, 83464, 248
464992, 18252, 42968, 5560, 9064, 1324, 68, 83484, 248
464980, 18224, 42968, 5556, 9068, 1328, 68, 83520, 248
464968, 18208, 42964, 5556, 9068, 1328, 68, 83552, 248
464968, 18184, 42952, 5556, 9072, 1328, 68, 83584, 248
464960, 18152, 42972, 5552, 9080, 1328, 68, 83600, 248
464948, 18140, 42964, 5540, 9092, 1328, 68, 83632, 248
464932, 18104, 42976, 5540, 9096, 1328, 68, 83668, 248
464928, 18060, 42996, 5544, 9088, 1328, 68, 83700, 248
464904, 18056, 42976, 5536, 9100, 1324, 68, 83744, 252
464888, 18016, 42984, 5548, 9092, 1324, 68, 83788, 252
464888, 17980, 42976, 5536, 9092, 1324, 68, 83844, 252
464872, 17972, 42952, 5536, 9084, 1332, 68, 83892, 252
464856, 17948, 42936, 5552, 9084, 1332, 68, 83932, 252
464840, 17928, 42936, 5556, 9088, 1340, 68, 83952, 252
464812, 17900, 42944, 5584, 9084, 1340, 68, 83976, 252
464772, 17884, 42956, 5592, 9084, 1340, 68, 84012, 252
464760, 17868, 42952, 5588, 9080, 1344, 68, 84048, 252
464752, 17824, 42972, 5584, 9072, 1352, 68, 84084, 252
464744, 17800, 42972, 5580, 9080, 1352, 68, 84112, 252
464728, 17772, 42996, 5560, 9092, 1352, 68, 84140, 252
464728, 17728, 42992, 5572, 9092, 1356, 68, 84172, 252
464708, 17724, 42984, 5560, 9096, 1356, 68, 84212, 252
464700, 17692, 42976, 5564, 9088, 1356, 68, 84264, 252
464688, 17668, 42976, 5560, 9096, 1356, 68, 84296, 252
464672, 17656, 42972, 5556, 9096, 1352, 68, 84336, 252
464660, 17596, 43004, 5568, 9092, 1352, 68, 84368, 252
464656, 17564, 43000, 5568, 9100, 1352, 68, 84400, 252
464644, 17504, 43032, 5572, 9108, 1356, 68, 84424, 252
464624, 17500, 43008, 5564, 9116, 1360, 68, 84468, 252
464596, 17504, 43008, 5556, 9120, 1360, 68, 84496, 252
464580, 17476, 43020, 5560, 9120, 1364, 68, 84520, 252
464564, 17460, 43004, 5552, 9124, 1364, 68, 84572, 252
464548, 17456, 43008, 5544, 9120, 1368, 68, 84596, 252
464536, 17416, 43000, 5564, 9120, 1368, 68, 84636, 252
464512, 17408, 42996, 5568, 9120, 1372, 68, 84664, 252
464496, 17372, 43016, 5572, 9124, 1372, 68, 84688, 252
464476, 17356, 43016, 5584, 9124, 1372, 68, 84712, 252
464460, 17332, 43036, 5572, 9128, 1372, 68, 84740, 252
464440, 17328, 43044, 5564, 9140, 1372, 68, 84752, 252
464428, 17292, 43056, 5556, 9148, 1372, 68, 84788, 252
464408, 17284, 43052, 5552, 9152, 1372, 68, 84820, 252
464388, 17244, 43072, 5556, 9160, 1372, 68, 84848, 252
464360, 17240, 43068, 5552, 9164, 1372, 68, 84884, 252
464328, 17244, 43068, 5568, 9156, 1372, 68, 84904, 252
464276, 17248, 43092, 5568, 9156, 1372, 68, 84928, 252
464232, 17244, 43108, 5564, 9164, 1376, 68, 84952, 252
464188, 17264, 43100, 5556, 9168, 1380, 68, 84984, 252
464136, 17292, 43104, 5544, 9176, 1384, 68, 85004, 252
464088, 17308, 43100, 5536, 9176, 1388, 68, 85044, 252
464020, 17360, 43084, 5532, 9176, 1388, 68, 85080, 252
463980, 17340, 43096, 5536, 9176, 1388, 68, 85124, 252
463952, 17312, 43108, 5536, 9176, 1392, 68, 85164, 252
463900, 17328, 43124, 5532, 9172, 1392, 68, 85192, 252
463828, 17364, 43112, 5532, 9168, 1392, 68, 85244, 252
463736, 17416, 43116, 5512, 9196, 1396, 68, 85268, 252
463636, 17488, 43104, 5508, 9188, 1400, 68, 85316, 252
463532, 17552, 43104, 5512, 9188, 1400, 68, 85352, 252
463428, 17620, 43108, 5508, 9188, 1400, 68, 85388, 252
463340, 17656, 43100, 5528, 9180, 1400, 68, 85436, 252
463264, 17696, 43096, 5524, 9188, 1400, 68, 85472, 252
463188, 17724, 43108, 5536, 9188, 1400, 68, 85496, 252
463116, 17744, 43104, 5548, 9184, 1400, 68, 85544, 252
463024, 17804, 43108, 5540, 9184, 1408, 64, 85576, 252
462952, 17840, 43112, 5544, 9180, 1412, 64, 85604, 252
462812, 17932, 43132, 5532, 9184, 1412, 64, 85640, 252
462708, 17984, 43140, 5544, 9164, 1420, 64, 85684, 252
462608, 18056, 43144, 5532, 9172, 1416, 68, 85712, 252
462496, 18140, 43144, 5520, 9164, 1416, 68, 85760, 252
462416, 18212, 43116, 5516, 9164, 1416, 68, 85800, 252
462324, 18280, 43116, 5516, 9160, 1416, 68, 85828, 252
462228, 18328, 43124, 5516, 9168, 1420, 68, 85856, 252
462152, 18360, 43140, 5520, 9160, 1424, 68, 85884, 252
462060, 18404, 43160, 5524, 9156, 1428, 68, 85908, 252
461984, 18440, 43152, 5512, 9172, 1432, 68, 85948, 252
461912, 18472, 43156, 5516, 9176, 1432, 68, 85976, 252
461848, 18524, 43128, 5512, 9172, 1432, 68, 86024, 252
461796, 18532, 43148, 5508, 9172, 1436, 68, 86048, 252
461732, 18552, 43140, 5512, 9172, 1436, 68, 86096, 252
461656, 18580, 43144, 5504, 9184, 1436, 68, 86136, 252
461536, 18672, 43152, 5500, 9180, 1436, 68, 86164, 252
461468, 18708, 43152, 5500, 9188, 1436, 68, 86188, 252
461408, 18732, 43168, 5496, 9196, 1432, 72, 86204, 252
461340, 18788, 43164, 5492, 9196, 1432, 72, 86224, 252
461284, 18804, 43188, 5488, 9204, 1436, 72, 86232, 252
461236, 18804, 43192, 5496, 9208, 1440, 72, 86260, 252
461176, 18832, 43184, 5480, 9220, 1440, 72, 86304, 252
461108, 18860, 43196, 5492, 9220, 1440, 72, 86320, 252
461016, 18924, 43196, 5480, 9232, 1440, 72, 86348, 252
460972, 18944, 43180, 5468, 9244, 1440, 72, 86388, 252
460884, 18984, 43192, 5472, 9240, 1440, 72, 86424, 252
460796, 19036, 43204, 5468, 9244, 1440, 72, 86448, 252
460712, 19084, 43192, 5480, 9228, 1440, 72, 86500, 252
460648, 19120, 43172, 5472, 9236, 1440, 72, 86548, 252
460560, 19152, 43192, 5460, 9260, 1440, 72, 86572, 252
460480, 19184, 43196, 5460, 9260, 1440, 72, 86616, 252
460432, 19180, 43224, 5464, 9264, 1440, 72, 86632, 252
460392, 19176, 43232, 5484, 9252, 1440, 72, 86660, 252
460336, 19180, 43236, 5480, 9256, 1440, 72, 86708, 252
460252, 19224, 43212, 5488, 9252, 1440, 72, 86768, 252
460180, 19256, 43224, 5496, 9240, 1444, 72, 86796, 252
460112, 19280, 43216, 5492, 9244, 1444, 72, 86848, 252
460032, 19320, 43240, 5484, 9244, 1444, 72, 86872, 252
460020, 19276, 43264, 5476, 9252, 1444, 72, 86904, 252
460004, 19256, 43264, 5468, 9244, 1448, 72, 86952, 252
459980, 19236, 43296, 5472, 9240, 1448, 72, 86964, 252
459932, 19232, 43316, 5476, 9244, 1448, 72, 86988, 252
459908, 19216, 43300, 5476, 9252, 1448, 72, 87036, 252
459868, 19200, 43300, 5496, 9248, 1448, 72, 87076, 252
459852, 19196, 43288, 5492, 9252, 1452, 72, 87104, 252
459832, 19180, 43296, 5488, 9252, 1452, 72, 87136, 252
459820, 19148, 43304, 5496, 9248, 1452, 72, 87168, 252
459808, 19116, 43296, 5512, 9256, 1452, 72, 87196, 252
459788, 19092, 43320, 5512, 9256, 1452, 72, 87216, 252
459764, 19080, 43320, 5520, 9256, 1452, 72, 87244, 252
459740, 19044, 43352, 5524, 9260, 1452, 72, 87264, 252
459724, 19020, 43348, 5516, 9256, 1456, 72, 87316, 252
459692, 19024, 43324, 5524, 9248, 1456, 72, 87368, 252
459668, 19024, 43308, 5524, 9256, 1452, 72, 87404, 252
459640, 19000, 43332, 5532, 9252, 1452, 72, 87428, 252
459616, 18988, 43332, 5516, 9276, 1452, 72, 87456, 252
459596, 18976, 43320, 5508, 9280, 1452, 72, 87504, 252
459568, 18988, 43304, 5500, 9272, 1452, 72, 87552, 252
459556, 18976, 43308, 5492, 9272, 1456, 72, 87576, 252
459544, 18936, 43324, 5504, 9264, 1456, 72, 87608, 252
459520, 18900, 43356, 5496, 9264, 1460, 72, 87640, 252
459492, 18884, 43368, 5508, 9252, 1460, 72, 87672, 252
459444, 18880, 43368, 5532, 9240, 1464, 72, 87708, 252
459416, 18868, 43380, 5532, 9240, 1460, 72, 87736, 256
459388, 18848, 43368, 5516, 9260, 1460, 72, 87792, 256
459360, 18848, 43356, 5512, 9264, 1460, 72, 87832, 256
459340, 18844, 43344, 5504, 9260, 1460, 72, 87880, 256
459332, 18812, 43336, 5512, 9260, 1460, 72, 87920, 256
459300, 18816, 43324, 5520, 9248, 1460, 72, 87964, 256
459280, 18808, 43308, 5520, 9256, 1460, 72, 88000, 256
459264, 18796, 43304, 5520, 9256, 1460, 72, 88032, 256
459240, 18796, 43304, 5496, 9272, 1460, 72, 88064, 256
459224, 18756, 43316, 5496, 9276, 1460, 72, 88104, 256
459208, 18748, 43300, 5476, 9296, 1460, 72, 88144, 256
459200, 18720, 43300, 5480, 9288, 1460, 72, 88184, 256
459180, 18676, 43336, 5496, 9276, 1464, 72, 88204, 256
459172, 18632, 43348, 5488, 9276, 1464, 72, 88252, 256
459160, 18600, 43368, 5488, 9272, 1472, 72, 88272, 256
459140, 18560, 43400, 5488, 9256, 1476, 72, 88312, 256
459112, 18536, 43392, 5496, 9260, 1476, 72, 88360, 256
459096, 18516, 43388, 5488, 9256, 1476, 72, 88412, 256
459088, 18496, 43380, 5496, 9260, 1476, 72, 88436, 256
459064, 18480, 43376, 5496, 9260, 1472, 72, 88484, 256
459052, 18436, 43384, 5484, 9276, 1472, 72, 88528, 256
459032, 18400, 43388, 5476, 9280, 1472, 72, 88584, 256
459024, 18352, 43388, 5476, 9300, 1468, 72, 88620, 260
459012, 18308, 43392, 5484, 9300, 1468, 72, 88664, 260
458996, 18300, 43396, 5472, 9308, 1468, 72, 88688, 260
458980, 18264, 43412, 5472, 9316, 1468, 72, 88716, 260
458976, 18204, 43432, 5480, 9316, 1472, 72, 88748, 260
458956, 18208, 43412, 5464, 9324, 1472, 72, 88792, 260
458932, 18192, 43416, 5476, 9316, 1472, 72, 88824, 260
458924, 18144, 43416, 5488, 9328, 1472, 72, 88856, 260
458908, 18124, 43408, 5472, 9340, 1472, 72, 88904, 260
458868, 18132, 43404, 5460, 9352, 1472, 72, 88940, 260
458848, 18100, 43432, 5460, 9348, 1472, 72, 88968, 260
458832, 18044, 43460, 5464, 9344, 1476, 72, 89008, 260
458828, 18008, 43452, 5456, 9352, 1476, 72, 89056, 260
458812, 17992, 43456, 5456, 9352, 1476, 72, 89084, 260
458792, 17976, 43488, 5452, 9352, 1480, 72, 89088, 260
458772, 17956, 43496, 5452, 9356, 1480, 72, 89116, 260
458756, 17920, 43528, 5432, 9360, 1480, 72, 89152, 260
458748, 17864, 43540, 5440, 9368, 1480, 72, 89188, 260
458744, 17828, 43548, 5444, 9376, 1480, 72, 89208, 260
458728, 17820, 43544, 5432, 9376, 1480, 72, 89248, 260
458708, 17800, 43548, 5424, 9376, 1484, 72, 89288, 260
458696, 17768, 43544, 5420, 9368, 1480, 76, 89348, 260
458676, 17772, 43536, 5416, 9360, 1480, 76, 89384, 260
458660, 17740, 43532, 5412, 9360, 1480, 76, 89440, 260
458648, 17724, 43528, 5412, 9364, 1484, 76, 89464, 260
458640, 17712, 43508, 5412, 9352, 1488, 76, 89512, 260
458632, 17696, 43504, 5408, 9352, 1488, 80, 89540, 260
458616, 17660, 43528, 5420, 9352, 1488, 80, 89556, 260
458612, 17644, 43504, 5416, 9360, 1488, 80, 89596, 260
458592, 17640, 43492, 5416, 9368, 1488, 80, 89624, 260
458588, 17604, 43504, 5416, 9376, 1488, 80, 89644, 260
458584, 17552, 43532, 5408, 9396, 1488, 80, 89660, 260
458564, 17552, 43532, 5400, 9392, 1492, 80, 89688, 260
458544, 17524, 43560, 5400, 9384, 1496, 80, 89712, 260
458532, 17480, 43588, 5396, 9380, 1504, 80, 89740, 260
458532, 17440, 43604, 5392, 9384, 1504, 80, 89764, 260
458508, 17416, 43620, 5396, 9384, 1504, 80, 89792, 260
458484, 17384, 43644, 5396, 9380, 1504, 80, 89828, 260
458456, 17376, 43640, 5396, 9384, 1504, 80, 89864, 260
458440, 17368, 43648, 5380, 9396, 1504, 80, 89884, 260
458404, 17368, 43640, 5356, 9412, 1508, 80, 89932, 260
458348, 17356, 43632, 5368, 9400, 1516, 80, 90000, 260
458296, 17364, 43644, 5356, 9392, 1528, 80, 90040, 260
458240, 17384, 43652, 5368, 9392, 1528, 80, 90056, 260
458180, 17392, 43664, 5376, 9392, 1536, 80, 90080, 260
458096, 17456, 43640, 5376, 9392, 1540, 80, 90120, 260
458024, 17468, 43648, 5368, 9392, 1544, 80, 90176, 260
457928, 17512, 43672, 5368, 9392, 1548, 80, 90200, 260
457820, 17580, 43688, 5360, 9376, 1552, 80, 90244, 260
457744, 17628, 43688, 5368, 9376, 1552, 80, 90264, 260
457680, 17656, 43664, 5372, 9380, 1556, 80, 90312, 260
457604, 17672, 43664, 5372, 9388, 1560, 80, 90360, 260
457524, 17712, 43660, 5372, 9400, 1560, 80, 90392, 260
457428, 17760, 43664, 5372, 9404, 1564, 80, 90428, 260
457384, 17760, 43660, 5376, 9404, 1564, 80, 90472, 260
457316, 17780, 43672, 5392, 9396, 1564, 80, 90500, 260
457196, 17860, 43668, 5400, 9396, 1564, 80, 90536, 260
457108, 17892, 43684, 5408, 9388, 1564, 80, 90576, 260
457012, 17952, 43696, 5396, 9392, 1564, 80, 90608, 260
456920, 18008, 43684, 5400, 9396, 1564, 80, 90648, 260
456796, 18104, 43664, 5380, 9420, 1564, 80, 90692, 260
456700, 18156, 43644, 5388, 9408, 1564, 80, 90760, 260
456604, 18208, 43616, 5404, 9408, 1564, 80, 90816, 260
456500, 18280, 43620, 5408, 9396, 1572, 80, 90844, 260
456392, 18328, 43644, 5420, 9392, 1572, 80, 90872, 260
456308, 18376, 43648, 5424, 9392, 1572, 80, 90900, 260
456240, 18384, 43664, 5428, 9380, 1576, 80, 90948, 260
456180, 18404, 43624, 5436, 9380, 1576, 80, 91020, 260
456084, 18464, 43640, 5424, 9388, 1576, 80, 91044, 260
455996, 18524, 43648, 5420, 9396, 1576, 80, 91060, 260
455928, 18564, 43656, 5408, 9412, 1576, 80, 91076, 260
455844, 18616, 43640, 5416, 9416, 1576, 80, 91112, 260
455784, 18628, 43644, 5432, 9412, 1580, 80, 91140, 260
455700, 18672, 43644, 5432, 9416, 1584, 80, 91172, 260
455632, 18696, 43656, 5432, 9416, 1584, 80, 91204, 260
455564, 18720, 43676, 5436, 9400, 1588, 80, 91236, 260
455500, 18764, 43668, 5424, 9404, 1596, 80, 91264, 260
455412, 18832, 43660, 5420, 9396, 1600, 80, 91300, 260
455348, 18844, 43676, 5424, 9388, 1608, 80, 91332, 260
455288, 18872, 43656, 5416, 9396, 1608, 80, 91384, 260
455228, 18880, 43668, 5412, 9396, 1604, 80, 91432, 260
455148, 18884, 43716, 5420, 9396, 1604, 80, 91452, 260
455068, 18920, 43724, 5428, 9388, 1608, 76, 91488, 260
454996, 18960, 43728, 5428, 9388, 1612, 76, 91512, 260
454940, 18952, 43740, 5448, 9392, 1612, 76, 91540, 260
454900, 18952, 43748, 5460, 9384, 1616, 76, 91564, 260
454808, 19012, 43752, 5456, 9384, 1616, 76, 91592, 264
454716, 19064, 43764, 5464, 9380, 1616, 76, 91616, 264
454644, 19096, 43768, 5460, 9372, 1616, 76, 91664, 264
454548, 19144, 43764, 5460, 9380, 1616, 76, 91708, 264
454504, 19148, 43776, 5456, 9380, 1616, 76, 91740, 264
454452, 19172, 43744, 5444, 9384, 1620, 76, 91804, 264
454376, 19192, 43748, 5460, 9384, 1620, 76, 91840, 264
454356, 19132, 43776, 5472, 9376, 1620, 76, 91888, 264
454316, 19132, 43800, 5448, 9392, 1620, 76, 91912, 264
454284, 19132, 43788, 5464, 9388, 1620, 76, 91944, 264
454248, 19112, 43804, 5464, 9380, 1620, 76, 91992, 264
454220, 19088, 43812, 5460, 9400, 1620, 76, 92020, 264
454196, 19052, 43832, 5468, 9388, 1620, 76, 92064, 264
454172, 19040, 43820, 5464, 9388, 1628, 76, 92108, 264
454144, 19032, 43800, 5468, 9392, 1628, 76, 92156, 264
454132, 18992, 43800, 5476, 9388, 1628, 76, 92204, 264
454096, 19000, 43776, 5456, 9400, 1628, 76, 92264, 264
454072, 18976, 43772, 5464, 9400, 1624, 76, 92312, 264
454052, 18972, 43744, 5468, 9396, 1624, 76, 92364, 264
454032, 18940, 43768, 5464, 9400, 1624, 76, 92392, 264
454008, 18924, 43764, 5472, 9396, 1624, 76, 92432, 264
453972, 18908, 43760, 5480, 9384, 1624, 76, 92492, 264
453952, 18888, 43780, 5476, 9372, 1632, 76, 92520, 264
453952, 18852, 43780, 5472, 9372, 1636, 76, 92556, 264
453944, 18824, 43768, 5464, 9384, 1636, 76, 92600, 264
453928, 18768, 43800, 5472, 9396, 1636, 76, 92620, 264
453920, 18716, 43804, 5472, 9412, 1636, 76, 92660, 264
453900, 18704, 43792, 5464, 9416, 1636, 76, 92708, 264
453880, 18696, 43776, 5448, 9424, 1636, 76, 92760, 264
453868, 18656, 43764, 5472, 9416, 1636, 76, 92808, 264
453860, 18632, 43764, 5476, 9404, 1636, 76, 92848, 264
453836, 18616, 43752, 5484, 9396, 1636, 76, 92900, 264
453820, 18580, 43768, 5484, 9400, 1644, 76, 92924, 264
453816, 18572, 43752, 5480, 9392, 1644, 76, 92964, 264
453808, 18520, 43788, 5476, 9396, 1644, 76, 92988, 264
453792, 18492, 43784, 5476, 9396, 1644, 76, 93036, 264
453768, 18484, 43776, 5472, 9408, 1644, 76, 93068, 264
453736, 18484, 43764, 5468, 9416, 1644, 76, 93108, 264
453708, 18456, 43772, 5476, 9416, 1644, 76, 93148, 264
453668, 18460, 43776, 5480, 9412, 1648, 76, 93176, 264
453652, 18448, 43776, 5480, 9412, 1644, 80, 93204, 264
453624, 18424, 43792, 5484, 9420, 1644, 80, 93228, 264
453584, 18436, 43760, 5488, 9404, 1644, 80, 93300, 264
453568, 18404, 43764, 5484, 9416, 1644, 80, 93336, 264
453544, 18384, 43772, 5488, 9420, 1644, 80, 93364, 264
453520, 18368, 43800, 5484, 9416, 1644, 80, 93384, 264
453512, 18320, 43824, 5480, 9420, 1644, 80, 93416, 264
453500, 18284, 43836, 5488, 9412, 1648, 80, 93448, 264
453484, 18284, 43816, 5484, 9416, 1648, 80, 93484, 264
453468, 18260, 43800, 5492, 9420, 1648, 80, 93528, 264
453448, 18220, 43820, 5476, 9440, 1648, 80, 93564, 264
453428, 18180, 43852, 5468, 9448, 1644, 80, 93596, 264
453404, 18160, 43860, 5460, 9448, 1648, 80, 93636, 264
453404, 18104, 43888, 5460, 9448, 1652, 80, 93660, 264
453392, 18068, 43872, 5476, 9436, 1656, 80, 93716, 264
453372, 18048, 43848, 5480, 9432, 1656, 80, 93780, 264
453364, 18028, 43860, 5476, 9432, 1660, 80, 93796, 264
453356, 17992, 43852, 5492, 9432, 1660, 80, 93832, 264
453332, 17924, 43876, 5512, 9416, 1660, 80, 93896, 264
453324, 17912, 43856, 5516, 9416, 1660, 80, 93932, 264
453320, 17876, 43868, 5508, 9420, 1660, 80, 93964, 264
453300, 17864, 43864, 5500, 9424, 1660, 80, 94004, 264
453284, 17840, 43880, 5492, 9444, 1660, 80, 94016, 264
453268, 17832, 43872, 5488, 9444, 1660, 80, 94052, 264
453252, 17804, 43884, 5484, 9440, 1664, 80, 94088, 264
453240, 17768, 43900, 5488, 9452, 1664, 80, 94104, 264
453224, 17748, 43896, 5476, 9452, 1664, 80, 94156, 264
453204, 17712, 43924, 5472, 9452, 1664, 80, 94188, 264
453176, 17696, 43940, 5468, 9456, 1664, 80, 94216, 264
453164, 17680, 43940, 5468, 9444, 1664, 80, 94256, 264
453140, 17660, 43940, 5456, 9456, 1668, 80, 94296, 264
453128, 17644, 43940, 5440, 9468, 1668, 80, 94328, 264
453120, 17620, 43940, 5440, 9460, 1672, 80, 94364, 264
453092, 17584, 43948, 5452, 9460, 1672, 80, 94404, 268
453076, 17560, 43932, 5444, 9468, 1676, 80, 94456, 268
453032, 17572, 43936, 5448, 9456, 1684, 80, 94484, 268
453008, 17536, 43964, 5460, 9452, 1692, 80, 94500, 268
452988, 17520, 43964, 5460, 9448, 1692, 80, 94540, 268
452984, 17472, 43972, 5464, 9440, 1692, 84, 94584, 268
452976, 17444, 43984, 5460, 9420, 1704, 84, 94620, 268
452964, 17428, 43980, 5456, 9420, 1704, 84, 94656, 268
452948, 17400, 44004, 5448, 9432, 1704, 84, 94672, 268
452928, 17404, 43992, 5432, 9436, 1708, 84, 94708, 268
452908, 17380, 44000, 5436, 9432, 1712, 84, 94740, 268
452896, 17372, 43988, 5416, 9452, 1712, 84, 94772, 268
452880, 17336, 44016, 5428, 9428, 1716, 84, 94804, 268
452864, 17320, 43992, 5432, 9436, 1716, 84, 94848, 268
452844, 17312, 44012, 5424, 9428, 1720, 84, 94868, 268
452824, 17292, 44008, 5424, 9424, 1720, 84, 94916, 268
452820, 17260, 44012, 5420, 9428, 1716, 88, 94948, 268
452816, 17200, 44040, 5416, 9436, 1716, 88, 94980, 268
452804, 17168, 44052, 5416, 9436, 1716, 88, 95012, 268
452788, 17148, 44048, 5420, 9444, 1716, 88, 95040, 268
452772, 17120, 44076, 5424, 9432, 1716, 88, 95064, 268
452760, 17088, 44088, 5428, 9420, 1720, 88, 95100, 268
452752, 17076, 44084, 5428, 9416, 1720, 88, 95128, 268
452740, 17048, 44092, 5428, 9404, 1724, 88, 95168, 268
452700, 17064, 44072, 5416, 9408, 1724, 88, 95220, 268
452620, 17080, 44096, 5416, 9404, 1724, 88, 95264, 268
452556, 17112, 44100, 5420, 9412, 1712, 88, 95292, 268
452524, 17096, 44108, 5420, 9412, 1720, 88, 95324, 268
452480, 17100, 44092, 5416, 9412, 1720, 88, 95384, 268
452448, 17084, 44112, 5416, 9420, 1720, 88, 95404, 268
452408, 17092, 44104, 5412, 9424, 1720, 88, 95444, 268
452340, 17104, 44148, 5420, 9420, 1720, 88, 95452, 268
452280, 17112, 44156, 5408, 9432, 1720, 88, 95496, 268
452220, 17148, 44124, 5424, 9416, 1720, 88, 95552, 268
452136, 17184, 44128, 5424, 9412, 1720, 88, 95600, 268
452052, 17228, 44128, 5432, 9408, 1720, 88, 95636, 268
451960, 17280, 44112, 5440, 9404, 1720, 88, 95688, 268
451888, 17324, 44108, 5436, 9396, 1720, 88, 95732, 268
451788, 17404, 44104, 5428, 9388, 1720, 88, 95772, 268
451736, 17416, 44088, 5428, 9384, 1724, 88, 95828, 268
451652, 17456, 44112, 5432, 9372, 1724, 88, 95856, 268
451596, 17456, 44136, 5444, 9380, 1724, 88, 95868, 268
451496, 17512, 44136, 5448, 9380, 1724, 88, 95908, 268
451388, 17552, 44160, 5444, 9392, 1720, 88, 95948, 268
451280, 17624, 44172, 5440, 9384, 1724, 88, 95980, 268
451196, 17656, 44176, 5432, 9384, 1720, 88, 96028, 280
451124, 17692, 44188, 5428, 9368, 1720, 88, 96072, 280
451032, 17740, 44164, 5436, 9364, 1716, 88, 96136, 284
450952, 17788, 44168, 5432, 9360, 1720, 88, 96168, 284
450872, 17820, 44172, 5448, 9348, 1720, 88, 96208, 284
450780, 17860, 44172, 5464, 9336, 1720, 88, 96256, 284
450704, 17900, 44172, 5456, 9336, 1720, 88, 96300, 284
450660, 17900, 44168, 5440, 9348, 1720, 88, 96352, 284
450580, 17928, 44156, 5460, 9348, 1720, 88, 96396, 284
450516, 17940, 44156, 5464, 9348, 1720, 88, 96444, 284
450472, 17908, 44188, 5480, 9336, 1728, 88, 96476, 284
450424, 17920, 44204, 5476, 9344, 1728, 88, 96492, 284
450352, 17968, 44208, 5472, 9348, 1728, 88, 96512, 284
450268, 18032, 44176, 5468, 9348, 1724, 88, 96572, 284
450184, 18056, 44200, 5468, 9344, 1724, 88, 96612, 284
450112, 18068, 44220, 5480, 9340, 1724, 88, 96644, 284
450052, 18080, 44228, 5476, 9332, 1728, 88, 96692, 284
449984, 18104, 44224, 5492, 9332, 1728, 88, 96724, 284
449920, 18112, 44252, 5488, 9340, 1728, 88, 96748, 284
449872, 18112, 44276, 5492, 9336, 1728, 88, 96772, 284
449792, 18148, 44304, 5492, 9344, 1728, 88, 96780, 284
449716, 18180, 44304, 5496, 9348, 1728, 88, 96816, 284
449628, 18204, 44320, 5504, 9348, 1724, 88, 96856, 288
449564, 18252, 44320, 5504, 9336, 1728, 88, 96880, 288
449488, 18268, 44328, 5508, 9348, 1728, 88, 96916, 288
449412, 18312, 44332, 5512, 9344, 1728, 88, 96944, 288
449372, 18300, 44340, 5512, 9356, 1728, 88, 96976, 288
449296, 18316, 44372, 5504, 9356, 1724, 88, 97016, 288
449232, 18348, 44372, 5500, 9356, 1724, 88, 97052, 288
449196, 18356, 44360, 5492, 9364, 1724, 88, 97092, 288
449116, 18408, 44352, 5500, 9360, 1724, 88, 97124, 288
449076, 18416, 44348, 5492, 9360, 1724, 88, 97168, 288
449016, 18436, 44348, 5496, 9356, 1724, 88, 97208, 288
448968, 18424, 44368, 5504, 9356, 1724, 88, 97240, 288
448916, 18440, 44372, 5492, 9352, 1720, 88, 97292, 288
448864, 18440, 44392, 5492, 9352, 1720, 88, 97324, 288
448824, 18444, 44392, 5488, 9332, 1720, 88, 97384, 288
448804, 18436, 44396, 5480, 9336, 1720, 88, 97412, 288
448756, 18460, 44380, 5468, 9352, 1720, 88, 97448, 288
448728, 18460, 44380, 5468, 9340, 1728, 88, 97480, 288
448700, 18456, 44376, 5472, 9340, 1728, 88, 97512, 288
448672, 18436, 44392, 5452, 9360, 1728, 88, 97544, 288
448644, 18424, 44384, 5436, 9376, 1728, 88, 97592, 288
448624, 18424, 44364, 5428, 9384, 1732, 88, 97628, 288
448608, 18420, 44360, 5424, 9380, 1736, 88, 97656, 288
448576, 18420, 44356, 5432, 9376, 1740, 88, 97684, 288
448552, 18392, 44356, 5448, 9372, 1740, 88, 97724, 288
448540, 18332, 44396, 5452, 9368, 1744, 88, 97752, 288
448500, 18292, 44396, 5484, 9364, 1748, 88, 97800, 288
448484, 18272, 44372, 5484, 9376, 1748, 88, 97848, 288
448460, 18256, 44384, 5480, 9368, 1756, 84, 97884, 288
448448, 18244, 44356, 5476, 9356, 1756, 84, 97952, 288
448432, 18228, 44360, 5480, 9352, 1756, 84, 97980, 288
448400, 18192, 44400, 5492, 9348, 1756, 84, 98000, 288
448360, 18168, 44412, 5496, 9348, 1760, 84, 98044, 288
448348, 18156, 44400, 5496, 9344, 1760, 84, 98084, 288
448296, 18184, 44396, 5492, 9348, 1756, 88, 98112, 288
448268, 18180, 44384, 5484, 9348, 1760, 88, 98156, 292
448244, 18160, 44356, 5500, 9348, 1760, 88, 98212, 292
448220, 18120, 44360, 5512, 9356, 1760, 88, 98252, 292
448204, 18120, 44352, 5496, 9360, 1764, 88, 98284, 292
448188, 18084, 44348, 5512, 9360, 1764, 88, 98324, 292
448168, 18032, 44376, 5520, 9352, 1764, 88, 98368, 292
448160, 17996, 44384, 5512, 9352, 1764, 88, 98412, 292
448148, 17964, 44388, 5516, 9352, 1760, 88, 98452, 292
448128, 17952, 44400, 5504, 9364, 1760, 88, 98472, 292
448108, 17932, 44412, 5508, 9364, 1760, 88, 98496, 292
448104, 17916, 44400, 5504, 9364, 1764, 88, 98528, 292
448096, 17880, 44408, 5504, 9360, 1768, 88, 98564, 292
448080, 17872, 44416, 5504, 9336, 1776, 88, 98596, 292
448060, 17856, 44376, 5516, 9336, 1776, 88, 98660, 292
448052, 17820, 44392, 5516, 9324, 1776, 88, 98700, 292
448028, 17784, 44420, 5504, 9336, 1776, 88, 98732, 292
448008, 17776, 44408, 5480, 9340, 1776, 88, 98792, 292
448004, 17740, 44416, 5480, 9344, 1776, 88, 98820, 292
447984, 17712, 44424, 5476, 9352, 1776, 88, 98856, 292
447960, 17716, 44424, 5472, 9348, 1780, 88, 98880, 292
447944, 17696, 44428, 5480, 9356, 1780, 88, 98896, 292
447924, 17684, 44416, 5480, 9360, 1780, 88, 98936, 292
447916, 17628, 44444, 5488, 9356, 1780, 88, 98968, 292
447912, 17592, 44432, 5496, 9352, 1780, 88, 99016, 292
447884, 17568, 44444, 5496, 9360, 1780, 88, 99048, 292
447848, 17556, 44456, 5492, 9352, 1780, 88, 99092, 296
447832, 17528, 44476, 5484, 9360, 1780, 88, 99116, 296
447812, 17524, 44464, 5480, 9356, 1780, 88, 99160, 296
447792, 17528, 44444, 5484, 9352, 1780, 88, 99196, 296
447784, 17500, 44460, 5476, 9344, 1780, 88, 99232, 296
447760, 17492, 44460, 5472, 9356, 1784, 88, 99252, 296
447728, 17464, 44476, 5476, 9352, 1788, 88, 99292, 296
447704, 17460, 44464, 5468, 9356, 1788, 88, 99336, 296
447688, 17444, 44476, 5476, 9356, 1788, 88, 99348, 296
447672, 17448, 44432, 5480, 9352, 1788, 88, 99404, 296
447668, 17400, 44444, 5492, 9344, 1788, 88, 99440, 296
447648, 17372, 44468, 5484, 9348, 1792, 84, 99468, 296
447640, 17348, 44464, 5480, 9340, 1796, 84, 99512, 296
447632, 17312, 44456, 5484, 9348, 1800, 84, 99548, 296
447620, 17276, 44480, 5484, 9336, 1800, 84, 99584, 296
447600, 17244, 44500, 5480, 9344, 1800, 84, 99608, 300
447584, 17204, 44500, 5484, 9348, 1800, 84, 99656, 300
447560, 17160, 44520, 5496, 9352, 1804, 84, 99684, 300
447560, 17108, 44532, 5484, 9348, 1808, 84, 99736, 300
447536, 17100, 44532, 5480, 9328, 1808, 84, 99788, 304
447524, 17060, 44528, 5492, 9320, 1808, 84, 99840, 304
447504, 17044, 44500, 5496, 9312, 1816, 84, 99900, 304
447492, 17012, 44508, 5500, 9304, 1816, 84, 99940, 304
447468, 17004, 44496, 5508, 9308, 1820, 84, 99968, 304
447456, 16992, 44464, 5504, 9320, 1820, 84, 100016, 304
447432, 16976, 44464, 5508, 9332, 1820, 84, 100040, 304
447408, 16972, 44468, 5500, 9336, 1820, 84, 100068, 304
447380, 16968, 44468, 5508, 9332, 1820, 84, 100096, 304
447360, 16952, 44476, 5516, 9328, 1824, 80, 100120, 304
447332, 16944, 44460, 5516, 9336, 1824, 80, 100164, 304
447320, 16896, 44476, 5524, 9316, 1832, 80, 100212, 304
447312, 16864, 44476, 5528, 9324, 1832, 80, 100240, 304
447296, 16844, 44480, 5516, 9336, 1832, 80, 100272, 304
447284, 16820, 44484, 5520, 9340, 1832, 80, 100296, 304
447276, 16796, 44472, 5532, 9332, 1832, 80, 100336, 304
447276, 16748, 44496, 5520, 9340, 1836, 80, 100360, 304
447260, 16704, 44508, 5528, 9336, 1840, 80, 100400, 304
447244, 16652, 44544, 5532, 9344, 1840, 80, 100420, 304
447232, 16616, 44544, 5532, 9348, 1840, 80, 100464, 304
447220, 16584, 44544, 5536, 9340, 1844, 80, 100508, 304
447212, 16564, 44524, 5536, 9344, 1844, 80, 100552, 304
447200, 16532, 44520, 5552, 9332, 1844, 80, 100596, 304
447188, 16492, 44516, 5564, 9336, 1844, 80, 100636, 304
447172, 16476, 44500, 5560, 9336, 1844, 80, 100688, 304
447156, 16444, 44484, 5576, 9328, 1844, 80, 100744, 304
447132, 16436, 44472, 5588, 9328, 1844, 80, 100776, 304
447112, 16428, 44476, 5580, 9324, 1844, 80, 100812, 304
447104, 16400, 44492, 5576, 9316, 1848, 80, 100840, 304
447088, 16364, 44496, 5572, 9328, 1848, 80, 100880, 304
447072, 16332, 44504, 5572, 9332, 1852, 80, 100912, 304
447056, 16308, 44516, 5564, 9344, 1852, 80, 100936, 304
447032, 16268, 44528, 5556, 9356, 1852, 80, 100984, 304
447032, 16232, 44516, 5544, 9360, 1852, 80, 101040, 304
447016, 16224, 44500, 5536, 9364, 1856, 80, 101080, 304
447000, 16192, 44524, 5528, 9364, 1856, 80, 101112, 304
446984, 16168, 44532, 5536, 9360, 1856, 80, 101140, 304
446976, 16136, 44532, 5548, 9352, 1856, 80, 101176, 304
446948, 16124, 44552, 5548, 9348, 1864, 80, 101192, 304
446924, 16088, 44576, 5568, 9344, 1864, 80, 101212, 304
446912, 16064, 44588, 5552, 9360, 1868, 80, 101232, 304
446892, 16040, 44596, 5564, 9360, 1864, 80, 101260, 304
446884, 16000, 44604, 5564, 9372, 1864, 80, 101288, 304
446860, 15976, 44620, 5564, 9372, 1864, 80, 101320, 304
446828, 15964, 44644, 5572, 9360, 1864, 80, 101344, 304
446792, 15976, 44632, 5564, 9364, 1864, 80, 101384, 304
446776, 15928, 44644, 5568, 9372, 1864, 80, 101424, 304
446760, 15888, 44664, 5584, 9376, 1864, 80, 101440, 304
446748, 15860, 44652, 5584, 9364, 1864, 80, 101504, 304
446716, 15848, 44672, 5588, 9364, 1864, 84, 101520, 304
446708, 15800, 44700, 5588, 9368, 1864, 84, 101544, 304
446680, 15788, 44700, 5588, 9368, 1864, 84, 101584, 304
446644, 15784, 44700, 5572, 9384, 1864, 84, 101624, 304
446624, 15764, 44720, 5552, 9396, 1860, 84, 101656, 304
446600, 15736, 44732, 5544, 9408, 1856, 88, 101692, 304
446560, 15724, 44724, 5548, 9424, 1856, 88, 101732, 304
446516, 15732, 44740, 5536, 9436, 1856, 88, 101752, 304
446508, 15724, 44712, 5528, 9444, 1856, 88, 101796, 304
446488, 15700, 44716, 5540, 9432, 1856, 88, 101832, 308
446456, 15716, 44688, 5544, 9428, 1856, 88, 101876, 308
446424, 15720, 44696, 5536, 9432, 1856, 88, 101900, 308
446404, 15716, 44680, 5520, 9444, 1860, 88, 101940, 308
446384, 15712, 44676, 5520, 9448, 1860, 88, 101964, 308
446368, 15688, 44696, 5520, 9432, 1860, 92, 101996, 308
446336, 15668, 44688, 5520, 9444, 1856, 92, 102048, 308
446304, 15640, 44704, 5532, 9444, 1856, 92, 102080, 308
446280, 15632, 44688, 5528, 9452, 1856, 92, 102124, 308
446268, 15608, 44700, 5528, 9460, 1856, 92, 102140, 308
446228, 15616, 44712, 5532, 9452, 1856, 92, 102164, 308
446200, 15592, 44724, 5540, 9452, 1856, 92, 102196, 308
446192, 15552, 44732, 5552, 9456, 1856, 92, 102220, 308
446168, 15544, 44748, 5548, 9460, 1856, 92, 102236, 308
446132, 15524, 44772, 5552, 9464, 1856, 92, 102260, 308
446124, 15504, 44784, 5556, 9448, 1852, 92, 102292, 308
446100, 15492, 44776, 5580, 9428, 1856, 92, 102328, 308
446072, 15480, 44780, 5584, 9428, 1856, 92, 102360, 308
446028, 15480, 44788, 5576, 9436, 1856, 92, 102396, 308
445988, 15472, 44796, 5572, 9448, 1856, 92, 102428, 308
445968, 15452, 44772, 5556, 9452, 1856, 92, 102504, 308
445940, 15432, 44780, 5560, 9448, 1856, 92, 102544, 308
445904, 15428, 44804, 5560, 9440, 1856, 92, 102568, 308
445868, 15428, 44788, 5572, 9436, 1856, 92, 102612, 308
445828, 15436, 44760, 5576, 9436, 1856, 92, 102668, 308
445792, 15432, 44760, 5560, 9444, 1856, 92, 102716, 308
445772, 15404, 44772, 5568, 9448, 1856, 92, 102740, 308
445760, 15364, 44776, 5584, 9448, 1856, 92, 102772, 308
445728, 15348, 44800, 5596, 9440, 1856, 92, 102792, 308
445712, 15316, 44812, 5600, 9440, 1856, 92, 102824, 308
445692, 15288, 44816, 5592, 9448, 1856, 92, 102868, 308
445660, 15276, 44828, 5584, 9444, 1856, 92, 102912, 308
445632, 15284, 44820, 5572, 9460, 1856, 92, 102936, 308
445620, 15268, 44812, 5576, 9452, 1860, 92, 102972, 308
445596, 15228, 44800, 5600, 9452, 1860, 92, 103024, 308
445556, 15208, 44804, 5600, 9456, 1860, 92, 103076, 308
445532, 15184, 44824, 5588, 9464, 1860, 92, 103108, 308
445484, 15188, 44832, 5596, 9464, 1864, 92, 103132, 308
445448, 15168, 44840, 5600, 9452, 1860, 92, 103192, 308
445376, 15184, 44868, 5604, 9440, 1860, 92, 103228, 308
445296, 15220, 44844, 5612, 9444, 1864, 92, 103280, 308
445244, 15220, 44852, 5616, 9452, 1868, 92, 103308, 308
445188, 15228, 44876, 5608, 9452, 1868, 92, 103340, 308
445124, 15256, 44872, 5612, 9456, 1868, 92, 103372, 308
445056, 15296, 44852, 5628, 9444, 1872, 92, 103412, 308
444996, 15320, 44872, 5628, 9444, 1872, 92, 103428, 308
444952, 15320, 44876, 5636, 9436, 1872, 92, 103468, 308
444908, 15332, 44864, 5644, 9436, 1872, 92, 103504, 308
444864, 15348, 44876, 5648, 9432, 1872, 92, 103520, 308
444832, 15336, 44880, 5644, 9436, 1872, 92, 103560, 308
444784, 15352, 44868, 5652, 9432, 1876, 92, 103596, 308
444764, 15344, 44876, 5648, 9428, 1876, 92, 103624, 308
444740, 15320, 44884, 5652, 9428, 1880, 92, 103656, 308
444712, 15316, 44904, 5648, 9424, 1884, 92, 103672, 308
444684, 15312, 44912, 5652, 9424, 1888, 92, 103688, 308
444652, 15304, 44900, 5656, 9412, 1888, 96, 103744, 308
444636, 15300, 44884, 5660, 9400, 1900, 96, 103776, 308
444604, 15292, 44888, 5656, 9408, 1900, 96, 103808, 308
444576, 15280, 44908, 5648, 9408, 1904, 96, 103832, 308
444548, 15264, 44916, 5644, 9420, 1908, 96, 103856, 308
444540, 15220, 44940, 5652, 9420, 1904, 100, 103876, 308
444516, 15208, 44932, 5652, 9420, 1904, 100, 103920, 308
444500, 15164, 44956, 5652, 9428, 1904, 100, 103948, 308
444488, 15124, 44964, 5664, 9420, 1904, 100, 103988, 308
444480, 15108, 44952, 5652, 9436, 1904, 100, 104020, 308
444464, 15088, 44948, 5644, 9436, 1904, 100, 104068, 308
444440, 15072, 44952, 5652, 9428, 1904, 100, 104104, 308
444420, 15056, 44944, 5656, 9432, 1904, 100, 104140, 308
444408, 15016, 44960, 5644, 9448, 1904, 100, 104172, 308
444388, 14992, 44964, 5648, 9444, 1904, 100, 104212, 308
444380, 14964, 44964, 5652, 9444, 1904, 100, 104244, 308
444356, 14964, 44960, 5648, 9448, 1904, 100, 104272, 308
444324, 14928, 44976, 5648, 9452, 1904, 100, 104320, 308
444292, 14912, 44980, 5644, 9456, 1904, 100, 104364, 308
444272, 14892, 44984, 5652, 9456, 1904, 100, 104392, 308
444236, 14892, 45012, 5640, 9460, 1908, 100, 104404, 308
444220, 14856, 45008, 5656, 9460, 1908, 100, 104444, 308
444200, 14840, 44992, 5660, 9460, 1908, 100, 104492, 308
444188, 14816, 44996, 5664, 9440, 1908, 100, 104540, 308
444168, 14804, 45012, 5668, 9416, 1908, 100, 104576, 308
444144, 14788, 45016, 5676, 9412, 1908, 100, 104608, 308
444128, 14764, 45016, 5680, 9416, 1908, 100, 104640, 308
444120, 14728, 45032, 5660, 9420, 1912, 100, 104680, 308
444100, 14692, 45032, 5688, 9416, 1916, 100, 104708, 308
444088, 14680, 45044, 5680, 9416, 1916, 100, 104728, 308
444068, 14656, 45048, 5668, 9420, 1916, 100, 104772, 312
444060, 14628, 45052, 5664, 9420, 1920, 100, 104804, 312
444040, 14596, 45088, 5668, 9412, 1920, 100, 104824, 312
444008, 14584, 45096, 5672, 9408, 1924, 100, 104856, 312
443992, 14568, 45120, 5668, 9408, 1924, 100, 104868, 312
443972, 14532, 45140, 5656, 9428, 1928, 100, 104892, 312
443960, 14504, 45140, 5664, 9424, 1928, 100, 104928, 312
443936, 14504, 45132, 5664, 9420, 1928, 100, 104964, 312
443936, 14460, 45148, 5660, 9420, 1928, 100, 104992, 316
443928, 14404, 45172, 5664, 9408, 1936, 100, 105032, 316
443916, 14372, 45168, 5652, 9416, 1936, 100, 105084, 316
443908, 14340, 45188, 5648, 9420, 1936, 100, 105104, 316
443892, 14304, 45192, 5660, 9412, 1936, 100, 105148, 316
443868, 14304, 45184, 5656, 9420, 1940, 100, 105172, 316
443868, 14284, 45168, 5648, 9424, 1940, 100, 105212, 316
443840, 14260, 45176, 5648, 9428, 1940, 100, 105252, 316
443820, 14216, 45196, 5656, 9424, 1940, 100, 105292, 316
443800, 14196, 45180, 5648, 9432, 1940, 100, 105348, 316
443792, 14160, 45188, 5636, 9444, 1944, 100, 105380, 316
443784, 14132, 45172, 5640, 9436, 1952, 100, 105428, 316
443768, 14104, 45168, 5648, 9436, 1952, 100, 105468, 316
443744, 14088, 45176, 5640, 9428, 1952, 100, 105516, 316
443732, 14044, 45200, 5644, 9444, 1952, 100, 105528, 316
443724, 14016, 45208, 5648, 9444, 1952, 100, 105552, 316
443708, 13984, 45220, 5648, 9440, 1956, 100, 105588, 316
443684, 13956, 45240, 5640, 9448, 1956, 100, 105620, 316
443668, 13932, 45228, 5656, 9440, 1956, 100, 105664, 316
443640, 13924, 45244, 5656, 9432, 1956, 100, 105692, 316
443636, 13900, 45236, 5644, 9436, 1956, 100, 105736, 316
443620, 13880, 45228, 5628, 9448, 1956, 100, 105784, 316
443600, 13872, 45228, 5620, 9452, 1960, 100, 105812, 316
443592, 13840, 45224, 5620, 9444, 1960, 100, 105864, 316
443572, 13812, 45248, 5620, 9432, 1960, 100, 105900, 316
443568, 13788, 45248, 5616, 9428, 1968, 100, 105928, 316
443556, 13744, 45232, 5612, 9424, 1968, 100, 106008, 316
443540, 13744, 45228, 5604, 9436, 1968, 100, 106024, 316
443512, 13724, 45204, 5624, 9432, 1968, 100, 106080, 316
443500, 13672, 45240, 5632, 9432, 1964, 100, 106104, 316
443476, 13664, 45256, 5624, 9432, 1964, 100, 106128, 316
443456, 13612, 45272, 5640, 9424, 1968, 100, 106172, 316
443436, 13592, 45288, 5644, 9412, 1968, 100, 106204, 316
443408, 13592, 45288, 5648, 9416, 1976, 100, 106216, 316
443376, 13592, 45260, 5644, 9412, 1976, 100, 106284, 316
443356, 13560, 45272, 5640, 9420, 1976, 100, 106320, 316
443304, 13564, 45272, 5648, 9412, 1972, 100, 106372, 316
443264, 13564, 45260, 5660, 9404, 1976, 100, 106416, 316
443252, 13524, 45284, 5660, 9408, 1976, 100, 106440, 316
443228, 13516, 45296, 5656, 9408, 1980, 100, 106460, 316
443212, 13500, 45296, 5660, 9404, 1980, 100, 106492, 316
443196, 13504, 45252, 5644, 9416, 1980, 100, 106552, 316
443172, 13484, 45256, 5656, 9412, 1976, 100, 106588, 316
443148, 13480, 45256, 5652, 9416, 1976, 100, 106616, 316
443132, 13456, 45264, 5652, 9420, 1976, 100, 106644, 316
443100, 13460, 45248, 5652, 9412, 1984, 100, 106688, 316
443068, 13452, 45264, 5656, 9416, 1984, 100, 106704, 316
443020, 13476, 45240, 5656, 9420, 1984, 100, 106748, 316
442988, 13448, 45256, 5668, 9420, 1988, 100, 106776, 316
442936, 13472, 45252, 5668, 9412, 1988, 100, 106816, 316
442904, 13452, 45252, 5672, 9408, 1988, 100, 106868, 316
442868, 13468, 45248, 5660, 9416, 1988, 100, 106896, 316
442856, 13424, 45272, 5664, 9420, 1988, 100, 106920, 316
442836, 13424, 45260, 5656, 9420, 1988, 100, 106960, 316
442820, 13400, 45268, 5640, 9444, 1988, 100, 106984, 316
442796, 13396, 45272, 5644, 9436, 1984, 104, 107012, 316
442764, 13368, 45300, 5636, 9440, 1984, 104, 107048, 316
442728, 13348, 45308, 5644, 9436, 1988, 104, 107088, 316
442688, 13356, 45300, 5640, 9424, 1992, 104, 107140, 316
442668, 13304, 45320, 5640, 9424, 1992, 104, 107192, 316
442664, 13268, 45312, 5640, 9432, 1992, 104, 107232, 316
442632, 13276, 45300, 5636, 9432, 1992, 104, 107272, 316
442616, 13260, 45308, 5632, 9420, 1992, 104, 107312, 316
442568, 13292, 45284, 5620, 9432, 1992, 104, 107352, 316
442524, 13296, 45288, 5624, 9428, 1996, 104, 107384, 316
442516, 13268, 45300, 5624, 9424, 1996, 104, 107412, 316
442500, 13240, 45300, 5636, 9416, 1996, 104, 107452, 316
442484, 13216, 45300, 5632, 9428, 1996, 104, 107484, 316
442468, 13168, 45324, 5648, 9424, 1996, 104, 107512, 316
442456, 13108, 45372, 5656, 9424, 1996, 104, 107528, 316
442428, 13116, 45352, 5648, 9428, 2000, 104, 107568, 316
442400, 13112, 45328, 5652, 9428, 2000, 104, 107620, 316
442380, 13096, 45308, 5644, 9440, 2000, 104, 107672, 316
442360, 13060, 45320, 5636, 9444, 2000, 104, 107720, 316
442336, 13048, 45336, 5628, 9444, 2000, 104, 107748, 316
442316, 13048, 45332, 5624, 9440, 2000, 104, 107780, 316
442308, 13028, 45340, 5616, 9436, 2000, 104, 107812, 316
442300, 13004, 45344, 5604, 9444, 2000, 104, 107844, 316
442288, 12952, 45380, 5616, 9440, 2008, 104, 107856, 316
442264, 12944, 45372, 5608, 9448, 2008, 104, 107896, 316
442244, 12944, 45360, 5604, 9456, 2008, 104, 107924, 316
442200, 12936, 45360, 5612, 9452, 2008, 104, 107972, 316
442176, 12916, 45352, 5608, 9448, 2016, 104, 108024, 316
442148, 12916, 45332, 5604, 9452, 2020, 104, 108068, 316
442136, 12904, 45324, 5596, 9460, 2020, 104, 108100, 316
442096, 12904, 45344, 5584, 9456, 2024, 104, 108132, 316
442056, 12916, 45340, 5584, 9452, 2024, 104, 108168, 316
442036, 12908, 45324, 5576, 9452, 2024, 104, 108220, 316
442000, 12928, 45312, 5580, 9452, 2028, 104, 108240, 316
441952, 12920, 45336, 5580, 9448, 2028, 104, 108276, 316
441924, 12900, 45344, 5580, 9460, 2028, 104, 108304, 316
441876, 12908, 45360, 5580, 9452, 2032, 104, 108332, 316
441820, 12940, 45344, 5584, 9448, 2036, 104, 108368, 316
441752, 12984, 45328, 5584, 9452, 2036, 104, 108404, 316
441716, 13000, 45332, 5572, 9448, 2032, 108, 108436, 316
441672, 13020, 45324, 5568, 9444, 2032, 108, 108476, 316
441648, 13020, 45304, 5572, 9440, 2032, 108, 108520, 316
441608, 13012, 45296, 5560, 9448, 2032, 108, 108580, 316
441572, 13012, 45280, 5568, 9448, 2036, 108, 108620, 316
441536, 13004, 45308, 5560, 9448, 2040, 108, 108640, 316
441496, 13008, 45300, 5572, 9452, 2040, 108, 108668, 316
441464, 12988, 45312, 5568, 9448, 2044, 108, 108712, 316
441440, 12972, 45344, 5552, 9456, 2044, 108, 108728, 316
441404, 12992, 45296, 5552, 9456, 2044, 108, 108792, 316
441356, 13000, 45296, 5548, 9468, 2052, 108, 108816, 316
441336, 12984, 45292, 5532, 9480, 2056, 108, 108856, 316
441300, 12988, 45292, 5536, 9480, 2056, 108, 108884, 316
441284, 12980, 45276, 5540, 9472, 2056, 108, 108928, 316
441248, 12972, 45308, 5544, 9464, 2056, 108, 108944, 316
441216, 12952, 45304, 5536, 9480, 2056, 108, 108992, 316
441196, 12944, 45296, 5536, 9480, 2056, 108, 109028, 316
441168, 12932, 45296, 5536, 9480, 2056, 108, 109068, 316
441160, 12924, 45272, 5520, 9496, 2056, 108, 109108, 316
441128, 12948, 45240, 5512, 9504, 2056, 108, 109148, 316
441120, 12912, 45228, 5508, 9504, 2056, 108, 109208, 316
441112, 12860, 45240, 5520, 9508, 2056, 108, 109240, 316
441108, 12816, 45244, 5524, 9512, 2060, 108, 109272, 316
441084, 12804, 45236, 5524, 9512, 2060, 108, 109316, 316
441060, 12800, 45212, 5528, 9500, 2060, 108, 109376, 316
441052, 12772, 45208, 5512, 9516, 2064, 108, 109412, 316
441032, 12772, 45192, 5516, 9516, 2064, 108, 109444, 316
441004, 12744, 45188, 5520, 9512, 2064, 108, 109504, 316
440996, 12720, 45168, 5520, 9524, 2064, 108, 109544, 316
440964, 12732, 45156, 5508, 9532, 2064, 108, 109580, 316
440952, 12692, 45156, 5504, 9536, 2064, 108, 109632, 316
440936, 12684, 45124, 5512, 9532, 2068, 108, 109680, 316
440912, 12688, 45128, 5516, 9528, 2064, 108, 109700, 316
440872, 12700, 45136, 5520, 9524, 2064, 108, 109720, 316
440864, 12688, 45120, 5512, 9532, 2064, 108, 109756, 316
440852, 12672, 45116, 5516, 9528, 2072, 108, 109780, 316
440832, 12644, 45136, 5508, 9532, 2068, 108, 109816, 316
440800, 12616, 45172, 5516, 9528, 2076, 108, 109828, 316
440780, 12596, 45184, 5516, 9516, 2080, 108, 109864, 316
440772, 12592, 45164, 5512, 9520, 2080, 108, 109896, 316
440760, 12572, 45172, 5512, 9520, 2080, 108, 109920, 316
440744, 12540, 45176, 5520, 9508, 2080, 108, 109968, 316
440728, 12512, 45172, 5524, 9504, 2080, 108, 110016, 316
440708, 12512, 45148, 5528, 9504, 2080, 108, 110056, 316
440684, 12504, 45148, 5540, 9500, 2084, 108, 110076, 316
440680, 12444, 45176, 5548, 9504, 2084, 108, 110100, 316
440672, 12436, 45172, 5552, 9496, 2088, 108, 110120, 316
440656, 12420, 45160, 5556, 9484, 2096, 108, 110164, 316
440640, 12420, 45156, 5564, 9472, 2096, 108, 110188, 316
440624, 12404, 45152, 5568, 9472, 2096, 108, 110220, 316
440600, 12380, 45152, 5564, 9480, 2096, 108, 110264, 316
440596, 12352, 45140, 5556, 9496, 2096, 108, 110300, 316
440572, 12344, 45136, 5556, 9500, 2100, 108, 110328, 316
440552, 12340, 45136, 5556, 9500, 2100, 108, 110352, 316
440540, 12332, 45124, 5560, 9484, 2100, 108, 110396, 316
440528, 12324, 45120, 5560, 9480, 2100, 108, 110424, 316
440516, 12300, 45136, 5560, 9480, 2104, 108, 110440, 316
440500, 12288, 45128, 5560, 9468, 2104, 104, 110488, 320
440484, 12272, 45128, 5564, 9472, 2104, 104, 110512, 320
440476, 12224, 45120, 5584, 9468, 2108, 104, 110556, 320
440468, 12180, 45144, 5592, 9468, 2108, 104, 110576, 320
440444, 12172, 45140, 5584, 9480, 2108, 104, 110608, 320
440432, 12164, 45132, 5584, 9484, 2104, 104, 110632, 324
440420, 12132, 45140, 5596, 9480, 2104, 104, 110660, 324
440388, 12140, 45108, 5596, 9480, 2104, 104, 110716, 324
440340, 12152, 45124, 5600, 9472, 2104, 104, 110740, 324
440288, 12184, 45128, 5592, 9480, 2108, 104, 110752, 324
440240, 12208, 45116, 5596, 9480, 2112, 104, 110780, 324
440180, 12248, 45100, 5596, 9484, 2108, 104, 110816, 324
440124, 12276, 45084, 5600, 9472, 2112, 104, 110864, 324
440052, 12336, 45080, 5588, 9476, 2112, 104, 110888, 324
439964, 12408, 45072, 5580, 9472, 2112, 104, 110924, 324
439908, 12448, 45060, 5572, 9472, 2116, 104, 110956, 324
439828, 12512, 45060, 5568, 9464, 2116, 104, 110984, 324
439732, 12568, 45076, 5560, 9464, 2112, 104, 111020, 324
439660, 12592, 45072, 5572, 9464, 2116, 104, 111056, 324
439608, 12612, 45068, 5556, 9460, 2120, 104, 111108, 324
439500, 12700, 45048, 5556, 9460, 2120, 104, 111148, 324
439408, 12776, 45032, 5568, 9452, 2120, 104, 111176, 324
439304, 12836, 45036, 5572, 9456, 2120, 104, 111208, 324
439236, 12872, 45016, 5576, 9456, 2120, 104, 111256, 324
439108, 12936, 45036, 5572, 9464, 2120, 104, 111296, 324
439036, 12944, 45056, 5572, 9472, 2120, 104, 111332, 324
438896, 13024, 45068, 5592, 9456, 2124, 104, 111372, 324
438736, 13144, 45060, 5588, 9472, 2128, 100, 111408, 324
438596, 13244, 45072, 5580, 9484, 2128, 100, 111432, 324
438496, 13324, 45056, 5580, 9468, 2128, 100, 111480, 328
438392, 13404, 45052, 5584, 9464, 2128, 100, 111508, 328
438300, 13460, 45036, 5576, 9472, 2128, 100, 111560, 328
438216, 13520, 45036, 5560, 9480, 2128, 100, 111592, 328
438148, 13532, 45032, 5564, 9500, 2128, 100, 111628, 328
438052, 13604, 45024, 5568, 9496, 2128, 100, 111660, 328
437976, 13636, 45036, 5568, 9496, 2128, 100, 111692, 328
437916, 13660, 45012, 5568, 9496, 2132, 100, 111748, 328
437836, 13704, 45008, 5572, 9492, 2132, 100, 111788, 328
437796, 13712, 44996, 5568, 9500, 2136, 100, 111824, 328
437692, 13796, 44980, 5572, 9492, 2136, 100, 111864, 328
437628, 13840, 44964, 5568, 9496, 2136, 100, 111900, 328
437588, 13844, 44952, 5568, 9496, 2140, 100, 111944, 328
437512, 13892, 44952, 5572, 9496, 2144, 100, 111964, 328
437444, 13944, 44936, 5556, 9504, 2144, 100, 112004, 328
437380, 13976, 44948, 5556, 9504, 2144, 100, 112024, 328
437292, 14040, 44948, 5548, 9512, 2144, 100, 112048, 328
437236, 14052, 44944, 5556, 9508, 2144, 100, 112092, 328
437180, 14072, 44940, 5560, 9500, 2144, 100, 112136, 328
437076, 14140, 44932, 5576, 9500, 2140, 100, 112168, 328
436984, 14200, 44920, 5572, 9508, 2140, 100, 112208, 328
436904, 14248, 44912, 5572, 9504, 2140, 100, 112252, 328
436860, 14260, 44920, 5568, 9504, 2140, 100, 112280, 328
436780, 14308, 44876, 5576, 9496, 2140, 100, 112356, 328
436744, 14304, 44892, 5584, 9476, 2144, 100, 112388, 328
436656, 14316, 44908, 5608, 9476, 2148, 100, 112420, 328
436600, 14320, 44912, 5608, 9476, 2148, 100, 112464, 332
436532, 14360, 44880, 5608, 9484, 2148, 100, 112516, 332
436456, 14400, 44880, 5612, 9484, 2148, 100, 112548, 332
436336, 14496, 44856, 5608, 9484, 2152, 100, 112596, 332
436264, 14528, 44848, 5608, 9484, 2152, 100, 112644, 332
436208, 14552, 44840, 5612, 9480, 2156, 100, 112680, 332
436160, 14588, 44816, 5604, 9480, 2156, 100, 112724, 332
436100, 14624, 44796, 5592, 9488, 2156, 100, 112772, 332
436048, 14636, 44804, 5592, 9476, 2160, 100, 112812, 332
435988, 14688, 44780, 5592, 9476, 2160, 100, 112844, 332
435948, 14692, 44784, 5592, 9476, 2160, 100, 112876, 332
435924, 14692, 44776, 5592, 9472, 2156, 100, 112916, 332
435896, 14688, 44772, 5588, 9480, 2156, 100, 112948, 332
435868, 14684, 44772, 5580, 9492, 2152, 100, 112980, 332
435824, 14680, 44784, 5592, 9484, 2156, 100, 113008, 332
435804, 14676, 44772, 5588, 9488, 2156, 100, 113044, 332
435780, 14664, 44756, 5592, 9480, 2160, 100, 113096, 332
435760, 14652, 44756, 5588, 9480, 2160, 100, 113132, 332
435740, 14644, 44724, 5596, 9480, 2160, 100, 113184, 332
435724, 14624, 44712, 5604, 9480, 2160, 100, 113224, 332
435708, 14620, 44720, 5596, 9480, 2160, 100, 113244, 332
435700, 14592, 44692, 5596, 9488, 2160, 100, 113300, 332
435676, 14588, 44700, 5600, 9480, 2160, 100, 113324, 332
435648, 14584, 44692, 5592, 9484, 2160, 100, 113368, 332
435636, 14580, 44676, 5596, 9480, 2164, 100, 113396, 332
435620, 14556, 44672, 5604, 9480, 2164, 100, 113432, 332
435592, 14556, 44664, 5596, 9488, 2160, 100, 113472, 332
435564, 14552, 44672, 5600, 9484, 2160, 100, 113496, 332
435536, 14548, 44648, 5596, 9488, 2160, 100, 113552, 332
435516, 14540, 44644, 5604, 9484, 2164, 100, 113576, 332
435492, 14540, 44632, 5600, 9472, 2168, 100, 113624, 332
435472, 14520, 44628, 5596, 9480, 2172, 96, 113664, 332
435452, 14512, 44616, 5600, 9476, 2172, 96, 113704, 332
435428, 14504, 44612, 5596, 9464, 2168, 96, 113760, 332
435416, 14484, 44616, 5592, 9460, 2168, 96, 113796, 332
435396, 14464, 44608, 5580, 9472, 2168, 96, 113844, 332
435376, 14460, 44588, 5580, 9468, 2168, 96, 113892, 332
435348, 14464, 44568, 5584, 9468, 2160, 96, 113936, 336
435324, 14456, 44556, 5592, 9452, 2164, 96, 113984, 336
435304, 14448, 44560, 5592, 9444, 2168, 96, 114012, 336
435304, 14416, 44552, 5588, 9448, 2168, 96, 114052, 336
435292, 14408, 44544, 5580, 9444, 2168, 96, 114092, 336
435280, 14376, 44544, 5580, 9444, 2168, 96, 114136, 336
435260, 14352, 44544, 5572, 9452, 2172, 96, 114176, 336
435248, 14336, 44512, 5572, 9456, 2172, 96, 114232, 336
435232, 14328, 44504, 5568, 9456, 2176, 96, 114264, 336
435220, 14300, 44512, 5568, 9456, 2180, 96, 114292, 336
435204, 14296, 44504, 5568, 9448, 2180, 96, 114328, 336
435192, 14276, 44508, 5568, 9452, 2180, 96, 114352, 336
435168, 14260, 44532, 5560, 9452, 2180, 96, 114376, 336
435168, 14224, 44528, 5572, 9452, 2184, 96, 114400, 336
435152, 14204, 44536, 5592, 9444, 2184, 96, 114416, 336
435128, 14220, 44520, 5572, 9464, 2184, 96, 114440, 336
435116, 14196, 44532, 5572, 9472, 2184, 96, 114456, 336
435104, 14184, 44516, 5568, 9480, 2184, 96, 114492, 336
435096, 14172, 44504, 5572, 9472, 2184, 96, 114528, 336
435068, 14172, 44488, 5572, 9464, 2184, 96, 114580, 336
435052, 14172, 44440, 5564, 9460, 2180, 96, 114660, 336
435024, 14168, 44436, 5564, 9456, 2180, 96, 114700, 336
435016, 14160, 44416, 5552, 9464, 2180, 96, 114740, 336
435004, 14144, 44392, 5540, 9472, 2180, 96, 114796, 336
434996, 14092, 44416, 5524, 9476, 2184, 96, 114840, 336
434976, 14088, 44408, 5524, 9488, 2184, 96, 114860, 336
434964, 14072, 44388, 5512, 9480, 2188, 96, 114924, 336
434952, 14052, 44364, 5504, 9476, 2188, 96, 114988, 340
434940, 14036, 44368, 5508, 9476, 2188, 96, 115008, 340
434936, 14012, 44360, 5504, 9476, 2188, 96, 115048, 340
434920, 14008, 44344, 5484, 9496, 2188, 96, 115084, 340
434896, 14004, 44324, 5472, 9508, 2188, 96, 115132, 340
434864, 13992, 44320, 5492, 9504, 2188, 96, 115164, 340
434852, 13976, 44332, 5488, 9504, 2188, 96, 115184, 340
434836, 13948, 44356, 5496, 9496, 2188, 96, 115204, 340
434820, 13920, 44356, 5500, 9492, 2188, 96, 115248, 340
434808, 13884, 44364, 5492, 9504, 2192, 92, 115284, 340
434784, 13884, 44360, 5492, 9500, 2192, 92, 115312, 344
434772, 13860, 44360, 5488, 9492, 2192, 92, 115360, 344
434748, 13856, 44332, 5492, 9496, 2196, 92, 115404, 344
434736, 13820, 44336, 5504, 9496, 2196, 92, 115436, 344
434724, 13796, 44344, 5500, 9500, 2200, 96, 115456, 344
434708, 13788, 44344, 5500, 9500, 2204, 96, 115476, 344
434688, 13772, 44336, 5500, 9500, 2204, 96, 115520, 344
434684, 13752, 44332, 5504, 9488, 2208, 96, 115552, 344
434680, 13744, 44316, 5504, 9488, 2208, 96, 115580, 344
434660, 13728, 44324, 5496, 9500, 2208, 96, 115604, 344
434656, 13696, 44336, 5496, 9496, 2208, 96, 115632, 344
434652, 13676, 44320, 5508, 9492, 2204, 96, 115668, 344
434636, 13656, 44328, 5508, 9496, 2204, 96, 115692, 344
434612, 13644, 44312, 5512, 9496, 2204, 96, 115740, 344
434596, 13624, 44288, 5508, 9508, 2204, 96, 115792, 344
434596, 13596, 44292, 5508, 9504, 2208, 96, 115816, 344
434580, 13560, 44316, 5488, 9516, 2208, 96, 115848, 348
434572, 13552, 44300, 5484, 9512, 2212, 96, 115884, 348
434544, 13568, 44280, 5472, 9524, 2216, 96, 115912, 348
434536, 13552, 44260, 5472, 9516, 2220, 96, 115960, 348
434516, 13540, 44248, 5468, 9516, 2220, 96, 116008, 348
434492, 13520, 44240, 5468, 9508, 2224, 96, 116064, 348
434460, 13508, 44252, 5460, 9516, 2216, 96, 116104, 348
434424, 13512, 44260, 5472, 9516, 2216, 96, 116116, 348
434388, 13496, 44260, 5488, 9520, 2216, 96, 116148, 348
434356, 13504, 44268, 5472, 9528, 2220, 96, 116168, 348
434316, 13524, 44244, 5448, 9536, 2220, 96, 116228, 348
434264, 13544, 44232, 5452, 9544, 2224, 92, 116260, 348
434232, 13552, 44216, 5448, 9544, 2224, 92, 116304, 348
434172, 13580, 44204, 5460, 9544, 2224, 92, 116336, 348
434100, 13628, 44188, 5452, 9548, 2228, 92, 116376, 348
434036, 13668, 44184, 5444, 9552, 2232, 92, 116404, 348
433960, 13712, 44180, 5452, 9536, 2236, 92, 116444, 348
433896, 13720, 44204, 5456, 9532, 2236, 92, 116476, 348
433812, 13768, 44200, 5464, 9536, 2240, 92, 116500, 348
433728, 13800, 44220, 5472, 9532, 2244, 92, 116524, 348
433648, 13856, 44220, 5468, 9540, 2244, 92, 116544, 348
433588, 13872, 44224, 5468, 9540, 2244, 92, 116584, 348
433492, 13944, 44216, 5464, 9540, 2244, 92, 116620, 348
433396, 14028, 44212, 5452, 9548, 2244, 92, 116640, 348
433260, 14136, 44212, 5452, 9548, 2244, 92, 116668, 348
433184, 14184, 44204, 5444, 9552, 2244, 92, 116708, 348
433112, 14220, 44220, 5436, 9560, 2248, 92, 116724, 348
433048, 14240, 44236, 5436, 9552, 2248, 92, 116760, 348
432940, 14308, 44248, 5448, 9552, 2248, 92, 116776, 348
432872, 14340, 44236, 5452, 9548, 2248, 92, 116824, 348
432780, 14404, 44204, 5460, 9544, 2244, 92, 116884, 348
432708, 14444, 44196, 5468, 9548, 2244, 92, 116912, 348
432624, 14500, 44192, 5464, 9544, 2244, 92, 116952, 348
432536, 14560, 44192, 5464, 9552, 2244, 92, 116972, 348
432468, 14604, 44168, 5468, 9548, 2244, 92, 117020, 348
432404, 14644, 44164, 5464, 9548, 2244, 92, 117052, 348
432352, 14652, 44132, 5472, 9552, 2244, 92, 117116, 348
432308, 14660, 44136, 5472, 9556, 2244, 92, 117144, 348
432248, 14684, 44140, 5464, 9556, 2244, 92, 117184, 348
432208, 14696, 44128, 5460, 9556, 2244, 92, 117228, 348
432136, 14724, 44148, 5456, 9564, 2244, 92, 117248, 348
432052, 14772, 44156, 5448, 9572, 2244, 92, 117276, 348
431996, 14808, 44144, 5444, 9580, 2244, 92, 117304, 348
431912, 14864, 44136, 5440, 9584, 2244, 92, 117340, 348
431860, 14884, 44140, 5448, 9576, 2248, 92, 117364, 348
431828, 14888, 44120, 5444, 9576, 2252, 92, 117412, 348
431720, 14952, 44132, 5432, 9592, 2252, 92, 117440, 348
431664, 14972, 44116, 5432, 9596, 2252, 92, 117488, 348
431604, 14992, 44132, 5428, 9596, 2256, 92, 117512, 348
431520, 15028, 44124, 5420, 9612, 2256, 92, 117560, 348
431444, 15068, 44140, 5424, 9604, 2256, 92, 117584, 348
431368, 15112, 44148, 5412, 9608, 2260, 92, 117612, 348
431292, 15172, 44124, 5404, 9612, 2260, 92, 117656, 348
431228, 15212, 44092, 5400, 9612, 2264, 92, 117712, 348
431172, 15244, 44080, 5396, 9620, 2264, 92, 117744, 348
431100, 15272, 44076, 5404, 9616, 2264, 92, 117788, 348
431012, 15316, 44088, 5396, 9628, 2264, 92, 117816, 348
430964, 15340, 44080, 5396, 9624, 2268, 92, 117848, 348
430908, 15356, 44076, 5408, 9616, 2264, 92, 117892, 348
430824, 15408, 44084, 5396, 9616, 2264, 92, 117928, 348
430768, 15420, 44068, 5408, 9624, 2264, 92, 117968, 348
430724, 15444, 44060, 5412, 9612, 2260, 92, 118008, 348
430664, 15468, 44060, 5420, 9600, 2264, 92, 118044, 348
430596, 15500, 44064, 5416, 9608, 2264, 92, 118072, 348
430564, 15496, 44064, 5424, 9612, 2264, 92, 118096, 348
430548, 15488, 44032, 5432, 9588, 2272, 92, 118160, 348
430524, 15480, 44024, 5436, 9592, 2272, 92, 118192, 348
430500, 15468, 44020, 5428, 9600, 2268, 96, 118232, 348
430488, 15440, 44004, 5432, 9600, 2268, 96, 118284, 348
430460, 15444, 44000, 5420, 9600, 2272, 96, 118320, 348
430456, 15412, 43996, 5428, 9600, 2272, 96, 118352, 348
430444, 15396, 43960, 5440, 9592, 2272, 96, 118412, 348
430416, 15392, 43956, 5440, 9596, 2276, 96, 118440, 348
430384, 15384, 43972, 5436, 9604, 2272, 100, 118460, 348
430364, 15368, 43956, 5436, 9608, 2276, 100, 118504, 348
430344, 15380, 43924, 5416, 9620, 2272, 100, 118556, 348
430340, 15364, 43908, 5400, 9632, 2272, 100, 118596, 348
430320, 15348, 43916, 5400, 9636, 2276, 100, 118616, 348
430308, 15336, 43884, 5392, 9644, 2276, 100, 118672, 348
430268, 15352, 43892, 5392, 9644, 2276, 100, 118688, 348
430244, 15340, 43904, 5372, 9656, 2276, 100, 118720, 348
430220, 15320, 43912, 5372, 9644, 2284, 100, 118760, 348
430172, 15344, 43884, 5368, 9648, 2284, 100, 118812, 348
430136, 15332, 43876, 5376, 9640, 2288, 100, 118864, 348
430116, 15328, 43880, 5368, 9652, 2288, 100, 118880, 348
430092, 15324, 43856, 5360, 9644, 2292, 100, 118944, 348
430072, 15312, 43848, 5360, 9632, 2300, 100, 118988, 348
430056, 15284, 43840, 5348, 9648, 2300, 100, 119036, 348
430044, 15264, 43820, 5336, 9664, 2300, 100, 119084, 348
430020, 15264, 43820, 5340, 9652, 2300, 100, 119116, 348
429984, 15256, 43820, 5348, 9656, 2304, 100, 119144, 348
429964, 15236, 43836, 5348, 9652, 2304, 100, 119172, 348
429952, 15208, 43844, 5336, 9656, 2312, 100, 119204, 348
429948, 15180, 43816, 5336, 9660, 2312, 100, 119260, 348
429948, 15136, 43808, 5336, 9656, 2308, 100, 119320, 348
429916, 15124, 43816, 5328, 9660, 2312, 96, 119360, 348
429896, 15112, 43816, 5328, 9652, 2312, 96, 119400, 348
429876, 15124, 43788, 5312, 9668, 2316, 96, 119432, 348
429864, 15116, 43780, 5308, 9668, 2316, 96, 119464, 348
429860, 15092, 43768, 5300, 9668, 2316, 96, 119512, 348
429832, 15072, 43784, 5300, 9660, 2324, 96, 119544, 348
429816, 15052, 43776, 5308, 9664, 2324, 96, 119576, 348
429800, 15032, 43764, 5304, 9660, 2328, 96, 119628, 348
429796, 15012, 43732, 5300, 9672, 2328, 96, 119676, 348
429760, 15024, 43704, 5292, 9680, 2328, 96, 119728, 348
429760, 14992, 43680, 5292, 9668, 2336, 96, 119784, 352
429736, 14988, 43660, 5296, 9668, 2336, 96, 119828, 352
429728, 14956, 43656, 5308, 9656, 2336, 96, 119872, 352
429716, 14924, 43648, 5308, 9648, 2340, 96, 119928, 352
429692, 14920, 43648, 5312, 9648, 2340, 96, 119952, 352
429676, 14892, 43624, 5316, 9644, 2344, 96, 120016, 352
429668, 14888, 43600, 5312, 9648, 2344, 96, 120052, 352
429660, 14876, 43592, 5308, 9652, 2340, 100, 120080, 352
429636, 14844, 43628, 5308, 9652, 2340, 100, 120100, 352
429620, 14824, 43628, 5308, 9652, 2340, 100, 120136, 352
429592, 14836, 43604, 5320, 9644, 2336, 100, 120172, 356
429564, 14844, 43600, 5312, 9644, 2340, 100, 120200, 356
429552, 14824, 43580, 5308, 9644, 2340, 100, 120256, 356
429544, 14820, 43564, 5300, 9652, 2340, 100, 120284, 356
429532, 14800, 43560, 5300, 9656, 2340, 100, 120316, 356
429516, 14796, 43536, 5296, 9652, 2340, 100, 120368, 356
429500, 14796, 43512, 5284, 9668, 2336, 100, 120408, 356
429500, 14760, 43524, 5288, 9668, 2336, 100, 120428, 356
429476, 14764, 43500, 5276, 9668, 2336, 100, 120480, 360
429464, 14744, 43492, 5256, 9680, 2336, 100, 120528, 360
429448, 14720, 43488, 5272, 9668, 2340, 100, 120564, 360
429440, 14688, 43456, 5288, 9660, 2340, 100, 120628, 360
429432, 14672, 43448, 5276, 9668, 2340, 100, 120664, 360
429412, 14656, 43428, 5268, 9692, 2340, 100, 120704, 360
429404, 14616, 43448, 5272, 9676, 2340, 100, 120744, 360
429392, 14608, 43448, 5256, 9680, 2344, 100, 120772, 360
429388, 14592, 43444, 5256, 9676, 2344, 100, 120800, 360
429372, 14576, 43420, 5260, 9680, 2344, 100, 120848, 360
429364, 14544, 43424, 5256, 9676, 2344, 100, 120892, 360
429356, 14524, 43428, 5256, 9672, 2348, 100, 120916, 360
429352, 14508, 43408, 5252, 9664, 2348, 100, 120968, 360
429352, 14460, 43412, 5256, 9660, 2344, 100, 121016, 360
429340, 14444, 43408, 5248, 9672, 2344, 100, 121044, 360
429332, 14424, 43404, 5244, 9672, 2340, 100, 121080, 364
429324, 14412, 43408, 5236, 9676, 2340, 100, 121100, 364
429316, 14400, 43388, 5216, 9688, 2340, 100, 121148, 364
429300, 14376, 43388, 5232, 9676, 2340, 104, 121180, 364
429292, 14364, 43388, 5240, 9668, 2344, 104, 121196, 364
429288, 14336, 43356, 5236, 9672, 2340, 104, 121260, 368
429284, 14296, 43360, 5240, 9668, 2340, 104, 121300, 368
429256, 14276, 43376, 5240, 9668, 2344, 104, 121328, 368
429236, 14268, 43372, 5224, 9688, 2344, 104, 121356, 368
429220, 14248, 43380, 5212, 9688, 2348, 104, 121392, 368
429204, 14248, 43356, 5220, 9684, 2348, 108, 121424, 368
429172, 14248, 43348, 5228, 9684, 2348, 108, 121456, 368
429124, 14264, 43340, 5236, 9692, 2348, 108, 121480, 368
429092, 14252, 43360, 5232, 9692, 2348, 108, 121508, 368
429044, 14268, 43360, 5220, 9680, 2352, 108, 121560, 368
429008, 14288, 43340, 5204, 9688, 2356, 108, 121600, 368
428960, 14292, 43364, 5216, 9672, 2356, 108, 121624, 368
428912, 14312, 43360, 5196, 9688, 2356, 108, 121660, 368
428860, 14300, 43360, 5208, 9684, 2352, 108, 121720, 368
428808, 14340, 43332, 5204, 9696, 2348, 108, 121756, 368
428764, 14348, 43328, 5204, 9692, 2348, 108, 121800, 368
428708, 14388, 43312, 5196, 9692, 2348, 108, 121840, 368
428664, 14392, 43308, 5196, 9692, 2352, 108, 121880, 368
428592, 14424, 43308, 5200, 9700, 2352, 108, 121908, 368
428492, 14444, 43336, 5220, 9688, 2356, 108, 121948, 368
428412, 14504, 43320, 5220, 9688, 2360, 108, 121980, 368
428340, 14544, 43292, 5216, 9692, 2360, 108, 122040, 368
428288, 14552, 43284, 5220, 9688, 2364, 108, 122088, 368
428204, 14596, 43300, 5216, 9680, 2368, 108, 122120, 368
428128, 14620, 43312, 5220, 9668, 2368, 108, 122168, 368
428072, 14656, 43284, 5212, 9660, 2368, 108, 122232, 368
427980, 14708, 43276, 5212, 9664, 2372, 108, 122272, 368
427912, 14736, 43272, 5208, 9668, 2376, 108, 122312, 368
427816, 14804, 43264, 5208, 9656, 2384, 108, 122352, 368
427712, 14864, 43264, 5208, 9660, 2384, 108, 122392, 368
427652, 14896, 43276, 5208, 9660, 2384, 108, 122408, 368
427596, 14904, 43292, 5216, 9648, 2384, 108, 122444, 368
427532, 14908, 43304, 5220, 9656, 2384, 108, 122480, 368
427476, 14936, 43304, 5228, 9652, 2388, 108, 122500, 368
427384, 15012, 43296, 5216, 9660, 2392, 108, 122524, 368
427308, 15060, 43284, 5220, 9656, 2392, 108, 122564, 368
427256, 15052, 43316, 5224, 9656, 2396, 108, 122584, 368
427232, 15052, 43320, 5216, 9664, 2396, 108, 122604, 368
427148, 15120, 43308, 5204, 9656, 2396, 108, 122648, 372
427116, 15116, 43316, 5212, 9652, 2396, 108, 122668, 376
427056, 15160, 43296, 5208, 9668, 2396, 108, 122692, 376
427012, 15180, 43300, 5200, 9680, 2400, 108, 122704, 376
426956, 15196, 43300, 5204, 9672, 2404, 108, 122744, 376
426884, 15244, 43296, 5196, 9672, 2408, 108, 122776, 376
426840, 15240, 43296, 5192, 9676, 2412, 108, 122820, 376
426796, 15260, 43300, 5192, 9668, 2412, 108, 122848, 376
426736, 15308, 43288, 5188, 9652, 2416, 108, 122888, 376
426656, 15352, 43300, 5188, 9648, 2416, 108, 122916, 376
426600, 15384, 43272, 5192, 9628, 2420, 108, 122980, 376
426520, 15436, 43276, 5188, 9636, 2420, 108, 123000, 376
426452, 15484, 43272, 5184, 9644, 2420, 108, 123020, 376
426384, 15496, 43256, 5188, 9644, 2420, 108, 123088, 376
426340, 15508, 43248, 5200, 9640, 2424, 108, 123116, 376
426260, 15556, 43244, 5196, 9648, 2424, 108, 123148, 376
426212, 15572, 43240, 5196, 9640, 2432, 104, 123184, 380
426156, 15612, 43224, 5188, 9648, 2432, 104, 123216, 380
426084, 15664, 43232, 5184, 9648, 2432, 104, 123232, 380
426012, 15724, 43192, 5172, 9648, 2432, 104, 123296, 380
425984, 15736, 43180, 5164, 9652, 2432, 104, 123328, 380
425948, 15732, 43176, 5156, 9652, 2432, 104, 123380, 380
425884, 15760, 43176, 5148, 9660, 2432, 104, 123416, 380
425824, 15796, 43172, 5156, 9652, 2432, 104, 123444, 380
425784, 15788, 43164, 5152, 9668, 2432, 104, 123488, 380
425732, 15812, 43164, 5148, 9672, 2436, 104, 123512, 380
425688, 15820, 43132, 5148, 9680, 2436, 104, 123572, 380
425652, 15816, 43128, 5144, 9668, 2432, 104, 123636, 380
425612, 15816, 43124, 5152, 9668, 2432, 104, 123668, 384
425600, 15792, 43112, 5160, 9672, 2432, 108, 123700, 384
425568, 15784, 43112, 5156, 9672, 2432, 108, 123744, 384
425552, 15768, 43116, 5148, 9676, 2432, 108, 123776, 384
425536, 15760, 43104, 5140, 9688, 2432, 108, 123808, 384
425516, 15756, 43080, 5144, 9676, 2432, 108, 123864, 384
425496, 15752, 43060, 5144, 9680, 2436, 108, 123900, 384
425480, 15748, 43064, 5144, 9680, 2436, 108, 123916, 384
425456, 15744, 43060, 5148, 9680, 2436, 108, 123944, 384
425444, 15724, 43052, 5144, 9688, 2436, 108, 123980, 384
425408, 15740, 43028, 5144, 9676, 2436, 108, 124036, 384
425384, 15748, 43012, 5136, 9680, 2436, 108, 124072, 384
425364, 15736, 43016, 5128, 9676, 2436, 108, 124112, 384
425344, 15748, 43004, 5112, 9672, 2444, 108, 124144, 384
425336, 15732, 42996, 5116, 9668, 2444, 108, 124176, 384
425324, 15712, 43004, 5112, 9660, 2448, 108, 124208, 384
425304, 15696, 43032, 5108, 9644, 2456, 108, 124228, 384
425288, 15672, 43052, 5116, 9624, 2456, 108, 124260, 384
425256, 15668, 43020, 5112, 9632, 2460, 108, 124320, 384
425252, 15636, 43024, 5108, 9632, 2464, 108, 124352, 384
425236, 15608, 43024, 5120, 9628, 2464, 108, 124388, 384
425208, 15612, 43012, 5128, 9624, 2464, 108, 124420, 384
425184, 15600, 43008, 5120, 9636, 2464, 108, 124456, 384
425172, 15592, 42964, 5124, 9624, 2464, 108, 124528, 384
425168, 15572, 42952, 5120, 9624, 2464, 108, 124568, 384
425140, 15568, 42948, 5124, 9616, 2460, 112, 124608, 384
425108, 15564, 42968, 5124, 9608, 2460, 112, 124632, 384
425092, 15556, 42956, 5128, 9612, 2460, 112, 124660, 384
425068, 15560, 42944, 5120, 9612, 2464, 112, 124696, 384
425044, 15552, 42932, 5116, 9616, 2468, 112, 124736, 384
425028, 15536, 42912, 5112, 9620, 2468, 112, 124788, 384
425012, 15516, 42916, 5124, 9616, 2464, 112, 124812, 388
424996, 15496, 42924, 5120, 9620, 2464, 112, 124840, 388
424968, 15492, 42924, 5120, 9616, 2464, 112, 124876, 388
424956, 15476, 42904, 5108, 9620, 2464, 112, 124932, 388
424932, 15464, 42916, 5112, 9616, 2468, 112, 124952, 388
424932, 15440, 42900, 5124, 9600, 2468, 112, 124996, 388
424916, 15440, 42896, 5108, 9608, 2476, 112, 125016, 388
424904, 15420, 42888, 5108, 9608, 2476, 112, 125056, 388
424896, 15384, 42896, 5116, 9608, 2472, 112, 125088, 388
424892, 15356, 42896, 5108, 9604, 2476, 112, 125128, 388
424876, 15328, 42900, 5096, 9616, 2476, 112, 125168, 388
424868, 15284, 42912, 5096, 9616, 2480, 112, 125204, 388
424856, 15264, 42900, 5088, 9612, 2484, 112, 125256, 388
424836, 15268, 42892, 5084, 9608, 2484, 112, 125288, 388
424832, 15248, 42880, 5068, 9624, 2484, 112, 125324, 388
424820, 15236, 42860, 5068, 9620, 2484, 112, 125372, 388
424816, 15216, 42844, 5072, 9616, 2484, 112, 125412, 388
424796, 15184, 42872, 5072, 9616, 2484, 112, 125436, 388
424776, 15160, 42884, 5064, 9616, 2484, 112, 125476, 388
424764, 15140, 42872, 5056, 9624, 2484, 112, 125520, 388
424760, 15108, 42864, 5048, 9636, 2484, 112, 125560, 388
424748, 15076, 42868, 5056, 9624, 2492, 112, 125596, 388
424736, 15052, 42880, 5052, 9624, 2484, 116, 125628, 388
424716, 15048, 42868, 5060, 9604, 2488, 116, 125672, 388
424700, 15020, 42848, 5056, 9608, 2492, 116, 125732, 388
424676, 14988, 42852, 5056, 9616, 2496, 116, 125772, 388
424668, 14960, 42832, 5068, 9620, 2496, 116, 125812, 388
424652, 14944, 42840, 5064, 9600, 2500, 116, 125856, 388
424628, 14928, 42840, 5064, 9588, 2504, 116, 125904, 388
424624, 14908, 42832, 5068, 9580, 2504, 116, 125940, 388
424616, 14880, 42836, 5072, 9560, 2508, 116, 125984, 388
424608, 14852, 42844, 5056, 9560, 2508, 116, 126028, 388
424596, 14832, 42856, 5052, 9568, 2504, 116, 126048, 388
424584, 14804, 42864, 5056, 9572, 2504, 116, 126072, 388
424576, 14788, 42836, 5060, 9576, 2500, 116, 126120, 388
424564, 14772, 42836, 5056, 9588, 2496, 120, 126140, 388
424556, 14736, 42844, 5052, 9584, 2496, 120, 126184, 388
424548, 14700, 42828, 5060, 9592, 2500, 116, 126228, 388
424544, 14664, 42812, 5060, 9580, 2500, 116, 126296, 388
424524, 14648, 42804, 5068, 9584, 2500, 116, 126328, 388
424512, 14604, 42816, 5080, 9576, 2500, 116, 126368, 388
424492, 14600, 42800, 5072, 9576, 2496, 116, 126420, 388
424464, 14596, 42804, 5068, 9580, 2488, 116, 126448, 396
424456, 14564, 42784, 5084, 9580, 2492, 116, 126488, 396
424436, 14560, 42784, 5080, 9576, 2488, 120, 126520, 396
424424, 14520, 42792, 5092, 9568, 2492, 120, 126556, 396
424420, 14488, 42804, 5096, 9564, 2492, 120, 126580, 396
424400, 14476, 42804, 5092, 9560, 2492, 120, 126620, 396
424396, 14452, 42808, 5084, 9552, 2492, 120, 126660, 396
424392, 14420, 42800, 5092, 9540, 2492, 120, 126708, 396
424384, 14392, 42808, 5076, 9552, 2492, 120, 126740, 396
424364, 14384, 42800, 5060, 9548, 2496, 120, 126792, 396
424348, 14376, 42776, 5048, 9556, 2492, 120, 126848, 396
424336, 14380, 42748, 5044, 9540, 2496, 120, 126900, 396
424312, 14364, 42720, 5064, 9532, 2496, 120, 126956, 396
424280, 14356, 42728, 5072, 9520, 2500, 120, 126988, 396
424220, 14400, 42720, 5064, 9524, 2500, 120, 127016, 396
424176, 14404, 42712, 5064, 9520, 2496, 120, 127072, 396
424156, 14364, 42752, 5048, 9520, 2500, 120, 127104, 396
424132, 14352, 42764, 5052, 9516, 2500, 120, 127128, 396
424100, 14348, 42760, 5060, 9508, 2500, 120, 127168, 396
424060, 14348, 42772, 5072, 9496, 2504, 120, 127192, 396
424004, 14384, 42752, 5064, 9508, 2504, 120, 127228, 396
423964, 14400, 42724, 5068, 9508, 2504, 120, 127276, 396
423924, 14400, 42708, 5076, 9504, 2500, 120, 127332, 396
423884, 14420, 42688, 5080, 9496, 2496, 120, 127380, 396
423784, 14496, 42688, 5084, 9492, 2500, 120, 127400, 396
423716, 14520, 42672, 5100, 9492, 2496, 124, 127444, 396
423640, 14568, 42660, 5104, 9488, 2496, 124, 127484, 396
423564, 14620, 42652, 5104, 9488, 2504, 124, 127508, 396
423488, 14660, 42624, 5104, 9492, 2504, 124, 127568, 396
423424, 14696, 42632, 5100, 9496, 2504, 124, 127588, 396
423332, 14764, 42632, 5088, 9492, 2512, 124, 127620, 396
423236, 14832, 42624, 5092, 9500, 2508, 124, 127648, 396
423172, 14868, 42588, 5104, 9496, 2508, 124, 127704, 396
423144, 14844, 42588, 5108, 9500, 2504, 124, 127752, 396
423072, 14904, 42576, 5112, 9488, 2504, 124, 127784, 396
422992, 14960, 42576, 5104, 9496, 2500, 128, 127808, 396
422932, 14996, 42584, 5108, 9500, 2500, 128, 127816, 396
422856, 15036, 42576, 5096, 9508, 2500, 128, 127864, 396
422812, 15036, 42568, 5100, 9512, 2500, 128, 127908, 396
422760, 15040, 42564, 5124, 9496, 2504, 128, 127948, 396
422712, 15056, 42556, 5128, 9500, 2504, 128, 127980, 396
422660, 15064, 42564, 5136, 9492, 2504, 128, 128016, 396
422612, 15084, 42540, 5128, 9508, 2504, 128, 128060, 396
422552, 15112, 42544, 5132, 9508, 2504, 128, 128084, 396
422512, 15132, 42524, 5136, 9496, 2500, 128, 128136, 396
422476, 15140, 42524, 5128, 9500, 2500, 128, 128168, 396
422428, 15164, 42508, 5128, 9504, 2500, 128, 128204, 396
422388, 15160, 42504, 5108, 9524, 2500, 128, 128252, 396
422348, 15172, 42484, 5116, 9524, 2504, 128, 128288, 396
422312, 15180, 42480, 5104, 9528, 2504, 128, 128328, 396
422256, 15212, 42448, 5096, 9544, 2504, 128, 128376, 396
422180, 15272, 42412, 5076, 9548, 2504, 128, 128444, 396
422100, 15304, 42432, 5088, 9540, 2512, 128, 128460, 396
422036, 15344, 42416, 5100, 9540, 2508, 132, 128488, 396
421956, 15392, 42416, 5100, 9532, 2508, 132, 128528, 396
421920, 15384, 42420, 5108, 9520, 2508, 132, 128572, 396
421864, 15412, 42404, 5128, 9512, 2512, 132, 128600, 396
421824, 15400, 42428, 5140, 9496, 2516, 132, 128628, 396
421748, 15452, 42408, 5152, 9492, 2516, 132, 128664, 396
421688, 15464, 42424, 5160, 9484, 2520, 132, 128692, 396
421636, 15476, 42428, 5156, 9476, 2524, 132, 128736, 396
421560, 15516, 42420, 5160, 9468, 2528, 132, 128780, 396
421504, 15540, 42420, 5168, 9456, 2532, 132, 128812, 396
421436, 15588, 42400, 5172, 9448, 2536, 132, 128852, 396
421376, 15620, 42380, 5160, 9468, 2532, 132, 128896, 396
421324, 15624, 42396, 5156, 9464, 2532, 132, 128936, 396
421300, 15612, 42392, 5132, 9488, 2532, 132, 128976, 396
421256, 15620, 42372, 5136, 9492, 2532, 132, 129024, 396
421216, 15612, 42400, 5132, 9492, 2524, 132, 129056, 396
421180, 15624, 42384, 5124, 9492, 2524, 132, 129104, 396
421132, 15636, 42384, 5128, 9492, 2528, 132, 129132, 396
421112, 15636, 42360, 5128, 9484, 2536, 132, 129176, 396
421076, 15648, 42320, 5128, 9484, 2532, 132, 129244, 396
421044, 15640, 42316, 5128, 9484, 2528, 132, 129292, 396
421024, 15636, 42324, 5128, 9476, 2532, 132, 129312, 396
421008, 15616, 42320, 5124, 9476, 2532, 132, 129356, 396
420988, 15604, 42308, 5120, 9488, 2532, 132, 129392, 396
420968, 15588, 42320, 5132, 9480, 2532, 132, 129412, 396
420944, 15580, 42320, 5132, 9472, 2536, 132, 129448, 396
420912, 15576, 42344, 5132, 9456, 2540, 132, 129472, 396
420900, 15560, 42336, 5136, 9460, 2540, 132, 129500, 396
420884, 15548, 42324, 5132, 9468, 2540, 132, 129536, 396
420852, 15540, 42324, 5132, 9468, 2540, 132, 129576, 396
420820, 15544, 42324, 5132, 9472, 2540, 132, 129600, 396
420800, 15532, 42312, 5132, 9488, 2540, 132, 129628, 396
420776, 15508, 42320, 5124, 9504, 2540, 132, 129660, 396
420772, 15508, 42304, 5124, 9492, 2540, 132, 129692, 396
420768, 15468, 42304, 5132, 9488, 2548, 132, 129724, 396
420752, 15440, 42320, 5132, 9488, 2548, 132, 129752, 396
420728, 15440, 42320, 5132, 9468, 2552, 132, 129792, 396
420700, 15448, 42308, 5116, 9472, 2552, 132, 129836, 396
420676, 15440, 42292, 5124, 9464, 2552, 136, 129880, 396
420648, 15416, 42292, 5128, 9452, 2556, 136, 129936, 396
420640, 15408, 42288, 5112, 9468, 2552, 136, 129960, 396
420624, 15388, 42296, 5120, 9456, 2556, 136, 129988, 396
420604, 15368, 42320, 5112, 9456, 2556, 136, 130012, 396
420584, 15376, 42300, 5112, 9452, 2556, 136, 130048, 396
420560, 15360, 42324, 5116, 9440, 2556, 136, 130072, 396
420548, 15308, 42344, 5108, 9452, 2556, 136, 130112, 396
420524, 15292, 42332, 5120, 9444, 2560, 136, 130156, 396
420520, 15268, 42332, 5120, 9444, 2560, 136, 130184, 396
420504, 15252, 42332, 5112, 9452, 2560, 136, 130216, 396
420476, 15248, 42320, 5104, 9456, 2556, 136, 130268, 396
420452, 15224, 42332, 5096, 9460, 2556, 136, 130308, 396
420436, 15216, 42328, 5100, 9456, 2556, 136, 130336, 396
420428, 15196, 42296, 5096, 9448, 2556, 136, 130408, 396
420416, 15164, 42308, 5100, 9444, 2560, 136, 130436, 396
420400, 15136, 42304, 5108, 9448, 2560, 136, 130472, 396
420372, 15128, 42316, 5108, 9440, 2564, 136, 130500, 396
420356, 15116, 42284, 5104, 9448, 2564, 136, 130556, 396
420348, 15092, 42268, 5116, 9444, 2564, 136, 130596, 396
420320, 15080, 42272, 5112, 9448, 2568, 136, 130628, 396
420296, 15064, 42276, 5100, 9448, 2572, 136, 130668, 400
420292, 15032, 42260, 5096, 9440, 2576, 136, 130728, 400
420280, 14996, 42248, 5096, 9440, 2584, 136, 130780, 400
420276, 14968, 42236, 5104, 9436, 2588, 136, 130816, 400
420260, 14936, 42264, 5100, 9436, 2588, 136, 130840, 400
420248, 14904, 42256, 5100, 9448, 2588, 136, 130880, 400
420236, 14864, 42260, 5116, 9436, 2588, 136, 130924, 400
420200, 14868, 42260, 5120, 9420, 2592, 136, 130964, 400
420176, 14852, 42284, 5120, 9404, 2596, 136, 130992, 400
420164, 14824, 42276, 5128, 9404, 2600, 136, 131028, 400
420160, 14796, 42284, 5132, 9396, 2600, 136, 131056, 400
420156, 14756, 42272, 5136, 9396, 2604, 136, 131104, 400
420148, 14736, 42248, 5132, 9404, 2600, 136, 131156, 400
420136, 14696, 42248, 5144, 9408, 2600, 136, 131192, 400
420116, 14700, 42228, 5136, 9408, 2600, 136, 131232, 404
420100, 14672, 42232, 5144, 9400, 2604, 136, 131268, 404
420084, 14652, 42240, 5144, 9392, 2604, 136, 131304, 404
420072, 14628, 42228, 5144, 9396, 2604, 136, 131348, 404
420064, 14600, 42200, 5140, 9400, 2604, 136, 131412, 404
420060, 14572, 42208, 5120, 9412, 2604, 136, 131444, 404
420052, 14556, 42180, 5132, 9400, 2596, 136, 131504, 404
420036, 14524, 42180, 5116, 9420, 2596, 136, 131548, 404
420020, 14520, 42148, 5112, 9416, 2596, 136, 131608, 404
420004, 14508, 42128, 5120, 9416, 2596, 136, 131648, 404
419980, 14508, 42132, 5112, 9412, 2596, 136, 131680, 404
419972, 14464, 42136, 5084, 9440, 2596, 136, 131728, 404
419960, 14428, 42124, 5100, 9428, 2596, 136, 131784, 404
419952, 14412, 42112, 5100, 9424, 2600, 136, 131816, 408
419936, 14396, 42096, 5088, 9428, 2608, 136, 131864, 408
419932, 14372, 42088, 5088, 9432, 2604, 136, 131900, 408
419924, 14348, 42088, 5092, 9432, 2604, 136, 131928, 408
419900, 14332, 42076, 5084, 9432, 2608, 136, 131984, 408
419896, 14300, 42084, 5080, 9432, 2608, 136, 132016, 408
419888, 14272, 42100, 5084, 9428, 2608, 136, 132036, 408
419880, 14244, 42084, 5080, 9432, 2608, 136, 132088, 408
419852, 14240, 42076, 5076, 9424, 2608, 136, 132140, 408
419840, 14232, 42056, 5084, 9412, 2608, 136, 132184, 408
419832, 14220, 42016, 5076, 9416, 2608, 136, 132248, 408
419820, 14188, 42036, 5076, 9404, 2620, 140, 132268, 408
419812, 14148, 42040, 5068, 9416, 2620, 140, 132308, 408
419788, 14140, 42032, 5072, 9416, 2620, 140, 132344, 408
419776, 14112, 42036, 5084, 9416, 2624, 140, 132364, 408
419760, 14084, 42044, 5088, 9420, 2624, 140, 132392, 408
419752, 14052, 42036, 5092, 9420, 2628, 140, 132432, 408
419732, 14032, 42012, 5104, 9392, 2628, 144, 132508, 408
419692, 14036, 41968, 5120, 9384, 2628, 144, 132580, 408
419624, 14048, 41964, 5128, 9376, 2628, 144, 132640, 408
419572, 14056, 41968, 5136, 9360, 2632, 144, 132684, 408
419520, 14068, 41964, 5124, 9368, 2632, 144, 132732, 408
419480, 14076, 41980, 5128, 9368, 2632, 144, 132744, 408
419420, 14112, 41964, 5116, 9384, 2632, 144, 132780, 408
419368, 14132, 41960, 5104, 9396, 2624, 144, 132824, 408
419296, 14176, 41944, 5104, 9388, 2620, 144, 132880, 408
419256, 14180, 41936, 5100, 9396, 2620, 144, 132920, 408
419216, 14180, 41956, 5108, 9384, 2620, 144, 132944, 408
419196, 14152, 41936, 5112, 9400, 2620, 144, 132992, 408
419160, 14156, 41928, 5116, 9400, 2620, 144, 133028, 408
419096, 14188, 41928, 5112, 9396, 2624, 140, 133064, 412
419024, 14240, 41920, 5112, 9396, 2624, 140, 133092, 412
418956, 14268, 41944, 5096, 9404, 2632, 140, 133108, 412
418880, 14320, 41920, 5100, 9404, 2632, 140, 133152, 412
418800, 14376, 41892, 5104, 9396, 2640, 140, 133200, 412
418732, 14412, 41884, 5108, 9388, 2640, 140, 133244, 412
418676, 14436, 41856, 5100, 9392, 2640, 140, 133308, 412
418612, 14460, 41844, 5104, 9384, 2640, 140, 133360, 416
418564, 14468, 41844, 5116, 9380, 2636, 140, 133396, 416
418516, 14484, 41840, 5128, 9380, 2636, 140, 133420, 416
418440, 14536, 41848, 5128, 9376, 2636, 140, 133440, 416
418412, 14524, 41860, 5128, 9372, 2636, 140, 133472, 416
418336, 14544, 41864, 5136, 9356, 2644, 140, 133524, 416
418256, 14580, 41868, 5140, 9360, 2644, 140, 133556, 416
418204, 14608, 41840, 5140, 9364, 2640, 140, 133608, 416
418160, 14616, 41840, 5148, 9352, 2644, 140, 133644, 416
418140, 14596, 41832, 5152, 9348, 2652, 140, 133684, 416
418080, 14612, 41836, 5160, 9344, 2652, 140, 133720, 416
418032, 14628, 41848, 5172, 9340, 2652, 140, 133732, 416
417952, 14664, 41836, 5164, 9356, 2648, 140, 133784, 416
417900, 14680, 41844, 5164, 9356, 2648, 140, 133812, 416
417840, 14720, 41844, 5164, 9356, 2648, 144, 133828, 416
417796, 14720, 41844, 5160, 9360, 2652, 144, 133868, 416
417760, 14712, 41848, 5172, 9356, 2652, 144, 133900, 416
417716, 14708, 41868, 5172, 9352, 2656, 144, 133928, 416
417688, 14712, 41880, 5168, 9356, 2656, 144, 133940, 416
417648, 14704, 41908, 5172, 9348, 2660, 144, 133960, 416
417608, 14720, 41896, 5168, 9344, 2656, 144, 134008, 416
417568, 14724, 41880, 5192, 9344, 2656, 144, 134036, 416
417516, 14724, 41884, 5196, 9352, 2656, 144, 134072, 416
417468, 14740, 41896, 5196, 9360, 2656, 144, 134084, 416
417404, 14760, 41900, 5192, 9356, 2660, 144, 134128, 416
417352, 14776, 41908, 5184, 9368, 2660, 144, 134152, 416
417296, 14812, 41888, 5176, 9368, 2656, 144, 134204, 416
417232, 14800, 41924, 5168, 9368, 2660, 144, 134248, 416
417168, 14836, 41904, 5168, 9368, 2660, 144, 134296, 416
417120, 14828, 41920, 5172, 9368, 2660, 144, 134332, 416
417072, 14840, 41924, 5168, 9356, 2660, 144, 134380, 416
417024, 14832, 41932, 5168, 9360, 2660, 144, 134424, 416
416976, 14836, 41956, 5172, 9352, 2660, 144, 134448, 416
416920, 14872, 41920, 5176, 9356, 2660, 144, 134496, 416
416872, 14888, 41908, 5168, 9372, 2660, 144, 134532, 416
416828, 14904, 41896, 5172, 9372, 2660, 144, 134568, 416
416780, 14912, 41904, 5168, 9372, 2660, 144, 134604, 416
416736, 14916, 41908, 5180, 9364, 2664, 144, 134632, 416
416696, 14920, 41920, 5184, 9364, 2668, 144, 134648, 416
416680, 14908, 41920, 5176, 9376, 2668, 144, 134672, 416
416660, 14892, 41924, 5180, 9368, 2672, 144, 134704, 416
416640, 14864, 41920, 5188, 9368, 2676, 144, 134744, 416
416636, 14844, 41912, 5176, 9368, 2684, 144, 134780, 416
416628, 14824, 41896, 5180, 9372, 2684, 144, 134816, 416
416620, 14792, 41912, 5180, 9364, 2692, 144, 134840, 416
416588, 14812, 41860, 5188, 9364, 2692, 144, 134896, 416
416576, 14788, 41868, 5180, 9368, 2692, 144, 134928, 416
416540, 14792, 41868, 5168, 9372, 2692, 144, 134968, 416
416516, 14772, 41896, 5152, 9392, 2696, 144, 134976, 416
416500, 14760, 41900, 5148, 9396, 2696, 144, 135000, 416
416472, 14768, 41892, 5148, 9384, 2692, 148, 135040, 416
416452, 14736, 41892, 5152, 9388, 2692, 148, 135084, 416
416444, 14716, 41872, 5148, 9400, 2696, 148, 135120, 416
416432, 14700, 41876, 5148, 9392, 2696, 148, 135152, 416
416408, 14680, 41860, 5156, 9384, 2704, 148, 135204, 416
416384, 14648, 41892, 5164, 9368, 2708, 148, 135232, 416
416372, 14612, 41912, 5176, 9360, 2712, 148, 135252, 416
416364, 14588, 41900, 5184, 9360, 2716, 148, 135284, 416
416348, 14556, 41916, 5180, 9368, 2716, 148, 135312, 416
416336, 14540, 41904, 5184, 9372, 2716, 148, 135344, 416
416320, 14528, 41884, 5168, 9392, 2716, 148, 135388, 416
416312, 14488, 41888, 5180, 9376, 2716, 148, 135436, 416
416304, 14460, 41888, 5180, 9380, 2716, 148, 135468, 416
416284, 14464, 41872, 5180, 9372, 2720, 148, 135504, 416
416268, 14448, 41856, 5168, 9368, 2728, 148, 135560, 416
416260, 14436, 41848, 5156, 9372, 2728, 148, 135596, 416
416248, 14400, 41856, 5160, 9380, 2728, 148, 135624, 416
416236, 14360, 41880, 5144, 9392, 2728, 148, 135656, 416
416216, 14360, 41868, 5136, 9400, 2728, 148, 135688, 416
416208, 14340, 41868, 5136, 9400, 2728, 148, 135716, 416
416192, 14324, 41876, 5116, 9416, 2732, 148, 135740, 416
416188, 14284, 41892, 5120, 9416, 2728, 148, 135768, 416
416180, 14256, 41896, 5120, 9416, 2732, 148, 135796, 416
416160, 14248, 41912, 5116, 9424, 2732, 148, 135804, 416
416132, 14252, 41900, 5120, 9420, 2732, 148, 135840, 416
416100, 14248, 41896, 5120, 9420, 2732, 148, 135880, 416
416080, 14248, 41884, 5116, 9424, 2736, 148, 135908, 416
416056, 14244, 41880, 5116, 9420, 2736, 148, 135944, 416
416044, 14212, 41880, 5116, 9420, 2736, 148, 135988, 416
416040, 14184, 41888, 5116, 9408, 2740, 148, 136020, 416
416032, 14136, 41912, 5112, 9408, 2740, 148, 136056, 416
416020, 14104, 41920, 5120, 9408, 2740, 148, 136084, 416
416016, 14072, 41924, 5120, 9392, 2744, 148, 136128, 416
416012, 14036, 41900, 5116, 9400, 2740, 152, 136188, 416
416004, 13988, 41920, 5128, 9404, 2736, 156, 136208, 416
415980, 13992, 41908, 5124, 9404, 2740, 156, 136240, 416
415968, 13988, 41884, 5112, 9416, 2740, 156, 136280, 416
415944, 13992, 41876, 5108, 9420, 2744, 156, 136304, 416
415924, 13984, 41876, 5108, 9412, 2748, 156, 136336, 416
415908, 13984, 41872, 5100, 9416, 2752, 156, 136356, 416
415904, 13948, 41880, 5100, 9408, 2752, 156, 136396, 416
415888, 13936, 41856, 5100, 9404, 2748, 160, 136452, 416
415860, 13924, 41856, 5104, 9412, 2748, 160, 136480, 416
415844, 13904, 41852, 5104, 9408, 2748, 160, 136524, 416
415832, 13896, 41840, 5096, 9416, 2748, 160, 136556, 416
415820, 13876, 41836, 5092, 9424, 2748, 160, 136588, 416
415792, 13892, 41828, 5080, 9432, 2748, 160, 136612, 416
415784, 13864, 41844, 5068, 9428, 2748, 160, 136644, 420
415764, 13836, 41832, 5072, 9424, 2748, 160, 136704, 420
415756, 13808, 41848, 5072, 9412, 2752, 160, 136732, 420
415744, 13760, 41864, 5072, 9408, 2752, 160, 136780, 420
415736, 13752, 41864, 5064, 9400, 2752, 160, 136812, 420
415732, 13728, 41872, 5064, 9396, 2756, 160, 136832, 420
415724, 13680, 41900, 5076, 9392, 2756, 160, 136852, 420
415696, 13688, 41892, 5076, 9388, 2760, 160, 136880, 420
415684, 13660, 41900, 5080, 9384, 2764, 160, 136908, 420
415676, 13628, 41924, 5088, 9384, 2764, 160, 136916, 420
415656, 13604, 41892, 5104, 9380, 2756, 164, 136984, 420
415632, 13596, 41872, 5104, 9384, 2752, 164, 137036, 420
415616, 13576, 41876, 5104, 9380, 2752, 164, 137072, 420
415612, 13548, 41860, 5104, 9384, 2752, 164, 137116, 420
415600, 13536, 41848, 5096, 9372, 2760, 164, 137164, 420
415572, 13540, 41848, 5100, 9344, 2768, 164, 137204, 420
415560, 13516, 41848, 5092, 9340, 2768, 164, 137252, 420
415544, 13516, 41832, 5084, 9336, 2764, 164, 137300, 420
415528, 13496, 41840, 5080, 9328, 2764, 164, 137340, 420
415512, 13480, 41844, 5072, 9340, 2764, 164, 137364, 420
415492, 13468, 41844, 5072, 9332, 2764, 164, 137404, 420
415480, 13448, 41848, 5084, 9336, 2764, 160, 137416, 424
415476, 13416, 41844, 5072, 9332, 2776, 160, 137460, 424
415472, 13396, 41808, 5060, 9336, 2776, 160, 137528, 424
415460, 13388, 41812, 5064, 9320, 2776, 160, 137556, 424
415456, 13352, 41844, 5064, 9316, 2776, 160, 137568, 424
415432, 13332, 41848, 5068, 9320, 2780, 156, 137600, 424
415416, 13312, 41856, 5068, 9328, 2780, 156, 137620, 424
415408, 13284, 41836, 5068, 9320, 2784, 156, 137680, 424
415380, 13272, 41828, 5072, 9328, 2784, 156, 137716, 424
415360, 13252, 41840, 5064, 9344, 2788, 156, 137732, 424
415340, 13240, 41840, 5068, 9344, 2788, 156, 137760, 424
415324, 13224, 41816, 5072, 9344, 2784, 156, 137816, 424
415296, 13212, 41852, 5072, 9340, 2784, 156, 137824, 424
415288, 13192, 41848, 5072, 9332, 2784, 156, 137864, 424
415244, 13216, 41824, 5072, 9328, 2784, 156, 137912, 424
415228, 13212, 41808, 5068, 9328, 2788, 156, 137948, 424
415220, 13204, 41780, 5064, 9328, 2792, 156, 137992, 424
415208, 13188, 41772, 5068, 9332, 2792, 156, 138020, 424
415204, 13140, 41788, 5072, 9324, 2792, 156, 138060, 424
415200, 13112, 41800, 5068, 9316, 2796, 156, 138088, 424
415188, 13080, 41816, 5060, 9324, 2796, 156, 138116, 424
415180, 13052, 41800, 5064, 9328, 2800, 156, 138156, 424
415172, 13032, 41808, 5048, 9340, 2800, 156, 138180, 424
415152, 13008, 41820, 5052, 9332, 2800, 156, 138216, 424
415152, 12968, 41836, 5032, 9348, 2800, 156, 138244, 424
415132, 12956, 41824, 5024, 9360, 2800, 156, 138284, 424
415108, 12952, 41812, 5024, 9368, 2800, 156, 138316, 424
415096, 12940, 41784, 5020, 9360, 2796, 156, 138384, 424
415076, 12940, 41764, 5008, 9372, 2796, 156, 138424, 424
415052, 12920, 41764, 5008, 9376, 2796, 156, 138464, 424
415024, 12912, 41744, 5000, 9392, 2796, 156, 138512, 424
414984, 12924, 41756, 5000, 9396, 2796, 156, 138524, 424
414972, 12904, 41744, 5008, 9400, 2796, 156, 138556, 424
414948, 12892, 41752, 5008, 9396, 2796, 156, 138588, 424
414940, 12868, 41752, 4988, 9412, 2796, 156, 138624, 424
414904, 12876, 41744, 4980, 9420, 2792, 156, 138664, 424
414872, 12868, 41752, 4984, 9408, 2796, 156, 138700, 424
414824, 12892, 41752, 4992, 9404, 2796, 156, 138720, 424
414804, 12896, 41728, 4992, 9408, 2792, 160, 138756, 424
414776, 12876, 41724, 4988, 9408, 2792, 160, 138812, 424
414748, 12884, 41704, 4972, 9420, 2792, 160, 138856, 424
414736, 12836, 41744, 4976, 9420, 2792, 160, 138872, 424
414696, 12852, 41736, 4980, 9424, 2788, 160, 138900, 424
414668, 12836, 41724, 4988, 9424, 2788, 160, 138948, 424
414628, 12848, 41712, 4996, 9432, 2788, 160, 138972, 424
414604, 12836, 41700, 4984, 9444, 2792, 156, 139020, 424
414580, 12836, 41712, 4980, 9444, 2792, 156, 139036, 424
414564, 12816, 41720, 4972, 9428, 2800, 156, 139080, 424
414536, 12824, 41732, 4972, 9432, 2800, 156, 139084, 424
414504, 12836, 41720, 4960, 9432, 2804, 156, 139124, 424
414464, 12832, 41724, 4964, 9428, 2808, 156, 139160, 424
414448, 12816, 41728, 4964, 9432, 2808, 156, 139184, 424
414428, 12812, 41720, 4956, 9428, 2808, 156, 139228, 424
414404, 12812, 41704, 4952, 9424, 2812, 156, 139272, 424
414368, 12820, 41696, 4952, 9424, 2816, 156, 139304, 424
414328, 12812, 41704, 4960, 9420, 2820, 156, 139336, 424
414312, 12792, 41700, 4960, 9416, 2824, 156, 139376, 424
414280, 12792, 41700, 4960, 9412, 2824, 156, 139412, 424
414260, 12768, 41720, 4956, 9408, 2828, 156, 139440, 424
414236, 12764, 41708, 4952, 9412, 2828, 156, 139480, 424
414208, 12760, 41696, 4960, 9412, 2828, 156, 139516, 424
414200, 12724, 41680, 4964, 9416, 2828, 156, 139568, 424
414196, 12684, 41684, 4964, 9416, 2828, 156, 139608, 424
414172, 12652, 41688, 4972, 9420, 2828, 156, 139648, 424
414156, 12628, 41696, 4980, 9416, 2828, 156, 139676, 424
414124, 12636, 41684, 4972, 9424, 2820, 160, 139716, 424
414104, 12592, 41712, 4988, 9420, 2828, 156, 139736, 424
414076, 12592, 41716, 4988, 9424, 2828, 156, 139756, 424
414060, 12572, 41724, 4980, 9436, 2820, 160, 139784, 424
414036, 12576, 41700, 4980, 9432, 2820, 160, 139832, 424
414024, 12556, 41696, 4980, 9436, 2824, 160, 139860, 424
414000, 12532, 41708, 4980, 9440, 2828, 160, 139888, 424
413992, 12512, 41704, 4988, 9444, 2824, 160, 139912, 424
413956, 12536, 41672, 4980, 9444, 2824, 160, 139964, 424
413948, 12484, 41672, 4996, 9444, 2824, 160, 140008, 424
413928, 12476, 41660, 4988, 9468, 2824, 160, 140032, 424
413892, 12472, 41672, 4992, 9476, 2824, 160, 140048, 424
413852, 12488, 41636, 5000, 9472, 2828, 160, 140100, 424
413828, 12468, 41652, 5004, 9468, 2832, 160, 140124, 424
413812, 12452, 41652, 4996, 9476, 2832, 160, 140156, 424
413780, 12444, 41672, 4992, 9480, 2832, 160, 140176, 424
413736, 12472, 41656, 4988, 9476, 2832, 160, 140216, 424
413708, 12480, 41644, 4976, 9488, 2832, 160, 140248, 424
413680, 12496, 41616, 4968, 9484, 2832, 160, 140300, 424
413628, 12532, 41596, 4968, 9484, 2832, 160, 140336, 424
413608, 12520, 41600, 4964, 9488, 2832, 160, 140364, 424
413548, 12556, 41580, 4976, 9480, 2832, 160, 140404, 424
413520, 12548, 41588, 4984, 9476, 2832, 160, 140428, 424
413484, 12524, 41612, 4992, 9476, 2832, 160, 140456, 424
413456, 12524, 41616, 4988, 9480, 2832, 160, 140480, 424
413404, 12536, 41632, 4984, 9476, 2832, 160, 140512, 424
413368, 12552, 41612, 4984, 9476, 2836, 160, 140548, 424
413336, 12568, 41584, 4984, 9484, 2836, 160, 140584, 424
413304, 12568, 41588, 4976, 9476, 2836, 160, 140628, 424
413280, 12568, 41584, 4976, 9472, 2836, 160, 140660, 424
413252, 12572, 41576, 4968, 9484, 2836, 160, 140688, 424
413228, 12584, 41556, 4972, 9480, 2836, 160, 140720, 424
413216, 12584, 41544, 4960, 9484, 2836, 160, 140752, 424
413184, 12596, 41536, 4944, 9480, 2836, 160, 140800, 424
413168, 12584, 41528, 4940, 9472, 2840, 160, 140844, 424
413144, 12572, 41528, 4952, 9468, 2840, 160, 140872, 424
413136, 12548, 41524, 4936, 9484, 2840, 160, 140908, 424
413128, 12520, 41528, 4928, 9492, 2840, 160, 140940, 424
413116, 12484, 41532, 4924, 9500, 2840, 160, 140980, 424
413112, 12436, 41540, 4932, 9496, 2840, 160, 141020, 424
413084, 12412, 41552, 4944, 9488, 2840, 160, 141056, 424
413076, 12388, 41548, 4948, 9488, 2840, 160, 141084, 428
413068, 12364, 41544, 4944, 9488, 2840, 160, 141124, 428
413048, 12356, 41536, 4944, 9492, 2840, 160, 141156, 428
413044, 12348, 41516, 4932, 9500, 2840, 160, 141192, 428
413028, 12340, 41508, 4932, 9504, 2844, 160, 141216, 428
413000, 12336, 41500, 4928, 9512, 2840, 164, 141252, 428
412988, 12308, 41512, 4928, 9512, 2840, 168, 141276, 428
412956, 12332, 41512, 4920, 9500, 2840, 168, 141304, 428
412952, 12316, 41500, 4916, 9496, 2844, 168, 141340, 428
412940, 12276, 41508, 4920, 9496, 2844, 168, 141380, 428
412920, 12272, 41488, 4924, 9492, 2848, 168, 141420, 428
412912, 12244, 41476, 4920, 9492, 2852, 168, 141468, 428
412892, 12216, 41484, 4928, 9488, 2852, 168, 141504, 428
412884, 12196, 41480, 4928, 9480, 2860, 168, 141532, 432
412864, 12200, 41484, 4928, 9468, 2860, 168, 141556, 432
412856, 12180, 41468, 4932, 9468, 2864, 168, 141592, 432
412840, 12164, 41456, 4936, 9456, 2864, 172, 141640, 432
412836, 12136, 41456, 4940, 9452, 2864, 172, 141672, 432
412824, 12112, 41440, 4944, 9444, 2860, 172, 141728, 436
412812, 12092, 41424, 4948, 9448, 2860, 172, 141768, 436
412788, 12080, 41432, 4936, 9456, 2860, 172, 141800, 436
412776, 12072, 41416, 4932, 9456, 2860, 172, 141840, 436
412756, 12044, 41428, 4932, 9456, 2860, 172, 141876, 436
412748, 12016, 41432, 4932, 9448, 2860, 172, 141916, 436
412740, 11992, 41444, 4944, 9444, 2860, 172, 141928, 436
412716, 11988, 41420, 4960, 9416, 2868, 172, 141984, 436
412692, 11992, 41424, 4952, 9420, 2868, 172, 142004, 436
412680, 11968, 41420, 4956, 9412, 2864, 172, 142052, 436
412668, 11964, 41404, 4940, 9428, 2868, 168, 142084, 436
412656, 11932, 41408, 4940, 9424, 2868, 168, 142128, 436
412648, 11920, 41400, 4948, 9420, 2872, 168, 142148, 436
412632, 11888, 41396, 4952, 9432, 2872, 168, 142184, 436
412628, 11856, 41408, 4952, 9432, 2872, 168, 142208, 436
412616, 11836, 41400, 4944, 9432, 2876, 168, 142252, 436
412584, 11832, 41400, 4952, 9432, 2876, 168, 142280, 436
412568, 11816, 41396, 4956, 9436, 2876, 168, 142308, 436
412544, 11800, 41392, 4960, 9424, 2876, 168, 142360, 436
412528, 11780, 41392, 4960, 9428, 2872, 168, 142396, 436
412508, 11760, 41400, 4960, 9436, 2872, 168, 142420, 436
412476, 11752, 41416, 4960, 9436, 2872, 168, 142444, 436
412468, 11748, 41396, 4960, 9424, 2876, 168, 142484, 436
412468, 11708, 41392, 4964, 9432, 2872, 168, 142520, 436
412460, 11652, 41396, 4968, 9428, 2868, 168, 142584, 436
412448, 11624, 41376, 4972, 9428, 2868, 168, 142640, 436
412436, 11588, 41384, 4984, 9424, 2868, 168, 142672, 436
412428, 11576, 41376, 4980, 9436, 2868, 168, 142692, 436
412424, 11536, 41404, 4968, 9436, 2872, 168, 142716, 436
412400, 11536, 41404, 4968, 9440, 2872, 168, 142736, 436
412388, 11500, 41404, 4976, 9448, 2876, 168, 142764, 436
412384, 11468, 41416, 4976, 9444, 2880, 168, 142788, 436
412368, 11464, 41400, 4980, 9432, 2880, 168, 142832, 436
412360, 11452, 41396, 4980, 9428, 2880, 168, 142860, 436
412340, 11440, 41372, 4980, 9420, 2880, 168, 142924, 436
412332, 11404, 41368, 4976, 9420, 2884, 168, 142972, 436
412316, 11392, 41368, 4968, 9420, 2884, 172, 143004, 436
412308, 11360, 41372, 4968, 9416, 2884, 172, 143044, 436
412296, 11332, 41360, 4972, 9412, 2884, 172, 143092, 440
412280, 11328, 41356, 4964, 9412, 2892, 172, 143116, 440
412268, 11320, 41336, 4960, 9404, 2896, 172, 143164, 440
412256, 11296, 41356, 4952, 9400, 2900, 172, 143188, 440
412248, 11272, 41348, 4948, 9404, 2900, 172, 143228, 440
412232, 11256, 41328, 4956, 9400, 2904, 172, 143272, 440
412188, 11272, 41312, 4960, 9396, 2900, 172, 143320, 440
412156, 11268, 41312, 4960, 9392, 2900, 172, 143360, 440
412132, 11256, 41316, 4956, 9388, 2904, 172, 143396, 440
412092, 11272, 41284, 4944, 9396, 2904, 172, 143456, 440
412060, 11292, 41276, 4940, 9384, 2904, 172, 143492, 440
412032, 11280, 41272, 4944, 9388, 2904, 172, 143528, 440
412004, 11288, 41256, 4944, 9376, 2908, 172, 143572, 440
411992, 11272, 41264, 4936, 9376, 2912, 172, 143596, 440
411972, 11280, 41264, 4932, 9368, 2916, 172, 143616, 440
411956, 11252, 41272, 4932, 9364, 2916, 172, 143656, 440
411940, 11232, 41252, 4940, 9352, 2916, 172, 143716, 440
411924, 11228, 41244, 4944, 9344, 2916, 172, 143748, 440
411896, 11232, 41244, 4948, 9340, 2920, 172, 143768, 440
411880, 11224, 41236, 4940, 9344, 2924, 172, 143800, 440
411856, 11220, 41236, 4948, 9328, 2928, 172, 143832, 440
411832, 11200, 41248, 4932, 9348, 2924, 176, 143860, 440
411816, 11176, 41236, 4940, 9348, 2928, 176, 143900, 440
411792, 11172, 41252, 4936, 9348, 2928, 176, 143916, 440
411776, 11156, 41252, 4948, 9348, 2928, 176, 143936, 440
411740, 11160, 41244, 4964, 9348, 2924, 176, 143964, 440
411712, 11140, 41248, 4964, 9356, 2924, 176, 144000, 440
411692, 11120, 41264, 4964, 9356, 2924, 176, 144024, 440
411672, 11096, 41256, 4976, 9352, 2924, 176, 144068, 440
411660, 11096, 41220, 4972, 9336, 2928, 176, 144132, 440
411612, 11120, 41212, 4968, 9340, 2924, 176, 144164, 444
411580, 11124, 41216, 4972, 9340, 2924, 176, 144184, 444
411552, 11112, 41232, 4964, 9352, 2924, 176, 144204, 444
411536, 11100, 41228, 4968, 9364, 2924, 176, 144220, 444
411524, 11076, 41220, 4976, 9368, 2924, 176, 144252, 444
411492, 11076, 41208, 4984, 9364, 2924, 176, 144292, 444
411476, 11052, 41216, 4984, 9356, 2932, 176, 144324, 444
411452, 11056, 41216, 4988, 9344, 2936, 176, 144348, 444
411440, 11044, 41212, 4976, 9356, 2940, 176, 144372, 444
411428, 11024, 41184, 4988, 9352, 2940, 176, 144424, 444
411408, 11004, 41196, 4988, 9356, 2936, 176, 144452, 444
411396, 10984, 41192, 4988, 9356, 2936, 176, 144488, 444
411376, 10988, 41160, 4992, 9352, 2936, 176, 144536, 444
411344, 11000, 41124, 4984, 9360, 2936, 176, 144592, 444
411312, 11020, 41092, 4984, 9344, 2936, 176, 144652, 444
411280, 11024, 41096, 4984, 9340, 2936, 176, 144680, 444
411252, 11024, 41116, 4988, 9332, 2936, 176, 144692, 444
411248, 11004, 41100, 4988, 9332, 2936, 176, 144732, 444
411232, 10988, 41084, 4984, 9336, 2936, 176, 144780, 444
411224, 10976, 41072, 4968, 9340, 2936, 176, 144824, 444
411188, 10996, 41044, 4968, 9332, 2932, 176, 144876, 448
411172, 10988, 41040, 4964, 9324, 2932, 176, 144916, 448
411152, 10968, 41044, 4960, 9324, 2932, 176, 144956, 448
411124, 10968, 41044, 4960, 9328, 2932, 176, 144980, 448
411116, 10948, 41032, 4960, 9328, 2936, 176, 145016, 448
411092, 10940, 41036, 4956, 9328, 2940, 176, 145044, 448
411084, 10908, 41052, 4960, 9328, 2940, 176, 145064, 448
411076, 10892, 41060, 4948, 9332, 2944, 176, 145084, 448
411068, 10880, 41052, 4952, 9332, 2944, 176, 145108, 448
411060, 10864, 41028, 4960, 9324, 2944, 176, 145156, 448
411040, 10856, 41012, 4956, 9316, 2948, 176, 145208, 448
411020, 10852, 41008, 4964, 9308, 2948, 176, 145236, 448
411008, 10832, 40996, 4956, 9312, 2952, 176, 145280, 448
410984, 10836, 40984, 4944, 9320, 2952, 176, 145316, 448
410952, 10856, 40956, 4936, 9332, 2952, 176, 145352, 448
410932, 10860, 40932, 4944, 9328, 2956, 176, 145384, 448
410888, 10884, 40916, 4924, 9332, 2968, 176, 145424, 448
410860, 10884, 40924, 4916, 9328, 2968, 176, 145456, 448
410808, 10908, 40920, 4904, 9320, 2972, 176, 145504, 448
410764, 10924, 40900, 4908, 9320, 2972, 176, 145548, 448
410720, 10944, 40900, 4904, 9320, 2972, 176, 145576, 448
410684, 10956, 40900, 4896, 9320, 2972, 176, 145608, 448
410664, 10956, 40892, 4888, 9320, 2972, 176, 145644, 448
410644, 10948, 40900, 4900, 9308, 2976, 176, 145660, 448
410616, 10952, 40884, 4900, 9308, 2972, 176, 145704, 448
410604, 10932, 40860, 4900, 9292, 2976, 176, 145772, 448
410588, 10932, 40848, 4900, 9284, 2976, 176, 145808, 448
410556, 10932, 40860, 4896, 9276, 2976, 176, 145840, 448
410524, 10948, 40848, 4900, 9260, 2980, 176, 145876, 448
410488, 10976, 40820, 4892, 9260, 2980, 176, 145920, 448
410472, 10968, 40804, 4880, 9272, 2980, 176, 145960, 448
410460, 10968, 40792, 4884, 9264, 2980, 176, 145988, 448
410436, 10964, 40784, 4888, 9252, 2980, 176, 146032, 448
410432, 10936, 40776, 4884, 9248, 2980, 176, 146080, 448
410412, 10920, 40764, 4880, 9244, 2980, 176, 146136, 448
410400, 10908, 40760, 4872, 9244, 2984, 176, 146168, 448
410396, 10872, 40760, 4872, 9248, 2984, 176, 146204, 448
410376, 10864, 40760, 4872, 9248, 2988, 176, 146228, 448
410360, 10856, 40760, 4876, 9240, 2988, 176, 146256, 448
410356, 10844, 40748, 4868, 9236, 2988, 176, 146296, 448
410352, 10804, 40740, 4868, 9236, 2988, 176, 146348, 448
410344, 10788, 40728, 4856, 9244, 2992, 176, 146384, 448
410336, 10788, 40720, 4856, 9240, 2992, 176, 146400, 452
410316, 10792, 40708, 4856, 9244, 2988, 176, 146428, 452
410284, 10776, 40720, 4860, 9232, 2988, 176, 146472, 452
410268, 10748, 40724, 4868, 9220, 2984, 176, 146520, 452
410244, 10744, 40728, 4864, 9228, 2984, 176, 146540, 452
410228, 10732, 40732, 4856, 9232, 2980, 176, 146572, 452
410216, 10720, 40708, 4844, 9228, 2984, 176, 146632, 452
410200, 10716, 40708, 4832, 9240, 2980, 180, 146652, 452
410176, 10728, 40680, 4824, 9240, 2980, 180, 146700, 452
410148, 10728, 40676, 4832, 9236, 2980, 180, 146728, 452
410140, 10716, 40668, 4820, 9248, 2976, 180, 146760, 452
410116, 10700, 40664, 4828, 9244, 2980, 180, 146796, 452
410104, 10684, 40668, 4832, 9240, 2980, 180, 146820, 452
410092, 10668, 40632, 4828, 9252, 2980, 180, 146876, 452
410080, 10644, 40608, 4828, 9240, 2984, 180, 146944, 452
410064, 10620, 40624, 4828, 9244, 2984, 180, 146964, 452
410044, 10620, 40612, 4828, 9252, 2984, 180, 146988, 452
410036, 10608, 40592, 4820, 9256, 2984, 180, 147032, 452
410008, 10596, 40584, 4824, 9248, 2984, 180, 147084, 452
409976, 10592, 40580, 4832, 9228, 2992, 180, 147124, 456
409960, 10572, 40588, 4828, 9228, 2988, 180, 147160, 456
409932, 10548, 40600, 4832, 9236, 2992, 180, 147184, 456
409904, 10568, 40580, 4828, 9232, 2996, 180, 147216, 456
409892, 10552, 40588, 4816, 9232, 3000, 176, 147248, 456
409876, 10548, 40576, 4804, 9240, 2996, 176, 147284, 460
409872, 10544, 40540, 4796, 9236, 3000, 176, 147336, 460
409856, 10528, 40536, 4792, 9236, 3000, 176, 147376, 460
409848, 10488, 40536, 4804, 9232, 3004, 176, 147412, 460
409832, 10484, 40508, 4816, 9224, 3004, 176, 147452, 464
409816, 10464, 40504, 4820, 9216, 3000, 180, 147496, 464
409800, 10464, 40500, 4812, 9228, 3000, 180, 147512, 464
409784, 10464, 40496, 4804, 9224, 3004, 180, 147540, 464
409772, 10440, 40520, 4800, 9220, 3012, 176, 147556, 464
409760, 10444, 40504, 4792, 9216, 3016, 176, 147588, 464
409752, 10412, 40504, 4792, 9212, 3016, 176, 147632, 464
409740, 10396, 40492, 4792, 9208, 3020, 176, 147672, 464
409732, 10364, 40496, 4792, 9200, 3024, 176, 147712, 464
409708, 10336, 40488, 4796, 9212, 3020, 176, 147760, 464
409696, 10312, 40488, 4788, 9224, 3020, 176, 147792, 464
409684, 10300, 40488, 4784, 9220, 3020, 176, 147824, 464
409656, 10316, 40456, 4788, 9200, 3020, 176, 147884, 464
409636, 10320, 40444, 4788, 9196, 3028, 172, 147912, 464
409592, 10300, 40468, 4784, 9196, 3028, 172, 147956, 464
409572, 10296, 40460, 4788, 9176, 3036, 172, 147996, 464
409536, 10308, 40464, 4788, 9180, 3040, 172, 148008, 464
409496, 10320, 40468, 4788, 9180, 3040, 172, 148032, 464
409456, 10340, 40444, 4788, 9188, 3040, 172, 148068, 464
409420, 10340, 40424, 4784, 9192, 3040, 172, 148124, 464
409384, 10344, 40440, 4776, 9192, 3040, 172, 148148, 464
409320, 10376, 40444, 4772, 9192, 3040, 172, 148180, 464
409228, 10440, 40432, 4776, 9188, 3044, 172, 148216, 464
409176, 10468, 40416, 4776, 9184, 3044, 172, 148260, 464
409100, 10512, 40428, 4768, 9196, 3044, 172, 148276, 464
409020, 10560, 40432, 4764, 9200, 3044, 172, 148304, 464
408932, 10632, 40404, 4768, 9192, 3040, 172, 148356, 464
408872, 10672, 40392, 4768, 9176, 3048, 172, 148396, 464
408812, 10704, 40392, 4756, 9180, 3052, 172, 148428, 464
408748, 10740, 40392, 4748, 9184, 3052, 172, 148460, 464
408676, 10776, 40352, 4740, 9184, 3052, 172, 148544, 464
408620, 10804, 40348, 4740, 9188, 3052, 172, 148572, 464
408544, 10836, 40340, 4760, 9172, 3052, 172, 148620, 464
408476, 10888, 40336, 4760, 9164, 3052, 172, 148648, 464
408392, 10944, 40344, 4760, 9160, 3052, 172, 148672, 464
408328, 10984, 40356, 4744, 9156, 3060, 172, 148696, 464
408260, 11040, 40320, 4740, 9148, 3064, 172, 148752, 464
408204, 11056, 40336, 4728, 9156, 3064, 172, 148780, 464
408136, 11108, 40324, 4692, 9180, 3072, 172, 148808, 468
408084, 11136, 40316, 4692, 9168, 3076, 172, 148848, 468
408032, 11172, 40300, 4680, 9168, 3080, 172, 148888, 468
408000, 11188, 40292, 4680, 9164, 3080, 172, 148916, 468
407952, 11220, 40268, 4672, 9160, 3080, 172, 148968, 468
407896, 11256, 40268, 4676, 9136, 3084, 172, 149004, 468
407844, 11288, 40264, 4668, 9144, 3084, 172, 149028, 468
407788, 11320, 40244, 4664, 9144, 3088, 172, 149072, 468
407704, 11388, 40220, 4660, 9140, 3088, 172, 149120, 468
407656, 11412, 40212, 4648, 9148, 3092, 172, 149152, 468
407584, 11456, 40208, 4640, 9152, 3096, 172, 149184, 468
407540, 11472, 40208, 4636, 9156, 3096, 172, 149212, 468
407484, 11500, 40200, 4640, 9148, 3096, 172, 149252, 468
407448, 11508, 40184, 4640, 9144, 3096, 172, 149300, 468
407376, 11536, 40196, 4644, 9140, 3096, 172, 149328, 472
407320, 11564, 40172, 4644, 9128, 3100, 172, 149388, 472
407244, 11624, 40160, 4632, 9120, 3100, 172, 149436, 472
407176, 11668, 40136, 4616, 9140, 3100, 172, 149480, 472
407124, 11688, 40144, 4612, 9144, 3100, 172, 149504, 472
407040, 11720, 40184, 4608, 9152, 3100, 172, 149512, 472
406968, 11764, 40172, 4612, 9152, 3100, 172, 149548, 472
406928, 11760, 40184, 4620, 9152, 3100, 172, 149572, 472
406872, 11764, 40216, 4616, 9164, 3100, 172, 149584, 472
406784, 11828, 40184, 4624, 9148, 3100, 172, 149648, 472
406736, 11840, 40188, 4624, 9160, 3104, 172, 149664, 472
406700, 11836, 40196, 4640, 9156, 3108, 172, 149680, 472
406672, 11852, 40180, 4648, 9152, 3108, 172, 149704, 472
406636, 11868, 40160, 4644, 9156, 3108, 172, 149744, 472
406588, 11880, 40152, 4648, 9152, 3108, 172, 149788, 472
406552, 11888, 40144, 4640, 9156, 3108, 172, 149828, 472
406524, 11900, 40112, 4644, 9144, 3112, 172, 149880, 472
406488, 11916, 40116, 4644, 9136, 3112, 172, 149904, 472
406468, 11920, 40116, 4640, 9132, 3112, 172, 149928, 472
406436, 11932, 40108, 4644, 9132, 3112, 172, 149952, 472
406412, 11932, 40092, 4644, 9136, 3116, 172, 149984, 472
406396, 11924, 40044, 4656, 9124, 3116, 172, 150056, 472
406376, 11920, 40016, 4660, 9116, 3120, 172, 150108, 472
406356, 11916, 40008, 4648, 9120, 3124, 176, 150140, 472
406328, 11928, 39980, 4644, 9120, 3124, 176, 150188, 472
406316, 11932, 39964, 4640, 9112, 3120, 176, 150228, 472
406288, 11924, 39968, 4624, 9120, 3120, 176, 150268, 472
406260, 11908, 39980, 4640, 9120, 3116, 180, 150284, 472
406228, 11924, 39976, 4636, 9112, 3120, 180, 150312, 472
406212, 11916, 39976, 4636, 9108, 3124, 180, 150336, 472
406192, 11904, 39976, 4628, 9112, 3124, 180, 150372, 472
406188, 11880, 39972, 4628, 9112, 3124, 180, 150404, 472
406164, 11876, 39956, 4624, 9104, 3128, 180, 150456, 472
406144, 11856, 39956, 4628, 9104, 3128, 180, 150492, 472
406136, 11848, 39948, 4624, 9108, 3128, 180, 150516, 472
406120, 11824, 39944, 4624, 9112, 3128, 180, 150556, 472
406100, 11828, 39928, 4620, 9112, 3132, 180, 150588, 472
406092, 11824, 39916, 4624, 9096, 3136, 180, 150620, 472
406080, 11792, 39904, 4632, 9096, 3136, 180, 150668, 472
406064, 11776, 39900, 4628, 9100, 3132, 180, 150704, 476
406036, 11792, 39884, 4624, 9096, 3136, 180, 150736, 476
406020, 11784, 39880, 4616, 9100, 3140, 176, 150764, 480
406008, 11756, 39880, 4616, 9104, 3140, 176, 150800, 480
406000, 11748, 39872, 4612, 9100, 3140, 176, 150832, 480
405996, 11728, 39864, 4620, 9096, 3144, 176, 150856, 480
405964, 11724, 39880, 4604, 9108, 3144, 176, 150880, 480
405948, 11716, 39852, 4600, 9108, 3144, 176, 150936, 480
405936, 11672, 39868, 4604, 9116, 3140, 176, 150964, 484
405920, 11672, 39844, 4608, 9108, 3140, 176, 151008, 484
405888, 11676, 39852, 4600, 9120, 3140, 176, 151024, 484
405880, 11648, 39856, 4592, 9132, 3136, 180, 151052, 484
405876, 11628, 39844, 4592, 9136, 3136, 180, 151084, 484
405860, 11632, 39820, 4580, 9148, 3136, 180, 151120, 484
405844, 11620, 39836, 4560, 9156, 3140, 180, 151140, 484
405836, 11604, 39828, 4564, 9156, 3140, 180, 151168, 484
405816, 11596, 39832, 4560, 9160, 3144, 180, 151188, 484
405796, 11572, 39836, 4572, 9144, 3144, 180, 151232, 484
405788, 11544, 39812, 4572, 9152, 3144, 180, 151284, 484
405780, 11512, 39812, 4568, 9164, 3144, 180, 151316, 484
405768, 11516, 39800, 4548, 9176, 3144, 180, 151344, 484
405752, 11496, 39800, 4548, 9176, 3144, 180, 151380, 484
405748, 11492, 39772, 4548, 9168, 3144, 180, 151424, 484
405732, 11468, 39780, 4556, 9168, 3144, 180, 151448, 484
405716, 11464, 39752, 4556, 9168, 3144, 180, 151496, 484
405688, 11456, 39756, 4556, 9164, 3148, 176, 151532, 484
405672, 11452, 39748, 4552, 9164, 3156, 176, 151556, 484
405648, 11444, 39740, 4552, 9164, 3160, 176, 151592, 484
405628, 11432, 39752, 4548, 9152, 3160, 176, 151628, 484
405612, 11440, 39732, 4540, 9156, 3160, 176, 151660, 484
405604, 11424, 39728, 4536, 9152, 3160, 176, 151696, 484
405584, 11412, 39708, 4540, 9144, 3160, 176, 151752, 484
405580, 11400, 39684, 4548, 9136, 3156, 176, 151792, 488
405568, 11400, 39664, 4532, 9136, 3160, 176, 151836, 488
405528, 11420, 39644, 4536, 9116, 3164, 172, 151892, 488
405516, 11396, 39628, 4540, 9116, 3168, 172, 151936, 488
405504, 11380, 39616, 4540, 9104, 3172, 172, 151984, 488
405504, 11360, 39608, 4536, 9088, 3172, 172, 152032, 488
405496, 11344, 39620, 4532, 9088, 3172, 172, 152048, 488
405476, 11344, 39604, 4536, 9084, 3172, 172, 152084, 488
405472, 11312, 39604, 4536, 9084, 3172, 172, 152120, 488
405456, 11304, 39612, 4532, 9084, 3176, 172, 152136, 488
405424, 11312, 39596, 4524, 9088, 3176, 172, 152180, 488
405404, 11316, 39580, 4512, 9104, 3176, 172, 152208, 488
405396, 11316, 39548, 4504, 9108, 3176, 172, 152252, 488
405384, 11312, 39544, 4496, 9116, 3172, 172, 152276, 488
405380, 11280, 39560, 4492, 9112, 3172, 172, 152304, 488
405368, 11280, 39540, 4492, 9108, 3172, 172, 152340, 488
405352, 11256, 39532, 4508, 9104, 3172, 172, 152376, 488
405344, 11232, 39504, 4516, 9096, 3168, 172, 152440, 488
405340, 11192, 39496, 4528, 9092, 3164, 172, 152488, 488
405316, 11184, 39496, 4520, 9104, 3168, 172, 152512, 488
405300, 11184, 39492, 4504, 9116, 3168, 172, 152536, 488
405296, 11140, 39500, 4500, 9124, 3168, 172, 152572, 488
405268, 11144, 39480, 4488, 9132, 3168, 172, 152620, 488
405256, 11136, 39464, 4484, 9136, 3168, 176, 152652, 488
405252, 11128, 39460, 4480, 9116, 3168, 176, 152692, 488
405244, 11104, 39456, 4476, 9124, 3168, 176, 152724, 488
405236, 11084, 39456, 4484, 9112, 3172, 176, 152752, 488
405224, 11080, 39452, 4484, 9096, 3172, 176, 152788, 488
405220, 11064, 39436, 4484, 9088, 3176, 176, 152828, 488
405200, 11040, 39440, 4472, 9100, 3176, 176, 152868, 488
405184, 11036, 39412, 4484, 9096, 3176, 176, 152908, 488
405172, 11020, 39388, 4484, 9100, 3176, 176, 152956, 488
405156, 11024, 39384, 4480, 9096, 3176, 176, 152980, 488
405152, 11012, 39368, 4484, 9096, 3172, 176, 153012, 488
405108, 11020, 39360, 4492, 9088, 3172, 176, 153056, 488
405052, 11048, 39356, 4496, 9084, 3172, 176, 153088, 488
405012, 11056, 39356, 4492, 9092, 3172, 176, 153116, 488
404980, 11060, 39364, 4488, 9088, 3172, 176, 153144, 488
404940, 11088, 39360, 4488, 9084, 3172, 176, 153164, 488
404892, 11112, 39360, 4480, 9080, 3180, 176, 153192, 488
404836, 11152, 39360, 4468, 9076, 3184, 176, 153220, 488
404788, 11184, 39356, 4456, 9088, 3184, 176, 153240, 488
404736, 11208, 39344, 4452, 9092, 3184, 176, 153280, 488
404672, 11260, 39328, 4444, 9100, 3184, 176, 153308, 488
404592, 11312, 39328, 4436, 9092, 3188, 176, 153348, 488
404528, 11352, 39320, 4428, 9096, 3188, 176, 153384, 488
404436, 11424, 39308, 4424, 9092, 3188, 176, 153424, 488
404372, 11472, 39296, 4420, 9096, 3188, 176, 153452, 488
404292, 11536, 39288, 4416, 9088, 3188, 180, 153484, 488
404224, 11580, 39276, 4420, 9088, 3188, 184, 153512, 488
404188, 11596, 39280, 4420, 9080, 3192, 184, 153532, 488
404132, 11624, 39280, 4424, 9076, 3192, 184, 153560, 488
404056, 11692, 39264, 4420, 9076, 3192, 184, 153588, 488
403992, 11732, 39264, 4416, 9076, 3192, 184, 153616, 488
403932, 11744, 39264, 4424, 9080, 3192, 184, 153652, 488
403892, 11772, 39244, 4416, 9088, 3192, 184, 153684, 488
403828, 11792, 39264, 4412, 9080, 3188, 188, 153720, 488
403768, 11836, 39252, 4404, 9068, 3192, 188, 153764, 488
403704, 11848, 39296, 4392, 9068, 3196, 188, 153780, 488
403632, 11888, 39288, 4380, 9084, 3196, 188, 153816, 488
403600, 11888, 39292, 4380, 9068, 3204, 188, 153852, 488
403576, 11888, 39296, 4372, 9052, 3208, 188, 153892, 488
403544, 11880, 39304, 4364, 9060, 3204, 192, 153924, 488
403500, 11900, 39284, 4364, 9052, 3204, 192, 153976, 488
403424, 11948, 39284, 4356, 9056, 3204, 192, 154008, 488
403328, 12012, 39264, 4372, 9044, 3208, 192, 154052, 488
403308, 12004, 39236, 4372, 9044, 3208, 192, 154108, 488
403236, 12052, 39236, 4372, 9052, 3204, 196, 154124, 488
403180, 12084, 39204, 4372, 9036, 3208, 196, 154192, 488
403132, 12112, 39192, 4364, 9044, 3204, 196, 154228, 488
403072, 12148, 39196, 4352, 9052, 3204, 196, 154252, 488
403020, 12156, 39196, 4360, 9048, 3208, 196, 154288, 488
402976, 12180, 39184, 4368, 9048, 3208, 196, 154312, 488
402920, 12196, 39188, 4372, 9052, 3200, 196, 154348, 488
402844, 12236, 39192, 4372, 9052, 3200, 196, 154380, 488
402784, 12264, 39180, 4384, 9048, 3200, 196, 154416, 488
402760, 12268, 39168, 4380, 9056, 3200, 196, 154444, 488
402688, 12312, 39168, 4380, 9052, 3200, 196, 154476, 488
402624, 12332, 39196, 4384, 9060, 3200, 196, 154480, 488
402544, 12404, 39180, 4380, 9060, 3204, 196, 154504, 488
402488, 12436, 39172, 4364, 9076, 3204, 196, 154536, 488
402460, 12436, 39160, 4364, 9072, 3208, 196, 154576, 488
402408, 12468, 39168, 4356, 9084, 3208, 196, 154584, 488
402352, 12508, 39172, 4356, 9076, 3208, 196, 154604, 488
402304, 12532, 39160, 4352, 9068, 3212, 196, 154648, 488
402256, 12560, 39144, 4352, 9064, 3212, 196, 154688, 488
402200, 12596, 39144, 4340, 9068, 3212, 196, 154716, 488
402120, 12660, 39132, 4328, 9080, 3204, 196, 154752, 488
402080, 12680, 39120, 4332, 9076, 3208, 196, 154780, 488
402044, 12700, 39100, 4336, 9072, 3212, 196, 154812, 488
402000, 12720, 39100, 4328, 9068, 3212, 196, 154848, 488
401964, 12748, 39076, 4316, 9064, 3212, 196, 154896, 488
401952, 12732, 39064, 4300, 9064, 3216, 196, 154948, 488
401924, 12732, 39060, 4296, 9052, 3216, 196, 154996, 488
401896, 12752, 39044, 4284, 9056, 3216, 196, 155028, 488
401880, 12736, 39048, 4284, 9044, 3208, 204, 155064, 492
401868, 12732, 39044, 4280, 9048, 3208, 204, 155084, 492
401852, 12728, 39020, 4288, 9036, 3208, 204, 155132, 492
401832, 12716, 39016, 4288, 9044, 3208, 204, 155160, 492
401824, 12696, 39008, 4288, 9040, 3216, 204, 155192, 492
401820, 12680, 39000, 4292, 9036, 3216, 204, 155220, 492
401796, 12680, 39000, 4288, 9036, 3216, 204, 155248, 492
401788, 12676, 38992, 4288, 9040, 3216, 204, 155264, 492
401776, 12668, 38976, 4292, 9036, 3216, 204, 155300, 492
401772, 12652, 38960, 4292, 9036, 3216, 204, 155336, 492
401760, 12636, 38960, 4292, 9044, 3216, 204, 155356, 492
401728, 12636, 38944, 4292, 9048, 3220, 204, 155396, 492
401712, 12620, 38952, 4288, 9048, 3220, 204, 155424, 492
401704, 12600, 38924, 4296, 9040, 3224, 204, 155476, 492
401688, 12600, 38892, 4292, 9044, 3220, 204, 155528, 492
401676, 12576, 38900, 4288, 9056, 3220, 204, 155548, 492
401672, 12560, 38896, 4296, 9048, 3216, 204, 155576, 492
401660, 12552, 38892, 4300, 9048, 3216, 204, 155596, 492
401636, 12544, 38872, 4300, 9052, 3220, 200, 155644, 492
401592, 12552, 38876, 4304, 9044, 3224, 200, 155676, 492
401584, 12552, 38856, 4300, 9044, 3220, 200, 155712, 492
401572, 12548, 38836, 4288, 9048, 3224, 200, 155752, 492
401556, 12528, 38840, 4292, 9048, 3224, 200, 155780, 492
401548, 12500, 38824, 4292, 9060, 3220, 200, 155824, 492
401524, 12492, 38828, 4300, 9044, 3220, 200, 155860, 492
401512, 12444, 38848, 4300, 9056, 3216, 200, 155892, 492
401504, 12424, 38840, 4284, 9052, 3216, 200, 155948, 492
401492, 12412, 38840, 4280, 9052, 3212, 204, 155976, 492
401480, 12388, 38828, 4296, 9036, 3212, 204, 156024, 492
401472, 12360, 38816, 4300, 9028, 3208, 204, 156080, 492
401460, 12352, 38824, 4280, 9028, 3212, 200, 156112, 492
401452, 12320, 38852, 4272, 9032, 3212, 200, 156128, 492
401444, 12316, 38848, 4268, 9032, 3216, 200, 156144, 492
401432, 12312, 38832, 4264, 9032, 3216, 200, 156180, 492
401420, 12272, 38836, 4260, 9036, 3220, 200, 156224, 492
401416, 12248, 38844, 4236, 9060, 3220, 200, 156244, 492
401416, 12236, 38812, 4232, 9060, 3220, 200, 156292, 492
401408, 12208, 38808, 4236, 9064, 3208, 204, 156332, 492
401400, 12172, 38812, 4252, 9068, 3208, 204, 156352, 492
401392, 12148, 38812, 4252, 9080, 3216, 204, 156364, 492
401376, 12156, 38780, 4248, 9068, 3216, 204, 156420, 492
401368, 12140, 38772, 4248, 9064, 3216, 204, 156456, 492
401360, 12116, 38784, 4256, 9052, 3216, 204, 156480, 492
401352, 12080, 38804, 4256, 9044, 3216, 204, 156512, 492
401344, 12068, 38812, 4256, 9040, 3216, 204, 156528, 492
401332, 12048, 38816, 4252, 9040, 3216, 204, 156560, 492
401316, 12044, 38812, 4248, 9040, 3224, 204, 156580, 492
401316, 12036, 38800, 4248, 9044, 3224, 204, 156596, 492
401304, 12016, 38784, 4256, 9040, 3224, 204, 156640, 492
401288, 12020, 38772, 4252, 9032, 3224, 204, 156676, 492
401276, 12008, 38772, 4252, 9032, 3224, 204, 156700, 492
401268, 11988, 38752, 4232, 9052, 3224, 204, 156748, 492
401256, 11972, 38744, 4236, 9040, 3228, 204, 156788, 492
401236, 11972, 38752, 4228, 9036, 3232, 204, 156808, 492
401216, 11972, 38752, 4228, 9032, 3232, 204, 156832, 492
401204, 11964, 38712, 4232, 9032, 3236, 204, 156884, 492
401168, 11976, 38712, 4224, 9024, 3240, 204, 156920, 492
401156, 11952, 38692, 4228, 9028, 3240, 204, 156968, 492
401144, 11944, 38680, 4220, 9032, 3240, 204, 157004, 492
401132, 11916, 38692, 4200, 9044, 3240, 204, 157040, 492
401120, 11900, 38680, 4204, 9028, 3236, 204, 157096, 492
401092, 11896, 38688, 4200, 9032, 3240, 204, 157116, 492
401076, 11876, 38688, 4212, 9036, 3232, 204, 157144, 492
401064, 11864, 38668, 4204, 9036, 3232, 204, 157196, 492
401036, 11864, 38672, 4204, 9040, 3232, 204, 157216, 492
401024, 11848, 38680, 4208, 9028, 3236, 204, 157240, 492
401016, 11820, 38672, 4212, 9012, 3232, 208, 157296, 492
401012, 11792, 38676, 4208, 9000, 3236, 208, 157336, 492
400992, 11800, 38644, 4212, 8996, 3240, 208, 157376, 492
400968, 11800, 38648, 4192, 9020, 3240, 208, 157392, 492
400944, 11776, 38644, 4196, 9008, 3248, 208, 157444, 492
400944, 11756, 38648, 4184, 9020, 3244, 208, 157464, 492
400920, 11760, 38644, 4180, 9032, 3240, 208, 157484, 492
400904, 11752, 38644, 4176, 9024, 3244, 208, 157516, 492
400892, 11748, 38624, 4164, 9044, 3240, 208, 157548, 492
400876, 11744, 38592, 4168, 9036, 3236, 208, 157608, 492
400868, 11732, 38592, 4164, 9028, 3240, 208, 157636, 492
400852, 11720, 38576, 4168, 9020, 3240, 208, 157684, 492
400832, 11680, 38580, 4176, 9016, 3240, 208, 157736, 492
400824, 11668, 38576, 4164, 9016, 3240, 208, 157772, 492
400812, 11648, 38564, 4156, 9004, 3240, 208, 157836, 492
400788, 11660, 38552, 4148, 9004, 3244, 208, 157864, 492
400772, 11660, 38536, 4148, 9000, 3236, 208, 157908, 492
400728, 11680, 38520, 4148, 8992, 3236, 208, 157956, 492
400668, 11720, 38504, 4148, 8988, 3236, 208, 157996, 492
400624, 11736, 38496, 4144, 8988, 3232, 208, 158040, 492
400596, 11736, 38520, 4140, 8984, 3232, 208, 158052, 492
400556, 11748, 38496, 4144, 8984, 3232, 208, 158100, 492
400512, 11788, 38452, 4140, 8988, 3232, 208, 158148, 492
400476, 11816, 38404, 4132, 8984, 3232, 208, 158216, 492
400436, 11804, 38420, 4132, 8972, 3236, 208, 158256, 496
400408, 11808, 38428, 4132, 8980, 3240, 208, 158260, 496
400344, 11848, 38408, 4132, 8972, 3240, 208, 158312, 496
400300, 11868, 38404, 4132, 8968, 3240, 208, 158344, 496
400240, 11908, 38376, 4132, 8968, 3240, 208, 158392, 496
400176, 11944, 38372, 4132, 8968, 3240, 208, 158424, 496
400108, 11984, 38372, 4132, 8968, 3240, 208, 158452, 496
400040, 12028, 38364, 4124, 8972, 3240, 208, 158488, 496
399976, 12072, 38368, 4120, 8968, 3244, 208, 158508, 496
399936, 12080, 38372, 4120, 8964, 3244, 208, 158540, 496
399908, 12076, 38372, 4120, 8956, 3244, 208, 158580, 496
399852, 12120, 38340, 4116, 8956, 3244, 208, 158628, 496
399772, 12188, 38332, 4108, 8956, 3248, 212, 158648, 496
399712, 12220, 38328, 4112, 8948, 3252, 216, 158676, 496
399620, 12292, 38312, 4108, 8944, 3252, 216, 158720, 496
399520, 12344, 38320, 4104, 8948, 3252, 216, 158760, 496
399432, 12388, 38348, 4096, 8956, 3252, 216, 158776, 496
399376, 12420, 38348, 4080, 8956, 3252, 216, 158816, 496
399328, 12448, 38328, 4080, 8940, 3252, 216, 158872, 496
399264, 12504, 38308, 4076, 8944, 3252, 216, 158900, 496
399208, 12516, 38328, 4072, 8944, 3256, 216, 158924, 496
399152, 12560, 38304, 4072, 8940, 3260, 216, 158960, 496
399096, 12572, 38324, 4080, 8940, 3260, 216, 158976, 496
399072, 12536, 38356, 4080, 8940, 3264, 216, 159000, 496
399020, 12564, 38340, 4084, 8924, 3268, 216, 159044, 500
398964, 12604, 38320, 4092, 8916, 3268, 216, 159080, 500
398900, 12636, 38316, 4096, 8908, 3272, 212, 159120, 500
398856, 12676, 38288, 4084, 8912, 3276, 212, 159156, 500
398808, 12692, 38276, 4076, 8916, 3276, 212, 159204, 500
398772, 12712, 38256, 4080, 8900, 3280, 212, 159248, 500
398724, 12716, 38256, 4088, 8900, 3280, 212, 159284, 500
398676, 12744, 38236, 4092, 8896, 3280, 212, 159324, 500
398636, 12744, 38252, 4096, 8884, 3280, 212, 159356, 500
398576, 12792, 38228, 4092, 8880, 3284, 212, 159396, 500
398536, 12804, 38224, 4100, 8872, 3284, 212, 159428, 500
398508, 12780, 38240, 4092, 8872, 3284, 212, 159472, 500
398452, 12808, 38232, 4084, 8876, 3284, 212, 159512, 500
398408, 12836, 38208, 4080, 8880, 3284, 216, 159548, 500
398340, 12884, 38204, 4080, 8880, 3284, 216, 159572, 500
398288, 12924, 38192, 4060, 8880, 3284, 216, 159616, 500
398240, 12956, 38188, 4056, 8880, 3288, 216, 159632, 504
398200, 12980, 38188, 4060, 8872, 3288, 216, 159652, 504
398156, 12980, 38204, 4068, 8868, 3284, 216, 159680, 504
398104, 13000, 38200, 4072, 8864, 3288, 216, 159712, 504
398080, 12992, 38208, 4076, 8840, 3288, 216, 159756, 504
398032, 13016, 38208, 4080, 8832, 3288, 216, 159784, 504
397996, 13032, 38208, 4084, 8824, 3284, 216, 159808, 508
397956, 13040, 38208, 4088, 8808, 3288, 216, 159848, 508
397920, 13048, 38204, 4092, 8804, 3284, 216, 159884, 508
397884, 13060, 38168, 4100, 8804, 3284, 216, 159936, 508
397868, 13052, 38140, 4100, 8808, 3284, 216, 159984, 508
397856, 13020, 38136, 4112, 8804, 3288, 216, 160020, 508
397808, 13048, 38132, 4100, 8816, 3288, 216, 160044, 508
397792, 13036, 38120, 4100, 8820, 3288, 216, 160080, 508
397764, 13024, 38148, 4100, 8820, 3288, 216, 160092, 508
397740, 13008, 38160, 4096, 8808, 3292, 216, 160132, 508
397724, 12996, 38160, 4092, 8808, 3292, 216, 160164, 508
397724, 12952, 38172, 4084, 8808, 3292, 216, 160204, 508
397708, 12920, 38184, 4088, 8808, 3292, 216, 160236, 508
397704, 12876, 38200, 4076, 8792, 3296, 216, 160292, 508
397676, 12876, 38168, 4084, 8788, 3296, 216, 160348, 508
397668, 12860, 38176, 4076, 8792, 3304, 216, 160360, 508
397660, 12852, 38160, 4076, 8776, 3308, 216, 160404, 508
397644, 12844, 38164, 4084, 8772, 3308, 216, 160420, 508
397636, 12820, 38152, 4084, 8776, 3308, 216, 160460, 508
397616, 12816, 38132, 4088, 8760, 3308, 216, 160516, 508
397604, 12816, 38124, 4084, 8760, 3308, 216, 160540, 508
397592, 12792, 38124, 4088, 8752, 3312, 216, 160576, 508
397552, 12804, 38112, 4076, 8760, 3312, 216, 160620, 508
397544, 12776, 38124, 4076, 8752, 3320, 216, 160644, 508
397524, 12760, 38132, 4076, 8756, 3320, 216, 160668, 508
397516, 12744, 38116, 4072, 8772, 3320, 216, 160696, 508
397500, 12740, 38112, 4064, 8772, 3324, 216, 160724, 508
397484, 12740, 38084, 4056, 8776, 3328, 216, 160768, 508
397468, 12728, 38080, 4052, 8776, 3328, 216, 160804, 508
397452, 12732, 38068, 4052, 8760, 3332, 216, 160840, 508
397432, 12724, 38052, 4040, 8776, 3332, 216, 160880, 508
397420, 12708, 38044, 4044, 8768, 3336, 216, 160916, 508
397412, 12664, 38060, 4052, 8772, 3336, 216, 160940, 508
397400, 12644, 38064, 4048, 8780, 3336, 216, 160964, 508
397388, 12636, 38056, 4044, 8780, 3336, 216, 160996, 508
397380, 12616, 38044, 4040, 8776, 3336, 216, 161044, 508
397364, 12616, 38040, 4036, 8768, 3344, 212, 161072, 508
397352, 12588, 38052, 4040, 8764, 3344, 212, 161100, 508
397332, 12568, 38052, 4052, 8748, 3348, 212, 161140, 508
397304, 12572, 38048, 4052, 8744, 3348, 212, 161172, 508
397296, 12556, 38052, 4040, 8744, 3356, 212, 161196, 508
397292, 12532, 38052, 4044, 8736, 3360, 212, 161224, 508
397280, 12516, 38040, 4044, 8740, 3364, 212, 161256, 508
397268, 12520, 38028, 4040, 8724, 3368, 212, 161292, 508
397256, 12512, 38016, 4032, 8720, 3368, 212, 161336, 508
397240, 12496, 38008, 4036, 8716, 3372, 212, 161372, 508
397208, 12492, 38024, 4036, 8708, 3372, 212, 161400, 508
397200, 12492, 37996, 4040, 8688, 3372, 212, 161452, 508
397188, 12484, 37972, 4028, 8696, 3380, 212, 161492, 508
397156, 12496, 37980, 4024, 8696, 3380, 212, 161508, 508
397144, 12476, 37980, 4028, 8680, 3384, 212, 161548, 508
397136, 12468, 37956, 4020, 8680, 3392, 212, 161588, 508
397120, 12452, 37956, 4008, 8692, 3392, 212, 161620, 508
397116, 12432, 37940, 4004, 8692, 3396, 212, 161660, 508
397092, 12432, 37924, 4008, 8696, 3396, 212, 161692, 508
397080, 12412, 37928, 4024, 8680, 3404, 212, 161712, 508
397072, 12388, 37908, 4024, 8688, 3404, 212, 161756, 508
397064, 12384, 37900, 4024, 8692, 3404, 212, 161772, 508
397044, 12380, 37892, 4004, 8712, 3404, 212, 161804, 508
397040, 12352, 37892, 4004, 8720, 3408, 212, 161824, 508
397028, 12336, 37912, 3996, 8720, 3408, 212, 161840, 508
397016, 12336, 37908, 3988, 8724, 3408, 212, 161860, 508
397004, 12296, 37924, 3984, 8720, 3412, 212, 161900, 508
396992, 12272, 37924, 3988, 8716, 3412, 212, 161936, 508
396972, 12256, 37924, 3980, 8728, 3408, 212, 161972, 508
396948, 12260, 37900, 3972, 8728, 3408, 212, 162024, 508
396936, 12244, 37904, 3972, 8724, 3408, 212, 162052, 508
396924, 12232, 37892, 3964, 8724, 3408, 212, 162096, 508
396904, 12208, 37884, 3972, 8720, 3412, 212, 162140, 508
396888, 12188, 37872, 3984, 8728, 3412, 212, 162168, 508
396876, 12156, 37864, 4000, 8732, 3412, 212, 162200, 508
396860, 12136, 37868, 4008, 8724, 3412, 212, 162232, 508
396832, 12148, 37860, 4000, 8720, 3412, 212, 162268, 508
396828, 12112, 37852, 3992, 8724, 3416, 212, 162316, 508
396812, 12080, 37872, 3996, 8724, 3420, 212, 162336, 508
396800, 12056, 37880, 4000, 8724, 3424, 212, 162356, 508
396788, 12040, 37872, 4000, 8716, 3424, 212, 162400, 508
396784, 12020, 37868, 3996, 8716, 3424, 212, 162432, 508
396772, 12000, 37864, 3992, 8720, 3420, 216, 162468, 508
396760, 11984, 37856, 3984, 8728, 3420, 216, 162504, 508
396740, 11988, 37836, 3988, 8732, 3424, 216, 162528, 508
396732, 11980, 37828, 3980, 8736, 3424, 216, 162556, 508
396728, 11968, 37816, 3968, 8740, 3420, 216, 162596, 508
396720, 11936, 37820, 3972, 8740, 3420, 216, 162628, 508
396704, 11920, 37808, 3976, 8728, 3420, 216, 162680, 508
396696, 11924, 37776, 3976, 8728, 3420, 216, 162716, 508
396688, 11904, 37764, 3980, 8732, 3420, 216, 162748, 508
396684, 11892, 37768, 3976, 8736, 3424, 216, 162756, 508
396676, 11852, 37780, 3960, 8760, 3424, 216, 162784, 508
396660, 11840, 37784, 3952, 8756, 3424, 216, 162820, 508
396640, 11832, 37792, 3948, 8764, 3420, 216, 162840, 508
396604, 11816, 37796, 3944, 8768, 3420, 216, 162888, 508
396560, 11836, 37784, 3944, 8760, 3416, 216, 162936, 508
396544, 11836, 37768, 3944, 8764, 3416, 216, 162964, 508
396496, 11856, 37776, 3944, 8768, 3416, 216, 162980, 508
396452, 11880, 37756, 3956, 8768, 3416, 216, 163008, 508
396424, 11888, 37744, 3948, 8764, 3420, 216, 163048, 508
396392, 11896, 37740, 3948, 8756, 3424, 216, 163080, 508
396312, 11952, 37748, 3936, 8756, 3432, 216, 163100, 508
396268, 11956, 37740, 3932, 8760, 3432, 216, 163148, 508
396212, 11972, 37740, 3936, 8748, 3436, 216, 163192, 508
396148, 11996, 37764, 3932, 8756, 3436, 216, 163204, 508
396100, 12012, 37768, 3928, 8764, 3432, 216, 163232, 508
396036, 12056, 37752, 3924, 8776, 3432, 216, 163260, 508
395972, 12100, 37752, 3916, 8780, 3436, 216, 163280, 508
395936, 12124, 37720, 3892, 8800, 3436, 216, 163328, 508
395852, 12168, 37736, 3896, 8792, 3436, 216, 163356, 508
395816, 12176, 37740, 3884, 8804, 3432, 220, 163380, 508
395764, 12200, 37728, 3880, 8796, 3432, 220, 163432, 508
395688, 12244, 37708, 3892, 8796, 3436, 216, 163472, 508
395640, 12276, 37692, 3884, 8796, 3440, 216, 163508, 508
395588, 12296, 37684, 3876, 8796, 3440, 216, 163556, 508
395512, 12340, 37680, 3868, 8804, 3440, 216, 163592, 508
395448, 12376, 37656, 3868, 8804, 3440, 216, 163644, 508
395388, 12412, 37660, 3852, 8820, 3440, 216, 163664, 508
395340, 12424, 37668, 3852, 8816, 3440, 216, 163696, 508
395276, 12456, 37636, 3860, 8820, 3440, 216, 163748, 508
395240, 12464, 37624, 3864, 8812, 3440, 216, 163792, 508
395196, 12480, 37616, 3868, 8800, 3440, 216, 163836, 508
395164, 12484, 37616, 3868, 8792, 3440, 216, 163872, 508
395112, 12504, 37616, 3872, 8792, 3440, 216, 163900, 508
395056, 12528, 37600, 3880, 8792, 3440, 216, 163940, 508
395012, 12548, 37580, 3880, 8780, 3444, 216, 163992, 508
394968, 12560, 37580, 3884, 8776, 3444, 216, 164024, 508
394944, 12572, 37560, 3864, 8788, 3444, 216, 164064, 508
394888, 12608, 37556, 3872, 8784, 3444, 216, 164084, 508
394828, 12648, 37560, 3872, 8788, 3448, 216, 164092, 508
394772, 12656, 37560, 3884, 8780, 3448, 216, 164136, 508
394712, 12684, 37552, 3888, 8776, 3456, 216, 164168, 508
394664, 12704, 37544, 3896, 8768, 3456, 216, 164204, 508
394624, 12728, 37532, 3900, 8764, 3460, 216, 164228, 508
394540, 12780, 37528, 3892, 8772, 3460, 216, 164264, 508
394512, 12792, 37504, 3896, 8760, 3468, 216, 164304, 508
394464, 12808, 37508, 3896, 8764, 3468, 216, 164328, 508
394408, 12852, 37480, 3900, 8764, 3468, 216, 164364, 508
394348, 12872, 37496, 3908, 8760, 3464, 220, 164384, 508
394336, 12860, 37476, 3912, 8760, 3464, 220, 164424, 508
394280, 12900, 37460, 3912, 8740, 3468, 220, 164472, 508
394248, 12916, 37416, 3912, 8740, 3464, 220, 164536, 508
394200, 12944, 37420, 3908, 8732, 3464, 224, 164560, 508
394156, 12972, 37396, 3908, 8724, 3464, 228, 164604, 508
394100, 13016, 37356, 3908, 8720, 3464, 228, 164660, 508
394060, 13036, 37340, 3892, 8736, 3464, 228, 164696, 508
394012, 13044, 37356, 3892, 8736, 3464, 228, 164720, 508
393988, 13044, 37352, 3884, 8748, 3464, 228, 164744, 508
393956, 13052, 37328, 3884, 8748, 3468, 228, 164788, 508
393916, 13064, 37312, 3884, 8740, 3464, 232, 164836, 512
393900, 13068, 37296, 3876, 8736, 3464, 232, 164876, 512
393872, 13068, 37292, 3884, 8720, 3468, 232, 164912, 512
393868, 13040, 37300, 3888, 8720, 3468, 232, 164932, 512
393856, 13032, 37296, 3884, 8700, 3480, 232, 164968, 512
393844, 13012, 37300, 3888, 8696, 3480, 232, 164996, 512
393824, 12996, 37304, 3888, 8688, 3484, 232, 165032, 512
393812, 12968, 37316, 3892, 8684, 3484, 232, 165060, 512
393792, 12968, 37284, 3880, 8700, 3484, 232, 165108, 512
393776, 12964, 37264, 3884, 8696, 3488, 232, 165144, 512
393760, 12932, 37276, 3888, 8696, 3488, 232, 165176, 512
393740, 12932, 37276, 3880, 8696, 3488, 232, 165204, 512
393728, 12916, 37264, 3884, 8688, 3488, 232, 165248, 512
393728, 12888, 37256, 3884, 8680, 3500, 232, 165280, 512
393692, 12880, 37248, 3888, 8692, 3500, 232, 165316, 512
393672, 12872, 37236, 3896, 8684, 3500, 232, 165356, 512
393652, 12872, 37240, 3888, 8680, 3500, 232, 165384, 512
393644, 12840, 37244, 3892, 8684, 3500, 232, 165412, 512
393632, 12828, 37240, 3884, 8692, 3496, 236, 165440, 512
393628, 12812, 37224, 3880, 8692, 3496, 236, 165480, 512
393608, 12812, 37208, 3876, 8700, 3496, 236, 165512, 512
393584, 12804, 37208, 3884, 8700, 3496, 236, 165536, 512
393568, 12792, 37184, 3904, 8696, 3500, 236, 165568, 512
393548, 12780, 37180, 3900, 8688, 3504, 236, 165612, 512
393532, 12772, 37188, 3904, 8672, 3508, 236, 165636, 512
393516, 12752, 37200, 3908, 8672, 3508, 236, 165656, 512
393512, 12728, 37192, 3912, 8664, 3508, 236, 165696, 512
393500, 12712, 37184, 3912, 8652, 3512, 236, 165740, 512
393484, 12704, 37172, 3912, 8648, 3512, 236, 165780, 512
393472, 12672, 37176, 3912, 8652, 3512, 236, 165816, 512
393468, 12644, 37160, 3924, 8644, 3516, 236, 165856, 512
393464, 12624, 37164, 3920, 8652, 3516, 236, 165872, 512
393448, 12628, 37136, 3908, 8652, 3520, 236, 165920, 512
393432, 12612, 37140, 3908, 8652, 3524, 236, 165944, 512
393420, 12592, 37144, 3916, 8632, 3524, 236, 165984, 512
393412, 12576, 37144, 3912, 8632, 3524, 236, 166012, 512
393396, 12552, 37156, 3900, 8636, 3524, 236, 166048, 512
393376, 12552, 37160, 3900, 8632, 3524, 236, 166068, 512
393364, 12536, 37160, 3900, 8628, 3528, 236, 166096, 512
393344, 12540, 37148, 3892, 8636, 3528, 236, 166124, 512
393336, 12520, 37152, 3892, 8620, 3532, 236, 166160, 512
393320, 12496, 37156, 3892, 8624, 3532, 236, 166192, 512
393308, 12472, 37164, 3892, 8612, 3536, 236, 166228, 512
393304, 12444, 37156, 3896, 8612, 3536, 236, 166264, 512
393292, 12408, 37164, 3888, 8628, 3532, 240, 166296, 512
393280, 12396, 37148, 3896, 8624, 3532, 240, 166332, 512
393264, 12384, 37156, 3900, 8612, 3532, 240, 166360, 512
393260, 12380, 37116, 3892, 8608, 3540, 240, 166412, 512
393252, 12368, 37104, 3884, 8620, 3540, 240, 166440, 512
393240, 12364, 37084, 3884, 8608, 3548, 240, 166480, 512
393228, 12348, 37076, 3888, 8616, 3548, 240, 166504, 512
393224, 12344, 37052, 3880, 8612, 3548, 240, 166548, 512
393212, 12324, 37056, 3880, 8612, 3548, 240, 166576, 512
393208, 12288, 37064, 3880, 8608, 3548, 240, 166612, 512
393196, 12268, 37056, 3888, 8616, 3548, 240, 166636, 512
393188, 12224, 37072, 3908, 8596, 3544, 240, 166676, 512
393172, 12204, 37052, 3904, 8600, 3544, 240, 166732, 512
393168, 12188, 37032, 3896, 8600, 3544, 240, 166780, 512
393152, 12192, 37004, 3884, 8612, 3544, 240, 166820, 512
393140, 12180, 37008, 3888, 8612, 3548, 240, 166832, 512
393128, 12180, 36984, 3888, 8612, 3548, 240, 166868, 512
393112, 12180, 36968, 3884, 8600, 3548, 240, 166916, 512
393108, 12164, 36976, 3880, 8596, 3548, 240, 166936, 512
393108, 12132, 36976, 3884, 8596, 3548, 240, 166964, 512
393092, 12120, 36984, 3888, 8596, 3548, 240, 166980, 512
393084, 12060, 37032, 3900, 8588, 3544, 240, 167000, 512
393072, 12036, 37032, 3908, 8592, 3544, 240, 167024, 512
393060, 12012, 37028, 3904, 8584, 3556, 240, 167064, 512
393052, 11984, 37020, 3908, 8592, 3556, 240, 167096, 512
393052, 11964, 37000, 3908, 8588, 3552, 240, 167144, 512
393028, 11960, 36984, 3912, 8580, 3548, 244, 167188, 516
393020, 11952, 36952, 3908, 8568, 3548, 244, 167252, 516
393012, 11940, 36940, 3912, 8560, 3544, 244, 167292, 516
393000, 11928, 36948, 3900, 8568, 3544, 244, 167312, 516
392996, 11900, 36948, 3908, 8560, 3544, 244, 167344, 516
392984, 11872, 36948, 3912, 8552, 3544, 244, 167388, 516
392964, 11872, 36944, 3904, 8556, 3544, 244, 167416, 516
392960, 11852, 36940, 3900, 8548, 3548, 244, 167452, 516
392956, 11824, 36948, 3900, 8544, 3548, 244, 167480, 516
392940, 11792, 36952, 3896, 8556, 3548, 244, 167516, 516
392928, 11784, 36940, 3900, 8552, 3548, 244, 167548, 516
392920, 11764, 36952, 3904, 8544, 3552, 244, 167564, 516
392916, 11752, 36944, 3904, 8536, 3556, 244, 167592, 516
392912, 11724, 36960, 3896, 8544, 3556, 240, 167608, 520
392908, 11704, 36968, 3896, 8536, 3556, 240, 167632, 520
392896, 11700, 36940, 3896, 8544, 3556, 240, 167668, 520
392892, 11676, 36912, 3900, 8548, 3556, 240, 167716, 520
392876, 11656, 36912, 3896, 8548, 3560, 240, 167752, 520
392860, 11640, 36912, 3896, 8544, 3568, 240, 167780, 520
392832, 11652, 36884, 3896, 8548, 3568, 240, 167820, 520
392780, 11672, 36864, 3892, 8544, 3568, 240, 167880, 520
392728, 11668, 36900, 3896, 8548, 3568, 240, 167892, 520
392696, 11672, 36872, 3904, 8540, 3568, 240, 167948, 520
392636, 11696, 36876, 3900, 8540, 3560, 244, 167988, 520
392588, 11732, 36872, 3892, 8528, 3572, 244, 168012, 520
392540, 11764, 36852, 3888, 8532, 3572, 244, 168048, 520
392504, 11748, 36864, 3892, 8532, 3572, 244, 168084, 520
392468, 11744, 36856, 3892, 8548, 3568, 244, 168120, 520
392420, 11768, 36848, 3900, 8540, 3568, 244, 168152, 520
392352, 11812, 36832, 3892, 8528, 3572, 244, 168208, 520
392284, 11856, 36828, 3900, 8532, 3572, 244, 168224, 520
392224, 11900, 36804, 3908, 8528, 3576, 244, 168256, 520
392168, 11924, 36808, 3912, 8520, 3576, 244, 168288, 520
392140, 11924, 36792, 3912, 8520, 3576, 244, 168332, 520
392096, 11940, 36796, 3908, 8516, 3576, 244, 168364, 520
392040, 11980, 36792, 3904, 8520, 3572, 248, 168384, 520
391980, 12016, 36792, 3896, 8524, 3572, 248, 168412, 520
391936, 12036, 36796, 3904, 8520, 3572, 248, 168428, 520
391876, 12060, 36792, 3908, 8516, 3572, 252, 168464, 520
391804, 12124, 36776, 3900, 8520, 3576, 252, 168488, 520
391728, 12176, 36760, 3908, 8512, 3580, 252, 168524, 520
391668, 12208, 36744, 3912, 8496, 3580, 252, 168580, 520
391612, 12240, 36736, 3920, 8492, 3580, 252, 168608, 520
391572, 12228, 36756, 3920, 8496, 3584, 252, 168632, 520
391516, 12252, 36748, 3920, 8500, 3584, 252, 168668, 520
391496, 12244, 36752, 3916, 8500, 3584, 252, 168696, 520
391440, 12288, 36732, 3912, 8500, 3584, 252, 168732, 520
391412, 12288, 36720, 3912, 8496, 3584, 252, 168776, 520
391376, 12312, 36708, 3904, 8488, 3584, 252, 168812, 524
391332, 12320, 36724, 3904, 8464, 3592, 252, 168848, 524
391296, 12324, 36700, 3924, 8460, 3592, 252, 168888, 524
391232, 12364, 36688, 3916, 8464, 3592, 252, 168928, 524
391200, 12364, 36692, 3912, 8456, 3592, 252, 168968, 524
391156, 12384, 36676, 3912, 8452, 3588, 252, 169016, 524
391108, 12420, 36656, 3912, 8448, 3588, 252, 169052, 524
391048, 12460, 36628, 3916, 8444, 3588, 252, 169100, 524
391016, 12468, 36620, 3908, 8452, 3588, 252, 169132, 524
390968, 12460, 36656, 3908, 8456, 3588, 252, 169148, 524
390888, 12496, 36668, 3916, 8456, 3588, 252, 169172, 524
390816, 12528, 36672, 3920, 8440, 3596, 252, 169212, 524
390784, 12516, 36696, 3920, 8436, 3596, 256, 169232, 524
390728, 12540, 36704, 3916, 8436, 3600, 256, 169256, 524
390696, 12536, 36716, 3920, 8432, 3600, 256, 169280, 524
390628, 12572, 36712, 3920, 8440, 3604, 256, 169304, 524
390608, 12576, 36680, 3916, 8448, 3608, 256, 169344, 524
390576, 12588, 36660, 3896, 8464, 3612, 256, 169384, 524
390524, 12616, 36652, 3896, 8456, 3612, 256, 169424, 524
390488, 12624, 36640, 3900, 8452, 3612, 256, 169464, 524
390444, 12636, 36644, 3908, 8448, 3612, 256, 169488, 524
390392, 12664, 36632, 3916, 8432, 3616, 256, 169528, 524
390360, 12664, 36640, 3904, 8452, 3616, 256, 169544, 524
390320, 12660, 36672, 3900, 8452, 3620, 256, 169556, 524
390272, 12688, 36672, 3896, 8460, 3620, 256, 169572, 524
390244, 12692, 36676, 3896, 8448, 3628, 256, 169592, 528
390216, 12700, 36664, 3904, 8436, 3628, 256, 169628, 528
390184, 12680, 36672, 3920, 8420, 3632, 256, 169668, 528
390148, 12692, 36668, 3924, 8408, 3632, 256, 169704, 528
390140, 12668, 36668, 3928, 8404, 3632, 256, 169736, 528
390128, 12652, 36664, 3936, 8396, 3636, 256, 169764, 528
390124, 12624, 36668, 3912, 8420, 3640, 256, 169788, 528
390104, 12596, 36680, 3908, 8424, 3640, 256, 169824, 528
390088, 12600, 36672, 3900, 8432, 3640, 256, 169844, 528
390084, 12584, 36664, 3900, 8436, 3636, 256, 169872, 528
390072, 12564, 36688, 3900, 8432, 3636, 256, 169884, 528
390040, 12560, 36696, 3896, 8436, 3632, 260, 169912, 528
390028, 12540, 36716, 3892, 8440, 3632, 260, 169924, 528
390000, 12544, 36696, 3896, 8436, 3628, 260, 169972, 528
389996, 12512, 36704, 3876, 8452, 3628, 260, 170004, 528
389984, 12508, 36684, 3884, 8448, 3628, 260, 170036, 528
389964, 12512, 36652, 3892, 8440, 3632, 260, 170080, 528
389940, 12512, 36644, 3900, 8440, 3632, 260, 170104, 528
389928, 12504, 36632, 3896, 8432, 3632, 260, 170148, 528
389920, 12480, 36624, 3908, 8424, 3636, 260, 170180, 528
389912, 12472, 36600, 3908, 8424, 3632, 264, 170220, 528
389900, 12444, 36588, 3920, 8420, 3632, 264, 170264, 528
389892, 12420, 36588, 3928, 8420, 3632, 264, 170288, 528
389856, 12428, 36604, 3924, 8416, 3632, 264, 170308, 528
389844, 12392, 36608, 3924, 8420, 3632, 264, 170348, 528
389832, 12376, 36624, 3916, 8412, 3640, 264, 170368, 528
389820, 12360, 36608, 3908, 8420, 3640, 264, 170412, 528
389808, 12344, 36616, 3908, 8408, 3640, 264, 170444, 528
389796, 12348, 36592, 3908, 8400, 3644, 264, 170480, 528
389788, 12344, 36572, 3904, 8396, 3652, 260, 170516, 528
389788, 12316, 36568, 3892, 8400, 3652, 260, 170556, 528
389784, 12308, 36556, 3888, 8396, 3656, 260, 170584, 528
389780, 12276, 36568, 3888, 8400, 3656, 260, 170604, 528
389764, 12284, 36560, 3884, 8404, 3656, 260, 170620, 528
389732, 12296, 36524, 3872, 8408, 3660, 260, 170680, 528
389720, 12276, 36524, 3860, 8408, 3660, 260, 170724, 528
389716, 12252, 36512, 3860, 8400, 3664, 260, 170768, 528
389692, 12232, 36504, 3876, 8396, 3668, 260, 170804, 528
389684, 12208, 36500, 3868, 8392, 3680, 256, 170844, 528
389668, 12212, 36488, 3860, 8396, 3680, 256, 170872, 528
389660, 12188, 36484, 3864, 8400, 3680, 252, 170900, 532
389652, 12148, 36476, 3888, 8400, 3684, 252, 170928, 532
389640, 12144, 36456, 3900, 8396, 3684, 252, 170956, 532
389620, 12124, 36476, 3896, 8384, 3684, 252, 170992, 532
389612, 12084, 36500, 3900, 8372, 3684, 252, 171024, 532
389604, 12068, 36504, 3896, 8380, 3684, 252, 171040, 532
389584, 12036, 36520, 3888, 8388, 3684, 252, 171072, 536
389564, 12028, 36512, 3888, 8396, 3684, 252, 171100, 536
389544, 12004, 36536, 3876, 8400, 3680, 252, 171132, 536
389532, 11984, 36536, 3880, 8396, 3680, 252, 171164, 536
389524, 11952, 36552, 3868, 8400, 3680, 252, 171196, 536
389524, 11924, 36572, 3864, 8400, 3680, 252, 171208, 536
389516, 11896, 36576, 3860, 8404, 3680, 252, 171240, 536
389508, 11864, 36552, 3868, 8396, 3680, 252, 171304, 536
389492, 11856, 36544, 3860, 8400, 3684, 252, 171336, 536
389476, 11848, 36536, 3852, 8404, 3684, 252, 171372, 536
389472, 11844, 36528, 3848, 8400, 3684, 252, 171396, 536
389464, 11828, 36536, 3848, 8396, 3688, 252, 171412, 536
389456, 11816, 36532, 3844, 8392, 3688, 252, 171444, 536
389440, 11792, 36564, 3840, 8400, 3688, 252, 171448, 536
389420, 11808, 36524, 3836, 8392, 3688, 252, 171504, 536
389416, 11788, 36516, 3832, 8392, 3692, 252, 171536, 536
389404, 11768, 36516, 3832, 8400, 3692, 252, 171560, 536
389396, 11752, 36504, 3836, 8400, 3692, 252, 171592, 536
389380, 11736, 36488, 3848, 8392, 3696, 252, 171632, 536
389364, 11712, 36516, 3848, 8384, 3696, 252, 171652, 536
389352, 11692, 36540, 3844, 8384, 3696, 252, 171664, 536
389352, 11672, 36516, 3848, 8368, 3696, 252, 171720, 536
389336, 11652, 36520, 3860, 8356, 3696, 252, 171752, 536
389328, 11636, 36512, 3852, 8344, 3700, 252, 171800, 536
389312, 11632, 36504, 3856, 8340, 3696, 252, 171832, 536
389300, 11612, 36500, 3852, 8328, 3704, 248, 171880, 536
389288, 11596, 36480, 3852, 8340, 3704, 248, 171916, 536
389288, 11572, 36464, 3844, 8336, 3716, 248, 171956, 536
389288, 11540, 36440, 3836, 8348, 3716, 248, 172008, 536
389264, 11540, 36424, 3824, 8364, 3712, 248, 172048, 536
389252, 11532, 36428, 3828, 8360, 3716, 248, 172060, 536
389236, 11524, 36408, 3832, 8348, 3712, 248, 172116, 536
389224, 11512, 36400, 3836, 8352, 3712, 248, 172140, 536
389216, 11488, 36376, 3824, 8364, 3712, 248, 172196, 536
389208, 11472, 36364, 3824, 8364, 3712, 248, 172232, 536
389200, 11452, 36372, 3824, 8348, 3712, 248, 172268, 536
389188, 11436, 36364, 3832, 8340, 3712, 248, 172304, 536
389168, 11396, 36396, 3832, 8348, 3712, 248, 172324, 536
389164, 11376, 36372, 3824, 8336, 3712, 248, 172392, 536
389160, 11356, 36380, 3824, 8336, 3708, 248, 172412, 536
389140, 11348, 36368, 3828, 8340, 3708, 248, 172444, 536
389136, 11324, 36360, 3828, 8328, 3716, 248, 172484, 536
389132, 11292, 36360, 3832, 8324, 3716, 248, 172520, 536
389120, 11272, 36352, 3824, 8324, 3716, 248, 172568, 536
389104, 11252, 36348, 3840, 8324, 3716, 248, 172592, 536
389096, 11220, 36360, 3848, 8312, 3712, 248, 172628, 536
389076, 11216, 36368, 3848, 8308, 3712, 248, 172648, 536
389076, 11184, 36384, 3856, 8292, 3720, 248, 172664, 536
389072, 11160, 36388, 3860, 8288, 3720, 248, 172688, 536
389052, 11148, 36384, 3856, 8292, 3720, 248, 172724, 536
389032, 11148, 36376, 3860, 8284, 3720, 248, 172756, 536
389008, 11148, 36356, 3872, 8268, 3720, 252, 172800, 536
388996, 11128, 36348, 3880, 8268, 3720, 252, 172832, 536
388976, 11108, 36316, 3892, 8276, 3724, 252, 172880, 536
388960, 11088, 36296, 3904, 8264, 3728, 252, 172932, 536
388948, 11088, 36276, 3896, 8260, 3728, 252, 172976, 536
388940, 11076, 36268, 3904, 8252, 3728, 252, 173004, 536
388924, 11072, 36256, 3904, 8252, 3724, 252, 173040, 536
388920, 11048, 36260, 3900, 8248, 3728, 252, 173068, 536
388896, 11044, 36264, 3900, 8244, 3728, 252, 173096, 536
388876, 11048, 36256, 3884, 8248, 3728, 252, 173132, 536
388856, 11048, 36248, 3884, 8252, 3724, 252, 173160, 536
388844, 11032, 36252, 3880, 8256, 3724, 252, 173184, 536
388828, 10992, 36260, 3884, 8256, 3720, 252, 173232, 536
388816, 10992, 36252, 3876, 8264, 3716, 252, 173256, 536
388804, 10972, 36252, 3884, 8260, 3720, 252, 173276, 540
388780, 10960, 36268, 3872, 8268, 3724, 252, 173296, 540
388760, 10932, 36284, 3868, 8264, 3728, 252, 173332, 540
388740, 10928, 36268, 3872, 8268, 3728, 252, 173364, 540
388724, 10900, 36260, 3860, 8272, 3728, 252, 173424, 540
388716, 10888, 36252, 3856, 8268, 3724, 252, 173464, 540
388696, 10884, 36228, 3860, 8256, 3720, 252, 173524, 540
388668, 10876, 36236, 3860, 8244, 3724, 252, 173560, 540
388660, 10836, 36260, 3860, 8244, 3724, 252, 173584, 540
388644, 10820, 36256, 3848, 8260, 3724, 252, 173616, 540
388608, 10824, 36252, 3860, 8256, 3720, 252, 173648, 540
388580, 10816, 36252, 3872, 8256, 3720, 252, 173672, 540
388564, 10804, 36252, 3868, 8256, 3720, 252, 173704, 540
388544, 10804, 36236, 3868, 8248, 3724, 252, 173744, 540
388496, 10828, 36212, 3868, 8236, 3728, 252, 173800, 540
388484, 10820, 36200, 3880, 8224, 3728, 252, 173832, 540
388448, 10844, 36200, 3876, 8220, 3732, 252, 173848, 540
388436, 10820, 36192, 3884, 8216, 3732, 252, 173888, 540
388404, 10816, 36212, 3876, 8216, 3736, 252, 173908, 540
388376, 10828, 36192, 3884, 8212, 3736, 252, 173940, 540
388344, 10836, 36188, 3884, 8208, 3736, 252, 173972, 540
388324, 10828, 36196, 3880, 8216, 3740, 252, 173984, 540
388300, 10800, 36220, 3888, 8212, 3740, 252, 174008, 540
388296, 10768, 36188, 3900, 8200, 3736, 252, 174076, 544
388268, 10768, 36180, 3900, 8192, 3740, 252, 174116, 544
388260, 10744, 36176, 3892, 8200, 3740, 252, 174152, 544
388220, 10780, 36148, 3872, 8212, 3740, 252, 174192, 544
388200, 10776, 36164, 3868, 8212, 3740, 252, 174204, 544
388172, 10788, 36160, 3868, 8208, 3740, 252, 174228, 544
388148, 10780, 36136, 3876, 8200, 3740, 252, 174284, 544
388128, 10768, 36136, 3876, 8204, 3740, 252, 174312, 544
388104, 10756, 36132, 3884, 8200, 3740, 252, 174348, 544
388100, 10716, 36140, 3884, 8196, 3748, 252, 174380, 544
388076, 10712, 36132, 3884, 8196, 3748, 252, 174416, 544
388068, 10684, 36128, 3884, 8188, 3752, 252, 174460, 544
388052, 10688, 36120, 3876, 8188, 3752, 252, 174488, 544
388032, 10656, 36140, 3876, 8176, 3760, 252, 174524, 544
387996, 10672, 36132, 3876, 8164, 3760, 252, 174564, 544
387964, 10684, 36124, 3884, 8160, 3764, 252, 174584, 544
387952, 10688, 36096, 3884, 8160, 3764, 252, 174620, 544
387952, 10648, 36108, 3888, 8160, 3764, 252, 174644, 544
387940, 10636, 36116, 3900, 8148, 3764, 252, 174660, 544
387940, 10604, 36116, 3908, 8144, 3764, 252, 174688, 544
387908, 10608, 36132, 3900, 8152, 3764, 252, 174700, 544
387896, 10588, 36152, 3892, 8164, 3760, 256, 174708, 544
387876, 10576, 36168, 3896, 8152, 3760, 256, 174732, 544
387868, 10556, 36176, 3896, 8152, 3760, 256, 174752, 544
387848, 10544, 36168, 3900, 8144, 3760, 256, 174796, 544
387836, 10524, 36176, 3900, 8136, 3760, 256, 174828, 544
387828, 10516, 36156, 3904, 8124, 3760, 256, 174872, 544
387816, 10500, 36156, 3908, 8116, 3760, 256, 174904, 544
387796, 10504, 36136, 3904, 8112, 3760, 256, 174948, 544
387780, 10492, 36144, 3904, 8096, 3764, 256, 174980, 544
387764, 10464, 36128, 3920, 8088, 3764, 256, 175032, 544
387736, 10476, 36104, 3916, 8092, 3768, 256, 175068, 544
387704, 10484, 36108, 3904, 8100, 3776, 256, 175084, 544
387688, 10480, 36100, 3908, 8092, 3776, 256, 175112, 548
387668, 10488, 36096, 3908, 8088, 3780, 256, 175128, 548
387652, 10488, 36092, 3900, 8084, 3772, 260, 175164, 548
387632, 10488, 36092, 3892, 8084, 3780, 256, 175188, 548
387596, 10492, 36096, 3908, 8076, 3780, 256, 175208, 548
387568, 10476, 36096, 3912, 8068, 3780, 256, 175256, 548
387540, 10500, 36076, 3900, 8072, 3780, 256, 175288, 548
387508, 10512, 36060, 3900, 8068, 3784, 256, 175324, 548
387480, 10504, 36060, 3900, 8068, 3784, 256, 175360, 548
387440, 10520, 36056, 3888, 8068, 3792, 256, 175392, 548
387416, 10512, 36072, 3896, 8068, 3792, 256, 175400, 548
387400, 10492, 36076, 3896, 8072, 3792, 256, 175428, 548
387380, 10472, 36084, 3896, 8064, 3796, 256, 175464, 548
387352, 10472, 36084, 3900, 8056, 3796, 256, 175496, 548
387336, 10476, 36056, 3896, 8052, 3796, 256, 175544, 548
387328, 10456, 36056, 3904, 8048, 3792, 256, 175572, 548
387320, 10436, 36052, 3908, 8048, 3792, 256, 175600, 548
387296, 10428, 36068, 3904, 8048, 3796, 256, 175616, 548
387288, 10404, 36064, 3908, 8044, 3796, 256, 175648, 552
387280, 10396, 36052, 3904, 8048, 3800, 256, 175672, 552
387268, 10372, 36060, 3904, 8044, 3804, 256, 175700, 552
387248, 10348, 36076, 3908, 8036, 3808, 256, 175728, 552
387228, 10336, 36084, 3908, 8032, 3812, 260, 175744, 556
387216, 10340, 36060, 3904, 8028, 3816, 260, 175780, 556
387208, 10336, 36028, 3904, 8024, 3824, 260, 175820, 556
387204, 10316, 36016, 3904, 8020, 3824, 260, 175860, 556
387172, 10312, 36036, 3900, 8024, 3828, 260, 175872, 556
387164, 10284, 36060, 3896, 8028, 3828, 260, 175884, 556
387148, 10264, 36056, 3900, 8024, 3832, 260, 175920, 556
387140, 10244, 36064, 3900, 8020, 3832, 260, 175944, 556
387140, 10228, 36052, 3884, 8024, 3836, 260, 175980, 556
387132, 10196, 36072, 3888, 8008, 3840, 260, 176008, 556
387124, 10176, 36076, 3892, 7996, 3840, 260, 176040, 556
387116, 10156, 36076, 3876, 8008, 3836, 264, 176072, 556
387112, 10116, 36104, 3872, 8012, 3836, 264, 176088, 556
387108, 10092, 36120, 3860, 8016, 3832, 268, 176108, 556
387108, 10048, 36148, 3864, 8004, 3840, 268, 176124, 556
387100, 10024, 36144, 3876, 7988, 3844, 268, 176160, 556
387088, 10008, 36140, 3872, 7988, 3848, 268, 176192, 556
387076, 10004, 36144, 3860, 7996, 3852, 268, 176204, 556
387064, 10008, 36116, 3860, 7988, 3852, 268, 176248, 556
387048, 10004, 36116, 3864, 7988, 3848, 268, 176268, 556
387044, 9992, 36108, 3864, 7972, 3848, 264, 176312, 556
387032, 9980, 36096, 3856, 7984, 3844, 268, 176344, 556
387020, 9976, 36084, 3852, 7976, 3840, 268, 176388, 556
387008, 9968, 36076, 3856, 7968, 3844, 268, 176416, 556
387004, 9956, 36064, 3856, 7956, 3844, 268, 176456, 556
387004, 9928, 36080, 3860, 7948, 3848, 268, 176468, 556
386992, 9932, 36068, 3852, 7944, 3852, 268, 176496, 556
386984, 9916, 36052, 3852, 7944, 3852, 268, 176536, 556
386968, 9896, 36068, 3840, 7956, 3856, 268, 176552, 556
386952, 9888, 36076, 3828, 7956, 3860, 268, 176576, 556
386944, 9864, 36040, 3832, 7952, 3856, 268, 176648, 556
386928, 9852, 36040, 3844, 7948, 3856, 268, 176668, 556
386916, 9852, 36024, 3852, 7940, 3856, 268, 176696, 556
386908, 9848, 36016, 3852, 7932, 3852, 272, 176724, 556
386892, 9840, 36028, 3844, 7940, 3856, 272, 176732, 556
386880, 9820, 36020, 3852, 7928, 3856, 272, 176776, 556
386860, 9820, 36016, 3852, 7924, 3856, 272, 176804, 556
386848, 9800, 36020, 3852, 7916, 3856, 272, 176840, 556
386836, 9780, 36024, 3852, 7916, 3864, 272, 176860, 556
386832, 9732, 36036, 3872, 7916, 3864, 272, 176880, 556
386824, 9708, 36040, 3872, 7916, 3868, 272, 176904, 556
386812, 9660, 36056, 3880, 7920, 3868, 272, 176936, 556
386800, 9632, 36048, 3892, 7912, 3868, 272, 176980, 556
386792, 9616, 36040, 3888, 7920, 3868, 272, 177008, 556
386776, 9608, 36040, 3888, 7916, 3872, 272, 177032, 556
386768, 9604, 36048, 3884, 7920, 3872, 272, 177036, 556
386760, 9576, 36060, 3880, 7924, 3872, 272, 177060, 556
386748, 9564, 36060, 3876, 7932, 3872, 272, 177080, 556
386736, 9572, 36056, 3872, 7936, 3872, 272, 177088, 556
386712, 9552, 36064, 3868, 7940, 3872, 272, 177120, 560
386696, 9536, 36060, 3868, 7940, 3876, 272, 177152, 560
386692, 9520, 36040, 3868, 7948, 3876, 272, 177184, 560
386684, 9488, 36068, 3860, 7952, 3876, 272, 177200, 560
386672, 9472, 36064, 3864, 7944, 3876, 272, 177236, 560
386664, 9428, 36080, 3876, 7940, 3876, 272, 177264, 560
386660, 9412, 36076, 3884, 7932, 3876, 272, 177288, 560
386652, 9384, 36104, 3876, 7936, 3876, 272, 177300, 560
386640, 9384, 36088, 3872, 7940, 3876, 272, 177328, 560
386628, 9376, 36076, 3876, 7932, 3880, 272, 177360, 560
386620, 9368, 36068, 3864, 7932, 3884, 272, 177392, 560
386604, 9344, 36080, 3860, 7932, 3884, 272, 177424, 560
386564, 9372, 36072, 3860, 7928, 3884, 272, 177448, 560
386552, 9380, 36068, 3852, 7932, 3884, 272, 177460, 560
386544, 9368, 36056, 3856, 7928, 3892, 272, 177484, 560
386532, 9364, 36040, 3852, 7928, 3896, 272, 177516, 560
386508, 9372, 36020, 3852, 7924, 3896, 272, 177556, 560
386484, 9380, 36016, 3844, 7924, 3892, 272, 177588, 560
386464, 9360, 36020, 3844, 7924, 3892, 276, 177620, 560
386444, 9360, 36004, 3840, 7920, 3896, 276, 177660, 560
386428, 9352, 35996, 3836, 7916, 3896, 276, 177700, 560
386416, 9344, 35980, 3844, 7912, 3904, 276, 177724, 560
386404, 9344, 35984, 3848, 7912, 3904, 276, 177728, 560
386392, 9336, 35976, 3852, 7904, 3908, 276, 177756, 560
386380, 9340, 35964, 3852, 7888, 3904, 276, 177796, 560
386364, 9340, 35956, 3856, 7876, 3908, 276, 177824, 560
386324, 9364, 35944, 3856, 7868, 3912, 276, 177856, 560
386312, 9344, 35940, 3852, 7872, 3912, 276, 177892, 560
386304, 9316, 35964, 3848, 7868, 3912, 276, 177912, 560
386284, 9312, 35948, 3856, 7872, 3912, 276, 177940, 560
386256, 9304, 35960, 3860, 7872, 3912, 276, 177960, 560
386248, 9284, 35956, 3856, 7864, 3912, 276, 178004, 560
386220, 9284, 35960, 3852, 7864, 3912, 276, 178032, 560
386204, 9280, 35944, 3860, 7856, 3912, 276, 178068, 560
386184, 9284, 35924, 3864, 7856, 3912, 276, 178100, 560
386160, 9288, 35912, 3868, 7860, 3912, 276, 178124, 560
386152, 9284, 35888, 3856, 7876, 3908, 276, 178160, 560
386136, 9288, 35852, 3852, 7876, 3904, 276, 178216, 560
386120, 9292, 35844, 3856, 7876, 3904, 276, 178232, 560
386108, 9284, 35840, 3852, 7884, 3904, 276, 178252, 560
386092, 9280, 35820, 3856, 7876, 3904, 276, 178296, 560
386084, 9264, 35800, 3864, 7868, 3904, 276, 178340, 560
386072, 9244, 35816, 3868, 7876, 3904, 276, 178344, 560
386052, 9220, 35832, 3864, 7880, 3900, 276, 178376, 560
386040, 9192, 35840, 3872, 7888, 3900, 276, 178392, 560
386016, 9188, 35820, 3876, 7888, 3900, 276, 178436, 560
385992, 9192, 35824, 3864, 7896, 3900, 276, 178456, 560
385984, 9164, 35836, 3872, 7888, 3904, 276, 178476, 560
385972, 9144, 35840, 3868, 7888, 3904, 276, 178508, 560
385972, 9132, 35824, 3860, 7880, 3908, 276, 178544, 564
385956, 9128, 35824, 3864, 7868, 3912, 276, 178568, 564
385952, 9112, 35812, 3860, 7864, 3916, 276, 178604, 564
385932, 9112, 35820, 3848, 7876, 3912, 276, 178620, 564
385932, 9092, 35812, 3856, 7872, 3912, 276, 178644, 564
385920, 9076, 35788, 3860, 7872, 3912, 276, 178692, 564
385912, 9052, 35792, 3860, 7872, 3916, 276, 178716, 564
385900, 9044, 35784, 3848, 7868, 3920, 276, 178756, 564
385880, 9052, 35768, 3848, 7868, 3920, 276, 178784, 564
385864, 9048, 35748, 3848, 7868, 3920, 276, 178824, 564
385852, 9032, 35736, 3840, 7872, 3916, 276, 178872, 564
385832, 9028, 35724, 3840, 7868, 3924, 276, 178904, 564
385804, 9016, 35744, 3836, 7872, 3920, 280, 178924, 564
385784, 9016, 35736, 3832, 7864, 3928, 280, 178956, 564
385768, 9000, 35740, 3840, 7856, 3928, 280, 178984, 564
385752, 8988, 35740, 3832, 7852, 3928, 280, 179024, 564
385740, 8964, 35744, 3848, 7852, 3928, 280, 179040, 564
385720, 8956, 35744, 3852, 7848, 3932, 280, 179064, 564
385708, 8940, 35736, 3852, 7840, 3932, 280, 179108, 564
385704, 8900, 35712, 3868, 7848, 3932, 280, 179152, 564
385696, 8892, 35696, 3856, 7860, 3928, 284, 179184, 564
385672, 8888, 35700, 3852, 7864, 3916, 284, 179220, 564
385656, 8872, 35700, 3856, 7864, 3916, 284, 179248, 564
385648, 8872, 35676, 3844, 7868, 3920, 284, 179284, 564
385628, 8852, 35676, 3840, 7872, 3924, 284, 179320, 564
385600, 8848, 35684, 3836, 7880, 3924, 284, 179340, 564
385584, 8820, 35696, 3848, 7880, 3916, 288, 179364, 564
385536, 8860, 35668, 3840, 7888, 3912, 288, 179404, 564
385500, 8860, 35672, 3848, 7872, 3920, 288, 179436, 564
385492, 8828, 35680, 3852, 7876, 3924, 284, 179460, 564
385484, 8812, 35672, 3856, 7868, 3924, 284, 179496, 564
385444, 8824, 35652, 3860, 7872, 3924, 284, 179536, 564
385416, 8844, 35632, 3856, 7868, 3928, 280, 179568, 568
385400, 8836, 35636, 3860, 7852, 3928, 280, 179600, 568
385396, 8808, 35632, 3864, 7844, 3928, 280, 179640, 568
385372, 8804, 35640, 3868, 7848, 3928, 280, 179652, 568
385348, 8812, 35636, 3860, 7852, 3928, 280, 179676, 568
385340, 8780, 35628, 3864, 7860, 3928, 280, 179712, 568
385328, 8772, 35612, 3864, 7848, 3928, 280, 179760, 568
385292, 8788, 35600, 3868, 7836, 3932, 280, 179796, 568
385284, 8776, 35600, 3872, 7828, 3928, 280, 179824, 568
385268, 8772, 35604, 3852, 7844, 3932, 280, 179840, 568
385260, 8760, 35588, 3860, 7832, 3936, 280, 179876, 568
385260, 8720, 35604, 3872, 7824, 3936, 280, 179896, 568
385252, 8700, 35600, 3860, 7840, 3932, 284, 179924, 568
385244, 8688, 35600, 3856, 7852, 3928, 284, 179940, 568
385236, 8672, 35604, 3856, 7848, 3932, 284, 179960, 568
385224, 8648, 35624, 3860, 7840, 3932, 284, 179980, 568
385224, 8624, 35616, 3844, 7852, 3932, 284, 180016, 568
385200, 8640, 35612, 3836, 7856, 3936, 280, 180032, 568
385200, 8616, 35604, 3828, 7856, 3940, 280, 180068, 568
385184, 8608, 35608, 3828, 7852, 3940, 280, 180092, 568
385168, 8604, 35588, 3832, 7848, 3940, 280, 180132, 568
385152, 8600, 35588, 3828, 7836, 3944, 280, 180164, 568
385144, 8600, 35572, 3828, 7832, 3948, 280, 180188, 568
385140, 8592, 35552, 3820, 7836, 3948, 280, 180224, 568
385136, 8572, 35540, 3816, 7844, 3948, 280, 180256, 568
385128, 8552, 35548, 3820, 7836, 3944, 284, 180280, 568
385116, 8532, 35544, 3828, 7828, 3948, 284, 180312, 568
385112, 8488, 35568, 3832, 7832, 3948, 284, 180328, 568
385096, 8476, 35564, 3844, 7824, 3952, 284, 180352, 568
385084, 8468, 35560, 3848, 7816, 3952, 284, 180380, 568
385080, 8444, 35548, 3856, 7804, 3952, 284, 180424, 568
385072, 8416, 35540, 3864, 7800, 3948, 288, 180464, 568
385060, 8416, 35532, 3864, 7800, 3948, 292, 180480, 568
385056, 8396, 35516, 3852, 7804, 3948, 292, 180528, 568
385056, 8368, 35508, 3840, 7808, 3948, 292, 180572, 568
385032, 8364, 35488, 3840, 7812, 3952, 292, 180612, 568
385024, 8356, 35476, 3836, 7812, 3952, 292, 180644, 568
385016, 8344, 35464, 3836, 7816, 3948, 292, 180676, 568
385012, 8324, 35464, 3828, 7828, 3948, 292, 180696, 568
385008, 8304, 35460, 3824, 7828, 3948, 292, 180728, 568
385004, 8300, 35432, 3820, 7820, 3952, 292, 180772, 568
384996, 8276, 35428, 3820, 7816, 3952, 292, 180812, 568
384988, 8268, 35424, 3820, 7812, 3952, 292, 180836, 568
384984, 8252, 35416, 3832, 7804, 3956, 292, 180856, 568
384980, 8232, 35400, 3832, 7808, 3956, 292, 180892, 568
384968, 8216, 35404, 3828, 7804, 3956, 292, 180924, 568
384960, 8200, 35392, 3836, 7792, 3956, 292, 180964, 568
384948, 8200, 35364, 3832, 7796, 3960, 292, 181000, 568
384936, 8188, 35360, 3836, 7796, 3960, 292, 181024, 568
384928, 8168, 35348, 3844, 7796, 3964, 292, 181052, 568
384928, 8152, 35336, 3844, 7792, 3964, 292, 181084, 568
384928, 8116, 35340, 3832, 7800, 3968, 292, 181116, 568
384916, 8120, 35324, 3824, 7800, 3972, 292, 181144, 568
384912, 8108, 35308, 3816, 7808, 3972, 292, 181176, 568
384900, 8108, 35288, 3812, 7808, 3976, 292, 181208, 568
384892, 8100, 35276, 3804, 7820, 3976, 292, 181232, 568
384888, 8072, 35284, 3804, 7804, 3976, 292, 181272, 568
384860, 8072, 35292, 3804, 7808, 3976, 292, 181288, 568
384852, 8048, 35308, 3804, 7816, 3976, 292, 181296, 568
384820, 8052, 35308, 3812, 7804, 3980, 292, 181324, 568
384780, 8080, 35300, 3812, 7808, 3980, 292, 181340, 568
384744, 8096, 35284, 3816, 7804, 3976, 292, 181380, 568
384716, 8092, 35280, 3820, 7804, 3976, 292, 181412, 568
384692, 8096, 35272, 3808, 7808, 3984, 292, 181440, 568
384652, 8124, 35260, 3804, 7804, 3980, 292, 181476, 568
384624, 8108, 35260, 3804, 7812, 3980, 292, 181512, 568
384592, 8136, 35240, 3792, 7824, 3980, 292, 181536, 568
384568, 8132, 35240, 3796, 7820, 3980, 292, 181564, 568
384512, 8168, 35232, 3776, 7840, 3980, 292, 181592, 568
384464, 8204, 35212, 3780, 7832, 3980, 292, 181628, 568
384420, 8204, 35220, 3788, 7832, 3980, 292, 181656, 568
384360, 8252, 35200, 3788, 7832, 3980, 292, 181688, 568
384316, 8284, 35200, 3788, 7832, 3980, 292, 181700, 568
384280, 8304, 35188, 3780, 7840, 3980, 292, 181728, 568
384220, 8336, 35188, 3780, 7832, 3980, 292, 181764, 568
384176, 8368, 35180, 3772, 7832, 3980, 292, 181792, 568
384112, 8412, 35184, 3764, 7840, 3980, 292, 181808, 568
384052, 8464, 35148, 3764, 7836, 3984, 292, 181852, 568
384016, 8488, 35136, 3768, 7832, 3984, 292, 181876, 568
383952, 8528, 35132, 3780, 7828, 3988, 292, 181892, 568
383864, 8596, 35128, 3788, 7812, 3988, 292, 181920, 572
383816, 8620, 35116, 3788, 7816, 3988, 292, 181952, 572
383748, 8672, 35108, 3788, 7812, 3988, 292, 181980, 572
383692, 8668, 35116, 3804, 7804, 3992, 292, 182020, 572
383636, 8708, 35076, 3804, 7800, 3988, 292, 182080, 576
383596, 8724, 35076, 3808, 7796, 3988, 292, 182104, 576
383544, 8736, 35104, 3808, 7792, 3988, 292, 182120, 576
383492, 8764, 35096, 3808, 7788, 3988, 292, 182156, 576
383456, 8756, 35116, 3820, 7784, 3988, 292, 182172, 576
383420, 8776, 35088, 3828, 7784, 3988, 292, 182208, 576
383384, 8792, 35084, 3828, 7784, 3988, 296, 182228, 576
383360, 8780, 35084, 3828, 7788, 3988, 296, 182260, 576
383300, 8824, 35068, 3816, 7800, 3984, 296, 182296, 576
383236, 8868, 35064, 3816, 7796, 3980, 296, 182328, 576
383200, 8884, 35068, 3808, 7792, 3980, 296, 182356, 576
383164, 8900, 35072, 3804, 7796, 3980, 296, 182372, 576
383104, 8916, 35092, 3812, 7796, 3980, 296, 182388, 576
383092, 8916, 35080, 3808, 7796, 3984, 296, 182412, 576
383040, 8944, 35080, 3812, 7788, 3988, 296, 182436, 576
382984, 8988, 35056, 3808, 7788, 3992, 296, 182472, 576
382948, 9016, 35048, 3804, 7788, 3988, 296, 182496, 576
382916, 9024, 35032, 3804, 7784, 3984, 300, 182540, 576
382884, 9036, 35020, 3804, 7780, 3984, 300, 182576, 576
382864, 9020, 35024, 3812, 7776, 3980, 300, 182604, 580
382824, 9044, 35004, 3812, 7780, 3976, 300, 182640, 580
382776, 9072, 34992, 3820, 7776, 3972, 300, 182672, 580
382736, 9108, 34952, 3820, 7776, 3972, 300, 182716, 580
382708, 9120, 34912, 3820, 7764, 3972, 300, 182784, 580
382676, 9144, 34888, 3824, 7752, 3972, 300, 182824, 580
382624, 9176, 34884, 3832, 7744, 3972, 300, 182844, 584
382596, 9188, 34872, 3832, 7744, 3972, 300, 182872, 584
382568, 9200, 34876, 3832, 7736, 3972, 300, 182892, 584
382528, 9224, 34872, 3824, 7748, 3972, 300, 182908, 584
382500, 9232, 34860, 3824, 7752, 3972, 300, 182936, 584
382472, 9248, 34836, 3820, 7748, 3976, 300, 182976, 584
382444, 9252, 34824, 3816, 7752, 3976, 300, 183012, 584
382412, 9272, 34824, 3820, 7748, 3976, 300, 183024, 584
382404, 9252, 34812, 3824, 7744, 3976, 300, 183064, 584
382392, 9228, 34820, 3816, 7752, 3976, 300, 183092, 584
382372, 9232, 34804, 3804, 7760, 3976, 300, 183128, 584
382356, 9228, 34800, 3796, 7744, 3980, 300, 183172, 584
382340, 9228, 34788, 3788, 7752, 3980, 300, 183200, 584
382312, 9248, 34760, 3788, 7760, 3980, 300, 183228, 584
382308, 9228, 34760, 3760, 7768, 3984, 300, 183268, 584
382300, 9204, 34748, 3764, 7768, 3980, 300, 183312, 584
382288, 9180, 34736, 3764, 7784, 3980, 300, 183344, 584
382280, 9172, 34724, 3768, 7784, 3980, 300, 183368, 584
382276, 9140, 34712, 3760, 7792, 3980, 300, 183416, 584
382276, 9104, 34708, 3760, 7776, 3980, 300, 183472, 584
382260, 9100, 34692, 3764, 7772, 3980, 300, 183508, 584
382236, 9108, 34688, 3756, 7776, 3980, 300, 183532, 584
382232, 9088, 34680, 3764, 7776, 3980, 300, 183556, 584
382204, 9092, 34680, 3768, 7776, 3984, 300, 183572, 584
382196, 9064, 34668, 3772, 7772, 3992, 300, 183612, 584
382176, 9076, 34624, 3760, 7784, 3992, 300, 183664, 584
382172, 9064, 34596, 3760, 7792, 3992, 300, 183700, 584
382144, 9072, 34592, 3756, 7792, 3992, 300, 183728, 584
382140, 9044, 34612, 3744, 7800, 3992, 300, 183744, 584
382124, 9048, 34592, 3744, 7784, 3992, 300, 183788, 588
382112, 9036, 34592, 3744, 7776, 3996, 300, 183816, 588
382104, 9028, 34556, 3752, 7768, 4000, 300, 183864, 588
382100, 9012, 34536, 3756, 7756, 4004, 300, 183908, 588
382096, 9008, 34516, 3752, 7752, 4004, 300, 183944, 588
382092, 8988, 34520, 3748, 7752, 4008, 300, 183964, 588
382084, 8976, 34508, 3736, 7760, 4004, 300, 184004, 588
382064, 8980, 34472, 3740, 7752, 4004, 300, 184060, 588
382048, 8972, 34480, 3736, 7752, 4004, 300, 184080, 588
382036, 8960, 34480, 3740, 7740, 4004, 300, 184112, 588
382032, 8944, 34460, 3736, 7736, 4004, 300, 184160, 588
382024, 8928, 34464, 3724, 7740, 4008, 300, 184184, 588
381996, 8928, 34452, 3728, 7728, 4008, 300, 184232, 588
381984, 8928, 34456, 3728, 7728, 4008, 300, 184240, 588
381948, 8948, 34444, 3724, 7720, 4012, 300, 184276, 588
381940, 8940, 34432, 3728, 7712, 4012, 300, 184308, 588
381932, 8916, 34432, 3728, 7712, 4012, 300, 184340, 588
381920, 8908, 34436, 3732, 7696, 4008, 304, 184368, 588
381908, 8904, 34420, 3732, 7688, 4016, 304, 184400, 588
381900, 8896, 34420, 3724, 7688, 4020, 300, 184420, 592
381880, 8896, 34408, 3728, 7684, 4020, 300, 184452, 592
381868, 8884, 34392, 3732, 7684, 4020, 300, 184488, 592
381860, 8880, 34380, 3732, 7684, 4028, 296, 184508, 592
381856, 8860, 34360, 3732, 7688, 4028, 300, 184544, 592
381844, 8852, 34356, 3744, 7684, 4028, 300, 184560, 592
381832, 8832, 34360, 3748, 7676, 4028, 300, 184592, 592
381812, 8820, 34356, 3748, 7664, 4028, 300, 184640, 592
381812, 8800, 34340, 3760, 7660, 4028, 300, 184668, 592
381784, 8808, 34340, 3760, 7656, 4036, 296, 184688, 592
381780, 8796, 34316, 3760, 7652, 4040, 296, 184728, 592
381756, 8816, 34296, 3748, 7664, 4040, 296, 184752, 592
381740, 8816, 34268, 3748, 7660, 4044, 296, 184796, 592
381728, 8804, 34272, 3752, 7660, 4044, 296, 184812, 592
381708, 8812, 34260, 3760, 7652, 4044, 296, 184836, 592
381708, 8792, 34240, 3760, 7644, 4048, 296, 184880, 592
381696, 8780, 34228, 3760, 7648, 4052, 296, 184908, 592
381684, 8772, 34196, 3764, 7640, 4060, 296, 184956, 592
381684, 8764, 34184, 3768, 7636, 4060, 296, 184976, 592
381672, 8756, 34160, 3760, 7640, 4064, 296, 185020, 592
381660, 8748, 34160, 3760, 7628, 4064, 296, 185052, 592
381652, 8732, 34144, 3764, 7624, 4068, 296, 185088, 592
381644, 8724, 34132, 3760, 7612, 4068, 300, 185128, 592
381620, 8736, 34124, 3760, 7604, 4076, 300, 185148, 592
381604, 8728, 34120, 3776, 7596, 4076, 300, 185168, 592
381584, 8716, 34124, 3788, 7592, 4076, 300, 185188, 592
381576, 8708, 34096, 3788, 7592, 4076, 300, 185232, 592
381572, 8692, 34084, 3784, 7588, 4080, 300, 185268, 592
381560, 8676, 34084, 3784, 7592, 4080, 300, 185292, 592
381536, 8684, 34064, 3788, 7588, 4084, 300, 185324, 592
381532, 8664, 34064, 3784, 7580, 4080, 300, 185360, 596
381524, 8660, 34040, 3780, 7580, 4080, 300, 185400, 596
381512, 8660, 34028, 3776, 7580, 4088, 300, 185420, 596
381504, 8648, 34004, 3776, 7576, 4088, 300, 185468, 596
381492, 8648, 33980, 3772, 7572, 4088, 300, 185512, 596
381480, 8632, 33980, 3760, 7584, 4088, 300, 185540, 596
381476, 8616, 33968, 3752, 7592, 4084, 304, 185572, 596
381464, 8620, 33952, 3744, 7588, 4088, 304, 185604, 596
381448, 8624, 33912, 3752, 7580, 4092, 304, 185652, 596
381436, 8616, 33896, 3748, 7584, 4092, 304, 185688, 596
381432, 8596, 33892, 3744, 7592, 4100, 300, 185708, 596
381424, 8576, 33896, 3736, 7592, 4104, 300, 185736, 596
381404, 8576, 33872, 3744, 7588, 4104, 300, 185776, 596
381404, 8560, 33860, 3736, 7592, 4104, 300, 185808, 596
381404, 8532, 33848, 3744, 7596, 4104, 300, 185836, 596
381380, 8536, 33844, 3748, 7592, 4104, 300, 185860, 596
381368, 8520, 33844, 3740, 7592, 4104, 300, 185896, 596
381352, 8524, 33832, 3736, 7572, 4100, 304, 185944, 596
381324, 8532, 33828, 3736, 7560, 4104, 304, 185976, 596
381308, 8528, 33820, 3740, 7548, 4104, 304, 186008, 600
381256, 8568, 33808, 3728, 7544, 4108, 304, 186044, 600
381232, 8572, 33808, 3720, 7540, 4108, 304, 186076, 600
381196, 8580, 33804, 3724, 7540, 4112, 304, 186100, 600
381156, 8604, 33800, 3720, 7540, 4112, 304, 186124, 600
381124, 8604, 33812, 3720, 7540, 4108, 304, 186148, 600
381068, 8644, 33800, 3716, 7536, 4108, 304, 186184, 600
381048, 8660, 33768, 3712, 7532, 4108, 304, 186228, 600
380984, 8708, 33764, 3708, 7532, 4112, 304, 186248, 600
380948, 8732, 33744, 3704, 7532, 4112, 304, 186284, 600
380888, 8772, 33752, 3696, 7528, 4108, 304, 186312, 600
380848, 8792, 33744, 3692, 7524, 4112, 304, 186344, 600
380796, 8820, 33724, 3692, 7516, 4116, 304, 186392, 600
380720, 8860, 33736, 3692, 7512, 4116, 304, 186420, 600
380648, 8920, 33720, 3692, 7504, 4116, 304, 186456, 600
380600, 8932, 33724, 3696, 7492, 4120, 304, 186492, 600
380560, 8952, 33704, 3708, 7484, 4120, 304, 186528, 600
380500, 8996, 33688, 3700, 7484, 4116, 308, 186568, 600
380472, 9008, 33664, 3708, 7476, 4120, 308, 186604, 600
380444, 8980, 33668, 3724, 7484, 4120, 308, 186632, 600
380412, 8992, 33644, 3716, 7492, 4120, 308, 186676, 600
380352, 9032, 33652, 3712, 7484, 4124, 308, 186692, 604
380320, 9056, 33644, 3708, 7488, 4124, 308, 186708, 604
380272, 9076, 33660, 3712, 7484, 4124, 308, 186716, 608
380232, 9100, 33668, 3712, 7472, 4128, 308, 186732, 608
380196, 9124, 33640, 3696, 7480, 4128, 308, 186780, 608
380156, 9152, 33620, 3688, 7492, 4128, 308, 186808, 608
380112, 9180, 33600, 3668, 7516, 4128, 308, 186840, 608
380056, 9204, 33612, 3652, 7532, 4124, 308, 186864, 608
379996, 9256, 33588, 3644, 7532, 4128, 308, 186900, 608
379956, 9264, 33576, 3652, 7524, 4132, 308, 186940, 608
379920, 9280, 33564, 3652, 7528, 4128, 308, 186972, 608
379892, 9284, 33556, 3652, 7516, 4132, 308, 187012, 608
379872, 9276, 33556, 3652, 7512, 4136, 308, 187040, 608
379848, 9288, 33536, 3640, 7512, 4136, 308, 187084, 608
379820, 9308, 33508, 3644, 7500, 4140, 308, 187124, 608
379800, 9280, 33512, 3640, 7492, 4148, 308, 187172, 608
379772, 9304, 33484, 3632, 7492, 4148, 308, 187212, 608
379720, 9344, 33464, 3636, 7480, 4152, 308, 187248, 608
379668, 9364, 33452, 3640, 7476, 4156, 308, 187288, 608
379652, 9360, 33448, 3640, 7476, 4152, 312, 187312, 608
379600, 9392, 33444, 3632, 7476, 4152, 312, 187344, 608
379596, 9372, 33444, 3628, 7464, 4152, 316, 187380, 608
379560, 9388, 33456, 3624, 7468, 4152, 316, 187388, 608
379512, 9420, 33428, 3628, 7452, 4152, 316, 187444, 608
379488, 9420, 33420, 3620, 7448, 4156, 316, 187484, 608
379424, 9468, 33420, 3620, 7444, 4152, 320, 187504, 608
379400, 9476, 33400, 3616, 7444, 4152, 320, 187544, 608
379360, 9476, 33396, 3608, 7448, 4152, 320, 187592, 608
379304, 9500, 33392, 3616, 7452, 4152, 320, 187616, 608
379268, 9516, 33392, 3608, 7452, 4156, 320, 187640, 608
379236, 9528, 33396, 3612, 7448, 4160, 320, 187652, 608
379204, 9548, 33392, 3608, 7452, 4160, 320, 187668, 608
379180, 9548, 33396, 3612, 7448, 4160, 320, 187688, 608
379156, 9552, 33380, 3620, 7444, 4160, 320, 187720, 608
379144, 9552, 33376, 3616, 7448, 4160, 320, 187736, 608
379108, 9556, 33360, 3620, 7452, 4160, 320, 187776, 608
379100, 9556, 33320, 3628, 7444, 4156, 320, 187828, 608
379080, 9536, 33304, 3648, 7444, 4160, 320, 187860, 608
379080, 9512, 33312, 3648, 7440, 4164, 320, 187876, 608
379068, 9512, 33272, 3652, 7432, 4164, 320, 187932, 608
379056, 9508, 33256, 3636, 7444, 4164, 320, 187968, 608
379044, 9520, 33232, 3632, 7440, 4164, 320, 188000, 608
379020, 9532, 33212, 3636, 7436, 4164, 320, 188032, 608
379012, 9508, 33192, 3652, 7432, 4160, 320, 188076, 608
378992, 9504, 33180, 3652, 7424, 4160, 320, 188120, 608
378976, 9508, 33136, 3656, 7424, 4160, 320, 188172, 608
378972, 9472, 33120, 3668, 7420, 4156, 324, 188220, 608
378964, 9448, 33128, 3684, 7416, 4152, 324, 188236, 608
378952, 9436, 33108, 3684, 7412, 4148, 324, 188284, 612
378932, 9440, 33084, 3684, 7408, 4148, 324, 188328, 612
378920, 9424, 33080, 3692, 7404, 4148, 324, 188356, 612
378916, 9416, 33076, 3676, 7420, 4148, 324, 188372, 612
378900, 9400, 33096, 3668, 7424, 4148, 324, 188388, 612
378892, 9396, 33080, 3664, 7420, 4148, 324, 188424, 612
378880, 9400, 33048, 3668, 7408, 4148, 324, 188472, 612
378868, 9392, 33024, 3668, 7392, 4148, 324, 188532, 612
378848, 9404, 32984, 3668, 7388, 4144, 324, 188588, 612
378836, 9384, 32992, 3656, 7404, 4148, 324, 188604, 612
378828, 9384, 32976, 3656, 7396, 4148, 324, 188636, 612
378828, 9360, 32980, 3652, 7404, 4148, 324, 188652, 612
378816, 9360, 32956, 3640, 7404, 4144, 324, 188704, 612
378808, 9336, 32952, 3640, 7408, 4144, 324, 188736, 612
378800, 9320, 32952, 3632, 7420, 4144, 324, 188756, 612
378784, 9312, 32952, 3632, 7408, 4152, 324, 188784, 612
378768, 9316, 32936, 3628, 7404, 4152, 324, 188820, 612
378756, 9316, 32920, 3624, 7412, 4152, 324, 188844, 612
378744, 9312, 32892, 3620, 7404, 4152, 324, 188900, 612
378720, 9316, 32892, 3624, 7400, 4152, 324, 188920, 612
378712, 9316, 32864, 3620, 7396, 4152, 324, 188964, 612
378700, 9304, 32856, 3624, 7396, 4152, 324, 188992, 612
378688, 9312, 32828, 3620, 7392, 4148, 328, 189032, 612
378676, 9304, 32808, 3620, 7388, 4152, 328, 189072, 612
378668, 9292, 32816, 3612, 7396, 4152, 328, 189084, 612
378664, 9284, 32804, 3604, 7400, 4152, 328, 189112, 612
378656, 9280, 32792, 3592, 7400, 4152, 328, 189148, 612
378652, 9264, 32784, 3600, 7400, 4152, 328, 189168, 612
378640, 9256, 32780, 3608, 7404, 4152, 328, 189180, 612
378624, 9248, 32788, 3604, 7408, 4152, 328, 189196, 612
378624, 9200, 32804, 3612, 7404, 4152, 328, 189224, 612
378616, 9192, 32788, 3612, 7404, 4156, 328, 189252, 612
378592, 9188, 32792, 3612, 7392, 4160, 324, 189288, 612
378580, 9192, 32780, 3608, 7388, 4160, 324, 189316, 612
378560, 9200, 32772, 3608, 7384, 4156, 328, 189340, 612
378560, 9184, 32772, 3612, 7384, 4156, 328, 189352, 612
378552, 9180, 32740, 3620, 7380, 4156, 328, 189392, 612
378548, 9164, 32736, 3620, 7356, 4160, 328, 189436, 612
378544, 9140, 32740, 3620, 7364, 4160, 328, 189452, 612
378528, 9132, 32720, 3632, 7356, 4160, 328, 189492, 612
378520, 9104, 32736, 3628, 7356, 4160, 328, 189516, 612
378512, 9096, 32732, 3624, 7344, 4160, 328, 189552, 612
378488, 9100, 32728, 3620, 7344, 4156, 328, 189584, 612
378472, 9104, 32692, 3608, 7364, 4156, 328, 189624, 612
378464, 9092, 32672, 3612, 7356, 4156, 332, 189664, 612
378460, 9084, 32664, 3608, 7356, 4156, 332, 189688, 612
378456, 9068, 32672, 3612, 7348, 4152, 332, 189708, 612
378456, 9040, 32672, 3612, 7348, 4152, 332, 189736, 612
378448, 9028, 32680, 3616, 7332, 4152, 332, 189760, 612
378424, 9032, 32656, 3616, 7332, 4156, 332, 189800, 612
378420, 9012, 32644, 3612, 7344, 4156, 332, 189828, 612
378412, 9000, 32628, 3616, 7340, 4152, 332, 189868, 612
378408, 8992, 32608, 3616, 7336, 4152, 332, 189904, 612
378400, 8956, 32636, 3624, 7336, 4152, 332, 189912, 612
378396, 8932, 32632, 3608, 7344, 4152, 336, 189948, 612
378392, 8916, 32608, 3604, 7336, 4160, 336, 189996, 612
378380, 8892, 32628, 3604, 7340, 4164, 332, 190008, 612
378364, 8892, 32600, 3608, 7340, 4168, 332, 190044, 612
378348, 8888, 32592, 3604, 7344, 4164, 336, 190072, 612
378344, 8880, 32588, 3592, 7340, 4168, 336, 190100, 612
378336, 8864, 32572, 3596, 7328, 4172, 336, 190144, 612
378336, 8840, 32572, 3596, 7320, 4176, 336, 190172, 612
378328, 8836, 32560, 3580, 7328, 4176, 336, 190200, 616
378320, 8812, 32564, 3584, 7328, 4176, 336, 190224, 616
378308, 8816, 32548, 3584, 7320, 4176, 336, 190252, 620
378296, 8812, 32548, 3564, 7336, 4176, 336, 190272, 620
378288, 8788, 32536, 3572, 7324, 4180, 336, 190316, 620
378272, 8784, 32516, 3568, 7320, 4176, 336, 190368, 620
378264, 8768, 32512, 3564, 7316, 4180, 336, 190400, 620
378248, 8756, 32524, 3560, 7316, 4180, 336, 190420, 620
378244, 8744, 32512, 3556, 7312, 4180, 336, 190456, 620
378228, 8732, 32500, 3552, 7316, 4188, 336, 190488, 620
378208, 8740, 32500, 3544, 7316, 4188, 336, 190508, 620
378188, 8756, 32480, 3548, 7304, 4188, 336, 190540, 620
378148, 8772, 32480, 3540, 7308, 4192, 336, 190564, 620
378124, 8772, 32472, 3532, 7316, 4192, 336, 190596, 620
378096, 8784, 32472, 3528, 7304, 4196, 336, 190624, 620
378052, 8792, 32472, 3536, 7300, 4196, 336, 190656, 620
378016, 8804, 32460, 3532, 7300, 4192, 336, 190700, 620
377988, 8820, 32448, 3524, 7300, 4192, 336, 190732, 620
377956, 8816, 32436, 3540, 7288, 4192, 336, 190776, 620
377900, 8848, 32444, 3532, 7296, 4192, 336, 190792, 620
377864, 8868, 32420, 3528, 7284, 4204, 336, 190836, 620
377820, 8900, 32416, 3516, 7292, 4208, 336, 190852, 620
377760, 8948, 32400, 3516, 7284, 4204, 336, 190892, 620
377696, 8992, 32396, 3508, 7288, 4208, 336, 190916, 620
377656, 9020, 32388, 3496, 7292, 4212, 336, 190940, 620
377604, 9048, 32372, 3508, 7276, 4212, 336, 190984, 620
377560, 9076, 32364, 3504, 7276, 4212, 336, 191012, 620
377496, 9124, 32368, 3496, 7280, 4212, 336, 191028, 620
377452, 9132, 32360, 3496, 7288, 4216, 336, 191060, 620
377408, 9148, 32344, 3496, 7304, 4216, 336, 191088, 620
377348, 9188, 32352, 3488, 7308, 4220, 336, 191100, 620
377308, 9220, 32332, 3488, 7312, 4220, 336, 191124, 620
377244, 9268, 32308, 3492, 7304, 4220, 336, 191164, 624
377196, 9288, 32300, 3500, 7304, 4220, 336, 191192, 624
377164, 9300, 32292, 3496, 7304, 4220, 336, 191224, 624
377124, 9316, 32304, 3496, 7300, 4220, 336, 191240, 624
377092, 9328, 32316, 3484, 7296, 4220, 336, 191264, 624
377052, 9360, 32308, 3484, 7288, 4220, 336, 191288, 624
377012, 9380, 32300, 3484, 7280, 4224, 336, 191320, 624
376992, 9392, 32264, 3480, 7280, 4224, 336, 191368, 624
376968, 9392, 32280, 3476, 7280, 4224, 336, 191380, 624
376932, 9392, 32272, 3476, 7292, 4224, 336, 191412, 624
376892, 9420, 32248, 3480, 7288, 4220, 336, 191452, 624
376840, 9448, 32240, 3484, 7280, 4220, 336, 191488, 624
376812, 9456, 32236, 3472, 7284, 4220, 336, 191516, 628
376780, 9468, 32224, 3476, 7276, 4224, 336, 191548, 628
376708, 9520, 32232, 3480, 7272, 4224, 336, 191560, 628
376668, 9552, 32208, 3480, 7272, 4224, 336, 191592, 628
376640, 9560, 32208, 3480, 7268, 4224, 336, 191616, 628
376600, 9584, 32184, 3480, 7264, 4220, 336, 191664, 628
376572, 9584, 32192, 3484, 7256, 4228, 336, 191680, 628
376544, 9600, 32184, 3480, 7268, 4228, 336, 191692, 628
376504, 9620, 32180, 3468, 7276, 4228, 336, 191720, 628
376472, 9632, 32176, 3464, 7264, 4228, 340, 191756, 628
376468, 9616, 32172, 3460, 7264, 4232, 340, 191780, 628
376436, 9624, 32176, 3452, 7276, 4232, 340, 191796, 628
376392, 9636, 32172, 3448, 7288, 4232, 340, 191824, 628
376364, 9656, 32144, 3452, 7284, 4232, 340, 191860, 628
376328, 9668, 32124, 3456, 7276, 4228, 344, 191908, 628
376292, 9684, 32120, 3460, 7276, 4228, 344, 191928, 628
376280, 9684, 32124, 3452, 7276, 4228, 344, 191944, 628
376268, 9668, 32100, 3448, 7284, 4228, 348, 191988, 628
376236, 9672, 32104, 3448, 7280, 4232, 348, 192012, 628
376200, 9696, 32092, 3448, 7276, 4236, 348, 192036, 628
376160, 9704, 32088, 3444, 7276, 4236, 348, 192076, 628
376136, 9708, 32080, 3444, 7272, 4236, 348, 192108, 628
376112, 9712, 32072, 3448, 7268, 4236, 348, 192136, 628
376088, 9724, 32072, 3452, 7264, 4236, 348, 192148, 628
376080, 9716, 32048, 3456, 7256, 4240, 348, 192188, 628
376064, 9728, 32036, 3456, 7252, 4240, 348, 192208, 628
376048, 9712, 32048, 3448, 7260, 4240, 348, 192228, 628
376020, 9732, 32032, 3448, 7256, 4240, 348, 192256, 628
376000, 9732, 32000, 3460, 7244, 4244, 348, 192304, 628
375980, 9736, 31992, 3448, 7256, 4244, 348, 192328, 628
375964, 9728, 31984, 3456, 7244, 4236, 352, 192368, 628
375948, 9716, 31988, 3464, 7232, 4236, 352, 192396, 628
375932, 9712, 31992, 3456, 7228, 4240, 352, 192420, 628
375920, 9680, 31996, 3456, 7228, 4240, 352, 192460, 628
375904, 9676, 32000, 3456, 7224, 4244, 352, 192476, 628
375896, 9648, 32004, 3444, 7244, 4248, 352, 192496, 628
375888, 9648, 31984, 3440, 7244, 4248, 352, 192528, 628
375872, 9640, 31980, 3440, 7244, 4240, 356, 192560, 628
375864, 9616, 31984, 3444, 7236, 4240, 356, 192592, 628
375856, 9616, 31944, 3444, 7232, 4244, 356, 192640, 628
375852, 9592, 31940, 3436, 7236, 4240, 356, 192680, 628
375828, 9588, 31932, 3436, 7244, 4240, 356, 192708, 628
375816, 9580, 31928, 3440, 7244, 4236, 360, 192728, 628
375808, 9560, 31912, 3448, 7240, 4236, 360, 192768, 628
375796, 9544, 31904, 3456, 7240, 4236, 360, 192796, 628
375792, 9536, 31896, 3448, 7240, 4236, 360, 192824, 628
375780, 9544, 31876, 3448, 7224, 4240, 360, 192860, 628
375776, 9516, 31872, 3448, 7216, 4240, 360, 192904, 628
375764, 9512, 31868, 3448, 7220, 4240, 360, 192920, 628
375760, 9480, 31872, 3456, 7220, 4240, 360, 192944, 628
375752, 9456, 31880, 3452, 7220, 4240, 360, 192972, 628
375740, 9432, 31880, 3452, 7212, 4240, 360, 193016, 628
375736, 9404, 31888, 3464, 7200, 4244, 360, 193036, 628
375728, 9400, 31888, 3464, 7200, 4244, 360, 193048, 628
375720, 9364, 31900, 3468, 7196, 4244, 360, 193080, 628
375708, 9368, 31880, 3468, 7188, 4248, 360, 193112, 628
375692, 9344, 31872, 3480, 7192, 4248, 360, 193144, 628
375684, 9336, 31860, 3480, 7188, 4248, 360, 193176, 628
375664, 9344, 31852, 3480, 7164, 4252, 360, 193216, 628
375656, 9328, 31844, 3484, 7160, 4256, 360, 193244, 628
375648, 9316, 31840, 3484, 7152, 4256, 360, 193276, 628
375648, 9304, 31828, 3488, 7152, 4256, 360, 193296, 628
375640, 9300, 31824, 3496, 7144, 4260, 360, 193308, 628
375632, 9296, 31812, 3496, 7140, 4264, 360, 193332, 628
375624, 9284, 31788, 3504, 7132, 4260, 360, 193380, 628
375608, 9276, 31784, 3512, 7128, 4260, 360, 193404, 628
375584, 9276, 31784, 3516, 7124, 4260, 360, 193428, 628
375580, 9272, 31768, 3512, 7120, 4260, 360, 193460, 628
375568, 9256, 31772, 3512, 7108, 4264, 360, 193492, 628
375560, 9232, 31788, 3508, 7108, 4264, 360, 193512, 628
375548, 9228, 31772, 3496, 7116, 4264, 360, 193548, 628
375540, 9224, 31764, 3496, 7112, 4264, 360, 193572, 628
375528, 9224, 31744, 3496, 7108, 4260, 360, 193612, 628
375520, 9200, 31748, 3488, 7108, 4264, 360, 193644, 628
375512, 9176, 31768, 3484, 7108, 4260, 360, 193664, 628
375512, 9152, 31784, 3484, 7108, 4260, 360, 193672, 628
375484, 9160, 31772, 3488, 7104, 4260, 360, 193704, 628
375480, 9152, 31760, 3480, 7092, 4264, 360, 193740, 632
375468, 9152, 31748, 3472, 7092, 4264, 360, 193768, 636
375468, 9132, 31740, 3480, 7092, 4264, 360, 193788, 636
375460, 9108, 31748, 3480, 7096, 4260, 360, 193812, 636
375452, 9084, 31756, 3480, 7092, 4260, 360, 193840, 636
375440, 9072, 31728, 3488, 7092, 4260, 360, 193884, 636
375436, 9064, 31704, 3492, 7080, 4256, 360, 193932, 636
375416, 9060, 31696, 3496, 7076, 4256, 360, 193964, 636
375400, 9052, 31696, 3500, 7076, 4256, 360, 193984, 636
375384, 9044, 31684, 3496, 7076, 4260, 360, 194020, 636
375372, 9036, 31676, 3496, 7068, 4260, 360, 194056, 636
375340, 9036, 31692, 3500, 7068, 4260, 360, 194068, 636
375336, 9024, 31700, 3500, 7064, 4260, 360, 194080, 636
375328, 9020, 31696, 3488, 7064, 4256, 364, 194108, 636
375312, 9024, 31664, 3496, 7052, 4256, 364, 194156, 636
375308, 9012, 31640, 3500, 7044, 4252, 368, 194200, 636
375296, 9000, 31632, 3496, 7044, 4252, 368, 194236, 636
375284, 8976, 31656, 3492, 7036, 4248, 372, 194260, 636
375264, 8976, 31656, 3500, 7032, 4248, 372, 194276, 636
375256, 8964, 31660, 3500, 7028, 4252, 372, 194292, 636
375240, 8956, 31652, 3504, 7020, 4256, 372, 194324, 636
375232, 8940, 31632, 3504, 7020, 4260, 372, 194364, 636
375232, 8928, 31624, 3504, 7020, 4260, 372, 194384, 636
375228, 8908, 31616, 3500, 7028, 4260, 372, 194412, 636
375220, 8908, 31588, 3500, 7028, 4264, 372, 194444, 636
375204, 8904, 31584, 3492, 7036, 4264, 372, 194468, 636
375192, 8888, 31584, 3496, 7024, 4268, 372, 194500, 636
375184, 8864, 31568, 3508, 7020, 4268, 372, 194540, 636
375180, 8852, 31532, 3504, 7028, 4268, 372, 194588, 636
375176, 8804, 31560, 3512, 7028, 4268, 372, 194604, 636
375176, 8776, 31552, 3512, 7040, 4268, 372, 194628, 636
375168, 8752, 31560, 3516, 7040, 4268, 372, 194648, 636
375156, 8748, 31552, 3508, 7036, 4276, 372, 194672, 640
375132, 8748, 31564, 3500, 7036, 4276, 372, 194692, 640
375088, 8776, 31552, 3508, 7028, 4276, 372, 194716, 644
375076, 8768, 31556, 3500, 7028, 4272, 376, 194740, 644
375044, 8780, 31548, 3484, 7044, 4272, 376, 194768, 644
375012, 8796, 31528, 3476, 7048, 4272, 376, 194808, 644
374984, 8800, 31536, 3468, 7052, 4272, 376, 194828, 644
374948, 8824, 31528, 3464, 7048, 4272, 376, 194856, 644
374912, 8836, 31524, 3464, 7044, 4276, 376, 194884, 644
374836, 8896, 31508, 3464, 7048, 4280, 376, 194908, 644
374792, 8900, 31532, 3448, 7064, 4280, 376, 194924, 644
374748, 8920, 31536, 3448, 7056, 4284, 376, 194948, 644
374712, 8932, 31520, 3440, 7060, 4288, 376, 194988, 644
374664, 8956, 31528, 3436, 7060, 4292, 376, 195004, 644
374624, 8952, 31536, 3440, 7060, 4292, 376, 195036, 644
374572, 8984, 31504, 3436, 7064, 4292, 376, 195088, 644
374520, 9024, 31488, 3440, 7060, 4292, 376, 195116, 644
374460, 9064, 31496, 3440, 7056, 4288, 376, 195136, 644
374404, 9116, 31472, 3428, 7068, 4288, 376, 195164, 644
374348, 9136, 31472, 3428, 7064, 4296, 376, 195196, 644
374284, 9176, 31472, 3428, 7060, 4296, 376, 195224, 644
374208, 9224, 31472, 3420, 7052, 4296, 376, 195268, 644
374148, 9260, 31460, 3432, 7048, 4292, 376, 195300, 644
374128, 9260, 31456, 3432, 7040, 4292, 376, 195332, 644
374096, 9272, 31452, 3436, 7036, 4292, 376, 195356, 644
374032, 9316, 31444, 3440, 7036, 4296, 376, 195376, 644
373972, 9352, 31448, 3440, 7040, 4296, 376, 195392, 644
373928, 9380, 31444, 3440, 7040, 4296, 376, 195412, 644
373876, 9412, 31432, 3440, 7040, 4296, 376, 195444, 644
373864, 9388, 31432, 3452, 7040, 4292, 376, 195472, 644
373840, 9404, 31412, 3444, 7048, 4292, 376, 195500, 644
373820, 9408, 31404, 3448, 7040, 4296, 376, 195524, 644
373768, 9412, 31408, 3460, 7048, 4296, 376, 195548, 644
373752, 9424, 31392, 3452, 7048, 4296, 376, 195576, 644
373712, 9440, 31392, 3456, 7048, 4292, 376, 195600, 644
373676, 9452, 31400, 3448, 7044, 4304, 372, 195620, 644
373652, 9440, 31388, 3460, 7040, 4304, 372, 195660, 644
373612, 9460, 31400, 3468, 7036, 4308, 372, 195660, 644
373576, 9480, 31356, 3464, 7040, 4312, 372, 195716, 644
373528, 9496, 31348, 3472, 7040, 4312, 372, 195748, 644
373484, 9504, 31356, 3452, 7052, 4312, 372, 195784, 644
373456, 9516, 31352, 3452, 7052, 4312, 372, 195800, 648
373408, 9556, 31340, 3448, 7056, 4312, 372, 195820, 648
373372, 9572, 31340, 3444, 7064, 4312, 372, 195836, 648
373344, 9592, 31324, 3432, 7076, 4316, 372, 195856, 648
373324, 9588, 31316, 3428, 7080, 4316, 372, 195888, 648
373276, 9604, 31324, 3432, 7068, 4320, 376, 195912, 648
373224, 9652, 31300, 3432, 7060, 4320, 376, 195948, 648
373196, 9660, 31304, 3432, 7044, 4320, 376, 195980, 648
373160, 9684, 31296, 3428, 7044, 4324, 376, 196000, 648
373128, 9688, 31312, 3424, 7044, 4324, 376, 196016, 648
373096, 9700, 31308, 3428, 7040, 4328, 376, 196036, 648
373072, 9708, 31308, 3416, 7052, 4328, 376, 196052, 648
373052, 9712, 31292, 3416, 7044, 4332, 376, 196088, 648
373032, 9708, 31300, 3420, 7040, 4336, 376, 196100, 648
372996, 9716, 31320, 3420, 7044, 4336, 376, 196104, 648
372964, 9728, 31320, 3420, 7044, 4336, 376, 196124, 648
372940, 9732, 31308, 3416, 7048, 4336, 376, 196156, 648
372916, 9744, 31308, 3416, 7040, 4336, 376, 196176, 648
372888, 9748, 31272, 3420, 7032, 4340, 376, 196236, 648
372884, 9724, 31272, 3428, 7016, 4348, 376, 196264, 648
372852, 9732, 31260, 3432, 7004, 4344, 376, 196312, 648
372844, 9708, 31260, 3432, 7008, 4344, 376, 196340, 648
372832, 9708, 31244, 3436, 7008, 4344, 376, 196364, 648
372820, 9708, 31236, 3432, 7008, 4344, 376, 196388, 648
372796, 9716, 31204, 3432, 7004, 4344, 376, 196440, 648
372792, 9704, 31196, 3428, 7004, 4344, 376, 196468, 648
372780, 9704, 31196, 3420, 7000, 4344, 376, 196492, 648
372768, 9700, 31192, 3408, 7004, 4344, 376, 196520, 648
372760, 9676, 31212, 3404, 7004, 4344, 376, 196536, 648
372752, 9668, 31184, 3404, 7016, 4344, 376, 196568, 648
372740, 9664, 31188, 3404, 7012, 4344, 376, 196584, 648
372728, 9668, 31176, 3408, 7008, 4348, 376, 196600, 648
372720, 9656, 31172, 3404, 7008, 4348, 376, 196628, 648
372720, 9636, 31180, 3404, 7004, 4352, 376, 196640, 648
372700, 9640, 31156, 3412, 7008, 4352, 376, 196668, 648
372684, 9640, 31140, 3408, 7004, 4352, 376, 196708, 648
372676, 9612, 31144, 3416, 7008, 4352, 376, 196728, 648
372668, 9600, 31136, 3412, 7008, 4356, 376, 196756, 648
372664, 9584, 31140, 3412, 7012, 4356, 376, 196768, 648
372652, 9576, 31144, 3420, 7008, 4360, 376, 196776, 648
372644, 9572, 31124, 3428, 7008, 4356, 380, 196800, 648
372620, 9572, 31116, 3440, 7004, 4352, 380, 196828, 648
372612, 9560, 31120, 3436, 7012, 4352, 380, 196840, 648
372612, 9536, 31124, 3440, 6988, 4352, 380, 196880, 648
372608, 9524, 31128, 3440, 6972, 4360, 380, 196900, 648
372596, 9524, 31100, 3444, 6964, 4364, 380, 196940, 648
372588, 9508, 31092, 3432, 6972, 4364, 380, 196976, 648
372584, 9488, 31096, 3436, 6964, 4360, 380, 197004, 648
372572, 9488, 31088, 3444, 6960, 4360, 380, 197020, 648
372560, 9480, 31076, 3432, 6952, 4376, 380, 197056, 648
372528, 9480, 31080, 3436, 6952, 4380, 380, 197076, 648
372528, 9456, 31092, 3432, 6948, 4392, 380, 197084, 648
372512, 9448, 31072, 3436, 6940, 4396, 380, 197128, 648
372508, 9432, 31056, 3432, 6944, 4400, 380, 197160, 648
372508, 9408, 31044, 3420, 6952, 4400, 380, 197200, 648
372492, 9400, 31052, 3416, 6948, 4404, 380, 197220, 648
372488, 9376, 31060, 3420, 6928, 4408, 380, 197252, 648
372476, 9364, 31068, 3416, 6928, 4404, 384, 197272, 648
372460, 9352, 31068, 3420, 6924, 4404, 384, 197300, 648
372452, 9352, 31028, 3412, 6920, 4400, 384, 197360, 652
372448, 9336, 31012, 3416, 6912, 4400, 384, 197400, 652
372440, 9332, 31004, 3416, 6916, 4400, 384, 197416, 652
372424, 9344, 30988, 3408, 6920, 4404, 384, 197436, 652
372416, 9304, 31004, 3408, 6928, 4404, 384, 197460, 652
372404, 9300, 31016, 3408, 6920, 4404, 384, 197472, 652
372396, 9304, 30996, 3408, 6912, 4408, 384, 197500, 652
372384, 9284, 30992, 3400, 6916, 4412, 384, 197536, 652
372368, 9268, 30992, 3404, 6908, 4416, 384, 197568, 652
372360, 9268, 30984, 3400, 6900, 4420, 384, 197592, 652
372348, 9256, 30972, 3400, 6900, 4420, 384, 197628, 652
372344, 9240, 30964, 3392, 6904, 4420, 384, 197660, 652
372336, 9232, 30960, 3392, 6892, 4432, 380, 197684, 652
372332, 9212, 30968, 3392, 6888, 4432, 380, 197704, 652
372312, 9228, 30952, 3388, 6884, 4432, 380, 197732, 652
372292, 9236, 30932, 3380, 6884, 4436, 380, 197768, 652
372276, 9232, 30932, 3380, 6888, 4436, 380, 197784, 652
372268, 9224, 30924, 3380, 6888, 4440, 380, 197804, 652
372268, 9220, 30912, 3376, 6872, 4448, 380, 197832, 652
372264, 9208, 30912, 3372, 6872, 4448, 380, 197852, 652
372248, 9212, 30904, 3368, 6872, 4448, 380, 197876, 652
372240, 9180, 30912, 3368, 6876, 4452, 380, 197900, 652
372240, 9148, 30912, 3372, 6876, 4456, 380, 197924, 652
372228, 9144, 30916, 3376, 6876, 4456, 380, 197932, 652
372216, 9132, 30920, 3380, 6872, 4456, 380, 197948, 656
372212, 9112, 30920, 3388, 6864, 4456, 380, 197972, 656
372208, 9088, 30916, 3392, 6864, 4456, 380, 198000, 656
372192, 9092, 30900, 3392, 6852, 4460, 380, 198032, 660
372180, 9096, 30868, 3392, 6856, 4456, 384, 198068, 660
372168, 9088, 30868, 3392, 6860, 4456, 384, 198084, 660
372164, 9060, 30860, 3392, 6864, 4456, 384, 198120, 660
372160, 9012, 30856, 3412, 6864, 4456, 384, 198156, 660
372156, 8980, 30860, 3420, 6848, 4456, 384, 198196, 660
372156, 8960, 30872, 3408, 6860, 4456, 384, 198204, 660
372152, 8948, 30880, 3400, 6864, 4452, 384, 198220, 660
372144, 8940, 30880, 3400, 6864, 4448, 384, 198240, 660
372128, 8940, 30864, 3408, 6856, 4448, 384, 198272, 660
372116, 8908, 30872, 3424, 6852, 4452, 380, 198296, 660
372100, 8900, 30868, 3412, 6864, 4452, 380, 198324, 660
372096, 8888, 30872, 3412, 6864, 4448, 380, 198340, 660
372080, 8892, 30856, 3412, 6852, 4452, 380, 198376, 660
372064, 8864, 30876, 3424, 6848, 4452, 380, 198392, 660
372060, 8844, 30876, 3428, 6848, 4452, 380, 198412, 660
372040, 8844, 30876, 3420, 6860, 4452, 380, 198428, 660
372008, 8852, 30872, 3428, 6856, 4456, 380, 198448, 660
371996, 8840, 30876, 3444, 6852, 4460, 380, 198452, 660
371960, 8852, 30876, 3444, 6852, 4460, 380, 198476, 660
371916, 8880, 30868, 3444, 6852, 4464, 380, 198496, 660
371908, 8872, 30852, 3440, 6856, 4464, 380, 198528, 660
371880, 8888, 30832, 3440, 6856, 4464, 380, 198560, 660
371856, 8884, 30824, 3432, 6868, 4464, 380, 198592, 660
371836, 8872, 30792, 3440, 6872, 4464, 380, 198644, 660
371812, 8864, 30792, 3444, 6876, 4460, 380, 198672, 660
371776, 8872, 30812, 3444, 6872, 4460, 380, 198684, 660
371728, 8908, 30792, 3448, 6868, 4460, 380, 198716, 660
371688, 8928, 30792, 3448, 6860, 4456, 380, 198748, 660
371636, 8972, 30780, 3452, 6852, 4456, 380, 198768, 664
371584, 8980, 30756, 3444, 6856, 4460, 380, 198836, 664
371552, 8996, 30724, 3452, 6836, 4464, 380, 198892, 664
371512, 9004, 30732, 3448, 6844, 4464, 380, 198912, 664
371464, 9028, 30724, 3452, 6848, 4464, 380, 198936, 664
371432, 9032, 30728, 3460, 6852, 4464, 380, 198948, 664
371352, 9096, 30724, 3456, 6856, 4464, 380, 198968, 664
371300, 9124, 30720, 3460, 6852, 4464, 380, 198996, 664
371244, 9148, 30720, 3460, 6852, 4464, 380, 199028, 664
371200, 9172, 30712, 3460, 6852, 4464, 380, 199056, 664
371152, 9196, 30692, 3464, 6852, 4464, 380, 199096, 664
371112, 9212, 30696, 3472, 6848, 4464, 380, 199112, 664
371052, 9252, 30696, 3468, 6832, 4468, 380, 199148, 664
371008, 9260, 30704, 3464, 6828, 4468, 380, 199184, 664
370968, 9268, 30716, 3476, 6832, 4464, 384, 199188, 664
370948, 9268, 30720, 3468, 6832, 4460, 388, 199212, 664
370912, 9276, 30720, 3476, 6828, 4464, 388, 199232, 664
370896, 9272, 30720, 3476, 6828, 4464, 388, 199252, 664
370876, 9272, 30708, 3484, 6824, 4464, 388, 199280, 664
370832, 9296, 30712, 3468, 6840, 4460, 392, 199296, 664
370792, 9312, 30716, 3472, 6832, 4464, 392, 199316, 664
370776, 9308, 30716, 3460, 6828, 4464, 392, 199352, 664
370748, 9316, 30708, 3468, 6828, 4464, 392, 199372, 664
370704, 9352, 30684, 3460, 6824, 4464, 392, 199416, 664
370680, 9344, 30712, 3460, 6816, 4464, 392, 199428, 664
370644, 9356, 30696, 3464, 6820, 4464, 392, 199460, 664
370620, 9356, 30700, 3464, 6816, 4464, 392, 199484, 664
370600, 9360, 30692, 3468, 6816, 4464, 392, 199504, 664
370556, 9364, 30704, 3464, 6812, 4464, 392, 199540, 664
370492, 9416, 30676, 3468, 6808, 4464, 392, 199580, 664
370464, 9424, 30684, 3464, 6804, 4464, 392, 199600, 664
370444, 9416, 30700, 3464, 6800, 4464, 392, 199616, 664
370412, 9428, 30700, 3468, 6792, 4468, 392, 199636, 664
370376, 9452, 30712, 3460, 6792, 4468, 392, 199644, 664
370348, 9456, 30696, 3468, 6784, 4468, 392, 199684, 664
370320, 9464, 30708, 3464, 6780, 4476, 392, 199692, 664
370284, 9480, 30696, 3464, 6776, 4476, 388, 199728, 668
370248, 9500, 30680, 3468, 6772, 4476, 388, 199760, 668
370180, 9536, 30684, 3472, 6772, 4480, 388, 199780, 668
370148, 9532, 30688, 3484, 6756, 4480, 388, 199816, 668
370136, 9516, 30680, 3484, 6756, 4480, 388, 199852, 668
370124, 9500, 30688, 3484, 6752, 4480, 388, 199876, 668
370084, 9520, 30676, 3492, 6744, 4484, 388, 199904, 668
370064, 9508, 30668, 3488, 6740, 4488, 388, 199948, 668
370044, 9508, 30672, 3488, 6740, 4492, 388, 199960, 668
370020, 9524, 30660, 3480, 6740, 4492, 388, 199988, 668
370008, 9512, 30640, 3480, 6736, 4492, 388, 200036, 668
369972, 9516, 30632, 3488, 6732, 4492, 388, 200068, 672
369956, 9508, 30624, 3480, 6744, 4492, 388, 200096, 672
369940, 9496, 30636, 3488, 6744, 4492, 388, 200104, 672
369928, 9496, 30640, 3480, 6752, 4484, 392, 200116, 672
369924, 9480, 30636, 3488, 6740, 4484, 392, 200144, 672
369920, 9468, 30628, 3488, 6728, 4484, 396, 200176, 672
369908, 9460, 30612, 3484, 6724, 4484, 396, 200220, 672
369884, 9476, 30588, 3484, 6724, 4484, 396, 200252, 672
369884, 9460, 30576, 3488, 6712, 4488, 396, 200284, 672
369868, 9468, 30576, 3488, 6712, 4488, 396, 200292, 672
369856, 9456, 30572, 3480, 6712, 4492, 392, 200328, 672
369856, 9440, 30572, 3484, 6708, 4492, 392, 200344, 672
369856, 9428, 30552, 3480, 6712, 4492, 392, 200376, 672
369852, 9420, 30524, 3484, 6700, 4500, 392, 200416, 672
369840, 9420, 30520, 3472, 6712, 4496, 392, 200432, 676
369820, 9424, 30504, 3464, 6716, 4504, 392, 200460, 676
369812, 9420, 30492, 3460, 6716, 4504, 392, 200488, 676
369800, 9396, 30504, 3472, 6700, 4504, 392, 200516, 676
369788, 9372, 30492, 3480, 6704, 4504, 392, 200552, 676
369772, 9380, 30480, 3480, 6700, 4508, 392, 200572, 676
369756, 9376, 30464, 3480, 6696, 4508, 392, 200612, 676
369744, 9372, 30460, 3476, 6692, 4504, 392, 200644, 676
369736, 9360, 30448, 3468, 6692, 4512, 392, 200676, 676
369728, 9348, 30436, 3464, 6692, 4512, 392, 200712, 676
369720, 9332, 30424, 3468, 6700, 4512, 392, 200736, 676
369704, 9332, 30424, 3464, 6704, 4512, 392, 200752, 676
369700, 9292, 30448, 3468, 6704, 4512, 392, 200768, 676
369680, 9304, 30432, 3476, 6700, 4512, 392, 200788, 676
369664, 9296, 30412, 3480, 6692, 4516, 392, 200828, 680
369664, 9272, 30416, 3464, 6696, 4516, 392, 200856, 684
369644, 9280, 30420, 3460, 6696, 4516, 392, 200868, 684
369636, 9276, 30416, 3460, 6692, 4516, 392, 200888, 684
369624, 9272, 30388, 3460, 6688, 4508, 396, 200940, 684
369620, 9260, 30364, 3460, 6692, 4512, 396, 200972, 684
369620, 9224, 30364, 3472, 6700, 4512, 396, 200988, 684
369616, 9216, 30368, 3464, 6700, 4512, 396, 201004, 684
369604, 9208, 30324, 3464, 6696, 4512, 396, 201072, 684
369604, 9192, 30316, 3464, 6684, 4516, 396, 201104, 684
369604, 9180, 30312, 3448, 6688, 4524, 396, 201124, 684
369604, 9160, 30292, 3460, 6680, 4528, 396, 201156, 684
369596, 9144, 30300, 3456, 6680, 4528, 396, 201176, 684
369592, 9140, 30304, 3452, 6664, 4528, 396, 201200, 684
369576, 9144, 30280, 3460, 6660, 4528, 396, 201232, 684
369568, 9128, 30252, 3464, 6660, 4528, 396, 201280, 684
369568, 9116, 30232, 3468, 6660, 4524, 396, 201312, 684
369564, 9100, 30224, 3472, 6664, 4524, 396, 201332, 684
369556, 9096, 30188, 3472, 6668, 4524, 396, 201376, 684
369544, 9100, 30156, 3468, 6672, 4524, 396, 201416, 684
369532, 9100, 30160, 3468, 6664, 4524, 396, 201432, 684
369520, 9096, 30156, 3460, 6668, 4524, 396, 201456, 684
369516, 9080, 30168, 3460, 6664, 4520, 400, 201468, 684
369512, 9052, 30180, 3456, 6656, 4524, 400, 201496, 684
369504, 9048, 30164, 3448, 6656, 4524, 400, 201532, 684
369492, 9040, 30156, 3456, 6648, 4520, 400, 201564, 684
369480, 9044, 30148, 3452, 6632, 4520, 400, 201600, 684
369472, 9028, 30156, 3452, 6624, 4520, 400, 201624, 684
369460, 9016, 30152, 3448, 6612, 4520, 400, 201668, 684
369448, 9012, 30168, 3448, 6604, 4520, 400, 201676, 684
369444, 8996, 30140, 3448, 6608, 4516, 400, 201724, 684
369424, 9004, 30124, 3452, 6604, 4516, 400, 201752, 684
369412, 8992, 30132, 3448, 6600, 4516, 400, 201776, 684
369408, 8976, 30136, 3448, 6588, 4524, 400, 201796, 684
369400, 8980, 30132, 3432, 6584, 4524, 400, 201824, 684
369392, 8976, 30120, 3436, 6580, 4528, 400, 201844, 684
369372, 8972, 30124, 3444, 6576, 4524, 404, 201860, 684
369364, 8960, 30132, 3444, 6576, 4528, 404, 201868, 684
369356, 8952, 30124, 3444, 6572, 4524, 404, 201900, 684
369340, 8956, 30124, 3440, 6580, 4520, 408, 201908, 684
369332, 8952, 30120, 3444, 6580, 4520, 408, 201920, 684
369316, 8936, 30140, 3444, 6576, 4516, 408, 201940, 684
369296, 8952, 30136, 3436, 6576, 4516, 408, 201956, 684
369280, 8948, 30132, 3436, 6576, 4512, 412, 201980, 684
369264, 8932, 30124, 3440, 6560, 4516, 412, 202028, 684
369252, 8928, 30112, 3444, 6544, 4528, 412, 202056, 684
369252, 8900, 30108, 3448, 6528, 4532, 416, 202092, 684
369252, 8876, 30088, 3444, 6536, 4532, 416, 202132, 684
369240, 8880, 30056, 3444, 6528, 4532, 416, 202180, 684
369240, 8848, 30048, 3444, 6532, 4532, 416, 202216, 684
369232, 8836, 30024, 3440, 6540, 4532, 416, 202256, 684
369232, 8808, 30032, 3436, 6548, 4532, 416, 202272, 684
369224, 8788, 30036, 3432, 6540, 4532, 416, 202304, 688
369212, 8776, 30036, 3428, 6548, 4532, 416, 202324, 688
369204, 8756, 30028, 3432, 6552, 4532, 416, 202352, 688
369192, 8744, 30036, 3428, 6552, 4532, 416, 202372, 688
369188, 8728, 30024, 3432, 6552, 4528, 420, 202400, 688
369184, 8720, 30012, 3432, 6556, 4528, 420, 202420, 688
369180, 8708, 29980, 3432, 6564, 4528, 420, 202460, 688
369168, 8684, 29976, 3440, 6564, 4528, 420, 202492, 688
369160, 8668, 29984, 3440, 6568, 4528, 420, 202504, 688
369136, 8676, 29976, 3440, 6564, 4528, 420, 202532, 688
369128, 8664, 29956, 3444, 6560, 4528, 420, 202572, 688
369120, 8648, 29952, 3448, 6548, 4532, 420, 202604, 688
369112, 8632, 29956, 3440, 6552, 4536, 420, 202624, 688
369104, 8636, 29940, 3432, 6556, 4536, 420, 202648, 688
369096, 8628, 29940, 3424, 6556, 4540, 420, 202668, 688
369096, 8596, 29952, 3420, 6560, 4544, 420, 202684, 688
369084, 8584, 29964, 3412, 6564, 4544, 420, 202700, 688
369076, 8560, 29968, 3408, 6572, 4544, 420, 202724, 688
369048, 8560, 29964, 3408, 6560, 4548, 420, 202764, 688
369040, 8560, 29948, 3408, 6564, 4548, 420, 202784, 688
369032, 8536, 29952, 3408, 6568, 4548, 420, 202808, 688
369020, 8532, 29956, 3404, 6564, 4544, 424, 202828, 688
369008, 8520, 29948, 3408, 6568, 4544, 424, 202852, 688
369000, 8520, 29928, 3396, 6576, 4544, 424, 202884, 688
368992, 8516, 29932, 3392, 6572, 4544, 424, 202900, 688
368976, 8512, 29944, 3372, 6580, 4544, 424, 202920, 688
368972, 8496, 29936, 3364, 6588, 4544, 424, 202948, 688
368956, 8488, 29900, 3364, 6564, 4544, 424, 203032, 688
368952, 8484, 29896, 3360, 6556, 4548, 424, 203052, 688
368948, 8468, 29880, 3360, 6556, 4548, 424, 203088, 688
368944, 8448, 29892, 3344, 6572, 4544, 424, 203104, 688
368924, 8440, 29892, 3348, 6564, 4544, 424, 203136, 688
368916, 8420, 29888, 3348, 6556, 4548, 424, 203172, 688
368900, 8412, 29892, 3344, 6556, 4552, 424, 203192, 688
368892, 8384, 29904, 3344, 6564, 4552, 424, 203208, 688
368884, 8360, 29912, 3336, 6572, 4548, 428, 203232, 688
368856, 8364, 29916, 3320, 6576, 4552, 428, 203260, 688
368840, 8348, 29916, 3324, 6580, 4552, 428, 203284, 688
368824, 8344, 29896, 3332, 6580, 4548, 428, 203320, 688
368804, 8360, 29860, 3328, 6584, 4548, 428, 203360, 688
368796, 8344, 29848, 3332, 6580, 4556, 424, 203392, 688
368784, 8336, 29836, 3328, 6580, 4552, 424, 203432, 688
368756, 8352, 29820, 3316, 6592, 4548, 424, 203464, 688
368740, 8332, 29828, 3300, 6612, 4552, 424, 203484, 688
368724, 8332, 29812, 3292, 6620, 4552, 424, 203516, 688
368720, 8304, 29808, 3296, 6616, 4552, 424, 203552, 688
368712, 8292, 29796, 3296, 6620, 4548, 424, 203584, 688
368704, 8288, 29800, 3296, 6620, 4548, 424, 203592, 688
368680, 8276, 29816, 3304, 6620, 4552, 420, 203604, 688
368668, 8280, 29788, 3304, 6616, 4552, 420, 203644, 688
368664, 8256, 29788, 3296, 6616, 4556, 420, 203676, 688
368640, 8256, 29780, 3288, 6612, 4556, 420, 203720, 688
368620, 8260, 29772, 3284, 6620, 4556, 420, 203740, 688
368612, 8252, 29764, 3280, 6628, 4556, 420, 203760, 688
368584, 8272, 29752, 3276, 6636, 4556, 416, 203776, 692
368576, 8244, 29772, 3268, 6640, 4556, 416, 203796, 692
368548, 8244, 29776, 3268, 6636, 4552, 416, 203828, 692
368520, 8240, 29796, 3264, 6632, 4548, 416, 203852, 692
368520, 8208, 29776, 3268, 6632, 4548, 416, 203900, 692
368508, 8192, 29780, 3256, 6636, 4556, 416, 203924, 692
368504, 8184, 29764, 3260, 6640, 4556, 416, 203944, 692
368484, 8184, 29744, 3252, 6648, 4556, 416, 203984, 692
368476, 8168, 29752, 3244, 6652, 4552, 420, 204004, 692
368468, 8156, 29748, 3252, 6648, 4552, 424, 204020, 692
368444, 8176, 29740, 3244, 6656, 4548, 428, 204032, 692
368428, 8164, 29724, 3252, 6652, 4544, 432, 204072, 692
368408, 8168, 29712, 3252, 6644, 4544, 432, 204108, 692
368400, 8164, 29700, 3256, 6640, 4544, 432, 204132, 692
368388, 8140, 29704, 3260, 6640, 4544, 432, 204160, 692
368388, 8124, 29696, 3264, 6636, 4548, 432, 204180, 692
368368, 8112, 29708, 3268, 6632, 4548, 432, 204200, 692
368364, 8092, 29704, 3268, 6632, 4548, 432, 204228, 692
368356, 8056, 29696, 3280, 6628, 4548, 432, 204272, 692
368356, 8040, 29680, 3280, 6624, 4552, 432, 204304, 692
368348, 8000, 29696, 3284, 6624, 4548, 432, 204336, 692
368336, 7976, 29696, 3292, 6620, 4544, 432, 204368, 696
368320, 7972, 29688, 3292, 6604, 4544, 432, 204412, 696
368304, 7964, 29680, 3292, 6608, 4544, 432, 204440, 696
368292, 7964, 29676, 3292, 6604, 4544, 432, 204460, 696
368272, 7968, 29668, 3292, 6612, 4544, 432, 204476, 696
368260, 7944, 29680, 3300, 6608, 4540, 436, 204496, 696
368236, 7952, 29676, 3300, 6604, 4544, 432, 204520, 696
368224, 7956, 29672, 3296, 6604, 4544, 432, 204536, 696
368212, 7940, 29676, 3304, 6600, 4548, 432, 204552, 696
368192, 7936, 29680, 3304, 6604, 4544, 432, 204572, 696
368172, 7924, 29708, 3296, 6608, 4544, 432, 204580, 696
368140, 7944, 29696, 3296, 6600, 4544, 436, 204608, 696
368124, 7956, 29676, 3288, 6608, 4544, 436, 204632, 696
368112, 7948, 29680, 3292, 6616, 4544, 436, 204636, 696
368092, 7940, 29680, 3288, 6616, 4552, 436, 204660, 696
368076, 7940, 29656, 3284, 6620, 4552, 436, 204700, 696
368064, 7920, 29640, 3284, 6624, 4552, 436, 204744, 696
368048, 7912, 29628, 3288, 6616, 4552, 436, 204784, 696
368032, 7908, 29612, 3288, 6620, 4552, 436, 204816, 696
368020, 7900, 29612, 3284, 6620, 4556, 436, 204836, 696
367996, 7900, 29604, 3284, 6624, 4556, 436, 204864, 696
367988, 7880, 29620, 3288, 6624, 4556, 436, 204872, 696
367972, 7864, 29644, 3280, 6628, 4560, 436, 204880, 696
367968, 7860, 29624, 3276, 6632, 4560, 436, 204908, 696
367964, 7856, 29624, 3268, 6628, 4560, 436, 204928, 696
367952, 7840, 29628, 3268, 6636, 4560, 436, 204944, 696
367940, 7832, 29636, 3260, 6644, 4560, 436, 204956, 696
367928, 7836, 29608, 3264, 6636, 4564, 436, 204992, 696
367920, 7804, 29616, 3276, 6632, 4564, 436, 205016, 696
367916, 7776, 29600, 3276, 6628, 4560, 440, 205068, 696
367896, 7772, 29596, 3284, 6620, 4564, 440, 205092, 696
367892, 7748, 29604, 3288, 6620, 4564, 440, 205108, 696
367872, 7756, 29596, 3292, 6624, 4564, 440, 205120, 696
367868, 7736, 29616, 3292, 6612, 4564, 440, 205136, 696
367868, 7716, 29620, 3292, 6608, 4568, 440, 205152, 696
367844, 7704, 29608, 3304, 6600, 4568, 440, 205196, 696
367840, 7692, 29608, 3300, 6604, 4568, 440, 205212, 696
367828, 7684, 29608, 3304, 6604, 4564, 440, 205228, 700
367816, 7680, 29604, 3304, 6600, 4568, 440, 205248, 700
367796, 7684, 29604, 3300, 6604, 4572, 440, 205260, 700
367788, 7664, 29600, 3300, 6608, 4572, 440, 205288, 700
367772, 7652, 29596, 3296, 6616, 4572, 440, 205316, 700
367768, 7644, 29592, 3284, 6628, 4572, 440, 205332, 700
367764, 7624, 29588, 3288, 6624, 4568, 440, 205364, 700
367760, 7616, 29576, 3280, 6616, 4568, 440, 205404, 700
367752, 7600, 29588, 3272, 6620, 4568, 440, 205420, 700
367740, 7592, 29588, 3272, 6620, 4568, 440, 205440, 700
367728, 7580, 29600, 3268, 6624, 4568, 440, 205452, 700
367724, 7572, 29596, 3260, 6620, 4568, 440, 205480, 700
367724, 7536, 29588, 3264, 6624, 4568, 440, 205516, 700
367708, 7524, 29592, 3264, 6620, 4568, 440, 205544, 700
367700, 7524, 29596, 3260, 6624, 4568, 440, 205548, 700
367692, 7512, 29604, 3256, 6616, 4564, 444, 205572, 700
367680, 7504, 29604, 3256, 6616, 4564, 444, 205592, 700
367676, 7488, 29592, 3260, 6608, 4572, 444, 205620, 700
367676, 7464, 29572, 3260, 6616, 4568, 444, 205660, 700
367668, 7428, 29592, 3252, 6628, 4564, 444, 205684, 700
367660, 7408, 29592, 3252, 6628, 4568, 444, 205708, 700
367652, 7396, 29584, 3248, 6632, 4568, 444, 205736, 700
367636, 7404, 29568, 3248, 6628, 4568, 444, 205760, 704
367620, 7392, 29564, 3260, 6612, 4568, 444, 205796, 704
367612, 7380, 29548, 3252, 6628, 4568, 444, 205824, 704
367608, 7372, 29536, 3252, 6632, 4572, 444, 205840, 704
367600, 7352, 29536, 3260, 6636, 4572, 444, 205856, 704
367596, 7332, 29512, 3268, 6628, 4572, 444, 205904, 704
367588, 7332, 29488, 3260, 6632, 4572, 444, 205940, 704
367576, 7328, 29484, 3260, 6628, 4572, 444, 205964, 704
367568, 7316, 29468, 3264, 6628, 4572, 444, 205996, 704
367568, 7300, 29472, 3264, 6616, 4572, 444, 206020, 704
367564, 7292, 29476, 3256, 6620, 4572, 444, 206032, 704
367556, 7296, 29468, 3252, 6624, 4568, 444, 206048, 704
367540, 7280, 29484, 3248, 6628, 4568, 444, 206064, 704
367528, 7276, 29476, 3244, 6628, 4568, 444, 206092, 704
367524, 7260, 29468, 3248, 6624, 4568, 444, 206120, 704
367520, 7252, 29460, 3252, 6604, 4576, 444, 206148, 704
367508, 7236, 29452, 3252, 6604, 4580, 444, 206180, 704
367492, 7228, 29444, 3252, 6612, 4580, 444, 206204, 704
367492, 7192, 29460, 3252, 6612, 4584, 440, 206224, 704
367488, 7164, 29460, 3260, 6612, 4584, 440, 206248, 704
367464, 7172, 29448, 3260, 6600, 4588, 440, 206284, 704
367456, 7172, 29432, 3264, 6596, 4584, 440, 206312, 704
367440, 7160, 29436, 3256, 6600, 4584, 440, 206340, 704
367432, 7152, 29432, 3256, 6600, 4580, 440, 206364, 704
367424, 7148, 29412, 3256, 6600, 4584, 436, 206396, 704
367408, 7144, 29392, 3260, 6596, 4584, 436, 206436, 704
367400, 7132, 29380, 3248, 6592, 4592, 436, 206476, 704
367384, 7132, 29364, 3252, 6588, 4588, 440, 206508, 704
367380, 7124, 29368, 3252, 6576, 4592, 440, 206524, 704
367364, 7120, 29360, 3256, 6572, 4596, 440, 206548, 704
367348, 7108, 29348, 3264, 6572, 4600, 440, 206576, 704
367332, 7104, 29360, 3252, 6584, 4600, 440, 206584, 704
367328, 7080, 29356, 3248, 6584, 4604, 436, 206620, 704
367320, 7076, 29336, 3244, 6584, 4608, 436, 206652, 704
367320, 7052, 29324, 3252, 6584, 4604, 436, 206684, 704
367312, 7056, 29320, 3252, 6580, 4600, 440, 206696, 704
367304, 7044, 29304, 3248, 6584, 4608, 436, 206728, 704
367288, 7044, 29284, 3248, 6576, 4608, 436, 206772, 704
367276, 7048, 29276, 3244, 6580, 4612, 436, 206784, 704
367260, 7052, 29268, 3240, 6568, 4624, 436, 206808, 704
367244, 7056, 29260, 3240, 6560, 4632, 436, 206828, 704
367220, 7068, 29260, 3224, 6576, 4628, 436, 206844, 704
367216, 7040, 29272, 3236, 6568, 4632, 432, 206860, 704
367208, 7032, 29260, 3228, 6568, 4632, 432, 206896, 704
367196, 7036, 29236, 3228, 6564, 4632, 432, 206932, 704
367180, 7040, 29220, 3228, 6564, 4632, 432, 206960, 704
367156, 7044, 29204, 3224, 6564, 4628, 432, 207004, 704
367140, 7044, 29184, 3220, 6568, 4628, 436, 207036, 704
367116, 7052, 29188, 3216, 6572, 4624, 436, 207052, 704
367096, 7052, 29192, 3224, 6568, 4624, 436, 207064, 704
367076, 7060, 29188, 3224, 6556, 4624, 436, 207092, 704
367064, 7056, 29196, 3216, 6560, 4624, 436, 207104, 704
367056, 7048, 29180, 3216, 6560, 4624, 436, 207136, 704
367036, 7036, 29192, 3216, 6560, 4620, 436, 207156, 708
367012, 7052, 29168, 3220, 6552, 4616, 436, 207196, 708
366984, 7072, 29144, 3208, 6564, 4616, 436, 207228, 708
366972, 7060, 29140, 3196, 6576, 4616, 432, 207256, 712
366956, 7052, 29124, 3192, 6576, 4616, 432, 207300, 712
366940, 7060, 29100, 3192, 6568, 4620, 432, 207336, 712
366928, 7060, 29092, 3188, 6564, 4624, 432, 207360, 712
366896, 7088, 29048, 3188, 6568, 4624, 432, 207404, 712
366892, 7064, 29052, 3180, 6568, 4628, 432, 207432, 712
366876, 7056, 29060, 3176, 6572, 4632, 428, 207448, 712
366864, 7044, 29048, 3180, 6564, 4632, 428, 207488, 712
366836, 7056, 29056, 3180, 6568, 4632, 428, 207492, 712
366824, 7052, 29044, 3172, 6572, 4632, 428, 207524, 712
366804, 7056, 29032, 3176, 6564, 4632, 428, 207556, 712
366784, 7068, 29032, 3176, 6568, 4632, 428, 207560, 712
366784, 7040, 29044, 3168, 6572, 4632, 432, 207576, 712
366776, 7028, 29036, 3164, 6576, 4628, 432, 207608, 712
366768, 7024, 29044, 3156, 6572, 4632, 432, 207620, 712
366756, 7012, 29044, 3156, 6568, 4632, 436, 207644, 712
366744, 7020, 29024, 3152, 6568, 4628, 436, 207676, 712
366736, 7008, 29012, 3156, 6568, 4628, 436, 207704, 712
366728, 6992, 29008, 3164, 6564, 4624, 436, 207732, 712
366712, 6972, 29020, 3168, 6564, 4624, 436, 207752, 712
366704, 6960, 29012, 3168, 6564, 4624, 436, 207780, 712
366684, 6956, 29004, 3172, 6564, 4624, 436, 207808, 712
366676, 6940, 29000, 3172, 6568, 4624, 436, 207832, 712
366672, 6936, 28984, 3168, 6568, 4628, 436, 207856, 712
366656, 6944, 28976, 3156, 6568, 4632, 436, 207880, 712
366648, 6940, 28960, 3152, 6568, 4628, 436, 207916, 712
366632, 6932, 28968, 3148, 6572, 4628, 436, 207932, 712
366624, 6908, 28972, 3152, 6572, 4632, 432, 207956, 712
366616, 6892, 28976, 3148, 6568, 4632, 432, 207984, 712
366608, 6876, 28996, 3144, 6568, 4632, 432, 207992, 712
366596, 6856, 29008, 3152, 6564, 4632, 432, 208008, 712
366584, 6844, 28988, 3160, 6560, 4636, 432, 208044, 712
366568, 6832, 28972, 3156, 6552, 4636, 432, 208100, 712
366544, 6848, 28964, 3148, 6556, 4636, 432, 208120, 712
366540, 6840, 28944, 3144, 6556, 4636, 432, 208156, 712
366528, 6836, 28944, 3136, 6564, 4636, 432, 208172, 712
366500, 6860, 28924, 3132, 6564, 4640, 432, 208196, 712
366496, 6844, 28944, 3128, 6560, 4636, 432, 208208, 712
366476, 6844, 28928, 3140, 6556, 4632, 432, 208240, 712
366460, 6832, 28928, 3156, 6548, 4636, 432, 208256, 712
366448, 6840, 28916, 3152, 6540, 4636, 432, 208284, 712
366436, 6840, 28908, 3148, 6544, 4636, 432, 208304, 712
366416, 6836, 28916, 3144, 6552, 4636, 432, 208316, 712
366388, 6828, 28928, 3152, 6556, 4636, 432, 208328, 712
366368, 6832, 28920, 3160, 6552, 4640, 432, 208344, 712
366348, 6832, 28912, 3156, 6560, 4640, 432, 208368, 712
366328, 6828, 28916, 3148, 6572, 4640, 432, 208384, 712
366316, 6816, 28904, 3148, 6568, 4636, 432, 208428, 712
366300, 6812, 28896, 3148, 6568, 4636, 432, 208456, 712
366280, 6816, 28892, 3156, 6560, 4640, 432, 208472, 712
366260, 6816, 28884, 3164, 6556, 4640, 432, 208496, 712
366252, 6792, 28872, 3168, 6560, 4640, 432, 208532, 712
366240, 6792, 28876, 3172, 6556, 4640, 432, 208540, 712
366232, 6788, 28872, 3168, 6552, 4640, 432, 208564, 712
366216, 6788, 28856, 3168, 6548, 4640, 432, 208600, 712
366208, 6780, 28836, 3180, 6540, 4636, 432, 208636, 712
366196, 6772, 28844, 3184, 6532, 4640, 432, 208648, 712
366184, 6768, 28848, 3188, 6520, 4644, 432, 208664, 712
366168, 6756, 28844, 3184, 6532, 4648, 428, 208688, 712
366164, 6736, 28864, 3172, 6544, 4648, 428, 208692, 712
366156, 6724, 28844, 3176, 6544, 4644, 428, 208732, 712
366148, 6728, 28828, 3172, 6548, 4644, 428, 208752, 712
366148, 6700, 28836, 3176, 6544, 4644, 428, 208772, 712
366136, 6692, 28844, 3176, 6540, 4644, 428, 208788, 712
366124, 6688, 28832, 3180, 6544, 4644, 428, 208808, 712
366108, 6684, 28840, 3180, 6540, 4644, 428, 208824, 712
366096, 6664, 28868, 3176, 6532, 4648, 428, 208836, 712
366096, 6644, 28872, 3172, 6528, 4652, 428, 208856, 712
366092, 6612, 28872, 3184, 6516, 4660, 428, 208884, 712
366080, 6596, 28876, 3188, 6508, 4660, 428, 208912, 712
366060, 6592, 28880, 3188, 6520, 4660, 428, 208920, 712
366056, 6572, 28868, 3192, 6520, 4668, 428, 208944, 712
366056, 6544, 28884, 3192, 6520, 4668, 428, 208956, 712
366040, 6540, 28872, 3184, 6520, 4668, 428, 208996, 712
366040, 6524, 28836, 3180, 6516, 4668, 428, 209056, 712
366028, 6528, 28832, 3184, 6516, 4668, 428, 209064, 712
366020, 6520, 28816, 3180, 6520, 4676, 424, 209092, 712
366020, 6500, 28804, 3184, 6516, 4676, 424, 209124, 712
366000, 6504, 28804, 3172, 6524, 4676, 424, 209144, 712
365988, 6504, 28776, 3172, 6524, 4676, 424, 209184, 712
365972, 6504, 28756, 3164, 6528, 4676, 424, 209224, 712
365964, 6484, 28756, 3176, 6528, 4676, 424, 209240, 712
365956, 6480, 28732, 3172, 6528, 4676, 424, 209280, 712
365948, 6452, 28732, 3176, 6528, 4680, 424, 209308, 712
365940, 6432, 28724, 3176, 6524, 4684, 424, 209344, 712
365936, 6400, 28748, 3180, 6524, 4684, 424, 209352, 712
365924, 6380, 28744, 3192, 6524, 4684, 424, 209376, 712
365912, 6372, 28724, 3200, 6512, 4684, 424, 209420, 712
365904, 6364, 28720, 3196, 6512, 4684, 424, 209444, 712
365896, 6356, 28716, 3196, 6512, 4684, 424, 209464, 712
365892, 6332, 28716, 3200, 6516, 4684, 424, 209484, 712
365884, 6316, 28720, 3192, 6524, 4684, 424, 209504, 712
365868, 6312, 28720, 3176, 6540, 4684, 424, 209524, 712
365848, 6320, 28704, 3168, 6540, 4688, 424, 209556, 712
365844, 6316, 28688, 3172, 6536, 4688, 424, 209580, 712
365828, 6308, 28692, 3172, 6536, 4680, 424, 209608, 712
365824, 6296, 28688, 3168, 6528, 4684, 424, 209636, 712
365820, 6288, 28672, 3160, 6540, 4680, 424, 209664, 712
365800, 6284, 28656, 3164, 6536, 4680, 424, 209704, 712
365792, 6272, 28648, 3160, 6540, 4680, 424, 209732, 712
365788, 6260, 28612, 3160, 6536, 4684, 424, 209784, 712
365784, 6236, 28584, 3160, 6532, 4692, 424, 209836, 712
365776, 6232, 28576, 3144, 6536, 4696, 424, 209864, 712
365756, 6228, 28572, 3136, 6544, 4696, 424, 209892, 712
365736, 6236, 28560, 3132, 6548, 4696, 424, 209916, 712
365712, 6232, 28540, 3148, 6544, 4692, 424, 209956, 712
365688, 6240, 28532, 3144, 6548, 4692, 424, 209980, 712
365676, 6236, 28536, 3136, 6556, 4696, 424, 209988, 712
365656, 6224, 28528, 3148, 6536, 4692, 424, 210040, 712
365628, 6236, 28516, 3152, 6528, 4692, 424, 210072, 712
365612, 6232, 28508, 3148, 6520, 4692, 424, 210112, 712
365560, 6256, 28496, 3148, 6512, 4692, 424, 210160, 712
365540, 6268, 28472, 3144, 6508, 4696, 424, 210196, 712
365492, 6296, 28476, 3140, 6516, 4696, 424, 210208, 712
365456, 6304, 28488, 3144, 6508, 4700, 424, 210224, 712
365420, 6328, 28460, 3140, 6512, 4696, 424, 210268, 712
365372, 6356, 28444, 3136, 6520, 4696, 424, 210300, 712
365336, 6376, 28440, 3128, 6528, 4696, 424, 210320, 712
365308, 6388, 28440, 3120, 6536, 4692, 424, 210340, 712
365272, 6408, 28416, 3120, 6520, 4696, 424, 210392, 712
365228, 6436, 28404, 3128, 6520, 4696, 424, 210412, 712
365184, 6472, 28388, 3124, 6528, 4696, 424, 210432, 712
365156, 6480, 28372, 3112, 6540, 4696, 424, 210468, 712
365108, 6512, 28364, 3116, 6532, 4696, 424, 210496, 712
365060, 6532, 28360, 3116, 6528, 4696, 424, 210532, 712
365020, 6552, 28368, 3100, 6540, 4700, 424, 210544, 712
364984, 6568, 28356, 3104, 6540, 4700, 424, 210572, 712
364952, 6588, 28352, 3104, 6536, 4700, 424, 210592, 712
364920, 6600, 28336, 3104, 6532, 4708, 424, 210624, 712
364892, 6628, 28308, 3084, 6540, 4708, 424, 210664, 712
364856, 6636, 28312, 3092, 6536, 4708, 424, 210684, 712
364840, 6640, 28296, 3100, 6532, 4704, 424, 210708, 716
364808, 6660, 28296, 3092, 6536, 4704, 424, 210724, 716
364756, 6704, 28276, 3084, 6536, 4700, 424, 210764, 716
364720, 6736, 28256, 3080, 6540, 4700, 424, 210788, 716
364684, 6744, 28252, 3092, 6540, 4696, 424, 210812, 716
364664, 6748, 28248, 3088, 6540, 4696, 420, 210836, 720
364640, 6740, 28248, 3092, 6528, 4700, 420, 210868, 724
364612, 6752, 28240, 3088, 6524, 4700, 420, 210900, 724
364588, 6768, 28220, 3084, 6524, 4700, 420, 210932, 724
364572, 6772, 28224, 3084, 6512, 4700, 420, 210952, 724
364560, 6768, 28216, 3080, 6508, 4700, 420, 210984, 724
364548, 6760, 28228, 3080, 6500, 4704, 420, 210996, 724
364516, 6780, 28220, 3076, 6504, 4708, 420, 211012, 724
364500, 6776, 28208, 3092, 6504, 4708, 420, 211028, 724
364480, 6784, 28196, 3088, 6504, 4712, 420, 211052, 724
364440, 6796, 28188, 3080, 6512, 4712, 420, 211088, 724
364384, 6848, 28180, 3072, 6512, 4716, 420, 211104, 724
364340, 6884, 28156, 3060, 6516, 4712, 420, 211148, 724
364300, 6900, 28164, 3056, 6508, 4712, 424, 211172, 724
364276, 6916, 28144, 3052, 6512, 4712, 424, 211200, 724
364252, 6920, 28140, 3044, 6520, 4712, 424, 211224, 724
364204, 6952, 28124, 3040, 6524, 4708, 428, 211256, 724
364184, 6956, 28104, 3040, 6520, 4708, 428, 211296, 724
364156, 6968, 28116, 3024, 6532, 4712, 428, 211300, 724
364132, 6980, 28112, 3016, 6544, 4708, 432, 211312, 724
364100, 7000, 28100, 3012, 6544, 4708, 432, 211340, 724
364072, 7012, 28100, 3008, 6548, 4704, 432, 211360, 724
364052, 7000, 28100, 3008, 6540, 4704, 432, 211396, 728
364016, 7008, 28092, 3020, 6536, 4700, 432, 211424, 732
364008, 7004, 28084, 3016, 6532, 4704, 432, 211448, 732
363984, 7020, 28072, 3012, 6520, 4708, 432, 211476, 736
363972, 7004, 28072, 3016, 6516, 4708, 432, 211504, 736
363960, 7004, 28048, 3012, 6516, 4712, 432, 211540, 736
363944, 7004, 28048, 3012, 6516, 4712, 432, 211556, 736
363932, 6988, 28040, 3020, 6508, 4716, 432, 211588, 736
363920, 6988, 28024, 3012, 6512, 4716, 432, 211620, 736
363920, 6968, 28000, 3016, 6516, 4716, 432, 211656, 736
363916, 6964, 27980, 3012, 6524, 4716, 432, 211680, 736
363904, 6964, 27964, 3012, 6512, 4720, 432, 211716, 736
363896, 6964, 27944, 3004, 6512, 4720, 432, 211752, 736
363888, 6960, 27936, 2992, 6524, 4720, 432, 211772, 736
363884, 6944, 27944, 2980, 6532, 4708, 436, 211796, 736
363872, 6936, 27944, 2972, 6532, 4712, 436, 211820, 736
363868, 6932, 27928, 2964, 6532, 4712, 440, 211848, 736
363860, 6924, 27924, 2960, 6532, 4716, 440, 211868, 736
363860, 6912, 27912, 2956, 6540, 4716, 440, 211888, 736
363860, 6900, 27916, 2956, 6532, 4720, 440, 211900, 736
363860, 6880, 27904, 2960, 6528, 4720, 440, 211932, 736
363860, 6876, 27880, 2956, 6532, 4716, 444, 211960, 736
363848, 6876, 27864, 2960, 6528, 4720, 444, 211984, 736
363840, 6856, 27876, 2952, 6524, 4724, 440, 212012, 736
363836, 6844, 27848, 2948, 6524, 4724, 440, 212060, 736
363832, 6824, 27848, 2956, 6516, 4724, 440, 212084, 736
363828, 6796, 27852, 2960, 6512, 4724, 440, 212112, 736
363812, 6804, 27836, 2956, 6516, 4720, 444, 212136, 736
363804, 6800, 27832, 2948, 6520, 4720, 444, 212156, 736
363800, 6772, 27836, 2952, 6528, 4720, 444, 212172, 736
363796, 6760, 27832, 2952, 6524, 4720, 444, 212196, 736
363792, 6752, 27836, 2952, 6516, 4720, 444, 212212, 736
363788, 6740, 27832, 2952, 6512, 4716, 444, 212240, 736
363776, 6740, 27800, 2948, 6512, 4712, 444, 212292, 736
363764, 6744, 27792, 2944, 6512, 4712, 444, 212312, 736
363760, 6728, 27796, 2952, 6504, 4712, 444, 212328, 736
363756, 6716, 27792, 2948, 6500, 4712, 444, 212356, 736
363736, 6732, 27784, 2952, 6488, 4712, 444, 212376, 736
363732, 6728, 27764, 2948, 6496, 4712, 444, 212400, 736
363724, 6720, 27756, 2944, 6500, 4712, 444, 212424, 736
363720, 6708, 27764, 2940, 6492, 4720, 444, 212436, 736
363712, 6704, 27764, 2936, 6492, 4720, 444, 212452, 736
363692, 6696, 27768, 2928, 6488, 4720, 444, 212488, 736
363692, 6684, 27748, 2932, 6492, 4720, 444, 212512, 736
363672, 6688, 27736, 2932, 6484, 4724, 444, 212544, 736
363656, 6684, 27732, 2936, 6476, 4724, 444, 212572, 736
363656, 6656, 27740, 2940, 6472, 4724, 444, 212592, 736
363652, 6648, 27732, 2936, 6472, 4724, 444, 212616, 736
363644, 6644, 27728, 2940, 6472, 4724, 444, 212628, 736
363640, 6624, 27732, 2944, 6468, 4724, 444, 212648, 736
363624, 6620, 27736, 2948, 6468, 4720, 444, 212664, 736
363620, 6612, 27728, 2944, 6472, 4716, 444, 212688, 736
363616, 6596, 27724, 2948, 6472, 4716, 444, 212708, 736
363616, 6584, 27720, 2948, 6468, 4716, 444, 212728, 736
363612, 6556, 27740, 2952, 6468, 4712, 448, 212736, 736
363604, 6544, 27736, 2948, 6464, 4712, 448, 212768, 736
363592, 6552, 27724, 2948, 6464, 4716, 448, 212780, 736
363576, 6548, 27732, 2940, 6464, 4720, 448, 212796, 736
363564, 6552, 27728, 2932, 6468, 4720, 448, 212812, 736
363552, 6544, 27716, 2932, 6464, 4724, 448, 212844, 736
363544, 6532, 27720, 2932, 6464, 4728, 448, 212856, 736
363536, 6528, 27696, 2932, 6464, 4724, 448, 212896, 736
363528, 6520, 27668, 2932, 6468, 4724, 448, 212936, 736
363508, 6528, 27652, 2928, 6476, 4724, 448, 212960, 736
363504, 6504, 27664, 2928, 6468, 4724, 448, 212984, 736
363496, 6504, 27640, 2924, 6472, 4720, 448, 213020, 736
363496, 6472, 27656, 2912, 6468, 4724, 448, 213048, 736
363488, 6460, 27648, 2916, 6460, 4728, 448, 213076, 736
363488, 6440, 27660, 2912, 6456, 4728, 448, 213092, 736
363480, 6428, 27632, 2904, 6460, 4732, 448, 213140, 736
363476, 6404, 27636, 2908, 6460, 4732, 448, 213160, 736
363472, 6380, 27644, 2912, 6452, 4732, 448, 213184, 736
363460, 6384, 27628, 2912, 6448, 4732, 448, 213212, 736
363448, 6388, 27604, 2900, 6460, 4732, 448, 213244, 736
363440, 6388, 27592, 2904, 6460, 4732, 448, 213260, 736
363440, 6372, 27596, 2900, 6460, 4732, 448, 213276, 736
363428, 6380, 27556, 2896, 6464, 4732, 448, 213320, 736
363424, 6372, 27544, 2892, 6464, 4732, 448, 213348, 736
363416, 6360, 27552, 2888, 6456, 4736, 448, 213368, 736
363412, 6328, 27564, 2884, 6464, 4736, 448, 213388, 736
363404, 6328, 27560, 2876, 6468, 4732, 448, 213408, 736
363392, 6316, 27544, 2876, 6472, 4732, 452, 213440, 736
363384, 6316, 27540, 2868, 6480, 4732, 452, 213452, 736
363376, 6300, 27540, 2860, 6484, 4732, 452, 213480, 736
363372, 6288, 27520, 2868, 6480, 4732, 452, 213512, 736
363364, 6284, 27496, 2868, 6484, 4732, 452, 213544, 736
363364, 6284, 27468, 2856, 6492, 4732, 452, 213576, 736
363356, 6272, 27476, 2860, 6484, 4732, 452, 213592, 736
363344, 6272, 27460, 2860, 6488, 4732, 452, 213616, 736
363324, 6272, 27456, 2864, 6484, 4732, 452, 213640, 736
363304, 6284, 27440, 2868, 6476, 4728, 452, 213672, 736
363280, 6304, 27420, 2864, 6472, 4732, 452, 213700, 736
363256, 6304, 27432, 2864, 6472, 4732, 452, 213712, 736
363236, 6316, 27416, 2852, 6476, 4732, 452, 213744, 736
363220, 6308, 27432, 2856, 6472, 4732, 452, 213752, 736
363192, 6312, 27420, 2868, 6468, 4736, 452, 213776, 736
363168, 6332, 27408, 2868, 6464, 4740, 452, 213792, 736
363108, 6376, 27380, 2868, 6464, 4740, 452, 213836, 736
363072, 6396, 27384, 2868, 6468, 4740, 452, 213844, 736
363040, 6412, 27380, 2864, 6464, 4744, 452, 213868, 736
363012, 6416, 27380, 2860, 6472, 4740, 452, 213892, 736
362972, 6440, 27372, 2852, 6476, 4736, 452, 213924, 736
362948, 6452, 27364, 2852, 6468, 4736, 452, 213952, 736
362928, 6464, 27356, 2852, 6468, 4736, 452, 213968, 736
362888, 6492, 27328, 2852, 6468, 4736, 452, 214008, 736
362868, 6500, 27320, 2856, 6464, 4732, 456, 214028, 736
362840, 6512, 27316, 2856, 6464, 4736, 456, 214044, 736
362812, 6528, 27320, 2852, 6464, 4736, 456, 214056, 736
362768, 6552, 27324, 2852, 6460, 4736, 456, 214076, 736
362736, 6568, 27312, 2844, 6464, 4736, 456, 214108, 736
362696, 6580, 27312, 2848, 6456, 4736, 456, 214140, 736
362648, 6616, 27312, 2840, 6456, 4736, 456, 214160, 736
362616, 6644, 27304, 2832, 6456, 4740, 456, 214176, 736
362580, 6668, 27300, 2824, 6456, 4740, 456, 214200, 736
362548, 6684, 27280, 2820, 6452, 4740, 456, 214244, 736
362524, 6700, 27268, 2824, 6456, 4740, 456, 214256, 736
362480, 6736, 27260, 2812, 6460, 4740, 456, 214280, 736
362468, 6724, 27272, 2812, 6456, 4740, 456, 214296, 736
362460, 6720, 27260, 2808, 6456, 4740, 456, 214324, 736
362432, 6728, 27256, 2804, 6460, 4740, 456, 214348, 736
362404, 6724, 27256, 2808, 6468, 4740, 456, 214368, 736
362376, 6744, 27260, 2808, 6456, 4740, 456, 214384, 736
362360, 6732, 27260, 2812, 6456, 4740, 456, 214408, 736
362324, 6744, 27260, 2808, 6456, 4736, 456, 214436, 740
362284, 6784, 27244, 2804, 6452, 4736, 456, 214460, 740
362216, 6820, 27272, 2804, 6452, 4736, 456, 214464, 740
362184, 6832, 27264, 2808, 6448, 4736, 456, 214492, 740
362168, 6836, 27252, 2800, 6452, 4740, 456, 214516, 740
362136, 6856, 27220, 2796, 6464, 4740, 456, 214552, 740
362100, 6880, 27212, 2796, 6472, 4740, 456, 214564, 740
362072, 6900, 27212, 2796, 6468, 4736, 456, 214580, 740
362040, 6916, 27220, 2784, 6480, 4736, 456, 214588, 740
362000, 6936, 27216, 2788, 6472, 4736, 456, 214612, 744
361976, 6936, 27208, 2800, 6472, 4736, 456, 214632, 744
361940, 6956, 27204, 2804, 6468, 4736, 456, 214652, 744
361920, 6964, 27204, 2800, 6460, 4736, 456, 214676, 744
361900, 6968, 27200, 2796, 6452, 4736, 456, 214708, 744
361868, 6984, 27204, 2796, 6444, 4740, 456, 214724, 744
361824, 7020, 27192, 2792, 6440, 4740, 456, 214748, 748
361804, 7016, 27192, 2788, 6436, 4740, 456, 214780, 748
361776, 7032, 27184, 2788, 6432, 4740, 456, 214804, 748
361740, 7044, 27192, 2788, 6436, 4744, 452, 214816, 748
361732, 7028, 27200, 2788, 6436, 4744, 452, 214832, 748
361716, 7032, 27184, 2792, 6436, 4736, 460, 214856, 748
361684, 7032, 27172, 2800, 6428, 4740, 460, 214896, 748
361660, 7036, 27156, 2808, 6420, 4744, 460, 214928, 748
361644, 7040, 27164, 2804, 6416, 4748, 460, 214936, 748
361636, 7036, 27140, 2796, 6416, 4752, 460, 214976, 748
361620, 7044, 27136, 2796, 6412, 4756, 460, 214988, 748
361604, 7040, 27132, 2800, 6412, 4760, 460, 215004, 748
361600, 7036, 27112, 2784, 6428, 4760, 460, 215032, 748
361600, 7028, 27080, 2784, 6428, 4756, 460, 215076, 748
361592, 7028, 27064, 2780, 6424, 4752, 460, 215112, 748
361584, 7008, 27060, 2788, 6420, 4752, 460, 215140, 748
361576, 7008, 27044, 2784, 6424, 4752, 460, 215164, 748
361556, 7008, 27036, 2776, 6428, 4756, 460, 215192, 748
361540, 7016, 27028, 2772, 6436, 4752, 460, 215208, 748
361532, 7004, 27016, 2776, 6432, 4752, 460, 215240, 748
361524, 6996, 27004, 2780, 6420, 4756, 460, 215272, 748
361516, 6980, 26984, 2776, 6416, 4756, 460, 215324, 748
361500, 6984, 26972, 2780, 6416, 4756, 460, 215344, 748
361484, 6996, 26952, 2772, 6424, 4756, 460, 215368, 748
361476, 6968, 26952, 2772, 6428, 4756, 460, 215400, 748
361472, 6968, 26948, 2772, 6428, 4756, 460, 215408, 748
361468, 6956, 26932, 2772, 6428, 4756, 460, 215440, 748
361456, 6956, 26920, 2776, 6420, 4756, 460, 215468, 748
361444, 6948, 26916, 2776, 6424, 4756, 460, 215488, 748
361432, 6940, 26924, 2780, 6428, 4756, 460, 215492, 748
361412, 6940, 26912, 2784, 6420, 4756, 460, 215528, 748
361404, 6936, 26900, 2788, 6420, 4752, 464, 215548, 748
361396, 6932, 26896, 2780, 6420, 4748, 464, 215576, 748
361392, 6920, 26884, 2776, 6416, 4752, 464, 215608, 748
361372, 6920, 26884, 2772, 6420, 4748, 464, 215632, 748
361356, 6916, 26880, 2772, 6420, 4748, 464, 215652, 752
361348, 6900, 26880, 2772, 6420, 4748, 464, 215676, 752
361328, 6916, 26876, 2768, 6416, 4752, 464, 215688, 752
361312, 6912, 26864, 2764, 6424, 4748, 464, 215720, 752
361300, 6908, 26848, 2764, 6420, 4748, 464, 215756, 752
361296, 6908, 26820, 2760, 6420, 4748, 464, 215792, 752
361292, 6884, 26788, 2764, 6420, 4760, 460, 215840, 752
361284, 6880, 26788, 2760, 6416, 4764, 460, 215856, 752
361276, 6864, 26804, 2760, 6408, 4772, 460, 215864, 752
361272, 6844, 26796, 2764, 6404, 4772, 460, 215896, 752
361268, 6848, 26776, 2756, 6408, 4776, 460, 215916, 752
361264, 6804, 26800, 2760, 6412, 4772, 460, 215936, 752
361252, 6804, 26792, 2752, 6416, 4772, 460, 215960, 752
361240, 6788, 26796, 2752, 6404, 4780, 460, 215988, 752
361240, 6776, 26788, 2748, 6408, 4780, 460, 216008, 752
361236, 6768, 26764, 2740, 6408, 4780, 460, 216052, 752
361228, 6764, 26764, 2744, 6400, 4784, 460, 216064, 752
361220, 6748, 26756, 2748, 6404, 4776, 464, 216092, 752
361220, 6744, 26732, 2748, 6396, 4776, 464, 216128, 752
361220, 6732, 26708, 2748, 6396, 4772, 464, 216168, 752
361208, 6736, 26696, 2740, 6396, 4776, 464, 216192, 752
361208, 6712, 26700, 2740, 6388, 4780, 464, 216216, 752
361196, 6712, 26696, 2740, 6384, 4780, 464, 216236, 752
361188, 6704, 26664, 2744, 6388, 4780, 464, 216276, 752
361184, 6700, 26656, 2740, 6380, 4784, 464, 216296, 756
361184, 6692, 26648, 2732, 6380, 4780, 468, 216320, 756
361172, 6696, 26636, 2724, 6384, 4784, 468, 216340, 756
361164, 6680, 26652, 2716, 6384, 4784, 468, 216356, 756
361160, 6676, 26632, 2716, 6376, 4784, 468, 216392, 756
361156, 6680, 26608, 2716, 6368, 4788, 468, 216420, 756
361144, 6676, 26592, 2720, 6360, 4788, 468, 216456, 756
361136, 6676, 26572, 2724, 6356, 4788, 468, 216480, 760
361136, 6660, 26560, 2720, 6356, 4784, 468, 216516, 760
361116, 6668, 26540, 2720, 6352, 4784, 468, 216552, 760
361104, 6652, 26548, 2716, 6356, 4788, 468, 216568, 760
361092, 6648, 26540, 2716, 6360, 4784, 468, 216592, 760
361084, 6636, 26536, 2720, 6364, 4780, 468, 216612, 760
361076, 6620, 26544, 2716, 6368, 4784, 464, 216628, 760
361060, 6620, 26536, 2720, 6364, 4788, 464, 216648, 760
361056, 6592, 26528, 2728, 6360, 4788, 464, 216684, 760
361048, 6592, 26508, 2728, 6352, 4788, 464, 216720, 760
361032, 6596, 26492, 2736, 6348, 4788, 464, 216744, 760
361020, 6600, 26476, 2732, 6352, 4788, 464, 216768, 760
361008, 6596, 26456, 2736, 6348, 4784, 464, 216808, 760
361004, 6584, 26452, 2736, 6352, 4784, 464, 216824, 760
360996, 6564, 26468, 2740, 6344, 4776, 464, 216848, 760
360980, 6560, 26472, 2736, 6344, 4776, 464, 216868, 760
360976, 6544, 26460, 2736, 6340, 4776, 464, 216904, 760
360956, 6548, 26472, 2736, 6336, 4776, 464, 216912, 760
360948, 6540, 26472, 2736, 6332, 4772, 464, 216936, 760
360940, 6520, 26464, 2736, 6336, 4772, 464, 216968, 760
360936, 6516, 26456, 2732, 6332, 4772, 464, 216992, 760
360928, 6516, 26444, 2732, 6324, 4772, 464, 217020, 760
360928, 6504, 26416, 2736, 6324, 4772, 464, 217056, 760
360916, 6484, 26396, 2752, 6320, 4776, 464, 217092, 760
360900, 6488, 26376, 2736, 6324, 4776, 464, 217136, 760
360900, 6476, 26372, 2736, 6316, 4772, 468, 217160, 760
360900, 6452, 26368, 2728, 6324, 4776, 468, 217184, 760
360896, 6440, 26376, 2720, 6320, 4780, 468, 217196, 764
360880, 6444, 26372, 2720, 6316, 4780, 468, 217216, 764
360852, 6460, 26368, 2724, 6304, 4776, 468, 217244, 764
360836, 6456, 26372, 2724, 6296, 4780, 468, 217264, 764
360804, 6460, 26388, 2724, 6292, 4780, 468, 217280, 764
360792, 6464, 26372, 2708, 6304, 4780, 468, 217308, 764
360764, 6472, 26376, 2708, 6296, 4784, 464, 217328, 768
360752, 6480, 26364, 2708, 6280, 4788, 456, 217360, 772
360720, 6496, 26364, 2708, 6280, 4788, 456, 217376, 772
360704, 6492, 26364, 2720, 6268, 4796, 456, 217388, 772
360680, 6500, 26368, 2724, 6256, 4800, 456, 217404, 772
360668, 6500, 26360, 2724, 6260, 4800, 456, 217420, 772
360636, 6520, 26352, 2716, 6272, 4796, 456, 217440, 772
360612, 6536, 26328, 2720, 6272, 4796, 456, 217468, 772
360572, 6552, 26344, 2720, 6264, 4800, 456, 217480, 772
360532, 6580, 26336, 2724, 6260, 4800, 456, 217500, 772
360488, 6616, 26324, 2716, 6264, 4800, 456, 217524, 772
360444, 6648, 26316, 2716, 6260, 4796, 456, 217552, 772
360412, 6668, 26312, 2712, 6260, 4796, 456, 217572, 772
360364, 6700, 26308, 2712, 6256, 4800, 456, 217592, 772
360324, 6724, 26312, 2712, 6240, 4804, 456, 217616, 772
360296, 6724, 26312, 2712, 6240, 4808, 456, 217640, 772
360232, 6780, 26308, 2712, 6224, 4808, 456, 217668, 772
360172, 6820, 26300, 2712, 6224, 4804, 456, 217700, 772
360136, 6844, 26284, 2712, 6232, 4804, 456, 217720, 772
360088, 6892, 26276, 2708, 6232, 4804, 456, 217732, 772
360080, 6884, 26272, 2716, 6232, 4800, 456, 217748, 772
360040, 6916, 26252, 2712, 6232, 4800, 456, 217780, 772
360012, 6928, 26236, 2712, 6232, 4800, 456, 217812, 772
359988, 6940, 26232, 2708, 6232, 4796, 460, 217832, 772
359960, 6944, 26236, 2708, 6232, 4800, 460, 217848, 772
359924, 6972, 26228, 2704, 6232, 4792, 464, 217872, 772
359888, 6996, 26220, 2700, 6228, 4788, 464, 217904, 772
359848, 7032, 26204, 2700, 6220, 4788, 464, 217932, 772
359820, 7052, 26196, 2704, 6216, 4792, 464, 217944, 772
359792, 7060, 26184, 2708, 6216, 4792, 464, 217972, 772
359772, 7064, 26168, 2704, 6220, 4792, 464, 218004, 772
359748, 7076, 26156, 2700, 6224, 4792, 464, 218028, 772
359712, 7100, 26148, 2700, 6224, 4792, 464, 218048, 772
359700, 7104, 26156, 2692, 6228, 4792, 464, 218052, 772
359656, 7140, 26148, 2692, 6228, 4792, 464, 218068, 772
359648, 7136, 26132, 2680, 6240, 4792, 464, 218096, 772
359632, 7144, 26132, 2676, 6240, 4788, 464, 218112, 772
359596, 7164, 26124, 2672, 6240, 4788, 464, 218140, 772
359576, 7168, 26132, 2676, 6232, 4788, 464, 218152, 772
359532, 7208, 26120, 2668, 6240, 4792, 464, 218164, 772
359508, 7224, 26112, 2668, 6240, 4788, 464, 218180, 776
359468, 7252, 26112, 2656, 6248, 4788, 464, 218196, 776
359432, 7268, 26100, 2664, 6244, 4788, 464, 218224, 776
359396, 7296, 26068, 2664, 6236, 4792, 464, 218268, 776
359392, 7284, 26044, 2668, 6240, 4792, 464, 218300, 776
359356, 7304, 26032, 2668, 6244, 4796, 464, 218320, 776
359348, 7288, 26036, 2672, 6232, 4800, 464, 218344, 776
359316, 7304, 26020, 2684, 6232, 4800, 464, 218364, 776
359304, 7300, 26024, 2684, 6228, 4800, 464, 218380, 776
359284, 7304, 26012, 2684, 6228, 4800, 464, 218408, 776
359256, 7328, 25992, 2680, 6220, 4800, 464, 218440, 780
359232, 7340, 25980, 2684, 6216, 4796, 464, 218468, 780
359220, 7328, 25972, 2688, 6216, 4788, 464, 218504, 780
359208, 7316, 25960, 2680, 6224, 4784, 464, 218544, 780
359196, 7316, 25944, 2672, 6232, 4784, 464, 218572, 780
359184, 7304, 25948, 2672, 6240, 4784, 464, 218584, 780
359168, 7304, 25940, 2676, 6224, 4784, 464, 218620, 780
359156, 7300, 25928, 2668, 6232, 4784, 464, 218648, 780
359144, 7308, 25916, 2660, 6244, 4784, 464, 218660, 780
359140, 7308, 25892, 2652, 6252, 4784, 464, 218688, 780
359140, 7296, 25876, 2652, 6248, 4784, 464, 218720, 780
359132, 7296, 25856, 2648, 6248, 4784, 464, 218752, 780
359116, 7296, 25848, 2644, 6248, 4780, 468, 218780, 780
359096, 7308, 25848, 2640, 6248, 4780, 468, 218792, 780
359096, 7288, 25840, 2640, 6244, 4780, 468, 218824, 780
359096, 7260, 25852, 2636, 6236, 4780, 468, 218852, 780
359088, 7252, 25844, 2640, 6236, 4780, 468, 218872, 780
359076, 7228, 25852, 2640, 6236, 4780, 468, 218900, 780
359072, 7220, 25840, 2644, 6220, 4784, 468, 218932, 780
359052, 7216, 25832, 2644, 6216, 4780, 468, 218972, 780
359028, 7224, 25816, 2644, 6216, 4784, 468, 219000, 780
359020, 7216, 25820, 2648, 6212, 4784, 468, 219012, 780
359016, 7220, 25808, 2648, 6212, 4780, 468, 219028, 780
359012, 7216, 25800, 2644, 6220, 4780, 468, 219040, 780
359004, 7212, 25804, 2644, 6220, 4780, 468, 219048, 780
359004, 7208, 25792, 2640, 6216, 4780, 468, 219072, 780
358996, 7200, 25796, 2640, 6216, 4780, 468, 219084, 780
358988, 7196, 25792, 2644, 6212, 4780, 468, 219100, 780
358984, 7192, 25784, 2640, 6212, 4784, 468, 219116, 780
358976, 7188, 25768, 2632, 6220, 4784, 468, 219144, 780
358964, 7184, 25768, 2640, 6220, 4784, 468, 219152, 780
358960, 7172, 25744, 2636, 6224, 4784, 468, 219192, 780
358948, 7152, 25744, 2640, 6220, 4784, 468, 219224, 780
358940, 7140, 25736, 2640, 6228, 4788, 464, 219244, 780
358936, 7136, 25720, 2640, 6228, 4788, 464, 219268, 780
358916, 7140, 25724, 2636, 6232, 4788, 464, 219280, 780
358912, 7124, 25704, 2644, 6220, 4792, 464, 219320, 780
358912, 7104, 25684, 2636, 6228, 4788, 464, 219364, 780
358908, 7096, 25648, 2636, 6224, 4788, 464, 219416, 780
358900, 7096, 25620, 2632, 6216, 4788, 464, 219464, 780
358892, 7088, 25616, 2628, 6220, 4788, 464, 219484, 780
358880, 7080, 25612, 2632, 6220, 4784, 468, 219504, 780
358880, 7072, 25604, 2636, 6212, 4784, 468, 219524, 780
358872, 7060, 25604, 2636, 6220, 4784, 468, 219536, 780
358860, 7068, 25576, 2636, 6212, 4788, 468, 219572, 780
358860, 7052, 25556, 2640, 6204, 4788, 468, 219612, 780
358860, 7020, 25532, 2656, 6196, 4784, 468, 219664, 780
358856, 7012, 25536, 2652, 6192, 4784, 468, 219680, 780
358840, 7000, 25544, 2656, 6192, 4784, 468, 219696, 780
358820, 6996, 25544, 2656, 6188, 4788, 464, 219724, 780
358808, 6980, 25544, 2660, 6184, 4792, 464, 219748, 780
358792, 6976, 25548, 2648, 6184, 4800, 464, 219768, 780
358788, 6956, 25556, 2636, 6188, 4804, 464, 219788, 780
358788, 6944, 25548, 2636, 6192, 4804, 464, 219804, 780
358780, 6928, 25540, 2640, 6196, 4804, 464, 219828, 780
358780, 6916, 25544, 2644, 6196, 4804, 464, 219832, 780
358776, 6896, 25540, 2648, 6188, 4804, 464, 219864, 780
358760, 6888, 25544, 2652, 6188, 4804, 464, 219880, 780
358756, 6872, 25544, 2648, 6184, 4808, 468, 219900, 780
358756, 6824, 25532, 2672, 6176, 4808, 468, 219944, 780
358740, 6828, 25512, 2676, 6168, 4804, 468, 219984, 780
358724, 6812, 25512, 2676, 6164, 4804, 468, 220020, 780
358712, 6812, 25504, 2664, 6168, 4812, 468, 220040, 780
358696, 6800, 25500, 2668, 6176, 4812, 468, 220060, 780
358680, 6808, 25492, 2668, 6152, 4820, 468, 220088, 784
358668, 6808, 25484, 2672, 6140, 4824, 468, 220112, 784
358664, 6796, 25464, 2676, 6132, 4824, 468, 220152, 784
358660, 6776, 25464, 2680, 6128, 4828, 464, 220176, 784
358652, 6780, 25452, 2680, 6116, 4824, 464, 220208, 784
358636, 6784, 25448, 2684, 6112, 4824, 464, 220224, 784
358632, 6768, 25448, 2692, 6108, 4828, 464, 220236, 784
358612, 6768, 25444, 2704, 6108, 4828, 464, 220248, 784
358600, 6760, 25444, 2708, 6104, 4828, 464, 220268, 784
358596, 6760, 25440, 2700, 6108, 4828, 464, 220280, 784
358596, 6732, 25436, 2704, 6108, 4828, 464, 220308, 784
358592, 6724, 25420, 2704, 6112, 4824, 464, 220336, 784
358588, 6712, 25416, 2700, 6116, 4820, 464, 220360, 784
358564, 6736, 25396, 2696, 6120, 4820, 464, 220380, 784
358556, 6728, 25392, 2688, 6128, 4820, 464, 220400, 784
358548, 6704, 25408, 2696, 6112, 4824, 464, 220420, 784
358544, 6696, 25396, 2692, 6116, 4820, 464, 220448, 784
358540, 6696, 25364, 2692, 6120, 4820, 464, 220480, 784
358532, 6696, 25368, 2688, 6116, 4820, 464, 220492, 784
358524, 6680, 25340, 2692, 6112, 4824, 464, 220540, 784
358516, 6676, 25348, 2692, 6112, 4824, 464, 220544, 784
358508, 6668, 25348, 2696, 6112, 4828, 464, 220552, 784
358500, 6660, 25324, 2692, 6120, 4828, 464, 220588, 784
358492, 6644, 25300, 2688, 6120, 4828, 464, 220640, 784
358492, 6616, 25300, 2696, 6120, 4828, 464, 220660, 784
358468, 6624, 25288, 2688, 6124, 4828, 464, 220692, 784
358448, 6632, 25268, 2688, 6120, 4828, 464, 220728, 784
358428, 6640, 25256, 2688, 6120, 4828, 464, 220752, 784
358420, 6624, 25268, 2684, 6124, 4828, 464, 220764, 784
358408, 6608, 25280, 2680, 6124, 4832, 464, 220780, 784
358400, 6588, 25260, 2684, 6120, 4832, 464, 220828, 784
358384, 6572, 25268, 2692, 6104, 4840, 464, 220852, 784
358360, 6580, 25256, 2696, 6096, 4844, 464, 220880, 784
358336, 6580, 25260, 2700, 6088, 4848, 464, 220900, 784
358300, 6592, 25248, 2696, 6088, 4852, 464, 220936, 784
358284, 6604, 25240, 2692, 6084, 4852, 464, 220956, 784
358260, 6624, 25220, 2688, 6076, 4852, 464, 220988, 788
358212, 6656, 25224, 2684, 6072, 4848, 464, 221012, 788
358188, 6676, 25208, 2684, 6068, 4844, 468, 221036, 788
358168, 6676, 25212, 2684, 6064, 4844, 464, 221056, 792
358136, 6708, 25192, 2676, 6064, 4844, 464, 221084, 792
358116, 6716, 25188, 2664, 6064, 4844, 464, 221112, 792
358080, 6732, 25172, 2664, 6052, 4844, 464, 221160, 792
358040, 6760, 25176, 2664, 6044, 4848, 464, 221172, 792
358008, 6784, 25172, 2664, 6040, 4848, 464, 221188, 792
357976, 6796, 25164, 2668, 6028, 4848, 464, 221224, 792
357920, 6844, 25164, 2672, 6020, 4848, 464, 221236, 792
357880, 6872, 25160, 2668, 6016, 4852, 464, 221256, 792
357856, 6880, 25164, 2672, 6008, 4856, 464, 221268, 792
357840, 6872, 25144, 2680, 6016, 4856, 464, 221296, 792
357780, 6916, 25140, 2684, 6016, 4856, 460, 221316, 792
357752, 6924, 25120, 2692, 6012, 4856, 460, 221352, 792
357728, 6920, 25100, 2700, 6000, 4868, 460, 221392, 792
357676, 6960, 25104, 2696, 5992, 4872, 460, 221404, 796
357668, 6960, 25100, 2692, 5996, 4872, 460, 221416, 796
357624, 6996, 25096, 2688, 5996, 4872, 460, 221432, 796
357612, 7004, 25096, 2688, 5992, 4872, 460, 221440, 796
357592, 7000, 25092, 2692, 5988, 4872, 460, 221468, 796
357564, 7024, 25084, 2688, 5988, 4872, 460, 221484, 796
357536, 7044, 25076, 2680, 5988, 4876, 460, 221504, 796
357508, 7060, 25076, 2676, 5976, 4876, 460, 221532, 796
357484, 7052, 25104, 2672, 5972, 4880, 460, 221540, 796
357460, 7060, 25092, 2680, 5968, 4876, 460, 221568, 796
357424, 7080, 25080, 2672, 5980, 4876, 460, 221592, 796
357404, 7088, 25088, 2660, 5988, 4876, 460, 221600, 796
357388, 7076, 25104, 2660, 5992, 4876, 460, 221608, 796
357352, 7108, 25080, 2652, 6000, 4872, 460, 221640, 796
357328, 7116, 25056, 2656, 6000, 4872, 460, 221676, 796
357312, 7120, 25032, 2652, 5996, 4880, 456, 221716, 796
357288, 7140, 25016, 2652, 5996, 4876, 460, 221736, 796
357272, 7136, 25016, 2644, 6004, 4876, 460, 221756, 796
357248, 7148, 25020, 2644, 6008, 4876, 460, 221760, 796
357216, 7160, 25016, 2656, 6004, 4880, 456, 221776, 796
357200, 7152, 25028, 2656, 6000, 4880, 456, 221792, 796
357164, 7160, 25032, 2660, 5988, 4880, 456, 221824, 796
357136, 7184, 25016, 2660, 5980, 4876, 460, 221852, 796
357120, 7184, 25000, 2648, 5992, 4876, 460, 221884, 796
357112, 7180, 25000, 2648, 5992, 4876, 460, 221896, 796
357104, 7176, 24992, 2652, 5988, 4876, 460, 221916, 796
357092, 7176, 24988, 2652, 5984, 4876, 460, 221936, 796
357076, 7160, 25012, 2652, 5984, 4876, 460, 221944, 796
357064, 7156, 24988, 2656, 5984, 4872, 460, 221984, 796
357048, 7160, 24984, 2652, 5972, 4876, 460, 222012, 796
357036, 7152, 24976, 2648, 5976, 4876, 460, 222040, 796
357024, 7144, 24980, 2652, 5976, 4868, 460, 222060, 796
356996, 7160, 24964, 2656, 5976, 4868, 460, 222084, 796
356992, 7140, 24960, 2664, 5960, 4868, 460, 222120, 796
356984, 7124, 24960, 2652, 5964, 4864, 460, 222156, 796
356980, 7112, 24952, 2652, 5960, 4864, 460, 222184, 796
356976, 7084, 24940, 2652, 5960, 4868, 460, 222224, 796
356972, 7072, 24940, 2648, 5964, 4868, 460, 222240, 796
356968, 7060, 24944, 2648, 5956, 4872, 460, 222256, 796
356964, 7052, 24924, 2648, 5960, 4872, 460, 222284, 796
356956, 7048, 24892, 2656, 5960, 4868, 460, 222320, 800
356940, 7040, 24908, 2644, 5964, 4868, 460, 222336, 800
356940, 7032, 24900, 2644, 5964, 4868, 460, 222352, 800
356936, 7024, 24884, 2648, 5948, 4868, 460, 222392, 800
356928, 7020, 24864, 2652, 5940, 4872, 456, 222428, 800
356924, 7008, 24848, 2656, 5948, 4868, 456, 222452, 800
356912, 7004, 24844, 2644, 5952, 4872, 456, 222476, 800
356904, 7000, 24836, 2644, 5956, 4872, 456, 222492, 800
356896, 6996, 24828, 2648, 5952, 4872, 452, 222516, 800
356884, 6996, 24812, 2628, 5964, 4868, 456, 222552, 800
356876, 6992, 24808, 2628, 5968, 4868, 456, 222564, 800
356876, 6980, 24800, 2628, 5960, 4868, 456, 222592, 800
356864, 6984, 24776, 2628, 5956, 4864, 456, 222632, 800
356852, 6980, 24752, 2632, 5952, 4860, 456, 222676, 800
356840, 6968, 24744, 2640, 5952, 4860, 456, 222700, 800
356836, 6952, 24724, 2644, 5956, 4860, 456, 222732, 800
356832, 6944, 24724, 2636, 5960, 4856, 456, 222752, 800
356828, 6936, 24720, 2636, 5960, 4856, 456, 222768, 800
356816, 6936, 24720, 2636, 5960, 4856, 456, 222780, 800
356808, 6936, 24728, 2632, 5960, 4856, 456, 222784, 800
356800, 6928, 24728, 2632, 5960, 4860, 456, 222796, 800
356792, 6912, 24744, 2628, 5964, 4860, 456, 222804, 800
356784, 6916, 24736, 2628, 5964, 4860, 456, 222816, 800
356780, 6884, 24760, 2632, 5956, 4860, 456, 222832, 800
356776, 6872, 24768, 2632, 5944, 4864, 456, 222848, 800
356772, 6856, 24760, 2624, 5952, 4864, 456, 222876, 800
356756, 6848, 24760, 2624, 5944, 4864, 456, 222904, 804
356752, 6828, 24768, 2628, 5948, 4856, 460, 222916, 804
356744, 6824, 24768, 2620, 5952, 4856, 460, 222932, 804
356732, 6824, 24756, 2608, 5956, 4860, 460, 222960, 804
356720, 6816, 24768, 2600, 5964, 4860, 460, 222968, 804
356716, 6804, 24768, 2604, 5960, 4860, 460, 222984, 804
356712, 6784, 24780, 2604, 5948, 4864, 460, 223004, 804
356708, 6772, 24784, 2596, 5944, 4868, 460, 223024, 804
356700, 6752, 24804, 2596, 5940, 4868, 460, 223036, 804
356696, 6724, 24804, 2600, 5940, 4864, 460, 223068, 804
356688, 6720, 24780, 2600, 5936, 4872, 460, 223100, 804
356676, 6712, 24776, 2600, 5932, 4872, 460, 223128, 804
356668, 6712, 24772, 2596, 5920, 4872, 460, 223156, 804
356660, 6712, 24780, 2596, 5916, 4872, 460, 223160, 804
356656, 6700, 24772, 2604, 5916, 4872, 460, 223176, 804
356652, 6696, 24756, 2600, 5920, 4872, 460, 223200, 804
356652, 6684, 24736, 2600, 5920, 4872, 460, 223232, 804
356648, 6688, 24724, 2600, 5920, 4872, 460, 223244, 804
356636, 6692, 24716, 2596, 5912, 4864, 464, 223276, 804
356632, 6684, 24724, 2592, 5908, 4864, 464, 223288, 804
356628, 6672, 24708, 2596, 5896, 4872, 464, 223320, 804
356624, 6652, 24700, 2604, 5896, 4872, 464, 223344, 804
356620, 6648, 24688, 2596, 5900, 4872, 464, 223368, 804
356616, 6640, 24692, 2596, 5904, 4872, 464, 223372, 804
356608, 6640, 24684, 2596, 5904, 4872, 464, 223388, 804
356600, 6636, 24680, 2592, 5912, 4872, 464, 223400, 804
356580, 6644, 24676, 2596, 5904, 4872, 464, 223420, 804
356568, 6636, 24672, 2600, 5904, 4868, 464, 223444, 804
356552, 6636, 24664, 2596, 5912, 4864, 464, 223468, 804
356540, 6644, 24652, 2596, 5912, 4864, 464, 223484, 804
356524, 6640, 24644, 2584, 5916, 4868, 464, 223516, 804
356516, 6636, 24644, 2584, 5912, 4868, 464, 223532, 804
356516, 6620, 24636, 2580, 5916, 4868, 464, 223556, 804
356500, 6608, 24636, 2584, 5908, 4864, 464, 223592, 804
356492, 6608, 24620, 2584, 5908, 4860, 464, 223620, 804
356480, 6604, 24624, 2584, 5908, 4864, 460, 223632, 804
356476, 6584, 24636, 2580, 5908, 4864, 460, 223648, 804
356456, 6572, 24632, 2572, 5916, 4864, 460, 223684, 804
356448, 6560, 24616, 2588, 5904, 4868, 460, 223712, 804
356428, 6564, 24620, 2592, 5892, 4876, 460, 223724, 804
356428, 6548, 24624, 2576, 5904, 4872, 460, 223744, 804
356420, 6536, 24624, 2580, 5900, 4876, 460, 223760, 804
356412, 6540, 24612, 2584, 5896, 4880, 460, 223772, 804
356392, 6536, 24612, 2584, 5904, 4880, 460, 223788, 804
356388, 6524, 24608, 2584, 5904, 4880, 460, 223808, 804
356388, 6524, 24588, 2584, 5904, 4876, 460, 223828, 808
356380, 6516, 24596, 2580, 5892, 4880, 460, 223848, 808
356376, 6508, 24592, 2580, 5884, 4884, 460, 223868, 808
356372, 6504, 24572, 2580, 5880, 4884, 460, 223900, 808
356364, 6492, 24576, 2580, 5872, 4888, 460, 223920, 808
356364, 6488, 24572, 2580, 5872, 4888, 460, 223928, 808
356348, 6492, 24568, 2584, 5872, 4888, 460, 223940, 808
356332, 6464, 24576, 2588, 5872, 4880, 464, 223976, 808
356320, 6456, 24596, 2588, 5872, 4880, 464, 223976, 808
356312, 6448, 24600, 2584, 5872, 4884, 464, 223988, 808
356292, 6460, 24588, 2584, 5872, 4884, 464, 224008, 808
356280, 6452, 24588, 2580, 5864, 4888, 464, 224036, 808
356260, 6448, 24604, 2576, 5856, 4892, 464, 224052, 808
356236, 6456, 24588, 2572, 5864, 4888, 468, 224080, 808
356224, 6452, 24600, 2572, 5856, 4892, 468, 224088, 808
356200, 6456, 24608, 2576, 5848, 4896, 468, 224100, 808
356164, 6468, 24604, 2580, 5852, 4896, 464, 224120, 812
356152, 6464, 24584, 2576, 5852, 4896, 464, 224160, 812
356104, 6500, 24584, 2568, 5852, 4896, 464, 224180, 812
356076, 6520, 24572, 2564, 5852, 4892, 464, 224204, 816
356048, 6520, 24584, 2560, 5852, 4892, 464, 224224, 816
356016, 6540, 24572, 2556, 5844, 4892, 464, 224260, 816
355988, 6548, 24564, 2552, 5844, 4896, 460, 224292, 816
355928, 6592, 24576, 2544, 5848, 4892, 464, 224300, 816
355900, 6600, 24572, 2548, 5836, 4900, 464, 224324, 816
355876, 6608, 24572, 2548, 5832, 4900, 464, 224344, 816
355828, 6632, 24572, 2552, 5828, 4900, 464, 224368, 816
355780, 6676, 24560, 2548, 5816, 4904, 464, 224396, 816
355728, 6720, 24540, 2544, 5816, 4908, 460, 224428, 816
355688, 6740, 24516, 2560, 5812, 4908, 460, 224460, 816
355652, 6756, 24520, 2556, 5812, 4908, 460, 224480, 816
355628, 6752, 24528, 2556, 5808, 4912, 460, 224500, 816
355600, 6752, 24540, 2568, 5804, 4908, 460, 224512, 816
355596, 6748, 24536, 2568, 5800, 4908, 460, 224528, 816
355584, 6728, 24532, 2580, 5800, 4908, 460, 224552, 816
355556, 6728, 24536, 2580, 5804, 4908, 460, 224572, 816
355520, 6748, 24528, 2584, 5804, 4908, 460, 224592, 816
355496, 6760, 24512, 2580, 5804, 4904, 460, 224628, 816
355472, 6760, 24496, 2588, 5808, 4904, 460, 224656, 816
355440, 6776, 24488, 2584, 5808, 4912, 460, 224672, 820
355424, 6780, 24484, 2576, 5816, 4908, 460, 224692, 820
355384, 6788, 24496, 2584, 5812, 4912, 460, 224704, 820
355368, 6784, 24500, 2584, 5812, 4912, 460, 224720, 820
355332, 6804, 24492, 2596, 5808, 4912, 460, 224736, 820
355308, 6800, 24492, 2604, 5808, 4912, 460, 224756, 820
355272, 6808, 24508, 2604, 5808, 4908, 460, 224772, 820
355240, 6832, 24496, 2608, 5804, 4908, 460, 224792, 820
355228, 6840, 24492, 2608, 5804, 4908, 460, 224800, 820
355200, 6860, 24480, 2596, 5816, 4908, 456, 224824, 820
355156, 6876, 24488, 2600, 5808, 4908, 456, 224848, 820
355128, 6880, 24492, 2608, 5808, 4908, 456, 224860, 820
355116, 6876, 24484, 2604, 5812, 4908, 456, 224884, 820
355084, 6904, 24456, 2596, 5820, 4908, 456, 224916, 820
355056, 6920, 24444, 2596, 5812, 4920, 452, 224940, 820
355028, 6928, 24416, 2600, 5808, 4924, 452, 224984, 820
355004, 6948, 24388, 2600, 5804, 4924, 452, 225020, 820
354972, 6968, 24380, 2596, 5808, 4924, 452, 225040, 820
354944, 6972, 24384, 2596, 5808, 4924, 452, 225060, 820
354892, 7012, 24372, 2596, 5808, 4924, 452, 225084, 820
354884, 6996, 24368, 2612, 5812, 4924, 452, 225092, 820
354860, 7008, 24368, 2612, 5808, 4924, 452, 225108, 820
354844, 7004, 24368, 2616, 5808, 4924, 452, 225124, 820
354832, 6980, 24348, 2628, 5808, 4928, 452, 225164, 820
354812, 6996, 24332, 2628, 5804, 4928, 452, 225188, 820
354800, 6996, 24308, 2616, 5816, 4928, 452, 225224, 820
354784, 7008, 24304, 2616, 5812, 4928, 452, 225236, 820
354780, 7008, 24292, 2604, 5816, 4928, 452, 225260, 820
354768, 7008, 24296, 2604, 5820, 4928, 452, 225264, 820
354764, 6984, 24284, 2596, 5824, 4928, 452, 225308, 820
354744, 6988, 24288, 2600, 5820, 4932, 452, 225316, 820
354740, 6972, 24264, 2600, 5820, 4932, 452, 225360, 820
354736, 6948, 24264, 2604, 5820, 4932, 452, 225384, 820
354732, 6944, 24240, 2604, 5816, 4936, 452, 225416, 820
354724, 6952, 24216, 2604, 5804, 4948, 452, 225440, 820
354712, 6944, 24204, 2608, 5804, 4944, 452, 225472, 820
354704, 6920, 24212, 2616, 5792, 4944, 452, 225500, 820
354700, 6912, 24208, 2612, 5788, 4944, 452, 225524, 820
354688, 6908, 24208, 2612, 5788, 4948, 452, 225536, 820
354688, 6888, 24212, 2616, 5776, 4952, 452, 225552, 824
354676, 6892, 24192, 2612, 5760, 4956, 452, 225596, 824
354664, 6896, 24180, 2604, 5768, 4956, 452, 225616, 824
354664, 6876, 24156, 2600, 5768, 4964, 448, 225660, 824
354656, 6852, 24160, 2604, 5764, 4968, 448, 225684, 824
354648, 6844, 24148, 2604, 5760, 4972, 444, 225716, 824
354640, 6824, 24160, 2596, 5768, 4972, 444, 225732, 824
354632, 6804, 24160, 2604, 5768, 4972, 444, 225752, 824
354628, 6804, 24144, 2604, 5756, 4976, 444, 225780, 824
354628, 6784, 24136, 2612, 5756, 4976, 444, 225800, 824
354624, 6788, 24108, 2608, 5752, 4976, 444, 225836, 824
354616, 6772, 24124, 2612, 5740, 4972, 444, 225856, 824
354612, 6756, 24132, 2608, 5748, 4972, 444, 225864, 824
354588, 6768, 24116, 2608, 5736, 4972, 444, 225904, 824
354588, 6736, 24116, 2612, 5732, 4972, 444, 225936, 824
354584, 6716, 24112, 2616, 5724, 4968, 444, 225972, 824
354584, 6696, 24100, 2612, 5716, 4968, 444, 226016, 824
354580, 6688, 24092, 2616, 5712, 4968, 444, 226032, 828
354576, 6676, 24104, 2612, 5712, 4968, 444, 226040, 828
354568, 6668, 24088, 2612, 5716, 4972, 444, 226064, 828
354568, 6656, 24084, 2612, 5712, 4968, 444, 226088, 828
354560, 6628, 24088, 2616, 5696, 4972, 444, 226128, 828
354556, 6616, 24088, 2612, 5688, 4976, 444, 226152, 828
354556, 6600, 24072, 2616, 5688, 4976, 444, 226180, 828
354552, 6596, 24060, 2620, 5688, 4976, 444, 226196, 828
354544, 6584, 24052, 2620, 5680, 4984, 440, 226228, 828
354540, 6572, 24056, 2620, 5688, 4984, 440, 226232, 828
354536, 6560, 24048, 2624, 5684, 4984, 440, 226256, 828
354532, 6536, 24032, 2636, 5676, 4984, 440, 226296, 828
354524, 6524, 24036, 2636, 5676, 4984, 440, 226312, 828
354512, 6516, 24036, 2636, 5672, 4984, 440, 226336, 828
354504, 6516, 24028, 2636, 5672, 4984, 440, 226352, 828
354492, 6512, 24024, 2632, 5672, 4984, 440, 226376, 828
354492, 6492, 24020, 2632, 5668, 4984, 440, 226404, 828
354488, 6480, 24008, 2632, 5668, 4984, 440, 226432, 828
354484, 6476, 24004, 2632, 5668, 4984, 440, 226444, 828
354476, 6468, 23964, 2640, 5672, 4984, 440, 226488, 828
354468, 6456, 23936, 2648, 5668, 4984, 440, 226532, 828
354452, 6456, 23932, 2652, 5668, 4984, 440, 226548, 828
354444, 6440, 23928, 2652, 5668, 4980, 444, 226576, 828
354428, 6448, 23920, 2656, 5660, 4976, 444, 226600, 828
354412, 6452, 23920, 2656, 5656, 4976, 444, 226616, 828
354408, 6456, 23908, 2648, 5660, 4976, 448, 226628, 828
354404, 6456, 23904, 2648, 5652, 4976, 448, 226644, 828
354404, 6440, 23904, 2648, 5648, 4976, 448, 226664, 828
354392, 6440, 23904, 2636, 5656, 4976, 448, 226680, 828
354384, 6432, 23912, 2624, 5660, 4976, 448, 226696, 828
354380, 6428, 23896, 2620, 5660, 4976, 448, 226724, 828
354356, 6440, 23896, 2608, 5668, 4972, 448, 226744, 828
354348, 6436, 23888, 2600, 5672, 4968, 448, 226772, 828
354340, 6424, 23884, 2604, 5664, 4968, 448, 226800, 828
354332, 6428, 23864, 2596, 5656, 4972, 448, 226836, 828
354328, 6416, 23860, 2592, 5664, 4972, 448, 226852, 828
354328, 6396, 23856, 2588, 5664, 4968, 452, 226880, 828
354324, 6388, 23856, 2588, 5652, 4972, 448, 226900, 832
354320, 6388, 23840, 2580, 5652, 4976, 448, 226924, 832
354312, 6388, 23832, 2584, 5640, 4976, 448, 226948, 832
354304, 6376, 23832, 2580, 5644, 4972, 452, 226968, 832
354296, 6372, 23832, 2580, 5640, 4972, 452, 226984, 832
354292, 6364, 23832, 2580, 5640, 4972, 452, 226996, 832
354280, 6360, 23836, 2576, 5640, 4972, 452, 227012, 832
354268, 6360, 23824, 2572, 5640, 4972, 452, 227040, 832
354256, 6348, 23828, 2576, 5636, 4976, 448, 227060, 832
354252, 6344, 23828, 2572, 5636, 4976, 448, 227072, 832
354240, 6348, 23828, 2564, 5640, 4976, 448, 227084, 832
354228, 6344, 23820, 2568, 5636, 4976, 448, 227108, 832
354224, 6344, 23812, 2568, 5640, 4972, 448, 227120, 832
354208, 6340, 23808, 2568, 5632, 4968, 448, 227152, 836
354208, 6312, 23816, 2572, 5624, 4980, 444, 227168, 836
354208, 6292, 23824, 2572, 5624, 4984, 444, 227176, 836
354200, 6284, 23828, 2568, 5624, 4984, 444, 227192, 836
354200, 6272, 23828, 2572, 5624, 4984, 444, 227200, 836
354188, 6268, 23828, 2572, 5620, 4984, 444, 227220, 836
354184, 6252, 23824, 2572, 5620, 4984, 444, 227244, 836
354172, 6240, 23820, 2584, 5612, 4984, 448, 227264, 836
354160, 6244, 23812, 2588, 5604, 4980, 448, 227288, 836
354156, 6236, 23788, 2592, 5604, 4980, 448, 227320, 836
354156, 6228, 23776, 2600, 5588, 4980, 448, 227348, 836
354148, 6224, 23772, 2600, 5584, 4980, 448, 227368, 836
354128, 6236, 23760, 2596, 5572, 4980, 448, 227404, 836
354116, 6228, 23756, 2600, 5564, 4984, 448, 227428, 836
354112, 6224, 23748, 2596, 5560, 4976, 448, 227460, 836
354108, 6216, 23732, 2592, 5564, 4976, 448, 227488, 836
354104, 6184, 23744, 2600, 5564, 4976, 448, 227504, 836
354084, 6192, 23744, 2600, 5564, 4976, 448, 227516, 836
354076, 6184, 23736, 2596, 5568, 4972, 448, 227544, 836
354076, 6176, 23720, 2596, 5568, 4972, 448, 227568, 836
354068, 6168, 23692, 2608, 5560, 4976, 448, 227604, 836
354056, 6172, 23672, 2612, 5556, 4976, 448, 227632, 836
354040, 6164, 23660, 2624, 5548, 4976, 448, 227664, 836
354028, 6164, 23632, 2620, 5544, 4980, 444, 227712, 836
354020, 6160, 23624, 2620, 5536, 4980, 444, 227740, 836
354020, 6132, 23628, 2628, 5528, 4988, 444, 227756, 836
354000, 6124, 23632, 2632, 5520, 4992, 444, 227780, 836
353988, 6120, 23612, 2624, 5524, 4988, 444, 227820, 840
353984, 6096, 23624, 2628, 5524, 4988, 444, 227832, 840
353976, 6100, 23604, 2620, 5520, 4992, 444, 227864, 840
353968, 6100, 23600, 2616, 5520, 4992, 444, 227880, 840
353960, 6084, 23596, 2624, 5524, 4992, 444, 227896, 840
353952, 6064, 23588, 2632, 5520, 4992, 444, 227928, 840
353944, 6060, 23588, 2628, 5520, 4992, 444, 227944, 840
353932, 6060, 23588, 2624, 5524, 4988, 444, 227960, 840
353916, 6056, 23584, 2628, 5516, 4988, 444, 227988, 840
353908, 6044, 23592, 2628, 5512, 4992, 444, 228000, 840
353896, 6048, 23576, 2628, 5508, 4984, 444, 228032, 844
353896, 6032, 23564, 2616, 5520, 4988, 444, 228056, 844
353876, 6036, 23556, 2608, 5532, 4992, 444, 228072, 844
353876, 6024, 23540, 2608, 5532, 4992, 444, 228100, 844
353868, 6020, 23528, 2612, 5528, 4992, 444, 228124, 844
353852, 6016, 23516, 2612, 5528, 4992, 444, 228156, 844
353836, 6024, 23508, 2608, 5528, 4992, 444, 228176, 844
353824, 6024, 23500, 2612, 5524, 4992, 444, 228196, 844
353812, 6036, 23472, 2604, 5528, 4992, 440, 228228, 848
353808, 6024, 23456, 2600, 5536, 4992, 440, 228256, 848
353796, 6020, 23452, 2600, 5544, 4992, 440, 228268, 848
353792, 6000, 23460, 2600, 5536, 4992, 440, 228292, 848
353780, 5992, 23460, 2604, 5536, 4992, 440, 228308, 848
353760, 6000, 23452, 2608, 5528, 4992, 440, 228332, 848
353736, 6004, 23452, 2616, 5528, 4992, 440, 228344, 848
353720, 6004, 23452, 2616, 5520, 4992, 440, 228368, 848
353712, 6012, 23436, 2616, 5512, 4992, 440, 228392, 848
353708, 5988, 23436, 2616, 5516, 4992, 440, 228416, 848
353700, 5976, 23432, 2616, 5516, 4992, 440, 228440, 848
353684, 5976, 23432, 2624, 5508, 4996, 440, 228452, 848
353680, 5964, 23428, 2628, 5508, 4988, 448, 228468, 848
353668, 5944, 23444, 2632, 5500, 4988, 448, 228488, 848
353660, 5932, 23440, 2636, 5508, 4988, 448, 228500, 848
353656, 5932, 23428, 2624, 5520, 4984, 448, 228520, 848
353656, 5904, 23424, 2624, 5516, 4984, 448, 228552, 852
353632, 5920, 23408, 2616, 5524, 4980, 452, 228576, 852
353628, 5892, 23404, 2624, 5524, 4980, 452, 228604, 852
353624, 5896, 23392, 2616, 5528, 4976, 452, 228624, 852
353616, 5888, 23380, 2620, 5528, 4976, 452, 228648, 852
353608, 5876, 23396, 2620, 5528, 4976, 452, 228652, 852
353596, 5876, 23380, 2616, 5528, 4976, 452, 228684, 852
353588, 5860, 23384, 2620, 5520, 4968, 452, 228716, 852
353580, 5864, 23368, 2616, 5520, 4972, 452, 228736, 852
353576, 5840, 23376, 2612, 5516, 4976, 452, 228760, 852
353568, 5804, 23372, 2616, 5520, 4972, 452, 228804, 852
353560, 5796, 23376, 2608, 5532, 4972, 452, 228812, 852
353556, 5792, 23368, 2608, 5520, 4972, 456, 228836, 852
353552, 5780, 23376, 2604, 5508, 4976, 456, 228856, 852
353548, 5756, 23372, 2604, 5512, 4976, 456, 228884, 852
353540, 5756, 23364, 2600, 5512, 4976, 456, 228904, 852
353532, 5748, 23360, 2604, 5504, 4972, 456, 228932, 852
353524, 5748, 23348, 2596, 5504, 4976, 456, 228956, 852
353516, 5752, 23348, 2588, 5504, 4976, 456, 228968, 852
353500, 5760, 23316, 2592, 5508, 4976, 456, 229000, 852
353484, 5768, 23304, 2584, 5512, 4980, 456, 229020, 852
353480, 5764, 23288, 2584, 5512, 4976, 456, 229048, 852
353460, 5768, 23280, 2584, 5516, 4976, 456, 229068, 852
353440, 5780, 23264, 2584, 5516, 4976, 456, 229092, 852
353424, 5784, 23252, 2584, 5508, 4976, 456, 229124, 852
353412, 5784, 23256, 2572, 5516, 4976, 456, 229136, 852
353404, 5772, 23264, 2556, 5528, 4976, 456, 229152, 852
353404, 5768, 23236, 2556, 5520, 4976, 456, 229192, 852
353396, 5764, 23232, 2556, 5524, 4976, 456, 229204, 852
353396, 5740, 23236, 2564, 5516, 4980, 456, 229220, 852
353392, 5724, 23236, 2552, 5524, 4980, 456, 229244, 852
353364, 5748, 23216, 2556, 5520, 4984, 456, 229264, 852
353356, 5744, 23204, 2552, 5520, 4984, 456, 229292, 852
353352, 5724, 23196, 2552, 5524, 4984, 456, 229320, 852
353352, 5712, 23200, 2556, 5516, 4980, 460, 229332, 852
353344, 5700, 23184, 2560, 5516, 4980, 460, 229364, 852
353336, 5692, 23180, 2568, 5512, 4980, 460, 229380, 852
353324, 5684, 23176, 2564, 5516, 4976, 460, 229408, 852
353312, 5680, 23180, 2564, 5508, 4976, 460, 229428, 852
353304, 5660, 23196, 2556, 5520, 4976, 460, 229436, 852
353296, 5660, 23200, 2556, 5516, 4972, 460, 229448, 852
353280, 5660, 23188, 2556, 5516, 4972, 460, 229476, 852
353268, 5660, 23188, 2552, 5512, 4976, 460, 229492, 852
353256, 5652, 23188, 2544, 5520, 4976, 460, 229512, 852
353244, 5652, 23192, 2540, 5516, 4976, 460, 229524, 856
353240, 5644, 23176, 2536, 5516, 4976, 460, 229556, 856
353236, 5636, 23168, 2540, 5504, 4976, 460, 229584, 856
353220, 5640, 23164, 2536, 5500, 4980, 460, 229604, 856
353212, 5636, 23156, 2544, 5496, 4976, 456, 229624, 860
353208, 5632, 23132, 2536, 5504, 4980, 452, 229656, 860
353196, 5640, 23120, 2536, 5500, 4976, 452, 229680, 860
353184, 5632, 23104, 2544, 5500, 4972, 452, 229712, 860
353168, 5628, 23108, 2548, 5496, 4972, 452, 229728, 860
353164, 5616, 23100, 2548, 5492, 4964, 452, 229756, 868
353160, 5612, 23092, 2548, 5484, 4964, 452, 229780, 868
353152, 5608, 23096, 2544, 5472, 4964, 456, 229800, 868
353144, 5596, 23108, 2540, 5464, 4964, 456, 229820, 868
353136, 5576, 23108, 2548, 5456, 4968, 456, 229844, 868
353136, 5556, 23100, 2548, 5460, 4964, 456, 229872, 868
353128, 5556, 23096, 2544, 5460, 4964, 456, 229888, 868
353112, 5556, 23096, 2544, 5456, 4968, 456, 229904, 868
353112, 5532, 23112, 2544, 5448, 4964, 456, 229924, 868
353100, 5540, 23104, 2540, 5452, 4964, 456, 229936, 868
353088, 5524, 23104, 2544, 5456, 4960, 456, 229960, 868
353084, 5516, 23084, 2548, 5452, 4960, 456, 229992, 868
353084, 5492, 23092, 2544, 5456, 4960, 456, 230008, 868
353068, 5484, 23100, 2548, 5460, 4956, 456, 230020, 868
353044, 5500, 23092, 2552, 5460, 4952, 456, 230036, 868
353040, 5496, 23084, 2548, 5464, 4948, 452, 230056, 872
353036, 5484, 23068, 2552, 5460, 4948, 452, 230088, 872
353028, 5472, 23064, 2552, 5456, 4948, 452, 230116, 872
353016, 5468, 23056, 2548, 5456, 4952, 452, 230140, 872
353012, 5472, 23040, 2548, 5452, 4952, 452, 230160, 872
353012, 5460, 23028, 2548, 5448, 4948, 452, 230192, 872
353004, 5448, 23040, 2552, 5448, 4944, 456, 230196, 872
353000, 5428, 23032, 2556, 5436, 4944, 456, 230236, 872
352996, 5400, 23040, 2560, 5432, 4948, 456, 230256, 872
352992, 5392, 23024, 2564, 5432, 4948, 456, 230280, 872
352992, 5364, 23020, 2576, 5420, 4952, 456, 230308, 872
352988, 5364, 23004, 2572, 5424, 4952, 456, 230328, 872
352980, 5368, 22996, 2568, 5416, 4956, 456, 230348, 872
352976, 5356, 23000, 2572, 5416, 4956, 456, 230356, 872
352968, 5328, 23012, 2572, 5416, 4952, 456, 230384, 872
352968, 5312, 23004, 2576, 5412, 4948, 456, 230412, 872
352960, 5296, 23016, 2572, 5412, 4944, 456, 230432, 872
352952, 5280, 23016, 2572, 5408, 4944, 456, 230460, 872
352948, 5276, 23012, 2580, 5404, 4944, 456, 230468, 872
352948, 5260, 23004, 2584, 5396, 4956, 452, 230488, 872
352948, 5252, 22992, 2580, 5396, 4952, 456, 230512, 872
352948, 5228, 22988, 2584, 5392, 4948, 456, 230544, 872
352944, 5228, 22980, 2576, 5400, 4948, 456, 230556, 872
352932, 5232, 22968, 2576, 5388, 4956, 452, 230584, 872
352924, 5228, 22952, 2576, 5392, 4952, 452, 230612, 872
352920, 5228, 22936, 2572, 5388, 4956, 452, 230636, 872
352916, 5200, 22944, 2572, 5380, 4956, 452, 230668, 872
352912, 5188, 22936, 2576, 5380, 4956, 452, 230688, 872
352912, 5176, 22924, 2568, 5388, 4956, 452, 230712, 872
352908, 5168, 22920, 2568, 5392, 4956, 452, 230724, 872
352908, 5140, 22924, 2580, 5384, 4964, 452, 230736, 872
352900, 5136, 22912, 2588, 5384, 4956, 452, 230760, 872
352888, 5108, 22920, 2600, 5380, 4956, 452, 230784, 872
352872, 5112, 22912, 2600, 5380, 4956, 452, 230804, 872
352864, 5108, 22916, 2596, 5380, 4956, 452, 230816, 872
352860, 5104, 22912, 2600, 5380, 4956, 452, 230824, 872
352852, 5092, 22920, 2600, 5372, 4960, 452, 230840, 872
352844, 5096, 22908, 2600, 5368, 4960, 452, 230860, 872
352844, 5080, 22908, 2596, 5364, 4956, 452, 230888, 872
352836, 5060, 22924, 2596, 5360, 4956, 452, 230904, 872
352828, 5040, 22936, 2600, 5352, 4960, 452, 230920, 872
352816, 5032, 22936, 2604, 5348, 4960, 452, 230940, 872
352812, 5028, 22932, 2588, 5360, 4964, 452, 230952, 872
352804, 5012, 22920, 2600, 5360, 4960, 448, 230984, 872
352796, 5000, 22924, 2600, 5360, 4960, 448, 231000, 872
352776, 5012, 22908, 2596, 5368, 4956, 448, 231024, 872
352768, 5012, 22892, 2596, 5360, 4956, 448, 231056, 872
352764, 5004, 22884, 2592, 5360, 4956, 448, 231080, 872
352764, 4988, 22876, 2592, 5356, 4960, 448, 231104, 872
352756, 4984, 22888, 2592, 5352, 4960, 448, 231108, 872
352740, 4988, 22892, 2600, 5348, 4960, 448, 231112, 872
352732, 4980, 22876, 2608, 5336, 4960, 448, 231148, 872
352716, 4984, 22868, 2608, 5344, 4956, 448, 231164, 872
352700, 4976, 22876, 2608, 5340, 4956, 448, 231184, 872
352676, 4992, 22856, 2612, 5332, 4964, 444, 231212, 872
352672, 4980, 22856, 2616, 5328, 4960, 444, 231232, 872
352668, 4972, 22848, 2608, 5340, 4960, 444, 231248, 872
352656, 4968, 22848, 2612, 5332, 4964, 444, 231264, 872
352644, 4972, 22832, 2612, 5328, 4964, 444, 231292, 872
352624, 4980, 22828, 2612, 5332, 4964, 444, 231304, 872
352608, 4972, 22840, 2608, 5336, 4964, 444, 231316, 872
352592, 4968, 22840, 2604, 5332, 4964, 444, 231344, 872
352572, 4976, 22844, 2604, 5328, 4960, 444, 231356, 876
352564, 4976, 22824, 2608, 5332, 4964, 440, 231376, 876
352560, 4956, 22824, 2624, 5328, 4964, 440, 231388, 876
352540, 4972, 22804, 2628, 5328, 4964, 440, 231408, 876
352536, 4964, 22812, 2624, 5324, 4964, 440, 231420, 876
352536, 4956, 22804, 2620, 5324, 4964, 440, 231440, 876
352532, 4952, 22800, 2616, 5328, 4960, 440, 231456, 876
352524, 4948, 22788, 2620, 5328, 4960, 440, 231476, 876
352524, 4940, 22776, 2612, 5332, 4960, 440, 231500, 876
352516, 4928, 22784, 2612, 5332, 4960, 440, 231512, 876
352504, 4928, 22756, 2608, 5340, 4956, 440, 231552, 876
352492, 4936, 22732, 2608, 5336, 4960, 440, 231580, 876
352480, 4948, 22728, 2604, 5332, 4960, 440, 231592, 876
352464, 4952, 22720, 2604, 5336, 4956, 440, 231612, 876
352456, 4952, 22712, 2604, 5336, 4948, 440, 231636, 876
352448, 4948, 22700, 2600, 5340, 4948, 440, 231660, 876
352448, 4928, 22704, 2604, 5336, 4948, 440, 231676, 876
352444, 4924, 22688, 2608, 5336, 4948, 440, 231696, 876
352440, 4908, 22684, 2604, 5344, 4940, 444, 231720, 876
352436, 4900, 22676, 2608, 5340, 4944, 444, 231736, 876
352432, 4892, 22676, 2600, 5340, 4948, 444, 231752, 876
352424, 4876, 22676, 2600, 5344, 4944, 444, 231776, 876
352420, 4856, 22692, 2592, 5344, 4944, 444, 231792, 876
352412, 4848, 22688, 2592, 5344, 4944, 444, 231812, 876
352412, 4828, 22692, 2588, 5344, 4944, 444, 231832, 876
352404, 4820, 22684, 2588, 5336, 4936, 444, 231868, 880
352404, 4808, 22680, 2588, 5336, 4936, 444, 231884, 880
352404, 4780, 22700, 2584, 5340, 4932, 448, 231892, 880
352396, 4772, 22700, 2572, 5344, 4928, 452, 231912, 884
352396, 4756, 22696, 2572, 5344, 4932, 452, 231928, 884
352384, 4756, 22688, 2564, 5348, 4932, 452, 231952, 884
352372, 4760, 22676, 2556, 5356, 4932, 452, 231972, 884
352368, 4756, 22672, 2564, 5352, 4936, 452, 231976, 884
352360, 4752, 22652, 2560, 5352, 4944, 448, 232008, 884
352348, 4752, 22632, 2552, 5364, 4936, 448, 232044, 884
352340, 4736, 22628, 2544, 5364, 4940, 448, 232076, 884
352332, 4712, 22640, 2540, 5364, 4940, 448, 232100, 884
352312, 4720, 22632, 2536, 5360, 4940, 448, 232128, 884
352296, 4720, 22644, 2520, 5372, 4940, 448, 232136, 884
352280, 4720, 22644, 2528, 5364, 4940, 448, 232152, 884
352268, 4724, 22640, 2532, 5364, 4940, 448, 232160, 884
352256, 4732, 22616, 2532, 5348, 4948, 448, 232196, 884
352236, 4740, 22616, 2528, 5344, 4952, 448, 232212, 884
352228, 4740, 22612, 2528, 5348, 4952, 448, 232220, 884
352216, 4744, 22600, 2524, 5352, 4952, 448, 232240, 884
352204, 4744, 22584, 2520, 5356, 4952, 448, 232268, 884
352200, 4736, 22580, 2520, 5360, 4952, 448, 232280, 884
352184, 4724, 22592, 2524, 5364, 4952, 448, 232288, 884
352172, 4716, 22584, 2532, 5368, 4952, 448, 232304, 884
352164, 4704, 22604, 2528, 5368, 4952, 448, 232308, 884
352156, 4692, 22612, 2524, 5368, 4952, 448, 232324, 884
352144, 4692, 22600, 2520, 5368, 4952, 448, 232352, 884
352140, 4688, 22576, 2524, 5364, 4952, 448, 232384, 884
352132, 4676, 22580, 2524, 5368, 4936, 448, 232412, 884
352132, 4656, 22576, 2524, 5364, 4936, 448, 232440, 884
352132, 4652, 22568, 2524, 5368, 4936, 448, 232448, 884
352128, 4648, 22560, 2524, 5372, 4932, 448, 232464, 884
352124, 4644, 22540, 2524, 5364, 4928, 448, 232500, 888
352120, 4640, 22532, 2524, 5364, 4928, 448, 232516, 888
352116, 4636, 22532, 2524, 5356, 4936, 448, 232524, 888
352116, 4632, 22524, 2524, 5340, 4936, 448, 232552, 888
352116, 4628, 22504, 2520, 5336, 4932, 452, 232580, 892
352116, 4620, 22488, 2508, 5344, 4928, 456, 232608, 892
352108, 4628, 22472, 2504, 5336, 4928, 456, 232636, 892
352108, 4612, 22476, 2504, 5328, 4928, 456, 232656, 892
352100, 4604, 22464, 2512, 5328, 4932, 452, 232676, 892
352096, 4588, 22460, 2512, 5324, 4932, 452, 232704, 892
352096, 4576, 22436, 2508, 5324, 4936, 452, 232740, 892
352092, 4572, 22432, 2504, 5324, 4932, 452, 232760, 892
352080, 4556, 22440, 2504, 5324, 4928, 452, 232780, 896
352080, 4544, 22440, 2504, 5312, 4924, 452, 232808, 896
352068, 4552, 22428, 2504, 5308, 4928, 452, 232824, 896
352056, 4560, 22424, 2504, 5312, 4928, 452, 232828, 896
352052, 4536, 22424, 2512, 5312, 4928, 452, 232848, 896
352052, 4532, 22412, 2508, 5312, 4928, 452, 232868, 896
352044, 4516, 22416, 2508, 5312, 4932, 448, 232888, 896
352040, 4508, 22416, 2508, 5312, 4932, 448, 232900, 896
352032, 4504, 22412, 2508, 5312, 4928, 448, 232920, 896
352028, 4488, 22424, 2504, 5312, 4928, 448, 232932, 896
352016, 4500, 22392, 2504, 5308, 4932, 448, 232964, 896
352012, 4476, 22384, 2508, 5304, 4928, 448, 233004, 896
351996, 4480, 22388, 2504, 5300, 4928, 448, 233016, 900
351992, 4468, 22384, 2504, 5300, 4928, 448, 233036, 900
351984, 4460, 22392, 2500, 5300, 4920, 452, 233052, 900
351984, 4448, 22392, 2500, 5292, 4924, 452, 233068, 900
351976, 4452, 22388, 2500, 5292, 4920, 456, 233076, 900
351972, 4444, 22372, 2508, 5276, 4920, 456, 233112, 900
351972, 4420, 22372, 2512, 5272, 4920, 456, 233136, 900
351972, 4404, 22356, 2508, 5264, 4920, 456, 233180, 900
351964, 4400, 22340, 2504, 5256, 4920, 456, 233220, 900
351964, 4396, 22316, 2508, 5252, 4924, 452, 233248, 900
351960, 4388, 22312, 2504, 5248, 4924, 452, 233272, 900
351948, 4384, 22312, 2496, 5252, 4920, 452, 233296, 900
351944, 4352, 22308, 2492, 5252, 4924, 452, 233336, 900
351932, 4352, 22300, 2488, 5240, 4928, 448, 233372, 900
351928, 4328, 22316, 2488, 5236, 4924, 448, 233392, 900
351924, 4328, 22308, 2476, 5236, 4928, 448, 233412, 900
351916, 4324, 22288, 2476, 5236, 4928, 448, 233444, 900
351912, 4312, 22268, 2480, 5236, 4928, 448, 233476, 900
351904, 4312, 22252, 2484, 5232, 4932, 448, 233496, 900
351896, 4312, 22252, 2484, 5228, 4932, 448, 233508, 900
351876, 4312, 22272, 2476, 5236, 4928, 448, 233512, 900
351872, 4308, 22248, 2480, 5236, 4920, 452, 233544, 900
351860, 4312, 22240, 2480, 5232, 4920, 452, 233564, 900
351824, 4344, 22244, 2476, 5236, 4920, 452, 233564, 900
351800, 4340, 22244, 2476, 5236, 4908, 460, 233596, 900
351788, 4348, 22220, 2468, 5236, 4916, 456, 233628, 900
351768, 4360, 22216, 2460, 5244, 4912, 456, 233644, 900
351756, 4356, 22220, 2460, 5248, 4912, 456, 233652, 900
351716, 4376, 22204, 2464, 5248, 4916, 456, 233680, 900
351692, 4384, 22212, 2460, 5248, 4916, 456, 233692, 900
351672, 4392, 22200, 2460, 5248, 4912, 456, 233720, 900
351644, 4400, 22192, 2468, 5248, 4912, 456, 233740, 900
351628, 4408, 22180, 2460, 5252, 4916, 456, 233760, 900
351580, 4428, 22184, 2460, 5256, 4912, 456, 233784, 900
351560, 4440, 22168, 2464, 5256, 4912, 456, 233804, 900
351524, 4464, 22180, 2456, 5252, 4916, 456, 233812, 900
351496, 4484, 22172, 2456, 5248, 4916, 456, 233832, 900
351476, 4492, 22164, 2452, 5248, 4920, 456, 233848, 904
351440, 4516, 22152, 2448, 5252, 4920, 456, 233872, 904
351412, 4520, 22152, 2436, 5256, 4912, 456, 233908, 908
351372, 4544, 22144, 2432, 5260, 4912, 456, 233932, 908
351344, 4560, 22140, 2436, 5252, 4916, 456, 233948, 908
351320, 4572, 22140, 2440, 5232, 4912, 456, 233980, 908
351288, 4580, 22140, 2444, 5228, 4912, 456, 234004, 908
351244, 4600, 22156, 2440, 5232, 4912, 456, 234012, 908
351228, 4604, 22152, 2440, 5228, 4912, 456, 234032, 908
351200, 4620, 22128, 2440, 5228, 4912, 456, 234068, 908
351164, 4640, 22124, 2448, 5228, 4916, 456, 234076, 908
351128, 4664, 22120, 2444, 5216, 4916, 452, 234108, 912
351108, 4684, 22112, 2440, 5216, 4916, 452, 234120, 912
351084, 4700, 22104, 2440, 5212, 4916, 452, 234140, 912
351052, 4720, 22096, 2440, 5212, 4916, 452, 234160, 912
351024, 4740, 22096, 2440, 5204, 4920, 452, 234172, 912
351004, 4736, 22104, 2436, 5208, 4916, 452, 234192, 912
350972, 4760, 22092, 2436, 5204, 4916, 452, 234216, 912
350956, 4772, 22076, 2440, 5200, 4920, 448, 234236, 912
350940, 4776, 22068, 2440, 5204, 4916, 448, 234256, 912
350920, 4788, 22060, 2432, 5208, 4916, 448, 234276, 912
350888, 4800, 22056, 2432, 5208, 4912, 448, 234304, 912
350868, 4812, 22052, 2416, 5220, 4908, 452, 234320, 912
350840, 4828, 22052, 2412, 5224, 4908, 452, 234332, 912
350808, 4852, 22040, 2412, 5224, 4908, 452, 234352, 912
350788, 4860, 22028, 2420, 5220, 4904, 452, 234376, 912
350776, 4856, 22016, 2420, 5228, 4900, 452, 234400, 912
350732, 4880, 22020, 2416, 5220, 4904, 452, 234420, 916
350696, 4900, 22024, 2420, 5220, 4904, 452, 234428, 916
350684, 4900, 22020, 2424, 5208, 4908, 452, 234448, 916
350676, 4896, 22004, 2420, 5212, 4908, 452, 234476, 916
350656, 4912, 21992, 2412, 5216, 4908, 452, 234496, 916
350640, 4916, 21988, 2408, 5208, 4904, 452, 234524, 920
350624, 4920, 21988, 2408, 5212, 4904, 452, 234532, 920
350592, 4944, 21976, 2412, 5196, 4908, 452, 234560, 920
350564, 4948, 21992, 2408, 5204, 4908, 452, 234564, 920
350548, 4960, 21980, 2408, 5204, 4908, 452, 234580, 920
350516, 4984, 21956, 2408, 5196, 4912, 452, 234616, 920
350508, 4992, 21936, 2408, 5192, 4912, 452, 234640, 920
350500, 4992, 21920, 2404, 5192, 4912, 452, 234668, 920
350472, 5012, 21916, 2404, 5188, 4908, 456, 234684, 920
350468, 5004, 21912, 2400, 5192, 4900, 460, 234704, 920
350452, 5016, 21908, 2392, 5196, 4904, 460, 234712, 920
350452, 5012, 21880, 2380, 5200, 4908, 460, 234748, 920
350432, 5024, 21864, 2376, 5196, 4908, 460, 234780, 920
350428, 5024, 21844, 2376, 5180, 4908, 460, 234820, 920
350424, 5016, 21832, 2372, 5176, 4904, 460, 234852, 924
350420, 5012, 21828, 2368, 5176, 4908, 460, 234864, 924
350408, 5012, 21816, 2364, 5172, 4908, 460, 234896, 924
350396, 5020, 21804, 2364, 5172, 4908, 460, 234912, 924
350388, 5016, 21808, 2360, 5164, 4908, 460, 234932, 924
350384, 5020, 21792, 2360, 5152, 4908, 460, 234960, 924
350380, 5012, 21764, 2360, 5148, 4908, 460, 235004, 924
350376, 5012, 21756, 2352, 5148, 4908, 460, 235024, 924
350368, 5016, 21744, 2348, 5152, 4904, 460, 235044, 924
350352, 5012, 21752, 2348, 5140, 4904, 460, 235068, 924
350344, 5008, 21744, 2340, 5148, 4904, 460, 235088, 924
350328, 5020, 21708, 2340, 5148, 4904, 460, 235128, 924
350324, 5024, 21684, 2336, 5144, 4904, 460, 235160, 924
350312, 5032, 21676, 2336, 5144, 4900, 460, 235176, 924
350312, 5028, 21664, 2328, 5148, 4900, 460, 235192, 928
350304, 5028, 21660, 2320, 5156, 4904, 460, 235200, 928
350300, 5012, 21648, 2324, 5156, 4904, 460, 235228, 928
350296, 5000, 21632, 2328, 5156, 4900, 460, 235260, 928
350284, 5008, 21604, 2324, 5152, 4900, 460, 235300, 928
350284, 5000, 21600, 2324, 5144, 4904, 460, 235316, 928
350284, 4988, 21596, 2328, 5144, 4904, 456, 235332, 928
350280, 4980, 21592, 2328, 5148, 4904, 456, 235344, 928
350272, 4976, 21592, 2328, 5148, 4904, 456, 235356, 928
350264, 4976, 21596, 2324, 5140, 4904, 456, 235372, 928
350260, 4972, 21572, 2328, 5140, 4908, 456, 235396, 928
350256, 4956, 21576, 2332, 5128, 4904, 456, 235424, 928
350244, 4956, 21572, 2336, 5124, 4904, 456, 235440, 928
350228, 4964, 21572, 2336, 5120, 4908, 456, 235448, 928
350224, 4948, 21564, 2336, 5116, 4904, 456, 235484, 928
350220, 4948, 21528, 2332, 5116, 4904, 456, 235528, 928
350220, 4936, 21532, 2328, 5120, 4900, 456, 235540, 928
350220, 4920, 21536, 2312, 5124, 4904, 456, 235560, 928
350212, 4924, 21524, 2312, 5120, 4900, 460, 235580, 928
350200, 4924, 21532, 2312, 5120, 4900, 460, 235584, 928
350196, 4916, 21520, 2316, 5116, 4900, 460, 235608, 928
350192, 4904, 21520, 2312, 5120, 4900, 460, 235624, 928
350188, 4900, 21512, 2316, 5116, 4904, 460, 235636, 928
350184, 4900, 21504, 2312, 5116, 4904, 460, 235652, 928
350180, 4896, 21496, 2300, 5128, 4900, 460, 235672, 928
350176, 4880, 21504, 2304, 5124, 4900, 460, 235684, 928
350172, 4868, 21484, 2308, 5108, 4904, 460, 235728, 928
350172, 4860, 21480, 2312, 5108, 4904, 460, 235736, 928
350164, 4868, 21464, 2312, 5100, 4900, 464, 235760, 928
350160, 4856, 21456, 2316, 5084, 4904, 464, 235792, 928
350152, 4848, 21452, 2320, 5084, 4904, 464, 235808, 928
350148, 4840, 21456, 2324, 5084, 4908, 456, 235816, 928
350144, 4844, 21448, 2324, 5080, 4908, 456, 235828, 928
350140, 4840, 21444, 2324, 5080, 4908, 456, 235840, 928
350132, 4832, 21436, 2324, 5080, 4908, 456, 235864, 928
350120, 4836, 21428, 2328, 5080, 4908, 456, 235876, 928
350120, 4824, 21416, 2336, 5080, 4908, 456, 235892, 928
350104, 4828, 21412, 2336, 5080, 4908, 456, 235908, 928
350096, 4832, 21396, 2336, 5076, 4908, 456, 235932, 928
350088, 4824, 21396, 2332, 5064, 4916, 456, 235956, 928
350084, 4820, 21388, 2328, 5064, 4916, 456, 235976, 928
350072, 4824, 21380, 2328, 5064, 4916, 456, 235992, 928
350064, 4820, 21376, 2332, 5060, 4916, 456, 236004, 932
350044, 4836, 21368, 2328, 5060, 4916, 456, 236020, 932
350044, 4824, 21360, 2328, 5052, 4920, 456, 236044, 932
350040, 4820, 21356, 2320, 5060, 4920, 456, 236056, 932
350036, 4820, 21356, 2320, 5048, 4920, 456, 236072, 932
350036, 4800, 21348, 2320, 5056, 4920, 456, 236092, 932
350024, 4792, 21336, 2328, 5060, 4920, 456, 236112, 932
350020, 4776, 21332, 2324, 5064, 4920, 456, 236136, 932
350016, 4772, 21316, 2328, 5060, 4920, 456, 236160, 932
350012, 4768, 21308, 2328, 5060, 4920, 456, 236176, 932
350000, 4772, 21284, 2324, 5064, 4924, 452, 236208, 932
349988, 4768, 21272, 2324, 5068, 4924, 452, 236232, 932
349976, 4744, 21280, 2328, 5072, 4924, 452, 236252, 932
349964, 4744, 21272, 2336, 5068, 4920, 452, 236272, 932
349956, 4744, 21252, 2336, 5064, 4920, 452, 236304, 932
349948, 4744, 21240, 2328, 5068, 4916, 452, 236332, 932
349948, 4740, 21232, 2332, 5060, 4920, 452, 236344, 932
349944, 4736, 21224, 2324, 5068, 4920, 452, 236360, 932
349940, 4732, 21228, 2316, 5072, 4920, 448, 236372, 932
349940, 4724, 21232, 2312, 5072, 4920, 448, 236380, 932
349940, 4712, 21220, 2296, 5088, 4920, 448, 236404, 932
349936, 4700, 21208, 2288, 5092, 4920, 448, 236436, 932
349932, 4692, 21204, 2288, 5088, 4924, 448, 236452, 932
349932, 4684, 21208, 2280, 5092, 4920, 452, 236460, 932
349924, 4688, 21188, 2272, 5096, 4916, 452, 236492, 932
349916, 4684, 21180, 2272, 5092, 4916, 452, 236516, 932
349908, 4688, 21172, 2272, 5092, 4920, 452, 236524, 932
349900, 4688, 21152, 2276, 5084, 4920, 452, 236556, 932
349868, 4692, 21148, 2296, 5084, 4920, 452, 236568, 932
349852, 4692, 21148, 2300, 5076, 4920, 452, 236588, 932
349840, 4688, 21144, 2308, 5072, 4920, 456, 236600, 932
349828, 4692, 21148, 2304, 5068, 4924, 456, 236608, 932
349808, 4712, 21124, 2300, 5072, 4920, 456, 236636, 932
349788, 4724, 21100, 2296, 5072, 4912, 456, 236676, 936
349760, 4728, 21104, 2304, 5076, 4908, 456, 236688, 936
349736, 4744, 21108, 2304, 5072, 4904, 456, 236700, 936
349716, 4752, 21112, 2300, 5068, 4908, 456, 236712, 936
349692, 4772, 21100, 2296, 5068, 4908, 456, 236732, 936
349676, 4780, 21088, 2300, 5068, 4912, 452, 236748, 936
349668, 4768, 21080, 2308, 5068, 4912, 452, 236768, 936
349640, 4788, 21072, 2308, 5068, 4912, 452, 236784, 936
349616, 4800, 21060, 2316, 5060, 4912, 456, 236804, 936
349592, 4820, 21056, 2316, 5052, 4916, 452, 236820, 936
349568, 4828, 21052, 2316, 5048, 4916, 452, 236840, 940
349528, 4856, 21052, 2312, 5044, 4916, 452, 236860, 940
349476, 4908, 21036, 2312, 5044, 4916, 452, 236876, 940
349452, 4916, 21032, 2296, 5052, 4916, 452, 236904, 940
349428, 4928, 21020, 2296, 5056, 4916, 452, 236924, 940
349388, 4960, 21008, 2288, 5056, 4916, 452, 236952, 940
349356, 4988, 20996, 2288, 5048, 4920, 452, 236972, 940
349336, 4996, 20984, 2288, 5048, 4916, 452, 237000, 940
349308, 5008, 20976, 2296, 5048, 4920, 452, 237012, 940
349276, 5028, 20968, 2292, 5040, 4924, 452, 237040, 940
349248, 5052, 20952, 2284, 5044, 4920, 452, 237068, 940
349220, 5060, 20952, 2280, 5044, 4924, 448, 237092, 940
349196, 5060, 20960, 2284, 5044, 4924, 448, 237104, 940
349160, 5092, 20952, 2280, 5040, 4928, 448, 237120, 940
349144, 5096, 20940, 2276, 5044, 4928, 448, 237144, 940
349124, 5108, 20932, 2272, 5044, 4932, 448, 237160, 940
349096, 5116, 20948, 2272, 5020, 4944, 448, 237176, 940
349088, 5108, 20936, 2272, 5020, 4944, 448, 237200, 944
349056, 5124, 20928, 2264, 5024, 4944, 448, 237228, 944
349040, 5136, 20904, 2268, 5012, 4944, 448, 237264, 944
349016, 5152, 20900, 2264, 5016, 4948, 448, 237272, 944
348988, 5164, 20880, 2252, 5024, 4952, 448, 237308, 944
348968, 5176, 20868, 2248, 5020, 4956, 448, 237332, 944
348952, 5184, 20868, 2244, 5024, 4956, 448, 237340, 944
348940, 5188, 20864, 2248, 5012, 4960, 448, 237356, 944
348916, 5208, 20832, 2236, 5024, 4960, 448, 237392, 944
348912, 5208, 20824, 2236, 5016, 4964, 448, 237404, 948
348896, 5220, 20812, 2224, 5016, 4972, 448, 237424, 948
348884, 5220, 20808, 2220, 5012, 4972, 448, 237448, 948
348860, 5240, 20788, 2216, 5008, 4972, 448, 237480, 948
348844, 5248, 20760, 2212, 5004, 4968, 452, 237524, 948
348800, 5268, 20760, 2220, 5004, 4972, 452, 237536, 948
348784, 5272, 20756, 2216, 5004, 4968, 452, 237560, 948
348764, 5276, 20744, 2212, 5012, 4968, 452, 237584, 948
348760, 5276, 20720, 2212, 5016, 4968, 452, 237608, 948
348740, 5280, 20716, 2204, 5020, 4968, 452, 237632, 948
348712, 5280, 20728, 2204, 5016, 4968, 452, 237652, 948
348692, 5284, 20712, 2200, 5016, 4968, 452, 237688, 948
348664, 5300, 20708, 2200, 5016, 4968, 452, 237704, 948
348648, 5308, 20684, 2200, 5012, 4964, 456, 237740, 948
348632, 5324, 20676, 2196, 5012, 4964, 456, 237752, 948
348620, 5324, 20664, 2196, 5000, 4968, 456, 237784, 948
348612, 5324, 20660, 2196, 5000, 4964, 456, 237796, 952
348592, 5320, 20664, 2196, 5004, 4964, 456, 237812, 952
348588, 5316, 20672, 2196, 5000, 4960, 460, 237816, 952
348576, 5324, 20656, 2188, 5008, 4956, 460, 237840, 952
348572, 5324, 20652, 2184, 5000, 4960, 460, 237856, 952
348568, 5316, 20644, 2180, 5004, 4964, 456, 237876, 952
348564, 5308, 20620, 2172, 5008, 4964, 456, 237916, 952
348552, 5312, 20612, 2168, 5000, 4968, 456, 237940, 952
348544, 5316, 20592, 2164, 5004, 4968, 456, 237964, 952
348536, 5316, 20592, 2160, 5008, 4968, 456, 237972, 952
348524, 5304, 20604, 2164, 5000, 4972, 456, 237984, 952
348524, 5296, 20604, 2160, 5004, 4972, 456, 237992, 952
348520, 5276, 20608, 2160, 5004, 4968, 456, 238012, 956
348516, 5272, 20604, 2156, 5012, 4964, 456, 238024, 956
348512, 5268, 20596, 2144, 5020, 4964, 456, 238044, 956
348500, 5272, 20580, 2140, 5024, 4964, 456, 238068, 956
348496, 5264, 20584, 2132, 5028, 4968, 452, 238080, 956
348488, 5260, 20576, 2136, 5020, 4976, 452, 238096, 956
348484, 5252, 20580, 2128, 5028, 4976, 452, 238104, 956
348484, 5252, 20568, 2124, 5032, 4972, 452, 238120, 956
348472, 5264, 20552, 2124, 5028, 4972, 452, 238140, 956
348468, 5256, 20548, 2124, 5024, 4972, 452, 238160, 956
348456, 5256, 20552, 2120, 5028, 4972, 452, 238168, 956
348448, 5248, 20556, 2120, 5016, 4976, 452, 238188, 956
348444, 5236, 20548, 2116, 5020, 4976, 452, 238212, 956
348424, 5252, 20540, 2108, 5012, 4968, 456, 238244, 956
348408, 5248, 20548, 2116, 5008, 4964, 456, 238256, 956
348392, 5240, 20552, 2116, 5012, 4964, 456, 238272, 956
348384, 5244, 20552, 2116, 4992, 4964, 456, 238296, 956
348368, 5248, 20548, 2116, 4996, 4960, 456, 238312, 956
348360, 5252, 20540, 2116, 4988, 4960, 456, 238332, 956
348356, 5248, 20532, 2112, 4992, 4960, 456, 238348, 956
348352, 5224, 20552, 2112, 4992, 4960, 456, 238356, 956
348344, 5232, 20540, 2112, 4992, 4956, 456, 238372, 956
348336, 5224, 20536, 2120, 4988, 4956, 456, 238388, 956
348332, 5208, 20528, 2120, 4992, 4952, 456, 238416, 956
348332, 5204, 20528, 2116, 4992, 4952, 456, 238424, 956
348320, 5192, 20532, 2116, 4992, 4952, 456, 238444, 956
348312, 5192, 20516, 2108, 4992, 4952, 456, 238476, 956
348300, 5184, 20520, 2104, 4992, 4948, 456, 238500, 956
348296, 5176, 20504, 2100, 4988, 4952, 460, 238528, 956
348292, 5164, 20492, 2104, 4988, 4952, 460, 238552, 956
348276, 5172, 20492, 2096, 4996, 4952, 460, 238560, 956
348264, 5180, 20484, 2092, 5000, 4952, 460, 238572, 956
348264, 5168, 20480, 2084, 5004, 4948, 460, 238596, 956
348260, 5164, 20480, 2076, 5004, 4948, 460, 238612, 956
348248, 5172, 20472, 2064, 5016, 4948, 460, 238624, 956
348248, 5164, 20468, 2064, 5016, 4948, 460, 238636, 956
348244, 5160, 20444, 2064, 5012, 4952, 460, 238668, 956
348236, 5148, 20452, 2060, 5008, 4952, 460, 238688, 956
348232, 5152, 20428, 2056, 5008, 4952, 460, 238716, 956
348228, 5144, 20416, 2064, 5008, 4952, 460, 238732, 956
348224, 5132, 20400, 2068, 5016, 4952, 460, 238752, 956
348220, 5112, 20392, 2068, 5004, 4956, 460, 238788, 960
348212, 5096, 20388, 2068, 5000, 4956, 460, 238820, 960
348212, 5084, 20376, 2068, 5004, 4956, 460, 238840, 960
348204, 5072, 20372, 2072, 5004, 4956, 460, 238860, 960
348200, 5064, 20356, 2076, 4996, 4952, 460, 238896, 960
348196, 5060, 20352, 2080, 4992, 4952, 460, 238908, 960
348188, 5060, 20348, 2076, 4992, 4952, 460, 238924, 960
348184, 5044, 20348, 2080, 4992, 4956, 460, 238936, 960
348184, 5028, 20344, 2080, 4988, 4956, 460, 238960, 960
348176, 5036, 20328, 2076, 4992, 4956, 460, 238976, 960
348172, 5028, 20320, 2076, 4992, 4956, 460, 238992, 964
348172, 5012, 20316, 2080, 4988, 4956, 460, 239012, 964
348168, 5004, 20308, 2076, 4992, 4956, 460, 239032, 964
348156, 5008, 20304, 2076, 4984, 4948, 464, 239052, 968
348148, 4992, 20312, 2080, 4984, 4944, 464, 239068, 968
348140, 4976, 20296, 2084, 4988, 4940, 468, 239100, 968
348140, 4972, 20292, 2076, 4996, 4940, 468, 239108, 968
348132, 4972, 20292, 2072, 4996, 4944, 468, 239116, 968
348128, 4968, 20276, 2068, 5004, 4944, 468, 239136, 968
348112, 4976, 20260, 2068, 4996, 4944, 468, 239168, 968
348100, 4980, 20256, 2064, 4996, 4940, 472, 239184, 968
348088, 4988, 20252, 2060, 4992, 4936, 472, 239204, 968
348084, 4972, 20248, 2056, 4996, 4940, 468, 239228, 968
348080, 4972, 20248, 2048, 5000, 4940, 468, 239236, 968
348080, 4952, 20256, 2052, 5000, 4944, 468, 239240, 968
348072, 4952, 20244, 2052, 5000, 4940, 472, 239260, 968
348068, 4928, 20252, 2064, 4992, 4944, 472, 239272, 968
348060, 4920, 20236, 2064, 4996, 4944, 472, 239300, 968
348052, 4920, 20224, 2064, 4984, 4948, 472, 239328, 968
348052, 4916, 20204, 2068, 4972, 4948, 476, 239356, 968
348048, 4912, 20196, 2064, 4976, 4952, 476, 239368, 968
348036, 4916, 20184, 2068, 4972, 4952, 476, 239388, 968
348024, 4896, 20208, 2060, 4980, 4948, 476, 239400, 968
348008, 4900, 20196, 2068, 4980, 4944, 476, 239420, 968
347976, 4920, 20188, 2064, 4984, 4940, 476, 239444, 968
347944, 4936, 20184, 2076, 4980, 4940, 476, 239456, 968
347936, 4928, 20172, 2080, 4976, 4940, 476, 239484, 968
347920, 4924, 20168, 2084, 4972, 4940, 476, 239508, 968
347916, 4924, 20164, 2080, 4968, 4936, 480, 239524, 968
347916, 4916, 20156, 2076, 4968, 4932, 480, 239548, 968
347912, 4908, 20148, 2080, 4964, 4932, 480, 239568, 968
347872, 4936, 20136, 2080, 4964, 4932, 476, 239592, 972
347856, 4948, 20116, 2076, 4964, 4928, 476, 239624, 972
347840, 4932, 20140, 2072, 4968, 4932, 472, 239632, 972
347820, 4928, 20140, 2080, 4968, 4932, 472, 239648, 972
347804, 4936, 20124, 2072, 4964, 4936, 472, 239680, 972
347792, 4936, 20116, 2076, 4960, 4936, 472, 239700, 972
347756, 4960, 20108, 2068, 4968, 4932, 472, 239724, 972
347748, 4960, 20088, 2060, 4976, 4924, 476, 239756, 972
347728, 4972, 20084, 2060, 4968, 4920, 472, 239784, 972
347712, 4984, 20072, 2060, 4964, 4916, 472, 239808, 972
347672, 5020, 20064, 2052, 4968, 4920, 472, 239820, 972
347640, 5040, 20056, 2044, 4968, 4920, 472, 239848, 972
347592, 5080, 20048, 2044, 4956, 4916, 472, 239876, 976
347580, 5056, 20068, 2048, 4952, 4912, 472, 239896, 976
347556, 5064, 20076, 2048, 4940, 4912, 472, 239916, 976
347520, 5096, 20060, 2044, 4940, 4912, 472, 239940, 976
347488, 5128, 20056, 2040, 4936, 4908, 476, 239952, 976
347464, 5140, 20044, 2036, 4936, 4908, 476, 239980, 976
347444, 5148, 20016, 2032, 4940, 4904, 476, 240024, 976
347420, 5156, 20028, 2032, 4932, 4908, 472, 240036, 976
347392, 5172, 20032, 2032, 4932, 4904, 472, 240048, 976
347364, 5192, 20020, 2028, 4932, 4900, 472, 240076, 976
347352, 5196, 20024, 2024, 4928, 4900, 472, 240088, 976
347332, 5208, 20008, 2016, 4932, 4900, 472, 240116, 976
347316, 5204, 20016, 2008, 4936, 4900, 472, 240132, 976
347316, 5184, 20004, 2008, 4940, 4900, 472, 240160, 976
347292, 5188, 20004, 2000, 4948, 4900, 472, 240180, 976
347280, 5188, 20008, 2000, 4948, 4900, 472, 240188, 976
347260, 5200, 20000, 2004, 4940, 4900, 472, 240208, 976
347236, 5204, 19988, 2000, 4940, 4896, 472, 240248, 976
347216, 5212, 19980, 2008, 4924, 4904, 472, 240268, 976
347196, 5220, 19984, 2012, 4924, 4904, 472, 240272, 976
347164, 5240, 19984, 2012, 4916, 4908, 472, 240288, 976
347132, 5248, 19996, 2008, 4912, 4912, 472, 240304, 976
347120, 5248, 19988, 2000, 4916, 4912, 472, 240328, 976
347080, 5268, 19984, 2004, 4908, 4908, 476, 240356, 976
347056, 5280, 19988, 2000, 4912, 4904, 476, 240368, 976
347008, 5308, 19996, 2000, 4908, 4900, 476, 240388, 976
346992, 5308, 20004, 1996, 4912, 4900, 476, 240396, 976
346972, 5320, 20008, 1996, 4908, 4900, 476, 240404, 976
346936, 5344, 20008, 2000, 4904, 4904, 476, 240412, 976
346928, 5344, 20000, 1996, 4896, 4904, 476, 240440, 976
346908, 5344, 20000, 1996, 4892, 4904, 476, 240460, 980
346880, 5360, 19996, 1988, 4900, 4904, 476, 240476, 980
346856, 5380, 19984, 1988, 4896, 4904, 476, 240496, 980
346844, 5380, 19980, 1980, 4900, 4904, 476, 240516, 980
346816, 5396, 19984, 1976, 4892, 4904, 476, 240536, 980
346808, 5400, 19984, 1976, 4892, 4904, 476, 240540, 980
346788, 5408, 19992, 1972, 4896, 4904, 476, 240544, 980
346776, 5420, 19980, 1964, 4892, 4904, 476, 240568, 980
346764, 5428, 19968, 1968, 4892, 4900, 476, 240584, 980
346760, 5432, 19964, 1968, 4888, 4900, 476, 240592, 980
346756, 5428, 19968, 1956, 4892, 4904, 476, 240600, 980
346752, 5424, 19964, 1960, 4884, 4904, 476, 240616, 980
346752, 5412, 19972, 1956, 4884, 4904, 476, 240624, 980
346748, 5408, 19968, 1960, 4884, 4904, 476, 240632, 980
346740, 5400, 19972, 1956, 4884, 4904, 476, 240648, 980
346732, 5392, 19976, 1956, 4884, 4904, 476, 240660, 980
346724, 5400, 19956, 1956, 4880, 4908, 476, 240680, 980
346720, 5392, 19944, 1964, 4880, 4908, 476, 240696, 980
346712, 5384, 19952, 1956, 4888, 4908, 476, 240704, 980
346708, 5372, 19944, 1960, 4888, 4908, 476, 240724, 980
346696, 5372, 19940, 1956, 4884, 4912, 476, 240744, 980
346692, 5372, 19932, 1952, 4884, 4904, 480, 240764, 980
346688, 5376, 19928, 1944, 4892, 4896, 480, 240776, 980
346684, 5372, 19928, 1940, 4896, 4896, 480, 240784, 980
346672, 5368, 19924, 1936, 4900, 4896, 480, 240804, 980
346668, 5368, 19916, 1932, 4896, 4896, 480, 240824, 980
346660, 5360, 19900, 1928, 4900, 4900, 480, 240852, 980
346656, 5356, 19896, 1928, 4900, 4900, 480, 240864, 980
346644, 5356, 19872, 1928, 4896, 4896, 480, 240908, 980
346644, 5344, 19864, 1924, 4896, 4896, 480, 240928, 984
346644, 5328, 19860, 1920, 4900, 4896, 480, 240948, 984
346640, 5324, 19848, 1924, 4892, 4896, 480, 240972, 984
346636, 5304, 19844, 1920, 4896, 4896, 480, 241000, 984
346620, 5296, 19864, 1916, 4900, 4892, 480, 241008, 984
346604, 5300, 19860, 1916, 4900, 4892, 480, 241024, 984
346604, 5284, 19868, 1916, 4896, 4892, 480, 241036, 984
346600, 5288, 19856, 1916, 4896, 4892, 480, 241048, 984
346592, 5296, 19836, 1916, 4896, 4892, 480, 241068, 984
346592, 5292, 19820, 1912, 4896, 4892, 480, 241088, 988
346588, 5280, 19804, 1916, 4892, 4892, 480, 241120, 988
346584, 5264, 19800, 1916, 4880, 4892, 480, 241156, 988
346576, 5272, 19784, 1916, 4880, 4888, 480, 241176, 988
346564, 5276, 19780, 1908, 4888, 4884, 480, 241192, 988
346560, 5264, 19784, 1896, 4900, 4884, 480, 241204, 988
346552, 5252, 19780, 1896, 4904, 4884, 480, 241224, 988
346548, 5248, 19788, 1892, 4904, 4880, 480, 241232, 988
346540, 5252, 19776, 1888, 4908, 4880, 480, 241248, 988
346524, 5256, 19756, 1892, 4908, 4880, 480, 241276, 988
346516, 5260, 19740, 1892, 4904, 4876, 480, 241304, 988
346504, 5268, 19728, 1892, 4904, 4876, 480, 241320, 988
346500, 5272, 19720, 1892, 4896, 4876, 480, 241336, 988
346492, 5268, 19716, 1888, 4896, 4880, 476, 241352, 992
346488, 5260, 19708, 1892, 4884, 4880, 476, 241380, 992
346484, 5256, 19692, 1892, 4884, 4880, 476, 241404, 992
346476, 5256, 19680, 1892, 4884, 4880, 476, 241424, 992
346472, 5232, 19668, 1900, 4876, 4884, 476, 241460, 992
346468, 5224, 19664, 1900, 4872, 4884, 476, 241480, 992
346468, 5208, 19668, 1904, 4868, 4880, 480, 241492, 992
346464, 5208, 19660, 1900, 4868, 4884, 480, 241504, 992
346448, 5216, 19656, 1896, 4872, 4884, 480, 241516, 992
346448, 5204, 19644, 1900, 4872, 4884, 480, 241536, 992
346444, 5200, 19632, 1900, 4864, 4884, 480, 241564, 992
346432, 5184, 19644, 1904, 4864, 4884, 480, 241576, 992
346428, 5180, 19648, 1896, 4868, 4888, 480, 241580, 992
346428, 5160, 19652, 1900, 4860, 4888, 480, 241600, 992
346424, 5160, 19644, 1900, 4860, 4884, 480, 241616, 992
346424, 5152, 19632, 1896, 4860, 4884, 480, 241640, 992
346416, 5148, 19628, 1896, 4860, 4880, 480, 241660, 992
346408, 5148, 19620, 1892, 4864, 4884, 480, 241672, 992
346400, 5156, 19604, 1888, 4864, 4884, 480, 241692, 992
346392, 5160, 19600, 1884, 4864, 4888, 476, 241704, 992
346388, 5148, 19604, 1884, 4868, 4888, 476, 241712, 992
346384, 5140, 19596, 1880, 4872, 4888, 476, 241732, 992
346384, 5136, 19592, 1880, 4864, 4892, 476, 241744, 992
346380, 5124, 19596, 1880, 4864, 4892, 476, 241756, 992
346380, 5108, 19604, 1876, 4860, 4888, 476, 241776, 992
346380, 5104, 19608, 1876, 4856, 4892, 476, 241776, 992
346380, 5092, 19600, 1876, 4856, 4888, 476, 241800, 992
346380, 5080, 19584, 1868, 4860, 4884, 476, 241836, 992
346376, 5064, 19592, 1864, 4868, 4880, 476, 241848, 992
346376, 5060, 19572, 1868, 4860, 4880, 476, 241876, 992
346356, 5064, 19568, 1868, 4856, 4880, 476, 241900, 992
346348, 5060, 19568, 1872, 4848, 4872, 476, 241924, 992
346344, 5048, 19564, 1880, 4840, 4880, 476, 241936, 992
346328, 5052, 19564, 1880, 4836, 4880, 476, 241952, 992
346324, 5048, 19568, 1872, 4840, 4884, 476, 241956, 992
346320, 5044, 19548, 1860, 4848, 4884, 476, 241988, 992
346312, 5044, 19540, 1860, 4848, 4888, 476, 242000, 992
346304, 5048, 19536, 1856, 4852, 4884, 476, 242012, 992
346300, 5036, 19540, 1856, 4848, 4888, 476, 242024, 992
346296, 5020, 19544, 1856, 4852, 4884, 476, 242040, 992
346276, 5020, 19524, 1872, 4840, 4880, 476, 242080, 992
346264, 5012, 19540, 1868, 4840, 4880, 476, 242088, 992
346260, 5000, 19532, 1864, 4828, 4884, 476, 242124, 992
346252, 4992, 19532, 1864, 4816, 4884, 476, 242152, 992
346232, 5008, 19532, 1856, 4820, 4884, 476, 242160, 992
346224, 5004, 19520, 1856, 4816, 4888, 476, 242184, 992
346200, 5020, 19504, 1856, 4812, 4888, 476, 242212, 992
346184, 5024, 19512, 1856, 4816, 4884, 476, 242216, 992
346160, 5032, 19496, 1856, 4816, 4884, 476, 242248, 992
346140, 5044, 19500, 1852, 4820, 4884, 476, 242252, 992
346104, 5064, 19500, 1848, 4824, 4884, 476, 242268, 992
346052, 5108, 19492, 1848, 4816, 4884, 476, 242292, 992
346024, 5132, 19476, 1848, 4804, 4888, 476, 242320, 992
346004, 5132, 19492, 1848, 4804, 4880, 476, 242332, 992
345980, 5156, 19484, 1844, 4800, 4880, 476, 242348, 992
345968, 5152, 19480, 1840, 4804, 4880, 476, 242368, 992
345948, 5168, 19472, 1840, 4800, 4880, 472, 242388, 992
345920, 5192, 19464, 1840, 4800, 4880, 472, 242400, 992
345904, 5200, 19464, 1844, 4800, 4876, 476, 242404, 992
345892, 5200, 19468, 1848, 4788, 4872, 476, 242424, 992
345848, 5236, 19468, 1852, 4768, 4872, 476, 242448, 992
345820, 5252, 19464, 1852, 4764, 4868, 476, 242472, 992
345800, 5260, 19448, 1844, 4764, 4872, 476, 242504, 992
345768, 5280, 19452, 1844, 4760, 4872, 476, 242516, 992
345740, 5300, 19428, 1844, 4752, 4876, 476, 242552, 992
345724, 5292, 19432, 1852, 4748, 4876, 476, 242568, 992
345664, 5340, 19428, 1852, 4740, 4876, 476, 242592, 992
345628, 5364, 19412, 1852, 4740, 4876, 476, 242620, 992
345592, 5396, 19400, 1848, 4744, 4876, 476, 242636, 992
345568, 5416, 19396, 1844, 4748, 4876, 476, 242644, 992
345560, 5424, 19380, 1844, 4748, 4876, 476, 242660, 992
345548, 5424, 19380, 1844, 4748, 4872, 476, 242676, 992
345524, 5428, 19388, 1844, 4744, 4868, 476, 242692, 996
345512, 5428, 19388, 1844, 4736, 4868, 476, 242712, 996
345504, 5436, 19380, 1844, 4732, 4868, 476, 242724, 996
345480, 5448, 19372, 1848, 4736, 4860, 476, 242744, 996
345464, 5452, 19360, 1844, 4740, 4860, 476, 242768, 996
345448, 5452, 19372, 1840, 4732, 4868, 476, 242776, 996
345432, 5456, 19364, 1844, 4728, 4868, 476, 242796, 996
345420, 5460, 19368, 1844, 4728, 4868, 476, 242800, 996
345404, 5468, 19364, 1844, 4728, 4868, 476, 242812, 996
345388, 5476, 19356, 1840, 4732, 4864, 476, 242832, 996
345376, 5484, 19328, 1832, 4740, 4864, 476, 242864, 996
345368, 5476, 19332, 1836, 4732, 4864, 480, 242876, 996
345356, 5480, 19332, 1824, 4740, 4868, 480, 242884, 996
345320, 5492, 19352, 1824, 4740, 4868, 480, 242888, 996
345308, 5500, 19324, 1820, 4732, 4872, 480, 242928, 996
345284, 5512, 19320, 1816, 4728, 4872, 480, 242952, 996
345284, 5492, 19328, 1808, 4740, 4868, 484, 242960, 996
345272, 5488, 19308, 1812, 4732, 4876, 484, 242992, 996
345256, 5496, 19296, 1816, 4732, 4876, 484, 243008, 996
345244, 5496, 19292, 1812, 4740, 4876, 484, 243020, 996
345224, 5504, 19280, 1804, 4744, 4876, 484, 243048, 996
345208, 5516, 19276, 1804, 4740, 4876, 484, 243060, 996
345196, 5504, 19264, 1804, 4736, 4880, 484, 243096, 996
345176, 5512, 19260, 1800, 4736, 4880, 484, 243116, 996
345164, 5520, 19248, 1800, 4740, 4884, 480, 243128, 996
345160, 5504, 19256, 1788, 4748, 4888, 480, 243140, 996
345160, 5484, 19272, 1792, 4748, 4888, 480, 243140, 996
345148, 5492, 19264, 1792, 4744, 4884, 480, 243160, 996
345136, 5488, 19264, 1796, 4744, 4884, 480, 243172, 996
345132, 5468, 19276, 1792, 4748, 4884, 480, 243184, 996
345128, 5456, 19280, 1796, 4748, 4880, 480, 243196, 996
345124, 5448, 19268, 1796, 4744, 4876, 480, 243228, 996
345108, 5436, 19280, 1800, 4740, 4876, 480, 243244, 996
345104, 5432, 19276, 1796, 4744, 4876, 480, 243256, 996
345100, 5420, 19288, 1780, 4760, 4872, 480, 243264, 996
345096, 5412, 19288, 1776, 4764, 4868, 480, 243280, 996
345092, 5400, 19280, 1776, 4768, 4860, 484, 243304, 996
345080, 5404, 19276, 1784, 4768, 4860, 484, 243308, 996
345080, 5376, 19284, 1780, 4772, 4860, 484, 243328, 996
345080, 5364, 19272, 1784, 4772, 4860, 484, 243348, 996
345076, 5360, 19260, 1784, 4768, 4860, 484, 243372, 996
345072, 5352, 19256, 1788, 4764, 4860, 484, 243384, 1000
345068, 5352, 19240, 1788, 4764, 4860, 484, 243404, 1000
345060, 5348, 19232, 1780, 4768, 4860, 484, 243428, 1000
345060, 5344, 19220, 1780, 4764, 4856, 488, 243448, 1000
345052, 5340, 19208, 1788, 4756, 4860, 488, 243468, 1000
345052, 5324, 19196, 1788, 4756, 4864, 488, 243492, 1000
345052, 5296, 19208, 1788, 4760, 4860, 492, 243504, 1000
345044, 5296, 19196, 1780, 4760, 4856, 492, 243536, 1000
345040, 5280, 19212, 1776, 4760, 4860, 492, 243540, 1000
345032, 5280, 19212, 1780, 4756, 4860, 492, 243548, 1000
345028, 5280, 19188, 1776, 4756, 4856, 492, 243580, 1004
345020, 5276, 19180, 1772, 4764, 4856, 492, 243596, 1004
345016, 5272, 19180, 1776, 4760, 4856, 492, 243604, 1004
345016, 5260, 19180, 1780, 4760, 4856, 492, 243612, 1004
344992, 5276, 19176, 1780, 4756, 4856, 492, 243628, 1004
344980, 5268, 19172, 1784, 4756, 4856, 492, 243648, 1004
344976, 5268, 19160, 1784, 4752, 4860, 492, 243664, 1004
344960, 5244, 19176, 1804, 4732, 4864, 492, 243680, 1008
344948, 5244, 19176, 1804, 4736, 4864, 492, 243688, 1008
344944, 5228, 19188, 1808, 4736, 4864, 492, 243692, 1008
344944, 5220, 19188, 1812, 4732, 4864, 492, 243700, 1008
344936, 5216, 19184, 1804, 4740, 4864, 492, 243712, 1012
344932, 5208, 19168, 1808, 4736, 4860, 496, 243740, 1012
344932, 5192, 19172, 1808, 4732, 4864, 496, 243752, 1012
344932, 5184, 19168, 1808, 4732, 4864, 496, 243764, 1012
344928, 5168, 19180, 1808, 4732, 4864, 496, 243772, 1012
344920, 5168, 19164, 1808, 4728, 4868, 496, 243796, 1012
344920, 5160, 19156, 1804, 4724, 4872, 496, 243816, 1012
344916, 5156, 19136, 1800, 4732, 4868, 500, 243840, 1012
344908, 5160, 19108, 1804, 4732, 4868, 500, 243868, 1012
344904, 5152, 19100, 1804, 4720, 4872, 500, 243896, 1012
344896, 5136, 19096, 1808, 4716, 4872, 500, 243924, 1012
344896, 5100, 19088, 1812, 4724, 4872, 500, 243956, 1012
344888, 5096, 19088, 1812, 4728, 4868, 500, 243968, 1012
344880, 5096, 19080, 1808, 4728, 4864, 504, 243988, 1012
344876, 5084, 19092, 1804, 4732, 4860, 504, 243996, 1012
344872, 5080, 19084, 1808, 4728, 4860, 504, 244012, 1012
344872, 5076, 19072, 1804, 4728, 4856, 504, 244036, 1012
344864, 5072, 19056, 1808, 4720, 4856, 504, 244068, 1012
344856, 5064, 19060, 1808, 4724, 4856, 500, 244080, 1012
344852, 5064, 19052, 1800, 4724, 4856, 500, 244100, 1012
344840, 5064, 19052, 1796, 4728, 4856, 500, 244112, 1012
344836, 5060, 19036, 1792, 4728, 4856, 500, 244140, 1012
344832, 5044, 19040, 1796, 4724, 4856, 500, 244156, 1012
344824, 5044, 19032, 1800, 4712, 4860, 500, 244176, 1012
344824, 5036, 19024, 1800, 4712, 4860, 500, 244192, 1012
344824, 5032, 19016, 1800, 4712, 4860, 500, 244204, 1012
344824, 5032, 19004, 1788, 4716, 4860, 500, 244224, 1012
344816, 5032, 18996, 1788, 4716, 4864, 500, 244236, 1012
344808, 5024, 18996, 1792, 4712, 4864, 500, 244252, 1012
344800, 5020, 18984, 1800, 4708, 4864, 500, 244272, 1012
344792, 5008, 18984, 1804, 4704, 4864, 500, 244292, 1012
344784, 5008, 18980, 1800, 4708, 4868, 496, 244304, 1012
344760, 5020, 18972, 1808, 4708, 4864, 500, 244316, 1012
344752, 5016, 18952, 1816, 4704, 4864, 500, 244344, 1012
344752, 4996, 18964, 1820, 4696, 4864, 500, 244356, 1012
344748, 4984, 18968, 1828, 4692, 4860, 500, 244368, 1012
344740, 4980, 18964, 1828, 4692, 4860, 500, 244384, 1012
344728, 4976, 18964, 1824, 4696, 4856, 500, 244404, 1012
344728, 4960, 18960, 1828, 4692, 4864, 496, 244420, 1012
344724, 4960, 18948, 1816, 4700, 4868, 496, 244436, 1012
344724, 4948, 18940, 1820, 4704, 4868, 496, 244448, 1012
344716, 4940, 18940, 1820, 4708, 4868, 496, 244460, 1012
344700, 4948, 18932, 1824, 4704, 4868, 496, 244476, 1012
344696, 4948, 18920, 1820, 4708, 4864, 496, 244496, 1012
344696, 4932, 18916, 1820, 4708, 4860, 496, 244520, 1012
344696, 4924, 18888, 1808, 4712, 4864, 496, 244560, 1012
344696, 4904, 18892, 1808, 4716, 4864, 496, 244572, 1012
344696, 4892, 18896, 1812, 4712, 4868, 496, 244576, 1012
344684, 4892, 18892, 1812, 4716, 4868, 496, 244588, 1012
344684, 4892, 18880, 1812, 4708, 4868, 496, 244608, 1012
344676, 4884, 18880, 1812, 4708, 4864, 496, 244628, 1012
344668, 4880, 18876, 1816, 4700, 4860, 496, 244652, 1012
344660, 4872, 18864, 1824, 4700, 4860, 496, 244672, 1012
344648, 4876, 18852, 1824, 4696, 4864, 492, 244696, 1012
344636, 4872, 18852, 1836, 4688, 4872, 492, 244700, 1012
344624, 4880, 18836, 1836, 4684, 4868, 492, 244728, 1012
344608, 4892, 18832, 1836, 4684, 4868, 492, 244736, 1012
344596, 4896, 18824, 1836, 4680, 4868, 492, 244756, 1012
344588, 4888, 18824, 1836, 4672, 4872, 492, 244776, 1012
344580, 4876, 18836, 1832, 4668, 4872, 492, 244788, 1016
344572, 4884, 18820, 1828, 4660, 4868, 488, 244824, 1016
344552, 4884, 18828, 1828, 4660, 4868, 488, 244836, 1016
344520, 4908, 18808, 1828, 4660, 4868, 488, 244864, 1016
344484, 4936, 18788, 1820, 4664, 4872, 488, 244892, 1016
344476, 4924, 18788, 1820, 4656, 4872, 488, 244920, 1016
344448, 4936, 18792, 1824, 4652, 4872, 488, 244932, 1016
344412, 4956, 18800, 1828, 4644, 4872, 488, 244944, 1016
344388, 4964, 18804, 1824, 4644, 4868, 492, 244960, 1016
344356, 4976, 18792, 1824, 4648, 4868, 492, 244988, 1016
344336, 4984, 18804, 1820, 4652, 4868, 492, 244988, 1016
344320, 4976, 18820, 1816, 4656, 4864, 492, 245000, 1016
344284, 5004, 18816, 1816, 4652, 4864, 492, 245016, 1016
344268, 5008, 18812, 1808, 4660, 4860, 492, 245036, 1016
344240, 5016, 18808, 1812, 4656, 4860, 492, 245060, 1016
344208, 5036, 18800, 1816, 4652, 4864, 492, 245076, 1016
344188, 5040, 18812, 1812, 4652, 4868, 492, 245080, 1016
344172, 5048, 18812, 1808, 4656, 4868, 492, 245088, 1016
344128, 5068, 18820, 1816, 4656, 4868, 492, 245096, 1016
344108, 5080, 18816, 1816, 4648, 4868, 492, 245116, 1016
344068, 5104, 18820, 1816, 4648, 4868, 492, 245128, 1016
344052, 5108, 18816, 1820, 4644, 4872, 492, 245140, 1016
344044, 5100, 18808, 1820, 4640, 4876, 492, 245164, 1016
344020, 5104, 18812, 1824, 4640, 4872, 492, 245180, 1016
344020, 5084, 18824, 1824, 4640, 4868, 492, 245192, 1016
344012, 5080, 18828, 1828, 4640, 4868, 492, 245196, 1016
344004, 5076, 18816, 1824, 4644, 4868, 492, 245220, 1016
343984, 5080, 18812, 1828, 4648, 4868, 492, 245232, 1016
343984, 5080, 18800, 1828, 4644, 4868, 492, 245248, 1016
343968, 5084, 18808, 1828, 4644, 4868, 492, 245252, 1016
343952, 5080, 18788, 1824, 4652, 4868, 492, 245288, 1016
343936, 5072, 18788, 1824, 4656, 4868, 492, 245308, 1016
343924, 5072, 18780, 1824, 4652, 4872, 492, 245328, 1016
343912, 5076, 18772, 1824, 4652, 4868, 492, 245348, 1016
343892, 5088, 18772, 1816, 4656, 4864, 492, 245364, 1016
343864, 5112, 18760, 1816, 4652, 4868, 492, 245380, 1016
343844, 5116, 18744, 1812, 4652, 4868, 492, 245416, 1016
343820, 5132, 18740, 1816, 4648, 4868, 492, 245428, 1016
343800, 5136, 18748, 1816, 4636, 4868, 492, 245448, 1016
343784, 5144, 18728, 1816, 4632, 4860, 496, 245484, 1016
343756, 5160, 18720, 1820, 4636, 4856, 496, 245500, 1016
343724, 5184, 18708, 1816, 4636, 4856, 496, 245524, 1016
343724, 5168, 18700, 1812, 4632, 4860, 496, 245552, 1016
343700, 5188, 18684, 1808, 4632, 4868, 496, 245568, 1016
343680, 5200, 18676, 1804, 4628, 4868, 496, 245592, 1016
343664, 5216, 18660, 1800, 4624, 4864, 496, 245616, 1020
343652, 5220, 18656, 1796, 4624, 4868, 496, 245628, 1020
343632, 5228, 18668, 1792, 4624, 4872, 496, 245628, 1020
343620, 5220, 18664, 1788, 4620, 4868, 500, 245660, 1020
343604, 5220, 18672, 1788, 4624, 4864, 500, 245668, 1020
343584, 5224, 18668, 1792, 4628, 4864, 500, 245680, 1020
343572, 5236, 18660, 1792, 4628, 4868, 496, 245688, 1020
343560, 5228, 18664, 1796, 4624, 4872, 492, 245704, 1020
343540, 5232, 18656, 1780, 4632, 4876, 492, 245732, 1020
343528, 5240, 18644, 1780, 4624, 4880, 492, 245752, 1020
343524, 5236, 18644, 1776, 4624, 4884, 492, 245760, 1020
343512, 5244, 18644, 1772, 4628, 4884, 492, 245764, 1020
343508, 5240, 18636, 1776, 4620, 4884, 488, 245784, 1024
343500, 5232, 18636, 1780, 4616, 4884, 488, 245800, 1024
343488, 5224, 18636, 1780, 4620, 4884, 488, 245816, 1024
343484, 5216, 18640, 1784, 4620, 4884, 488, 245820, 1024
343484, 5208, 18636, 1780, 4624, 4884, 488, 245832, 1024
343468, 5216, 18632, 1780, 4628, 4884, 488, 245840, 1024
343460, 5208, 18628, 1772, 4636, 4876, 492, 245864, 1024
343452, 5204, 18628, 1768, 4636, 4876, 492, 245880, 1024
343444, 5200, 18620, 1772, 4632, 4876, 492, 245900, 1024
343440, 5192, 18624, 1768, 4628, 4876, 492, 245916, 1024
343432, 5200, 18620, 1764, 4620, 4880, 492, 245928, 1024
343432, 5200, 18612, 1764, 4612, 4880, 492, 245944, 1024
343428, 5200, 18604, 1756, 4612, 4884, 492, 245960, 1024
343424, 5192, 18604, 1756, 4604, 4888, 492, 245976, 1024
343424, 5176, 18616, 1756, 4604, 4888, 492, 245980, 1024
343420, 5160, 18612, 1764, 4596, 4888, 492, 246004, 1024
343416, 5132, 18640, 1764, 4600, 4888, 492, 246004, 1024
343408, 5132, 18628, 1764, 4604, 4888, 492, 246020, 1024
343400, 5120, 18632, 1756, 4616, 4888, 492, 246032, 1024
343396, 5116, 18600, 1760, 4608, 4888, 492, 246076, 1024
343380, 5120, 18604, 1748, 4620, 4884, 496, 246084, 1024
343376, 5108, 18616, 1748, 4616, 4884, 496, 246092, 1024
343376, 5100, 18612, 1748, 4616, 4884, 496, 246104, 1024
343368, 5100, 18600, 1748, 4612, 4884, 496, 246128, 1024
343368, 5088, 18588, 1748, 4612, 4876, 496, 246160, 1024
343364, 5080, 18584, 1752, 4608, 4876, 496, 246176, 1024
343356, 5068, 18592, 1764, 4604, 4876, 496, 246180, 1024
343352, 5064, 18576, 1768, 4600, 4876, 496, 246204, 1024
343352, 5056, 18576, 1772, 4600, 4876, 496, 246208, 1024
343348, 5056, 18568, 1772, 4604, 4872, 500, 246216, 1024
343344, 5048, 18560, 1768, 4600, 4872, 500, 246244, 1024
343328, 5060, 18552, 1764, 4604, 4872, 500, 246256, 1024
343320, 5060, 18536, 1760, 4608, 4868, 500, 246284, 1024
343316, 5056, 18536, 1760, 4600, 4868, 500, 246300, 1024
343304, 5056, 18524, 1760, 4604, 4864, 500, 246324, 1024
343304, 5048, 18516, 1764, 4604, 4864, 500, 246336, 1024
343296, 5056, 18500, 1764, 4600, 4868, 500, 246352, 1024
343292, 5056, 18492, 1760, 4592, 4876, 496, 246372, 1024
343292, 5036, 18500, 1760, 4592, 4868, 496, 246392, 1024
343276, 5044, 18492, 1760, 4588, 4868, 496, 246412, 1024
343268, 5036, 18496, 1764, 4580, 4868, 496, 246428, 1024
343252, 5032, 18496, 1764, 4572, 4864, 496, 246460, 1024
343244, 5012, 18500, 1768, 4564, 4864, 496, 246488, 1024
343236, 5016, 18488, 1764, 4560, 4868, 496, 246508, 1024
343228, 4988, 18500, 1768, 4560, 4872, 496, 246524, 1024
343216, 4980, 18512, 1764, 4564, 4872, 496, 246532, 1024
343208, 4988, 18500, 1752, 4564, 4868, 496, 246560, 1024
343204, 4992, 18496, 1744, 4568, 4868, 496, 246568, 1024
343196, 4984, 18504, 1744, 4560, 4864, 496, 246588, 1024
343188, 4984, 18484, 1748, 4560, 4864, 496, 246612, 1024
343184, 4980, 18480, 1748, 4560, 4864, 496, 246624, 1024
343180, 4972, 18480, 1748, 4560, 4864, 496, 246636, 1024
343168, 4972, 18484, 1748, 4560, 4864, 496, 246644, 1024
343164, 4964, 18464, 1744, 4564, 4864, 496, 246676, 1024
343152, 4964, 18464, 1736, 4564, 4864, 496, 246696, 1024
343144, 4972, 18440, 1728, 4572, 4864, 496, 246720, 1024
343132, 4960, 18440, 1732, 4572, 4864, 496, 246740, 1024
343128, 4948, 18432, 1736, 4572, 4864, 496, 246760, 1024
343124, 4948, 18420, 1736, 4556, 4864, 496, 246792, 1024
343124, 4936, 18416, 1736, 4552, 4860, 496, 246816, 1024
343116, 4936, 18416, 1736, 4552, 4860, 496, 246824, 1024
343112, 4932, 18392, 1736, 4560, 4860, 496, 246848, 1024
343104, 4928, 18396, 1732, 4560, 4860, 496, 246856, 1028
343104, 4920, 18392, 1732, 4548, 4860, 496, 246880, 1028
343100, 4916, 18376, 1736, 4548, 4860, 496, 246900, 1028
343100, 4908, 18364, 1728, 4560, 4860, 496, 246916, 1028
343088, 4912, 18356, 1728, 4560, 4856, 496, 246936, 1028
343084, 4916, 18344, 1728, 4556, 4852, 496, 246956, 1028
343084, 4912, 18324, 1728, 4544, 4852, 496, 246988, 1032
343080, 4900, 18332, 1732, 4536, 4856, 496, 246996, 1032
343076, 4884, 18332, 1736, 4536, 4852, 496, 247016, 1032
343068, 4876, 18320, 1728, 4536, 4844, 496, 247060, 1032
343068, 4864, 18316, 1728, 4524, 4848, 496, 247080, 1036
343060, 4852, 18324, 1728, 4520, 4840, 496, 247104, 1036
343052, 4856, 18308, 1728, 4516, 4836, 496, 247132, 1036
343052, 4840, 18308, 1732, 4508, 4836, 496, 247152, 1036
343044, 4848, 18304, 1732, 4508, 4832, 496, 247160, 1036
343032, 4844, 18300, 1728, 4516, 4836, 496, 247172, 1036
343024, 4852, 18292, 1724, 4520, 4828, 496, 247188, 1036
343008, 4852, 18292, 1728, 4520, 4820, 500, 247204, 1036
342996, 4852, 18296, 1728, 4520, 4820, 500, 247212, 1036
342996, 4844, 18296, 1728, 4516, 4820, 500, 247224, 1036
342992, 4844, 18296, 1728, 4512, 4816, 500, 247236, 1036
342988, 4836, 18292, 1728, 4512, 4808, 500, 247260, 1036
342984, 4836, 18288, 1716, 4516, 4812, 500, 247272, 1036
342984, 4828, 18264, 1716, 4512, 4816, 500, 247304, 1036
342980, 4820, 18276, 1716, 4512, 4816, 500, 247304, 1036
342980, 4804, 18288, 1700, 4524, 4816, 500, 247312, 1036
342972, 4804, 18280, 1700, 4508, 4816, 500, 247344, 1036
342964, 4800, 18280, 1700, 4508, 4816, 500, 247356, 1036
342956, 4788, 18276, 1704, 4504, 4816, 500, 247380, 1036
342956, 4776, 18276, 1708, 4500, 4816, 500, 247392, 1036
342956, 4764, 18268, 1708, 4504, 4824, 496, 247404, 1036
342956, 4732, 18288, 1708, 4504, 4824, 492, 247420, 1036
342956, 4720, 18280, 1708, 4504, 4816, 496, 247444, 1036
342952, 4720, 18260, 1708, 4500, 4816, 496, 247472, 1036
342944, 4724, 18248, 1704, 4500, 4820, 496, 247488, 1036
342944, 4708, 18260, 1704, 4492, 4820, 496, 247500, 1036
342940, 4684, 18268, 1708, 4488, 4824, 496, 247516, 1036
342936, 4688, 18248, 1704, 4488, 4820, 496, 247544, 1036
342932, 4680, 18228, 1708, 4480, 4820, 496, 247580, 1036
342932, 4672, 18212, 1716, 4480, 4812, 496, 247604, 1036
342924, 4660, 18196, 1728, 4476, 4812, 496, 247632, 1036
342904, 4672, 18184, 1724, 4476, 4808, 496, 247660, 1036
342896, 4676, 18180, 1724, 4472, 4812, 496, 247668, 1036
342884, 4656, 18200, 1724, 4468, 4812, 496, 247684, 1036
342876, 4636, 18220, 1728, 4464, 4812, 496, 247692, 1036
342872, 4636, 18212, 1728, 4460, 4812, 496, 247708, 1036
342868, 4620, 18216, 1724, 4460, 4812, 496, 247728, 1036
342864, 4612, 18216, 1732, 4460, 4812, 496, 247732, 1036
342856, 4616, 18204, 1732, 4452, 4812, 496, 247756, 1036
342852, 4620, 18192, 1724, 4456, 4808, 496, 247776, 1036
342844, 4616, 18184, 1724, 4456, 4804, 496, 247800, 1036
342840, 4608, 18168, 1720, 4460, 4800, 496, 247832, 1036
342832, 4616, 18152, 1720, 4460, 4800, 496, 247848, 1036
342816, 4620, 18152, 1720, 4460, 4800, 496, 247860, 1036
342808, 4624, 18144, 1716, 4464, 4800, 496, 247872, 1036
342800, 4616, 18152, 1724, 4464, 4800, 496, 247872, 1036
342788, 4616, 18136, 1724, 4456, 4800, 496, 247908, 1036
342788, 4616, 18124, 1724, 4452, 4800, 496, 247924, 1036
342788, 4596, 18124, 1716, 4456, 4800, 496, 247948, 1036
342784, 4576, 18120, 1720, 4456, 4796, 496, 247972, 1040
342772, 4580, 18120, 1716, 4456, 4796, 496, 247984, 1040
342760, 4576, 18116, 1716, 4464, 4796, 496, 247996, 1040
342748, 4580, 18108, 1708, 4472, 4792, 496, 248016, 1040
342732, 4584, 18100, 1716, 4468, 4792, 496, 248032, 1040
342724, 4584, 18096, 1720, 4464, 4792, 496, 248044, 1040
342712, 4584, 18096, 1720, 4472, 4788, 496, 248052, 1040
342704, 4580, 18092, 1716, 4476, 4784, 496, 248072, 1040
342692, 4580, 18080, 1724, 4476, 4784, 496, 248088, 1040
342680, 4580, 18084, 1728, 4472, 4780, 496, 248100, 1040
342676, 4576, 18084, 1724, 4472, 4780, 496, 248112, 1040
342664, 4580, 18068, 1728, 4468, 4776, 496, 248140, 1040
342664, 4568, 18072, 1720, 4472, 4780, 496, 248148, 1040
342648, 4568, 18076, 1724, 4472, 4780, 496, 248156, 1040
342636, 4568, 18072, 1720, 4476, 4780, 496, 248172, 1040
342628, 4560, 18064, 1724, 4472, 4776, 496, 248200, 1040
342624, 4560, 18060, 1724, 4472, 4780, 496, 248204, 1040
342612, 4560, 18064, 1716, 4476, 4780, 496, 248216, 1040
342608, 4556, 18052, 1712, 4476, 4780, 496, 248240, 1040
342596, 4556, 18060, 1708, 4480, 4780, 496, 248244, 1040
342596, 4548, 18048, 1708, 4480, 4776, 496, 248268, 1040
342584, 4560, 18036, 1708, 4472, 4776, 496, 248288, 1040
342584, 4560, 18028, 1704, 4464, 4776, 496, 248308, 1040
342576, 4548, 18036, 1700, 4464, 4780, 496, 248320, 1040
342568, 4552, 18024, 1704, 4464, 4780, 496, 248332, 1040
342552, 4560, 18012, 1696, 4460, 4784, 496, 248360, 1040
342544, 4536, 18020, 1696, 4452, 4784, 496, 248392, 1040
342540, 4524, 18024, 1688, 4456, 4780, 496, 248412, 1040
342536, 4496, 18032, 1696, 4448, 4784, 492, 248432, 1044
342532, 4492, 18012, 1704, 4444, 4780, 496, 248456, 1044
342532, 4472, 18008, 1696, 4452, 4776, 496, 248484, 1044
342528, 4460, 18012, 1692, 4456, 4776, 496, 248496, 1044
342524, 4456, 18012, 1692, 4456, 4776, 496, 248504, 1044
342524, 4432, 18008, 1696, 4460, 4768, 496, 248532, 1044
342512, 4428, 18012, 1700, 4452, 4764, 496, 248552, 1044
342496, 4436, 17996, 1708, 4452, 4760, 496, 248572, 1044
342492, 4436, 17980, 1708, 4444, 4760, 496, 248600, 1044
342488, 4428, 17976, 1712, 4444, 4760, 496, 248612, 1044
342472, 4440, 17976, 1708, 4440, 4760, 496, 248624, 1044
342464, 4444, 17968, 1712, 4428, 4760, 496, 248644, 1044
342464, 4440, 17968, 1708, 4432, 4760, 496, 248648, 1044
342456, 4436, 17956, 1716, 4424, 4760, 496, 248672, 1044
342448, 4440, 17948, 1716, 4416, 4760, 496, 248692, 1044
342432, 4448, 17932, 1716, 4412, 4760, 496, 248720, 1044
342424, 4436, 17932, 1724, 4416, 4752, 496, 248736, 1044
342416, 4428, 17940, 1724, 4412, 4740, 500, 248752, 1048
342408, 4424, 17944, 1720, 4412, 4740, 500, 248764, 1048
342396, 4428, 17948, 1720, 4408, 4744, 500, 248768, 1048
342392, 4412, 17936, 1716, 4408, 4748, 500, 248800, 1048
342384, 4400, 17932, 1716, 4400, 4744, 500, 248836, 1048
342380, 4400, 17912, 1716, 4392, 4744, 500, 248868, 1048
342372, 4392, 17916, 1720, 4384, 4744, 500, 248884, 1048
342372, 4368, 17904, 1728, 4384, 4744, 500, 248912, 1048
342364, 4372, 17888, 1720, 4384, 4748, 500, 248936, 1048
342364, 4356, 17884, 1716, 4380, 4748, 500, 248964, 1048
342348, 4360, 17880, 1720, 4380, 4748, 500, 248976, 1048
342344, 4364, 17860, 1712, 4388, 4748, 500, 248996, 1048
342336, 4368, 17856, 1704, 4396, 4744, 500, 249008, 1048
342332, 4360, 17848, 1708, 4384, 4752, 500, 249028, 1048
342320, 4348, 17864, 1708, 4380, 4752, 500, 249040, 1048
342320, 4340, 17848, 1708, 4380, 4756, 500, 249060, 1048
342320, 4328, 17840, 1712, 4376, 4756, 500, 249080, 1048
342320, 4312, 17820, 1716, 4368, 4752, 504, 249120, 1048
342312, 4304, 17828, 1712, 4368, 4752, 504, 249132, 1048
342304, 4304, 17820, 1708, 4372, 4752, 504, 249148, 1048
342292, 4300, 17800, 1716, 4364, 4748, 508, 249184, 1048
342268, 4312, 17796, 1708, 4368, 4748, 508, 249204, 1048
342264, 4308, 17788, 1708, 4368, 4748, 508, 249220, 1048
342260, 4296, 17772, 1712, 4368, 4748, 508, 249248, 1048
342256, 4288, 17780, 1712, 4364, 4748, 508, 249256, 1048
342252, 4288, 17776, 1704, 4368, 4748, 508, 249268, 1048
342252, 4280, 17768, 1700, 4368, 4748, 512, 249284, 1048
342252, 4260, 17764, 1700, 4368, 4748, 512, 249304, 1052
342248, 4248, 17756, 1704, 4360, 4744, 512, 249336, 1052
342244, 4240, 17760, 1696, 4368, 4744, 512, 249344, 1052
342240, 4236, 17748, 1692, 4368, 4748, 512, 249364, 1052
342232, 4220, 17748, 1696, 4368, 4744, 512, 249388, 1052
342228, 4208, 17752, 1696, 4360, 4748, 512, 249404, 1052
342216, 4204, 17748, 1692, 4360, 4748, 512, 249428, 1052
342216, 4192, 17748, 1688, 4360, 4748, 512, 249444, 1052
342212, 4192, 17736, 1688, 4360, 4740, 512, 249468, 1052
342204, 4180, 17736, 1684, 4360, 4740, 508, 249496, 1052
342200, 4168, 17728, 1688, 4344, 4744, 508, 249528, 1052
342192, 4164, 17712, 1684, 4348, 4744, 508, 249556, 1052
342188, 4164, 17700, 1684, 4348, 4744, 508, 249572, 1052
342188, 4148, 17688, 1688, 4348, 4744, 508, 249596, 1052
342184, 4144, 17684, 1688, 4344, 4744, 508, 249612, 1052
342180, 4116, 17688, 1700, 4344, 4744, 508, 249628, 1052
342176, 4108, 17680, 1700, 4340, 4736, 508, 249660, 1052
342160, 4100, 17696, 1704, 4340, 4732, 508, 249668, 1052
342156, 4092, 17692, 1704, 4328, 4732, 508, 249696, 1052
342148, 4092, 17684, 1696, 4332, 4732, 508, 249716, 1052
342144, 4084, 17664, 1704, 4332, 4732, 508, 249740, 1052
342136, 4080, 17668, 1704, 4328, 4724, 508, 249756, 1056
342128, 4080, 17668, 1708, 4316, 4724, 508, 249772, 1056
342104, 4084, 17672, 1700, 4328, 4724, 508, 249784, 1056
342104, 4068, 17676, 1696, 4324, 4724, 508, 249804, 1056
342100, 4052, 17684, 1696, 4320, 4724, 508, 249820, 1056
342100, 4052, 17664, 1692, 4316, 4724, 508, 249848, 1056
342096, 4032, 17660, 1688, 4320, 4724, 508, 249876, 1056
342088, 4024, 17668, 1692, 4316, 4720, 508, 249888, 1056
342084, 4008, 17676, 1692, 4316, 4724, 508, 249896, 1056
342076, 4012, 17660, 1696, 4316, 4724, 508, 249912, 1056
342064, 4016, 17656, 1696, 4316, 4724, 508, 249924, 1056
342064, 4004, 17656, 1696, 4316, 4724, 508, 249936, 1056
342060, 4008, 17656, 1696, 4308, 4724, 508, 249944, 1056
342060, 4004, 17644, 1696, 4304, 4728, 508, 249960, 1056
342060, 3996, 17628, 1700, 4300, 4732, 504, 249984, 1056
342056, 3992, 17624, 1704, 4300, 4732, 504, 249992, 1056
342048, 3988, 17608, 1704, 4292, 4736, 504, 250024, 1056
342040, 3992, 17592, 1700, 4296, 4736, 504, 250044, 1056
342032, 3988, 17580, 1708, 4292, 4736, 504, 250064, 1056
342020, 3976, 17576, 1712, 4288, 4740, 504, 250088, 1056
342016, 3968, 17560, 1720, 4280, 4744, 504, 250112, 1056
342016, 3936, 17584, 1728, 4264, 4752, 504, 250120, 1056
342012, 3936, 17564, 1724, 4260, 4744, 504, 250160, 1056
342008, 3932, 17560, 1724, 4256, 4748, 504, 250172, 1056
342004, 3924, 17564, 1724, 4256, 4748, 504, 250180, 1056
341996, 3920, 17560, 1732, 4256, 4748, 504, 250188, 1056
341992, 3904, 17560, 1736, 4252, 4748, 504, 250208, 1056
341984, 3904, 17548, 1732, 4256, 4748, 504, 250228, 1056
341984, 3900, 17540, 1736, 4256, 4744, 504, 250240, 1056
341984, 3892, 17544, 1732, 4260, 4744, 504, 250244, 1056
341976, 3880, 17552, 1728, 4260, 4744, 504, 250260, 1056
341960, 3880, 17556, 1732, 4260, 4744, 504, 250268, 1056
341960, 3856, 17556, 1736, 4264, 4744, 504, 250284, 1056
341952, 3856, 17548, 1732, 4264, 4748, 504, 250300, 1056
341936, 3872, 17532, 1732, 4264, 4744, 504, 250320, 1056
341928, 3868, 17520, 1740, 4252, 4752, 504, 250340, 1056
341928, 3868, 17508, 1736, 4248, 4748, 504, 250364, 1056
341924, 3856, 17504, 1736, 4244, 4748, 504, 250388, 1056
341920, 3844, 17520, 1736, 4228, 4752, 504, 250400, 1056
341908, 3844, 17528, 1740, 4224, 4752, 504, 250404, 1056
341904, 3840, 17516, 1736, 4228, 4752, 504, 250424, 1056
341884, 3860, 17500, 1736, 4224, 4752, 504, 250444, 1056
341872, 3864, 17504, 1728, 4228, 4752, 504, 250452, 1056
341860, 3872, 17496, 1724, 4224, 4752, 504, 250472, 1056
341856, 3872, 17496, 1724, 4220, 4752, 504, 250480, 1056
341848, 3876, 17488, 1720, 4224, 4752, 504, 250492, 1056
341840, 3876, 17496, 1716, 4220, 4756, 504, 250496, 1056
341832, 3876, 17488, 1720, 4220, 4756, 504, 250508, 1056
341820, 3880, 17480, 1724, 4220, 4756, 504, 250520, 1056
341816, 3872, 17476, 1720, 4224, 4748, 508, 250540, 1056
341808, 3872, 17464, 1720, 4220, 4748, 508, 250564, 1056
341808, 3868, 17452, 1716, 4220, 4744, 508, 250588, 1056
341796, 3868, 17436, 1712, 4224, 4744, 508, 250616, 1056
341796, 3832, 17444, 1720, 4220, 4744, 508, 250640, 1056
341792, 3824, 17452, 1720, 4212, 4744, 508, 250652, 1056
341792, 3812, 17436, 1724, 4208, 4744, 508, 250680, 1056
341792, 3792, 17432, 1724, 4204, 4744, 508, 250708, 1056
341788, 3784, 17428, 1724, 4196, 4748, 508, 250728, 1056
341776, 3788, 17404, 1724, 4188, 4748, 508, 250768, 1056
341776, 3780, 17400, 1716, 4192, 4748, 508, 250784, 1056
341768, 3784, 17392, 1712, 4196, 4744, 508, 250800, 1056
341760, 3780, 17388, 1704, 4200, 4740, 508, 250820, 1060
341756, 3776, 17388, 1700, 4204, 4740, 508, 250828, 1060
341756, 3768, 17388, 1700, 4200, 4740, 508, 250840, 1060
341756, 3756, 17392, 1704, 4188, 4740, 508, 250856, 1060
341748, 3748, 17392, 1708, 4188, 4740, 508, 250868, 1060
341744, 3744, 17388, 1712, 4184, 4740, 508, 250880, 1060
341744, 3728, 17388, 1716, 4184, 4736, 508, 250896, 1060
341736, 3728, 17376, 1712, 4180, 4740, 508, 250920, 1060
341724, 3736, 17364, 1712, 4172, 4740, 508, 250944, 1060
341724, 3712, 17376, 1708, 4172, 4740, 508, 250960, 1060
341720, 3692, 17372, 1720, 4172, 4740, 508, 250976, 1060
341716, 3692, 17360, 1716, 4176, 4736, 508, 250996, 1060
341712, 3692, 17344, 1716, 4176, 4736, 508, 251016, 1060
341712, 3688, 17340, 1712, 4176, 4736, 508, 251028, 1060
341704, 3684, 17344, 1720, 4176, 4736, 508, 251028, 1060
341688, 3684, 17332, 1732, 4172, 4736, 508, 251048, 1060
341688, 3672, 17332, 1728, 4176, 4736, 508, 251060, 1060
341684, 3664, 17316, 1728, 4172, 4736, 508, 251092, 1060
341680, 3660, 17320, 1728, 4168, 4732, 508, 251104, 1060
341676, 3632, 17340, 1732, 4156, 4732, 508, 251124, 1060
341676, 3624, 17336, 1736, 4152, 4732, 508, 251132, 1064
341668, 3624, 17328, 1728, 4156, 4736, 508, 251148, 1064
341668, 3624, 17324, 1720, 4156, 4740, 508, 251156, 1064
341668, 3604, 17320, 1720, 4156, 4740, 508, 251180, 1064
341664, 3596, 17320, 1724, 4156, 4740, 504, 251192, 1064
341656, 3592, 17312, 1724, 4156, 4736, 504, 251216, 1064
341644, 3588, 17320, 1716, 4168, 4736, 504, 251220, 1064
341636, 3592, 17312, 1716, 4148, 4752, 504, 251236, 1064
341616, 3592, 17312, 1716, 4156, 4748, 504, 251252, 1064
341612, 3596, 17292, 1712, 4160, 4748, 504, 251272, 1064
341604, 3596, 17288, 1712, 4156, 4752, 504, 251284, 1064
341600, 3588, 17288, 1712, 4152, 4748, 504, 251304, 1064
341596, 3580, 17284, 1708, 4156, 4744, 504, 251324, 1064
341584, 3592, 17268, 1708, 4148, 4740, 504, 251352, 1064
341560, 3608, 17264, 1704, 4148, 4744, 500, 251368, 1064
341540, 3620, 17240, 1704, 4140, 4740, 500, 251408, 1068
341532, 3608, 17240, 1708, 4136, 4740, 500, 251428, 1068
341524, 3604, 17244, 1708, 4132, 4740, 500, 251436, 1072
341524, 3604, 17232, 1704, 4132, 4740, 500, 251452, 1072
341524, 3596, 17224, 1704, 4128, 4740, 500, 251472, 1072
341516, 3596, 17220, 1708, 4124, 4736, 500, 251488, 1072
341516, 3588, 17204, 1700, 4132, 4732, 500, 251516, 1072
341512, 3576, 17196, 1704, 4132, 4732, 500, 251536, 1072
341504, 3576, 17188, 1708, 4136, 4728, 500, 251548, 1072
341496, 3576, 17184, 1708, 4132, 4728, 500, 251564, 1072
341488, 3568, 17192, 1704, 4132, 4728, 500, 251576, 1072
341480, 3572, 17196, 1704, 4124, 4732, 500, 251580, 1072
341480, 3564, 17176, 1704, 4112, 4732, 500, 251620, 1072
341480, 3552, 17184, 1708, 4108, 4728, 500, 251628, 1072
341480, 3544, 17188, 1708, 4104, 4724, 500, 251640, 1072
341476, 3528, 17188, 1704, 4104, 4716, 504, 251664, 1076
341472, 3520, 17188, 1704, 4100, 4716, 504, 251680, 1076
341472, 3504, 17188, 1708, 4100, 4716, 504, 251692, 1076
341472, 3504, 17160, 1704, 4096, 4716, 504, 251728, 1076
341468, 3504, 17152, 1704, 4092, 4720, 504, 251740, 1076
341468, 3492, 17156, 1704, 4096, 4720, 504, 251744, 1076
341468, 3480, 17148, 1700, 4096, 4724, 504, 251764, 1076
341468, 3468, 17148, 1700, 4092, 4724, 504, 251780, 1076
341460, 3456, 17136, 1704, 4088, 4724, 504, 251812, 1076
341460, 3444, 17128, 1708, 4084, 4724, 504, 251832, 1076
341448, 3444, 17124, 1704, 4084, 4728, 504, 251848, 1076
341440, 3448, 17112, 1692, 4096, 4728, 504, 251864, 1076
341440, 3424, 17120, 1696, 4084, 4732, 504, 251884, 1076
341436, 3424, 17104, 1696, 4084, 4732, 504, 251904, 1076
341428, 3428, 17096, 1696, 4088, 4736, 500, 251912, 1076
341420, 3428, 17088, 1696, 4084, 4728, 500, 251940, 1076
341408, 3424, 17092, 1704, 4076, 4732, 500, 251948, 1076
341408, 3412, 17096, 1704, 4072, 4732, 500, 251960, 1076
341396, 3416, 17096, 1704, 4064, 4732, 500, 251976, 1076
341392, 3396, 17104, 1712, 4068, 4732, 500, 251980, 1076
341384, 3384, 17108, 1708, 4072, 4728, 500, 252000, 1076
341368, 3400, 17084, 1708, 4072, 4728, 500, 252024, 1076
341368, 3392, 17068, 1712, 4072, 4728, 500, 252044, 1076
341368, 3372, 17064, 1716, 4072, 4720, 500, 252072, 1076
341360, 3368, 17072, 1720, 4064, 4720, 500, 252080, 1076
341356, 3360, 17068, 1724, 4056, 4724, 500, 252096, 1076
341356, 3348, 17076, 1720, 4060, 4724, 500, 252100, 1076
341356, 3344, 17076, 1724, 4048, 4724, 500, 252112, 1076
341352, 3340, 17076, 1716, 4056, 4724, 500, 252120, 1076
341344, 3344, 17076, 1716, 4056, 4724, 500, 252124, 1076
341336, 3344, 17076, 1708, 4056, 4732, 500, 252132, 1076
341336, 3344, 17068, 1700, 4056, 4732, 500, 252144, 1080
341336, 3344, 17056, 1696, 4060, 4732, 500, 252156, 1080
341328, 3348, 17052, 1696, 4060, 4728, 500, 252168, 1080
341308, 3352, 17060, 1696, 4052, 4728, 500, 252184, 1080
341304, 3336, 17064, 1708, 4048, 4728, 500, 252192, 1080
341296, 3324, 17072, 1704, 4056, 4728, 500, 252200, 1080
341284, 3320, 17068, 1704, 4056, 4728, 500, 252220, 1080
341280, 3316, 17076, 1700, 4060, 4728, 500, 252220, 1080
341280, 3304, 17064, 1704, 4060, 4728, 500, 252240, 1080
341268, 3308, 17044, 1712, 4056, 4728, 500, 252264, 1080
341256, 3308, 17036, 1704, 4060, 4728, 500, 252288, 1080
341252, 3304, 17024, 1700, 4068, 4728, 500, 252304, 1080
341252, 3292, 17012, 1696, 4068, 4732, 500, 252328, 1080
341240, 3296, 17012, 1696, 4072, 4732, 500, 252332, 1080
341228, 3304, 17000, 1696, 4068, 4732, 500, 252352, 1080
341216, 3312, 16992, 1692, 4072, 4732, 500, 252364, 1080
341204, 3312, 16980, 1692, 4072, 4736, 500, 252384, 1080
341184, 3320, 16968, 1692, 4068, 4736, 500, 252412, 1080
341176, 3316, 16968, 1692, 4068, 4736, 500, 252424, 1080
341160, 3328, 16964, 1684, 4076, 4736, 500, 252432, 1080
341132, 3348, 16964, 1680, 4076, 4740, 500, 252440, 1080
341108, 3356, 16976, 1664, 4092, 4740, 500, 252444, 1080
341084, 3376, 16972, 1660, 4096, 4740, 500, 252452, 1080
341060, 3400, 16960, 1656, 4100, 4740, 500, 252464, 1080
341048, 3396, 16968, 1652, 4100, 4736, 500, 252480, 1080
341028, 3408, 16956, 1648, 4092, 4740, 500, 252508, 1080
341008, 3420, 16928, 1652, 4084, 4740, 500, 252544, 1084
340984, 3440, 16912, 1652, 4088, 4740, 500, 252560, 1084
340940, 3476, 16900, 1652, 4088, 4740, 500, 252580, 1084
340920, 3484, 16904, 1652, 4092, 4740, 500, 252584, 1084
340892, 3500, 16908, 1656, 4088, 4740, 500, 252592, 1084
340872, 3508, 16916, 1648, 4092, 4740, 500, 252600, 1084
340844, 3528, 16908, 1640, 4096, 4740, 504, 252616, 1084
340808, 3564, 16896, 1640, 4096, 4740, 504, 252628, 1084
340796, 3556, 16912, 1640, 4092, 4744, 504, 252632, 1084
340788, 3560, 16904, 1640, 4084, 4740, 504, 252652, 1088
340760, 3576, 16916, 1640, 4080, 4740, 504, 252656, 1088
340728, 3608, 16912, 1640, 4080, 4740, 504, 252660, 1088
340728, 3596, 16916, 1640, 4076, 4744, 504, 252668, 1088
340716, 3600, 16912, 1636, 4080, 4744, 504, 252680, 1088
340700, 3608, 16912, 1636, 4080, 4744, 504, 252688, 1088
340684, 3620, 16900, 1636, 4076, 4740, 504, 252712, 1088
340676, 3620, 16892, 1632, 4076, 4740, 504, 252732, 1088
340652, 3632, 16892, 1620, 4084, 4740, 504, 252748, 1088
340632, 3640, 16880, 1620, 4084, 4740, 504, 252772, 1088
340628, 3636, 16868, 1624, 4084, 4740, 504, 252788, 1088
340620, 3632, 16864, 1624, 4080, 4740, 504, 252808, 1088
340608, 3632, 16860, 1628, 4080, 4740, 504, 252820, 1088
340576, 3660, 16844, 1628, 4084, 4740, 504, 252836, 1088
340544, 3684, 16844, 1628, 4080, 4744, 504, 252844, 1088
340532, 3688, 16836, 1632, 4080, 4744, 504, 252856, 1088
340528, 3684, 16840, 1632, 4076, 4748, 504, 252860, 1088
340512, 3696, 16836, 1628, 4072, 4752, 504, 252872, 1088
340496, 3704, 16840, 1624, 4064, 4748, 504, 252892, 1088
340484, 3712, 16832, 1624, 4068, 4748, 504, 252900, 1088
340468, 3724, 16832, 1624, 4064, 4748, 504, 252908, 1088
340452, 3720, 16816, 1636, 4064, 4748, 504, 252932, 1088
340448, 3716, 16812, 1632, 4060, 4752, 504, 252948, 1088
340428, 3720, 16808, 1636, 4056, 4744, 504, 252976, 1088
340404, 3728, 16804, 1648, 4052, 4748, 504, 252984, 1088
340388, 3712, 16804, 1664, 4052, 4744, 504, 253004, 1088
340376, 3708, 16796, 1660, 4052, 4744, 504, 253032, 1088
340348, 3728, 16788, 1660, 4052, 4744, 504, 253048, 1088
340344, 3724, 16772, 1656, 4048, 4740, 504, 253080, 1092
340324, 3740, 16764, 1660, 4040, 4744, 504, 253092, 1092
340312, 3748, 16736, 1660, 4036, 4744, 504, 253128, 1092
340284, 3776, 16728, 1648, 4048, 4744, 504, 253136, 1092
340276, 3772, 16724, 1644, 4048, 4744, 504, 253156, 1092
340260, 3780, 16720, 1644, 4048, 4744, 504, 253168, 1092
340252, 3776, 16712, 1644, 4044, 4744, 504, 253192, 1092
340240, 3780, 16708, 1644, 4048, 4744, 504, 253196, 1096
340236, 3772, 16716, 1644, 4040, 4744, 504, 253208, 1096
340236, 3768, 16720, 1640, 4044, 4744, 504, 253208, 1096
340232, 3760, 16724, 1636, 4044, 4740, 504, 253224, 1096
340232, 3752, 16700, 1636, 4032, 4744, 504, 253264, 1096
340220, 3760, 16692, 1636, 4024, 4744, 504, 253284, 1096
340220, 3752, 16688, 1632, 4028, 4740, 504, 253300, 1096
340208, 3752, 16684, 1628, 4028, 4740, 504, 253320, 1096
340208, 3748, 16688, 1624, 4032, 4740, 504, 253320, 1096
340200, 3756, 16684, 1624, 4028, 4740, 500, 253332, 1096
340200, 3752, 16672, 1620, 4032, 4740, 500, 253348, 1096
340196, 3748, 16676, 1620, 4020, 4748, 500, 253356, 1096
340192, 3744, 16664, 1624, 4020, 4748, 500, 253372, 1096
340184, 3748, 16656, 1624, 4020, 4744, 500, 253388, 1096
340184, 3740, 16640, 1628, 4020, 4740, 500, 253412, 1096
340184, 3736, 16640, 1624, 4020, 4744, 500, 253416, 1096
340180, 3736, 16632, 1612, 4028, 4748, 496, 253432, 1096
340176, 3728, 16628, 1604, 4036, 4748, 496, 253448, 1096
340172, 3724, 16620, 1604, 4028, 4744, 496, 253476, 1096
340172, 3712, 16624, 1608, 4032, 4744, 496, 253476, 1096
340172, 3712, 16612, 1604, 4028, 4740, 496, 253500, 1096
340168, 3700, 16608, 1604, 4028, 4740, 496, 253520, 1096
340160, 3708, 16608, 1604, 4028, 4740, 496, 253520, 1096
340152, 3704, 16600, 1604, 4028, 4740, 496, 253540, 1096
340152, 3700, 16600, 1604, 4032, 4740, 496, 253540, 1096
340148, 3696, 16604, 1604, 4020, 4744, 496, 253552, 1096
340148, 3684, 16608, 1600, 4024, 4748, 492, 253560, 1096
340144, 3680, 16596, 1608, 4020, 4748, 492, 253576, 1096
340144, 3676, 16588, 1604, 4024, 4748, 492, 253588, 1096
340140, 3664, 16584, 1604, 4020, 4744, 492, 253616, 1096
340136, 3660, 16568, 1604, 4028, 4744, 492, 253632, 1096
340132, 3660, 16556, 1604, 4016, 4748, 488, 253652, 1104
340124, 3644, 16556, 1608, 4020, 4748, 488, 253668, 1104
340116, 3636, 16552, 1608, 4020, 4748, 488, 253688, 1104
340108, 3644, 16544, 1600, 4028, 4748, 488, 253696, 1104
340096, 3644, 16548, 1596, 4032, 4748, 488, 253704, 1104
340096, 3640, 16548, 1592, 4024, 4748, 488, 253720, 1104
340096, 3624, 16548, 1596, 4024, 4748, 488, 253732, 1104
340092, 3612, 16544, 1592, 4020, 4748, 488, 253760, 1104
340088, 3612, 16540, 1588, 4024, 4740, 492, 253772, 1104
340084, 3612, 16540, 1588, 4020, 4744, 492, 253776, 1104
340084, 3592, 16536, 1592, 4024, 4744, 492, 253792, 1104
340080, 3592, 16532, 1592, 4020, 4744, 492, 253804, 1104
340072, 3592, 16524, 1592, 4016, 4748, 492, 253820, 1104
340072, 3576, 16536, 1592, 4020, 4752, 488, 253820, 1104
340068, 3560, 16548, 1592, 4020, 4752, 488, 253828, 1104
340064, 3556, 16532, 1584, 4028, 4752, 488, 253852, 1104
340060, 3556, 16524, 1576, 4036, 4752, 488, 253864, 1104
340052, 3564, 16500, 1572, 4040, 4752, 488, 253888, 1104
340048, 3560, 16492, 1580, 4040, 4752, 488, 253896, 1104
340040, 3568, 16492, 1580, 4036, 4752, 488, 253900, 1104
340040, 3568, 16476, 1572, 4044, 4748, 488, 253920, 1104
340036, 3560, 16456, 1572, 4040, 4748, 488, 253956, 1104
340032, 3560, 16452, 1576, 4036, 4744, 488, 253968, 1104
340032, 3548, 16460, 1580, 4032, 4744, 484, 253976, 1104
340016, 3556, 16456, 1580, 4032, 4736, 488, 253988, 1108
340004, 3568, 16432, 1572, 4040, 4736, 488, 254012, 1108
339992, 3568, 16412, 1576, 4036, 4732, 488, 254048, 1108
339980, 3564, 16412, 1576, 4036, 4732, 488, 254064, 1108
339976, 3556, 16420, 1568, 4036, 4736, 488, 254072, 1108
339968, 3564, 16420, 1564, 4036, 4736, 484, 254080, 1108
339960, 3564, 16428, 1560, 4032, 4732, 484, 254088, 1112
339960, 3556, 16428, 1556, 4040, 4732, 484, 254092, 1112
339960, 3556, 16420, 1556, 4040, 4728, 484, 254104, 1112
339956, 3556, 16420, 1552, 4040, 4724, 484, 254116, 1112
339956, 3544, 16412, 1556, 4032, 4728, 484, 254136, 1112
339956, 3532, 16408, 1556, 4020, 4736, 484, 254156, 1112
339952, 3536, 16396, 1556, 4008, 4736, 484, 254180, 1112
339948, 3536, 16396, 1556, 4004, 4736, 484, 254188, 1112
339948, 3528, 16380, 1560, 4004, 4732, 484, 254212, 1112
339940, 3532, 16356, 1556, 4008, 4732, 484, 254240, 1112
339940, 3532, 16348, 1556, 4008, 4732, 484, 254248, 1112
339936, 3536, 16336, 1552, 4008, 4736, 484, 254260, 1112
339936, 3532, 16316, 1556, 4008, 4732, 484, 254284, 1112
339928, 3536, 16308, 1548, 4016, 4736, 480, 254296, 1112
339920, 3544, 16296, 1548, 4016, 4736, 480, 254308, 1112
339916, 3540, 16288, 1548, 4016, 4736, 480, 254324, 1112
339916, 3528, 16296, 1544, 4012, 4736, 480, 254336, 1112
339904, 3520, 16300, 1540, 4012, 4736, 480, 254356, 1112
339900, 3524, 16296, 1532, 4012, 4740, 480, 254364, 1112
339888, 3532, 16284, 1532, 4004, 4740, 480, 254388, 1112
339876, 3536, 16264, 1532, 3996, 4740, 480, 254424, 1112
339872, 3528, 16252, 1536, 3988, 4740, 480, 254452, 1112
339872, 3520, 16244, 1532, 3992, 4740, 480, 254468, 1112
339872, 3512, 16232, 1532, 3988, 4740, 480, 254492, 1112
339868, 3508, 16220, 1532, 3988, 4740, 480, 254512, 1112
339860, 3508, 16216, 1524, 3988, 4740, 480, 254532, 1112
339852, 3508, 16204, 1520, 3984, 4740, 480, 254560, 1112
339840, 3520, 16192, 1516, 3984, 4740, 480, 254576, 1112
339808, 3544, 16192, 1516, 3984, 4744, 476, 254584, 1112
339808, 3540, 16176, 1508, 3980, 4740, 476, 254616, 1116
339804, 3520, 16180, 1516, 3976, 4744, 476, 254628, 1116
339804, 3508, 16180, 1520, 3968, 4744, 476, 254644, 1116
339796, 3516, 16172, 1520, 3964, 4744, 476, 254656, 1116
339764, 3540, 16172, 1520, 3968, 4748, 472, 254660, 1116
339752, 3548, 16152, 1524, 3968, 4748, 472, 254680, 1116
339736, 3556, 16152, 1524, 3964, 4744, 472, 254696, 1116
339696, 3592, 16136, 1528, 3964, 4744, 472, 254712, 1116
339680, 3600, 16132, 1528, 3964, 4744, 472, 254724, 1116
339640, 3616, 16152, 1532, 3956, 4744, 472, 254732, 1116
339612, 3628, 16156, 1536, 3952, 4744, 472, 254744, 1116
339608, 3624, 16156, 1536, 3952, 4744, 472, 254752, 1116
339592, 3632, 16148, 1532, 3948, 4744, 472, 254776, 1116
339564, 3656, 16140, 1528, 3948, 4744, 472, 254792, 1116
339552, 3644, 16140, 1532, 3948, 4744, 472, 254812, 1116
339524, 3664, 16124, 1536, 3948, 4744, 472, 254832, 1116
339500, 3676, 16120, 1544, 3948, 4744, 472, 254840, 1116
339492, 3676, 16120, 1540, 3952, 4736, 468, 254856, 1120
339472, 3692, 16096, 1536, 3952, 4736, 468, 254888, 1120
339452, 3712, 16084, 1532, 3952, 4740, 468, 254900, 1120
339436, 3700, 16104, 1536, 3948, 4740, 468, 254908, 1120
339424, 3704, 16100, 1532, 3948, 4744, 464, 254924, 1120
339404, 3724, 16092, 1528, 3948, 4748, 464, 254932, 1120
339380, 3732, 16104, 1520, 3952, 4752, 464, 254936, 1120
339360, 3748, 16100, 1524, 3944, 4752, 464, 254948, 1120
339340, 3756, 16092, 1532, 3944, 4752, 464, 254960, 1120
339328, 3764, 16088, 1532, 3944, 4756, 464, 254964, 1120
339308, 3780, 16080, 1532, 3944, 4756, 464, 254976, 1120
339296, 3780, 16072, 1532, 3940, 4756, 464, 255000, 1120
339276, 3788, 16072, 1532, 3932, 4756, 464, 255020, 1120
339240, 3812, 16048, 1544, 3928, 4756, 464, 255048, 1120
339232, 3816, 16036, 1540, 3928, 4760, 464, 255064, 1120
339220, 3812, 16032, 1540, 3932, 4756, 464, 255084, 1120
339216, 3812, 16024, 1536, 3932, 4760, 460, 255100, 1120
339188, 3828, 16036, 1536, 3928, 4760, 460, 255104, 1120
339180, 3832, 16020, 1536, 3916, 4756, 460, 255140, 1120
339164, 3836, 16028, 1536, 3908, 4756, 460, 255152, 1120
339144, 3848, 16024, 1528, 3912, 4760, 460, 255164, 1120
339136, 3840, 16032, 1528, 3908, 4764, 456, 255176, 1120
339124, 3840, 16028, 1532, 3896, 4768, 456, 255196, 1120
339112, 3844, 16020, 1532, 3896, 4768, 452, 255212, 1124
339100, 3852, 16012, 1528, 3896, 4764, 452, 255232, 1124
339080, 3872, 15996, 1524, 3900, 4764, 452, 255248, 1124
339064, 3884, 15980, 1524, 3904, 4764, 452, 255264, 1124
339040, 3908, 15980, 1524, 3904, 4764, 452, 255264, 1124
339024, 3916, 15956, 1528, 3900, 4764, 452, 255296, 1124
339012, 3920, 15948, 1528, 3900, 4764, 452, 255312, 1124
339012, 3912, 15948, 1524, 3900, 4764, 452, 255324, 1124
339008, 3916, 15936, 1520, 3880, 4768, 452, 255356, 1124
339000, 3916, 15920, 1520, 3876, 4764, 452, 255388, 1124
338992, 3912, 15920, 1532, 3872, 4764, 452, 255392, 1124
338968, 3924, 15916, 1540, 3872, 4756, 456, 255404, 1124
338948, 3932, 15912, 1544, 3868, 4756, 456, 255420, 1124
338928, 3952, 15904, 1540, 3868, 4756, 456, 255432, 1124
338920, 3960, 15884, 1532, 3872, 4760, 456, 255452, 1124
338908, 3968, 15880, 1532, 3872, 4756, 456, 255464, 1124
338904, 3948, 15892, 1532, 3872, 4756, 456, 255476, 1124
338900, 3948, 15892, 1532, 3868, 4756, 456, 255484, 1124
338892, 3952, 15892, 1528, 3868, 4760, 456, 255488, 1124
338888, 3944, 15892, 1528, 3856, 4764, 456, 255508, 1124
338884, 3940, 15880, 1524, 3860, 4764, 456, 255528, 1124
338880, 3932, 15884, 1520, 3864, 4764, 456, 255536, 1124
338876, 3920, 15900, 1516, 3860, 4756, 456, 255544, 1132
338876, 3916, 15888, 1516, 3860, 4756, 456, 255560, 1132
338872, 3912, 15888, 1508, 3860, 4756, 456, 255572, 1136
338872, 3912, 15872, 1508, 3860, 4756, 456, 255588, 1136
338868, 3908, 15864, 1508, 3856, 4756, 456, 255608, 1136
338868, 3892, 15872, 1508, 3856, 4756, 456, 255616, 1136
338868, 3888, 15856, 1508, 3852, 4752, 456, 255644, 1136
338868, 3884, 15840, 1508, 3852, 4748, 460, 255664, 1136
338864, 3880, 15828, 1512, 3852, 4748, 460, 255680, 1136
338864, 3876, 15828, 1508, 3848, 4752, 460, 255688, 1136
338856, 3876, 15800, 1512, 3848, 4752, 460, 255720, 1136
338856, 3868, 15792, 1516, 3844, 4752, 460, 255736, 1136
338852, 3860, 15780, 1516, 3840, 4744, 460, 255772, 1136
338844, 3844, 15800, 1520, 3840, 4744, 460, 255772, 1136
338832, 3844, 15800, 1524, 3844, 4744, 460, 255776, 1136
338824, 3840, 15808, 1524, 3844, 4744, 460, 255780, 1136
338824, 3828, 15804, 1520, 3848, 4740, 460, 255800, 1136
338816, 3828, 15804, 1520, 3840, 4740, 460, 255816, 1136
338812, 3828, 15804, 1520, 3828, 4740, 460, 255832, 1136
338800, 3832, 15804, 1520, 3828, 4732, 464, 255844, 1136
338788, 3844, 15788, 1516, 3832, 4732, 460, 255860, 1140
338784, 3840, 15776, 1508, 3836, 4732, 460, 255884, 1140
338776, 3844, 15768, 1508, 3836, 4732, 460, 255896, 1140
338768, 3852, 15768, 1508, 3832, 4732, 460, 255900, 1140
338760, 3836, 15780, 1512, 3832, 4736, 460, 255904, 1140
338752, 3840, 15772, 1508, 3836, 4736, 460, 255916, 1140
338752, 3836, 15756, 1504, 3840, 4736, 460, 255936, 1140
338748, 3824, 15756, 1508, 3840, 4732, 460, 255952, 1140
338732, 3836, 15748, 1508, 3844, 4732, 460, 255960, 1140
338732, 3832, 15736, 1512, 3844, 4732, 460, 255972, 1140
338732, 3832, 15732, 1508, 3848, 4732, 460, 255976, 1140
338728, 3828, 15740, 1504, 3848, 4732, 460, 255980, 1140
338720, 3824, 15744, 1504, 3852, 4724, 460, 255992, 1140
338712, 3820, 15744, 1508, 3852, 4724, 460, 256000, 1140
338712, 3808, 15744, 1516, 3856, 4724, 460, 256000, 1140
338704, 3808, 15744, 1516, 3856, 4720, 460, 256012, 1140
338700, 3804, 15740, 1520, 3848, 4724, 460, 256024, 1140
338692, 3812, 15740, 1516, 3844, 4736, 456, 256024, 1140
338684, 3808, 15724, 1520, 3836, 4732, 452, 256060, 1144
338680, 3804, 15724, 1520, 3836, 4732, 452, 256068, 1144
338668, 3812, 15712, 1520, 3828, 4732, 452, 256092, 1144
338668, 3800, 15700, 1520, 3824, 4736, 452, 256116, 1144
338660, 3800, 15684, 1516, 3824, 4736, 452, 256144, 1144
338656, 3788, 15684, 1508, 3824, 4732, 452, 256172, 1144
338644, 3792, 15676, 1504, 3820, 4736, 452, 256192, 1144
338644, 3792, 15660, 1504, 3820, 4732, 452, 256212, 1144
338640, 3788, 15656, 1500, 3824, 4736, 448, 256224, 1144
338632, 3792, 15636, 1496, 3828, 4736, 448, 256248, 1144
338624, 3792, 15632, 1496, 3820, 4744, 448, 256260, 1144
338616, 3800, 15628, 1496, 3816, 4744, 448, 256268, 1144
338608, 3808, 15620, 1492, 3812, 4740, 448, 256288, 1144
338608, 3804, 15612, 1492, 3804, 4740, 448, 256308, 1144
338604, 3800, 15616, 1492, 3804, 4740, 448, 256312, 1144
338604, 3796, 15604, 1492, 3804, 4736, 448, 256332, 1144
338604, 3780, 15604, 1500, 3800, 4736, 448, 256344, 1144
338604, 3776, 15596, 1504, 3796, 4736, 448, 256356, 1144
338588, 3784, 15584, 1504, 3800, 4728, 448, 256380, 1144
338588, 3772, 15572, 1508, 3796, 4728, 448, 256404, 1144
338588, 3768, 15552, 1504, 3792, 4732, 448, 256432, 1144
338576, 3772, 15544, 1504, 3788, 4732, 448, 256452, 1144
338576, 3768, 15536, 1508, 3784, 4736, 448, 256460, 1144
338564, 3772, 15520, 1512, 3780, 4740, 448, 256480, 1144
338560, 3772, 15516, 1504, 3784, 4736, 448, 256496, 1144
338560, 3768, 15504, 1504, 3780, 4736, 448, 256516, 1144
338556, 3764, 15496, 1504, 3780, 4736, 448, 256532, 1144
338552, 3764, 15488, 1500, 3776, 4736, 448, 256552, 1144
338544, 3764, 15488, 1496, 3776, 4728, 448, 256572, 1144
338540, 3752, 15492, 1484, 3788, 4728, 448, 256584, 1144
338540, 3740, 15492, 1488, 3780, 4728, 448, 256600, 1144
338540, 3736, 15488, 1488, 3772, 4732, 448, 256612, 1144
338532, 3728, 15500, 1484, 3776, 4728, 448, 256620, 1144
338532, 3728, 15492, 1480, 3780, 4728, 448, 256628, 1144
338532, 3716, 15496, 1472, 3784, 4728, 448, 256640, 1144
338528, 3704, 15496, 1476, 3780, 4724, 452, 256656, 1144
338520, 3708, 15484, 1476, 3776, 4728, 452, 256672, 1144
338508, 3692, 15488, 1480, 3776, 4720, 456, 256692, 1148
338504, 3696, 15468, 1472, 3780, 4720, 456, 256716, 1148
338504, 3688, 15472, 1468, 3784, 4720, 456, 256720, 1148
338488, 3704, 15464, 1464, 3784, 4720, 456, 256732, 1148
338480, 3712, 15452, 1464, 3780, 4728, 452, 256744, 1148
338468, 3712, 15452, 1468, 3772, 4728, 452, 256760, 1148
338456, 3720, 15440, 1472, 3772, 4732, 444, 256772, 1152
338440, 3736, 15432, 1472, 3768, 4732, 444, 256784, 1152
338424, 3736, 15436, 1472, 3756, 4732, 444, 256808, 1152
338400, 3752, 15424, 1472, 3756, 4728, 444, 256832, 1152
338384, 3756, 15424, 1472, 3752, 4728, 444, 256848, 1152
338360, 3768, 15424, 1464, 3756, 4728, 444, 256864, 1152
338344, 3780, 15408, 1460, 3764, 4728, 444, 256880, 1152
338332, 3792, 15396, 1460, 3760, 4724, 444, 256900, 1152
338304, 3820, 15372, 1460, 3760, 4724, 444, 256924, 1152
338292, 3816, 15372, 1468, 3760, 4720, 444, 256936, 1152
338276, 3832, 15364, 1468, 3756, 4724, 444, 256944, 1152
338256, 3844, 15360, 1468, 3756, 4724, 444, 256956, 1152
338244, 3844, 15364, 1468, 3756, 4724, 444, 256964, 1152
338228, 3856, 15364, 1472, 3752, 4724, 444, 256968, 1152
338208, 3872, 15360, 1468, 3756, 4724, 444, 256972, 1156
338180, 3892, 15364, 1464, 3760, 4728, 440, 256976, 1156
338164, 3904, 15360, 1464, 3760, 4728, 440, 256984, 1156
338132, 3936, 15360, 1460, 3764, 4724, 440, 256988, 1156
338116, 3936, 15356, 1464, 3756, 4728, 440, 257008, 1156
338096, 3952, 15360, 1456, 3760, 4720, 444, 257012, 1160
338044, 3980, 15364, 1472, 3756, 4720, 444, 257020, 1160
338020, 4000, 15364, 1472, 3756, 4720, 444, 257024, 1160
338000, 4008, 15368, 1472, 3756, 4716, 448, 257032, 1160
337996, 4008, 15360, 1468, 3756, 4716, 448, 257048, 1160
337984, 4008, 15348, 1464, 3764, 4716, 448, 257068, 1160
337960, 4032, 15332, 1456, 3764, 4724, 448, 257084, 1160
337920, 4052, 15344, 1456, 3764, 4724, 448, 257092, 1160
337912, 4040, 15344, 1456, 3752, 4724, 448, 257124, 1160
337896, 4052, 15336, 1456, 3748, 4728, 448, 257136, 1160
337872, 4068, 15320, 1456, 3748, 4728, 448, 257160, 1160
337856, 4080, 15304, 1452, 3752, 4728, 448, 257180, 1160
337836, 4080, 15308, 1456, 3744, 4732, 448, 257192, 1164
337816, 4096, 15300, 1452, 3748, 4732, 448, 257204, 1164
337808, 4100, 15288, 1452, 3748, 4732, 448, 257220, 1164
337796, 4100, 15276, 1452, 3744, 4736, 448, 257244, 1164
337764, 4112, 15284, 1452, 3736, 4736, 448, 257264, 1164
337756, 4112, 15276, 1452, 3736, 4740, 448, 257276, 1164
337752, 4096, 15288, 1452, 3732, 4740, 448, 257288, 1164
337744, 4088, 15292, 1444, 3736, 4744, 444, 257304, 1164
337728, 4096, 15288, 1444, 3736, 4740, 444, 257320, 1164
337704, 4108, 15288, 1444, 3736, 4736, 448, 257332, 1164
337688, 4120, 15276, 1444, 3728, 4732, 448, 257360, 1164
337680, 4116, 15276, 1444, 3728, 4732, 448, 257372, 1164
337660, 4128, 15276, 1444, 3728, 4732, 448, 257380, 1164
337656, 4128, 15256, 1444, 3728, 4732, 448, 257404, 1164
337652, 4124, 15236, 1436, 3736, 4732, 448, 257432, 1164
337632, 4128, 15248, 1436, 3720, 4728, 448, 257456, 1164
337612, 4132, 15252, 1432, 3724, 4732, 444, 257468, 1164
337596, 4144, 15240, 1432, 3716, 4740, 436, 257492, 1164
337580, 4156, 15232, 1428, 3716, 4740, 436, 257508, 1164
337572, 4160, 15220, 1428, 3716, 4740, 436, 257524, 1164
337560, 4172, 15196, 1428, 3716, 4740, 436, 257548, 1164
337552, 4172, 15180, 1436, 3708, 4748, 436, 257564, 1164
337536, 4184, 15176, 1432, 3712, 4748, 436, 257572, 1164
337528, 4188, 15172, 1424, 3712, 4748, 436, 257588, 1164
337516, 4192, 15168, 1424, 3716, 4744, 436, 257600, 1164
337512, 4188, 15152, 1424, 3708, 4744, 436, 257632, 1164
337508, 4192, 15144, 1420, 3704, 4744, 436, 257648, 1164
337500, 4184, 15128, 1428, 3704, 4744, 436, 257672, 1164
337496, 4188, 15116, 1428, 3696, 4736, 436, 257692, 1172
337488, 4176, 15132, 1424, 3696, 4732, 436, 257704, 1172
337484, 4156, 15152, 1424, 3692, 4728, 436, 257716, 1172
337480, 4152, 15144, 1412, 3704, 4728, 432, 257732, 1176
337480, 4148, 15128, 1404, 3704, 4732, 432, 257756, 1176
337472, 4152, 15116, 1408, 3700, 4732, 432, 257772, 1176
337468, 4140, 15116, 1412, 3700, 4728, 432, 257788, 1176
337464, 4132, 15108, 1408, 3696, 4728, 432, 257816, 1176
337464, 4120, 15104, 1408, 3700, 4724, 432, 257832, 1176
337464, 4116, 15108, 1408, 3700, 4724, 432, 257832, 1176
337464, 4108, 15112, 1408, 3696, 4728, 428, 257840, 1176
337464, 4092, 15108, 1404, 3700, 4728, 428, 257860, 1176
337464, 4088, 15108, 1404, 3696, 4732, 428, 257864, 1176
337456, 4088, 15092, 1408, 3688, 4732, 428, 257892, 1176
337456, 4080, 15088, 1404, 3684, 4732, 428, 257912, 1176
337456, 4072, 15072, 1408, 3684, 4724, 428, 257940, 1176
337452, 4072, 15060, 1408, 3680, 4728, 428, 257956, 1176
337448, 4068, 15064, 1404, 3684, 4728, 428, 257960, 1176
337448, 4064, 15064, 1404, 3672, 4736, 428, 257968, 1176
337440, 4056, 15048, 1400, 3680, 4736, 428, 257996, 1176
337436, 4056, 15044, 1400, 3664, 4744, 428, 258012, 1176
337432, 4052, 15044, 1400, 3660, 4748, 428, 258020, 1176
337424, 4052, 15032, 1400, 3660, 4748, 428, 258040, 1176
337424, 4052, 15032, 1400, 3656, 4748, 428, 258044, 1176
337424, 4048, 15028, 1400, 3656, 4748, 428, 258052, 1176
337424, 4040, 15020, 1400, 3648, 4752, 428, 258072, 1176
337420, 4036, 15016, 1396, 3648, 4748, 428, 258092, 1176
337416, 4028, 15020, 1396, 3640, 4748, 428, 258108, 1176
337412, 4028, 15012, 1396, 3636, 4748, 428, 258124, 1176
337412, 4020, 15004, 1396, 3632, 4752, 428, 258140, 1176
337408, 4016, 14992, 1404, 3632, 4752, 428, 258152, 1176
337408, 4000, 15008, 1404, 3628, 4752, 428, 258152, 1180
337408, 3996, 15000, 1404, 3628, 4756, 428, 258160, 1180
337408, 3992, 14984, 1400, 3632, 4756, 428, 258180, 1180
337408, 3980, 14988, 1396, 3628, 4756, 428, 258196, 1180
337404, 3972, 14996, 1396, 3628, 4756, 428, 258200, 1180
337404, 3968, 14980, 1396, 3620, 4760, 428, 258224, 1180
337400, 3960, 14976, 1396, 3624, 4760, 428, 258236, 1180
337392, 3960, 14980, 1392, 3620, 4760, 428, 258248, 1180
337376, 3968, 14984, 1396, 3616, 4760, 428, 258252, 1180
337376, 3956, 14988, 1400, 3608, 4760, 428, 258264, 1180
337372, 3960, 14980, 1400, 3604, 4764, 428, 258272, 1180
337364, 3956, 14976, 1400, 3600, 4764, 428, 258292, 1180
337360, 3956, 14968, 1404, 3596, 4768, 424, 258304, 1180
337356, 3956, 14968, 1404, 3592, 4768, 424, 258312, 1180
337348, 3952, 14972, 1404, 3584, 4764, 424, 258328, 1184
337344, 3952, 14976, 1400, 3584, 4764, 424, 258332, 1184
337332, 3960, 14968, 1400, 3580, 4764, 424, 258348, 1184
337332, 3956, 14952, 1396, 3576, 4764, 424, 258376, 1184
337332, 3952, 14940, 1396, 3568, 4764, 424, 258400, 1184
337328, 3956, 14936, 1396, 3564, 4760, 424, 258412, 1184
337324, 3948, 14936, 1396, 3560, 4760, 424, 258428, 1184
337320, 3932, 14932, 1396, 3560, 4760, 424, 258452, 1184
337320, 3924, 14928, 1392, 3560, 4760, 424, 258468, 1184
337320, 3916, 14924, 1392, 3560, 4760, 424, 258480, 1184
337312, 3920, 14904, 1392, 3564, 4760, 424, 258500, 1184
337304, 3916, 14892, 1396, 3560, 4760, 424, 258524, 1184
337300, 3912, 14888, 1392, 3564, 4760, 420, 258536, 1188
337292, 3920, 14876, 1392, 3560, 4756, 420, 258556, 1188
337284, 3920, 14868, 1388, 3560, 4756, 420, 258576, 1188
337284, 3916, 14864, 1388, 3552, 4760, 420, 258588, 1188
337280, 3912, 14868, 1388, 3552, 4760, 420, 258592, 1188
337280, 3900, 14880, 1388, 3548, 4764, 420, 258592, 1188
337272, 3900, 14872, 1392, 3540, 4772, 420, 258604, 1188
337264, 3900, 14876, 1388, 3548, 4772, 420, 258604, 1188
337264, 3900, 14872, 1384, 3552, 4772, 420, 258608, 1188
337256, 3892, 14872, 1388, 3544, 4776, 420, 258624, 1188
337256, 3888, 14860, 1388, 3544, 4776, 420, 258640, 1188
337252, 3880, 14860, 1396, 3540, 4772, 420, 258652, 1188
337244, 3876, 14852, 1396, 3536, 4776, 420, 258672, 1188
337236, 3880, 14856, 1396, 3528, 4780, 420, 258676, 1188
337236, 3876, 14840, 1400, 3528, 4780, 420, 258692, 1188
337228, 3872, 14844, 1400, 3516, 4780, 420, 258712, 1188
337212, 3884, 14832, 1396, 3520, 4772, 420, 258736, 1188
337212, 3876, 14832, 1392, 3524, 4768, 420, 258748, 1188
337212, 3876, 14824, 1384, 3532, 4768, 420, 258756, 1188
337212, 3864, 14820, 1384, 3536, 4768, 420, 258768, 1188
337212, 3852, 14804, 1388, 3528, 4768, 420, 258800, 1188
337208, 3828, 14816, 1396, 3524, 4772, 420, 258808, 1188
337196, 3828, 14816, 1396, 3516, 4768, 420, 258832, 1188
337196, 3816, 14808, 1396, 3516, 4768, 420, 258852, 1188
337172, 3816, 14824, 1400, 3508, 4772, 420, 258860, 1188
337164, 3796, 14844, 1404, 3508, 4772, 420, 258864, 1188
337140, 3816, 14828, 1404, 3500, 4772, 420, 258892, 1188
337128, 3816, 14832, 1404, 3500, 4772, 420, 258900, 1188
337124, 3816, 14816, 1404, 3496, 4772, 420, 258924, 1188
337112, 3812, 14820, 1408, 3500, 4772, 420, 258928, 1188
337104, 3812, 14812, 1408, 3500, 4772, 420, 258944, 1188
337072, 3824, 14820, 1416, 3500, 4768, 420, 258952, 1188
337064, 3824, 14816, 1424, 3496, 4772, 420, 258956, 1188
337052, 3828, 14816, 1424, 3496, 4768, 420, 258968, 1188
337032, 3848, 14816, 1420, 3496, 4772, 420, 258968, 1188
337012, 3856, 14816, 1420, 3492, 4768, 420, 258988, 1188
336988, 3872, 14812, 1416, 3496, 4764, 420, 259004, 1188
336976, 3864, 14812, 1424, 3496, 4760, 420, 259020, 1188
336964, 3864, 14816, 1424, 3488, 4760, 424, 259032, 1188
336944, 3880, 14800, 1424, 3488, 4760, 424, 259052, 1188
336936, 3876, 14796, 1428, 3488, 4760, 424, 259064, 1188
336924, 3880, 14796, 1428, 3484, 4756, 424, 259080, 1188
336900, 3896, 14784, 1420, 3484, 4756, 424, 259108, 1188
336888, 3896, 14780, 1424, 3476, 4760, 424, 259124, 1188
336872, 3904, 14768, 1428, 3476, 4760, 424, 259140, 1188
336856, 3912, 14764, 1432, 3476, 4752, 424, 259152, 1192
336844, 3908, 14768, 1432, 3472, 4756, 424, 259164, 1192
336828, 3920, 14752, 1432, 3476, 4756, 424, 259180, 1192
336812, 3920, 14756, 1436, 3472, 4760, 424, 259188, 1192
336800, 3908, 14748, 1440, 3472, 4756, 428, 259216, 1192
336776, 3932, 14744, 1440, 3464, 4756, 428, 259228, 1192
336748, 3948, 14736, 1448, 3460, 4760, 428, 259240, 1192
336732, 3952, 14740, 1452, 3460, 4760, 428, 259244, 1192
336716, 3952, 14744, 1452, 3456, 4760, 428, 259260, 1192
336704, 3960, 14736, 1448, 3460, 4760, 428, 259272, 1192
336700, 3944, 14728, 1452, 3448, 4764, 428, 259304, 1192
336672, 3956, 14728, 1452, 3452, 4764, 428, 259316, 1192
336664, 3944, 14736, 1452, 3448, 4764, 428, 259332, 1192
336652, 3948, 14736, 1452, 3448, 4764, 428, 259340, 1192
336632, 3968, 14724, 1448, 3452, 4764, 428, 259352, 1192
336628, 3964, 14712, 1448, 3452, 4764, 428, 259372, 1192
336596, 3988, 14716, 1448, 3452, 4760, 428, 259380, 1192
336576, 3996, 14716, 1452, 3452, 4760, 428, 259388, 1192
336568, 4000, 14708, 1448, 3452, 4748, 428, 259416, 1192
336560, 4004, 14700, 1448, 3444, 4744, 428, 259440, 1192
336552, 4000, 14704, 1448, 3436, 4736, 428, 259464, 1192
336540, 4004, 14692, 1448, 3436, 4736, 428, 259484, 1192
336520, 4004, 14696, 1456, 3436, 4732, 428, 259496, 1192
336508, 4016, 14676, 1452, 3440, 4732, 428, 259516, 1192
336500, 4020, 14672, 1444, 3444, 4728, 428, 259532, 1192
336480, 4032, 14672, 1448, 3444, 4728, 428, 259536, 1192
336448, 4048, 14676, 1452, 3440, 4724, 428, 259552, 1192
336432, 4056, 14676, 1456, 3440, 4720, 428, 259560, 1192
336420, 4048, 14676, 1460, 3436, 4720, 428, 259580, 1192
336376, 4084, 14668, 1452, 3444, 4720, 428, 259596, 1192
336368, 4084, 14668, 1452, 3440, 4716, 428, 259612, 1192
336356, 4080, 14664, 1460, 3436, 4720, 428, 259624, 1192
336348, 4068, 14676, 1456, 3440, 4720, 428, 259632, 1192
336332, 4064, 14680, 1460, 3428, 4720, 428, 259656, 1192
336324, 4064, 14688, 1456, 3432, 4716, 432, 259656, 1192
336312, 4064, 14664, 1452, 3436, 4716, 432, 259692, 1192
336308, 4064, 14664, 1452, 3436, 4716, 432, 259696, 1192
336300, 4064, 14668, 1456, 3432, 4720, 432, 259696, 1192
336296, 4056, 14680, 1456, 3432, 4720, 432, 259696, 1192
336292, 4044, 14684, 1456, 3432, 4720, 432, 259708, 1192
336288, 4040, 14676, 1452, 3428, 4720, 432, 259732, 1192
336284, 4032, 14676, 1448, 3428, 4724, 428, 259748, 1192
336284, 4004, 14692, 1448, 3424, 4728, 428, 259760, 1192
336284, 3992, 14668, 1452, 3420, 4728, 428, 259796, 1192
336280, 3988, 14648, 1452, 3412, 4728, 428, 259832, 1192
336280, 3984, 14644, 1448, 3412, 4728, 428, 259844, 1192
336280, 3980, 14628, 1444, 3408, 4724, 428, 259868, 1200
336268, 3984, 14624, 1440, 3412, 4724, 428, 259880, 1200
336268, 3980, 14628, 1440, 3412, 4724, 428, 259880, 1200
336264, 3980, 14624, 1436, 3416, 4724, 428, 259888, 1200
336260, 3980, 14612, 1436, 3416, 4716, 432, 259908, 1200
336252, 3980, 14608, 1436, 3412, 4716, 432, 259924, 1200
336248, 3972, 14608, 1432, 3416, 4716, 432, 259936, 1200
336228, 3980, 14600, 1436, 3416, 4712, 432, 259956, 1200
336216, 3976, 14596, 1440, 3416, 4712, 432, 259972, 1200
336212, 3976, 14596, 1440, 3416, 4712, 432, 259976, 1200
336208, 3972, 14592, 1440, 3412, 4712, 432, 259992, 1200
336204, 3972, 14576, 1440, 3416, 4704, 432, 260016, 1200
336204, 3972, 14560, 1436, 3420, 4704, 428, 260032, 1204
336204, 3960, 14568, 1440, 3420, 4704, 428, 260032, 1204
336196, 3948, 14568, 1444, 3420, 4704, 428, 260048, 1204
336188, 3948, 14572, 1444, 3412, 4704, 424, 260060, 1208
336184, 3932, 14576, 1452, 3408, 4704, 424, 260072, 1208
336176, 3932, 14572, 1448, 3408, 4704, 424, 260088, 1208
336172, 3924, 14576, 1436, 3420, 4700, 428, 260096, 1208
336172, 3912, 14572, 1436, 3424, 4700, 428, 260108, 1208
336172, 3892, 14584, 1432, 3432, 4700, 428, 260112, 1208
336168, 3892, 14580, 1428, 3432, 4704, 428, 260120, 1208
336160, 3888, 14576, 1428, 3428, 4704, 428, 260140, 1208
336148, 3888, 14564, 1440, 3420, 4700, 432, 260160, 1208
336144, 3884, 14564, 1440, 3424, 4700, 432, 260164, 1208
336144, 3868, 14568, 1440, 3424, 4704, 432, 260172, 1208
336144, 3860, 14564, 1440, 3424, 4704, 432, 260184, 1208
336144, 3844, 14564, 1436, 3432, 4704, 432, 260196, 1208
336144, 3832, 14564, 1436, 3432, 4700, 432, 260212, 1208
336136, 3828, 14564, 1428, 3440, 4700, 432, 260224, 1208
336136, 3812, 14572, 1424, 3436, 4692, 432, 260248, 1208
336136, 3792, 14564, 1440, 3436, 4692, 432, 260260, 1208
336132, 3784, 14560, 1440, 3440, 4692, 428, 260272, 1212
336132, 3776, 14556, 1440, 3436, 4696, 428, 260284, 1212
336132, 3772, 14552, 1432, 3440, 4696, 428, 260296, 1212
336128, 3748, 14548, 1444, 3432, 4700, 428, 260320, 1212
336124, 3748, 14540, 1444, 3432, 4704, 424, 260332, 1212
336124, 3736, 14536, 1444, 3432, 4704, 424, 260348, 1212
336120, 3732, 14540, 1440, 3432, 4704, 420, 260360, 1212
336116, 3736, 14532, 1436, 3436, 4704, 420, 260368, 1212
336108, 3736, 14524, 1444, 3436, 4704, 420, 260376, 1212
336108, 3716, 14528, 1452, 3436, 4704, 420, 260384, 1212
336108, 3700, 14528, 1456, 3436, 4704, 420, 260396, 1212
336104, 3696, 14524, 1456, 3436, 4704, 420, 260408, 1212
336104, 3684, 14520, 1460, 3432, 4704, 420, 260424, 1212
336100, 3684, 14516, 1452, 3436, 4708, 420, 260432, 1212
336092, 3692, 14500, 1452, 3436, 4704, 420, 260452, 1212
336092, 3684, 14496, 1452, 3432, 4704, 420, 260468, 1212
336088, 3688, 14488, 1448, 3436, 4700, 420, 260480, 1212
336084, 3692, 14480, 1448, 3436, 4700, 420, 260488, 1212
336084, 3684, 14476, 1444, 3432, 4700, 424, 260504, 1212
336076, 3684, 14464, 1448, 3432, 4700, 424, 260520, 1212
336068, 3676, 14468, 1444, 3436, 4700, 424, 260532, 1212
336064, 3680, 14452, 1436, 3440, 4700, 424, 260552, 1212
336060, 3680, 14440, 1428, 3448, 4696, 424, 260568, 1216
336056, 3680, 14440, 1428, 3448, 4696, 424, 260572, 1216
336056, 3668, 14432, 1428, 3440, 4696, 424, 260600, 1216
336056, 3652, 14428, 1424, 3436, 4692, 424, 260628, 1220
336052, 3644, 14428, 1424, 3432, 4692, 424, 260644, 1220
336052, 3636, 14420, 1428, 3424, 4696, 424, 260660, 1220
336048, 3640, 14392, 1428, 3424, 4696, 424, 260688, 1220
336048, 3620, 14396, 1432, 3424, 4696, 424, 260700, 1220
336048, 3616, 14380, 1436, 3420, 4696, 424, 260716, 1224
336040, 3600, 14380, 1444, 3416, 4692, 428, 260736, 1224
336032, 3600, 14360, 1448, 3408, 4692, 428, 260768, 1224
336032, 3584, 14360, 1448, 3400, 4700, 428, 260784, 1224
336016, 3592, 14352, 1448, 3396, 4700, 428, 260804, 1224
336012, 3588, 14344, 1444, 3396, 4696, 428, 260828, 1224
336004, 3596, 14324, 1440, 3400, 4696, 428, 260848, 1224
336004, 3592, 14328, 1440, 3400, 4696, 428, 260848, 1224
335996, 3600, 14324, 1436, 3400, 4696, 424, 260856, 1228
335992, 3600, 14312, 1432, 3404, 4684, 432, 260876, 1228
335992, 3596, 14300, 1424, 3412, 4680, 432, 260896, 1228
335992, 3580, 14292, 1428, 3408, 4680, 432, 260916, 1232
335992, 3580, 14292, 1428, 3408, 4676, 432, 260920, 1232
335988, 3584, 14276, 1424, 3412, 4672, 432, 260940, 1232
335988, 3580, 14272, 1424, 3408, 4672, 432, 260952, 1232
335984, 3580, 14256, 1420, 3412, 4668, 432, 260976, 1232
335968, 3592, 14248, 1420, 3408, 4672, 432, 260988, 1232
335952, 3588, 14264, 1424, 3408, 4672, 432, 260988, 1232
335932, 3600, 14260, 1424, 3408, 4672, 432, 261000, 1232
335912, 3608, 14256, 1428, 3408, 4668, 432, 261016, 1232
335900, 3608, 14248, 1436, 3400, 4664, 432, 261040, 1232
335896, 3604, 14252, 1440, 3392, 4664, 432, 261048, 1232
335880, 3620, 14244, 1440, 3388, 4664, 432, 261060, 1232
335856, 3628, 14248, 1440, 3388, 4664, 432, 261072, 1232
335848, 3624, 14260, 1440, 3380, 4672, 432, 261072, 1232
335844, 3628, 14248, 1432, 3388, 4672, 432, 261084, 1232
335836, 3628, 14220, 1432, 3392, 4668, 432, 261120, 1232
335820, 3636, 14216, 1428, 3392, 4668, 432, 261136, 1232
335816, 3636, 14204, 1424, 3396, 4668, 432, 261152, 1232
335816, 3624, 14196, 1420, 3396, 4668, 432, 261176, 1232
335800, 3628, 14188, 1420, 3392, 4664, 432, 261204, 1232
335776, 3644, 14184, 1420, 3388, 4664, 432, 261220, 1232
335760, 3636, 14168, 1424, 3384, 4668, 432, 261256, 1232
335744, 3636, 14164, 1428, 3384, 4668, 432, 261272, 1232
335728, 3636, 14160, 1436, 3384, 4668, 432, 261284, 1232
335712, 3644, 14160, 1436, 3372, 4668, 432, 261304, 1232
335680, 3668, 14160, 1436, 3372, 4664, 436, 261312, 1232
335668, 3672, 14164, 1432, 3372, 4664, 436, 261320, 1232
335656, 3664, 14144, 1444, 3372, 4664, 436, 261348, 1232
335648, 3668, 14140, 1440, 3368, 4660, 436, 261368, 1232
335632, 3680, 14144, 1436, 3372, 4660, 432, 261368, 1236
335608, 3700, 14128, 1436, 3372, 4660, 432, 261388, 1236
335596, 3696, 14136, 1440, 3372, 4656, 428, 261400, 1236
335564, 3724, 14120, 1440, 3368, 4656, 428, 261424, 1236
335556, 3716, 14128, 1440, 3368, 4652, 428, 261436, 1236
335540, 3724, 14128, 1440, 3360, 4648, 428, 261456, 1236
335524, 3720, 14136, 1436, 3364, 4644, 428, 261472, 1236
335512, 3724, 14140, 1436, 3360, 4648, 428, 261476, 1236
335488, 3724, 14148, 1448, 3360, 4648, 428, 261480, 1236
335476, 3724, 14156, 1448, 3360, 4648, 428, 261484, 1236
335460, 3724, 14148, 1452, 3360, 4648, 428, 261504, 1236
335452, 3724, 14156, 1452, 3360, 4648, 428, 261504, 1236
335428, 3744, 14148, 1452, 3352, 4656, 424, 261520, 1236
335420, 3748, 14144, 1452, 3356, 4656, 424, 261524, 1236
335408, 3748, 14140, 1452, 3360, 4656, 424, 261536, 1236
335400, 3748, 14136, 1452, 3352, 4656, 424, 261556, 1236
335396, 3752, 14128, 1448, 3356, 4656, 424, 261564, 1236
335372, 3764, 14132, 1452, 3356, 4656, 424, 261568, 1236
335352, 3776, 14120, 1452, 3352, 4656, 424, 261592, 1236
335352, 3764, 14124, 1460, 3348, 4660, 424, 261592, 1236
335340, 3768, 14116, 1460, 3344, 4660, 424, 261612, 1236
335336, 3756, 14116, 1456, 3344, 4664, 424, 261628, 1236
335324, 3760, 14112, 1456, 3344, 4664, 424, 261640, 1236
335316, 3752, 14120, 1456, 3340, 4668, 424, 261648, 1236
335296, 3768, 14112, 1452, 3344, 4668, 424, 261660, 1236
335280, 3780, 14108, 1448, 3348, 4664, 424, 261672, 1236
335276, 3772, 14116, 1444, 3352, 4660, 428, 261676, 1236
335276, 3768, 14112, 1444, 3344, 4660, 428, 261692, 1236
335272, 3772, 14088, 1440, 3328, 4668, 428, 261728, 1236
335268, 3772, 14088, 1440, 3324, 4668, 428, 261736, 1236
335264, 3764, 14088, 1440, 3324, 4664, 428, 261752, 1236
335252, 3776, 14084, 1440, 3312, 4672, 428, 261760, 1236
335244, 3772, 14084, 1440, 3312, 4672, 428, 261772, 1236
335236, 3776, 14084, 1440, 3304, 4672, 428, 261784, 1236
335220, 3776, 14088, 1432, 3308, 4676, 428, 261796, 1236
335216, 3780, 14088, 1432, 3308, 4676, 428, 261796, 1236
335204, 3788, 14084, 1428, 3308, 4676, 428, 261808, 1236
335204, 3780, 14076, 1432, 3304, 4676, 428, 261824, 1236
335196, 3772, 14088, 1428, 3304, 4680, 428, 261828, 1236
335184, 3784, 14080, 1428, 3304, 4680, 428, 261836, 1236
335184, 3776, 14076, 1432, 3300, 4684, 428, 261844, 1236
335176, 3780, 14060, 1436, 3296, 4688, 428, 261860, 1236
335168, 3780, 14060, 1424, 3304, 4684, 428, 261876, 1236
335160, 3780, 14064, 1424, 3300, 4684, 428, 261884, 1236
335160, 3772, 14060, 1420, 3304, 4684, 428, 261896, 1236
335156, 3772, 14064, 1420, 3296, 4684, 428, 261900, 1240
335148, 3768, 14068, 1424, 3292, 4684, 428, 261908, 1240
335144, 3768, 14072, 1416, 3296, 4688, 428, 261908, 1240
335144, 3748, 14076, 1416, 3300, 4688, 428, 261920, 1240
335124, 3764, 14048, 1416, 3296, 4688, 428, 261956, 1240
335120, 3752, 14064, 1416, 3288, 4692, 428, 261960, 1240
335112, 3744, 14060, 1420, 3288, 4692, 428, 261976, 1240
335104, 3740, 14056, 1420, 3292, 4692, 428, 261988, 1240
335092, 3740, 14036, 1424, 3292, 4692, 428, 262016, 1240
335088, 3740, 14032, 1424, 3292, 4692, 428, 262024, 1240
335076, 3748, 14020, 1424, 3288, 4688, 428, 262048, 1240
335076, 3748, 14012, 1424, 3288, 4688, 428, 262056, 1240
335076, 3744, 14000, 1424, 3288, 4692, 424, 262072, 1240
335076, 3728, 14008, 1424, 3284, 4688, 424, 262088, 1240
335072, 3724, 14000, 1424, 3284, 4692, 424, 262100, 1240
335068, 3724, 14004, 1420, 3284, 4696, 424, 262100, 1240
335060, 3708, 14020, 1416, 3284, 4696, 424, 262112, 1240
335052, 3700, 14020, 1416, 3292, 4692, 424, 262124, 1240
335052, 3692, 14008, 1420, 3292, 4692, 424, 262140, 1240
335052, 3688, 14008, 1420, 3280, 4692, 424, 262156, 1240
335044, 3680, 14008, 1424, 3272, 4688, 424, 262180, 1240
335036, 3680, 14016, 1424, 3268, 4688, 424, 262184, 1240
335024, 3684, 14016, 1420, 3264, 4692, 424, 262196, 1240
335024, 3676, 14012, 1424, 3264, 4692, 424, 262204, 1240
335020, 3668, 14020, 1424, 3264, 4688, 424, 262212, 1240
335016, 3656, 14028, 1424, 3260, 4688, 424, 262224, 1240
335016, 3656, 14020, 1424, 3256, 4688, 424, 262232, 1244
335012, 3644, 14024, 1420, 3256, 4692, 424, 262244, 1244
335012, 3636, 14028, 1420, 3260, 4692, 424, 262244, 1244
335008, 3624, 14032, 1416, 3264, 4692, 424, 262256, 1244
335000, 3632, 14024, 1416, 3264, 4688, 424, 262268, 1244
334992, 3628, 14028, 1420, 3260, 4684, 424, 262280, 1244
334988, 3624, 14024, 1428, 3260, 4688, 420, 262284, 1244
334980, 3620, 14020, 1428, 3260, 4688, 420, 262300, 1244
334972, 3628, 14012, 1424, 3264, 4688, 420, 262308, 1244
334964, 3632, 14016, 1416, 3272, 4684, 420, 262312, 1244
334964, 3624, 14000, 1416, 3276, 4684, 420, 262328, 1248
334952, 3620, 14004, 1412, 3276, 4684, 420, 262344, 1248
334952, 3620, 13988, 1412, 3264, 4692, 420, 262364, 1248
334944, 3628, 13984, 1408, 3264, 4692, 420, 262372, 1248
334940, 3608, 14000, 1408, 3268, 4692, 420, 262376, 1248
334940, 3584, 14000, 1404, 3272, 4692, 420, 262400, 1248
334932, 3584, 13988, 1400, 3276, 4692, 420, 262420, 1248
334932, 3580, 13972, 1396, 3272, 4692, 420, 262448, 1248
334928, 3572, 13984, 1392, 3276, 4684, 420, 262456, 1248
334924, 3564, 13972, 1392, 3276, 4684, 420, 262480, 1248
334920, 3556, 13980, 1392, 3268, 4688, 420, 262488, 1248
334916, 3560, 13972, 1392, 3260, 4688, 420, 262504, 1248
334916, 3540, 13984, 1396, 3256, 4684, 420, 262516, 1248
334916, 3532, 13980, 1396, 3252, 4684, 420, 262532, 1248
334912, 3520, 13984, 1400, 3252, 4684, 420, 262540, 1248
334908, 3512, 13988, 1404, 3256, 4684, 420, 262540, 1248
334908, 3504, 13988, 1396, 3260, 4684, 420, 262552, 1248
334908, 3496, 13972, 1400, 3252, 4684, 420, 262580, 1248
334904, 3492, 13964, 1400, 3252, 4680, 420, 262600, 1248
334896, 3488, 13960, 1400, 3248, 4676, 424, 262620, 1248
334884, 3488, 13952, 1392, 3252, 4668, 424, 262652, 1248
334876, 3488, 13944, 1396, 3248, 4668, 424, 262668, 1248
334872, 3472, 13956, 1396, 3252, 4668, 424, 262672, 1248
334868, 3464, 13944, 1392, 3256, 4668, 424, 262696, 1248
334868, 3456, 13948, 1384, 3260, 4668, 424, 262704, 1248
334864, 3452, 13948, 1388, 3256, 4668, 424, 262712, 1248
334856, 3444, 13944, 1392, 3252, 4668, 424, 262732, 1248
334844, 3452, 13940, 1396, 3252, 4664, 424, 262740, 1248
334844, 3448, 13928, 1396, 3244, 4664, 424, 262764, 1248
334840, 3440, 13924, 1388, 3248, 4664, 424, 262784, 1248
334832, 3420, 13940, 1392, 3240, 4668, 424, 262796, 1248
334824, 3424, 13936, 1388, 3240, 4672, 420, 262808, 1248
334824, 3408, 13940, 1388, 3240, 4672, 420, 262820, 1248
334824, 3396, 13928, 1392, 3240, 4668, 420, 262844, 1248
334820, 3400, 13920, 1392, 3240, 4664, 424, 262852, 1248
334812, 3396, 13920, 1388, 3244, 4664, 424, 262864, 1248
334808, 3384, 13920, 1396, 3236, 4664, 420, 262880, 1252
334808, 3380, 13916, 1396, 3228, 4668, 420, 262892, 1252
334804, 3368, 13916, 1400, 3224, 4668, 420, 262908, 1252
334800, 3368, 13916, 1400, 3220, 4668, 420, 262916, 1252
334800, 3364, 13908, 1400, 3212, 4676, 420, 262928, 1252
334796, 3360, 13908, 1396, 3208, 4680, 420, 262940, 1252
334792, 3360, 13896, 1396, 3208, 4676, 420, 262956, 1256
334788, 3360, 13896, 1396, 3208, 4676, 420, 262960, 1256
334784, 3352, 13892, 1400, 3208, 4676, 420, 262972, 1256
334780, 3348, 13884, 1400, 3208, 4672, 420, 262988, 1260
334772, 3352, 13880, 1400, 3196, 4676, 420, 263004, 1260
334772, 3336, 13868, 1404, 3192, 4676, 420, 263032, 1260
334768, 3340, 13848, 1404, 3188, 4672, 420, 263060, 1260
334764, 3340, 13848, 1400, 3192, 4672, 420, 263064, 1260
334756, 3332, 13860, 1396, 3196, 4676, 416, 263068, 1260
334752, 3324, 13856, 1392, 3200, 4672, 416, 263088, 1260
334748, 3324, 13856, 1392, 3200, 4664, 420, 263096, 1260
334744, 3328, 13852, 1388, 3200, 4660, 420, 263108, 1260
334740, 3312, 13848, 1400, 3200, 4656, 420, 263124, 1260
334728, 3316, 13824, 1404, 3196, 4652, 420, 263160, 1260
334728, 3312, 13812, 1400, 3200, 4648, 420, 263180, 1260
334728, 3300, 13816, 1404, 3200, 4640, 420, 263192, 1260
334720, 3304, 13816, 1400, 3204, 4632, 424, 263196, 1264
334708, 3308, 13804, 1400, 3204, 4632, 424, 263216, 1264
334704, 3300, 13812, 1400, 3196, 4636, 424, 263224, 1264
334704, 3276, 13820, 1400, 3200, 4636, 424, 263236, 1264
334696, 3256, 13836, 1404, 3196, 4636, 424, 263248, 1264
334688, 3252, 13820, 1408, 3196, 4636, 424, 263272, 1264
334680, 3252, 13820, 1408, 3192, 4640, 420, 263284, 1264
334676, 3244, 13820, 1408, 3192, 4640, 420, 263296, 1264
334672, 3244, 13800, 1404, 3196, 4640, 420, 263320, 1264
334668, 3248, 13784, 1404, 3196, 4640, 420, 263336, 1264
334660, 3244, 13784, 1396, 3204, 4640, 416, 263352, 1264
334652, 3240, 13788, 1396, 3200, 4640, 416, 263364, 1264
334636, 3252, 13776, 1400, 3196, 4640, 416, 263380, 1264
334632, 3240, 13780, 1392, 3204, 4636, 416, 263396, 1264
334628, 3240, 13776, 1380, 3212, 4636, 416, 263408, 1264
334612, 3248, 13780, 1372, 3204, 4640, 416, 263424, 1264
334608, 3244, 13772, 1372, 3200, 4636, 416, 263448, 1264
334596, 3244, 13780, 1368, 3200, 4636, 416, 263456, 1264
334588, 3248, 13772, 1364, 3200, 4640, 416, 263468, 1264
334588, 3248, 13768, 1364, 3200, 4640, 416, 263472, 1264
334576, 3256, 13768, 1364, 3200, 4640, 416, 263476, 1264
334576, 3252, 13760, 1364, 3200, 4640, 416, 263488, 1264
334576, 3236, 13752, 1368, 3204, 4632, 416, 263512, 1264
334564, 3240, 13752, 1372, 3196, 4624, 424, 263524, 1264
334556, 3240, 13744, 1368, 3192, 4628, 424, 263544, 1264
334552, 3244, 13740, 1368, 3192, 4624, 428, 263548, 1264
334544, 3244, 13744, 1364, 3192, 4624, 428, 263556, 1264
334544, 3236, 13736, 1368, 3188, 4624, 428, 263572, 1264
334536, 3240, 13732, 1364, 3192, 4620, 428, 263584, 1264
334528, 3240, 13716, 1364, 3184, 4620, 428, 263612, 1268
334520, 3240, 13700, 1364, 3188, 4620, 428, 263632, 1268
334520, 3236, 13684, 1360, 3192, 4620, 428, 263652, 1268
334516, 3236, 13676, 1356, 3192, 4620, 428, 263668, 1268
334516, 3236, 13668, 1356, 3192, 4620, 428, 263676, 1268
334512, 3236, 13660, 1356, 3184, 4624, 428, 263692, 1268
334508, 3236, 13656, 1360, 3184, 4624, 428, 263696, 1268
334492, 3244, 13652, 1360, 3180, 4620, 428, 263716, 1268
334480, 3248, 13644, 1360, 3176, 4620, 428, 263732, 1272
334476, 3240, 13644, 1356, 3180, 4620, 428, 263744, 1272
334460, 3252, 13644, 1352, 3180, 4616, 428, 263756, 1272
334460, 3232, 13648, 1356, 3180, 4616, 428, 263768, 1272
334448, 3236, 13644, 1360, 3180, 4612, 432, 263776, 1272
334444, 3224, 13640, 1364, 3176, 4616, 432, 263792, 1272
334436, 3220, 13652, 1360, 3172, 4624, 428, 263796, 1272
334412, 3236, 13656, 1356, 3172, 4624, 428, 263804, 1272
334408, 3232, 13652, 1356, 3172, 4624, 428, 263816, 1272
334400, 3228, 13640, 1360, 3164, 4616, 428, 263852, 1272
334400, 3220, 13644, 1352, 3168, 4616, 428, 263860, 1272
334400, 3212, 13644, 1356, 3168, 4616, 428, 263864, 1272
334396, 3196, 13644, 1364, 3176, 4612, 428, 263872, 1272
334396, 3184, 13644, 1364, 3180, 4608, 428, 263884, 1272
334396, 3168, 13636, 1372, 3176, 4608, 428, 263904, 1272
334396, 3156, 13620, 1376, 3180, 4604, 428, 263928, 1272
334392, 3152, 13616, 1376, 3180, 4604, 428, 263940, 1272
334388, 3156, 13612, 1372, 3184, 4600, 428, 263948, 1272
334388, 3152, 13608, 1372, 3180, 4600, 428, 263960, 1272
334388, 3152, 13600, 1372, 3180, 4600, 428, 263968, 1272
334388, 3148, 13580, 1368, 3180, 4596, 432, 263996, 1272
334380, 3140, 13592, 1360, 3188, 4596, 432, 264000, 1272
334372, 3136, 13596, 1368, 3184, 4596, 432, 264004, 1272
334372, 3124, 13596, 1368, 3188, 4592, 432, 264016, 1272
334368, 3120, 13596, 1372, 3188, 4592, 432, 264020, 1272
334360, 3124, 13584, 1372, 3192, 4588, 432, 264036, 1272
334356, 3128, 13576, 1372, 3192, 4588, 432, 264044, 1272
334352, 3132, 13564, 1372, 3188, 4588, 432, 264060, 1272
334336, 3144, 13564, 1372, 3188, 4588, 432, 264064, 1272
334332, 3140, 13564, 1372, 3188, 4588, 428, 264076, 1272
334332, 3136, 13544, 1376, 3172, 4592, 428, 264108, 1272
334332, 3132, 13540, 1372, 3172, 4592, 428, 264120, 1272
334324, 3136, 13540, 1372, 3168, 4588, 428, 264132, 1272
334316, 3128, 13532, 1380, 3164, 4588, 428, 264152, 1272
334308, 3128, 13532, 1376, 3164, 4592, 428, 264160, 1272
334308, 3128, 13532, 1376, 3160, 4592, 428, 264164, 1272
334304, 3116, 13536, 1376, 3160, 4588, 428, 264176, 1276
334300, 3120, 13524, 1376, 3152, 4584, 428, 264200, 1276
334296, 3116, 13528, 1372, 3152, 4584, 428, 264208, 1276
334292, 3116, 13524, 1372, 3144, 4584, 428, 264224, 1276
334288, 3108, 13524, 1372, 3144, 4580, 428, 264240, 1276
334284, 3104, 13520, 1372, 3144, 4576, 428, 264256, 1276
334284, 3092, 13520, 1368, 3148, 4572, 432, 264268, 1276
334284, 3080, 13524, 1364, 3156, 4572, 432, 264272, 1276
334280, 3072, 13520, 1352, 3164, 4568, 436, 264292, 1276
334276, 3076, 13516, 1352, 3156, 4576, 436, 264296, 1276
334272, 3072, 13504, 1352, 3156, 4576, 436, 264316, 1276
334268, 3064, 13508, 1348, 3160, 4576, 436, 264324, 1276
334260, 3064, 13508, 1344, 3160, 4576, 436, 264336, 1276
334252, 3064, 13508, 1340, 3156, 4576, 436, 264352, 1276
334244, 3064, 13508, 1336, 3152, 4584, 436, 264360, 1276
334236, 3068, 13508, 1336, 3152, 4580, 436, 264364, 1280
334228, 3064, 13512, 1336, 3144, 4580, 436, 264380, 1280
334224, 3060, 13516, 1336, 3132, 4584, 436, 264392, 1280
334224, 3052, 13516, 1336, 3128, 4584, 436, 264404, 1280
334220, 3048, 13520, 1332, 3132, 4584, 436, 264408, 1280
334216, 3040, 13520, 1336, 3116, 4588, 436, 264428, 1280
334204, 3052, 13492, 1336, 3108, 4588, 436, 264464, 1280
334204, 3036, 13504, 1340, 3108, 4588, 436, 264464, 1280
334204, 3032, 13496, 1336, 3108, 4588, 436, 264476, 1284
334204, 3032, 13492, 1332, 3104, 4592, 436, 264484, 1284
334200, 3032, 13468, 1336, 3100, 4584, 436, 264516, 1288
334196, 3028, 13456, 1332, 3104, 4576, 440, 264540, 1288
334192, 3020, 13452, 1336, 3104, 4576, 440, 264552, 1288
334184, 3024, 13452, 1328, 3112, 4576, 440, 264556, 1288
334184, 3024, 13440, 1328, 3112, 4576, 440, 264568, 1288
334180, 3020, 13432, 1324, 3116, 4572, 440, 264584, 1292
334172, 3024, 13416, 1324, 3120, 4568, 440, 264604, 1292
334168, 3020, 13416, 1324, 3112, 4564, 440, 264624, 1292
334168, 3012, 13416, 1324, 3104, 4564, 440, 264640, 1292
334168, 3008, 13404, 1320, 3104, 4564, 440, 264660, 1292
334164, 3008, 13404, 1316, 3108, 4564, 440, 264664, 1292
334164, 3008, 13388, 1316, 3104, 4568, 440, 264680, 1292
334164, 3004, 13376, 1312, 3108, 4564, 440, 264700, 1292
334156, 3012, 13368, 1312, 3104, 4564, 440, 264712, 1292
334156, 3004, 13364, 1312, 3104, 4572, 436, 264720, 1292
334156, 2996, 13364, 1304, 3104, 4572, 436, 264736, 1292
334156, 2988, 13360, 1304, 3100, 4576, 436, 264748, 1292
334148, 2980, 13368, 1300, 3104, 4576, 436, 264756, 1292
334148, 2976, 13360, 1300, 3104, 4576, 436, 264768, 1292
334144, 2968, 13368, 1300, 3096, 4576, 436, 264780, 1292
334140, 2956, 13372, 1308, 3092, 4580, 436, 264784, 1292
334140, 2944, 13368, 1304, 3092, 4580, 436, 264804, 1292
334140, 2944, 13364, 1304, 3088, 4576, 436, 264816, 1292
334136, 2944, 13356, 1304, 3088, 4572, 436, 264832, 1292
334136, 2936, 13364, 1296, 3096, 4572, 436, 264832, 1292
334136, 2916, 13376, 1304, 3092, 4572, 436, 264836, 1292
334136, 2912, 13364, 1300, 3088, 4572, 436, 264860, 1292
334128, 2912, 13364, 1296, 3092, 4572, 436, 264868, 1292
334124, 2912, 13356, 1296, 3092, 4572, 436, 264880, 1292
334116, 2916, 13348, 1296, 3092, 4572, 436, 264892, 1292
334116, 2904, 13348, 1304, 3088, 4576, 436, 264896, 1292
334104, 2916, 13348, 1304, 3084, 4576, 436, 264900, 1292
334104, 2900, 13348, 1312, 3084, 4576, 436, 264908, 1292
334104, 2892, 13344, 1308, 3084, 4568, 436, 264932, 1292
334100, 2888, 13340, 1312, 3080, 4572, 432, 264944, 1292
334096, 2888, 13332, 1312, 3080, 4572, 432, 264956, 1292
334096, 2884, 13332, 1312, 3080, 4576, 428, 264960, 1292
334092, 2884, 13324, 1316, 3076, 4576, 428, 264972, 1292
334092, 2876, 13328, 1312, 3080, 4576, 428, 264976, 1292
334092, 2872, 13320, 1308, 3084, 4576, 428, 264988, 1292
334088, 2868, 13312, 1312, 3084, 4576, 428, 265000, 1292
334088, 2860, 13308, 1312, 3080, 4584, 424, 265012, 1292
334084, 2856, 13300, 1312, 3076, 4584, 424, 265032, 1292
334084, 2840, 13296, 1312, 3076, 4584, 424, 265052, 1292
334076, 2844, 13292, 1312, 3076, 4584, 424, 265060, 1292
334076, 2832, 13288, 1308, 3080, 4580, 424, 265080, 1292
334068, 2820, 13292, 1308, 3080, 4580, 424, 265096, 1292
334068, 2820, 13280, 1304, 3076, 4576, 428, 265116, 1292
334068, 2804, 13288, 1304, 3080, 4576, 428, 265120, 1292
334060, 2808, 13284, 1304, 3080, 4572, 428, 265128, 1296
334060, 2800, 13276, 1300, 3084, 4568, 428, 265148, 1296
334048, 2788, 13284, 1304, 3084, 4572, 424, 265160, 1296
334044, 2792, 13276, 1304, 3080, 4572, 424, 265172, 1296
334040, 2788, 13276, 1304, 3084, 4564, 424, 265180, 1300
334032, 2792, 13256, 1304, 3088, 4568, 420, 265200, 1300
334032, 2776, 13256, 1308, 3088, 4568, 420, 265212, 1300
334028, 2772, 13260, 1304, 3092, 4568, 420, 265216, 1300
334016, 2780, 13240, 1304, 3092, 4568, 420, 265240, 1300
334000, 2792, 13232, 1304, 3092, 4568, 420, 265252, 1300
333996, 2792, 13232, 1300, 3092, 4568, 420, 265260, 1300
333992, 2788, 13228, 1300, 3084, 4568, 420, 265280, 1300
333988, 2792, 13224, 1300, 3076, 4568, 420, 265292, 1300
333988, 2780, 13232, 1304, 3072, 4572, 420, 265292, 1300
333988, 2776, 13208, 1304, 3072, 4572, 420, 265320, 1300
333984, 2772, 13212, 1300, 3076, 4572, 420, 265324, 1300
333976, 2776, 13204, 1300, 3076, 4572, 416, 265340, 1300
333964, 2784, 13200, 1304, 3072, 4568, 416, 265352, 1300
333960, 2780, 13196, 1304, 3068, 4568, 416, 265368, 1300
333956, 2776, 13200, 1304, 3060, 4572, 412, 265376, 1304
333956, 2768, 13204, 1304, 3060, 4572, 412, 265380, 1304
333948, 2768, 13200, 1296, 3064, 4568, 412, 265400, 1304
333948, 2756, 13196, 1300, 3068, 4568, 412, 265408, 1304
333940, 2764, 13180, 1300, 3068, 4568, 412, 265424, 1304
333924, 2780, 13172, 1300, 3068, 4568, 412, 265432, 1304
333912, 2788, 13160, 1292, 3076, 4568, 412, 265448, 1304
333912, 2780, 13156, 1288, 3068, 4572, 412, 265468, 1304
333904, 2776, 13164, 1292, 3064, 4572, 412, 265472, 1304
333900, 2772, 13156, 1292, 3056, 4572, 412, 265492, 1308
333900, 2772, 13148, 1288, 3060, 4572, 412, 265500, 1308
333892, 2776, 13144, 1288, 3052, 4572, 412, 265516, 1308
333892, 2772, 13144, 1288, 3052, 4576, 408, 265520, 1308
333892, 2752, 13144, 1292, 3052, 4576, 408, 265536, 1308
333888, 2748, 13136, 1284, 3052, 4572, 408, 265564, 1308
333888, 2744, 13136, 1284, 3052, 4568, 412, 265568, 1308
333888, 2732, 13128, 1284, 3048, 4564, 412, 265596, 1308
333880, 2728, 13128, 1280, 3048, 4564, 412, 265608, 1312
333872, 2732, 13116, 1284, 3044, 4560, 412, 265628, 1312
333868, 2728, 13116, 1284, 3040, 4560, 412, 265640, 1312
333864, 2724, 13108, 1280, 3040, 4552, 412, 265668, 1312
333864, 2712, 13104, 1284, 3040, 4548, 412, 265684, 1312
333856, 2712, 13108, 1284, 3040, 4548, 412, 265688, 1312
333856, 2708, 13100, 1284, 3044, 4548, 412, 265696, 1312
333852, 2692, 13084, 1292, 3044, 4544, 412, 265728, 1312
333852, 2688, 13088, 1288, 3044, 4548, 412, 265728, 1312
333852, 2676, 13088, 1292, 3040, 4544, 412, 265744, 1312
333844, 2680, 13088, 1292, 3036, 4544, 412, 265752, 1312
333828, 2696, 13084, 1288, 3036, 4544, 412, 265760, 1312
333828, 2688, 13088, 1276, 3044, 4544, 412, 265768, 1312
333828, 2664, 13092, 1280, 3040, 4544, 412, 265788, 1312
333824, 2656, 13084, 1288, 3040, 4544, 416, 265796, 1312
333816, 2664, 13076, 1284, 3044, 4544, 416, 265804, 1312
333816, 2660, 13064, 1280, 3040, 4540, 416, 265832, 1312
333812, 2656, 13056, 1276, 3040, 4544, 416, 265848, 1312
333808, 2644, 13060, 1276, 3048, 4540, 416, 265856, 1312
333808, 2644, 13060, 1272, 3052, 4540, 416, 265856, 1312
333808, 2628, 13056, 1268, 3056, 4540, 416, 265876, 1312
333804, 2612, 13068, 1260, 3068, 4540, 416, 265880, 1312
333800, 2608, 13068, 1260, 3068, 4540, 416, 265888, 1312
333792, 2604, 13076, 1260, 3068, 4544, 412, 265892, 1312
333788, 2604, 13064, 1260, 3056, 4552, 408, 265916, 1312
333780, 2596, 13060, 1264, 3056, 4548, 408, 265936, 1312
333772, 2592, 13060, 1268, 3052, 4548, 408, 265948, 1312
333768, 2592, 13048, 1268, 3044, 4544, 408, 265976, 1312
333764, 2576, 13052, 1276, 3040, 4540, 408, 265992, 1312
333756, 2572, 13048, 1276, 3036, 4536, 408, 266016, 1312
333748, 2580, 13044, 1276, 3036, 4536, 408, 266020, 1312
333736, 2588, 13036, 1272, 3036, 4532, 408, 266040, 1312
333728, 2588, 13032, 1272, 3040, 4532, 408, 266048, 1312
333716, 2600, 13028, 1264, 3048, 4532, 408, 266052, 1312
333708, 2596, 13036, 1264, 3052, 4532, 408, 266052, 1312
333704, 2600, 13032, 1260, 3052, 4528, 408, 266064, 1312
333704, 2596, 13032, 1256, 3056, 4528, 408, 266068, 1312
333696, 2600, 13028, 1252, 3056, 4520, 408, 266088, 1312
333688, 2604, 13012, 1252, 3052, 4520, 408, 266112, 1312
333684, 2600, 13008, 1256, 3052, 4520, 408, 266120, 1312
333680, 2604, 12992, 1248, 3056, 4520, 408, 266136, 1316
333680, 2596, 12996, 1252, 3056, 4520, 408, 266136, 1316
333676, 2592, 12992, 1256, 3052, 4516, 408, 266152, 1316
333676, 2584, 12992, 1256, 3044, 4520, 404, 266168, 1316
333676, 2584, 12976, 1256, 3044, 4520, 404, 266184, 1316
333676, 2584, 12972, 1256, 3044, 4520, 404, 266188, 1316
333672, 2580, 12972, 1256, 3040, 4516, 404, 266204, 1316
333672, 2572, 12980, 1256, 3036, 4516, 404, 266208, 1316
333668, 2572, 12984, 1256, 3032, 4516, 404, 266212, 1316
333668, 2560, 12988, 1260, 3032, 4516, 404, 266216, 1316
333664, 2560, 12992, 1260, 3024, 4516, 404, 266224, 1316
333664, 2544, 12996, 1260, 3024, 4504, 404, 266248, 1316
333656, 2544, 12992, 1264, 3024, 4504, 404, 266256, 1316
333648, 2552, 12992, 1260, 3020, 4500, 404, 266264, 1320
333640, 2556, 12984, 1264, 3020, 4500, 404, 266272, 1320
333636, 2556, 12980, 1260, 3024, 4500, 404, 266280, 1320
333632, 2556, 12980, 1264, 3024, 4496, 404, 266284, 1320
333628, 2544, 12992, 1252, 3036, 4492, 404, 266292, 1320
333624, 2532, 12992, 1248, 3032, 4492, 404, 266316, 1320
333624, 2516, 13000, 1244, 3032, 4492, 404, 266328, 1320
333624, 2508, 13004, 1240, 3036, 4492, 404, 266332, 1320
333624, 2500, 13000, 1236, 3040, 4492, 404, 266344, 1320
333616, 2496, 13004, 1236, 3036, 4496, 404, 266352, 1320
333608, 2496, 13008, 1236, 3032, 4492, 404, 266364, 1320
333600, 2488, 13004, 1232, 3032, 4496, 404, 266384, 1320
333592, 2496, 12992, 1232, 3028, 4492, 404, 266404, 1320
333588, 2496, 12984, 1228, 3028, 4484, 408, 266424, 1320
333580, 2500, 12984, 1224, 3032, 4484, 408, 266428, 1320
333576, 2500, 12976, 1224, 3032, 4480, 412, 266440, 1320
333568, 2500, 12980, 1216, 3036, 4480, 412, 266448, 1320
333564, 2496, 12972, 1212, 3036, 4480, 412, 266468, 1320
333560, 2492, 12968, 1204, 3040, 4484, 412, 266480, 1320
333560, 2488, 12964, 1204, 3040, 4480, 412, 266492, 1320
333552, 2488, 12960, 1204, 3036, 4480, 412, 266508, 1320
333552, 2488, 12960, 1204, 3032, 4476, 412, 266516, 1320
333552, 2476, 12968, 1204, 3028, 4476, 412, 266524, 1320
333548, 2468, 12972, 1204, 3028, 4476, 412, 266532, 1320
333544, 2468, 12960, 1200, 3032, 4476, 412, 266548, 1320
333544, 2460, 12948, 1208, 3028, 4476, 412, 266564, 1320
333544, 2456, 12932, 1208, 3020, 4480, 412, 266588, 1320
333536, 2456, 12932, 1200, 3024, 4484, 412, 266596, 1320
333536, 2456, 12920, 1200, 3024, 4480, 412, 266612, 1320
333536, 2448, 12924, 1200, 3020, 4484, 412, 266616, 1320
333520, 2456, 12912, 1200, 3024, 4472, 412, 266644, 1320
333520, 2448, 12904, 1196, 3024, 4476, 412, 266660, 1320
333512, 2452, 12904, 1196, 3016, 4476, 412, 266672, 1320
333504, 2444, 12908, 1196, 3016, 4476, 412, 266684, 1320
333488, 2460, 12904, 1196, 3008, 4480, 412, 266692, 1320
333484, 2456, 12912, 1192, 3008, 4480, 412, 266696, 1320
333476, 2444, 12924, 1192, 3004, 4480, 412, 266708, 1320
333476, 2444, 12924, 1192, 2996, 4484, 412, 266712, 1320
333464, 2444, 12928, 1192, 3000, 4484, 412, 266716, 1320
333464, 2424, 12940, 1192, 2996, 4484, 412, 266728, 1320
333460, 2412, 12952, 1196, 2996, 4484, 412, 266728, 1320
333448, 2416, 12948, 1196, 2992, 4484, 412, 266744, 1320
333440, 2424, 12948, 1196, 2988, 4484, 412, 266748, 1320
333436, 2408, 12952, 1204, 2988, 4476, 412, 266764, 1320
333424, 2412, 12948, 1204, 2984, 4476, 412, 266780, 1320
333412, 2416, 12944, 1204, 2984, 4476, 412, 266792, 1320
333396, 2424, 12944, 1204, 2976, 4476, 412, 266808, 1320
333372, 2448, 12936, 1200, 2976, 4468, 412, 266824, 1324
333372, 2444, 12936, 1200, 2976, 4464, 412, 266832, 1324
333340, 2464, 12920, 1200, 2976, 4464, 412, 266860, 1324
333324, 2472, 12924, 1196, 2972, 4468, 412, 266868, 1324
333312, 2476, 12916, 1196, 2972, 4468, 412, 266884, 1324
333292, 2492, 12912, 1196, 2972, 4464, 412, 266896, 1324
333268, 2508, 12908, 1196, 2968, 4464, 412, 266912, 1324
333264, 2508, 12892, 1192, 2964, 4464, 412, 266940, 1324
333252, 2512, 12888, 1196, 2956, 4464, 412, 266952, 1328
333240, 2512, 12900, 1188, 2960, 4464, 412, 266956, 1328
333212, 2540, 12884, 1188, 2956, 4460, 412, 266980, 1328
333188, 2556, 12876, 1196, 2956, 4460, 408, 266988, 1332
333168, 2572, 12872, 1188, 2964, 4460, 408, 266996, 1332
333144, 2580, 12880, 1192, 2960, 4456, 408, 267008, 1332
333132, 2592, 12876, 1192, 2960, 4456, 408, 267012, 1332
333128, 2592, 12868, 1192, 2964, 4456, 408, 267020, 1332
333116, 2592, 12864, 1204, 2956, 4464, 408, 267024, 1332
333108, 2596, 12860, 1208, 2956, 4464, 408, 267028, 1332
333096, 2596, 12860, 1204, 2960, 4460, 408, 267044, 1332
333076, 2616, 12848, 1204, 2960, 4460, 408, 267056, 1332
333068, 2624, 12844, 1204, 2960, 4460, 408, 267060, 1332
333056, 2628, 12836, 1204, 2960, 4460, 408, 267076, 1332
333040, 2636, 12816, 1204, 2960, 4460, 408, 267104, 1332
333036, 2640, 12812, 1196, 2960, 4460, 408, 267116, 1332
333032, 2628, 12820, 1196, 2960, 4460, 408, 267124, 1332
333012, 2648, 12812, 1192, 2964, 4456, 408, 267136, 1332
333000, 2656, 12796, 1192, 2964, 4456, 408, 267156, 1332
332992, 2656, 12784, 1192, 2964, 4456, 408, 267176, 1332
332984, 2664, 12780, 1188, 2964, 4452, 408, 267184, 1336
332980, 2664, 12764, 1184, 2964, 4452, 408, 267208, 1336
332956, 2684, 12764, 1184, 2964, 4452, 408, 267212, 1336
332944, 2692, 12764, 1180, 2964, 4452, 408, 267220, 1336
332944, 2684, 12764, 1176, 2964, 4456, 408, 267228, 1336
332940, 2676, 12764, 1176, 2968, 4456, 408, 267236, 1336
332920, 2696, 12752, 1176, 2968, 4456, 408, 267248, 1336
332900, 2696, 12748, 1172, 2968, 4456, 408, 267276, 1336
332888, 2700, 12744, 1172, 2968, 4456, 408, 267288, 1336
332872, 2708, 12740, 1172, 2964, 4460, 408, 267300, 1336
332860, 2712, 12728, 1172, 2952, 4464, 408, 267328, 1336
332852, 2704, 12732, 1172, 2956, 4460, 408, 267340, 1336
332844, 2708, 12728, 1176, 2956, 4460, 408, 267344, 1336
332840, 2708, 12720, 1180, 2956, 4456, 408, 267356, 1336
332836, 2708, 12720, 1180, 2952, 4460, 408, 267360, 1336
332836, 2696, 12704, 1184, 2952, 4460, 408, 267384, 1336
332828, 2700, 12704, 1184, 2948, 4460, 408, 267392, 1336
332808, 2708, 12704, 1180, 2952, 4460, 408, 267404, 1336
332808, 2700, 12704, 1180, 2948, 4464, 408, 267412, 1336
332804, 2700, 12704, 1180, 2944, 4460, 408, 267424, 1336
332796, 2708, 12684, 1180, 2940, 4460, 408, 267448, 1336
332788, 2704, 12688, 1184, 2940, 4452, 408, 267460, 1336
332768, 2720, 12656, 1184, 2940, 4452, 408, 267496, 1336
332768, 2708, 12660, 1188, 2936, 4452, 408, 267504, 1336
332760, 2712, 12640, 1184, 2936, 4456, 408, 267528, 1336
332756, 2704, 12644, 1184, 2936, 4456, 408, 267536, 1336
332752, 2700, 12640, 1188, 2936, 4452, 408, 267544, 1340
332748, 2704, 12620, 1188, 2936, 4452, 408, 267564, 1340
332740, 2712, 12616, 1184, 2936, 4452, 408, 267572, 1340
332736, 2708, 12612, 1184, 2924, 4452, 408, 267596, 1340
332732, 2712, 12600, 1184, 2924, 4452, 408, 267608, 1340
332732, 2712, 12576, 1180, 2920, 4452, 404, 267640, 1344
332732, 2708, 12576, 1180, 2916, 4452, 404, 267648, 1344
332732, 2700, 12564, 1184, 2916, 4444, 404, 267672, 1344
332728, 2700, 12564, 1184, 2916, 4444, 400, 267680, 1344
332724, 2700, 12556, 1188, 2912, 4448, 400, 267688, 1344
332720, 2704, 12552, 1188, 2908, 4452, 400, 267692, 1344
332720, 2704, 12536, 1184, 2912, 4452, 400, 267708, 1344
332708, 2704, 12544, 1188, 2912, 4452, 400, 267708, 1344
332704, 2708, 12536, 1184, 2916, 4448, 400, 267720, 1344
332696, 2708, 12536, 1184, 2912, 4444, 400, 267736, 1344
332692, 2700, 12528, 1192, 2908, 4444, 400, 267752, 1344
332688, 2700, 12524, 1192, 2908, 4444, 400, 267760, 1344
332688, 2696, 12524, 1192, 2904, 4444, 400, 267768, 1344
332684, 2692, 12524, 1188, 2908, 4444, 400, 267776, 1344
332684, 2680, 12512, 1192, 2908, 4444, 400, 267796, 1344
332680, 2684, 12496, 1192, 2908, 4444, 400, 267812, 1344
332680, 2680, 12492, 1188, 2912, 4444, 400, 267820, 1344
332680, 2664, 12484, 1200, 2904, 4440, 404, 267840, 1344
332680, 2652, 12476, 1204, 2896, 4436, 404, 267868, 1344
332672, 2644, 12488, 1204, 2900, 4436, 404, 267868, 1344
332664, 2648, 12464, 1204, 2888, 4440, 404, 267904, 1344
332664, 2640, 12460, 1204, 2888, 4436, 404, 267920, 1344
332664, 2636, 12444, 1200, 2892, 4428, 404, 267948, 1344
332660, 2640, 12440, 1196, 2896, 4428, 404, 267952, 1344
332660, 2632, 12440, 1196, 2896, 4428, 404, 267960, 1344
332656, 2632, 12424, 1192, 2888, 4436, 404, 267984, 1344
332656, 2624, 12432, 1188, 2892, 4436, 404, 267984, 1344
332648, 2628, 12432, 1188, 2892, 4436, 404, 267988, 1344
332648, 2628, 12428, 1188, 2892, 4432, 404, 267996, 1344
332648, 2624, 12428, 1188, 2892, 4432, 404, 268000, 1344
332644, 2620, 12420, 1188, 2888, 4436, 404, 268016, 1344
332624, 2640, 12404, 1188, 2884, 4440, 404, 268032, 1344
332624, 2640, 12400, 1188, 2884, 4436, 404, 268040, 1344
332620, 2644, 12388, 1184, 2888, 4436, 404, 268052, 1344
332620, 2644, 12372, 1184, 2884, 4436, 404, 268072, 1344
332616, 2640, 12364, 1180, 2892, 4436, 404, 268084, 1344
332616, 2640, 12364, 1176, 2896, 4436, 404, 268084, 1344
332616, 2632, 12364, 1168, 2904, 4432, 404, 268096, 1344
332612, 2628, 12360, 1168, 2892, 4432, 404, 268120, 1344
332608, 2628, 12348, 1168, 2884, 4428, 404, 268144, 1348
332604, 2628, 12348, 1168, 2884, 4424, 404, 268152, 1348
332596, 2636, 12348, 1168, 2884, 4424, 404, 268152, 1348
332596, 2636, 12332, 1164, 2884, 4424, 404, 268172, 1348
332596, 2628, 12336, 1164, 2880, 4424, 404, 268180, 1348
332596, 2628, 12328, 1164, 2880, 4424, 404, 268188, 1348
332596, 2628, 12320, 1160, 2884, 4424, 404, 268196, 1348
332592, 2628, 12312, 1160, 2884, 4420, 404, 268212, 1348
332592, 2620, 12308, 1160, 2884, 4412, 404, 268232, 1348
332588, 2624, 12288, 1156, 2888, 4412, 404, 268252, 1348
332588, 2604, 12292, 1160, 2888, 4412, 404, 268264, 1348
332584, 2588, 12292, 1160, 2896, 4412, 404, 268276, 1348
332584, 2576, 12292, 1164, 2892, 4408, 404, 268292, 1348
332584, 2576, 12284, 1160, 2888, 4412, 400, 268308, 1348
332584, 2572, 12268, 1160, 2884, 4412, 400, 268332, 1348
332568, 2584, 12264, 1156, 2888, 4412, 400, 268340, 1348
332564, 2580, 12260, 1160, 2888, 4408, 400, 268348, 1352
332560, 2584, 12252, 1160, 2888, 4404, 400, 268360, 1352
332560, 2580, 12252, 1156, 2880, 4412, 400, 268368, 1352
332552, 2580, 12252, 1160, 2880, 4412, 400, 268372, 1352
332548, 2584, 12248, 1160, 2876, 4408, 400, 268384, 1352
332544, 2568, 12248, 1160, 2872, 4416, 400, 268400, 1352
332540, 2560, 12252, 1164, 2872, 4412, 400, 268408, 1352
332540, 2556, 12252, 1160, 2876, 4412, 400, 268412, 1352
332536, 2556, 12248, 1160, 2876, 4408, 400, 268424, 1352
332536, 2540, 12256, 1164, 2872, 4408, 400, 268432, 1352
332532, 2540, 12256, 1164, 2868, 4412, 400, 268436, 1352
332528, 2532, 12248, 1168, 2868, 4412, 400, 268452, 1352
332528, 2524, 12256, 1160, 2868, 4412, 400, 268460, 1352
332528, 2516, 12252, 1160, 2868, 4416, 400, 268468, 1352
332528, 2512, 12248, 1160, 2856, 4412, 400, 268492, 1352
332504, 2532, 12248, 1160, 2848, 4408, 400, 268508, 1352
332504, 2520, 12252, 1164, 2848, 4408, 400, 268512, 1352
332484, 2532, 12252, 1160, 2852, 4408, 400, 268520, 1352
332484, 2524, 12256, 1156, 2852, 4408, 400, 268528, 1352
332472, 2512, 12264, 1160, 2852, 4408, 400, 268540, 1352
332464, 2520, 12248, 1156, 2856, 4408, 400, 268556, 1352
332456, 2524, 12248, 1148, 2856, 4404, 400, 268568, 1356
332456, 2520, 12240, 1148, 2856, 4400, 400, 268580, 1360
332444, 2528, 12240, 1144, 2856, 4400, 400, 268588, 1360
332420, 2552, 12228, 1132, 2860, 4400, 400, 268608, 1360
332412, 2548, 12228, 1132, 2860, 4396, 400, 268620, 1364
332392, 2568, 12220, 1132, 2856, 4396, 400, 268632, 1364
332376, 2568, 12220, 1140, 2856, 4396, 400, 268640, 1364
332356, 2576, 12220, 1148, 2856, 4392, 400, 268648, 1364
332336, 2596, 12216, 1148, 2852, 4392, 400, 268656, 1364
332324, 2604, 12212, 1148, 2852, 4396, 400, 268660, 1364
332320, 2600, 12204, 1148, 2852, 4396, 400, 268676, 1364
332304, 2612, 12204, 1144, 2856, 4396, 400, 268680, 1364
332276, 2632, 12192, 1148, 2852, 4396, 400, 268700, 1364
332260, 2648, 12188, 1148, 2848, 4396, 396, 268708, 1368
332244, 2652, 12192, 1144, 2852, 4392, 396, 268720, 1368
332228, 2668, 12172, 1144, 2852, 4392, 396, 268740, 1368
332200, 2696, 12168, 1140, 2848, 4396, 396, 268748, 1368
332184, 2704, 12160, 1140, 2852, 4396, 396, 268760, 1368
332168, 2720, 12148, 1136, 2852, 4400, 396, 268772, 1368
332164, 2720, 12140, 1136, 2852, 4400, 396, 268784, 1368
332156, 2712, 12152, 1136, 2852, 4400, 396, 268788, 1368
332152, 2712, 12144, 1136, 2852, 4400, 396, 268800, 1368
332136, 2720, 12132, 1132, 2852, 4400, 396, 268824, 1368
332128, 2728, 12124, 1132, 2852, 4400, 396, 268832, 1368
332120, 2736, 12112, 1132, 2844, 4408, 396, 268844, 1368
332104, 2736, 12124, 1128, 2848, 4408, 396, 268848, 1368
332088, 2752, 12096, 1128, 2848, 4404, 396, 268880, 1368
332080, 2748, 12088, 1136, 2844, 4400, 396, 268900, 1368
332072, 2748, 12088, 1132, 2844, 4396, 396, 268916, 1368
332068, 2752, 12084, 1132, 2840, 4400, 396, 268920, 1368
332068, 2748, 12084, 1136, 2840, 4400, 396, 268920, 1368
332060, 2744, 12088, 1136, 2840, 4400, 396, 268928, 1368
332052, 2744, 12088, 1136, 2844, 4400, 396, 268932, 1368
332036, 2740, 12100, 1132, 2848, 4400, 396, 268940, 1368
332016, 2756, 12088, 1132, 2848, 4396, 396, 268960, 1368
332008, 2760, 12092, 1132, 2844, 4396, 396, 268964, 1368
331996, 2760, 12076, 1132, 2840, 4392, 392, 269000, 1372
331988, 2764, 12076, 1132, 2844, 4392, 392, 269000, 1372
331972, 2764, 12084, 1132, 2844, 4384, 392, 269016, 1372
331960, 2768, 12088, 1124, 2848, 4384, 392, 269024, 1372
331944, 2780, 12088, 1124, 2844, 4380, 392, 269036, 1372
331936, 2776, 12096, 1128, 2840, 4376, 392, 269044, 1372
331924, 2784, 12088, 1132, 2840, 4372, 392, 269052, 1376
331916, 2788, 12080, 1124, 2844, 4372, 392, 269068, 1376
331904, 2800, 12068, 1120, 2844, 4376, 392, 269080, 1376
331896, 2804, 12052, 1120, 2844, 4376, 392, 269100, 1376
331868, 2828, 12024, 1120, 2844, 4376, 392, 269132, 1376
331860, 2816, 12036, 1120, 2848, 4376, 392, 269136, 1376
331860, 2812, 12024, 1120, 2844, 4376, 392, 269156, 1376
331848, 2816, 12012, 1120, 2844, 4380, 388, 269176, 1376
331840, 2824, 12004, 1116, 2848, 4380, 388, 269184, 1376
331836, 2816, 12000, 1116, 2848, 4380, 388, 269200, 1376
331832, 2812, 11996, 1120, 2844, 4376, 388, 269216, 1376
331828, 2812, 11996, 1120, 2836, 4376, 388, 269228, 1376
331824, 2812, 11992, 1116, 2840, 4376, 388, 269236, 1376
331824, 2808, 11988, 1112, 2844, 4376, 388, 269244, 1376
331816, 2808, 11980, 1116, 2844, 4372, 384, 269260, 1380
331808, 2808, 11984, 1120, 2844, 4372, 384, 269260, 1380
331808, 2804, 11976, 1112, 2852, 4372, 384, 269272, 1380
331808, 2792, 11976, 1112, 2848, 4372, 384, 269288, 1380
331800, 2796, 11976, 1108, 2852, 4372, 384, 269292, 1380
331796, 2792, 11976, 1112, 2848, 4364, 384, 269308, 1380
331792, 2792, 11964, 1116, 2832, 4364, 384, 269336, 1380
331788, 2788, 11944, 1124, 2828, 4364, 384, 269360, 1380
331788, 2788, 11928, 1120, 2832, 4364, 384, 269376, 1380
331784, 2792, 11924, 1120, 2828, 4360, 384, 269388, 1380
331780, 2792, 11924, 1120, 2828, 4356, 384, 269396, 1380
331772, 2792, 11912, 1116, 2828, 4360, 384, 269416, 1380
331772, 2784, 11916, 1116, 2828, 4356, 384, 269424, 1380
331764, 2776, 11920, 1116, 2828, 4356, 384, 269436, 1380
331764, 2768, 11916, 1116, 2820, 4356, 384, 269456, 1380
331764, 2760, 11924, 1116, 2816, 4352, 384, 269464, 1380
331764, 2760, 11916, 1108, 2824, 4352, 384, 269472, 1380
331764, 2752, 11912, 1108, 2816, 4352, 384, 269492, 1380
331760, 2736, 11920, 1112, 2820, 4348, 384, 269500, 1380
331760, 2720, 11936, 1112, 2812, 4344, 384, 269512, 1380
331756, 2720, 11940, 1096, 2824, 4344, 384, 269516, 1380
331752, 2720, 11928, 1096, 2824, 4340, 384, 269536, 1380
331740, 2732, 11916, 1096, 2816, 4336, 384, 269560, 1380
331740, 2732, 11904, 1096, 2816, 4336, 380, 269572, 1384
331736, 2732, 11896, 1096, 2816, 4340, 376, 269584, 1384
331724, 2744, 11880, 1096, 2812, 4340, 376, 269604, 1384
331724, 2736, 11880, 1092, 2816, 4340, 376, 269612, 1384
331720, 2724, 11888, 1092, 2816, 4344, 372, 269620, 1384
331716, 2724, 11884, 1092, 2812, 4344, 372, 269628, 1388
331712, 2728, 11884, 1088, 2812, 4340, 372, 269636, 1388
331704, 2728, 11888, 1088, 2812, 4340, 372, 269640, 1388
331700, 2728, 11884, 1088, 2812, 4336, 372, 269648, 1392
331692, 2736, 11864, 1088, 2804, 4336, 372, 269676, 1392
331688, 2736, 11860, 1084, 2804, 4336, 372, 269688, 1392
331684, 2736, 11848, 1084, 2804, 4336, 372, 269704, 1392
331684, 2728, 11844, 1088, 2800, 4336, 372, 269716, 1392
331672, 2728, 11852, 1088, 2796, 4340, 372, 269720, 1392
331664, 2728, 11848, 1084, 2800, 4340, 372, 269732, 1392
331660, 2728, 11844, 1088, 2800, 4340, 372, 269736, 1392
331652, 2732, 11836, 1088, 2800, 4340, 372, 269748, 1392
331652, 2732, 11824, 1088, 2800, 4340, 372, 269760, 1392
331652, 2724, 11816, 1088, 2796, 4336, 372, 269784, 1392
331648, 2728, 11800, 1084, 2800, 4332, 372, 269804, 1392
331648, 2724, 11796, 1080, 2804, 4332, 372, 269812, 1392
331644, 2728, 11788, 1076, 2804, 4332, 372, 269824, 1392
331640, 2728, 11784, 1076, 2800, 4328, 372, 269840, 1392
331636, 2724, 11784, 1080, 2800, 4328, 372, 269844, 1392
331636, 2724, 11772, 1080, 2800, 4328, 372, 269856, 1392
331636, 2724, 11768, 1076, 2804, 4328, 372, 269860, 1392
331636, 2724, 11760, 1072, 2808, 4328, 372, 269868, 1392
331636, 2716, 11756, 1076, 2808, 4328, 372, 269876, 1392
331632, 2712, 11744, 1080, 2808, 4328, 372, 269892, 1392
331632, 2696, 11736, 1080, 2804, 4332, 372, 269916, 1392
331628, 2700, 11728, 1076, 2808, 4332, 372, 269924, 1392
331628, 2696, 11728, 1064, 2812, 4336, 372, 269932, 1392
331624, 2696, 11728, 1064, 2808, 4332, 372, 269944, 1392
331616, 2692, 11712, 1072, 2808, 4328, 372, 269968, 1392
331612, 2696, 11704, 1072, 2804, 4332, 372, 269976, 1392
331608, 2692, 11692, 1072, 2800, 4332, 368, 270000, 1396
331604, 2692, 11684, 1072, 2792, 4340, 368, 270012, 1396
331600, 2692, 11676, 1068, 2796, 4340, 368, 270024, 1396
331596, 2692, 11668, 1072, 2792, 4340, 368, 270036, 1396
331588, 2692, 11664, 1076, 2792, 4340, 368, 270044, 1396
331584, 2692, 11668, 1076, 2788, 4340, 368, 270048, 1396
331580, 2696, 11660, 1076, 2788, 4340, 368, 270056, 1396
331580, 2692, 11660, 1076, 2788, 4340, 368, 270060, 1396
331572, 2684, 11664, 1084, 2788, 4336, 372, 270064, 1396
331572, 2676, 11656, 1088, 2784, 4336, 368, 270084, 1396
331568, 2676, 11656, 1080, 2792, 4336, 368, 270088, 1396
331568, 2664, 11660, 1080, 2796, 4336, 368, 270092, 1396
331568, 2664, 11644, 1076, 2796, 4340, 368, 270108, 1396
331556, 2676, 11640, 1076, 2796, 4336, 368, 270116, 1396
331556, 2672, 11636, 1076, 2788, 4336, 368, 270132, 1396
331556, 2664, 11640, 1076, 2784, 4336, 368, 270140, 1396
331556, 2656, 11624, 1084, 2780, 4336, 368, 270156, 1400
331552, 2656, 11616, 1084, 2780, 4328, 368, 270176, 1400
331552, 2656, 11616, 1084, 2780, 4328, 368, 270176, 1400
331544, 2664, 11612, 1084, 2780, 4328, 368, 270180, 1400
331544, 2652, 11612, 1088, 2784, 4324, 368, 270188, 1400
331544, 2644, 11604, 1088, 2784, 4324, 368, 270204, 1400
331536, 2648, 11608, 1088, 2776, 4324, 368, 270212, 1400
331532, 2640, 11612, 1088, 2772, 4320, 368, 270228, 1400
331532, 2632, 11616, 1088, 2768, 4324, 368, 270232, 1400
331524, 2620, 11620, 1092, 2768, 4328, 364, 270244, 1400
331520, 2624, 11596, 1092, 2764, 4328, 364, 270272, 1400
331512, 2624, 11596, 1096, 2764, 4324, 364, 270280, 1400
331508, 2624, 11596, 1092, 2764, 4320, 364, 270292, 1400
331496, 2636, 11588, 1092, 2764, 4320, 364, 270300, 1400
331484, 2648, 11584, 1092, 2764, 4320, 364, 270304, 1400
331472, 2652, 11588, 1092, 2764, 4316, 364, 270308, 1404
331464, 2660, 11580, 1092, 2764, 4308, 364, 270324, 1404
331452, 2672, 11576, 1088, 2768, 4308, 364, 270328, 1404
331452, 2660, 11576, 1088, 2772, 4308, 364, 270336, 1404
331444, 2668, 11572, 1080, 2780, 4308, 364, 270340, 1404
331424, 2684, 11556, 1076, 2784, 4304, 360, 270364, 1408
331408, 2692, 11548, 1080, 2780, 4296, 360, 270388, 1408
331404, 2676, 11560, 1088, 2780, 4296, 360, 270388, 1408
331388, 2688, 11556, 1092, 2780, 4296, 360, 270392, 1408
331384, 2688, 11548, 1088, 2784, 4292, 360, 270408, 1408
331364, 2688, 11552, 1092, 2784, 4292, 360, 270420, 1408
331340, 2708, 11548, 1092, 2784, 4288, 364, 270428, 1408
331336, 2700, 11552, 1092, 2788, 4288, 360, 270432, 1412
331308, 2720, 11528, 1096, 2788, 4288, 360, 270460, 1412
331296, 2732, 11516, 1092, 2792, 4288, 360, 270472, 1412
331280, 2744, 11496, 1096, 2788, 4284, 364, 270496, 1412
331268, 2752, 11488, 1096, 2776, 4288, 364, 270516, 1412
331256, 2756, 11492, 1092, 2776, 4292, 364, 270520, 1412
331244, 2760, 11496, 1092, 2776, 4288, 368, 270524, 1412
331236, 2752, 11496, 1096, 2772, 4284, 372, 270540, 1412
331232, 2748, 11496, 1096, 2764, 4280, 372, 270560, 1412
331228, 2752, 11488, 1096, 2760, 4276, 372, 270576, 1412
331212, 2756, 11492, 1100, 2760, 4276, 372, 270580, 1412
331212, 2752, 11484, 1100, 2756, 4272, 372, 270600, 1412
331200, 2764, 11480, 1096, 2760, 4268, 372, 270608, 1412
331188, 2776, 11472, 1096, 2756, 4268, 372, 270620, 1412
331180, 2780, 11472, 1096, 2752, 4268, 372, 270628, 1412
331172, 2784, 11460, 1096, 2752, 4264, 372, 270644, 1416
331168, 2780, 11464, 1092, 2752, 4264, 372, 270652, 1416
331164, 2784, 11460, 1092, 2748, 4264, 372, 270660, 1416
331160, 2788, 11452, 1092, 2748, 4264, 372, 270668, 1416
331152, 2792, 11444, 1088, 2756, 4264, 372, 270676, 1416
331152, 2792, 11432, 1088, 2752, 4264, 372, 270692, 1416
331148, 2788, 11412, 1092, 2748, 4268, 372, 270716, 1416
331140, 2788, 11412, 1092, 2736, 4268, 372, 270736, 1416
331124, 2800, 11400, 1092, 2736, 4268, 372, 270752, 1416
331116, 2792, 11400, 1104, 2736, 4268, 372, 270756, 1416
331108, 2792, 11400, 1108, 2732, 4272, 372, 270760, 1416
331100, 2796, 11396, 1108, 2732, 4272, 372, 270768, 1416
331088, 2800, 11400, 1100, 2736, 4268, 372, 270780, 1416
331084, 2800, 11392, 1100, 2740, 4268, 372, 270788, 1416
331072, 2812, 11392, 1100, 2740, 4268, 372, 270788, 1416
331072, 2812, 11392, 1100, 2724, 4276, 372, 270796, 1416
331064, 2808, 11396, 1096, 2724, 4276, 372, 270808, 1416
331044, 2820, 11392, 1084, 2736, 4276, 372, 270820, 1416
331036, 2828, 11384, 1076, 2744, 4276, 372, 270828, 1416
331028, 2832, 11364, 1072, 2744, 4276, 372, 270856, 1416
331020, 2840, 11356, 1068, 2740, 4280, 368, 270872, 1416
331008, 2832, 11352, 1076, 2744, 4280, 368, 270884, 1416
330996, 2840, 11348, 1072, 2748, 4284, 364, 270892, 1416
330992, 2844, 11332, 1068, 2748, 4284, 364, 270912, 1416
330992, 2840, 11332, 1064, 2748, 4284, 364, 270920, 1416
330984, 2840, 11312, 1068, 2748, 4284, 364, 270944, 1416
330984, 2832, 11304, 1068, 2748, 4284, 364, 270960, 1416
330980, 2832, 11296, 1064, 2752, 4280, 364, 270976, 1416
330980, 2828, 11284, 1060, 2756, 4280, 364, 270992, 1416
330976, 2828, 11272, 1064, 2756, 4276, 360, 271008, 1420
330968, 2836, 11256, 1064, 2756, 4276, 360, 271024, 1420
330964, 2836, 11256, 1064, 2756, 4272, 360, 271032, 1420
330956, 2836, 11244, 1060, 2756, 4272, 360, 271052, 1424
330952, 2828, 11240, 1060, 2760, 4276, 356, 271064, 1424
330952, 2820, 11244, 1060, 2760, 4276, 356, 271068, 1424
330948, 2808, 11248, 1064, 2760, 4276, 356, 271076, 1424
330948, 2800, 11244, 1052, 2768, 4276, 356, 271092, 1424
330944, 2804, 11228, 1048, 2772, 4276, 356, 271108, 1424
330940, 2800, 11232, 1048, 2768, 4280, 352, 271116, 1424
330936, 2800, 11228, 1052, 2764, 4280, 352, 271124, 1424
330936, 2792, 11228, 1052, 2764, 4276, 352, 271136, 1424
330932, 2792, 11220, 1056, 2764, 4268, 352, 271152, 1424
330932, 2784, 11200, 1052, 2764, 4268, 352, 271184, 1424
330932, 2776, 11192, 1060, 2764, 4268, 352, 271192, 1424
330932, 2776, 11184, 1056, 2768, 4268, 352, 271200, 1424
330932, 2764, 11192, 1052, 2772, 4268, 352, 271204, 1424
330924, 2764, 11188, 1048, 2772, 4268, 352, 271220, 1424
330920, 2756, 11196, 1048, 2772, 4268, 352, 271224, 1424
330912, 2748, 11192, 1056, 2768, 4268, 352, 271240, 1424
330908, 2748, 11192, 1048, 2772, 4264, 352, 271248, 1428
330904, 2736, 11196, 1044, 2772, 4264, 352, 271264, 1428
330904, 2736, 11192, 1044, 2768, 4264, 352, 271272, 1428
330900, 2728, 11196, 1048, 2768, 4264, 352, 271276, 1428
330896, 2732, 11180, 1048, 2768, 4264, 352, 271292, 1428
330896, 2728, 11176, 1044, 2768, 4260, 348, 271308, 1432
330892, 2728, 11168, 1044, 2764, 4264, 348, 271320, 1432
330884, 2720, 11172, 1052, 2764, 4264, 348, 271324, 1432
330880, 2716, 11156, 1048, 2768, 4264, 348, 271348, 1432
330880, 2708, 11160, 1044, 2768, 4264, 348, 271356, 1432
330880, 2708, 11152, 1044, 2760, 4264, 348, 271372, 1432
330880, 2696, 11152, 1044, 2756, 4272, 348, 271380, 1432
330872, 2692, 11156, 1044, 2752, 4264, 348, 271400, 1432
330868, 2692, 11140, 1044, 2752, 4260, 352, 271420, 1432
330864, 2688, 11144, 1040, 2752, 4264, 352, 271424, 1432
330864, 2680, 11136, 1040, 2748, 4264, 352, 271444, 1432
330860, 2672, 11116, 1044, 2744, 4268, 352, 271472, 1432
330860, 2656, 11120, 1048, 2736, 4268, 352, 271488, 1432
330856, 2660, 11112, 1048, 2732, 4264, 352, 271504, 1432
330856, 2656, 11112, 1048, 2728, 4268, 352, 271508, 1432
330852, 2644, 11120, 1048, 2728, 4264, 352, 271520, 1432
330840, 2656, 11112, 1044, 2728, 4264, 352, 271532, 1432
330836, 2640, 11112, 1052, 2720, 4268, 352, 271548, 1432
330832, 2636, 11108, 1056, 2720, 4268, 352, 271556, 1432
330828, 2640, 11108, 1056, 2716, 4272, 352, 271556, 1432
330828, 2624, 11116, 1052, 2708, 4276, 348, 271576, 1432
330828, 2624, 11108, 1052, 2704, 4280, 348, 271584, 1432
330828, 2616, 11112, 1052, 2704, 4276, 348, 271592, 1432
330828, 2604, 11116, 1048, 2704, 4272, 348, 271604, 1436
330824, 2600, 11112, 1052, 2704, 4272, 348, 271612, 1436
330820, 2600, 11112, 1052, 2700, 4272, 348, 271620, 1436
330812, 2592, 11120, 1052, 2700, 4272, 348, 271628, 1436
330812, 2584, 11112, 1056, 2692, 4268, 348, 271652, 1436
330804, 2588, 11108, 1052, 2696, 4268, 348, 271660, 1436
330804, 2584, 11108, 1052, 2696, 4268, 348, 271664, 1436
330804, 2576, 11104, 1056, 2692, 4272, 344, 271676, 1436
330804, 2568, 11100, 1056, 2684, 4272, 344, 271696, 1436
330804, 2560, 11092, 1056, 2680, 4276, 344, 271712, 1436
330792, 2568, 11080, 1052, 2680, 4276, 344, 271732, 1436
330792, 2564, 11072, 1048, 2680, 4276, 344, 271748, 1436
330792, 2556, 11076, 1048, 2680, 4276, 344, 271752, 1436
330792, 2548, 11080, 1052, 2680, 4272, 344, 271756, 1436
330792, 2540, 11080, 1056, 2680, 4272, 344, 271760, 1436
330788, 2544, 11072, 1048, 2688, 4272, 344, 271768, 1436
330784, 2544, 11056, 1048, 2688, 4272, 344, 271788, 1436
330784, 2544, 11056, 1048, 2684, 4272, 344, 271792, 1436
330784, 2544, 11052, 1048, 2684, 4272, 344, 271796, 1436
330780, 2548, 11048, 1048, 2676, 4276, 344, 271804, 1436
330776, 2544, 11040, 1052, 2672, 4276, 344, 271820, 1436
330776, 2540, 11036, 1052, 2672, 4272, 344, 271832, 1436
330772, 2540, 11040, 1052, 2668, 4268, 344, 271840, 1436
330768, 2528, 11044, 1060, 2664, 4272, 344, 271844, 1436
330756, 2528, 11036, 1060, 2664, 4272, 344, 271864, 1436
330756, 2520, 11028, 1048, 2672, 4268, 344, 271888, 1436
330752, 2520, 11028, 1052, 2668, 4268, 344, 271892, 1436
330752, 2504, 11032, 1052, 2660, 4264, 344, 271916, 1436
330744, 2504, 11024, 1052, 2660, 4264, 344, 271932, 1436
330744, 2496, 11016, 1056, 2660, 4264, 344, 271944, 1436
330736, 2500, 11020, 1056, 2652, 4264, 344, 271952, 1436
330736, 2496, 11024, 1052, 2652, 4264, 344, 271956, 1436
330736, 2488, 11024, 1052, 2648, 4264, 344, 271968, 1436
330728, 2492, 11016, 1056, 2648, 4264, 344, 271976, 1436
330720, 2492, 11016, 1060, 2644, 4264, 344, 271984, 1436
330720, 2480, 11024, 1056, 2644, 4264, 344, 271992, 1436
330708, 2488, 11024, 1056, 2640, 4264, 344, 272000, 1436
330704, 2488, 11016, 1056, 2644, 4264, 344, 272008, 1436
330692, 2500, 11004, 1052, 2648, 4264, 344, 272020, 1436
330684, 2504, 11004, 1056, 2640, 4260, 344, 272032, 1436
330680, 2508, 11004, 1056, 2640, 4260, 344, 272032, 1436
330676, 2508, 11004, 1052, 2644, 4260, 344, 272036, 1436
330668, 2512, 10996, 1048, 2652, 4260, 344, 272044, 1436
330660, 2512, 10992, 1048, 2652, 4256, 348, 272056, 1436
330656, 2512, 10972, 1044, 2656, 4256, 348, 272080, 1436
330624, 2540, 10964, 1040, 2660, 4256, 348, 272088, 1440
330620, 2524, 10976, 1040, 2660, 4256, 348, 272096, 1440
330596, 2532, 10972, 1044, 2652, 4260, 348, 272116, 1440
330576, 2544, 10964, 1040, 2644, 4264, 348, 272136, 1444
330560, 2560, 10960, 1040, 2640, 4264, 348, 272144, 1444
330552, 2568, 10960, 1036, 2640, 4268, 348, 272144, 1444
330536, 2576, 10956, 1040, 2636, 4268, 348, 272156, 1444
330512, 2588, 10968, 1040, 2628, 4268, 348, 272164, 1444
330500, 2600, 10960, 1040, 2624, 4268, 348, 272176, 1444
330492, 2604, 10960, 1040, 2620, 4272, 348, 272180, 1444
330468, 2616, 10960, 1040, 2620, 4272, 348, 272192, 1444
330460, 2612, 10956, 1048, 2616, 4272, 348, 272204, 1444
330444, 2628, 10948, 1044, 2620, 4268, 348, 272216, 1444
330436, 2632, 10944, 1044, 2620, 4268, 348, 272224, 1444
330424, 2640, 10928, 1044, 2620, 4268, 348, 272244, 1444
330416, 2640, 10928, 1044, 2620, 4268, 348, 272252, 1444
330408, 2648, 10928, 1040, 2624, 4268, 348, 272252, 1444
330404, 2648, 10924, 1044, 2624, 4264, 348, 272260, 1444
330388, 2656, 10916, 1044, 2624, 4264, 348, 272276, 1444
330376, 2652, 10924, 1040, 2628, 4264, 348, 272284, 1444
330360, 2668, 10920, 1032, 2628, 4264, 348, 272296, 1444
330360, 2652, 10932, 1032, 2624, 4264, 348, 272304, 1444
330356, 2652, 10932, 1032, 2624, 4260, 348, 272312, 1444
330352, 2652, 10924, 1028, 2628, 4260, 348, 272324, 1444
330344, 2656, 10924, 1024, 2628, 4256, 348, 272336, 1444
330336, 2660, 10920, 1024, 2628, 4252, 348, 272348, 1444
330328, 2664, 10920, 1024, 2628, 4252, 348, 272352, 1444
330316, 2672, 10920, 1024, 2628, 4252, 348, 272356, 1444
330312, 2668, 10916, 1028, 2628, 4248, 348, 272368, 1444
330308, 2668, 10916, 1024, 2628, 4248, 348, 272376, 1444
330308, 2664, 10920, 1020, 2632, 4248, 348, 272376, 1444
330292, 2676, 10912, 1020, 2636, 4248, 348, 272384, 1444
330280, 2680, 10904, 1024, 2636, 4248, 348, 272396, 1444
330276, 2672, 10892, 1024, 2640, 4244, 348, 272420, 1444
330256, 2684, 10888, 1024, 2636, 4240, 348, 272440, 1444
330252, 2684, 10884, 1024, 2632, 4240, 348, 272452, 1444
330248, 2684, 10880, 1028, 2632, 4236, 348, 272460, 1444
330248, 2672, 10872, 1028, 2636, 4236, 348, 272476, 1444
330240, 2676, 10872, 1020, 2640, 4236, 348, 272484, 1444
330232, 2684, 10872, 1020, 2636, 4232, 348, 272492, 1444
330224, 2684, 10876, 1024, 2636, 4232, 348, 272492, 1444
330212, 2692, 10864, 1024, 2636, 4228, 348, 272512, 1444
330212, 2692, 10844, 1024, 2636, 4228, 348, 272532, 1444
330204, 2700, 10844, 1024, 2632, 4228, 348, 272536, 1444
330196, 2708, 10832, 1024, 2632, 4224, 348, 272552, 1444
330188, 2708, 10836, 1024, 2632, 4224, 348, 272556, 1444
330184, 2712, 10828, 1016, 2640, 4224, 348, 272564, 1444
330176, 2720, 10824, 1016, 2636, 4224, 348, 272572, 1444
330164, 2728, 10820, 1008, 2636, 4224, 348, 272588, 1444
330156, 2728, 10812, 1004, 2636, 4224, 348, 272608, 1444
330152, 2724, 10812, 1004, 2632, 4228, 348, 272616, 1444
330152, 2708, 10804, 1008, 2636, 4228, 348, 272632, 1444
330148, 2700, 10804, 1004, 2632, 4228, 348, 272652, 1444
330148, 2696, 10796, 1004, 2632, 4224, 348, 272668, 1444
330140, 2696, 10784, 1004, 2632, 4220, 348, 272692, 1444
330140, 2696, 10772, 1000, 2632, 4220, 348, 272708, 1444
330140, 2692, 10776, 1000, 2628, 4220, 348, 272712, 1444
330140, 2688, 10776, 1000, 2628, 4220, 348, 272716, 1444
330136, 2684, 10776, 1000, 2624, 4220, 348, 272728, 1444
330132, 2684, 10776, 1000, 2624, 4220, 348, 272732, 1444
330128, 2668, 10784, 1008, 2620, 4220, 348, 272740, 1444
330128, 2660, 10784, 1008, 2616, 4216, 344, 272760, 1444
330124, 2660, 10776, 1008, 2612, 4220, 344, 272772, 1444
330124, 2656, 10772, 1008, 2608, 4224, 344, 272780, 1444
330120, 2656, 10772, 1008, 2604, 4216, 348, 272792, 1444
330120, 2652, 10760, 1008, 2608, 4212, 348, 272808, 1444
330108, 2660, 10760, 1008, 2608, 4212, 348, 272812, 1444
330104, 2660, 10748, 1008, 2608, 4212, 348, 272828, 1444
330104, 2644, 10740, 1016, 2604, 4212, 348, 272848, 1444
330104, 2636, 10736, 1016, 2600, 4208, 348, 272868, 1444
330100, 2632, 10732, 1012, 2600, 4212, 348, 272880, 1444
330100, 2616, 10744, 1012, 2588, 4208, 348, 272900, 1444
330100, 2612, 10744, 1012, 2588, 4208, 348, 272904, 1444
330100, 2596, 10748, 1016, 2588, 4208, 348, 272912, 1444
330092, 2604, 10736, 1016, 2584, 4212, 348, 272924, 1444
330088, 2604, 10736, 1012, 2588, 4204, 348, 272936, 1444
330084, 2600, 10736, 1008, 2592, 4204, 348, 272944, 1444
330076, 2588, 10744, 1016, 2592, 4204, 348, 272948, 1444
330068, 2592, 10744, 1016, 2592, 4204, 348, 272952, 1444
330068, 2588, 10736, 1016, 2592, 4200, 348, 272968, 1444
330056, 2588, 10740, 1012, 2596, 4192, 348, 272980, 1448
330056, 2576, 10740, 1012, 2592, 4192, 348, 272996, 1448
330052, 2580, 10732, 1012, 2592, 4192, 348, 273004, 1448
330052, 2580, 10716, 1012, 2588, 4192, 348, 273024, 1448
330052, 2576, 10708, 1004, 2596, 4192, 348, 273036, 1448
330052, 2572, 10692, 996, 2600, 4192, 348, 273060, 1448
330044, 2576, 10688, 996, 2592, 4196, 348, 273072, 1448
330044, 2560, 10688, 996, 2592, 4200, 348, 273084, 1448
330044, 2544, 10692, 1000, 2588, 4196, 348, 273100, 1448
330040, 2540, 10696, 1000, 2588, 4192, 348, 273108, 1448
330036, 2544, 10680, 1000, 2588, 4192, 348, 273124, 1448
330032, 2548, 10672, 1000, 2584, 4192, 348, 273136, 1448
330032, 2540, 10668, 1000, 2584, 4188, 348, 273152, 1448
330032, 2528, 10672, 1000, 2580, 4188, 348, 273160, 1452
330032, 2524, 10672, 1000, 2580, 4188, 348, 273164, 1452
330032, 2520, 10664, 1004, 2580, 4188, 348, 273172, 1452
330032, 2508, 10672, 1004, 2580, 4188, 348, 273176, 1452
330032, 2508, 10660, 1000, 2576, 4188, 348, 273196, 1452
330032, 2504, 10656, 1000, 2580, 4188, 348, 273200, 1452
330032, 2500, 10652, 1000, 2580, 4188, 348, 273208, 1452
330032, 2492, 10644, 1000, 2572, 4184, 348, 273236, 1452
330028, 2484, 10636, 1000, 2576, 4184, 348, 273252, 1452
330020, 2492, 10620, 1000, 2568, 4180, 348, 273280, 1452
330016, 2484, 10628, 1000, 2568, 4184, 344, 273284, 1452
330016, 2472, 10632, 992, 2576, 4184, 344, 273292, 1452
330016, 2468, 10620, 988, 2576, 4184, 344, 273312, 1452
330004, 2476, 10616, 988, 2572, 4184, 344, 273324, 1452
330004, 2472, 10620, 988, 2572, 4176, 344, 273332, 1452
330000, 2472, 10612, 984, 2576, 4172, 344, 273348, 1452
329992, 2476, 10600, 988, 2572, 4172, 344, 273364, 1452
329988, 2480, 10588, 984, 2568, 4176, 344, 273380, 1452
329988, 2468, 10592, 988, 2568, 4176, 344, 273384, 1452
329988, 2464, 10584, 984, 2572, 4176, 344, 273396, 1452
329984, 2468, 10580, 984, 2564, 4176, 344, 273408, 1452
329984, 2460, 10576, 988, 2564, 4176, 344, 273416, 1452
329984, 2452, 10572, 992, 2564, 4176, 344, 273424, 1452
329980, 2444, 10580, 992, 2560, 4176, 344, 273432, 1452
329968, 2448, 10584, 988, 2560, 4176, 344, 273440, 1452
329968, 2444, 10584, 988, 2560, 4172, 348, 273444, 1452
329968, 2436, 10572, 988, 2560, 4172, 348, 273464, 1452
329968, 2424, 10576, 988, 2556, 4172, 348, 273476, 1452
329968, 2424, 10560, 988, 2556, 4168, 348, 273496, 1452
329960, 2424, 10552, 988, 2548, 4172, 348, 273516, 1452
329960, 2412, 10548, 996, 2548, 4172, 348, 273524, 1452
329960, 2408, 10544, 996, 2548, 4172, 348, 273532, 1452
329952, 2412, 10532, 996, 2548, 4172, 348, 273548, 1452
329952, 2412, 10524, 992, 2552, 4172, 348, 273556, 1452
329948, 2412, 10516, 992, 2552, 4172, 348, 273568, 1452
329948, 2400, 10508, 996, 2548, 4168, 348, 273592, 1452
329948, 2392, 10492, 1004, 2540, 4164, 348, 273620, 1452
329948, 2372, 10500, 1000, 2544, 4164, 348, 273632, 1452
329936, 2376, 10508, 996, 2548, 4164, 348, 273632, 1452
329936, 2376, 10496, 996, 2548, 4164, 344, 273644, 1456
329920, 2380, 10484, 1000, 2548, 4164, 344, 273664, 1456
329912, 2388, 10468, 1000, 2548, 4164, 344, 273680, 1456
329896, 2396, 10464, 1004, 2544, 4164, 344, 273692, 1456
329876, 2416, 10448, 1004, 2540, 4164, 344, 273712, 1456
329872, 2416, 10440, 1004, 2544, 4164, 344, 273720, 1456
329872, 2416, 10424, 1004, 2540, 4164, 344, 273740, 1456
329864, 2420, 10416, 1004, 2540, 4164, 344, 273752, 1456
329852, 2424, 10416, 1004, 2536, 4164, 344, 273764, 1456
329836, 2420, 10416, 1016, 2540, 4160, 344, 273772, 1456
329832, 2416, 10412, 1020, 2540, 4156, 344, 273784, 1456
329820, 2412, 10424, 1024, 2540, 4156, 344, 273784, 1456
329816, 2400, 10420, 1028, 2536, 4152, 344, 273808, 1456
329800, 2416, 10412, 1028, 2536, 4152, 344, 273816, 1456
329792, 2424, 10412, 1028, 2536, 4152, 344, 273816, 1456
329776, 2436, 10412, 1028, 2532, 4152, 344, 273824, 1456
329760, 2440, 10416, 1028, 2528, 4148, 344, 273840, 1456
329752, 2432, 10432, 1028, 2524, 4148, 344, 273844, 1456
329740, 2444, 10428, 1028, 2520, 4148, 344, 273852, 1456
329732, 2448, 10408, 1032, 2520, 4148, 344, 273872, 1456
329716, 2460, 10388, 1024, 2528, 4148, 344, 273896, 1456
329708, 2460, 10384, 1024, 2528, 4148, 344, 273908, 1456
329700, 2468, 10376, 1024, 2516, 4140, 348, 273928, 1460
329696, 2472, 10356, 1024, 2512, 4132, 348, 273960, 1460
329684, 2472, 10360, 1028, 2512, 4132, 348, 273964, 1460
329672, 2480, 10360, 1032, 2512, 4136, 344, 273964, 1460
329664, 2484, 10360, 1032, 2504, 4136, 344, 273976, 1460
329660, 2488, 10352, 1028, 2508, 4136, 344, 273984, 1460
329660, 2484, 10348, 1028, 2508, 4136, 344, 273992, 1460
329652, 2484, 10332, 1032, 2508, 4136, 344, 274012, 1460
329640, 2492, 10324, 1028, 2504, 4140, 344, 274028, 1460
329640, 2480, 10324, 1028, 2508, 4140, 344, 274036, 1460
329624, 2488, 10324, 1032, 2504, 4140, 344, 274044, 1460
329624, 2488, 10312, 1032, 2500, 4144, 344, 274056, 1460
329616, 2488, 10312, 1032, 2500, 4140, 344, 274068, 1460
329596, 2504, 10304, 1032, 2496, 4140, 344, 274084, 1460
329588, 2504, 10304, 1036, 2496, 4136, 344, 274092, 1460
329576, 2512, 10300, 1036, 2496, 4128, 344, 274108, 1460
329572, 2512, 10296, 1036, 2492, 4132, 344, 274116, 1460
329564, 2516, 10284, 1036, 2488, 4132, 344, 274136, 1460
329552, 2516, 10288, 1036, 2488, 4132, 344, 274144, 1460
329548, 2508, 10300, 1036, 2488, 4124, 344, 274152, 1460
329544, 2508, 10300, 1036, 2488, 4124, 344, 274156, 1460
329536, 2512, 10300, 1040, 2488, 4124, 344, 274156, 1460
329520, 2524, 10296, 1040, 2480, 4132, 344, 274164, 1460
329516, 2516, 10308, 1040, 2476, 4132, 340, 274172, 1460
329496, 2532, 10304, 1040, 2480, 4132, 340, 274176, 1460
329492, 2532, 10280, 1040, 2480, 4132, 340, 274204, 1460
329476, 2540, 10284, 1040, 2468, 4132, 340, 274220, 1460
329468, 2540, 10288, 1044, 2468, 4132, 340, 274220, 1460
329464, 2536, 10284, 1036, 2476, 4132, 340, 274232, 1460
329460, 2536, 10280, 1036, 2476, 4128, 340, 274244, 1460
329456, 2528, 10284, 1040, 2476, 4128, 340, 274248, 1460
329452, 2528, 10276, 1040, 2476, 4128, 340, 274260, 1460
329448, 2532, 10260, 1040, 2476, 4128, 340, 274276, 1460
329444, 2528, 10264, 1044, 2472, 4128, 340, 274280, 1460
329440, 2532, 10264, 1044, 2468, 4132, 340, 274280, 1460
329436, 2532, 10260, 1048, 2464, 4132, 340, 274288, 1460
329424, 2544, 10256, 1048, 2464, 4132, 340, 274292, 1460
329420, 2548, 10240, 1044, 2460, 4124, 344, 274320, 1460
329416, 2552, 10240, 1044, 2460, 4124, 344, 274320, 1460
329412, 2552, 10232, 1048, 2452, 4124, 344, 274336, 1460
329412, 2540, 10232, 1052, 2452, 4124, 344, 274344, 1460
329412, 2532, 10236, 1052, 2452, 4124, 340, 274348, 1464
329404, 2532, 10232, 1056, 2452, 4120, 340, 274360, 1464
329400, 2524, 10244, 1048, 2460, 4120, 340, 274360, 1464
329400, 2516, 10240, 1056, 2460, 4116, 340, 274368, 1464
329396, 2512, 10232, 1060, 2460, 4112, 340, 274384, 1464
329392, 2512, 10216, 1060, 2452, 4116, 340, 274408, 1464
329392, 2508, 10220, 1060, 2452, 4116, 340, 274408, 1464
329388, 2508, 10220, 1060, 2452, 4116, 340, 274412, 1464
329388, 2508, 10208, 1060, 2452, 4116, 340, 274424, 1464
329384, 2508, 10212, 1056, 2456, 4116, 340, 274424, 1464
329380, 2508, 10188, 1052, 2460, 4116, 340, 274452, 1464
329380, 2504, 10184, 1052, 2452, 4120, 340, 274464, 1464
329368, 2512, 10172, 1052, 2448, 4116, 340, 274484, 1468
329364, 2508, 10172, 1056, 2448, 4112, 340, 274492, 1468
329364, 2508, 10172, 1056, 2448, 4112, 340, 274492, 1468
329364, 2496, 10176, 1056, 2448, 4112, 340, 274500, 1468
329364, 2492, 10172, 1056, 2448, 4112, 340, 274508, 1468
329360, 2488, 10168, 1060, 2448, 4108, 340, 274520, 1468
329356, 2484, 10172, 1060, 2448, 4108, 340, 274524, 1468
329352, 2476, 10168, 1060, 2440, 4112, 340, 274544, 1468
329348, 2472, 10172, 1064, 2440, 4112, 340, 274544, 1468
329340, 2480, 10172, 1064, 2440, 4112, 340, 274544, 1468
329340, 2472, 10168, 1068, 2436, 4112, 340, 274556, 1468
329336, 2476, 10160, 1060, 2444, 4112, 340, 274564, 1468
329332, 2476, 10148, 1060, 2440, 4108, 340, 274588, 1468
329324, 2472, 10156, 1060, 2436, 4108, 340, 274596, 1468
329324, 2468, 10152, 1060, 2436, 4108, 340, 274604, 1468
329324, 2460, 10144, 1064, 2432, 4108, 340, 274620, 1468
329324, 2460, 10140, 1052, 2440, 4104, 340, 274628, 1472
329324, 2448, 10136, 1052, 2444, 4104, 340, 274640, 1472
329320, 2452, 10124, 1044, 2452, 4104, 340, 274652, 1472
329308, 2456, 10124, 1044, 2440, 4112, 340, 274660, 1476
329308, 2456, 10120, 1044, 2440, 4108, 340, 274668, 1476
329308, 2448, 10116, 1040, 2440, 4108, 340, 274684, 1476
329304, 2448, 10120, 1040, 2440, 4108, 340, 274684, 1476
329300, 2448, 10112, 1040, 2440, 4108, 340, 274696, 1476
329296, 2444, 10104, 1040, 2436, 4108, 340, 274716, 1476
329284, 2444, 10096, 1040, 2436, 4108, 336, 274736, 1480
329276, 2452, 10092, 1036, 2436, 4108, 336, 274744, 1480
329272, 2440, 10100, 1036, 2440, 4108, 336, 274748, 1480
329268, 2440, 10088, 1040, 2436, 4104, 332, 274772, 1480
329264, 2440, 10092, 1036, 2436, 4108, 332, 274772, 1480
329264, 2432, 10100, 1032, 2440, 4104, 332, 274776, 1480
329264, 2416, 10100, 1036, 2440, 4104, 332, 274788, 1480
329260, 2420, 10100, 1036, 2440, 4104, 332, 274788, 1480
329260, 2412, 10092, 1032, 2444, 4100, 332, 274808, 1480
329256, 2404, 10092, 1028, 2448, 4100, 332, 274820, 1480
329248, 2408, 10088, 1032, 2448, 4104, 328, 274824, 1480
329244, 2412, 10064, 1028, 2448, 4108, 328, 274848, 1480
329240, 2416, 10056, 1028, 2444, 4108, 328, 274860, 1480
329236, 2408, 10060, 1032, 2440, 4104, 328, 274872, 1480
329236, 2408, 10056, 1032, 2436, 4104, 328, 274880, 1480
329236, 2408, 10052, 1032, 2436, 4096, 328, 274892, 1480
329232, 2412, 10044, 1032, 2428, 4092, 328, 274912, 1480
329220, 2420, 10040, 1032, 2428, 4092, 328, 274920, 1480
329216, 2424, 10036, 1032, 2424, 4096, 328, 274924, 1480
329216, 2416, 10036, 1032, 2420, 4100, 328, 274932, 1480
329212, 2416, 10020, 1032, 2420, 4100, 328, 274952, 1480
329208, 2412, 10028, 1024, 2420, 4100, 328, 274960, 1480
329208, 2404, 10032, 1024, 2416, 4096, 328, 274972, 1480
329200, 2408, 10020, 1024, 2412, 4092, 328, 274996, 1480
329188, 2408, 10020, 1028, 2408, 4088, 328, 275008, 1484
329188, 2400, 10028, 1028, 2404, 4092, 324, 275008, 1488
329184, 2404, 10008, 1028, 2404, 4084, 324, 275036, 1488
329184, 2392, 9996, 1032, 2400, 4076, 324, 275068, 1488
329184, 2388, 9988, 1032, 2396, 4072, 324, 275088, 1488
329176, 2376, 10000, 1036, 2396, 4072, 324, 275092, 1488
329176, 2368, 9992, 1040, 2392, 4076, 320, 275108, 1488
329172, 2372, 9984, 1040, 2392, 4072, 320, 275120, 1488
329172, 2360, 9984, 1036, 2396, 4072, 320, 275132, 1488
329172, 2352, 9980, 1040, 2396, 4076, 316, 275140, 1488
329172, 2340, 9988, 1040, 2388, 4076, 316, 275152, 1488
329172, 2328, 9992, 1040, 2384, 4068, 316, 275172, 1488
329172, 2324, 9988, 1040, 2380, 4068, 316, 275184, 1488
329172, 2312, 9984, 1036, 2384, 4068, 316, 275200, 1488
329168, 2308, 9992, 1036, 2384, 4068, 316, 275200, 1488
329164, 2300, 9996, 1044, 2384, 4068, 316, 275200, 1488
329156, 2300, 9992, 1044, 2384, 4068, 316, 275212, 1488
329156, 2296, 9984, 1044, 2380, 4072, 316, 275224, 1488
329156, 2288, 9976, 1044, 2380, 4072, 316, 275240, 1488
329156, 2284, 9968, 1044, 2376, 4072, 316, 275256, 1488
329152, 2284, 9948, 1040, 2380, 4072, 316, 275280, 1488
329152, 2284, 9940, 1040, 2372, 4072, 316, 275296, 1488
329152, 2284, 9928, 1040, 2368, 4076, 316, 275308, 1488
329152, 2284, 9920, 1040, 2364, 4080, 316, 275316, 1488
329148, 2284, 9916, 1040, 2360, 4080, 316, 275328, 1488
329144, 2280, 9916, 1036, 2364, 4080, 316, 275336, 1488
329136, 2284, 9920, 1036, 2364, 4076, 316, 275340, 1488
329132, 2280, 9912, 1040, 2356, 4076, 316, 275360, 1488
329128, 2276, 9912, 1040, 2360, 4076, 316, 275364, 1488
329124, 2272, 9912, 1040, 2360, 4076, 316, 275372, 1488
329120, 2272, 9904, 1040, 2360, 4076, 316, 275384, 1488
329116, 2272, 9900, 1040, 2356, 4076, 316, 275396, 1488
329116, 2268, 9896, 1040, 2356, 4076, 316, 275404, 1488
329116, 2260, 9892, 1040, 2352, 4076, 316, 275420, 1488
329112, 2256, 9892, 1040, 2352, 4080, 312, 275428, 1488
329112, 2256, 9888, 1040, 2352, 4080, 312, 275432, 1488
329112, 2252, 9892, 1040, 2352, 4080, 312, 275432, 1488
329112, 2248, 9892, 1040, 2352, 4076, 312, 275440, 1488
329104, 2252, 9888, 1036, 2352, 4080, 312, 275448, 1488
329096, 2256, 9884, 1032, 2356, 4084, 312, 275452, 1488
329096, 2244, 9876, 1040, 2348, 4092, 308, 275468, 1488
329092, 2248, 9864, 1036, 2352, 4092, 308, 275480, 1488
329088, 2244, 9852, 1036, 2352, 4092, 308, 275500, 1488
329088, 2240, 9852, 1036, 2348, 4092, 308, 275508, 1488
329088, 2232, 9852, 1036, 2348, 4092, 308, 275516, 1488
329088, 2228, 9856, 1032, 2352, 4088, 308, 275520, 1488
329088, 2224, 9860, 1032, 2352, 4088, 308, 275520, 1488
329088, 2224, 9860, 1032, 2352, 4088, 308, 275520, 1488
329080, 2228, 9852, 1032, 2352, 4084, 308, 275536, 1488
329080, 2216, 9852, 1032, 2344, 4084, 308, 275556, 1488
329072, 2216, 9856, 1032, 2344, 4084, 308, 275560, 1488
329072, 2216, 9852, 1028, 2344, 4084, 308, 275568, 1488
329072, 2212, 9848, 1028, 2340, 4084, 308, 275580, 1488
329072, 2212, 9844, 1024, 2336, 4084, 308, 275592, 1488
329068, 2212, 9848, 1024, 2336, 4084, 308, 275592, 1488
329056, 2216, 9844, 1024, 2336, 4084, 308, 275604, 1488
329056, 2208, 9840, 1028, 2336, 4084, 308, 275612, 1488
329056, 2200, 9848, 1024, 2340, 4084, 308, 275612, 1488
329040, 2216, 9832, 1024, 2336, 4084, 308, 275632, 1488
329040, 2200, 9828, 1024, 2336, 4084, 308, 275652, 1488
329032, 2192, 9836, 1024, 2336, 4084, 308, 275660, 1488
329028, 2188, 9836, 1024, 2336, 4080, 308, 275668, 1492
329028, 2184, 9828, 1024, 2332, 4076, 304, 275688, 1496
329024, 2184, 9824, 1024, 2332, 4076, 300, 275700, 1496
329020, 2180, 9824, 1024, 2328, 4076, 300, 275712, 1496
329020, 2180, 9820, 1024, 2328, 4076, 300, 275716, 1496
329020, 2168, 9828, 1024, 2332, 4076, 300, 275716, 1496
329012, 2172, 9816, 1020, 2336, 4076, 300, 275732, 1496
329004, 2164, 9820, 1028, 2332, 4072, 300, 275744, 1496
329000, 2164, 9820, 1024, 2336, 4072, 300, 275748, 1496
328996, 2164, 9812, 1024, 2332, 4076, 300, 275760, 1496
328992, 2160, 9816, 1020, 2336, 4076, 300, 275764, 1496
328984, 2168, 9808, 1020, 2336, 4076, 300, 275772, 1496
328976, 2172, 9804, 1020, 2336, 4072, 304, 275780, 1496
328972, 2172, 9804, 1020, 2336, 4072, 304, 275784, 1496
328968, 2168, 9804, 1024, 2332, 4072, 304, 275792, 1496
328964, 2168, 9804, 1024, 2332, 4072, 304, 275796, 1496
328964, 2164, 9800, 1020, 2332, 4076, 300, 275808, 1496
328964, 2156, 9800, 1016, 2336, 4076, 300, 275816, 1496
328964, 2152, 9800, 1020, 2328, 4076, 300, 275824, 1496
328964, 2144, 9796, 1024, 2328, 4068, 304, 275836, 1496
328964, 2140, 9792, 1028, 2328, 4068, 304, 275840, 1496
328960, 2132, 9800, 1028, 2328, 4068, 304, 275844, 1496
328956, 2136, 9792, 1028, 2328, 4068, 304, 275852, 1496
328952, 2136, 9784, 1024, 2332, 4060, 308, 275868, 1496
328952, 2136, 9784, 1024, 2332, 4060, 308, 275868, 1496
328948, 2136, 9780, 1020, 2332, 4064, 308, 275876, 1496
328940, 2136, 9780, 1016, 2332, 4064, 308, 275888, 1496
328940, 2136, 9772, 1016, 2332, 4056, 308, 275904, 1496
328940, 2128, 9760, 1020, 2332, 4056, 304, 275920, 1500
328940, 2120, 9764, 1016, 2336, 4056, 304, 275924, 1500
328936, 2112, 9764, 1020, 2332, 4056, 304, 275936, 1500
328936, 2104, 9764, 1016, 2340, 4056, 304, 275940, 1500
328936, 2104, 9752, 1012, 2336, 4056, 304, 275960, 1500
328936, 2100, 9740, 1012, 2336, 4056, 304, 275976, 1500
328936, 2100, 9736, 1012, 2336, 4052, 304, 275984, 1500
328932, 2104, 9724, 1012, 2336, 4052, 304, 275996, 1500
328932, 2096, 9716, 1012, 2340, 4048, 304, 276012, 1500
328924, 2096, 9720, 1012, 2340, 4048, 304, 276016, 1500
328920, 2100, 9712, 1008, 2336, 4052, 304, 276028, 1500
328916, 2100, 9704, 1008, 2336, 4052, 304, 276040, 1500
328908, 2104, 9708, 1004, 2336, 4052, 304, 276044, 1500
328904, 2108, 9704, 1004, 2336, 4052, 304, 276048, 1500
328896, 2112, 9696, 1000, 2340, 4052, 304, 276060, 1500
328896, 2108, 9692, 996, 2344, 4052, 304, 276068, 1500
328896, 2108, 9684, 992, 2348, 4048, 304, 276080, 1500
328892, 2112, 9676, 992, 2344, 4048, 304, 276092, 1500
328888, 2112, 9672, 984, 2352, 4048, 304, 276100, 1500
328884, 2112, 9660, 988, 2352, 4040, 304, 276116, 1504
328880, 2096, 9672, 984, 2356, 4044, 304, 276120, 1504
328876, 2100, 9668, 984, 2356, 4040, 304, 276128, 1504
328876, 2100, 9660, 984, 2356, 4040, 304, 276136, 1504
328872, 2096, 9656, 988, 2348, 4044, 304, 276148, 1504
328868, 2096, 9644, 992, 2348, 4044, 304, 276160, 1504
328864, 2092, 9636, 996, 2344, 4040, 304, 276176, 1508
328864, 2092, 9628, 996, 2340, 4036, 304, 276192, 1508
328860, 2092, 9632, 996, 2336, 4040, 304, 276192, 1508
328860, 2092, 9624, 996, 2328, 4044, 304, 276204, 1508
328860, 2084, 9632, 996, 2328, 4044, 304, 276204, 1508
328860, 2076, 9616, 996, 2320, 4044, 304, 276236, 1508
328848, 2080, 9608, 992, 2324, 4044, 304, 276252, 1508
328848, 2076, 9608, 988, 2328, 4044, 304, 276256, 1508
328848, 2068, 9596, 992, 2332, 4040, 308, 276268, 1508
328844, 2064, 9600, 984, 2336, 4044, 308, 276272, 1508
328844, 2044, 9612, 984, 2340, 4040, 308, 276276, 1512
328840, 2036, 9616, 984, 2332, 4040, 304, 276296, 1512
328840, 2032, 9620, 984, 2332, 4040, 304, 276296, 1512
328840, 2024, 9624, 980, 2336, 4040, 304, 276300, 1512
328840, 2020, 9628, 976, 2340, 4040, 304, 276300, 1512
328840, 2020, 9616, 976, 2332, 4044, 304, 276316, 1512
328832, 2020, 9624, 968, 2340, 4044, 304, 276316, 1512
328832, 2020, 9620, 968, 2336, 4040, 304, 276328, 1512
328832, 2020, 9600, 968, 2336, 4040, 304, 276348, 1512
328824, 2008, 9608, 972, 2336, 4040, 304, 276356, 1512
328820, 2008, 9592, 976, 2332, 4044, 304, 276372, 1512
328820, 2008, 9592, 972, 2336, 4036, 304, 276380, 1512
328816, 2000, 9592, 972, 2340, 4036, 304, 276388, 1512
328812, 2000, 9592, 972, 2336, 4032, 304, 276400, 1512
328812, 1996, 9580, 972, 2336, 4032, 304, 276416, 1512
328812, 1976, 9576, 980, 2332, 4032, 304, 276436, 1512
328812, 1972, 9580, 980, 2328, 4032, 304, 276440, 1512
328812, 1964, 9588, 976, 2332, 4032, 304, 276440, 1512
328812, 1956, 9584, 976, 2332, 4032, 304, 276452, 1512
328812, 1952, 9576, 976, 2328, 4028, 304, 276472, 1512
328812, 1940, 9576, 972, 2328, 4024, 304, 276492, 1512
328812, 1932, 9580, 972, 2328, 4020, 304, 276500, 1512
328808, 1932, 9580, 972, 2332, 4016, 304, 276504, 1512
328800, 1936, 9564, 964, 2340, 4020, 300, 276524, 1512
328796, 1932, 9568, 968, 2340, 4020, 300, 276524, 1512
328788, 1924, 9568, 972, 2344, 4020, 300, 276532, 1512
328784, 1916, 9576, 972, 2344, 4020, 300, 276536, 1512
328772, 1912, 9580, 972, 2344, 4016, 300, 276552, 1512
328772, 1912, 9568, 968, 2348, 4012, 300, 276568, 1512
328772, 1908, 9560, 968, 2352, 4012, 300, 276576, 1512
328768, 1912, 9552, 968, 2352, 4012, 300, 276584, 1512
328768, 1912, 9536, 964, 2344, 4016, 300, 276608, 1512
328760, 1916, 9532, 964, 2344, 4016, 300, 276616, 1512
328760, 1912, 9528, 960, 2344, 4016, 300, 276628, 1512
328760, 1912, 9524, 956, 2344, 4016, 300, 276636, 1512
328756, 1916, 9516, 952, 2344, 4012, 300, 276652, 1512
328756, 1908, 9512, 948, 2340, 4016, 300, 276668, 1512
328752, 1908, 9504, 948, 2336, 4012, 300, 276688, 1512
328748, 1900, 9508, 948, 2332, 4012, 300, 276700, 1512
328748, 1900, 9508, 948, 2332, 4012, 300, 276700, 1512
328748, 1900, 9504, 948, 2332, 4012, 300, 276704, 1512
328744, 1904, 9500, 948, 2332, 4012, 300, 276708, 1512
328740, 1900, 9500, 944, 2336, 4012, 300, 276716, 1512
328736, 1900, 9496, 940, 2340, 4004, 300, 276732, 1512
328728, 1908, 9480, 940, 2336, 4004, 300, 276752, 1512
328728, 1900, 9480, 944, 2332, 4000, 300, 276764, 1512
328728, 1896, 9472, 944, 2332, 3996, 300, 276780, 1512
328728, 1896, 9464, 944, 2332, 3996, 300, 276788, 1512
328728, 1896, 9456, 940, 2336, 3988, 300, 276800, 1516
328728, 1892, 9452, 940, 2336, 3988, 300, 276808, 1516
328728, 1884, 9448, 940, 2336, 3988, 300, 276820, 1516
328724, 1884, 9444, 940, 2340, 3988, 296, 276824, 1520
328716, 1888, 9444, 940, 2340, 3988, 296, 276828, 1520
328716, 1888, 9436, 928, 2352, 3988, 296, 276836, 1520
328716, 1884, 9420, 932, 2352, 3988, 296, 276852, 1520
328716, 1872, 9416, 936, 2348, 3992, 296, 276864, 1520
328716, 1864, 9416, 928, 2356, 3992, 292, 276872, 1524
328712, 1860, 9416, 928, 2352, 3988, 292, 276888, 1524
328712, 1852, 9420, 928, 2352, 3988, 292, 276892, 1524
328712, 1852, 9420, 924, 2352, 3988, 292, 276896, 1524
328712, 1852, 9404, 920, 2352, 3988, 296, 276912, 1524
328708, 1840, 9408, 924, 2348, 3988, 296, 276924, 1524
328704, 1828, 9400, 920, 2348, 3988, 296, 276952, 1524
328704, 1824, 9396, 924, 2348, 3984, 296, 276960, 1524
328696, 1832, 9384, 924, 2348, 3984, 296, 276972, 1524
328688, 1832, 9380, 924, 2340, 3980, 296, 276996, 1524
328688, 1832, 9372, 920, 2340, 3980, 296, 277008, 1524
328688, 1832, 9364, 920, 2336, 3976, 296, 277024, 1524
328680, 1828, 9364, 924, 2332, 3976, 296, 277036, 1524
328680, 1824, 9360, 920, 2332, 3980, 296, 277044, 1524
328680, 1816, 9356, 928, 2332, 3980, 296, 277048, 1524
328680, 1808, 9352, 928, 2332, 3980, 296, 277060, 1524
328676, 1804, 9344, 932, 2328, 3976, 296, 277080, 1524
328676, 1800, 9336, 936, 2328, 3972, 296, 277092, 1524
328672, 1796, 9340, 936, 2328, 3972, 296, 277096, 1524
328664, 1800, 9340, 936, 2328, 3972, 296, 277100, 1524
328656, 1800, 9336, 936, 2328, 3972, 296, 277112, 1524
328652, 1788, 9344, 940, 2328, 3968, 296, 277120, 1524
328652, 1780, 9348, 940, 2324, 3964, 296, 277132, 1524
328640, 1780, 9356, 940, 2324, 3964, 296, 277136, 1524
328632, 1780, 9356, 940, 2320, 3960, 296, 277152, 1524
328628, 1780, 9348, 944, 2316, 3964, 296, 277160, 1524
328624, 1784, 9344, 944, 2312, 3964, 296, 277168, 1524
328624, 1780, 9332, 948, 2312, 3960, 296, 277184, 1524
328620, 1772, 9332, 956, 2304, 3964, 296, 277192, 1524
328616, 1776, 9324, 956, 2296, 3956, 296, 277216, 1524
328612, 1780, 9316, 956, 2292, 3952, 296, 277232, 1524
328608, 1776, 9316, 956, 2296, 3948, 296, 277240, 1524
328608, 1768, 9304, 952, 2300, 3948, 296, 277260, 1524
328608, 1768, 9292, 952, 2296, 3948, 296, 277276, 1524
328608, 1756, 9292, 948, 2296, 3948, 296, 277292, 1524
328608, 1748, 9296, 948, 2296, 3952, 296, 277292, 1524
328604, 1752, 9296, 948, 2296, 3952, 296, 277292, 1524
328600, 1748, 9296, 948, 2296, 3952, 296, 277300, 1524
328600, 1744, 9292, 948, 2292, 3952, 296, 277312, 1524
328600, 1744, 9288, 944, 2296, 3952, 296, 277316, 1524
328600, 1740, 9292, 944, 2292, 3956, 296, 277316, 1524
328592, 1748, 9284, 940, 2292, 3952, 296, 277332, 1524
328592, 1736, 9292, 936, 2296, 3952, 296, 277336, 1524
328588, 1740, 9276, 936, 2296, 3952, 296, 277352, 1524
328584, 1736, 9272, 936, 2292, 3952, 296, 277368, 1524
328584, 1736, 9260, 932, 2292, 3948, 296, 277388, 1524
328580, 1740, 9248, 932, 2288, 3944, 296, 277408, 1524
328580, 1736, 9244, 932, 2284, 3940, 296, 277424, 1524
328580, 1732, 9240, 932, 2280, 3940, 296, 277436, 1524
328580, 1724, 9240, 936, 2280, 3936, 296, 277444, 1524
328580, 1712, 9236, 936, 2284, 3936, 296, 277456, 1524
328576, 1716, 9236, 932, 2284, 3936, 296, 277460, 1524
328576, 1716, 9236, 932, 2284, 3936, 296, 277460, 1524
328576, 1712, 9232, 932, 2284, 3936, 296, 277468, 1524
328576, 1712, 9220, 932, 2284, 3932, 296, 277484, 1524
328572, 1712, 9220, 936, 2280, 3936, 296, 277484, 1524
328572, 1712, 9208, 936, 2280, 3936, 296, 277496, 1524
328572, 1708, 9188, 936, 2272, 3936, 296, 277524, 1528
328568, 1704, 9196, 932, 2276, 3936, 296, 277524, 1528
328568, 1704, 9192, 932, 2272, 3940, 296, 277528, 1528
328556, 1700, 9200, 928, 2272, 3940, 296, 277540, 1528
328548, 1704, 9196, 932, 2272, 3940, 296, 277544, 1528
328548, 1696, 9200, 928, 2276, 3936, 296, 277552, 1528
328536, 1700, 9192, 932, 2276, 3936, 296, 277564, 1528
328536, 1700, 9188, 932, 2276, 3932, 296, 277572, 1528
328536, 1692, 9184, 932, 2272, 3932, 296, 277588, 1528
328536, 1684, 9184, 932, 2272, 3932, 296, 277596, 1528
328536, 1684, 9176, 932, 2272, 3928, 296, 277608, 1528
328536, 1680, 9176, 928, 2276, 3924, 300, 277612, 1528
328532, 1676, 9176, 932, 2276, 3924, 300, 277616, 1528
328528, 1672, 9172, 932, 2276, 3924, 300, 277628, 1528
328528, 1664, 9176, 920, 2284, 3920, 300, 277636, 1532
328516, 1672, 9172, 924, 2272, 3920, 300, 277652, 1532
328516, 1668, 9176, 924, 2272, 3920, 300, 277652, 1532
328516, 1664, 9176, 928, 2272, 3920, 300, 277652, 1532
328512, 1664, 9172, 920, 2280, 3916, 300, 277664, 1532
328512, 1656, 9172, 920, 2280, 3916, 300, 277672, 1532
328512, 1656, 9172, 920, 2280, 3916, 300, 277672, 1532
328508, 1656, 9168, 924, 2280, 3916, 300, 277676, 1532
328508, 1656, 9168, 920, 2276, 3916, 300, 277684, 1532
328504, 1648, 9164, 924, 2272, 3920, 300, 277696, 1532
328504, 1648, 9156, 920, 2276, 3916, 300, 277708, 1532
328500, 1648, 9160, 916, 2280, 3912, 300, 277712, 1532
328496, 1652, 9156, 916, 2272, 3912, 300, 277724, 1532
328484, 1664, 9148, 912, 2268, 3912, 300, 277740, 1532
328480, 1668, 9148, 908, 2272, 3912, 300, 277740, 1532
328480, 1664, 9144, 904, 2276, 3912, 300, 277748, 1532
328480, 1664, 9128, 904, 2276, 3908, 300, 277768, 1532
328480, 1660, 9120, 908, 2276, 3904, 300, 277780, 1532
328480, 1656, 9116, 904, 2280, 3904, 300, 277788, 1532
328476, 1656, 9112, 904, 2272, 3904, 300, 277804, 1532
328472, 1640, 9120, 908, 2268, 3908, 300, 277812, 1532
328468, 1644, 9120, 908, 2268, 3908, 300, 277812, 1532
328468, 1644, 9116, 904, 2272, 3904, 300, 277820, 1532
328468, 1644, 9112, 900, 2276, 3904, 300, 277824, 1532
328460, 1644, 9112, 892, 2284, 3904, 300, 277832, 1532
328460, 1640, 9116, 888, 2288, 3904, 300, 277832, 1532
328460, 1636, 9108, 892, 2284, 3904, 300, 277844, 1532
328452, 1640, 9104, 896, 2284, 3900, 300, 277852, 1532
328448, 1640, 9104, 900, 2280, 3896, 304, 277856, 1532
328448, 1632, 9108, 904, 2280, 3892, 304, 277860, 1532
328444, 1632, 9100, 900, 2280, 3888, 304, 277876, 1536
328440, 1624, 9108, 900, 2280, 3888, 304, 277880, 1536
328432, 1624, 9108, 900, 2280, 3888, 304, 277888, 1536
328428, 1620, 9112, 900, 2280, 3888, 304, 277892, 1536
328424, 1620, 9096, 900, 2280, 3888, 304, 277912, 1536
328420, 1620, 9088, 896, 2276, 3888, 304, 277928, 1540
328420, 1620, 9088, 896, 2268, 3896, 304, 277928, 1540
328420, 1620, 9084, 896, 2268, 3896, 304, 277932, 1540
328420, 1616, 9076, 896, 2268, 3896, 304, 277944, 1540
328416, 1616, 9076, 896, 2268, 3896, 304, 277948, 1540
328416, 1616, 9076, 892, 2272, 3896, 304, 277948, 1540
328412, 1620, 9076, 892, 2272, 3896, 304, 277948, 1540
328408, 1624, 9076, 892, 2272, 3896, 304, 277948, 1540
328404, 1628, 9072, 888, 2272, 3888, 304, 277964, 1540
328400, 1624, 9068, 888, 2272, 3888, 304, 277976, 1540
328396, 1620, 9060, 892, 2268, 3888, 304, 277992, 1540
328388, 1628, 9048, 892, 2264, 3884, 304, 278012, 1540
328388, 1616, 9056, 896, 2256, 3888, 304, 278016, 1540
328384, 1616, 9056, 896, 2252, 3884, 304, 278028, 1540
328384, 1612, 9060, 896, 2248, 3884, 304, 278032, 1540
328380, 1608, 9060, 900, 2248, 3884, 304, 278036, 1540
328380, 1604, 9052, 904, 2240, 3888, 304, 278048, 1540
328380, 1592, 9052, 896, 2244, 3888, 304, 278064, 1540
328380, 1584, 9056, 896, 2240, 3884, 308, 278072, 1540
328380, 1580, 9060, 896, 2236, 3884, 308, 278076, 1540
328380, 1580, 9056, 896, 2236, 3884, 308, 278080, 1540
328380, 1580, 9048, 896, 2236, 3884, 308, 278088, 1540
328376, 1584, 9044, 888, 2244, 3884, 304, 278092, 1544
328376, 1584, 9028, 888, 2240, 3884, 304, 278112, 1544
328364, 1592, 9020, 884, 2244, 3880, 304, 278128, 1544
328360, 1588, 9024, 880, 2248, 3880, 304, 278132, 1544
328360, 1580, 9024, 876, 2256, 3880, 304, 278136, 1544
328352, 1588, 9016, 872, 2252, 3880, 304, 278152, 1544
328352, 1584, 9020, 868, 2248, 3876, 304, 278164, 1544
328348, 1584, 9020, 868, 2248, 3872, 304, 278172, 1544
328344, 1588, 9016, 868, 2240, 3872, 304, 278184, 1544
328344, 1584, 9012, 868, 2232, 3876, 304, 278192, 1548
328332, 1588, 9008, 872, 2232, 3872, 304, 278200, 1552
328316, 1600, 9012, 868, 2236, 3872, 304, 278200, 1552
328312, 1600, 9012, 868, 2236, 3872, 304, 278204, 1552
328300, 1608, 9016, 864, 2240, 3872, 304, 278204, 1552
328296, 1612, 9008, 864, 2236, 3868, 304, 278220, 1552
328288, 1620, 9004, 864, 2236, 3872, 300, 278224, 1552
328268, 1640, 9000, 864, 2232, 3872, 300, 278232, 1552
328256, 1648, 8988, 864, 2228, 3872, 300, 278252, 1552
328236, 1664, 8992, 864, 2224, 3872, 300, 278256, 1552
328228, 1672, 8984, 864, 2220, 3872, 300, 278268, 1552
328208, 1676, 8984, 876, 2220, 3872, 300, 278272, 1552
328184, 1688, 8988, 880, 2216, 3872, 296, 278280, 1556
328180, 1680, 9000, 880, 2216, 3872, 296, 278280, 1556
328180, 1672, 9004, 880, 2216, 3864, 296, 278292, 1556
328168, 1684, 9000, 880, 2216, 3860, 296, 278300, 1556
328132, 1712, 9004, 884, 2208, 3856, 296, 278312, 1556
328124, 1720, 8996, 880, 2212, 3852, 296, 278324, 1556
328120, 1716, 9000, 880, 2208, 3856, 296, 278328, 1556
328104, 1732, 8988, 880, 2200, 3848, 296, 278356, 1556
328096, 1740, 8984, 880, 2200, 3844, 296, 278364, 1556
328092, 1744, 8972, 876, 2200, 3844, 296, 278380, 1556
328092, 1744, 8964, 872, 2196, 3844, 296, 278396, 1556
328088, 1748, 8960, 868, 2192, 3840, 296, 278412, 1556
328064, 1768, 8944, 864, 2196, 3840, 296, 278432, 1556
328056, 1776, 8928, 864, 2196, 3840, 296, 278448, 1556
328040, 1788, 8924, 860, 2200, 3840, 296, 278456, 1556
328020, 1808, 8924, 856, 2204, 3840, 296, 278456, 1556
328012, 1812, 8920, 856, 2200, 3840, 292, 278468, 1560
328008, 1816, 8912, 856, 2196, 3836, 292, 278484, 1560
327988, 1832, 8912, 852, 2200, 3836, 292, 278488, 1560
327976, 1828, 8924, 852, 2200, 3836, 292, 278492, 1560
327968, 1828, 8924, 856, 2196, 3836, 292, 278496, 1564
327964, 1832, 8916, 856, 2196, 3836, 292, 278504, 1564
327960, 1828, 8920, 856, 2192, 3832, 292, 278516, 1564
327948, 1840, 8912, 856, 2188, 3832, 292, 278528, 1564
327928, 1856, 8916, 852, 2188, 3828, 292, 278536, 1564
327924, 1844, 8912, 856, 2188, 3824, 292, 278556, 1564
327920, 1844, 8912, 856, 2184, 3824, 292, 278564, 1564
327916, 1844, 8912, 856, 2184, 3824, 292, 278568, 1564
327904, 1852, 8912, 856, 2180, 3824, 292, 278576, 1564
327888, 1860, 8916, 860, 2180, 3824, 292, 278576, 1564
327888, 1852, 8912, 860, 2180, 3824, 292, 278588, 1564
327876, 1852, 8900, 864, 2180, 3824, 292, 278608, 1564
327860, 1860, 8904, 864, 2180, 3824, 292, 278612, 1564
327860, 1856, 8900, 864, 2176, 3816, 292, 278632, 1564
327860, 1844, 8904, 864, 2172, 3812, 292, 278640, 1572
327852, 1848, 8900, 864, 2172, 3816, 288, 278648, 1572
327844, 1852, 8896, 856, 2172, 3816, 288, 278664, 1572
327844, 1852, 8888, 856, 2168, 3812, 288, 278680, 1572
327836, 1860, 8876, 856, 2164, 3812, 288, 278696, 1572
327836, 1856, 8872, 860, 2164, 3812, 288, 278700, 1572
327836, 1848, 8872, 860, 2164, 3812, 288, 278708, 1572
327836, 1848, 8868, 860, 2152, 3816, 288, 278720, 1572
327836, 1844, 8852, 860, 2152, 3812, 288, 278744, 1572
327836, 1844, 8848, 856, 2156, 3812, 288, 278748, 1572
327836, 1836, 8848, 864, 2156, 3812, 288, 278748, 1572
327836, 1824, 8848, 864, 2156, 3808, 288, 278764, 1572
327832, 1820, 8844, 856, 2164, 3804, 288, 278780, 1572
327832, 1816, 8844, 856, 2164, 3800, 292, 278784, 1572
327832, 1804, 8844, 860, 2164, 3796, 292, 278796, 1572
327828, 1808, 8836, 860, 2164, 3792, 292, 278808, 1572
327828, 1804, 8832, 860, 2160, 3792, 292, 278820, 1572
327828, 1800, 8816, 860, 2160, 3796, 288, 278840, 1572
327824, 1804, 8812, 856, 2164, 3796, 288, 278844, 1572
327820, 1804, 8804, 856, 2168, 3792, 288, 278856, 1572
327820, 1796, 8808, 860, 2168, 3788, 288, 278860, 1572
327816, 1792, 8800, 860, 2164, 3788, 288, 278880, 1572
327812, 1792, 8792, 856, 2164, 3788, 288, 278896, 1572
327808, 1796, 8788, 856, 2160, 3792, 288, 278900, 1572
327804, 1792, 8792, 856, 2160, 3792, 288, 278904, 1572
327804, 1792, 8788, 856, 2156, 3792, 288, 278912, 1572
327792, 1792, 8792, 852, 2156, 3792, 288, 278924, 1572
327788, 1792, 8788, 852, 2152, 3796, 288, 278932, 1572
327788, 1788, 8780, 852, 2144, 3792, 288, 278956, 1572
327788, 1780, 8776, 856, 2144, 3792, 288, 278964, 1572
327784, 1784, 8768, 856, 2144, 3792, 288, 278972, 1572
327784, 1780, 8768, 856, 2140, 3792, 288, 278976, 1576
327780, 1784, 8764, 856, 2136, 3792, 288, 278984, 1576
327776, 1788, 8756, 856, 2136, 3792, 288, 278992, 1576
327768, 1792, 8752, 852, 2140, 3788, 288, 279000, 1580
327760, 1792, 8748, 852, 2140, 3788, 288, 279012, 1580
327760, 1788, 8748, 848, 2140, 3792, 288, 279016, 1580
327760, 1788, 8748, 844, 2140, 3788, 288, 279024, 1580
327756, 1788, 8744, 848, 2140, 3788, 288, 279028, 1580
327756, 1784, 8740, 848, 2140, 3784, 288, 279040, 1580
327752, 1788, 8736, 848, 2140, 3784, 288, 279044, 1580
327752, 1780, 8740, 848, 2140, 3784, 288, 279048, 1580
327744, 1780, 8736, 852, 2140, 3780, 288, 279060, 1580
327740, 1784, 8728, 852, 2136, 3784, 284, 279072, 1580
327736, 1784, 8716, 856, 2132, 3784, 284, 279088, 1580
327736, 1776, 8720, 856, 2128, 3788, 280, 279092, 1584
327728, 1780, 8716, 852, 2132, 3788, 280, 279100, 1584
327728, 1780, 8712, 852, 2124, 3792, 280, 279108, 1584
327724, 1780, 8704, 852, 2128, 3792, 280, 279116, 1584
327720, 1772, 8716, 848, 2124, 3792, 280, 279124, 1584
327720, 1768, 8704, 852, 2124, 3792, 276, 279136, 1588
327720, 1768, 8692, 852, 2116, 3780, 280, 279164, 1588
327720, 1764, 8684, 856, 2112, 3784, 280, 279172, 1588
327712, 1764, 8684, 856, 2112, 3784, 280, 279180, 1588
327708, 1760, 8680, 856, 2112, 3784, 280, 279192, 1588
327708, 1752, 8684, 860, 2112, 3784, 276, 279192, 1592
327704, 1752, 8684, 860, 2112, 3776, 280, 279200, 1592
327704, 1748, 8688, 860, 2108, 3780, 280, 279200, 1592
327704, 1732, 8696, 860, 2108, 3780, 280, 279208, 1592
327704, 1732, 8680, 860, 2108, 3780, 280, 279224, 1592
327696, 1736, 8676, 860, 2108, 3780, 280, 279232, 1592
327696, 1732, 8672, 864, 2108, 3780, 280, 279236, 1592
327696, 1724, 8680, 864, 2104, 3780, 280, 279240, 1592
327696, 1716, 8676, 864, 2104, 3776, 280, 279256, 1592
327696, 1700, 8672, 872, 2104, 3776, 280, 279268, 1592
327692, 1692, 8676, 872, 2108, 3776, 280, 279272, 1592
327692, 1688, 8664, 872, 2096, 3772, 280, 279304, 1592
327688, 1692, 8656, 868, 2100, 3772, 280, 279312, 1592
327684, 1688, 8660, 868, 2092, 3768, 280, 279328, 1592
327676, 1688, 8664, 868, 2092, 3768, 280, 279332, 1592
327676, 1680, 8660, 868, 2084, 3768, 280, 279352, 1592
327668, 1688, 8656, 864, 2084, 3768, 280, 279360, 1592
327664, 1692, 8656, 864, 2084, 3764, 280, 279364, 1592
327660, 1684, 8664, 860, 2088, 3764, 280, 279368, 1592
327656, 1688, 8652, 860, 2088, 3760, 280, 279384, 1592
327656, 1688, 8648, 860, 2088, 3760, 280, 279388, 1592
327648, 1692, 8652, 856, 2088, 3760, 280, 279392, 1592
327648, 1692, 8628, 852, 2084, 3760, 280, 279424, 1592
327648, 1692, 8620, 852, 2084, 3760, 280, 279432, 1592
327648, 1684, 8616, 856, 2084, 3760, 280, 279440, 1592
327648, 1684, 8612, 856, 2080, 3760, 280, 279448, 1592
327648, 1684, 8592, 856, 2072, 3764, 280, 279472, 1592
327644, 1688, 8580, 852, 2072, 3768, 280, 279484, 1592
327644, 1684, 8572, 856, 2068, 3768, 280, 279496, 1592
327644, 1676, 8560, 860, 2068, 3772, 276, 279512, 1592
327644, 1672, 8564, 860, 2068, 3772, 276, 279512, 1592
327644, 1664, 8568, 856, 2072, 3772, 276, 279516, 1592
327644, 1652, 8572, 856, 2076, 3772, 276, 279520, 1592
327640, 1652, 8576, 856, 2076, 3772, 276, 279520, 1592
327640, 1652, 8568, 856, 2072, 3776, 276, 279528, 1592
327636, 1648, 8572, 860, 2072, 3776, 276, 279528, 1592
327636, 1644, 8568, 856, 2072, 3768, 276, 279548, 1592
327624, 1652, 8568, 856, 2072, 3768, 276, 279552, 1592
327620, 1656, 8564, 852, 2076, 3764, 276, 279560, 1592
327620, 1652, 8560, 852, 2076, 3764, 272, 279572, 1592
327616, 1656, 8552, 852, 2076, 3764, 272, 279580, 1592
327600, 1668, 8556, 852, 2076, 3764, 272, 279580, 1592
327596, 1668, 8556, 852, 2076, 3760, 272, 279588, 1592
327584, 1680, 8544, 848, 2080, 3760, 272, 279600, 1592
327576, 1684, 8540, 848, 2076, 3760, 272, 279612, 1592
327564, 1696, 8536, 848, 2076, 3760, 272, 279616, 1592
327548, 1712, 8532, 848, 2068, 3760, 272, 279624, 1596
327540, 1720, 8512, 844, 2072, 3756, 272, 279648, 1596
327536, 1716, 8512, 844, 2068, 3760, 272, 279656, 1596
327532, 1716, 8512, 844, 2068, 3764, 268, 279660, 1596
327528, 1720, 8508, 844, 2064, 3764, 268, 279668, 1596
327528, 1716, 8500, 844, 2064, 3760, 268, 279684, 1596
327504, 1740, 8484, 844, 2060, 3760, 268, 279704, 1596
327504, 1732, 8484, 832, 2068, 3764, 268, 279712, 1596
327492, 1736, 8484, 836, 2064, 3756, 268, 279728, 1596
327492, 1736, 8480, 836, 2064, 3752, 268, 279736, 1596
327476, 1752, 8460, 836, 2064, 3748, 268, 279760, 1596
327464, 1756, 8440, 840, 2064, 3748, 268, 279784, 1596
327456, 1752, 8440, 844, 2060, 3748, 268, 279796, 1596
327448, 1760, 8432, 836, 2068, 3748, 268, 279804, 1596
327440, 1768, 8428, 836, 2068, 3748, 268, 279808, 1596
327432, 1776, 8416, 828, 2068, 3756, 268, 279820, 1596
327404, 1804, 8416, 828, 2060, 3764, 268, 279820, 1596
327396, 1804, 8420, 832, 2060, 3756, 268, 279828, 1596
327388, 1812, 8408, 832, 2060, 3756, 268, 279840, 1596
327384, 1812, 8400, 824, 2068, 3756, 268, 279852, 1596
327380, 1812, 8400, 824, 2068, 3756, 268, 279856, 1596
327368, 1816, 8400, 824, 2064, 3756, 268, 279868, 1596
327364, 1820, 8384, 820, 2068, 3756, 268, 279884, 1596
327352, 1824, 8384, 824, 2068, 3756, 268, 279888, 1596
327340, 1832, 8384, 824, 2068, 3756, 268, 279892, 1596
327324, 1844, 8372, 820, 2072, 3756, 268, 279908, 1596
327320, 1848, 8360, 816, 2076, 3748, 272, 279924, 1596
327320, 1840, 8368, 816, 2072, 3748, 272, 279928, 1596
327316, 1836, 8368, 816, 2072, 3744, 272, 279940, 1596
327296, 1852, 8372, 816, 2072, 3740, 272, 279944, 1596
327284, 1860, 8372, 816, 2072, 3740, 272, 279948, 1596
327284, 1860, 8368, 816, 2072, 3740, 272, 279952, 1596
327276, 1864, 8364, 816, 2072, 3740, 272, 279960, 1596
327272, 1864, 8352, 816, 2068, 3736, 272, 279984, 1596
327264, 1864, 8356, 816, 2068, 3732, 272, 279992, 1596
327256, 1868, 8352, 812, 2072, 3732, 272, 280000, 1596
327244, 1876, 8352, 812, 2072, 3732, 272, 280004, 1596
327244, 1868, 8344, 816, 2068, 3736, 272, 280016, 1596
327228, 1880, 8344, 820, 2068, 3736, 272, 280016, 1596
327228, 1880, 8332, 820, 2064, 3736, 272, 280032, 1596
327220, 1884, 8324, 816, 2072, 3732, 272, 280044, 1596
327220, 1884, 8320, 816, 2072, 3732, 272, 280048, 1596
327212, 1880, 8324, 820, 2068, 3736, 272, 280052, 1596
327208, 1880, 8308, 824, 2068, 3732, 272, 280072, 1596
327208, 1880, 8292, 824, 2060, 3732, 272, 280096, 1596
327200, 1880, 8292, 828, 2056, 3728, 276, 280104, 1596
327200, 1876, 8288, 820, 2056, 3732, 276, 280116, 1596
327188, 1880, 8284, 824, 2056, 3732, 276, 280124, 1596
327184, 1868, 8296, 828, 2052, 3732, 276, 280128, 1596
327168, 1880, 8300, 828, 2048, 3732, 276, 280132, 1596
327168, 1880, 8292, 828, 2048, 3732, 276, 280140, 1596
327168, 1880, 8288, 828, 2048, 3732, 276, 280144, 1596
327168, 1872, 8284, 832, 2044, 3728, 276, 280160, 1596
327168, 1860, 8284, 836, 2044, 3724, 276, 280172, 1596
327168, 1852, 8268, 844, 2040, 3724, 276, 280192, 1596
327160, 1856, 8268, 844, 2040, 3724, 276, 280196, 1596
327160, 1856, 8264, 840, 2044, 3724, 276, 280200, 1596
327160, 1856, 8264, 836, 2044, 3724, 276, 280204, 1596
327152, 1864, 8248, 832, 2044, 3724, 276, 280224, 1596
327148, 1864, 8252, 824, 2052, 3724, 276, 280224, 1596
327148, 1864, 8252, 824, 2052, 3724, 276, 280224, 1596
327148, 1856, 8244, 820, 2056, 3724, 276, 280240, 1596
327144, 1860, 8232, 816, 2060, 3720, 276, 280252, 1600
327144, 1860, 8224, 816, 2056, 3720, 276, 280264, 1600
327144, 1852, 8216, 824, 2052, 3724, 276, 280272, 1600
327136, 1856, 8212, 828, 2048, 3720, 276, 280284, 1600
327132, 1860, 8212, 828, 2048, 3720, 276, 280284, 1600
327132, 1856, 8208, 828, 2044, 3720, 276, 280296, 1600
327128, 1852, 8212, 828, 2044, 3720, 276, 280300, 1600
327120, 1860, 8196, 828, 2044, 3712, 276, 280324, 1600
327120, 1856, 8200, 828, 2040, 3708, 276, 280332, 1600
327120, 1856, 8180, 828, 2040, 3708, 276, 280352, 1600
327120, 1852, 8180, 824, 2044, 3708, 276, 280356, 1600
327116, 1852, 8180, 824, 2044, 3708, 276, 280360, 1600
327116, 1852, 8180, 820, 2048, 3708, 276, 280360, 1600
327116, 1852, 8180, 820, 2044, 3712, 272, 280364, 1600
327116, 1852, 8176, 816, 2044, 3712, 272, 280372, 1600
327116, 1852, 8164, 812, 2048, 3712, 272, 280384, 1600
327112, 1848, 8156, 812, 2048, 3712, 272, 280400, 1600
327112, 1840, 8160, 812, 2044, 3712, 272, 280408, 1600
327108, 1840, 8164, 812, 2040, 3712, 272, 280412, 1600
327108, 1836, 8160, 812, 2036, 3712, 272, 280424, 1600
327104, 1816, 8176, 816, 2036, 3712, 272, 280428, 1600
327104, 1812, 8176, 812, 2036, 3708, 276, 280436, 1600
327100, 1816, 8172, 808, 2036, 3708, 276, 280444, 1600
327100, 1816, 8164, 808, 2028, 3704, 276, 280464, 1600
327100, 1816, 8156, 808, 2028, 3700, 276, 280476, 1600
327096, 1820, 8156, 796, 2040, 3696, 276, 280480, 1600
327096, 1820, 8148, 792, 2044, 3696, 276, 280488, 1600
327092, 1824, 8140, 788, 2048, 3696, 276, 280496, 1600
327088, 1828, 8124, 784, 2048, 3696, 276, 280516, 1600
327088, 1820, 8128, 784, 2048, 3692, 276, 280524, 1600
327088, 1812, 8124, 780, 2052, 3692, 272, 280536, 1604
327088, 1800, 8124, 776, 2056, 3688, 272, 280552, 1604
327084, 1804, 8116, 776, 2044, 3692, 272, 280568, 1604
327076, 1804, 8120, 772, 2044, 3692, 272, 280576, 1604
327076, 1800, 8116, 772, 2044, 3692, 272, 280584, 1604
327076, 1776, 8140, 768, 2048, 3692, 272, 280584, 1604
327072, 1776, 8144, 768, 2044, 3692, 272, 280588, 1604
327068, 1780, 8144, 768, 2036, 3688, 276, 280596, 1604
327068, 1768, 8156, 768, 2036, 3684, 276, 280596, 1608
327068, 1756, 8168, 768, 2036, 3684, 276, 280596, 1608
327068, 1752, 8168, 764, 2040, 3684, 276, 280600, 1608
327064, 1748, 8172, 764, 2040, 3684, 276, 280604, 1608
327056, 1756, 8164, 764, 2036, 3680, 276, 280616, 1612
327052, 1756, 8160, 756, 2044, 3680, 272, 280624, 1616
327044, 1760, 8152, 756, 2044, 3680, 272, 280636, 1616
327044, 1760, 8140, 756, 2040, 3676, 272, 280652, 1620
327044, 1760, 8140, 756, 2040, 3668, 272, 280660, 1620
327044, 1752, 8140, 752, 2044, 3668, 272, 280668, 1620
327044, 1744, 8132, 756, 2040, 3668, 272, 280684, 1620
327044, 1744, 8128, 756, 2040, 3668, 272, 280688, 1620
327044, 1740, 8108, 760, 2040, 3668, 272, 280708, 1620
327044, 1736, 8096, 760, 2040, 3668, 272, 280724, 1620
327040, 1740, 8092, 760, 2036, 3668, 272, 280732, 1620
327032, 1744, 8088, 764, 2032, 3668, 272, 280740, 1620
327028, 1744, 8084, 764, 2024, 3672, 272, 280752, 1620
327028, 1744, 8084, 764, 2024, 3672, 272, 280752, 1620
327028, 1740, 8080, 768, 2024, 3668, 272, 280760, 1620
327028, 1740, 8072, 768, 2016, 3664, 272, 280780, 1620
327028, 1736, 8060, 768, 2012, 3664, 272, 280800, 1620
327028, 1732, 8060, 772, 2012, 3664, 272, 280800, 1620
327024, 1732, 8056, 768, 2012, 3664, 272, 280812, 1620
327024, 1732, 8048, 764, 2016, 3664, 272, 280820, 1620
327020, 1732, 8048, 768, 2016, 3660, 272, 280824, 1620
327016, 1728, 8052, 772, 2016, 3660, 272, 280824, 1620
327016, 1724, 8048, 772, 2012, 3660, 272, 280836, 1620
327016, 1724, 8048, 772, 2012, 3652, 272, 280844, 1620
327016, 1720, 8048, 772, 2012, 3652, 272, 280848, 1620
327012, 1724, 8040, 772, 2012, 3644, 272, 280864, 1620
327008, 1728, 8036, 772, 2012, 3636, 272, 280876, 1620
327008, 1728, 8024, 772, 2004, 3632, 272, 280900, 1620
327008, 1716, 8020, 772, 2012, 3628, 272, 280912, 1620
327004, 1716, 8012, 772, 2012, 3624, 272, 280928, 1620
326996, 1716, 8012, 776, 2008, 3624, 272, 280936, 1620
326980, 1728, 8016, 776, 2008, 3620, 272, 280940, 1620
326976, 1728, 8008, 776, 2004, 3624, 272, 280952, 1620
326976, 1720, 8008, 776, 2004, 3620, 272, 280964, 1620
326972, 1716, 8012, 776, 2004, 3616, 272, 280972, 1620
326972, 1712, 8012, 772, 2000, 3624, 272, 280976, 1620
326972, 1708, 8008, 776, 1996, 3624, 272, 280984, 1620
326968, 1704, 8008, 780, 1996, 3624, 272, 280988, 1620
326960, 1704, 8000, 788, 1996, 3620, 272, 281000, 1620
326960, 1696, 8004, 788, 1996, 3620, 272, 281004, 1620
326952, 1700, 7988, 788, 1992, 3620, 272, 281028, 1620
326948, 1696, 7988, 792, 1992, 3620, 272, 281032, 1620
326940, 1700, 7988, 788, 1992, 3624, 272, 281036, 1620
326936, 1704, 7984, 788, 1992, 3628, 268, 281040, 1620
326920, 1712, 7984, 792, 1992, 3628, 268, 281044, 1620
326912, 1720, 7984, 792, 1988, 3628, 268, 281048, 1620
326908, 1724, 7976, 792, 1988, 3620, 268, 281060, 1624
326904, 1724, 7964, 788, 1984, 3628, 268, 281076, 1624
326892, 1732, 7956, 788, 1984, 3628, 268, 281088, 1624
326884, 1740, 7944, 788, 1980, 3628, 268, 281104, 1624
326868, 1748, 7940, 796, 1976, 3628, 268, 281112, 1624
326856, 1752, 7948, 792, 1980, 3628, 268, 281112, 1624
326852, 1756, 7944, 792, 1980, 3624, 268, 281120, 1624
326836, 1772, 7940, 788, 1980, 3624, 268, 281128, 1624
326824, 1780, 7936, 784, 1984, 3624, 268, 281136, 1624
326812, 1788, 7924, 788, 1980, 3624, 268, 281152, 1624
326812, 1784, 7916, 788, 1980, 3620, 268, 281168, 1624
326804, 1792, 7916, 788, 1980, 3620, 268, 281168, 1624
326792, 1804, 7912, 788, 1980, 3620, 268, 281172, 1624
326784, 1804, 7908, 788, 1980, 3620, 268, 281184, 1624
326772, 1812, 7908, 788, 1980, 3620, 268, 281188, 1624
326756, 1824, 7908, 788, 1968, 3628, 268, 281196, 1624
326744, 1832, 7904, 788, 1968, 3624, 268, 281208, 1624
326732, 1840, 7908, 788, 1964, 3624, 268, 281212, 1624
326720, 1852, 7892, 780, 1972, 3624, 268, 281228, 1624
326716, 1856, 7888, 780, 1972, 3624, 268, 281232, 1624
326708, 1864, 7876, 780, 1972, 3620, 268, 281248, 1624
326700, 1868, 7876, 780, 1964, 3620, 268, 281256, 1628
326692, 1876, 7872, 780, 1964, 3620, 268, 281260, 1628
326684, 1884, 7864, 772, 1972, 3620, 268, 281268, 1628
326672, 1892, 7860, 776, 1972, 3620, 268, 281272, 1628
326668, 1892, 7860, 772, 1976, 3620, 268, 281276, 1628
326668, 1888, 7856, 772, 1976, 3616, 268, 281288, 1628
326660, 1892, 7856, 772, 1972, 3620, 268, 281292, 1628
326656, 1896, 7848, 772, 1972, 3620, 268, 281300, 1628
326640, 1904, 7844, 772, 1964, 3624, 268, 281316, 1628
326632, 1912, 7836, 772, 1964, 3620, 268, 281328, 1628
326624, 1908, 7836, 776, 1964, 3620, 268, 281336, 1628
326616, 1912, 7828, 776, 1956, 3620, 268, 281356, 1628
326608, 1916, 7824, 776, 1956, 3612, 272, 281368, 1628
326604, 1916, 7824, 772, 1960, 3612, 272, 281372, 1628
326604, 1912, 7824, 772, 1956, 3608, 272, 281384, 1628
326600, 1916, 7820, 772, 1956, 3608, 272, 281388, 1628
326592, 1920, 7820, 772, 1952, 3608, 272, 281396, 1628
326576, 1932, 7812, 768, 1956, 3608, 268, 281408, 1632
326576, 1928, 7800, 772, 1956, 3608, 268, 281420, 1632
326576, 1928, 7800, 772, 1956, 3604, 272, 281420, 1632
326572, 1928, 7792, 776, 1956, 3604, 272, 281428, 1632
326568, 1932, 7788, 776, 1956, 3604, 272, 281432, 1632
326564, 1936, 7780, 776, 1952, 3604, 272, 281440, 1636
326564, 1928, 7776, 780, 1952, 3604, 272, 281448, 1636
326564, 1924, 7768, 784, 1948, 3608, 268, 281460, 1636
326564, 1920, 7764, 784, 1940, 3608, 268, 281476, 1636
326560, 1920, 7756, 784, 1940, 3608, 268, 281488, 1636
326556, 1924, 7752, 776, 1940, 3612, 268, 281496, 1636
326548, 1932, 7740, 776, 1940, 3612, 268, 281508, 1636
326540, 1940, 7736, 776, 1936, 3616, 268, 281512, 1636
326540, 1940, 7736, 772, 1936, 3616, 268, 281516, 1636
326536, 1936, 7732, 764, 1944, 3616, 268, 281528, 1636
326536, 1936, 7732, 760, 1944, 3616, 268, 281532, 1636
326536, 1928, 7740, 760, 1944, 3612, 268, 281536, 1636
326536, 1920, 7744, 760, 1944, 3612, 268, 281540, 1636
326528, 1924, 7740, 760, 1948, 3612, 268, 281544, 1636
326528, 1920, 7732, 760, 1948, 3612, 268, 281556, 1636
326528, 1920, 7720, 760, 1948, 3612, 268, 281568, 1636
326528, 1920, 7712, 756, 1952, 3612, 268, 281576, 1636
326524, 1916, 7716, 760, 1952, 3612, 268, 281576, 1636
326524, 1912, 7716, 760, 1952, 3612, 268, 281580, 1636
326524, 1908, 7720, 756, 1952, 3616, 268, 281580, 1636
326524, 1904, 7716, 752, 1960, 3616, 268, 281584, 1636
326524, 1904, 7716, 752, 1960, 3616, 268, 281584, 1636
326520, 1908, 7716, 748, 1964, 3616, 268, 281584, 1636
326520, 1904, 7716, 748, 1960, 3612, 268, 281596, 1636
326516, 1908, 7712, 748, 1960, 3612, 268, 281600, 1636
326516, 1900, 7712, 752, 1960, 3612, 268, 281604, 1636
326512, 1900, 7708, 756, 1956, 3612, 268, 281612, 1636
326508, 1892, 7712, 756, 1956, 3612, 268, 281620, 1636
326508, 1884, 7720, 756, 1956, 3612, 268, 281620, 1636
326500, 1888, 7720, 756, 1956, 3612, 268, 281624, 1636
326496, 1888, 7720, 760, 1944, 3608, 268, 281640, 1636
326492, 1872, 7720, 768, 1944, 3604, 268, 281656, 1636
326492, 1868, 7712, 772, 1940, 3608, 268, 281664, 1636
326492, 1864, 7708, 772, 1940, 3604, 268, 281676, 1636
326492, 1860, 7700, 776, 1940, 3604, 268, 281684, 1636
326484, 1864, 7692, 776, 1936, 3608, 268, 281696, 1636
326484, 1856, 7696, 776, 1936, 3604, 268, 281704, 1636
326480, 1856, 7688, 772, 1940, 3604, 268, 281716, 1636
326480, 1852, 7688, 768, 1940, 3604, 268, 281724, 1636
326480, 1848, 7688, 772, 1940, 3604, 268, 281724, 1636
326476, 1844, 7684, 776, 1940, 3604, 268, 281732, 1636
326472, 1840, 7684, 776, 1936, 3604, 268, 281744, 1636
326472, 1836, 7688, 776, 1924, 3604, 268, 281752, 1640
326472, 1836, 7684, 772, 1928, 3604, 268, 281756, 1640
326468, 1836, 7680, 772, 1924, 3608, 268, 281764, 1640
326468, 1836, 7668, 768, 1928, 3608, 268, 281776, 1640
326468, 1836, 7668, 768, 1924, 3612, 268, 281776, 1640
326468, 1836, 7652, 764, 1928, 3612, 268, 281792, 1640
326468, 1832, 7644, 760, 1932, 3612, 268, 281804, 1640
326460, 1836, 7628, 760, 1924, 3612, 268, 281832, 1640
326460, 1836, 7624, 760, 1924, 3612, 268, 281836, 1640
326460, 1836, 7616, 760, 1924, 3612, 268, 281844, 1640
326460, 1832, 7608, 760, 1924, 3612, 268, 281856, 1640
326460, 1832, 7596, 760, 1924, 3616, 264, 281868, 1640
326456, 1832, 7592, 760, 1920, 3620, 264, 281876, 1640
326452, 1824, 7596, 764, 1916, 3616, 264, 281888, 1640
326452, 1824, 7596, 764, 1916, 3616, 264, 281888, 1640
326448, 1824, 7600, 764, 1908, 3616, 264, 281896, 1640
326448, 1816, 7608, 764, 1908, 3620, 260, 281896, 1640
326448, 1812, 7596, 760, 1904, 3620, 260, 281920, 1640
326448, 1808, 7584, 764, 1900, 3620, 260, 281936, 1640
326448, 1804, 7576, 764, 1900, 3624, 256, 281948, 1640
326448, 1796, 7580, 768, 1900, 3620, 256, 281952, 1640
326444, 1796, 7584, 764, 1896, 3624, 256, 281952, 1644
326444, 1796, 7580, 764, 1896, 3624, 256, 281956, 1644
326440, 1792, 7584, 764, 1892, 3624, 256, 281964, 1644
326440, 1792, 7580, 764, 1892, 3624, 256, 281968, 1644
326432, 1788, 7568, 756, 1900, 3624, 256, 281992, 1644
326432, 1788, 7568, 752, 1904, 3624, 256, 281992, 1644
326428, 1788, 7564, 748, 1904, 3628, 256, 282000, 1644
326428, 1776, 7568, 748, 1904, 3628, 256, 282008, 1644
326424, 1776, 7564, 752, 1904, 3628, 256, 282012, 1644
326424, 1772, 7564, 752, 1904, 3628, 256, 282016, 1644
326424, 1772, 7556, 748, 1908, 3624, 256, 282028, 1644
326424, 1772, 7532, 748, 1904, 3624, 256, 282056, 1644
326420, 1772, 7528, 748, 1904, 3620, 256, 282068, 1644
326416, 1776, 7528, 744, 1908, 3620, 256, 282068, 1644
326408, 1784, 7524, 744, 1908, 3612, 256, 282076, 1648
326404, 1784, 7524, 744, 1900, 3612, 256, 282088, 1648
326404, 1780, 7524, 736, 1908, 3608, 256, 282096, 1648
326400, 1784, 7516, 732, 1912, 3608, 256, 282104, 1648
326396, 1772, 7524, 732, 1916, 3608, 256, 282108, 1648
326388, 1768, 7528, 736, 1916, 3608, 256, 282112, 1648
326388, 1764, 7524, 740, 1916, 3608, 256, 282116, 1648
326380, 1764, 7520, 744, 1916, 3608, 256, 282124, 1648
326376, 1760, 7524, 748, 1916, 3608, 256, 282124, 1648
326376, 1756, 7524, 744, 1920, 3608, 256, 282128, 1648
326372, 1748, 7516, 752, 1916, 3608, 256, 282144, 1648
326368, 1752, 7512, 752, 1916, 3608, 256, 282148, 1648
326368, 1748, 7516, 752, 1916, 3608, 256, 282148, 1648
326356, 1748, 7516, 752, 1924, 3608, 256, 282152, 1648
326344, 1760, 7500, 752, 1920, 3608, 256, 282172, 1648
326340, 1764, 7496, 752, 1920, 3608, 256, 282176, 1648
326336, 1764, 7488, 752, 1920, 3604, 256, 282192, 1648
326328, 1764, 7492, 748, 1924, 3608, 252, 282196, 1648
326316, 1772, 7488, 744, 1928, 3604, 252, 282204, 1652
326316, 1772, 7484, 740, 1932, 3600, 252, 282212, 1652
326304, 1780, 7484, 740, 1932, 3600, 252, 282216, 1652
326300, 1784, 7476, 740, 1932, 3592, 252, 282232, 1652
326292, 1784, 7468, 744, 1928, 3592, 252, 282248, 1652
326288, 1788, 7460, 744, 1928, 3588, 252, 282260, 1652
326288, 1784, 7456, 744, 1924, 3588, 252, 282272, 1652
326288, 1784, 7456, 740, 1924, 3584, 252, 282280, 1652
326276, 1788, 7456, 740, 1928, 3584, 252, 282284, 1652
326256, 1800, 7456, 736, 1932, 3580, 252, 282296, 1652
326248, 1808, 7448, 736, 1928, 3572, 252, 282316, 1652
326248, 1808, 7440, 736, 1928, 3572, 252, 282324, 1652
326248, 1804, 7440, 736, 1924, 3572, 252, 282332, 1652
326232, 1816, 7436, 740, 1924, 3572, 252, 282336, 1652
326216, 1828, 7424, 740, 1924, 3572, 252, 282352, 1652
326208, 1832, 7428, 736, 1928, 3572, 252, 282352, 1652
326208, 1824, 7436, 732, 1928, 3572, 252, 282356, 1652
326204, 1824, 7436, 732, 1920, 3572, 252, 282368, 1652
326192, 1836, 7424, 724, 1924, 3572, 252, 282384, 1652
326188, 1836, 7416, 728, 1920, 3572, 252, 282396, 1652
326172, 1848, 7420, 728, 1920, 3572, 252, 282396, 1652
326152, 1868, 7420, 728, 1916, 3572, 252, 282400, 1652
326148, 1868, 7408, 732, 1912, 3572, 252, 282416, 1652
326140, 1868, 7416, 728, 1916, 3572, 252, 282416, 1652
326140, 1864, 7420, 728, 1912, 3572, 252, 282420, 1652
326136, 1856, 7428, 728, 1916, 3572, 252, 282420, 1652
326124, 1868, 7424, 724, 1920, 3572, 252, 282424, 1652
326120, 1872, 7408, 720, 1924, 3572, 252, 282440, 1652
326116, 1872, 7404, 720, 1924, 3572, 252, 282448, 1652
326112, 1860, 7416, 720, 1920, 3564, 252, 282464, 1652
326108, 1860, 7412, 724, 1920, 3560, 252, 282472, 1652
326104, 1860, 7408, 724, 1920, 3560, 252, 282480, 1652
326092, 1872, 7404, 720, 1924, 3556, 252, 282488, 1652
326084, 1876, 7400, 720, 1924, 3556, 252, 282496, 1652
326076, 1880, 7388, 720, 1916, 3564, 248, 282516, 1652
326072, 1884, 7376, 716, 1920, 3556, 248, 282532, 1656
326064, 1880, 7368, 720, 1924, 3556, 248, 282544, 1656
326060, 1884, 7368, 720, 1924, 3556, 248, 282544, 1656
326052, 1884, 7360, 720, 1924, 3552, 248, 282564, 1656
326048, 1880, 7368, 720, 1920, 3556, 248, 282564, 1656
326044, 1884, 7368, 720, 1920, 3556, 248, 282564, 1656
326040, 1880, 7364, 724, 1916, 3552, 248, 282580, 1656
326036, 1884, 7360, 724, 1912, 3552, 248, 282588, 1656
326024, 1896, 7352, 724, 1912, 3548, 248, 282600, 1656
326024, 1888, 7352, 724, 1912, 3552, 244, 282608, 1656
326020, 1884, 7348, 720, 1916, 3552, 244, 282620, 1656
326016, 1880, 7344, 720, 1916, 3548, 244, 282636, 1656
326012, 1884, 7324, 720, 1908, 3552, 244, 282660, 1656
326012, 1880, 7324, 720, 1904, 3552, 244, 282668, 1656
326008, 1876, 7316, 720, 1904, 3552, 244, 282684, 1656
326008, 1872, 7312, 720, 1900, 3552, 244, 282696, 1656
326008, 1872, 7312, 720, 1900, 3552, 244, 282696, 1656
326004, 1868, 7316, 724, 1892, 3552, 244, 282704, 1656
326000, 1872, 7316, 720, 1896, 3548, 248, 282704, 1656
325996, 1876, 7312, 720, 1896, 3548, 248, 282708, 1656
325992, 1880, 7300, 720, 1896, 3548, 248, 282720, 1656
325992, 1880, 7300, 716, 1900, 3544, 248, 282724, 1656
325992, 1880, 7300, 716, 1896, 3544, 248, 282728, 1656
325992, 1876, 7300, 716, 1896, 3544, 248, 282732, 1656
325992, 1876, 7288, 716, 1896, 3544, 248, 282744, 1656
325992, 1876, 7280, 716, 1896, 3540, 248, 282756, 1656
325992, 1876, 7264, 712, 1892, 3548, 248, 282772, 1656
325988, 1880, 7264, 708, 1896, 3548, 248, 282772, 1656
325988, 1876, 7264, 708, 1892, 3548, 248, 282780, 1656
325988, 1876, 7264, 704, 1896, 3540, 248, 282788, 1656
325984, 1876, 7244, 704, 1896, 3540, 248, 282812, 1656
325980, 1876, 7248, 700, 1896, 3540, 248, 282816, 1656
325980, 1876, 7240, 700, 1896, 3540, 248, 282824, 1656
325980, 1872, 7240, 704, 1888, 3536, 248, 282836, 1656
325980, 1868, 7244, 704, 1884, 3532, 248, 282844, 1656
325980, 1864, 7244, 700, 1888, 3532, 248, 282848, 1656
325980, 1860, 7236, 700, 1884, 3528, 248, 282868, 1656
325980, 1852, 7236, 696, 1888, 3520, 248, 282884, 1656
325980, 1852, 7224, 692, 1892, 3520, 248, 282896, 1656
325980, 1852, 7216, 692, 1892, 3520, 248, 282904, 1656
325980, 1852, 7216, 692, 1892, 3520, 248, 282904, 1656
325980, 1844, 7220, 692, 1880, 3520, 248, 282920, 1656
325980, 1840, 7220, 692, 1880, 3520, 248, 282924, 1656
325976, 1836, 7216, 692, 1880, 3520, 248, 282936, 1656
325976, 1832, 7212, 692, 1876, 3520, 248, 282948, 1656
325972, 1832, 7216, 688, 1880, 3520, 248, 282948, 1656
325968, 1824, 7228, 684, 1884, 3516, 248, 282952, 1656
325968, 1812, 7236, 684, 1884, 3516, 248, 282956, 1656
325968, 1808, 7232, 684, 1884, 3516, 248, 282964, 1656
325968, 1808, 7224, 684, 1872, 3524, 248, 282976, 1656
325968, 1808, 7220, 684, 1872, 3524, 248, 282980, 1656
325968, 1804, 7224, 684, 1872, 3524, 248, 282980, 1656
325968, 1796, 7216, 684, 1872, 3520, 248, 283000, 1656
325968, 1788, 7216, 680, 1876, 3520, 248, 283008, 1656
325968, 1784, 7208, 684, 1876, 3520, 248, 283016, 1656
325964, 1780, 7212, 684, 1876, 3520, 248, 283020, 1656
325960, 1780, 7208, 684, 1876, 3520, 248, 283028, 1656
325956, 1784, 7204, 680, 1876, 3512, 248, 283044, 1656
325952, 1784, 7204, 676, 1876, 3512, 248, 283052, 1656
325948, 1784, 7200, 676, 1876, 3512, 248, 283060, 1656
325940, 1788, 7204, 672, 1876, 3516, 248, 283060, 1656
325940, 1780, 7212, 672, 1868, 3520, 248, 283064, 1656
325940, 1776, 7212, 672, 1868, 3524, 244, 283068, 1656
325940, 1776, 7212, 668, 1872, 3524, 244, 283068, 1656
325940, 1772, 7212, 668, 1868, 3524, 244, 283076, 1656
325936, 1768, 7216, 672, 1868, 3520, 244, 283080, 1656
325928, 1772, 7204, 676, 1868, 3520, 244, 283092, 1656
325928, 1764, 7200, 680, 1864, 3516, 244, 283104, 1660
325928, 1756, 7200, 680, 1864, 3516, 244, 283112, 1660
325928, 1752, 7204, 680, 1864, 3512, 244, 283116, 1660
325924, 1744, 7212, 676, 1868, 3508, 248, 283120, 1660
325924, 1736, 7216, 680, 1864, 3508, 248, 283124, 1660
325924, 1728, 7208, 684, 1856, 3512, 248, 283140, 1660
325916, 1728, 7216, 684, 1852, 3512, 248, 283144, 1660
325916, 1728, 7212, 684, 1848, 3504, 248, 283160, 1660
325912, 1732, 7208, 680, 1848, 3504, 248, 283168, 1660
325912, 1732, 7204, 680, 1848, 3504, 248, 283172, 1660
325912, 1724, 7212, 680, 1848, 3508, 244, 283172, 1660
325912, 1720, 7208, 680, 1848, 3508, 244, 283180, 1660
325908, 1720, 7204, 680, 1848, 3508, 240, 283192, 1660
325908, 1716, 7208, 680, 1848, 3508, 240, 283192, 1660
325908, 1712, 7204, 684, 1848, 3508, 240, 283196, 1660
325908, 1712, 7204, 684, 1848, 3508, 240, 283196, 1660
325908, 1712, 7200, 684, 1844, 3504, 240, 283208, 1660
325908, 1704, 7196, 684, 1844, 3504, 240, 283220, 1660
325908, 1696, 7204, 684, 1844, 3504, 240, 283220, 1660
325904, 1696, 7204, 676, 1856, 3504, 240, 283220, 1660
325904, 1696, 7204, 672, 1860, 3500, 240, 283224, 1660
325900, 1700, 7204, 672, 1860, 3500, 240, 283224, 1660
325900, 1696, 7200, 672, 1860, 3496, 240, 283236, 1660
325896, 1696, 7200, 676, 1860, 3496, 240, 283236, 1660
325888, 1704, 7192, 676, 1860, 3496, 240, 283244, 1660
325888, 1696, 7196, 676, 1860, 3484, 244, 283256, 1660
325884, 1696, 7196, 680, 1856, 3484, 244, 283260, 1660
325872, 1692, 7204, 676, 1860, 3480, 244, 283272, 1660
325868, 1692, 7196, 676, 1864, 3480, 244, 283280, 1660
325868, 1692, 7196, 676, 1860, 3484, 244, 283280, 1660
325868, 1692, 7188, 676, 1856, 3476, 244, 283300, 1660
325868, 1676, 7192, 680, 1856, 3472, 244, 283312, 1660
325864, 1680, 7180, 680, 1856, 3468, 244, 283328, 1660
325860, 1684, 7176, 676, 1860, 3468, 244, 283332, 1660
325856, 1684, 7180, 672, 1864, 3468, 244, 283332, 1660
325856, 1680, 7176, 672, 1864, 3468, 244, 283340, 1660
325848, 1688, 7172, 672, 1860, 3468, 244, 283348, 1660
325840, 1696, 7172, 672, 1860, 3468, 244, 283348, 1660
325828, 1708, 7172, 672, 1860, 3468, 244, 283348, 1660
325824, 1700, 7180, 672, 1864, 3468, 244, 283348, 1660
325820, 1696, 7180, 672, 1864, 3472, 244, 283352, 1660
325816, 1696, 7176, 676, 1860, 3472, 244, 283360, 1660
325808, 1700, 7168, 672, 1864, 3472, 244, 283372, 1660
325804, 1704, 7156, 672, 1856, 3472, 244, 283392, 1660
325804, 1700, 7160, 672, 1856, 3468, 244, 283396, 1660
325800, 1696, 7164, 672, 1856, 3468, 244, 283400, 1660
325796, 1696, 7164, 668, 1856, 3468, 244, 283408, 1660
325792, 1700, 7164, 668, 1856, 3468, 244, 283408, 1660
325788, 1692, 7168, 672, 1856, 3468, 244, 283412, 1660
325784, 1688, 7164, 672, 1856, 3468, 244, 283424, 1660
325772, 1692, 7168, 672, 1856, 3460, 244, 283432, 1664
325760, 1700, 7160, 672, 1856, 3460, 244, 283444, 1664
325748, 1708, 7160, 672, 1856, 3460, 244, 283448, 1664
325744, 1700, 7164, 676, 1856, 3460, 244, 283452, 1664
325744, 1688, 7176, 676, 1856, 3460, 244, 283452, 1664
325736, 1692, 7176, 676, 1856, 3456, 244, 283460, 1664
325732, 1696, 7168, 672, 1856, 3456, 244, 283472, 1664
325732, 1688, 7160, 672, 1860, 3456, 244, 283484, 1664
325732, 1680, 7168, 672, 1860, 3456, 244, 283484, 1664
325724, 1684, 7168, 672, 1860, 3456, 244, 283488, 1664
325716, 1688, 7172, 672, 1860, 3452, 244, 283492, 1664
325712, 1684, 7172, 676, 1860, 3452, 244, 283496, 1664
325712, 1676, 7180, 676, 1856, 3456, 244, 283496, 1664
325704, 1684, 7176, 676, 1856, 3456, 244, 283500, 1664
325692, 1668, 7188, 684, 1856, 3452, 244, 283512, 1664
325684, 1672, 7188, 684, 1852, 3452, 244, 283520, 1664
325676, 1680, 7180, 684, 1852, 3452, 244, 283528, 1664
325672, 1680, 7168, 680, 1856, 3448, 244, 283548, 1664
325672, 1676, 7172, 680, 1856, 3448, 244, 283548, 1664
325664, 1684, 7160, 680, 1856, 3444, 248, 283560, 1664
325660, 1688, 7152, 680, 1848, 3448, 248, 283572, 1664
325660, 1684, 7152, 676, 1852, 3448, 248, 283576, 1664
325656, 1688, 7132, 676, 1852, 3448, 248, 283596, 1664
325652, 1688, 7124, 668, 1860, 3440, 248, 283616, 1664
325636, 1700, 7124, 668, 1856, 3440, 252, 283620, 1664
325632, 1704, 7120, 660, 1864, 3436, 252, 283628, 1664
325616, 1716, 7108, 660, 1868, 3432, 252, 283644, 1664
325608, 1720, 7104, 656, 1872, 3432, 252, 283652, 1664
325600, 1724, 7104, 656, 1872, 3428, 252, 283660, 1664
325592, 1728, 7108, 656, 1864, 3436, 248, 283664, 1664
325588, 1732, 7104, 656, 1860, 3440, 248, 283668, 1664
325584, 1732, 7100, 652, 1856, 3440, 248, 283684, 1664
325568, 1732, 7104, 656, 1856, 3440, 248, 283692, 1664
325552, 1744, 7100, 656, 1856, 3432, 248, 283708, 1664
325552, 1744, 7092, 656, 1856, 3432, 248, 283716, 1664
325548, 1736, 7096, 660, 1848, 3432, 248, 283728, 1664
325540, 1744, 7096, 660, 1848, 3432, 248, 283728, 1664
325536, 1748, 7088, 656, 1852, 3432, 248, 283736, 1664
325536, 1748, 7068, 652, 1856, 3428, 248, 283760, 1664
325532, 1752, 7068, 652, 1856, 3428, 248, 283760, 1664
325528, 1756, 7064, 648, 1860, 3428, 248, 283764, 1664
325528, 1748, 7060, 648, 1860, 3428, 248, 283776, 1664
325524, 1744, 7068, 648, 1860, 3428, 248, 283776, 1664
325524, 1744, 7064, 648, 1860, 3428, 248, 283780, 1664
325524, 1744, 7056, 648, 1860, 3428, 248, 283788, 1664
325524, 1740, 7048, 644, 1864, 3424, 248, 283804, 1664
325524, 1740, 7044, 644, 1860, 3424, 248, 283812, 1664
325524, 1732, 7052, 644, 1860, 3420, 248, 283816, 1664
325516, 1736, 7052, 644, 1860, 3420, 248, 283820, 1664
325516, 1732, 7044, 644, 1856, 3420, 248, 283836, 1664
325508, 1736, 7044, 644, 1856, 3412, 248, 283848, 1664
325504, 1736, 7040, 644, 1856, 3412, 248, 283856, 1664
325504, 1732, 7040, 640, 1860, 3412, 248, 283860, 1664
325504, 1728, 7032, 636, 1860, 3412, 248, 283876, 1664
325500, 1724, 7032, 636, 1860, 3412, 248, 283884, 1664
325500, 1724, 7024, 636, 1856, 3416, 248, 283892, 1664
325492, 1732, 7020, 636, 1856, 3408, 248, 283904, 1664
325492, 1732, 7020, 636, 1852, 3412, 248, 283904, 1664
325488, 1736, 7016, 636, 1852, 3408, 248, 283912, 1664
325488, 1732, 7020, 636, 1852, 3404, 248, 283916, 1664
325488, 1732, 7020, 636, 1848, 3400, 248, 283924, 1664
325488, 1732, 7016, 636, 1848, 3396, 248, 283932, 1664
325488, 1728, 7012, 636, 1848, 3396, 248, 283940, 1664
325484, 1732, 7008, 636, 1848, 3396, 248, 283944, 1664
325480, 1732, 7008, 640, 1848, 3388, 248, 283952, 1664
325480, 1724, 7004, 640, 1848, 3388, 248, 283964, 1664
325480, 1720, 6996, 636, 1852, 3388, 244, 283980, 1664
325472, 1724, 6996, 636, 1852, 3384, 244, 283988, 1664
325468, 1724, 6980, 640, 1852, 3380, 244, 284008, 1664
325468, 1708, 6984, 636, 1856, 3380, 244, 284020, 1664
325468, 1708, 6980, 636, 1856, 3380, 244, 284024, 1664
325468, 1708, 6980, 636, 1856, 3376, 244, 284024, 1668
325464, 1704, 6980, 636, 1856, 3372, 248, 284032, 1668
325464, 1696, 6988, 636, 1856, 3372, 248, 284032, 1668
325460, 1696, 6980, 636, 1852, 3376, 248, 284044, 1668
325448, 1696, 6976, 636, 1852, 3376, 248, 284060, 1668
325448, 1696, 6968, 636, 1848, 3380, 248, 284068, 1668
325444, 1696, 6960, 636, 1848, 3380, 248, 284080, 1668
325444, 1692, 6960, 640, 1848, 3380, 248, 284080, 1668
325440, 1692, 6964, 640, 1844, 3380, 248, 284084, 1668
325440, 1684, 6960, 644, 1840, 3380, 248, 284096, 1668
325440, 1680, 6964, 644, 1840, 3380, 248, 284096, 1668
325440, 1676, 6964, 640, 1844, 3380, 248, 284100, 1668
325440, 1672, 6960, 636, 1844, 3376, 248, 284116, 1668
325440, 1664, 6964, 636, 1836, 3376, 248, 284128, 1668
325436, 1664, 6968, 628, 1844, 3376, 248, 284128, 1668
325436, 1652, 6952, 632, 1844, 3372, 252, 284152, 1668
325436, 1652, 6936, 632, 1840, 3368, 252, 284176, 1668
325436, 1648, 6928, 632, 1840, 3364, 252, 284192, 1668
325436, 1636, 6936, 632, 1840, 3364, 252, 284196, 1668
325436, 1628, 6944, 632, 1840, 3364, 252, 284196, 1668
325436, 1616, 6956, 632, 1840, 3352, 252, 284208, 1668
325436, 1616, 6952, 632, 1840, 3352, 252, 284212, 1668
325436, 1600, 6956, 636, 1840, 3352, 252, 284220, 1668
325436, 1600, 6952, 632, 1840, 3352, 252, 284228, 1668
325436, 1592, 6960, 628, 1844, 3348, 252, 284232, 1668
325432, 1588, 6960, 632, 1844, 3348, 252, 284236, 1668
325432, 1584, 6956, 632, 1840, 3348, 252, 284248, 1668
325432, 1580, 6948, 632, 1836, 3352, 252, 284260, 1668
325432, 1580, 6948, 632, 1836, 3352, 252, 284260, 1668
325432, 1580, 6940, 632, 1828, 3352, 252, 284276, 1668
325432, 1564, 6948, 632, 1828, 3352, 252, 284284, 1668
325432, 1560, 6952, 632, 1828, 3352, 252, 284284, 1668
325432, 1556, 6956, 628, 1832, 3352, 252, 284284, 1668
325432, 1552, 6960, 628, 1828, 3348, 252, 284292, 1668
325432, 1548, 6964, 624, 1832, 3348, 252, 284292, 1668
325428, 1552, 6964, 624, 1832, 3344, 252, 284296, 1668
325428, 1552, 6964, 624, 1832, 3340, 252, 284300, 1668
325424, 1552, 6964, 624, 1832, 3344, 252, 284300, 1668
325424, 1544, 6964, 624, 1832, 3340, 252, 284312, 1668
325424, 1544, 6952, 624, 1832, 3340, 248, 284328, 1668
325424, 1544, 6952, 624, 1824, 3340, 248, 284332, 1672
325420, 1544, 6956, 620, 1824, 3336, 248, 284340, 1672
325420, 1540, 6960, 616, 1828, 3336, 248, 284340, 1672
325416, 1544, 6960, 616, 1824, 3336, 248, 284344, 1672
325416, 1540, 6964, 616, 1824, 3336, 248, 284344, 1672
325416, 1536, 6964, 612, 1828, 3332, 248, 284352, 1672
325416, 1528, 6964, 616, 1820, 3332, 248, 284364, 1672
325416, 1524, 6964, 620, 1820, 3332, 248, 284364, 1672
325416, 1520, 6964, 616, 1824, 3332, 248, 284368, 1672
325412, 1524, 6964, 616, 1824, 3332, 244, 284372, 1672
325408, 1524, 6952, 620, 1824, 3328, 244, 284388, 1672
325408, 1524, 6948, 620, 1820, 3328, 244, 284392, 1676
325404, 1528, 6948, 620, 1816, 3328, 244, 284396, 1676
325404, 1528, 6940, 620, 1812, 3324, 244, 284412, 1676
325396, 1528, 6936, 620, 1816, 3324, 244, 284420, 1676
325396, 1524, 6932, 620, 1816, 3320, 244, 284432, 1676
325396, 1520, 6932, 616, 1820, 3320, 244, 284436, 1676
325396, 1520, 6928, 616, 1816, 3320, 244, 284444, 1676
325396, 1520, 6928, 612, 1820, 3320, 244, 284444, 1676
325396, 1516, 6932, 612, 1816, 3324, 244, 284444, 1676
325396, 1516, 6928, 612, 1816, 3324, 244, 284448, 1676
325396, 1508, 6932, 612, 1816, 3328, 244, 284448, 1676
325388, 1512, 6936, 612, 1812, 3328, 244, 284452, 1676
325384, 1512, 6936, 612, 1804, 3336, 244, 284456, 1676
325384, 1504, 6944, 612, 1804, 3336, 244, 284456, 1676
325380, 1508, 6936, 612, 1804, 3332, 244, 284468, 1676
325380, 1500, 6932, 608, 1808, 3328, 244, 284484, 1676
325380, 1500, 6920, 608, 1808, 3324, 244, 284500, 1676
325376, 1504, 6912, 608, 1808, 3324, 244, 284508, 1676
325372, 1500, 6916, 608, 1808, 3316, 244, 284520, 1676
325368, 1504, 6912, 608, 1808, 3316, 240, 284524, 1680
325364, 1504, 6904, 608, 1808, 3316, 240, 284536, 1680
325360, 1504, 6908, 604, 1808, 3316, 240, 284540, 1680
325360, 1500, 6904, 604, 1808, 3316, 240, 284548, 1680
325352, 1508, 6904, 604, 1800, 3312, 240, 284560, 1680
325344, 1508, 6900, 608, 1800, 3304, 240, 284576, 1680
325340, 1512, 6892, 608, 1800, 3304, 240, 284584, 1680
325336, 1508, 6896, 608, 1796, 3304, 240, 284588, 1684
325336, 1508, 6888, 608, 1796, 3304, 240, 284596, 1684
325328, 1516, 6880, 596, 1804, 3304, 240, 284608, 1684
325328, 1516, 6880, 592, 1804, 3304, 236, 284616, 1684
325328, 1508, 6880, 596, 1800, 3304, 236, 284624, 1684
325324, 1512, 6876, 596, 1800, 3308, 232, 284628, 1684
325320, 1512, 6864, 600, 1800, 3304, 232, 284644, 1684
325320, 1508, 6864, 596, 1804, 3304, 232, 284648, 1684
325320, 1500, 6868, 596, 1808, 3300, 236, 284648, 1684
325316, 1500, 6868, 596, 1804, 3296, 236, 284660, 1684
325316, 1500, 6856, 596, 1804, 3292, 240, 284672, 1684
325312, 1496, 6848, 600, 1800, 3292, 240, 284688, 1684
325312, 1488, 6856, 600, 1800, 3292, 240, 284688, 1684
325312, 1488, 6852, 600, 1800, 3292, 240, 284692, 1684
325304, 1484, 6860, 600, 1796, 3292, 240, 284700, 1684
325304, 1484, 6848, 596, 1800, 3288, 240, 284716, 1684
325300, 1484, 6848, 596, 1800, 3288, 240, 284720, 1684
325296, 1480, 6844, 600, 1796, 3292, 240, 284728, 1684
325284, 1488, 6832, 596, 1800, 3292, 240, 284744, 1684
325284, 1484, 6828, 592, 1804, 3292, 240, 284752, 1684
325280, 1488, 6816, 588, 1808, 3292, 240, 284764, 1684
325280, 1480, 6820, 592, 1804, 3292, 240, 284768, 1684
325280, 1480, 6820, 592, 1796, 3296, 240, 284772, 1684
325280, 1480, 6820, 592, 1788, 3292, 240, 284784, 1684
325280, 1480, 6820, 592, 1784, 3296, 236, 284788, 1684
325280, 1476, 6824, 588, 1788, 3296, 236, 284788, 1684
325272, 1484, 6824, 588, 1780, 3300, 236, 284792, 1684
325272, 1472, 6832, 592, 1776, 3296, 236, 284796, 1688
325272, 1464, 6832, 592, 1776, 3292, 236, 284808, 1688
325272, 1456, 6820, 592, 1776, 3284, 236, 284836, 1688
325268, 1448, 6816, 604, 1776, 3284, 236, 284840, 1688
325260, 1456, 6816, 604, 1776, 3284, 236, 284840, 1688
325256, 1456, 6812, 604, 1776, 3284, 236, 284848, 1688
325256, 1456, 6812, 604, 1768, 3288, 236, 284852, 1688
325252, 1456, 6808, 608, 1768, 3288, 236, 284856, 1688
325252, 1452, 6804, 604, 1772, 3288, 236, 284864, 1688
325248, 1452, 6808, 604, 1768, 3280, 236, 284876, 1688
325248, 1452, 6796, 604, 1768, 3280, 236, 284888, 1688
325244, 1444, 6792, 616, 1768, 3280, 236, 284892, 1688
325240, 1440, 6776, 616, 1772, 3280, 236, 284912, 1688
325240, 1436, 6776, 620, 1772, 3280, 236, 284912, 1688
325236, 1440, 6776, 620, 1772, 3280, 236, 284912, 1688
325232, 1440, 6768, 624, 1772, 3280, 236, 284920, 1688
325232, 1440, 6760, 624, 1772, 3280, 236, 284928, 1688
325228, 1440, 6756, 628, 1768, 3280, 236, 284936, 1688
325228, 1440, 6740, 628, 1764, 3280, 236, 284956, 1688
325228, 1436, 6732, 628, 1764, 3280, 236, 284968, 1688
325228, 1436, 6728, 628, 1760, 3280, 236, 284976, 1688
325228, 1424, 6724, 636, 1760, 3276, 236, 284988, 1688
325228, 1416, 6732, 628, 1768, 3272, 236, 284992, 1688
325228, 1404, 6728, 632, 1760, 3276, 232, 285012, 1688
325228, 1404, 6716, 632, 1756, 3276, 232, 285028, 1688
325224, 1400, 6720, 632, 1756, 3276, 232, 285032, 1688
325224, 1400, 6712, 632, 1756, 3276, 232, 285040, 1688
325224, 1400, 6708, 632, 1756, 3276, 232, 285044, 1688
325224, 1392, 6716, 632, 1756, 3272, 232, 285048, 1688
325224, 1388, 6708, 632, 1756, 3268, 232, 285064, 1688
325224, 1388, 6704, 632, 1752, 3264, 232, 285076, 1688
325220, 1384, 6704, 636, 1752, 3264, 232, 285080, 1688
325220, 1380, 6696, 640, 1752, 3264, 232, 285088, 1688
325220, 1380, 6688, 640, 1752, 3260, 232, 285100, 1688
325216, 1380, 6680, 640, 1752, 3260, 232, 285112, 1688
325216, 1376, 6676, 636, 1756, 3260, 232, 285120, 1688
325212, 1372, 6684, 636, 1752, 3260, 232, 285124, 1688
325204, 1376, 6688, 628, 1756, 3256, 232, 285132, 1688
325200, 1376, 6680, 628, 1752, 3256, 232, 285148, 1688
325192, 1384, 6672, 628, 1752, 3256, 232, 285156, 1688
325192, 1384, 6660, 624, 1756, 3256, 232, 285168, 1688
325184, 1388, 6664, 624, 1756, 3256, 232, 285168, 1688
325184, 1380, 6668, 624, 1752, 3256, 232, 285176, 1688
325184, 1380, 6664, 624, 1752, 3256, 232, 285180, 1688
325184, 1380, 6652, 620, 1756, 3256, 232, 285192, 1688
325184, 1380, 6640, 620, 1752, 3260, 232, 285204, 1688
325184, 1376, 6640, 620, 1752, 3256, 232, 285212, 1688
325184, 1368, 6636, 620, 1752, 3256, 232, 285224, 1688
325180, 1368, 6628, 620, 1752, 3256, 232, 285236, 1688
325176, 1364, 6632, 624, 1752, 3256, 232, 285236, 1688
325172, 1360, 6636, 620, 1756, 3256, 232, 285240, 1688
325164, 1364, 6632, 624, 1756, 3256, 232, 285244, 1688
325164, 1356, 6624, 628, 1756, 3256, 232, 285256, 1688
325152, 1364, 6620, 628, 1752, 3252, 232, 285272, 1688
325152, 1360, 6616, 628, 1752, 3252, 232, 285280, 1688
325140, 1368, 6616, 632, 1752, 3248, 236, 285280, 1688
325136, 1372, 6612, 632, 1744, 3248, 240, 285288, 1688
325136, 1372, 6604, 632, 1744, 3248, 240, 285296, 1688
325136, 1368, 6600, 636, 1740, 3248, 240, 285304, 1688
325136, 1368, 6592, 636, 1740, 3248, 240, 285312, 1688
325132, 1372, 6584, 636, 1736, 3248, 240, 285324, 1688
325128, 1372, 6584, 636, 1736, 3248, 240, 285328, 1688
325128, 1372, 6580, 636, 1736, 3244, 240, 285336, 1688
325128, 1372, 6572, 632, 1736, 3244, 240, 285348, 1688
325128, 1368, 6568, 624, 1744, 3240, 240, 285356, 1692
325128, 1368, 6568, 620, 1748, 3240, 240, 285356, 1692
325128, 1364, 6556, 620, 1752, 3240, 240, 285368, 1692
325128, 1364, 6552, 620, 1752, 3240, 240, 285372, 1692
325128, 1352, 6560, 620, 1744, 3240, 240, 285384, 1692
325128, 1344, 6568, 620, 1740, 3240, 240, 285384, 1696
325128, 1344, 6552, 620, 1740, 3240, 240, 285400, 1696
325128, 1344, 6548, 620, 1740, 3240, 240, 285404, 1696
325128, 1344, 6544, 620, 1740, 3236, 240, 285412, 1696
325124, 1348, 6536, 620, 1736, 3240, 240, 285420, 1696
325124, 1340, 6528, 620, 1736, 3236, 240, 285440, 1696
325124, 1340, 6524, 620, 1736, 3236, 240, 285444, 1696
325116, 1348, 6516, 620, 1732, 3236, 240, 285456, 1696
325116, 1348, 6512, 620, 1732, 3236, 240, 285460, 1696
325116, 1348, 6508, 620, 1732, 3236, 240, 285464, 1696
325116, 1344, 6512, 620, 1732, 3236, 240, 285464, 1696
325116, 1344, 6512, 620, 1732, 3236, 240, 285464, 1696
325116, 1344, 6500, 620, 1728, 3236, 240, 285480, 1696
325116, 1332, 6504, 620, 1724, 3236, 240, 285492, 1696
325112, 1320, 6512, 620, 1720, 3236, 240, 285504, 1696
325112, 1316, 6512, 620, 1720, 3236, 240, 285508, 1696
325112, 1312, 6512, 620, 1720, 3236, 240, 285512, 1696
325104, 1320, 6512, 620, 1720, 3236, 236, 285512, 1700
325100, 1324, 6512, 620, 1716, 3236, 236, 285516, 1700
325100, 1320, 6508, 624, 1716, 3236, 236, 285520, 1700
325096, 1320, 6508, 624, 1716, 3236, 236, 285524, 1700
325096, 1304, 6516, 628, 1716, 3236, 236, 285528, 1700
325096, 1300, 6516, 628, 1712, 3236, 236, 285536, 1700
325096, 1296, 6516, 628, 1712, 3236, 236, 285540, 1700
325092, 1300, 6516, 628, 1712, 3236, 236, 285540, 1700
325092, 1300, 6508, 628, 1712, 3232, 236, 285552, 1700
325092, 1300, 6500, 628, 1712, 3232, 236, 285560, 1700
325092, 1292, 6504, 624, 1716, 3232, 236, 285564, 1700
325092, 1292, 6504, 624, 1712, 3232, 236, 285564, 1704
325092, 1288, 6504, 620, 1716, 3232, 236, 285568, 1704
325088, 1292, 6504, 620, 1716, 3232, 236, 285568, 1704
325084, 1296, 6496, 612, 1716, 3228, 236, 285584, 1708
325080, 1292, 6496, 616, 1708, 3232, 236, 285592, 1708
325080, 1284, 6496, 620, 1704, 3232, 236, 285600, 1708
325080, 1284, 6488, 620, 1696, 3232, 236, 285616, 1708
325080, 1284, 6480, 620, 1696, 3232, 236, 285624, 1708
325076, 1288, 6476, 620, 1696, 3232, 236, 285628, 1708
325076, 1288, 6472, 620, 1696, 3232, 236, 285632, 1708
325076, 1288, 6468, 620, 1688, 3232, 236, 285644, 1708
325076, 1284, 6468, 620, 1684, 3232, 236, 285652, 1708
325076, 1280, 6468, 620, 1680, 3232, 236, 285660, 1708
325076, 1280, 6468, 620, 1680, 3232, 236, 285660, 1708
325072, 1284, 6464, 616, 1684, 3228, 236, 285668, 1708
325072, 1280, 6460, 620, 1680, 3232, 236, 285672, 1708
325068, 1284, 6444, 616, 1684, 3232, 236, 285688, 1708
325064, 1284, 6448, 612, 1684, 3236, 236, 285688, 1708
325064, 1280, 6444, 616, 1684, 3236, 236, 285692, 1708
325064, 1280, 6440, 616, 1684, 3236, 236, 285696, 1708
325056, 1284, 6444, 616, 1684, 3232, 236, 285700, 1708
325048, 1292, 6444, 616, 1684, 3232, 236, 285700, 1708
325044, 1288, 6444, 612, 1688, 3232, 236, 285708, 1708
325044, 1284, 6440, 616, 1688, 3232, 236, 285712, 1708
325044, 1280, 6432, 616, 1688, 3224, 240, 285728, 1708
325044, 1276, 6424, 616, 1692, 3224, 240, 285736, 1708
325044, 1268, 6416, 620, 1692, 3220, 240, 285752, 1708
325044, 1260, 6420, 620, 1696, 3216, 240, 285756, 1708
325040, 1264, 6412, 620, 1692, 3220, 240, 285764, 1708
325036, 1268, 6400, 616, 1692, 3220, 240, 285780, 1708
325036, 1256, 6404, 612, 1688, 3220, 240, 285796, 1708
325036, 1248, 6408, 612, 1684, 3216, 240, 285808, 1708
325032, 1244, 6404, 616, 1684, 3216, 240, 285816, 1708
325024, 1252, 6400, 616, 1684, 3216, 240, 285820, 1708
325024, 1248, 6396, 616, 1684, 3216, 240, 285828, 1708
325020, 1244, 6396, 620, 1684, 3216, 240, 285832, 1708
325020, 1244, 6388, 620, 1680, 3216, 240, 285844, 1708
325016, 1244, 6392, 620, 1680, 3216, 240, 285844, 1708
325016, 1240, 6388, 620, 1680, 3212, 240, 285856, 1708
325008, 1244, 6392, 616, 1676, 3212, 240, 285864, 1708
325008, 1240, 6392, 612, 1672, 3216, 240, 285872, 1708
325004, 1236, 6396, 616, 1672, 3216, 240, 285872, 1708
325000, 1240, 6392, 616, 1672, 3216, 240, 285876, 1708
325000, 1236, 6380, 616, 1664, 3216, 240, 285900, 1708
325000, 1236, 6368, 616, 1656, 3216, 240, 285916, 1712
325000, 1236, 6368, 616, 1656, 3216, 240, 285916, 1712
324992, 1236, 6364, 620, 1656, 3216, 240, 285924, 1712
324992, 1236, 6360, 620, 1652, 3212, 240, 285936, 1712
324988, 1236, 6364, 616, 1652, 3212, 240, 285940, 1712
324988, 1232, 6364, 616, 1648, 3212, 240, 285948, 1712
324984, 1228, 6368, 620, 1648, 3212, 240, 285948, 1712
324980, 1228, 6360, 620, 1648, 3212, 240, 285960, 1712
324972, 1232, 6360, 620, 1648, 3212, 240, 285964, 1712
324972, 1228, 6364, 620, 1648, 3212, 240, 285964, 1712
324964, 1232, 6364, 620, 1644, 3216, 236, 285972, 1712
324964, 1232, 6352, 620, 1640, 3216, 236, 285988, 1712
324964, 1228, 6348, 624, 1636, 3216, 236, 285996, 1712
324964, 1228, 6344, 620, 1636, 3216, 236, 286004, 1712
324960, 1232, 6340, 616, 1632, 3216, 236, 286016, 1712
324956, 1236, 6340, 616, 1632, 3216, 236, 286016, 1712
324956, 1232, 6336, 616, 1632, 3216, 236, 286024, 1712
324952, 1236, 6328, 616, 1632, 3212, 236, 286036, 1712
324952, 1236, 6320, 612, 1632, 3204, 240, 286052, 1712
324952, 1228, 6312, 612, 1628, 3204, 240, 286072, 1712
324948, 1224, 6308, 612, 1632, 3204, 240, 286080, 1712
324940, 1228, 6308, 612, 1632, 3200, 240, 286088, 1712
324940, 1228, 6304, 608, 1636, 3200, 240, 286092, 1712
324940, 1220, 6308, 612, 1632, 3196, 240, 286100, 1712
324936, 1220, 6304, 616, 1624, 3192, 240, 286116, 1712
324936, 1212, 6308, 612, 1628, 3188, 240, 286124, 1712
324936, 1204, 6300, 612, 1628, 3188, 240, 286140, 1712
324932, 1200, 6308, 612, 1628, 3184, 240, 286144, 1712
324928, 1204, 6308, 608, 1632, 3184, 240, 286144, 1712
324924, 1204, 6304, 608, 1628, 3184, 240, 286156, 1712
324924, 1204, 6304, 608, 1628, 3184, 240, 286156, 1712
324924, 1196, 6304, 612, 1624, 3188, 240, 286160, 1712
324920, 1200, 6300, 612, 1624, 3188, 240, 286164, 1712
324916, 1200, 6292, 616, 1624, 3188, 240, 286172, 1712
324916, 1192, 6296, 612, 1628, 3188, 240, 286176, 1712
324916, 1188, 6296, 612, 1628, 3188, 240, 286180, 1712
324912, 1184, 6296, 612, 1620, 3188, 240, 286196, 1712
324912, 1184, 6284, 604, 1624, 3188, 240, 286212, 1712
324908, 1184, 6280, 600, 1624, 3172, 236, 286240, 1716
324908, 1184, 6276, 596, 1628, 3172, 236, 286244, 1716
324904, 1184, 6280, 596, 1628, 3168, 236, 286248, 1716
324900, 1188, 6272, 596, 1624, 3164, 236, 286264, 1716
324900, 1180, 6268, 596, 1624, 3160, 236, 286280, 1716
324900, 1176, 6260, 600, 1620, 3152, 236, 286300, 1716
324900, 1172, 6264, 600, 1620, 3148, 236, 286300, 1720
324896, 1172, 6264, 604, 1612, 3148, 236, 286308, 1720
324896, 1164, 6268, 600, 1616, 3148, 236, 286312, 1720
324896, 1152, 6272, 604, 1616, 3148, 236, 286316, 1720
324896, 1148, 6260, 604, 1608, 3148, 236, 286340, 1720
324892, 1144, 6248, 608, 1608, 3148, 236, 286356, 1720
324892, 1132, 6252, 612, 1608, 3148, 236, 286360, 1720
324892, 1128, 6240, 616, 1608, 3148, 236, 286372, 1720
324892, 1124, 6236, 616, 1608, 3148, 236, 286380, 1720
324888, 1128, 6220, 612, 1612, 3148, 236, 286396, 1720
324888, 1128, 6216, 612, 1612, 3144, 236, 286404, 1720
324888, 1128, 6212, 612, 1612, 3148, 232, 286408, 1720
324888, 1124, 6216, 612, 1608, 3148, 232, 286412, 1720
324884, 1120, 6212, 616, 1604, 3148, 232, 286424, 1720
324884, 1108, 6212, 624, 1604, 3144, 232, 286432, 1720
324884, 1100, 6208, 628, 1596, 3140, 232, 286452, 1720
324884, 1096, 6196, 624, 1600, 3140, 232, 286468, 1720
324884, 1084, 6208, 624, 1600, 3140, 232, 286468, 1720
324880, 1084, 6212, 624, 1600, 3140, 232, 286468, 1720
324876, 1088, 6208, 624, 1600, 3140, 232, 286472, 1720
324876, 1088, 6204, 624, 1600, 3140, 232, 286476, 1720
324876, 1088, 6196, 624, 1600, 3140, 232, 286484, 1720
324876, 1080, 6200, 624, 1600, 3140, 232, 286488, 1720
324876, 1080, 6200, 624, 1600, 3140, 232, 286488, 1720
324876, 1068, 6204, 628, 1596, 3140, 232, 286496, 1720
324876, 1060, 6208, 624, 1596, 3140, 232, 286504, 1720
324872, 1064, 6204, 624, 1596, 3136, 232, 286512, 1720
324872, 1060, 6192, 628, 1592, 3136, 232, 286528, 1720
324868, 1064, 6188, 628, 1592, 3136, 232, 286532, 1720
324868, 1064, 6188, 628, 1592, 3128, 232, 286540, 1720
324868, 1052, 6196, 632, 1584, 3132, 232, 286544, 1720
324868, 1044, 6200, 632, 1580, 3132, 232, 286552, 1720
324864, 1044, 6200, 636, 1580, 3132, 232, 286552, 1720
324860, 1044, 6200, 636, 1576, 3132, 232, 286560, 1720
324856, 1036, 6204, 636, 1576, 3132, 232, 286568, 1720
324856, 1036, 6200, 636, 1572, 3136, 232, 286572, 1720
324848, 1032, 6208, 636, 1568, 3132, 232, 286584, 1720
324836, 1036, 6208, 632, 1572, 3132, 232, 286592, 1720
324836, 1036, 6208, 632, 1572, 3132, 232, 286592, 1720
324836, 1020, 6216, 636, 1572, 3132, 232, 286596, 1720
324836, 1016, 6216, 640, 1572, 3132, 232, 286596, 1720
324828, 1024, 6216, 640, 1568, 3128, 232, 286604, 1720
324828, 1020, 6220, 636, 1572, 3128, 232, 286604, 1720
324824, 1020, 6220, 636, 1572, 3128, 232, 286608, 1720
324824, 1016, 6216, 628, 1580, 3124, 232, 286620, 1720
324824, 1016, 6212, 628, 1580, 3120, 232, 286628, 1720
324824, 1016, 6208, 628, 1576, 3120, 232, 286636, 1720
324824, 1012, 6200, 628, 1576, 3116, 232, 286652, 1720
324824, 1012, 6196, 628, 1576, 3116, 232, 286656, 1720
324820, 1016, 6188, 628, 1568, 3116, 232, 286672, 1720
324820, 1016, 6184, 628, 1564, 3116, 232, 286680, 1720
324820, 1016, 6180, 628, 1560, 3120, 232, 286684, 1720
324816, 1016, 6180, 628, 1560, 3120, 232, 286688, 1720
324812, 1012, 6184, 624, 1564, 3120, 232, 286692, 1720
324808, 1016, 6184, 620, 1568, 3120, 232, 286692, 1720
324808, 1012, 6176, 620, 1564, 3120, 232, 286708, 1720
324800, 1016, 6176, 620, 1560, 3120, 232, 286716, 1720
324796, 1016, 6180, 620, 1556, 3116, 232, 286724, 1720
324796, 1012, 6184, 620, 1556, 3116, 232, 286724, 1720
324784, 1024, 6180, 620, 1552, 3116, 232, 286732, 1720
324776, 1032, 6180, 620, 1548, 3116, 232, 286736, 1720
324772, 1032, 6180, 620, 1548, 3116, 232, 286740, 1720
324768, 1036, 6172, 616, 1552, 3116, 232, 286748, 1720
324768, 1036, 6168, 616, 1552, 3116, 232, 286752, 1720
324768, 1016, 6180, 620, 1548, 3116, 232, 286760, 1720
324756, 1028, 6168, 620, 1548, 3112, 232, 286776, 1720
324732, 1044, 6176, 616, 1552, 3112, 232, 286776, 1720
324720, 1052, 6180, 616, 1552, 3108, 232, 286780, 1720
324708, 1060, 6184, 612, 1556, 3108, 232, 286780, 1720
324704, 1064, 6184, 612, 1552, 3108, 232, 286784, 1720
324700, 1068, 6180, 612, 1552, 3108, 232, 286788, 1720
324700, 1060, 6180, 616, 1552, 3104, 232, 286796, 1720
324696, 1060, 6184, 612, 1552, 3104, 232, 286800, 1720
324684, 1072, 6180, 612, 1552, 3100, 232, 286808, 1720
324676, 1076, 6184, 608, 1556, 3096, 232, 286812, 1720
324668, 1084, 6164, 608, 1552, 3096, 232, 286836, 1720
324656, 1096, 6164, 608, 1552, 3092, 232, 286840, 1720
324652, 1100, 6152, 608, 1548, 3092, 232, 286856, 1720
324648, 1096, 6148, 616, 1548, 3088, 232, 286864, 1720
324644, 1092, 6152, 616, 1548, 3084, 232, 286872, 1720
324640, 1088, 6156, 612, 1552, 3080, 232, 286880, 1720
324636, 1092, 6152, 612, 1552, 3076, 232, 286888, 1720
324636, 1092, 6148, 612, 1552, 3072, 232, 286896, 1720
324632, 1088, 6136, 616, 1548, 3072, 232, 286916, 1720
324628, 1092, 6132, 616, 1544, 3072, 232, 286924, 1720
324628, 1092, 6128, 616, 1540, 3068, 228, 286936, 1724
324620, 1100, 6124, 616, 1540, 3068, 228, 286940, 1724
324616, 1100, 6112, 620, 1532, 3072, 228, 286956, 1724
324604, 1108, 6108, 620, 1532, 3072, 228, 286964, 1724
324596, 1112, 6104, 624, 1532, 3072, 228, 286968, 1724
324592, 1116, 6100, 624, 1532, 3064, 232, 286976, 1724
324588, 1116, 6100, 624, 1532, 3064, 232, 286980, 1724
324588, 1116, 6096, 624, 1528, 3064, 232, 286988, 1724
324584, 1116, 6088, 628, 1528, 3064, 232, 286996, 1724
324580, 1116, 6080, 628, 1520, 3064, 232, 287016, 1724
324576, 1112, 6080, 628, 1520, 3060, 232, 287028, 1724
324568, 1116, 6076, 628, 1512, 3064, 232, 287040, 1724
324564, 1120, 6072, 628, 1512, 3060, 236, 287044, 1724
324560, 1120, 6076, 628, 1508, 3060, 236, 287048, 1724
324552, 1128, 6072, 628, 1508, 3060, 236, 287052, 1724
324552, 1128, 6072, 628, 1508, 3056, 236, 287056, 1724
324552, 1120, 6080, 628, 1508, 3056, 236, 287056, 1724
324544, 1124, 6080, 632, 1504, 3056, 236, 287060, 1724
324536, 1128, 6084, 632, 1500, 3060, 236, 287060, 1724
324536, 1128, 6072, 632, 1496, 3060, 236, 287076, 1724
324528, 1136, 6064, 632, 1496, 3060, 236, 287084, 1724
324520, 1144, 6060, 632, 1496, 3060, 236, 287088, 1724
324516, 1144, 6060, 636, 1496, 3060, 236, 287088, 1724
324508, 1152, 6048, 636, 1496, 3060, 236, 287100, 1724
324508, 1152, 6040, 636, 1492, 3060, 236, 287112, 1724
324500, 1160, 6036, 636, 1492, 3060, 236, 287116, 1724
324496, 1164, 6032, 632, 1496, 3060, 236, 287120, 1724
324496, 1160, 6028, 632, 1500, 3060, 236, 287124, 1724
324492, 1160, 6032, 632, 1500, 3060, 236, 287124, 1724
324492, 1156, 6016, 636, 1496, 3060, 236, 287144, 1724
324488, 1152, 6004, 640, 1496, 3060, 236, 287160, 1724
324488, 1152, 5996, 640, 1496, 3060, 236, 287168, 1724
324488, 1148, 5992, 636, 1504, 3060, 236, 287172, 1724
324484, 1152, 5988, 632, 1508, 3060, 236, 287176, 1724
324484, 1152, 5984, 632, 1504, 3060, 236, 287184, 1724
324484, 1144, 5992, 632, 1500, 3056, 240, 287188, 1724
324484, 1136, 5996, 632, 1500, 3056, 240, 287192, 1724
324484, 1128, 6000, 632, 1496, 3056, 240, 287200, 1724
324484, 1128, 5996, 632, 1496, 3056, 240, 287204, 1724
324484, 1120, 5996, 632, 1496, 3056, 240, 287212, 1724
324484, 1116, 5992, 632, 1496, 3056, 240, 287220, 1724
324480, 1112, 5984, 632, 1496, 3056, 240, 287236, 1724
324480, 1112, 5976, 632, 1496, 3052, 240, 287248, 1724
324480, 1104, 5976, 636, 1496, 3052, 240, 287252, 1724
324472, 1112, 5968, 636, 1492, 3052, 240, 287264, 1724
324472, 1108, 5964, 636, 1492, 3052, 240, 287272, 1724
324468, 1108, 5956, 640, 1492, 3048, 240, 287284, 1724
324460, 1116, 5956, 640, 1492, 3040, 240, 287292, 1724
324460, 1116, 5956, 640, 1492, 3036, 244, 287292, 1724
324460, 1116, 5952, 640, 1492, 3032, 244, 287300, 1724
324460, 1116, 5948, 640, 1492, 3028, 244, 287308, 1724
324460, 1116, 5944, 640, 1492, 3028, 244, 287312, 1724
324460, 1112, 5948, 636, 1496, 3028, 244, 287312, 1724
324460, 1112, 5944, 632, 1500, 3028, 244, 287316, 1724
324460, 1112, 5940, 632, 1500, 3024, 248, 287320, 1724
324460, 1112, 5936, 632, 1500, 3016, 248, 287332, 1724
324460, 1112, 5932, 632, 1496, 3012, 248, 287344, 1724
324456, 1116, 5928, 632, 1496, 3012, 248, 287348, 1724
324452, 1120, 5928, 628, 1500, 3012, 248, 287348, 1724
324452, 1120, 5920, 628, 1500, 3004, 248, 287364, 1724
324452, 1116, 5920, 628, 1500, 3008, 248, 287364, 1724
324452, 1104, 5932, 628, 1500, 3008, 248, 287364, 1724
324452, 1100, 5936, 628, 1496, 3004, 248, 287372, 1724
324452, 1100, 5936, 628, 1496, 3000, 248, 287376, 1724
324452, 1100, 5924, 628, 1496, 3000, 248, 287388, 1724
324448, 1100, 5924, 628, 1500, 3000, 248, 287388, 1724
324444, 1104, 5924, 628, 1500, 2996, 248, 287392, 1724
324444, 1100, 5924, 632, 1500, 2996, 248, 287392, 1724
324436, 1108, 5924, 632, 1500, 3000, 244, 287392, 1724
324432, 1104, 5928, 632, 1496, 3008, 240, 287396, 1724
324432, 1104, 5920, 632, 1496, 3008, 240, 287404, 1724
324424, 1112, 5920, 632, 1496, 3004, 240, 287408, 1724
324420, 1116, 5916, 632, 1492, 3004, 240, 287416, 1724
324416, 1120, 5912, 628, 1496, 3004, 240, 287420, 1724
324416, 1116, 5908, 628, 1496, 3004, 240, 287428, 1724
324416, 1116, 5908, 628, 1496, 2996, 240, 287436, 1724
324412, 1116, 5908, 628, 1488, 2996, 240, 287448, 1724
324412, 1112, 5904, 628, 1488, 2996, 240, 287456, 1724
324412, 1104, 5904, 636, 1484, 3000, 240, 287456, 1724
324408, 1108, 5892, 636, 1480, 2996, 240, 287476, 1724
324408, 1108, 5888, 636, 1480, 2996, 240, 287480, 1724
324404, 1108, 5884, 636, 1476, 3000, 240, 287488, 1724
324404, 1104, 5872, 640, 1476, 3000, 240, 287500, 1724
324404, 1100, 5864, 640, 1480, 3000, 240, 287508, 1724
324400, 1104, 5860, 640, 1480, 3000, 240, 287512, 1724
324400, 1100, 5852, 644, 1480, 3000, 240, 287520, 1724
324396, 1104, 5852, 644, 1480, 2996, 240, 287520, 1728
324396, 1104, 5852, 644, 1476, 2996, 240, 287524, 1728
324396, 1104, 5836, 644, 1476, 2996, 240, 287540, 1728
324396, 1104, 5832, 644, 1476, 2996, 240, 287544, 1728
324396, 1104, 5828, 644, 1476, 2996, 240, 287548, 1728
324396, 1104, 5820, 644, 1476, 2992, 240, 287560, 1728
324388, 1108, 5816, 648, 1476, 2992, 240, 287564, 1728
324388, 1108, 5812, 648, 1476, 2992, 240, 287568, 1728
324388, 1108, 5808, 648, 1472, 2988, 240, 287580, 1728
324384, 1112, 5804, 648, 1468, 2988, 240, 287588, 1728
324380, 1116, 5804, 648, 1464, 2984, 240, 287596, 1728
324380, 1116, 5792, 648, 1464, 2984, 240, 287608, 1728
324380, 1116, 5788, 644, 1468, 2984, 240, 287612, 1728
324376, 1112, 5792, 644, 1468, 2984, 240, 287616, 1728
324376, 1108, 5792, 640, 1472, 2984, 240, 287620, 1728
324376, 1104, 5792, 640, 1472, 2984, 240, 287624, 1728
324376, 1100, 5792, 636, 1472, 2980, 240, 287636, 1728
324376, 1092, 5788, 636, 1472, 2976, 240, 287652, 1728
324376, 1092, 5776, 636, 1472, 2972, 240, 287668, 1728
324376, 1088, 5780, 636, 1472, 2968, 240, 287672, 1728
324376, 1088, 5780, 636, 1472, 2972, 236, 287672, 1728
324376, 1084, 5772, 636, 1460, 2972, 236, 287696, 1728
324376, 1076, 5776, 636, 1460, 2968, 236, 287704, 1728
324376, 1076, 5772, 632, 1464, 2968, 236, 287708, 1728
324376, 1072, 5764, 628, 1464, 2968, 236, 287724, 1728
324376, 1068, 5760, 628, 1464, 2968, 236, 287732, 1728
324368, 1072, 5752, 624, 1464, 2968, 236, 287748, 1728
324368, 1068, 5756, 624, 1460, 2968, 236, 287752, 1728
324364, 1064, 5752, 628, 1460, 2968, 236, 287760, 1728
324360, 1068, 5748, 628, 1456, 2964, 236, 287772, 1728
324356, 1072, 5748, 624, 1456, 2964, 236, 287776, 1728
324356, 1072, 5748, 620, 1456, 2964, 236, 287780, 1728
324352, 1072, 5736, 624, 1456, 2956, 236, 287800, 1728
324352, 1072, 5724, 624, 1456, 2952, 236, 287816, 1728
324352, 1072, 5720, 620, 1456, 2952, 236, 287824, 1728
324344, 1080, 5716, 616, 1456, 2952, 236, 287832, 1728
324332, 1092, 5712, 616, 1456, 2948, 236, 287840, 1728
324332, 1084, 5716, 620, 1456, 2948, 236, 287840, 1728
324324, 1092, 5708, 616, 1460, 2948, 236, 287848, 1728
324320, 1096, 5708, 616, 1460, 2948, 236, 287848, 1728
324312, 1100, 5708, 616, 1460, 2944, 236, 287856, 1728
324308, 1092, 5700, 620, 1464, 2940, 236, 287872, 1728
324304, 1092, 5700, 620, 1464, 2940, 236, 287876, 1728
324296, 1100, 5696, 620, 1464, 2940, 236, 287880, 1728
324292, 1096, 5692, 620, 1464, 2936, 236, 287896, 1728
324284, 1104, 5684, 616, 1468, 2936, 236, 287904, 1728
324284, 1104, 5676, 616, 1468, 2936, 236, 287912, 1728
324284, 1104, 5672, 612, 1472, 2932, 236, 287920, 1728
324272, 1112, 5668, 616, 1472, 2932, 236, 287924, 1728
324272, 1112, 5664, 616, 1472, 2932, 236, 287928, 1728
324272, 1112, 5656, 612, 1476, 2932, 236, 287936, 1728
324268, 1096, 5676, 612, 1476, 2932, 236, 287936, 1728
324260, 1100, 5676, 608, 1480, 2928, 236, 287940, 1732
324260, 1100, 5672, 608, 1480, 2928, 236, 287944, 1732
324260, 1100, 5668, 608, 1480, 2928, 236, 287948, 1732
324260, 1100, 5660, 608, 1480, 2924, 236, 287960, 1732
324256, 1100, 5656, 612, 1476, 2928, 236, 287964, 1732
324248, 1108, 5656, 612, 1476, 2928, 236, 287964, 1732
324248, 1108, 5656, 612, 1476, 2928, 236, 287964, 1732
324248, 1108, 5648, 608, 1480, 2928, 236, 287972, 1732
324244, 1112, 5640, 608, 1480, 2924, 236, 287984, 1732
324240, 1116, 5636, 608, 1480, 2924, 236, 287988, 1732
324240, 1108, 5628, 612, 1480, 2920, 236, 288004, 1732
324236, 1104, 5632, 612, 1480, 2912, 236, 288016, 1732
324232, 1104, 5632, 612, 1480, 2912, 236, 288020, 1732
324228, 1104, 5632, 612, 1480, 2912, 236, 288024, 1732
324216, 1116, 5632, 612, 1480, 2912, 236, 288024, 1732
324204, 1124, 5636, 612, 1480, 2904, 236, 288032, 1732
324192, 1136, 5624, 612, 1480, 2904, 236, 288044, 1732
324188, 1128, 5624, 616, 1480, 2904, 236, 288052, 1732
324176, 1140, 5624, 616, 1476, 2904, 236, 288056, 1732
324164, 1144, 5628, 616, 1476, 2904, 236, 288060, 1732
324164, 1144, 5624, 612, 1480, 2904, 236, 288064, 1732
324164, 1136, 5624, 616, 1480, 2904, 236, 288068, 1732
324164, 1136, 5624, 616, 1476, 2908, 236, 288068, 1732
324160, 1132, 5624, 616, 1476, 2908, 236, 288076, 1732
324156, 1128, 5620, 620, 1476, 2908, 236, 288084, 1732
324156, 1128, 5612, 620, 1476, 2908, 236, 288092, 1732
324152, 1120, 5620, 620, 1468, 2908, 236, 288104, 1732
324148, 1124, 5608, 620, 1468, 2908, 236, 288116, 1732
324140, 1132, 5600, 620, 1464, 2908, 236, 288128, 1732
324140, 1132, 5596, 620, 1460, 2912, 236, 288132, 1732
324132, 1128, 5592, 628, 1460, 2912, 236, 288140, 1732
324124, 1136, 5584, 624, 1464, 2912, 236, 288148, 1732
324120, 1136, 5580, 628, 1456, 2912, 236, 288160, 1732
324120, 1128, 5576, 624, 1460, 2912, 236, 288172, 1732
324120, 1128, 5572, 624, 1460, 2908, 236, 288180, 1732
324120, 1120, 5576, 624, 1456, 2908, 236, 288188, 1732
324112, 1124, 5580, 624, 1456, 2908, 236, 288188, 1732
324112, 1124, 5580, 624, 1456, 2908, 236, 288188, 1732
324104, 1128, 5576, 628, 1456, 2904, 236, 288196, 1732
324104, 1128, 5576, 628, 1452, 2904, 236, 288200, 1732
324104, 1128, 5568, 628, 1448, 2900, 236, 288216, 1732
324104, 1128, 5564, 628, 1448, 2900, 236, 288220, 1732
324100, 1128, 5564, 628, 1448, 2900, 236, 288224, 1732
324100, 1124, 5568, 628, 1448, 2900, 236, 288224, 1732
324100, 1124, 5560, 628, 1444, 2900, 236, 288236, 1732
324100, 1124, 5548, 628, 1444, 2900, 236, 288248, 1732
324092, 1124, 5548, 632, 1444, 2896, 236, 288256, 1732
324092, 1120, 5548, 632, 1444, 2896, 236, 288260, 1732
324092, 1120, 5540, 632, 1444, 2896, 236, 288268, 1732
324092, 1116, 5536, 632, 1440, 2896, 236, 288280, 1732
324088, 1112, 5536, 632, 1436, 2892, 236, 288296, 1732
324088, 1112, 5536, 632, 1436, 2892, 236, 288296, 1732
324088, 1100, 5544, 632, 1436, 2892, 236, 288300, 1732
324088, 1100, 5540, 632, 1436, 2888, 236, 288308, 1732
324084, 1104, 5532, 624, 1440, 2888, 236, 288320, 1732
324076, 1104, 5540, 624, 1432, 2892, 236, 288324, 1732
324076, 1100, 5528, 628, 1432, 2892, 236, 288336, 1732
324076, 1100, 5528, 628, 1424, 2888, 236, 288344, 1736
324076, 1100, 5528, 628, 1424, 2888, 236, 288344, 1736
324072, 1104, 5524, 624, 1428, 2888, 236, 288348, 1736
324072, 1104, 5520, 624, 1424, 2892, 236, 288352, 1736
324072, 1100, 5516, 628, 1420, 2892, 236, 288360, 1736
324068, 1104, 5516, 624, 1424, 2888, 236, 288364, 1736
324064, 1108, 5516, 624, 1424, 2884, 236, 288368, 1736
324064, 1108, 5512, 620, 1428, 2884, 236, 288372, 1736
324064, 1108, 5508, 620, 1424, 2888, 236, 288376, 1736
324060, 1108, 5504, 624, 1424, 2888, 236, 288380, 1736
324060, 1104, 5496, 620, 1428, 2888, 236, 288392, 1736
324056, 1104, 5492, 616, 1432, 2888, 236, 288400, 1736
324056, 1104, 5492, 616, 1428, 2888, 236, 288404, 1736
324056, 1104, 5488, 616, 1428, 2888, 236, 288408, 1736
324056, 1100, 5488, 620, 1424, 2888, 236, 288408, 1740
324052, 1104, 5476, 620, 1420, 2892, 236, 288420, 1740
324052, 1096, 5480, 616, 1424, 2892, 236, 288424, 1740
324052, 1092, 5480, 616, 1424, 2892, 236, 288428, 1740
324052, 1084, 5480, 620, 1420, 2892, 236, 288436, 1740
324052, 1084, 5472, 620, 1416, 2888, 236, 288452, 1740
324048, 1088, 5460, 620, 1412, 2888, 236, 288468, 1740
324048, 1084, 5456, 624, 1412, 2888, 236, 288472, 1740
324048, 1080, 5456, 628, 1412, 2888, 236, 288472, 1740
324048, 1072, 5464, 628, 1408, 2888, 236, 288476, 1740
324048, 1072, 5452, 628, 1408, 2888, 236, 288488, 1740
324048, 1064, 5456, 632, 1404, 2888, 236, 288492, 1740
324048, 1060, 5452, 632, 1404, 2888, 236, 288500, 1740
324048, 1060, 5452, 628, 1408, 2884, 236, 288504, 1740
324048, 1060, 5444, 624, 1412, 2884, 236, 288512, 1740
324048, 1056, 5448, 624, 1412, 2884, 236, 288512, 1740
324044, 1056, 5444, 620, 1416, 2884, 236, 288520, 1740
324044, 1052, 5444, 620, 1420, 2884, 236, 288520, 1740
324044, 1044, 5448, 620, 1416, 2884, 236, 288528, 1740
324040, 1044, 5444, 620, 1416, 2884, 236, 288536, 1740
324040, 1044, 5440, 616, 1420, 2884, 236, 288540, 1740
324040, 1044, 5440, 616, 1420, 2884, 236, 288540, 1740
324040, 1040, 5444, 616, 1416, 2884, 236, 288544, 1740
324036, 1040, 5444, 616, 1416, 2884, 236, 288548, 1740
324036, 1036, 5440, 620, 1416, 2880, 236, 288556, 1740
324032, 1036, 5440, 620, 1416, 2880, 236, 288560, 1740
324024, 1040, 5436, 624, 1412, 2876, 236, 288572, 1740
324024, 1036, 5440, 624, 1408, 2876, 236, 288576, 1740
324016, 1040, 5440, 624, 1404, 2880, 236, 288580, 1740
324012, 1040, 5440, 628, 1404, 2880, 236, 288580, 1740
324008, 1040, 5444, 628, 1400, 2880, 236, 288584, 1740
324008, 1040, 5440, 624, 1400, 2880, 236, 288592, 1740
324004, 1040, 5440, 624, 1400, 2880, 232, 288600, 1740
324004, 1040, 5432, 624, 1400, 2876, 232, 288612, 1740
324004, 1032, 5432, 624, 1400, 2876, 232, 288620, 1740
324004, 1032, 5420, 624, 1400, 2876, 232, 288632, 1740
324004, 1032, 5420, 620, 1404, 2876, 232, 288632, 1740
324000, 1028, 5424, 624, 1400, 2872, 232, 288640, 1740
324000, 1024, 5424, 624, 1400, 2872, 232, 288644, 1740
324000, 1024, 5420, 620, 1400, 2876, 232, 288648, 1740
324000, 1020, 5416, 616, 1404, 2876, 232, 288656, 1740
324000, 1020, 5408, 616, 1404, 2868, 232, 288668, 1744
324000, 1016, 5404, 616, 1408, 2868, 232, 288672, 1744
324000, 1012, 5408, 616, 1408, 2868, 232, 288672, 1744
324000, 1012, 5400, 612, 1412, 2868, 232, 288680, 1744
324000, 1012, 5396, 612, 1412, 2868, 232, 288684, 1744
324000, 1012, 5392, 612, 1412, 2864, 232, 288692, 1744
323992, 1016, 5396, 608, 1416, 2864, 232, 288692, 1744
323984, 1024, 5392, 608, 1416, 2864, 232, 288696, 1744
323980, 1028, 5392, 608, 1416, 2864, 232, 288696, 1744
323972, 1032, 5392, 608, 1416, 2864, 232, 288700, 1744
323968, 1032, 5392, 612, 1416, 2864, 232, 288700, 1744
323960, 1036, 5396, 612, 1412, 2864, 232, 288704, 1744
323952, 1040, 5396, 616, 1412, 2864, 232, 288704, 1744
323944, 1040, 5384, 624, 1412, 2860, 232, 288720, 1744
323936, 1048, 5376, 624, 1412, 2860, 232, 288728, 1744
323928, 1056, 5360, 624, 1412, 2856, 232, 288748, 1744
323920, 1056, 5364, 624, 1408, 2860, 232, 288752, 1744
323912, 1060, 5364, 628, 1408, 2860, 232, 288752, 1744
323904, 1064, 5356, 624, 1412, 2860, 232, 288764, 1744
323904, 1064, 5356, 624, 1412, 2860, 232, 288764, 1744
323904, 1060, 5348, 628, 1412, 2860, 232, 288772, 1744
323892, 1068, 5344, 632, 1412, 2860, 232, 288776, 1744
323884, 1076, 5344, 632, 1412, 2860, 232, 288776, 1744
323880, 1080, 5336, 632, 1412, 2860, 232, 288784, 1744
323876, 1084, 5336, 632, 1412, 2860, 232, 288784, 1744
323868, 1092, 5328, 632, 1408, 2864, 232, 288792, 1744
323864, 1092, 5328, 636, 1408, 2864, 232, 288792, 1744
323860, 1096, 5320, 636, 1404, 2860, 232, 288808, 1744
323852, 1104, 5312, 636, 1404, 2860, 232, 288816, 1744
323840, 1112, 5308, 636, 1400, 2860, 232, 288828, 1744
323840, 1108, 5312, 636, 1396, 2860, 232, 288832, 1744
323836, 1112, 5308, 636, 1396, 2856, 232, 288840, 1744
323832, 1112, 5312, 636, 1396, 2856, 232, 288840, 1744
323808, 1136, 5308, 636, 1392, 2856, 232, 288848, 1744
323796, 1148, 5296, 632, 1396, 2856, 232, 288860, 1744
323792, 1148, 5296, 632, 1396, 2852, 232, 288868, 1744
323784, 1152, 5296, 632, 1396, 2852, 232, 288872, 1744
323780, 1156, 5292, 632, 1388, 2848, 232, 288884, 1748
323780, 1156, 5284, 632, 1384, 2848, 232, 288896, 1748
323772, 1160, 5284, 632, 1384, 2844, 232, 288904, 1748
323768, 1152, 5296, 632, 1384, 2840, 232, 288908, 1748
323764, 1148, 5304, 632, 1384, 2836, 232, 288912, 1748
323752, 1156, 5308, 632, 1384, 2832, 232, 288916, 1748
323748, 1156, 5312, 632, 1380, 2832, 232, 288916, 1752
323744, 1160, 5308, 628, 1384, 2832, 232, 288920, 1752
323744, 1160, 5308, 628, 1380, 2828, 232, 288928, 1752
323744, 1156, 5304, 628, 1384, 2828, 232, 288932, 1752
323744, 1156, 5288, 628, 1384, 2828, 232, 288948, 1752
323740, 1160, 5284, 628, 1380, 2832, 232, 288952, 1752
323724, 1176, 5284, 628, 1380, 2832, 232, 288952, 1752
323720, 1180, 5280, 628, 1376, 2832, 232, 288960, 1752
323716, 1176, 5288, 628, 1376, 2832, 232, 288960, 1752
323716, 1172, 5292, 628, 1376, 2832, 232, 288960, 1752
323712, 1176, 5292, 620, 1380, 2836, 232, 288960, 1752
323708, 1176, 5292, 616, 1384, 2836, 232, 288964, 1752
323704, 1180, 5284, 616, 1380, 2836, 232, 288976, 1752
323696, 1180, 5284, 612, 1384, 2836, 232, 288984, 1752
323692, 1184, 5272, 608, 1384, 2836, 232, 289000, 1752
323688, 1184, 5264, 608, 1380, 2836, 232, 289016, 1752
323680, 1188, 5264, 608, 1380, 2836, 232, 289020, 1752
323676, 1192, 5252, 608, 1380, 2836, 232, 289032, 1752
323676, 1188, 5252, 604, 1380, 2836, 232, 289040, 1752
323672, 1188, 5256, 600, 1380, 2832, 228, 289052, 1752
323672, 1184, 5252, 600, 1380, 2828, 228, 289064, 1752
323672, 1184, 5236, 600, 1376, 2828, 228, 289084, 1752
323672, 1184, 5236, 600, 1376, 2828, 228, 289084, 1752
323672, 1184, 5236, 600, 1376, 2828, 228, 289084, 1752
323672, 1184, 5236, 600, 1376, 2828, 228, 289084, 1752
323672, 1184, 5228, 600, 1372, 2828, 228, 289096, 1752
323672, 1180, 5228, 592, 1376, 2832, 228, 289100, 1752
323672, 1172, 5232, 592, 1376, 2832, 228, 289104, 1752
323672, 1164, 5236, 592, 1376, 2832, 228, 289108, 1752
323672, 1164, 5236, 592, 1368, 2840, 228, 289108, 1752
323668, 1168, 5228, 592, 1368, 2840, 228, 289116, 1752
323668, 1164, 5224, 592, 1368, 2840, 228, 289124, 1752
323668, 1164, 5216, 592, 1368, 2836, 228, 289136, 1752
323664, 1168, 5216, 588, 1368, 2836, 228, 289140, 1752
323664, 1164, 5216, 588, 1364, 2832, 228, 289152, 1752
323664, 1160, 5208, 584, 1368, 2832, 228, 289164, 1752
323660, 1160, 5208, 588, 1368, 2832, 228, 289164, 1752
323660, 1156, 5204, 588, 1372, 2832, 228, 289168, 1752
323660, 1148, 5208, 588, 1368, 2832, 228, 289176, 1752
323648, 1160, 5200, 588, 1364, 2832, 228, 289188, 1752
323644, 1164, 5196, 588, 1364, 2832, 228, 289192, 1752
323644, 1164, 5196, 584, 1368, 2832, 228, 289192, 1752
323644, 1160, 5196, 584, 1364, 2832, 228, 289200, 1752
323644, 1148, 5196, 592, 1364, 2832, 228, 289204, 1752
323644, 1148, 5196, 592, 1364, 2832, 228, 289204, 1752
323636, 1148, 5200, 592, 1364, 2832, 228, 289208, 1752
323636, 1148, 5196, 588, 1368, 2828, 228, 289216, 1752
323636, 1148, 5192, 588, 1368, 2820, 228, 289228, 1752
323636, 1148, 5192, 588, 1368, 2820, 228, 289228, 1752
323636, 1144, 5188, 584, 1368, 2820, 228, 289240, 1752
323636, 1144, 5184, 584, 1364, 2824, 228, 289244, 1752
323636, 1140, 5180, 588, 1364, 2824, 224, 289248, 1756
323636, 1140, 5164, 588, 1364, 2824, 224, 289264, 1756
323636, 1128, 5168, 596, 1364, 2824, 224, 289264, 1756
323636, 1128, 5168, 592, 1364, 2824, 224, 289268, 1756
323636, 1128, 5164, 592, 1364, 2824, 224, 289272, 1756
323636, 1128, 5164, 592, 1360, 2824, 224, 289276, 1756
323636, 1128, 5152, 592, 1360, 2824, 224, 289288, 1756
323636, 1128, 5144, 592, 1360, 2824, 224, 289296, 1756
323636, 1128, 5132, 592, 1360, 2824, 224, 289308, 1756
323636, 1128, 5124, 592, 1360, 2820, 224, 289320, 1756
323636, 1124, 5124, 592, 1360, 2820, 224, 289324, 1756
323636, 1120, 5120, 588, 1364, 2820, 224, 289332, 1756
323636, 1112, 5112, 592, 1360, 2824, 224, 289344, 1756
323632, 1116, 5104, 592, 1360, 2824, 224, 289352, 1756
323632, 1116, 5092, 588, 1364, 2824, 224, 289364, 1756
323632, 1112, 5096, 588, 1364, 2824, 224, 289364, 1756
323632, 1112, 5092, 584, 1368, 2824, 224, 289368, 1756
323632, 1108, 5092, 584, 1368, 2820, 224, 289376, 1756
323632, 1108, 5088, 576, 1376, 2816, 224, 289380, 1760
323632, 1104, 5088, 572, 1376, 2816, 224, 289388, 1760
323632, 1096, 5092, 572, 1372, 2820, 224, 289392, 1760
323632, 1096, 5088, 572, 1372, 2820, 224, 289396, 1760
323628, 1100, 5072, 572, 1372, 2820, 224, 289412, 1760
323628, 1096, 5076, 572, 1368, 2820, 224, 289416, 1760
323628, 1096, 5072, 572, 1368, 2820, 224, 289420, 1760
323624, 1100, 5068, 568, 1372, 2820, 224, 289424, 1760
323624, 1100, 5064, 564, 1372, 2820, 224, 289432, 1760
323624, 1096, 5060, 568, 1368, 2824, 224, 289436, 1760
323624, 1096, 5056, 568, 1368, 2824, 224, 289440, 1760
323624, 1092, 5056, 572, 1364, 2828, 224, 289440, 1760
323624, 1088, 5048, 564, 1368, 2828, 224, 289456, 1760
323620, 1088, 5044, 564, 1364, 2828, 224, 289468, 1760
323616, 1092, 5044, 560, 1364, 2824, 224, 289476, 1760
323616, 1084, 5036, 564, 1364, 2824, 224, 289488, 1760
323616, 1084, 5032, 560, 1368, 2824, 224, 289492, 1760
323616, 1084, 5028, 560, 1364, 2824, 224, 289500, 1760
323616, 1084, 5024, 556, 1368, 2824, 224, 289504, 1760
323612, 1088, 5020, 556, 1364, 2824, 224, 289512, 1760
323612, 1088, 5016, 556, 1364, 2812, 224, 289524, 1764
323612, 1084, 5016, 556, 1364, 2812, 224, 289528, 1764
323604, 1088, 5020, 556, 1364, 2808, 224, 289532, 1764
323600, 1092, 5016, 552, 1368, 2808, 224, 289536, 1764
323600, 1092, 5016, 552, 1368, 2808, 224, 289536, 1764
323600, 1088, 5008, 556, 1364, 2808, 224, 289548, 1764
323596, 1092, 5008, 552, 1368, 2804, 224, 289552, 1764
323592, 1092, 5008, 552, 1364, 2804, 224, 289560, 1764
323592, 1088, 5008, 552, 1364, 2804, 224, 289564, 1764
323592, 1084, 5008, 556, 1360, 2796, 224, 289576, 1764
323592, 1076, 5004, 560, 1360, 2792, 224, 289588, 1764
323592, 1072, 5000, 560, 1360, 2788, 228, 289596, 1764
323592, 1072, 4988, 560, 1356, 2792, 228, 289608, 1764
323592, 1068, 4988, 560, 1348, 2796, 228, 289616, 1764
323592, 1068, 4984, 560, 1344, 2796, 228, 289624, 1764
323584, 1072, 4984, 560, 1344, 2792, 228, 289632, 1764
323580, 1076, 4980, 560, 1344, 2788, 228, 289640, 1764
323580, 1076, 4976, 560, 1344, 2784, 232, 289644, 1764
323572, 1084, 4972, 556, 1336, 2788, 232, 289656, 1764
323572, 1080, 4972, 556, 1336, 2780, 232, 289668, 1764
323564, 1088, 4972, 556, 1336, 2780, 232, 289668, 1764
323564, 1084, 4972, 552, 1340, 2780, 232, 289672, 1764
323560, 1084, 4972, 552, 1340, 2780, 232, 289676, 1764
323560, 1084, 4968, 552, 1336, 2780, 232, 289684, 1764
323556, 1088, 4956, 552, 1336, 2780, 232, 289696, 1764
323552, 1088, 4956, 556, 1328, 2784, 232, 289700, 1764
323544, 1096, 4948, 552, 1332, 2784, 232, 289708, 1764
323544, 1096, 4944, 552, 1332, 2784, 232, 289712, 1764
323536, 1104, 4932, 552, 1332, 2784, 232, 289724, 1764
323536, 1104, 4928, 552, 1328, 2784, 232, 289732, 1764
323532, 1104, 4920, 556, 1328, 2784, 232, 289740, 1764
323524, 1108, 4924, 552, 1332, 2780, 232, 289744, 1764
323512, 1120, 4924, 552, 1332, 2780, 232, 289744, 1764
323504, 1124, 4924, 552, 1332, 2784, 228, 289748, 1764
323504, 1112, 4936, 548, 1336, 2784, 228, 289748, 1764
323496, 1112, 4932, 548, 1336, 2784, 228, 289760, 1764
323492, 1116, 4924, 548, 1336, 2784, 228, 289768, 1764
323492, 1116, 4916, 548, 1336, 2784, 228, 289776, 1764
323480, 1128, 4908, 548, 1324, 2788, 228, 289792, 1764
323480, 1124, 4908, 548, 1324, 2788, 228, 289796, 1764
323476, 1128, 4904, 544, 1328, 2788, 228, 289800, 1764
323472, 1132, 4900, 540, 1328, 2788, 228, 289808, 1764
323464, 1132, 4904, 540, 1324, 2792, 228, 289812, 1764
323460, 1128, 4900, 544, 1324, 2792, 228, 289820, 1764
323452, 1136, 4896, 540, 1328, 2796, 224, 289824, 1764
323436, 1152, 4892, 536, 1332, 2792, 224, 289832, 1764
323432, 1152, 4892, 536, 1332, 2788, 224, 289840, 1764
323432, 1152, 4884, 536, 1332, 2784, 228, 289848, 1764
323428, 1156, 4880, 536, 1332, 2780, 232, 289852, 1764
323424, 1160, 4876, 536, 1328, 2776, 232, 289864, 1764
323420, 1160, 4880, 536, 1328, 2772, 232, 289868, 1764
323412, 1164, 4884, 536, 1328, 2772, 232, 289868, 1764
323408, 1164, 4888, 536, 1328, 2772, 232, 289868, 1764
323396, 1172, 4888, 540, 1328, 2768, 232, 289872, 1764
323392, 1168, 4896, 540, 1324, 2764, 232, 289880, 1764
323384, 1172, 4892, 540, 1324, 2764, 232, 289888, 1764
323380, 1168, 4900, 540, 1324, 2760, 236, 289888, 1764
323376, 1164, 4900, 540, 1324, 2760, 236, 289896, 1764
323368, 1172, 4900, 540, 1320, 2760, 236, 289900, 1764
323360, 1180, 4892, 540, 1316, 2764, 236, 289908, 1764
323360, 1180, 4892, 540, 1312, 2764, 236, 289912, 1764
323348, 1192, 4888, 540, 1312, 2764, 236, 289916, 1764
323344, 1192, 4892, 536, 1316, 2764, 236, 289916, 1764
323340, 1188, 4900, 536, 1312, 2764, 236, 289920, 1764
323328, 1200, 4896, 536, 1312, 2764, 236, 289924, 1764
323328, 1192, 4892, 540, 1312, 2760, 236, 289936, 1764
323324, 1192, 4892, 536, 1316, 2756, 236, 289944, 1764
323324, 1192, 4892, 532, 1320, 2756, 236, 289944, 1764
323324, 1192, 4892, 532, 1316, 2760, 236, 289944, 1764
323316, 1196, 4892, 536, 1316, 2756, 236, 289948, 1764
323312, 1200, 4884, 532, 1316, 2756, 236, 289960, 1764
323308, 1204, 4876, 532, 1316, 2756, 236, 289968, 1764
323308, 1204, 4872, 532, 1316, 2756, 236, 289972, 1764
323308, 1204, 4872, 532, 1316, 2752, 236, 289976, 1764
323300, 1212, 4872, 532, 1316, 2748, 236, 289980, 1764
323292, 1220, 4868, 532, 1312, 2752, 236, 289984, 1764
323280, 1232, 4864, 532, 1312, 2752, 236, 289988, 1764
323276, 1236, 4856, 532, 1308, 2756, 236, 289996, 1764
323272, 1240, 4856, 532, 1308, 2756, 236, 289996, 1764
323272, 1240, 4848, 532, 1308, 2756, 236, 290004, 1764
323272, 1236, 4848, 532, 1308, 2752, 236, 290012, 1764
323272, 1232, 4844, 532, 1312, 2752, 236, 290016, 1764
323272, 1220, 4848, 540, 1312, 2748, 236, 290020, 1764
323268, 1224, 4840, 540, 1312, 2748, 236, 290028, 1764
323268, 1220, 4840, 540, 1312, 2748, 232, 290036, 1764
323268, 1220, 4840, 540, 1312, 2748, 232, 290036, 1764
323268, 1220, 4836, 540, 1312, 2744, 232, 290044, 1764
323260, 1224, 4836, 540, 1312, 2748, 228, 290048, 1764
323256, 1220, 4832, 540, 1312, 2748, 228, 290060, 1764
323252, 1224, 4828, 540, 1312, 2748, 228, 290064, 1764
323252, 1220, 4824, 544, 1308, 2748, 228, 290072, 1764
323252, 1220, 4824, 544, 1304, 2748, 228, 290076, 1764
323252, 1216, 4820, 548, 1304, 2748, 228, 290080, 1764
323252, 1216, 4820, 548, 1300, 2748, 228, 290084, 1764
323252, 1216, 4816, 544, 1300, 2748, 228, 290092, 1764
323252, 1212, 4812, 548, 1300, 2748, 228, 290096, 1764
323252, 1212, 4808, 548, 1296, 2748, 228, 290104, 1764
323252, 1208, 4812, 548, 1296, 2748, 228, 290104, 1764
323252, 1208, 4808, 548, 1296, 2748, 228, 290108, 1764
323252, 1204, 4812, 548, 1296, 2744, 228, 290112, 1764
323252, 1192, 4808, 560, 1296, 2744, 228, 290116, 1764
323248, 1196, 4800, 560, 1292, 2744, 228, 290128, 1764
323244, 1192, 4808, 560, 1288, 2744, 228, 290132, 1764
323240, 1192, 4808, 560, 1288, 2740, 228, 290140, 1764
323240, 1188, 4812, 560, 1288, 2740, 228, 290140, 1764
323240, 1176, 4816, 560, 1292, 2740, 228, 290144, 1764
323236, 1176, 4820, 560, 1292, 2740, 228, 290144, 1764
323236, 1168, 4828, 560, 1292, 2740, 228, 290144, 1764
323236, 1156, 4840, 560, 1292, 2740, 228, 290144, 1764
323236, 1156, 4824, 560, 1292, 2740, 228, 290160, 1764
323236, 1156, 4820, 560, 1288, 2740, 228, 290168, 1764
323236, 1156, 4816, 556, 1292, 2740, 228, 290172, 1764
323236, 1152, 4808, 556, 1292, 2740, 228, 290184, 1764
323236, 1152, 4804, 556, 1292, 2740, 228, 290188, 1764
323236, 1152, 4800, 556, 1288, 2740, 224, 290196, 1768
323236, 1152, 4796, 552, 1292, 2740, 224, 290200, 1768
323236, 1152, 4788, 548, 1292, 2740, 224, 290212, 1768
323236, 1152, 4788, 548, 1292, 2740, 224, 290212, 1768
323232, 1152, 4792, 548, 1288, 2740, 224, 290216, 1768
323232, 1148, 4796, 548, 1288, 2740, 224, 290216, 1768
323224, 1156, 4792, 544, 1292, 2740, 224, 290220, 1768
323224, 1156, 4784, 544, 1292, 2740, 224, 290228, 1768
323220, 1152, 4792, 544, 1292, 2740, 224, 290228, 1768
323220, 1144, 4788, 544, 1292, 2740, 224, 290240, 1768
323220, 1144, 4784, 540, 1296, 2740, 224, 290244, 1768
323220, 1136, 4784, 540, 1296, 2736, 224, 290256, 1768
323216, 1140, 4784, 540, 1296, 2736, 224, 290256, 1768
323212, 1140, 4788, 540, 1296, 2736, 224, 290256, 1768
323212, 1136, 4780, 540, 1292, 2736, 224, 290272, 1768
323212, 1132, 4784, 536, 1296, 2736, 224, 290272, 1768
323212, 1128, 4784, 536, 1292, 2736, 224, 290280, 1768
323212, 1128, 4784, 536, 1288, 2740, 224, 290280, 1768
323212, 1124, 4788, 536, 1288, 2740, 224, 290280, 1768
323208, 1128, 4788, 536, 1288, 2736, 224, 290284, 1768
323208, 1128, 4788, 536, 1288, 2732, 224, 290288, 1768
323208, 1128, 4784, 536, 1288, 2732, 224, 290292, 1768
323204, 1132, 4784, 536, 1284, 2732, 224, 290296, 1768
323204, 1128, 4788, 528, 1288, 2732, 224, 290300, 1768
323204, 1128, 4784, 528, 1288, 2732, 224, 290304, 1768
323204, 1128, 4776, 528, 1280, 2736, 224, 290316, 1768
323196, 1136, 4772, 528, 1280, 2736, 224, 290320, 1768
323196, 1128, 4772, 528, 1276, 2736, 224, 290332, 1768
323196, 1124, 4772, 528, 1276, 2736, 224, 290336, 1768
323196, 1124, 4764, 528, 1272, 2740, 220, 290348, 1768
323192, 1124, 4768, 528, 1268, 2740, 220, 290352, 1768
323192, 1120, 4768, 532, 1268, 2736, 224, 290352, 1768
323192, 1112, 4772, 532, 1264, 2740, 224, 290356, 1768
323188, 1116, 4772, 532, 1264, 2732, 228, 290360, 1768
323188, 1116, 4768, 532, 1264, 2732, 228, 290364, 1768
323188, 1116, 4760, 532, 1264, 2728, 228, 290372, 1772
323188, 1112, 4752, 532, 1264, 2728, 228, 290384, 1772
323184, 1116, 4748, 532, 1264, 2724, 228, 290392, 1772
323184, 1116, 4744, 532, 1264, 2724, 228, 290396, 1772
323184, 1112, 4744, 532, 1264, 2720, 228, 290404, 1772
323180, 1116, 4740, 532, 1264, 2720, 228, 290408, 1772
323180, 1108, 4744, 532, 1264, 2720, 228, 290412, 1772
323180, 1108, 4744, 532, 1264, 2720, 228, 290412, 1772
323176, 1112, 4744, 528, 1264, 2720, 228, 290416, 1772
323176, 1108, 4736, 528, 1260, 2720, 228, 290432, 1772
323176, 1100, 4744, 528, 1260, 2720, 228, 290432, 1772
323176, 1100, 4740, 528, 1256, 2716, 228, 290444, 1772
323176, 1100, 4740, 528, 1252, 2716, 228, 290448, 1772
323168, 1108, 4728, 528, 1252, 2716, 228, 290460, 1772
323164, 1108, 4728, 524, 1256, 2716, 228, 290464, 1772
323148, 1124, 4728, 524, 1248, 2716, 228, 290472, 1772
323144, 1124, 4724, 528, 1248, 2716, 228, 290476, 1772
323140, 1128, 4704, 524, 1252, 2712, 228, 290500, 1772
323140, 1128, 4696, 524, 1252, 2712, 228, 290508, 1772
323136, 1132, 4692, 524, 1252, 2712, 228, 290512, 1772
323136, 1132, 4684, 524, 1252, 2708, 228, 290520, 1776
323132, 1136, 4684, 524, 1252, 2704, 228, 290524, 1776
323128, 1140, 4676, 524, 1252, 2700, 228, 290536, 1776
323128, 1140, 4664, 524, 1252, 2700, 228, 290548, 1776
323120, 1144, 4664, 520, 1256, 2700, 228, 290552, 1776
323108, 1152, 4660, 520, 1256, 2700, 228, 290560, 1776
323108, 1152, 4648, 520, 1252, 2700, 228, 290572, 1780
323100, 1148, 4652, 524, 1252, 2700, 228, 290576, 1780
323096, 1152, 4644, 524, 1252, 2700, 228, 290584, 1780
323088, 1160, 4640, 524, 1252, 2696, 228, 290592, 1780
323084, 1160, 4640, 528, 1252, 2696, 228, 290592, 1780
323076, 1152, 4648, 532, 1252, 2692, 228, 290600, 1780
323064, 1164, 4644, 532, 1252, 2692, 228, 290604, 1780
323060, 1160, 4640, 536, 1252, 2692, 228, 290612, 1780
323048, 1168, 4644, 536, 1252, 2692, 228, 290612, 1780
323044, 1172, 4644, 536, 1252, 2692, 228, 290612, 1780
323036, 1176, 4644, 536, 1248, 2692, 228, 290620, 1780
323032, 1180, 4644, 536, 1248, 2688, 228, 290624, 1780
323024, 1188, 4640, 532, 1252, 2688, 228, 290628, 1780
323016, 1192, 4644, 532, 1252, 2688, 228, 290628, 1780
323016, 1188, 4644, 532, 1252, 2688, 228, 290632, 1780
323012, 1192, 4644, 532, 1252, 2688, 228, 290632, 1780
323008, 1196, 4640, 532, 1248, 2688, 228, 290640, 1780
323008, 1196, 4636, 532, 1248, 2688, 228, 290644, 1780
323000, 1196, 4636, 536, 1248, 2688, 228, 290648, 1780
322996, 1196, 4636, 536, 1248, 2688, 224, 290652, 1784
322992, 1200, 4636, 536, 1244, 2692, 224, 290652, 1784
322992, 1192, 4640, 536, 1240, 2692, 224, 290660, 1784
322984, 1196, 4644, 536, 1240, 2688, 224, 290664, 1784
322984, 1196, 4636, 536, 1236, 2692, 224, 290672, 1784
322980, 1196, 4640, 536, 1236, 2692, 224, 290672, 1784
322964, 1204, 4640, 536, 1236, 2692, 224, 290680, 1784
322952, 1216, 4636, 536, 1236, 2692, 224, 290684, 1784
322948, 1216, 4636, 536, 1236, 2688, 224, 290692, 1784
322944, 1220, 4636, 536, 1236, 2688, 224, 290692, 1784
322940, 1212, 4644, 540, 1236, 2684, 224, 290696, 1784
322940, 1212, 4644, 540, 1236, 2684, 224, 290696, 1784
322936, 1212, 4644, 544, 1236, 2684, 224, 290696, 1784
322936, 1212, 4640, 544, 1236, 2684, 224, 290700, 1784
322928, 1216, 4644, 544, 1236, 2684, 224, 290700, 1784
322924, 1216, 4644, 544, 1236, 2684, 224, 290704, 1784
322924, 1212, 4644, 544, 1236, 2692, 216, 290708, 1784
322916, 1216, 4640, 548, 1236, 2692, 216, 290712, 1784
322908, 1220, 4644, 548, 1232, 2692, 216, 290716, 1784
322896, 1232, 4644, 548, 1232, 2692, 216, 290716, 1784
322896, 1224, 4652, 548, 1232, 2692, 216, 290716, 1784
322892, 1228, 4648, 548, 1228, 2692, 216, 290724, 1784
322888, 1232, 4644, 548, 1228, 2692, 216, 290728, 1784
322888, 1228, 4648, 548, 1228, 2688, 216, 290732, 1784
322880, 1236, 4648, 548, 1224, 2684, 216, 290740, 1784
322872, 1240, 4644, 552, 1224, 2684, 216, 290744, 1784
322872, 1232, 4648, 552, 1224, 2684, 216, 290748, 1784
322872, 1224, 4656, 548, 1224, 2688, 216, 290748, 1784
322872, 1220, 4652, 552, 1224, 2688, 216, 290752, 1784
322872, 1220, 4652, 552, 1224, 2688, 216, 290752, 1784
322872, 1216, 4652, 552, 1224, 2688, 216, 290756, 1784
322868, 1220, 4652, 552, 1224, 2688, 216, 290756, 1784
322864, 1224, 4644, 552, 1224, 2680, 220, 290768, 1784
322864, 1216, 4644, 552, 1224, 2680, 220, 290776, 1784
322860, 1216, 4648, 552, 1224, 2680, 220, 290776, 1784
322860, 1216, 4648, 552, 1224, 2676, 220, 290780, 1784
322860, 1216, 4644, 548, 1228, 2676, 220, 290784, 1784
322852, 1224, 4644, 548, 1220, 2684, 220, 290784, 1784
322852, 1220, 4640, 552, 1216, 2684, 220, 290792, 1784
322852, 1220, 4636, 552, 1216, 2684, 220, 290796, 1784
322852, 1208, 4644, 552, 1216, 2676, 220, 290808, 1784
322852, 1204, 4648, 552, 1216, 2676, 220, 290808, 1784
322852, 1204, 4640, 552, 1216, 2676, 220, 290816, 1784
322852, 1204, 4636, 552, 1216, 2676, 220, 290820, 1784
322852, 1196, 4640, 552, 1216, 2676, 220, 290824, 1784
322852, 1196, 4640, 552, 1216, 2672, 220, 290828, 1784
322852, 1192, 4640, 556, 1216, 2668, 224, 290828, 1784
322852, 1188, 4644, 556, 1216, 2668, 224, 290828, 1784
322848, 1188, 4644, 556, 1212, 2668, 224, 290836, 1784
322848, 1184, 4636, 560, 1208, 2664, 224, 290852, 1784
322844, 1184, 4640, 560, 1208, 2660, 224, 290856, 1784
322844, 1184, 4628, 560, 1208, 2660, 224, 290868, 1784
322844, 1184, 4628, 560, 1208, 2656, 224, 290872, 1784
322840, 1180, 4632, 560, 1212, 2656, 224, 290872, 1784
322836, 1184, 4628, 560, 1208, 2656, 224, 290880, 1784
322836, 1184, 4624, 560, 1208, 2656, 224, 290884, 1784
322836, 1180, 4616, 564, 1208, 2656, 224, 290892, 1784
322836, 1172, 4604, 572, 1208, 2656, 224, 290904, 1784
322832, 1172, 4604, 572, 1204, 2652, 224, 290916, 1784
322832, 1168, 4608, 572, 1200, 2652, 224, 290920, 1784
322832, 1152, 4620, 576, 1196, 2652, 224, 290924, 1784
322828, 1152, 4624, 572, 1200, 2652, 224, 290924, 1784
322824, 1152, 4624, 572, 1200, 2652, 224, 290928, 1784
322824, 1148, 4628, 568, 1200, 2652, 224, 290932, 1784
322820, 1148, 4628, 568, 1200, 2652, 224, 290936, 1784
322820, 1148, 4624, 568, 1196, 2652, 224, 290944, 1784
322816, 1148, 4628, 564, 1196, 2652, 224, 290948, 1784
322816, 1148, 4628, 564, 1196, 2652, 224, 290948, 1784
322812, 1148, 4628, 560, 1196, 2652, 224, 290956, 1784
322812, 1136, 4628, 564, 1200, 2648, 224, 290964, 1784
322812, 1136, 4624, 560, 1204, 2648, 224, 290968, 1784
322812, 1132, 4620, 560, 1204, 2648, 224, 290976, 1784
322812, 1132, 4620, 560, 1204, 2648, 224, 290976, 1784
322812, 1128, 4616, 556, 1208, 2648, 224, 290984, 1784
322808, 1128, 4616, 552, 1212, 2648, 224, 290988, 1784
322808, 1128, 4616, 552, 1212, 2648, 224, 290988, 1784
322808, 1124, 4620, 544, 1220, 2644, 224, 290992, 1784
322804, 1128, 4616, 536, 1228, 2640, 224, 291000, 1784
322804, 1128, 4616, 536, 1228, 2640, 224, 291000, 1784
322804, 1124, 4616, 540, 1228, 2640, 224, 291000, 1784
322800, 1128, 4608, 536, 1232, 2636, 224, 291012, 1784
322796, 1132, 4604, 536, 1232, 2636, 224, 291016, 1784
322796, 1128, 4604, 536, 1232, 2632, 224, 291024, 1784
322796, 1124, 4604, 536, 1228, 2628, 224, 291036, 1784
322792, 1124, 4604, 532, 1232, 2628, 224, 291040, 1784
322788, 1128, 4604, 532, 1232, 2628, 224, 291040, 1784
322784, 1132, 4604, 532, 1228, 2628, 224, 291044, 1784
322780, 1132, 4600, 536, 1228, 2628, 224, 291048, 1784
322780, 1132, 4596, 536, 1220, 2628, 224, 291060, 1784
322780, 1132, 4588, 536, 1220, 2628, 224, 291068, 1784
322780, 1132, 4580, 536, 1220, 2628, 224, 291076, 1784
322780, 1132, 4576, 536, 1220, 2628, 224, 291080, 1784
322780, 1132, 4572, 536, 1220, 2628, 224, 291084, 1784
322780, 1132, 4568, 536, 1220, 2628, 224, 291088, 1784
322776, 1132, 4568, 536, 1220, 2628, 224, 291092, 1784
322776, 1132, 4560, 532, 1224, 2628, 224, 291100, 1784
322776, 1132, 4552, 524, 1224, 2632, 224, 291112, 1784
322776, 1132, 4552, 524, 1220, 2632, 224, 291116, 1784
322776, 1128, 4556, 524, 1216, 2632, 224, 291120, 1784
322776, 1128, 4548, 524, 1212, 2632, 224, 291132, 1784
322776, 1124, 4548, 524, 1212, 2632, 224, 291136, 1784
322776, 1116, 4556, 524, 1212, 2628, 224, 291140, 1784
322776, 1108, 4560, 528, 1212, 2628, 224, 291140, 1784
322776, 1108, 4560, 528, 1212, 2628, 224, 291140, 1784
322772, 1112, 4556, 528, 1208, 2632, 220, 291144, 1788
322772, 1108, 4556, 528, 1208, 2632, 220, 291148, 1788
322772, 1104, 4560, 524, 1208, 2640, 216, 291148, 1788
322772, 1100, 4560, 524, 1204, 2640, 216, 291156, 1788
322768, 1100, 4564, 524, 1204, 2640, 216, 291156, 1788
322768, 1100, 4560, 524, 1204, 2640, 216, 291160, 1788
322768, 1100, 4556, 520, 1208, 2640, 216, 291164, 1788
322768, 1100, 4552, 520, 1208, 2640, 216, 291168, 1788
322768, 1096, 4544, 520, 1204, 2640, 216, 291184, 1788
322764, 1100, 4540, 520, 1204, 2636, 216, 291192, 1788
322760, 1100, 4536, 520, 1204, 2632, 216, 291204, 1788
322756, 1104, 4532, 520, 1200, 2636, 216, 291208, 1788
322756, 1100, 4528, 524, 1200, 2636, 216, 291212, 1788
322756, 1100, 4524, 524, 1200, 2632, 220, 291216, 1788
322756, 1096, 4520, 524, 1200, 2632, 220, 291224, 1788
322756, 1096, 4512, 524, 1196, 2632, 220, 291236, 1788
322756, 1096, 4512, 524, 1196, 2632, 220, 291236, 1788
322756, 1092, 4508, 524, 1196, 2632, 220, 291244, 1788
322756, 1088, 4508, 520, 1200, 2632, 220, 291248, 1788
322756, 1088, 4508, 520, 1200, 2632, 220, 291248, 1788
322756, 1088, 4508, 520, 1200, 2628, 220, 291252, 1788
322756, 1084, 4512, 520, 1196, 2620, 220, 291260, 1792
322752, 1084, 4508, 516, 1200, 2620, 220, 291268, 1792
322752, 1080, 4504, 516, 1200, 2620, 220, 291276, 1792
322752, 1072, 4504, 520, 1200, 2616, 220, 291284, 1792
322752, 1072, 4504, 520, 1200, 2616, 220, 291284, 1792
322752, 1068, 4500, 524, 1200, 2616, 220, 291288, 1792
322748, 1068, 4500, 524, 1200, 2616, 220, 291292, 1792
322744, 1072, 4500, 524, 1200, 2616, 220, 291292, 1792
322740, 1076, 4500, 524, 1196, 2620, 220, 291292, 1792
322740, 1076, 4500, 524, 1196, 2620, 220, 291292, 1792
322732, 1084, 4496, 524, 1192, 2624, 220, 291296, 1792
322724, 1080, 4508, 524, 1192, 2620, 220, 291300, 1792
322716, 1088, 4508, 524, 1192, 2620, 220, 291300, 1792
322716, 1088, 4496, 524, 1192, 2616, 220, 291316, 1792
322716, 1088, 4492, 520, 1196, 2612, 220, 291324, 1792
322716, 1084, 4496, 516, 1200, 2612, 220, 291324, 1792
322716, 1080, 4500, 516, 1200, 2612, 220, 291324, 1792
322716, 1080, 4484, 516, 1200, 2608, 220, 291344, 1792
322716, 1080, 4484, 516, 1196, 2608, 220, 291348, 1792
322716, 1080, 4480, 516, 1196, 2604, 220, 291356, 1792
322708, 1084, 4480, 516, 1196, 2604, 220, 291360, 1792
322704, 1088, 4476, 516, 1196, 2604, 220, 291364, 1792
322704, 1088, 4472, 516, 1196, 2604, 220, 291368, 1792
322700, 1092, 4472, 516, 1192, 2604, 220, 291372, 1792
322688, 1104, 4472, 512, 1188, 2608, 220, 291376, 1792
322684, 1108, 4472, 512, 1188, 2608, 220, 291376, 1792
322684, 1108, 4464, 508, 1192, 2608, 220, 291384, 1792
322676, 1116, 4460, 508, 1192, 2608, 220, 291388, 1792
322676, 1116, 4456, 508, 1192, 2608, 220, 291392, 1792
322672, 1116, 4456, 508, 1196, 2608, 220, 291392, 1792
322672, 1116, 4456, 508, 1192, 2608, 220, 291396, 1792
322672, 1108, 4452, 508, 1188, 2604, 220, 291416, 1792
322672, 1104, 4456, 508, 1188, 2604, 220, 291416, 1792
322672, 1100, 4456, 508, 1184, 2604, 220, 291424, 1792
322672, 1096, 4460, 508, 1180, 2608, 220, 291424, 1792
322672, 1096, 4456, 508, 1176, 2612, 220, 291428, 1792
322672, 1092, 4456, 508, 1176, 2612, 220, 291432, 1792
322672, 1088, 4460, 508, 1176, 2612, 220, 291432, 1792
322672, 1076, 4468, 508, 1180, 2616, 216, 291432, 1792
322672, 1072, 4464, 508, 1180, 2616, 216, 291440, 1792
322672, 1072, 4464, 504, 1184, 2612, 216, 291444, 1792
322668, 1076, 4460, 504, 1180, 2616, 216, 291448, 1792
322664, 1080, 4460, 500, 1184, 2616, 216, 291448, 1792
322664, 1076, 4448, 504, 1184, 2616, 216, 291460, 1792
322664, 1068, 4456, 504, 1184, 2616, 216, 291460, 1792
322664, 1068, 4456, 504, 1184, 2612, 216, 291464, 1792
322664, 1064, 4456, 504, 1184, 2612, 216, 291468, 1792
322660, 1064, 4452, 504, 1180, 2612, 216, 291480, 1792
322660, 1060, 4452, 508, 1176, 2612, 216, 291484, 1792
322656, 1064, 4452, 504, 1180, 2608, 216, 291488, 1792
322656, 1064, 4448, 504, 1176, 2608, 216, 291496, 1792
322656, 1060, 4444, 500, 1176, 2608, 216, 291508, 1792
322656, 1060, 4444, 500, 1172, 2608, 216, 291512, 1792
322652, 1064, 4444, 500, 1168, 2608, 216, 291516, 1792
322652, 1060, 4440, 500, 1164, 2604, 216, 291532, 1792
322652, 1044, 4448, 504, 1168, 2604, 216, 291532, 1792
322652, 1044, 4440, 500, 1172, 2604, 216, 291540, 1792
322652, 1044, 4440, 500, 1172, 2604, 216, 291540, 1792
322652, 1040, 4440, 500, 1172, 2604, 216, 291544, 1792
322652, 1036, 4440, 500, 1172, 2604, 216, 291548, 1792
322652, 1024, 4452, 500, 1172, 2604, 216, 291548, 1792
322652, 1024, 4444, 500, 1172, 2604, 216, 291556, 1792
322648, 1020, 4448, 500, 1172, 2604, 216, 291560, 1792
322648, 1020, 4444, 500, 1168, 2600, 216, 291572, 1792
322644, 1024, 4440, 500, 1164, 2604, 216, 291576, 1792
322640, 1028, 4436, 500, 1164, 2604, 216, 291580, 1792
322636, 1028, 4440, 500, 1164, 2604, 216, 291580, 1792
322636, 1028, 4436, 496, 1168, 2600, 216, 291588, 1792
322632, 1024, 4428, 504, 1168, 2600, 216, 291596, 1792
322632, 1020, 4420, 508, 1168, 2596, 216, 291608, 1792
322628, 1020, 4424, 500, 1176, 2596, 216, 291608, 1792
322628, 1016, 4428, 500, 1176, 2596, 216, 291608, 1792
322624, 1020, 4428, 500, 1176, 2596, 216, 291608, 1792
322620, 1024, 4428, 496, 1176, 2596, 216, 291612, 1792
322616, 1028, 4424, 496, 1176, 2596, 216, 291616, 1792
322616, 1028, 4416, 492, 1180, 2600, 212, 291624, 1792
322612, 1032, 4416, 492, 1180, 2600, 212, 291624, 1792
322612, 1032, 4412, 492, 1180, 2600, 212, 291628, 1792
322612, 1024, 4412, 492, 1180, 2600, 212, 291636, 1792
322612, 1016, 4416, 492, 1176, 2596, 212, 291648, 1792
322604, 1020, 4416, 492, 1176, 2596, 212, 291652, 1792
322604, 1020, 4412, 492, 1176, 2592, 216, 291656, 1792
322600, 1024, 4412, 492, 1176, 2592, 216, 291656, 1792
322600, 1016, 4416, 496, 1176, 2592, 216, 291656, 1792
322592, 1020, 4420, 492, 1180, 2588, 216, 291660, 1792
322592, 1020, 4420, 488, 1184, 2588, 216, 291660, 1792
322592, 1020, 4420, 488, 1184, 2588, 216, 291660, 1792
322592, 1020, 4416, 488, 1184, 2588, 216, 291664, 1792
322588, 1016, 4420, 488, 1184, 2588, 216, 291668, 1792
322588, 1012, 4416, 488, 1180, 2584, 216, 291684, 1792
322588, 1004, 4416, 488, 1180, 2584, 216, 291692, 1792
322588, 1000, 4416, 488, 1180, 2584, 216, 291696, 1792
322584, 1000, 4420, 488, 1180, 2580, 216, 291700, 1792
322584, 996, 4420, 488, 1180, 2580, 216, 291704, 1792
322584, 992, 4416, 484, 1184, 2580, 216, 291712, 1792
322584, 992, 4416, 484, 1180, 2576, 216, 291720, 1792
322576, 996, 4420, 484, 1180, 2576, 216, 291720, 1792
322572, 1000, 4416, 484, 1176, 2576, 216, 291728, 1792
322572, 1000, 4408, 484, 1176, 2580, 212, 291736, 1792
322572, 1000, 4404, 480, 1180, 2580, 212, 291740, 1792
322572, 996, 4408, 480, 1180, 2580, 212, 291740, 1792
322572, 996, 4404, 480, 1180, 2580, 212, 291744, 1792
322572, 988, 4400, 484, 1180, 2580, 212, 291752, 1792
322568, 992, 4400, 484, 1180, 2576, 208, 291756, 1796
322568, 988, 4400, 484, 1180, 2576, 208, 291760, 1796
322568, 980, 4400, 484, 1180, 2576, 208, 291768, 1796
322564, 976, 4404, 480, 1184, 2576, 208, 291772, 1796
322564, 972, 4400, 484, 1184, 2576, 208, 291776, 1796
322564, 968, 4404, 484, 1184, 2576, 208, 291776, 1796
322560, 972, 4404, 484, 1184, 2576, 208, 291776, 1796
322560, 972, 4396, 472, 1188, 2576, 208, 291792, 1796
322560, 972, 4392, 472, 1188, 2576, 208, 291796, 1796
322560, 972, 4388, 472, 1184, 2576, 208, 291804, 1796
322560, 972, 4388, 472, 1184, 2576, 208, 291804, 1796
322560, 972, 4384, 472, 1184, 2576, 208, 291808, 1796
322560, 968, 4376, 472, 1184, 2576, 208, 291820, 1796
322560, 968, 4368, 472, 1180, 2580, 208, 291828, 1796
322560, 964, 4368, 476, 1176, 2580, 208, 291832, 1796
322560, 960, 4372, 476, 1172, 2580, 208, 291836, 1796
322560, 956, 4376, 476, 1168, 2580, 208, 291840, 1796
322560, 952, 4380, 476, 1168, 2576, 208, 291844, 1796
322560, 948, 4380, 468, 1176, 2572, 208, 291852, 1796
322552, 948, 4388, 468, 1176, 2572, 208, 291852, 1796
322552, 948, 4384, 468, 1172, 2572, 208, 291860, 1796
322552, 948, 4384, 468, 1172, 2572, 208, 291860, 1796
322552, 944, 4384, 472, 1172, 2572, 208, 291860, 1796
322548, 940, 4384, 476, 1172, 2572, 208, 291864, 1796
322544, 944, 4384, 476, 1172, 2568, 208, 291868, 1796
322544, 944, 4384, 476, 1172, 2568, 208, 291868, 1796
322544, 940, 4380, 476, 1172, 2568, 208, 291876, 1796
322544, 932, 4380, 480, 1172, 2568, 208, 291880, 1796
322544, 932, 4376, 476, 1176, 2568, 208, 291884, 1796
322544, 932, 4360, 476, 1176, 2568, 208, 291900, 1796
322544, 928, 4364, 476, 1176, 2568, 208, 291900, 1796
322544, 924, 4368, 476, 1176, 2564, 208, 291904, 1796
322544, 924, 4364, 472, 1180, 2564, 208, 291908, 1796
322544, 924, 4364, 472, 1172, 2564, 208, 291916, 1796
322544, 924, 4360, 468, 1176, 2564, 208, 291920, 1796
322540, 928, 4360, 468, 1172, 2560, 208, 291928, 1796
322532, 928, 4368, 464, 1176, 2560, 208, 291928, 1796
322528, 932, 4360, 464, 1172, 2564, 208, 291936, 1796
322524, 932, 4364, 464, 1172, 2560, 208, 291940, 1796
322524, 928, 4364, 460, 1172, 2560, 208, 291948, 1796
322524, 924, 4364, 460, 1172, 2560, 208, 291952, 1796
322524, 920, 4364, 464, 1172, 2560, 208, 291952, 1796
322524, 916, 4368, 464, 1172, 2560, 208, 291952, 1796
322524, 912, 4368, 464, 1168, 2556, 208, 291964, 1796
322524, 912, 4368, 464, 1168, 2556, 208, 291964, 1796
322524, 908, 4364, 468, 1168, 2556, 208, 291968, 1796
322524, 908, 4360, 468, 1168, 2556, 208, 291972, 1796
322524, 908, 4360, 468, 1164, 2556, 208, 291976, 1796
322524, 908, 4360, 468, 1164, 2556, 208, 291976, 1796
322520, 912, 4356, 468, 1164, 2556, 208, 291980, 1796
322520, 908, 4356, 468, 1160, 2560, 208, 291984, 1796
322520, 904, 4360, 464, 1160, 2560, 208, 291988, 1796
322520, 904, 4356, 464, 1160, 2560, 208, 291992, 1796
322520, 904, 4352, 464, 1160, 2560, 208, 291996, 1796
322520, 900, 4352, 460, 1168, 2560, 208, 291996, 1796
322520, 896, 4344, 460, 1168, 2560, 208, 292008, 1796
322520, 896, 4340, 460, 1168, 2560, 208, 292012, 1796
322520, 896, 4340, 460, 1168, 2560, 208, 292012, 1796
322520, 896, 4340, 460, 1168, 2560, 208, 292012, 1796
322516, 900, 4336, 460, 1168, 2560, 208, 292016, 1796
322516, 896, 4340, 460, 1168, 2560, 208, 292016, 1796
322508, 900, 4332, 460, 1164, 2556, 208, 292036, 1796
322508, 892, 4336, 464, 1160, 2560, 208, 292036, 1796
322500, 900, 4336, 464, 1160, 2560, 208, 292036, 1796
322500, 892, 4340, 464, 1160, 2560, 208, 292040, 1796
322500, 884, 4348, 464, 1160, 2560, 208, 292040, 1796
322492, 888, 4352, 464, 1160, 2548, 208, 292052, 1796
322492, 884, 4340, 464, 1160, 2544, 208, 292072, 1796
322492, 872, 4348, 468, 1160, 2544, 208, 292072, 1796
322488, 876, 4340, 468, 1160, 2540, 208, 292084, 1796
322488, 876, 4328, 468, 1156, 2540, 208, 292100, 1796
322488, 872, 4324, 468, 1156, 2540, 208, 292108, 1796
322488, 872, 4320, 468, 1156, 2536, 208, 292116, 1796
322488, 872, 4320, 468, 1156, 2532, 208, 292120, 1796
322484, 868, 4324, 468, 1156, 2532, 208, 292124, 1796
322484, 860, 4328, 472, 1156, 2528, 208, 292128, 1796
322480, 860, 4328, 472, 1156, 2528, 208, 292132, 1796
322476, 860, 4328, 476, 1156, 2520, 208, 292140, 1796
322472, 864, 4324, 476, 1156, 2516, 208, 292148, 1796
322472, 864, 4320, 476, 1156, 2516, 208, 292152, 1796
322464, 868, 4320, 472, 1156, 2516, 208, 292160, 1796
322464, 856, 4316, 480, 1156, 2520, 204, 292168, 1796
322460, 860, 4316, 480, 1156, 2520, 204, 292168, 1796
322460, 860, 4312, 480, 1156, 2516, 204, 292176, 1796
322460, 856, 4312, 484, 1152, 2512, 204, 292184, 1796
322460, 856, 4308, 484, 1152, 2512, 204, 292188, 1796
322460, 856, 4308, 484, 1152, 2512, 204, 292188, 1796
322460, 852, 4312, 484, 1148, 2508, 204, 292196, 1796
322460, 852, 4308, 484, 1148, 2508, 204, 292200, 1796
322460, 852, 4304, 484, 1148, 2508, 204, 292204, 1796
322460, 852, 4296, 484, 1148, 2508, 204, 292212, 1796
322456, 856, 4296, 484, 1148, 2504, 204, 292216, 1796
322452, 860, 4296, 480, 1152, 2504, 204, 292216, 1796
322452, 860, 4292, 476, 1156, 2504, 204, 292220, 1796
322452, 860, 4288, 472, 1160, 2500, 204, 292228, 1796
322452, 860, 4284, 468, 1164, 2500, 204, 292232, 1796
322452, 852, 4288, 468, 1164, 2504, 204, 292232, 1796
322448, 856, 4284, 468, 1164, 2504, 204, 292236, 1796
322448, 856, 4284, 468, 1164, 2504, 204, 292236, 1796
322448, 852, 4284, 468, 1164, 2504, 204, 292240, 1796
322448, 848, 4288, 464, 1168, 2504, 204, 292240, 1796
322448, 848, 4288, 464, 1168, 2500, 204, 292244, 1796
322448, 848, 4284, 464, 1164, 2500, 204, 292252, 1796
322448, 848, 4276, 464, 1164, 2500, 204, 292260, 1796
322448, 848, 4272, 460, 1156, 2504, 204, 292272, 1796
322448, 848, 4268, 456, 1152, 2508, 204, 292280, 1796
322448, 848, 4260, 456, 1152, 2508, 204, 292288, 1796
322444, 848, 4252, 460, 1152, 2508, 204, 292296, 1796
322440, 852, 4248, 460, 1140, 2512, 204, 292308, 1796
322436, 856, 4244, 456, 1144, 2512, 204, 292312, 1796
322436, 856, 4244, 456, 1144, 2512, 204, 292312, 1796
322436, 856, 4244, 456, 1144, 2512, 204, 292312, 1796
322432, 860, 4244, 456, 1144, 2512, 204, 292312, 1796
322428, 860, 4248, 456, 1144, 2512, 204, 292312, 1796
322428, 848, 4256, 460, 1144, 2512, 204, 292312, 1796
322428, 844, 4256, 460, 1144, 2512, 204, 292316, 1796
322428, 844, 4248, 460, 1140, 2512, 204, 292328, 1796
322424, 844, 4252, 460, 1140, 2512, 204, 292328, 1796
322424, 844, 4252, 460, 1132, 2516, 204, 292332, 1796
322424, 844, 4244, 460, 1132, 2516, 204, 292340, 1796
322424, 840, 4244, 460, 1132, 2516, 204, 292344, 1796
322420, 844, 4244, 460, 1132, 2516, 204, 292344, 1796
322420, 840, 4240, 460, 1132, 2516, 204, 292352, 1796
322420, 840, 4236, 460, 1132, 2516, 204, 292356, 1796
322420, 840, 4228, 460, 1132, 2516, 204, 292364, 1796
322416, 844, 4224, 460, 1132, 2516, 204, 292368, 1796
322416, 844, 4220, 456, 1136, 2516, 204, 292372, 1796
322412, 840, 4224, 452, 1132, 2520, 200, 292384, 1796
322408, 844, 4212, 452, 1132, 2516, 200, 292400, 1796
322408, 844, 4204, 448, 1136, 2516, 200, 292408, 1796
322408, 844, 4204, 448, 1136, 2516, 200, 292408, 1796
322404, 840, 4212, 448, 1136, 2516, 200, 292408, 1796
322400, 844, 4212, 448, 1136, 2516, 200, 292408, 1796
322400, 840, 4216, 448, 1136, 2516, 200, 292408, 1796
322400, 840, 4212, 448, 1136, 2516, 200, 292412, 1796
322400, 840, 4208, 448, 1136, 2516, 200, 292416, 1796
322400, 840, 4204, 448, 1136, 2516, 200, 292420, 1796
322396, 844, 4192, 448, 1136, 2512, 200, 292436, 1796
322396, 844, 4188, 448, 1132, 2512, 200, 292444, 1796
322392, 840, 4192, 448, 1132, 2512, 200, 292448, 1796
322392, 832, 4196, 448, 1132, 2512, 200, 292452, 1796
322392, 828, 4196, 448, 1124, 2512, 200, 292464, 1796
322392, 828, 4196, 448, 1120, 2516, 200, 292464, 1796
322388, 828, 4192, 448, 1116, 2512, 200, 292480, 1796
322388, 828, 4184, 448, 1116, 2512, 200, 292488, 1796
322384, 832, 4180, 448, 1116, 2512, 200, 292492, 1796
322384, 828, 4176, 444, 1120, 2512, 200, 292500, 1796
322384, 824, 4180, 444, 1120, 2512, 200, 292500, 1796
322384, 820, 4180, 444, 1120, 2512, 200, 292504, 1796
322380, 816, 4188, 444, 1116, 2512, 200, 292508, 1796
322372, 820, 4184, 444, 1116, 2512, 200, 292516, 1796
322368, 816, 4188, 448, 1116, 2512, 200, 292516, 1796
322368, 816, 4180, 448, 1112, 2512, 200, 292528, 1796
322368, 812, 4176, 452, 1112, 2512, 200, 292532, 1796
322368, 808, 4176, 456, 1112, 2512, 200, 292532, 1796
322364, 812, 4176, 456, 1112, 2512, 200, 292532, 1796
322364, 812, 4168, 456, 1108, 2512, 200, 292544, 1796
322360, 812, 4168, 456, 1108, 2512, 200, 292548, 1796
322360, 812, 4168, 456, 1108, 2508, 200, 292552, 1796
322360, 812, 4164, 456, 1108, 2508, 200, 292556, 1796
322360, 812, 4160, 456, 1104, 2508, 200, 292564, 1796
322356, 816, 4156, 456, 1104, 2508, 200, 292568, 1796
322356, 812, 4156, 456, 1108, 2508, 200, 292568, 1796
322356, 812, 4152, 456, 1108, 2504, 200, 292572, 1800
322356, 812, 4152, 456, 1108, 2504, 200, 292572, 1800
322356, 808, 4156, 456, 1108, 2500, 200, 292576, 1800
322356, 808, 4152, 456, 1104, 2500, 200, 292584, 1800
322356, 808, 4152, 452, 1108, 2500, 200, 292584, 1800
322356, 808, 4152, 452, 1104, 2492, 200, 292596, 1800
322352, 812, 4152, 452, 1104, 2492, 200, 292596, 1800
322352, 808, 4156, 448, 1108, 2492, 200, 292596, 1800
322352, 804, 4160, 448, 1108, 2492, 200, 292596, 1800
322348, 808, 4156, 448, 1108, 2492, 200, 292600, 1800
322348, 808, 4144, 448, 1108, 2492, 200, 292612, 1800
322348, 796, 4144, 452, 1108, 2492, 200, 292620, 1800
322348, 792, 4148, 452, 1108, 2492, 200, 292620, 1800
322340, 800, 4144, 444, 1116, 2488, 200, 292628, 1800
322336, 804, 4144, 444, 1116, 2488, 200, 292628, 1800
322336, 800, 4148, 444, 1112, 2484, 200, 292636, 1800
322336, 800, 4136, 444, 1112, 2480, 200, 292652, 1800
322336, 800, 4132, 444, 1112, 2480, 200, 292656, 1800
322336, 796, 4124, 444, 1112, 2480, 200, 292668, 1800
322332, 800, 4124, 444, 1108, 2484, 200, 292668, 1800
322328, 804, 4124, 444, 1108, 2476, 200, 292676, 1800
322320, 812, 4120, 444, 1108, 2476, 200, 292680, 1800
322320, 812, 4120, 444, 1108, 2476, 200, 292680, 1800
322308, 824, 4120, 444, 1108, 2476, 200, 292680, 1800
322296, 832, 4120, 444, 1108, 2480, 196, 292684, 1800
322288, 836, 4124, 444, 1108, 2480, 196, 292684, 1800
322276, 848, 4116, 444, 1108, 2476, 196, 292696, 1800
322272, 844, 4116, 448, 1104, 2476, 196, 292704, 1800
322260, 852, 4120, 448, 1104, 2476, 196, 292704, 1800
322252, 860, 4120, 448, 1104, 2476, 196, 292704, 1800
322252, 860, 4116, 448, 1104, 2476, 196, 292708, 1800
322252, 856, 4116, 448, 1108, 2480, 192, 292708, 1800
322248, 860, 4116, 448, 1100, 2484, 192, 292712, 1800
322244, 864, 4116, 448, 1100, 2484, 192, 292712, 1800
322244, 860, 4112, 444, 1104, 2484, 192, 292720, 1800
322240, 860, 4112, 444, 1100, 2488, 192, 292724, 1800
322236, 864, 4108, 440, 1104, 2488, 192, 292728, 1800
322228, 872, 4108, 440, 1100, 2488, 192, 292732, 1800
322224, 876, 4108, 436, 1096, 2480, 192, 292748, 1800
322220, 876, 4104, 440, 1088, 2484, 192, 292756, 1800
322216, 880, 4100, 440, 1088, 2484, 192, 292760, 1800
322212, 884, 4100, 440, 1088, 2484, 192, 292760, 1800
322212, 880, 4096, 440, 1088, 2480, 192, 292772, 1800
322208, 880, 4100, 440, 1088, 2480, 192, 292772, 1800
322204, 880, 4104, 440, 1088, 2480, 192, 292772, 1800
322200, 880, 4104, 440, 1088, 2480, 192, 292776, 1800
322200, 876, 4104, 440, 1088, 2480, 192, 292780, 1800
322196, 876, 4096, 440, 1080, 2488, 192, 292792, 1800
322184, 888, 4096, 440, 1076, 2492, 192, 292792, 1800
322184, 888, 4096, 440, 1076, 2492, 192, 292792, 1800
322184, 880, 4096, 444, 1076, 2492, 192, 292796, 1800
322180, 884, 4088, 444, 1076, 2492, 192, 292804, 1800
322180, 884, 4084, 440, 1080, 2488, 192, 292812, 1800
322180, 880, 4088, 440, 1080, 2484, 192, 292816, 1800
322176, 884, 4088, 436, 1084, 2484, 192, 292816, 1800
322176, 884, 4088, 436, 1084, 2484, 192, 292816, 1800
322168, 884, 4088, 436, 1080, 2480, 192, 292832, 1800
322168, 880, 4092, 432, 1084, 2476, 192, 292836, 1800
322160, 884, 4092, 432, 1080, 2480, 188, 292844, 1800
322156, 888, 4092, 428, 1084, 2480, 188, 292844, 1800
322156, 884, 4092, 428, 1084, 2480, 188, 292848, 1800
322152, 884, 4084, 424, 1088, 2480, 188, 292860, 1800
322152, 884, 4080, 420, 1092, 2476, 192, 292864, 1800
322152, 884, 4068, 420, 1092, 2476, 192, 292876, 1800
322148, 884, 4072, 420, 1092, 2476, 192, 292876, 1800
322148, 876, 4080, 420, 1092, 2472, 196, 292876, 1800
322148, 876, 4080, 416, 1096, 2472, 196, 292876, 1800
322144, 880, 4076, 416, 1096, 2472, 196, 292880, 1800
322144, 880, 4072, 416, 1096, 2472, 196, 292884, 1800
322144, 872, 4068, 416, 1096, 2472, 196, 292896, 1800
322144, 872, 4068, 416, 1096, 2472, 196, 292896, 1800
322144, 864, 4076, 416, 1096, 2468, 196, 292900, 1800
322144, 860, 4068, 420, 1092, 2468, 196, 292912, 1800
322144, 852, 4076, 420, 1092, 2468, 196, 292912, 1800
322144, 848, 4068, 424, 1084, 2468, 196, 292928, 1800
322140, 852, 4068, 424, 1084, 2468, 196, 292928, 1800
322136, 856, 4068, 420, 1088, 2468, 196, 292928, 1800
322136, 856, 4064, 420, 1084, 2468, 196, 292936, 1800
322132, 856, 4056, 424, 1080, 2468, 196, 292948, 1800
322132, 856, 4056, 424, 1080, 2468, 196, 292948, 1800
322128, 860, 4052, 424, 1080, 2468, 196, 292952, 1800
322128, 852, 4056, 428, 1080, 2468, 196, 292952, 1800
322128, 852, 4056, 424, 1084, 2464, 196, 292956, 1800
322128, 848, 4056, 424, 1084, 2460, 196, 292960, 1804
322128, 848, 4056, 424, 1084, 2460, 196, 292960, 1804
322128, 848, 4048, 424, 1084, 2460, 196, 292968, 1804
322128, 848, 4040, 424, 1084, 2460, 192, 292976, 1808
322128, 844, 4036, 428, 1084, 2460, 192, 292980, 1808
322128, 844, 4032, 428, 1084, 2460, 192, 292984, 1808
322128, 844, 4024, 428, 1084, 2460, 192, 292992, 1808
322128, 844, 4016, 428, 1084, 2456, 192, 293004, 1808
322128, 844, 4016, 428, 1084, 2456, 192, 293004, 1808
322124, 844, 4012, 428, 1084, 2452, 192, 293016, 1808
322124, 844, 4000, 424, 1088, 2444, 192, 293036, 1808
322124, 844, 4000, 424, 1084, 2444, 192, 293040, 1808
322124, 840, 4004, 424, 1084, 2444, 192, 293040, 1808
322124, 840, 4000, 424, 1084, 2444, 192, 293044, 1808
322124, 836, 4004, 424, 1084, 2444, 192, 293044, 1808
322124, 836, 3996, 424, 1084, 2444, 192, 293052, 1808
322124, 836, 3996, 424, 1084, 2440, 192, 293056, 1808
322124, 836, 3988, 424, 1084, 2440, 192, 293064, 1808
322124, 836, 3988, 420, 1088, 2436, 192, 293068, 1808
322124, 836, 3984, 420, 1088, 2436, 192, 293072, 1808
322124, 836, 3976, 420, 1088, 2432, 192, 293084, 1808
322120, 840, 3972, 420, 1088, 2432, 192, 293088, 1808
322120, 840, 3964, 416, 1092, 2432, 192, 293096, 1808
322120, 840, 3960, 416, 1088, 2436, 192, 293100, 1808
322120, 840, 3948, 416, 1088, 2436, 192, 293112, 1808
322120, 840, 3948, 416, 1088, 2436, 188, 293112, 1812
322116, 840, 3948, 416, 1088, 2436, 188, 293116, 1812
322116, 840, 3948, 416, 1088, 2436, 188, 293116, 1812
322116, 836, 3944, 420, 1088, 2436, 188, 293120, 1812
322116, 832, 3940, 420, 1084, 2436, 188, 293132, 1812
322116, 832, 3928, 420, 1084, 2436, 188, 293144, 1812
322112, 832, 3928, 420, 1084, 2436, 188, 293148, 1812
322112, 820, 3940, 420, 1084, 2436, 188, 293148, 1812
322108, 820, 3944, 420, 1080, 2440, 188, 293148, 1812
322108, 820, 3936, 420, 1080, 2436, 188, 293160, 1812
322104, 824, 3928, 420, 1080, 2436, 188, 293168, 1812
322104, 824, 3928, 420, 1080, 2432, 188, 293172, 1812
322104, 820, 3928, 424, 1080, 2432, 188, 293172, 1812
322104, 808, 3936, 420, 1088, 2432, 188, 293172, 1812
322104, 808, 3928, 420, 1088, 2420, 188, 293192, 1812
322100, 808, 3928, 424, 1088, 2420, 188, 293192, 1812
322100, 808, 3924, 420, 1092, 2420, 188, 293196, 1812
322100, 804, 3924, 424, 1080, 2420, 188, 293208, 1812
322100, 800, 3924, 424, 1080, 2420, 188, 293212, 1812
322096, 804, 3924, 424, 1072, 2420, 188, 293220, 1812
322096, 800, 3928, 424, 1068, 2420, 188, 293224, 1812
322096, 800, 3920, 424, 1068, 2416, 188, 293236, 1812
322096, 800, 3920, 424, 1064, 2416, 188, 293240, 1812
322084, 804, 3924, 428, 1064, 2416, 188, 293240, 1812
322084, 800, 3928, 428, 1056, 2420, 188, 293244, 1812
322084, 800, 3928, 428, 1056, 2416, 188, 293248, 1812
322084, 800, 3924, 428, 1056, 2416, 188, 293252, 1812
322084, 800, 3920, 428, 1056, 2416, 188, 293256, 1812
322084, 796, 3920, 432, 1052, 2420, 188, 293256, 1812
322084, 796, 3916, 428, 1056, 2420, 188, 293260, 1812
322084, 792, 3912, 424, 1060, 2420, 188, 293268, 1812
322084, 788, 3912, 428, 1052, 2420, 188, 293276, 1812
322084, 788, 3904, 428, 1052, 2420, 188, 293284, 1812
322084, 788, 3900, 424, 1056, 2420, 188, 293288, 1812
322084, 784, 3900, 424, 1056, 2424, 184, 293292, 1812
322084, 784, 3900, 424, 1056, 2424, 184, 293292, 1812
322084, 780, 3892, 424, 1056, 2424, 184, 293304, 1812
322080, 780, 3896, 424, 1056, 2424, 184, 293304, 1812
322080, 780, 3892, 424, 1056, 2424, 184, 293308, 1812
322080, 780, 3892, 420, 1056, 2424, 184, 293312, 1812
322080, 780, 3892, 420, 1056, 2424, 184, 293312, 1812
322080, 780, 3892, 420, 1056, 2424, 184, 293312, 1812
322080, 780, 3888, 416, 1056, 2424, 184, 293320, 1812
322080, 776, 3888, 416, 1056, 2420, 188, 293324, 1812
322080, 776, 3888, 412, 1056, 2420, 188, 293328, 1812
322076, 776, 3892, 412, 1052, 2420, 188, 293332, 1812
322076, 772, 3888, 412, 1052, 2416, 188, 293344, 1812
322076, 768, 3892, 412, 1052, 2416, 188, 293344, 1812
322076, 768, 3892, 412, 1052, 2416, 188, 293344, 1812
322076, 768, 3892, 412, 1052, 2416, 188, 293344, 1812
322076, 764, 3896, 412, 1052, 2416, 188, 293344, 1812
322072, 764, 3896, 416, 1052, 2416, 188, 293344, 1812
322072, 764, 3896, 416, 1052, 2416, 188, 293344, 1812
322068, 764, 3900, 416, 1052, 2416, 188, 293344, 1812
322068, 764, 3896, 416, 1052, 2416, 188, 293348, 1812
322068, 764, 3876, 416, 1052, 2416, 188, 293368, 1812
322060, 764, 3880, 420, 1052, 2416, 188, 293368, 1812
322060, 760, 3868, 420, 1052, 2416, 188, 293384, 1812
322056, 764, 3868, 420, 1048, 2416, 188, 293388, 1812
322056, 764, 3864, 420, 1048, 2416, 188, 293392, 1812
322044, 776, 3864, 420, 1048, 2416, 188, 293392, 1812
322044, 772, 3868, 420, 1048, 2416, 188, 293392, 1812
322044, 768, 3872, 420, 1048, 2416, 188, 293392, 1812
322040, 768, 3856, 424, 1048, 2416, 188, 293408, 1812
322040, 768, 3852, 424, 1044, 2416, 188, 293416, 1812
322036, 768, 3856, 424, 1044, 2416, 188, 293416, 1812
322024, 780, 3856, 424, 1040, 2416, 188, 293420, 1812
322016, 780, 3860, 424, 1036, 2420, 188, 293424, 1812
322012, 780, 3860, 424, 1036, 2420, 188, 293428, 1812
322000, 792, 3860, 424, 1036, 2420, 188, 293428, 1812
321996, 792, 3860, 420, 1040, 2416, 188, 293436, 1812
321992, 796, 3856, 420, 1036, 2416, 188, 293444, 1812
321984, 800, 3856, 412, 1040, 2416, 188, 293452, 1812
321980, 804, 3848, 412, 1040, 2416, 188, 293460, 1812
321980, 800, 3848, 412, 1040, 2416, 188, 293464, 1812
321976, 804, 3844, 412, 1040, 2416, 188, 293468, 1812
321976, 804, 3840, 412, 1040, 2416, 188, 293472, 1812
321972, 808, 3840, 408, 1044, 2416, 188, 293472, 1812
321972, 808, 3836, 408, 1044, 2416, 188, 293476, 1812
321968, 812, 3836, 408, 1040, 2420, 188, 293476, 1812
321968, 812, 3832, 408, 1040, 2420, 188, 293480, 1812
321968, 812, 3832, 408, 1036, 2408, 188, 293492, 1816
321968, 812, 3828, 408, 1032, 2416, 184, 293496, 1816
321968, 808, 3824, 412, 1032, 2416, 184, 293500, 1816
321968, 808, 3824, 412, 1032, 2412, 184, 293504, 1816
321964, 800, 3836, 412, 1032, 2412, 184, 293504, 1816
321952, 808, 3832, 412, 1032, 2412, 184, 293512, 1816
321952, 808, 3828, 412, 1024, 2412, 184, 293524, 1816
321948, 808, 3820, 416, 1024, 2412, 184, 293532, 1816
321948, 808, 3820, 416, 1024, 2412, 184, 293532, 1816
321940, 812, 3820, 416, 1016, 2416, 184, 293540, 1816
321936, 804, 3832, 416, 1016, 2416, 184, 293540, 1816
321932, 804, 3828, 420, 1016, 2416, 184, 293544, 1816
321932, 804, 3828, 420, 1016, 2412, 184, 293548, 1816
321924, 812, 3824, 420, 1016, 2412, 184, 293552, 1816
321920, 808, 3828, 420, 1020, 2408, 184, 293556, 1816
321912, 804, 3840, 420, 1020, 2408, 184, 293556, 1816
321908, 808, 3836, 420, 1016, 2404, 184, 293564, 1820
321900, 808, 3840, 420, 1012, 2412, 180, 293568, 1820
321896, 812, 3840, 420, 1012, 2408, 180, 293572, 1820
321896, 808, 3840, 420, 1012, 2408, 180, 293576, 1820
321896, 808, 3828, 420, 1012, 2408, 180, 293588, 1820
321888, 812, 3820, 420, 1012, 2408, 180, 293600, 1820
321880, 820, 3820, 420, 1012, 2408, 180, 293600, 1820
321876, 820, 3816, 424, 1012, 2408, 180, 293604, 1820
321876, 816, 3820, 424, 1012, 2408, 180, 293604, 1820
321876, 812, 3824, 424, 1012, 2404, 180, 293608, 1820
321872, 812, 3820, 424, 1012, 2404, 180, 293616, 1820
321872, 812, 3820, 424, 1004, 2404, 180, 293624, 1820
321868, 808, 3824, 424, 1004, 2404, 180, 293628, 1820
321868, 808, 3820, 424, 1004, 2400, 180, 293636, 1820
321868, 804, 3820, 420, 1008, 2400, 180, 293640, 1820
321868, 804, 3816, 420, 1008, 2400, 180, 293644, 1820
321864, 808, 3816, 420, 1008, 2400, 180, 293644, 1820
321860, 808, 3820, 420, 1008, 2400, 180, 293644, 1820
321860, 808, 3816, 420, 1008, 2400, 180, 293648, 1820
321860, 804, 3820, 420, 1004, 2396, 180, 293656, 1820
321860, 804, 3820, 420, 1004, 2392, 180, 293660, 1820
321860, 796, 3828, 420, 1000, 2388, 180, 293668, 1820
321856, 800, 3820, 420, 996, 2388, 180, 293680, 1820
321856, 800, 3812, 420, 992, 2388, 180, 293692, 1820
321852, 804, 3812, 416, 992, 2384, 184, 293696, 1820
321852, 804, 3812, 412, 996, 2384, 184, 293696, 1820
321852, 800, 3816, 412, 996, 2384, 184, 293696, 1820
321852, 800, 3816, 412, 996, 2384, 184, 293696, 1820
321852, 800, 3816, 412, 996, 2384, 184, 293696, 1820
321852, 800, 3808, 412, 996, 2384, 184, 293704, 1820
321852, 796, 3812, 408, 1000, 2384, 184, 293704, 1820
321848, 796, 3808, 408, 992, 2380, 184, 293724, 1820
321848, 796, 3804, 408, 992, 2380, 184, 293728, 1820
321848, 796, 3800, 408, 992, 2380, 184, 293732, 1820
321848, 796, 3796, 408, 992, 2380, 184, 293736, 1820
321848, 796, 3796, 404, 996, 2376, 184, 293740, 1820
321848, 792, 3796, 400, 1000, 2372, 184, 293748, 1820
321848, 792, 3792, 396, 1004, 2372, 184, 293752, 1820
321844, 796, 3784, 396, 1004, 2372, 184, 293760, 1820
321844, 796, 3780, 396, 1004, 2372, 184, 293764, 1820
321844, 792, 3780, 392, 1008, 2372, 180, 293772, 1820
321844, 792, 3780, 392, 1008, 2372, 180, 293772, 1820
321844, 792, 3776, 392, 1004, 2364, 180, 293788, 1820
321844, 792, 3776, 388, 1008, 2364, 180, 293788, 1820
321844, 788, 3776, 384, 1012, 2364, 180, 293792, 1820
321840, 792, 3776, 384, 1012, 2364, 180, 293792, 1820
321836, 792, 3776, 388, 1012, 2364, 180, 293792, 1820
321836, 788, 3776, 384, 1016, 2364, 180, 293796, 1820
321836, 788, 3776, 384, 1016, 2360, 180, 293800, 1820
321836, 788, 3768, 384, 1016, 2360, 180, 293808, 1820
321836, 784, 3768, 384, 1012, 2360, 180, 293816, 1820
321836, 784, 3768, 384, 1012, 2360, 180, 293816, 1820
321836, 784, 3764, 384, 1008, 2364, 180, 293820, 1820
321832, 788, 3760, 384, 1004, 2364, 180, 293828, 1820
321832, 784, 3760, 384, 1004, 2356, 184, 293836, 1820
321832, 780, 3764, 384, 1004, 2356, 184, 293836, 1820
321824, 788, 3760, 384, 1004, 2356, 184, 293840, 1820
321824, 784, 3764, 384, 1000, 2352, 184, 293844, 1824
321820, 780, 3768, 388, 1000, 2352, 184, 293844, 1824
321820, 768, 3768, 396, 1000, 2352, 184, 293848, 1824
321820, 768, 3768, 396, 1000, 2352, 184, 293848, 1824
321820, 764, 3768, 396, 1004, 2348, 184, 293852, 1824
321820, 760, 3772, 396, 1004, 2340, 188, 293856, 1824
321820, 756, 3772, 396, 1004, 2340, 188, 293860, 1824
321816, 756, 3768, 396, 1004, 2340, 188, 293868, 1824
321812, 752, 3776, 392, 1008, 2340, 188, 293868, 1824
321808, 756, 3768, 392, 1004, 2340, 188, 293880, 1824
321808, 756, 3768, 392, 1000, 2336, 188, 293888, 1824
321808, 748, 3772, 396, 1000, 2332, 188, 293892, 1824
321808, 744, 3776, 396, 1000, 2332, 188, 293892, 1824
321808, 744, 3772, 392, 1004, 2332, 188, 293896, 1824
321808, 744, 3764, 392, 1000, 2328, 188, 293912, 1824
321808, 744, 3756, 392, 996, 2328, 188, 293924, 1824
321808, 744, 3752, 392, 996, 2332, 184, 293928, 1824
321808, 744, 3744, 392, 992, 2332, 184, 293940, 1824
321808, 744, 3740, 392, 992, 2332, 184, 293944, 1824
321804, 748, 3732, 392, 992, 2332, 184, 293952, 1824
321804, 744, 3728, 396, 992, 2328, 184, 293960, 1824
321804, 744, 3724, 396, 992, 2324, 184, 293968, 1824
321804, 744, 3724, 396, 992, 2324, 184, 293968, 1824
321804, 744, 3724, 396, 992, 2324, 184, 293968, 1824
321804, 744, 3724, 392, 996, 2324, 184, 293968, 1824
321800, 744, 3728, 392, 996, 2324, 184, 293968, 1824
321800, 740, 3732, 392, 996, 2324, 184, 293968, 1824
321800, 740, 3720, 392, 996, 2324, 184, 293980, 1824
321800, 732, 3724, 396, 996, 2324, 184, 293980, 1824
321800, 728, 3724, 396, 996, 2324, 184, 293984, 1824
321800, 728, 3724, 396, 996, 2324, 184, 293984, 1824
321800, 728, 3720, 396, 996, 2324, 184, 293988, 1824
321800, 724, 3712, 396, 996, 2324, 184, 294000, 1824
321800, 724, 3704, 396, 996, 2324, 184, 294008, 1824
321800, 724, 3700, 396, 992, 2320, 184, 294020, 1824
321796, 728, 3696, 396, 988, 2320, 184, 294028, 1824
321796, 728, 3692, 396, 984, 2320, 184, 294036, 1824
321792, 724, 3700, 396, 980, 2320, 184, 294040, 1824
321780, 736, 3700, 392, 980, 2320, 184, 294044, 1824
321780, 736, 3700, 392, 976, 2316, 184, 294052, 1824
321780, 736, 3700, 392, 976, 2316, 184, 294052, 1824
321776, 740, 3696, 392, 976, 2316, 184, 294056, 1824
321776, 736, 3684, 396, 976, 2316, 184, 294068, 1824
321776, 732, 3688, 392, 976, 2316, 184, 294072, 1824
321772, 736, 3680, 392, 976, 2320, 180, 294080, 1824
321768, 740, 3676, 392, 976, 2320, 180, 294084, 1824
321768, 740, 3676, 392, 976, 2320, 180, 294084, 1824
321764, 744, 3672, 388, 980, 2320, 180, 294088, 1824
321760, 748, 3664, 388, 976, 2320, 184, 294096, 1824
321756, 752, 3664, 388, 976, 2320, 184, 294096, 1824
321744, 764, 3660, 388, 976, 2316, 188, 294100, 1824
321740, 768, 3656, 388, 976, 2316, 188, 294104, 1824
321736, 772, 3656, 388, 976, 2316, 188, 294104, 1824
321736, 768, 3660, 388, 976, 2316, 188, 294104, 1824
321732, 760, 3672, 388, 976, 2312, 188, 294108, 1824
321728, 760, 3676, 388, 976, 2312, 188, 294108, 1824
321728, 760, 3660, 388, 976, 2312, 188, 294124, 1824
321720, 760, 3668, 388, 972, 2312, 188, 294128, 1824
321716, 764, 3664, 388, 972, 2308, 188, 294136, 1824
321716, 756, 3664, 392, 968, 2312, 188, 294140, 1824
321712, 760, 3660, 384, 976, 2308, 188, 294148, 1824
321704, 768, 3656, 384, 972, 2312, 188, 294152, 1824
321704, 764, 3656, 384, 972, 2312, 188, 294156, 1824
321700, 768, 3648, 384, 972, 2312, 188, 294164, 1824
321700, 764, 3652, 384, 972, 2312, 188, 294164, 1824
321696, 768, 3644, 384, 972, 2312, 188, 294172, 1824
321696, 768, 3640, 384, 972, 2312, 188, 294176, 1824
321692, 772, 3628, 384, 972, 2312, 188, 294188, 1824
321684, 780, 3628, 380, 976, 2308, 188, 294192, 1824
321676, 788, 3620, 380, 976, 2308, 188, 294200, 1824
321676, 788, 3620, 380, 972, 2312, 188, 294200, 1824
321676, 788, 3620, 380, 968, 2312, 188, 294204, 1824
321676, 788, 3616, 380, 968, 2312, 188, 294208, 1824
321676, 780, 3616, 380, 968, 2312, 188, 294216, 1824
321672, 784, 3616, 380, 968, 2312, 188, 294216, 1824
321664, 792, 3612, 380, 968, 2312, 188, 294220, 1824
321660, 796, 3612, 380, 968, 2312, 188, 294220, 1824
321656, 800, 3612, 380, 968, 2312, 188, 294220, 1824
321656, 796, 3612, 372, 976, 2312, 188, 294224, 1824
321652, 796, 3608, 372, 972, 2312, 188, 294236, 1824
321652, 792, 3612, 372, 972, 2308, 188, 294240, 1824
321644, 796, 3612, 372, 968, 2308, 188, 294248, 1824
321644, 796, 3612, 372, 968, 2308, 188, 294248, 1824
321640, 800, 3612, 372, 968, 2308, 188, 294248, 1824
321640, 800, 3612, 372, 968, 2304, 188, 294252, 1824
321640, 800, 3608, 372, 968, 2304, 188, 294256, 1824
321636, 800, 3608, 372, 968, 2304, 188, 294260, 1824
321632, 804, 3608, 368, 968, 2304, 188, 294264, 1824
321632, 804, 3604, 368, 968, 2304, 188, 294268, 1824
321632, 804, 3604, 368, 968, 2304, 188, 294268, 1824
321632, 796, 3604, 372, 968, 2300, 188, 294276, 1824
321632, 792, 3608, 372, 968, 2300, 188, 294276, 1824
321628, 792, 3608, 368, 972, 2292, 188, 294288, 1824
321628, 792, 3608, 368, 972, 2292, 188, 294288, 1824
321628, 784, 3612, 372, 968, 2292, 188, 294292, 1824
321628, 784, 3612, 372, 968, 2292, 188, 294292, 1824
321628, 784, 3612, 372, 968, 2292, 188, 294292, 1824
321628, 784, 3612, 372, 968, 2292, 188, 294292, 1824
321628, 776, 3604, 380, 964, 2292, 188, 294304, 1824
321624, 772, 3612, 380, 964, 2292, 188, 294304, 1824
321624, 772, 3608, 380, 964, 2292, 188, 294308, 1824
321620, 776, 3604, 380, 964, 2292, 188, 294312, 1824
321620, 776, 3600, 380, 964, 2292, 188, 294316, 1824
321620, 776, 3600, 380, 964, 2292, 188, 294316, 1824
321620, 776, 3600, 380, 964, 2292, 188, 294316, 1824
321620, 768, 3608, 380, 964, 2292, 188, 294316, 1824
321620, 768, 3604, 380, 956, 2288, 188, 294332, 1824
321620, 768, 3596, 380, 956, 2288, 188, 294340, 1824
321620, 760, 3600, 380, 956, 2288, 188, 294344, 1824
321620, 756, 3604, 380, 956, 2284, 188, 294348, 1824
321620, 756, 3600, 380, 956, 2284, 188, 294352, 1824
321620, 756, 3592, 380, 956, 2284, 188, 294360, 1824
321616, 760, 3588, 380, 956, 2280, 188, 294368, 1824
321616, 760, 3588, 380, 956, 2280, 188, 294368, 1824
321616, 760, 3588, 380, 952, 2280, 188, 294372, 1824
321616, 756, 3584, 380, 952, 2280, 188, 294380, 1824
321616, 752, 3588, 376, 956, 2280, 188, 294380, 1824
321616, 748, 3592, 376, 952, 2280, 188, 294384, 1824
321616, 748, 3588, 376, 952, 2280, 188, 294388, 1824
321616, 748, 3584, 376, 952, 2280, 188, 294392, 1824
321616, 748, 3576, 376, 952, 2280, 188, 294400, 1824
321616, 748, 3576, 372, 956, 2280, 188, 294400, 1824
321616, 748, 3572, 368, 960, 2280, 188, 294404, 1824
321616, 748, 3572, 368, 960, 2280, 188, 294404, 1824
321616, 748, 3564, 368, 952, 2280, 188, 294420, 1824
321616, 748, 3564, 368, 948, 2280, 188, 294424, 1824
321616, 740, 3560, 368, 948, 2280, 188, 294436, 1824
321616, 740, 3556, 368, 948, 2280, 188, 294440, 1824
321616, 740, 3556, 368, 948, 2280, 188, 294440, 1824
321616, 736, 3552, 368, 948, 2280, 188, 294448, 1824
321616, 732, 3544, 364, 952, 2276, 184, 294460, 1832
321616, 728, 3548, 364, 952, 2272, 184, 294464, 1832
321612, 732, 3544, 364, 952, 2272, 184, 294468, 1832
321608, 736, 3544, 364, 952, 2272, 184, 294468, 1832
321608, 732, 3548, 364, 952, 2272, 184, 294468, 1832
321608, 728, 3544, 368, 952, 2272, 184, 294472, 1832
321608, 728, 3540, 364, 956, 2276, 180, 294476, 1832
321608, 724, 3540, 364, 956, 2276, 180, 294480, 1832
321608, 724, 3540, 360, 960, 2276, 180, 294480, 1832
321608, 724, 3532, 360, 956, 2272, 180, 294496, 1832
321608, 724, 3528, 360, 956, 2272, 180, 294500, 1832
321604, 728, 3524, 360, 956, 2268, 180, 294508, 1832
321604, 724, 3524, 360, 956, 2268, 180, 294512, 1832
321600, 728, 3520, 360, 956, 2268, 180, 294516, 1832
321596, 732, 3516, 360, 956, 2268, 180, 294520, 1832
321596, 732, 3516, 356, 960, 2268, 180, 294520, 1832
321596, 728, 3512, 360, 960, 2264, 184, 294524, 1832
321596, 728, 3508, 356, 964, 2264, 184, 294528, 1832
321596, 724, 3504, 360, 964, 2260, 184, 294536, 1832
321592, 720, 3508, 364, 964, 2264, 180, 294536, 1832
321588, 724, 3500, 364, 964, 2264, 180, 294544, 1832
321580, 728, 3496, 364, 956, 2268, 180, 294556, 1832
321576, 728, 3496, 364, 956, 2268, 180, 294560, 1832
321576, 728, 3496, 364, 956, 2268, 180, 294560, 1832
321576, 720, 3504, 364, 956, 2268, 180, 294560, 1832
321576, 720, 3484, 364, 956, 2268, 180, 294580, 1832
321576, 720, 3480, 364, 956, 2268, 180, 294584, 1832
321576, 720, 3480, 364, 956, 2268, 180, 294584, 1832
321576, 716, 3472, 368, 956, 2268, 180, 294592, 1832
321572, 720, 3468, 368, 956, 2268, 180, 294596, 1832
321572, 720, 3468, 368, 956, 2268, 180, 294596, 1832
321572, 716, 3472, 368, 956, 2268, 180, 294596, 1832
321572, 716, 3468, 368, 956, 2268, 180, 294600, 1832
321572, 712, 3472, 368, 956, 2268, 180, 294600, 1832
321568, 716, 3456, 368, 956, 2260, 180, 294624, 1832
321568, 712, 3452, 372, 956, 2260, 180, 294628, 1832
321564, 716, 3444, 372, 956, 2260, 180, 294636, 1832
321564, 716, 3440, 372, 956, 2260, 180, 294640, 1832
321564, 716, 3440, 372, 956, 2260, 180, 294640, 1832
321564, 712, 3436, 372, 956, 2260, 180, 294648, 1832
321564, 712, 3428, 368, 960, 2260, 180, 294656, 1832
321564, 712, 3428, 364, 964, 2260, 180, 294656, 1832
321564, 712, 3428, 360, 968, 2256, 180, 294660, 1832
321564, 708, 3432, 360, 964, 2256, 180, 294664, 1832
321564, 708, 3432, 360, 964, 2256, 180, 294664, 1832
321556, 716, 3432, 360, 964, 2256, 180, 294664, 1832
321556, 712, 3432, 360, 964, 2256, 180, 294668, 1832
321556, 712, 3428, 356, 968, 2256, 180, 294672, 1832
321556, 712, 3424, 356, 964, 2256, 180, 294680, 1832
321556, 712, 3420, 356, 960, 2252, 184, 294688, 1832
321556, 712, 3416, 352, 964, 2252, 184, 294692, 1832
321556, 712, 3412, 352, 964, 2252, 184, 294696, 1832
321552, 716, 3412, 352, 964, 2252, 184, 294696, 1832
321548, 720, 3412, 344, 972, 2252, 184, 294696, 1832
321540, 728, 3408, 344, 972, 2252, 184, 294700, 1832
321532, 732, 3412, 340, 976, 2252, 184, 294700, 1832
321528, 736, 3412, 340, 976, 2252, 184, 294700, 1832
321528, 736, 3408, 336, 980, 2252, 184, 294704, 1832
321528, 732, 3404, 336, 976, 2248, 184, 294720, 1832
321524, 732, 3404, 336, 976, 2248, 184, 294724, 1832
321524, 728, 3408, 336, 976, 2248, 184, 294724, 1832
321516, 732, 3408, 336, 976, 2244, 184, 294732, 1832
321516, 732, 3408, 336, 976, 2240, 184, 294732, 1836
321508, 736, 3404, 336, 976, 2244, 184, 294736, 1836
321508, 736, 3404, 332, 980, 2240, 184, 294740, 1836
321504, 740, 3400, 332, 980, 2240, 184, 294744, 1836
321492, 752, 3400, 332, 980, 2240, 184, 294744, 1836
321472, 764, 3408, 328, 980, 2244, 184, 294744, 1836
321472, 764, 3408, 328, 980, 2240, 184, 294748, 1836
321452, 784, 3404, 328, 980, 2240, 184, 294752, 1836
321444, 792, 3392, 328, 980, 2240, 184, 294764, 1836
321440, 796, 3392, 328, 980, 2240, 184, 294764, 1836
321436, 800, 3392, 328, 980, 2240, 184, 294764, 1836
321436, 800, 3388, 328, 980, 2236, 184, 294772, 1836
321432, 804, 3388, 324, 984, 2232, 184, 294776, 1836
321432, 804, 3384, 324, 984, 2236, 180, 294780, 1836
321428, 808, 3384, 324, 984, 2236, 180, 294780, 1836
321428, 808, 3376, 324, 980, 2240, 176, 294792, 1836
321424, 812, 3376, 320, 984, 2240, 176, 294792, 1836
321424, 800, 3384, 320, 984, 2240, 176, 294796, 1836
321420, 804, 3384, 320, 984, 2240, 176, 294796, 1836
321412, 812, 3384, 316, 988, 2236, 176, 294800, 1836
321412, 808, 3380, 316, 988, 2236, 176, 294808, 1836
321408, 808, 3380, 320, 988, 2232, 176, 294812, 1836
321408, 808, 3380, 320, 988, 2232, 176, 294812, 1836
321404, 812, 3376, 320, 988, 2232, 176, 294816, 1836
321404, 808, 3380, 320, 984, 2236, 176, 294816, 1836
321400, 804, 3376, 328, 984, 2236, 176, 294820, 1836
321400, 800, 3380, 328, 984, 2232, 176, 294824, 1836
321396, 800, 3380, 332, 980, 2236, 176, 294824, 1836
321392, 804, 3376, 332, 980, 2232, 176, 294832, 1836
321392, 796, 3380, 336, 980, 2232, 176, 294832, 1836
321388, 800, 3380, 336, 976, 2232, 176, 294836, 1836
321388, 800, 3380, 328, 984, 2232, 176, 294836, 1836
321380, 808, 3368, 328, 984, 2232, 176, 294848, 1836
321380, 808, 3368, 324, 988, 2232, 176, 294848, 1836
321372, 816, 3364, 320, 992, 2232, 176, 294852, 1836
321372, 816, 3360, 320, 988, 2232, 176, 294860, 1836
321372, 812, 3364, 320, 988, 2228, 176, 294864, 1836
321372, 812, 3364, 320, 988, 2228, 176, 294864, 1836
321368, 808, 3372, 320, 988, 2224, 176, 294868, 1836
321368, 804, 3376, 320, 988, 2224, 176, 294868, 1836
321368, 804, 3376, 320, 988, 2224, 176, 294868, 1836
321360, 812, 3372, 320, 984, 2224, 176, 294876, 1836
321360, 804, 3372, 320, 980, 2224, 176, 294888, 1836
321360, 804, 3372, 316, 980, 2220, 180, 294892, 1836
321360, 804, 3368, 316, 980, 2220, 180, 294896, 1836
321356, 796, 3372, 324, 980, 2220, 180, 294896, 1836
321356, 792, 3368, 324, 984, 2220, 180, 294900, 1836
321356, 792, 3368, 324, 980, 2216, 180, 294908, 1836
321352, 796, 3368, 324, 980, 2216, 180, 294908, 1836
321352, 796, 3368, 324, 976, 2216, 180, 294912, 1836
321352, 788, 3372, 324, 976, 2208, 184, 294920, 1836
321344, 796, 3372, 324, 976, 2208, 184, 294920, 1836
321344, 796, 3368, 320, 980, 2208, 184, 294924, 1836
321344, 796, 3360, 320, 980, 2208, 184, 294932, 1836
321344, 796, 3356, 320, 980, 2208, 184, 294936, 1836
321344, 792, 3356, 320, 976, 2208, 184, 294944, 1836
321344, 792, 3356, 320, 976, 2208, 184, 294944, 1836
321344, 792, 3356, 320, 976, 2204, 184, 294948, 1836
321340, 792, 3360, 320, 976, 2204, 184, 294948, 1836
321340, 792, 3360, 320, 972, 2204, 184, 294952, 1836
321340, 792, 3352, 316, 976, 2204, 184, 294960, 1836
321340, 788, 3356, 316, 976, 2204, 184, 294960, 1836
321340, 788, 3356, 316, 976, 2204, 184, 294960, 1836
321336, 792, 3348, 316, 976, 2204, 180, 294968, 1840
321336, 792, 3340, 316, 976, 2204, 180, 294976, 1840
321336, 788, 3344, 316, 972, 2204, 180, 294980, 1840
321336, 788, 3340, 316, 972, 2204, 180, 294984, 1840
321332, 788, 3336, 316, 972, 2204, 180, 294992, 1840
321332, 788, 3332, 316, 968, 2204, 180, 295000, 1840
321332, 788, 3332, 316, 964, 2204, 180, 295004, 1840
321332, 780, 3328, 324, 964, 2204, 180, 295008, 1840
321332, 780, 3328, 324, 964, 2204, 180, 295008, 1840
321332, 776, 3332, 324, 964, 2204, 180, 295008, 1840
321332, 776, 3332, 324, 960, 2208, 180, 295008, 1840
321332, 776, 3332, 324, 960, 2208, 180, 295008, 1840
321332, 772, 3328, 324, 956, 2208, 180, 295020, 1840
321332, 772, 3324, 324, 956, 2204, 180, 295028, 1840
321332, 772, 3316, 324, 956, 2204, 180, 295036, 1840
321332, 772, 3316, 320, 960, 2204, 180, 295036, 1840
321328, 776, 3316, 320, 960, 2204, 180, 295036, 1840
321328, 776, 3316, 320, 960, 2204, 180, 295036, 1840
321324, 780, 3316, 320, 960, 2204, 180, 295036, 1840
321324, 780, 3312, 320, 960, 2204, 180, 295040, 1840
321324, 780, 3312, 316, 964, 2204, 180, 295040, 1840
321324, 780, 3300, 316, 960, 2204, 184, 295052, 1840
321324, 780, 3300, 316, 960, 2200, 184, 295056, 1840
321324, 780, 3300, 316, 960, 2200, 184, 295056, 1840
321324, 776, 3304, 316, 960, 2200, 184, 295056, 1840
321324, 772, 3308, 316, 960, 2192, 184, 295064, 1840
321320, 772, 3308, 316, 960, 2188, 184, 295072, 1840
321320, 768, 3308, 320, 956, 2188, 184, 295076, 1840
321320, 768, 3308, 320, 956, 2188, 184, 295076, 1840
321320, 764, 3308, 320, 956, 2188, 184, 295080, 1840
321320, 760, 3304, 316, 960, 2188, 184, 295088, 1840
321320, 752, 3312, 316, 960, 2188, 184, 295088, 1840
321320, 748, 3312, 316, 956, 2188, 184, 295096, 1840
321320, 744, 3312, 316, 956, 2188, 184, 295100, 1840
321320, 744, 3312, 316, 956, 2188, 184, 295100, 1840
321320, 744, 3312, 316, 956, 2184, 184, 295104, 1840
321320, 740, 3316, 316, 956, 2184, 184, 295104, 1840
321320, 740, 3312, 316, 956, 2184, 184, 295108, 1840
321316, 744, 3312, 316, 956, 2184, 184, 295108, 1840
321308, 752, 3300, 316, 956, 2184, 184, 295120, 1840
321308, 752, 3300, 316, 956, 2184, 184, 295120, 1840
321308, 748, 3296, 320, 956, 2184, 184, 295124, 1840
321304, 752, 3296, 320, 956, 2184, 184, 295124, 1840
321304, 752, 3292, 320, 956, 2184, 184, 295128, 1840
321300, 756, 3292, 320, 956, 2184, 184, 295128, 1840
321300, 756, 3288, 320, 956, 2184, 184, 295132, 1840
321300, 756, 3288, 320, 956, 2184, 184, 295132, 1840
321300, 756, 3284, 320, 952, 2184, 184, 295140, 1840
321296, 760, 3276, 320, 952, 2180, 184, 295152, 1840
321296, 756, 3280, 320, 948, 2176, 184, 295160, 1840
321292, 760, 3276, 316, 952, 2176, 184, 295164, 1840
321292, 760, 3272, 316, 952, 2172, 184, 295172, 1840
321288, 764, 3268, 316, 952, 2172, 184, 295176, 1840
321284, 768, 3268, 316, 952, 2172, 184, 295176, 1840
321284, 768, 3264, 316, 952, 2172, 184, 295180, 1840
321280, 768, 3264, 316, 948, 2172, 184, 295188, 1840
321280, 768, 3252, 316, 948, 2172, 184, 295200, 1840
321276, 772, 3248, 316, 948, 2172, 184, 295204, 1840
321276, 772, 3244, 316, 948, 2164, 184, 295216, 1840
321272, 776, 3240, 316, 948, 2160, 184, 295224, 1840
321268, 780, 3236, 316, 944, 2164, 184, 295228, 1840
321268, 772, 3240, 320, 944, 2164, 184, 295228, 1840
321268, 772, 3236, 320, 944, 2164, 184, 295232, 1840
321268, 772, 3232, 320, 944, 2164, 184, 295236, 1840
321268, 764, 3228, 328, 944, 2164, 184, 295240, 1840
321268, 760, 3232, 324, 948, 2160, 184, 295244, 1840
321264, 764, 3232, 320, 948, 2164, 184, 295244, 1840
321264, 760, 3236, 320, 948, 2164, 184, 295244, 1840
321264, 756, 3232, 324, 948, 2164, 184, 295248, 1840
321264, 756, 3224, 324, 948, 2164, 184, 295256, 1840
321256, 764, 3212, 320, 948, 2164, 184, 295272, 1840
321244, 772, 3204, 320, 944, 2164, 184, 295288, 1840
321244, 768, 3204, 324, 940, 2164, 184, 295292, 1840
321236, 768, 3208, 328, 940, 2164, 184, 295292, 1840
321236, 768, 3208, 328, 940, 2164, 184, 295292, 1840
321232, 764, 3208, 332, 940, 2164, 184, 295296, 1840
321224, 772, 3208, 332, 940, 2164, 184, 295296, 1840
321220, 776, 3208, 332, 936, 2168, 184, 295296, 1840
321216, 780, 3204, 332, 932, 2176, 180, 295300, 1840
321216, 776, 3208, 332, 932, 2176, 180, 295300, 1840
321212, 780, 3200, 332, 932, 2176, 180, 295308, 1840
321208, 780, 3200, 332, 932, 2168, 180, 295320, 1840
321204, 780, 3200, 332, 932, 2168, 180, 295324, 1840
321196, 784, 3204, 332, 928, 2164, 180, 295328, 1844
321188, 792, 3204, 332, 920, 2172, 180, 295328, 1844
321184, 796, 3204, 332, 920, 2168, 180, 295332, 1844
321176, 804, 3200, 332, 920, 2164, 180, 295340, 1844
321168, 808, 3200, 332, 920, 2164, 180, 295344, 1844
321168, 808, 3200, 332, 920, 2160, 180, 295348, 1844
321168, 808, 3200, 332, 920, 2160, 180, 295348, 1844
321160, 816, 3200, 332, 920, 2160, 180, 295348, 1844
321156, 820, 3200, 332, 920, 2160, 180, 295348, 1844
321156, 820, 3196, 332, 912, 2160, 180, 295360, 1844
321152, 824, 3196, 332, 912, 2160, 180, 295360, 1844
321136, 836, 3188, 332, 912, 2156, 180, 295376, 1844
321132, 840, 3184, 332, 912, 2156, 180, 295380, 1844
321128, 844, 3184, 332, 912, 2156, 180, 295380, 1844
321124, 844, 3168, 336, 912, 2156, 180, 295396, 1844
321120, 848, 3164, 336, 912, 2152, 180, 295404, 1844
321120, 844, 3164, 336, 912, 2156, 176, 295408, 1844
321120, 840, 3164, 336, 912, 2156, 176, 295412, 1844
321120, 840, 3164, 336, 908, 2160, 176, 295412, 1844
321116, 844, 3164, 336, 908, 2156, 176, 295416, 1844
321112, 844, 3164, 336, 908, 2156, 176, 295420, 1844
321104, 852, 3164, 336, 904, 2156, 176, 295424, 1844
321104, 848, 3164, 336, 904, 2156, 176, 295428, 1844
321100, 848, 3168, 336, 904, 2156, 176, 295428, 1844
321100, 848, 3168, 332, 904, 2152, 176, 295436, 1844
321092, 856, 3168, 332, 900, 2152, 176, 295440, 1844
321092, 856, 3168, 332, 896, 2156, 176, 295440, 1844
321092, 856, 3168, 332, 896, 2156, 176, 295440, 1844
321088, 856, 3172, 332, 896, 2156, 176, 295440, 1844
321088, 856, 3172, 328, 900, 2156, 176, 295440, 1844
321084, 860, 3172, 328, 900, 2152, 176, 295444, 1844
321080, 860, 3168, 332, 900, 2148, 176, 295452, 1844
321080, 856, 3160, 332, 900, 2144, 176, 295468, 1844
321076, 860, 3156, 332, 900, 2144, 176, 295472, 1844
321068, 864, 3156, 332, 900, 2144, 176, 295476, 1844
321068, 864, 3156, 332, 900, 2144, 176, 295476, 1844
321068, 860, 3160, 332, 900, 2144, 176, 295476, 1844
321068, 860, 3160, 332, 900, 2140, 176, 295476, 1848
321068, 856, 3160, 332, 900, 2140, 176, 295480, 1848
321068, 848, 3160, 332, 900, 2144, 176, 295484, 1848
321068, 848, 3160, 332, 900, 2144, 176, 295484, 1848
321068, 848, 3156, 332, 900, 2144, 176, 295488, 1848
321068, 844, 3160, 332, 900, 2144, 176, 295488, 1848
321068, 844, 3160, 332, 900, 2140, 176, 295492, 1848
321068, 844, 3160, 332, 896, 2140, 176, 295496, 1848
321068, 836, 3168, 328, 900, 2140, 176, 295496, 1848
321068, 832, 3168, 328, 896, 2140, 176, 295504, 1848
321068, 824, 3160, 336, 888, 2140, 176, 295520, 1848
321068, 824, 3160, 336, 888, 2140, 176, 295520, 1848
321068, 820, 3164, 336, 888, 2140, 176, 295520, 1848
321068, 816, 3164, 340, 888, 2140, 176, 295520, 1848
321064, 820, 3160, 340, 888, 2140, 176, 295524, 1848
321064, 820, 3156, 332, 896, 2140, 176, 295528, 1848
321064, 820, 3152, 332, 896, 2136, 176, 295536, 1848
321064, 812, 3156, 336, 892, 2136, 176, 295540, 1848
321064, 812, 3156, 336, 884, 2136, 176, 295548, 1848
321064, 812, 3156, 336, 884, 2128, 180, 295552, 1848
321060, 816, 3156, 336, 884, 2128, 180, 295552, 1848
321060, 812, 3160, 336, 884, 2128, 180, 295552, 1848
321060, 812, 3160, 336, 884, 2124, 180, 295552, 1852
321060, 812, 3152, 336, 884, 2124, 176, 295560, 1856
321060, 812, 3148, 336, 884, 2124, 176, 295564, 1856
321060, 812, 3144, 336, 880, 2124, 176, 295572, 1856
321060, 812, 3144, 336, 880, 2124, 176, 295572, 1856
321060, 812, 3144, 336, 880, 2124, 176, 295572, 1856
321060, 812, 3144, 336, 880, 2124, 176, 295572, 1856
321060, 812, 3144, 336, 876, 2120, 176, 295580, 1856
321060, 812, 3144, 336, 876, 2116, 176, 295584, 1856
321060, 808, 3144, 336, 876, 2116, 176, 295588, 1856
321060, 808, 3136, 336, 876, 2116, 176, 295596, 1856
321060, 808, 3132, 336, 876, 2116, 176, 295600, 1856
321060, 804, 3132, 340, 876, 2116, 176, 295600, 1856
321056, 804, 3132, 344, 876, 2116, 176, 295600, 1856
321056, 804, 3128, 344, 876, 2116, 176, 295604, 1856
321056, 804, 3128, 344, 876, 2116, 176, 295604, 1856
321056, 796, 3136, 344, 876, 2112, 176, 295608, 1856
321056, 788, 3136, 348, 876, 2112, 176, 295612, 1856
321056, 788, 3132, 348, 872, 2112, 176, 295620, 1856
321056, 784, 3136, 348, 872, 2112, 176, 295620, 1856
321056, 784, 3132, 348, 872, 2112, 176, 295624, 1856
321056, 784, 3132, 348, 872, 2112, 176, 295624, 1856
321056, 784, 3132, 348, 872, 2112, 176, 295624, 1856
321056, 780, 3136, 348, 872, 2112, 176, 295624, 1856
321056, 780, 3136, 348, 868, 2112, 176, 295628, 1856
321056, 776, 3136, 348, 868, 2108, 176, 295636, 1856
321056, 776, 3136, 348, 864, 2108, 176, 295636, 1860
321056, 772, 3136, 348, 864, 2108, 176, 295640, 1860
321056, 768, 3140, 348, 864, 2108, 176, 295640, 1860
321056, 764, 3144, 348, 864, 2108, 176, 295640, 1860
321048, 768, 3144, 348, 864, 2108, 176, 295644, 1860
321048, 768, 3144, 348, 864, 2108, 176, 295644, 1860
321048, 768, 3144, 348, 864, 2108, 176, 295644, 1860
321048, 764, 3148, 348, 864, 2104, 176, 295648, 1860
321048, 764, 3148, 348, 864, 2104, 176, 295648, 1860
321048, 764, 3148, 348, 864, 2104, 176, 295648, 1860
321048, 764, 3148, 348, 864, 2104, 176, 295648, 1860
321048, 764, 3148, 348, 864, 2104, 176, 295648, 1860
321048, 760, 3148, 352, 864, 2104, 176, 295648, 1860
321048, 760, 3148, 352, 864, 2100, 176, 295652, 1860
321048, 756, 3152, 352, 864, 2096, 176, 295656, 1860
321048, 756, 3148, 352, 864, 2096, 176, 295660, 1860
321048, 752, 3144, 352, 864, 2096, 176, 295668, 1860
321048, 752, 3136, 352, 864, 2096, 176, 295676, 1860
321048, 744, 3144, 352, 864, 2096, 176, 295676, 1860
321048, 740, 3148, 352, 864, 2096, 176, 295676, 1860
321048, 740, 3148, 348, 868, 2096, 176, 295676, 1860
321048, 736, 3152, 348, 868, 2096, 176, 295676, 1860
321048, 736, 3152, 348, 868, 2096, 172, 295676, 1864
321048, 732, 3152, 352, 868, 2092, 176, 295676, 1864
321044, 736, 3152, 352, 864, 2096, 176, 295676, 1864
321040, 740, 3152, 352, 864, 2096, 176, 295676, 1864
321040, 740, 3148, 352, 864, 2096, 176, 295680, 1864
321040, 740, 3148, 352, 864, 2096, 176, 295680, 1864
321040, 740, 3144, 352, 864, 2092, 176, 295688, 1864
321040, 740, 3144, 352, 864, 2092, 176, 295688, 1864
321040, 740, 3144, 352, 864, 2092, 176, 295688, 1864
321040, 740, 3144, 352, 864, 2092, 176, 295688, 1864
321040, 740, 3144, 348, 868, 2088, 176, 295692, 1864
321036, 744, 3140, 348, 868, 2088, 176, 295696, 1864
321036, 744, 3140, 348, 864, 2088, 176, 295700, 1864
321036, 744, 3136, 348, 856, 2092, 176, 295708, 1864
321036, 740, 3136, 348, 860, 2092, 176, 295708, 1864
321036, 736, 3140, 348, 860, 2088, 176, 295712, 1864
321036, 736, 3140, 348, 860, 2084, 176, 295716, 1864
321036, 736, 3140, 348, 860, 2084, 176, 295716, 1864
321036, 736, 3136, 348, 856, 2084, 176, 295724, 1864
321036, 736, 3136, 348, 856, 2084, 176, 295724, 1864
321036, 736, 3136, 348, 856, 2084, 176, 295724, 1864
321036, 736, 3136, 348, 856, 2084, 176, 295724, 1864
321036, 736, 3136, 348, 856, 2084, 176, 295724, 1864
321036, 732, 3136, 348, 856, 2080, 176, 295732, 1864
321036, 724, 3136, 352, 856, 2080, 176, 295736, 1864
321036, 724, 3132, 352, 852, 2076, 176, 295748, 1864
321032, 720, 3136, 352, 852, 2076, 176, 295752, 1864
321032, 720, 3136, 352, 852, 2072, 176, 295756, 1864
321032, 720, 3132, 352, 852, 2072, 176, 295760, 1864
321032, 720, 3132, 352, 852, 2072, 176, 295760, 1864
321032, 716, 3128, 352, 852, 2072, 176, 295768, 1864
321032, 716, 3128, 352, 852, 2068, 176, 295768, 1868
321032, 716, 3124, 352, 852, 2072, 172, 295772, 1868
321032, 716, 3124, 352, 852, 2068, 172, 295776, 1868
321032, 716, 3124, 352, 852, 2068, 172, 295776, 1868
321032, 716, 3120, 348, 852, 2072, 172, 295780, 1868
321032, 716, 3120, 344, 856, 2072, 172, 295780, 1868
321032, 712, 3116, 344, 856, 2072, 172, 295788, 1868
321028, 716, 3116, 344, 856, 2064, 172, 295796, 1868
321028, 716, 3112, 344, 856, 2064, 172, 295800, 1868
321028, 712, 3112, 340, 860, 2064, 172, 295804, 1868
321028, 712, 3112, 340, 856, 2064, 172, 295808, 1868
321028, 712, 3108, 340, 856, 2064, 172, 295812, 1868
321024, 716, 3100, 336, 856, 2064, 172, 295824, 1868
321024, 716, 3096, 336, 856, 2064, 172, 295828, 1868
321024, 712, 3100, 332, 860, 2064, 172, 295828, 1868
321020, 712, 3100, 336, 860, 2064, 172, 295828, 1868
321020, 700, 3104, 332, 860, 2064, 172, 295840, 1868
321012, 704, 3104, 336, 860, 2064, 172, 295840, 1868
321012, 704, 3104, 336, 860, 2060, 172, 295844, 1868
321012, 704, 3100, 336, 860, 2060, 172, 295848, 1868
321012, 704, 3096, 336, 856, 2060, 172, 295856, 1868
321012, 704, 3096, 336, 856, 2056, 172, 295860, 1868
321012, 704, 3096, 336, 856, 2052, 172, 295864, 1868
321012, 700, 3096, 336, 856, 2052, 172, 295868, 1868
321012, 700, 3096, 336, 856, 2044, 172, 295876, 1868
321012, 700, 3096, 336, 852, 2040, 172, 295884, 1868
321012, 700, 3088, 336, 848, 2040, 172, 295896, 1868
321012, 700, 3088, 336, 848, 2040, 172, 295896, 1868
321012, 700, 3088, 336, 848, 2040, 172, 295896, 1868
321008, 700, 3092, 332, 852, 2040, 172, 295896, 1868
321008, 692, 3096, 332, 852, 2036, 172, 295900, 1872
321008, 692, 3096, 332, 852, 2036, 172, 295900, 1872
321008, 692, 3092, 332, 848, 2036, 172, 295908, 1872
321008, 688, 3096, 332, 844, 2040, 172, 295908, 1872
321008, 688, 3096, 332, 844, 2040, 172, 295908, 1872
321008, 688, 3096, 332, 844, 2040, 172, 295908, 1872
321008, 684, 3100, 328, 848, 2040, 172, 295908, 1872
321008, 684, 3096, 328, 848, 2040, 172, 295912, 1872
321008, 676, 3100, 332, 840, 2044, 172, 295916, 1872
321004, 676, 3100, 332, 840, 2040, 172, 295924, 1872
321004, 676, 3100, 332, 840, 2040, 172, 295924, 1872
321004, 676, 3100, 332, 840, 2044, 168, 295924, 1872
321000, 680, 3100, 332, 840, 2044, 168, 295924, 1872
320996, 684, 3100, 332, 840, 2048, 164, 295924, 1872
320992, 688, 3100, 332, 840, 2048, 164, 295924, 1872
320992, 688, 3100, 328, 840, 2044, 164, 295932, 1872
320988, 692, 3092, 328, 836, 2044, 164, 295944, 1872
320988, 688, 3096, 328, 836, 2044, 164, 295944, 1872
320984, 692, 3096, 328, 832, 2044, 164, 295948, 1872
320984, 692, 3096, 328, 828, 2048, 164, 295948, 1872
320980, 696, 3096, 328, 828, 2040, 164, 295956, 1872
320980, 692, 3100, 328, 828, 2040, 164, 295956, 1872
320980, 692, 3096, 328, 824, 2044, 164, 295960, 1872
320980, 692, 3096, 328, 824, 2040, 164, 295964, 1872
320980, 692, 3096, 328, 820, 2040, 164, 295968, 1872
320976, 696, 3088, 328, 820, 2040, 164, 295976, 1872
320972, 700, 3084, 328, 820, 2040, 164, 295980, 1872
320972, 696, 3084, 328, 820, 2036, 164, 295988, 1872
320972, 692, 3088, 324, 824, 2036, 164, 295988, 1872
320964, 700, 3084, 324, 824, 2036, 164, 295992, 1872
320964, 700, 3080, 324, 824, 2036, 164, 295996, 1872
320964, 700, 3080, 324, 824, 2032, 164, 295996, 1876
320964, 700, 3080, 324, 824, 2032, 164, 295996, 1876
320964, 696, 3084, 324, 824, 2032, 164, 295996, 1876
320964, 696, 3084, 324, 824, 2032, 164, 295996, 1876
320960, 700, 3080, 320, 828, 2032, 164, 296000, 1876
320960, 696, 3084, 320, 828, 2032, 164, 296000, 1876
320960, 696, 3084, 320, 828, 2032, 164, 296000, 1876
320960, 692, 3084, 324, 828, 2032, 164, 296000, 1876
320960, 692, 3084, 324, 828, 2032, 164, 296000, 1876
320960, 692, 3076, 324, 828, 2032, 164, 296008, 1876
320960, 688, 3076, 324, 828, 2032, 164, 296012, 1876
320960, 688, 3076, 320, 828, 2032, 164, 296016, 1876
320956, 688, 3080, 320, 824, 2032, 164, 296020, 1876
320956, 680, 3080, 324, 824, 2032, 164, 296024, 1876
320952, 684, 3080, 320, 820, 2032, 164, 296032, 1876
320948, 684, 3080, 320, 820, 2032, 164, 296036, 1876
320944, 688, 3076, 312, 820, 2036, 164, 296044, 1876
320944, 688, 3076, 312, 820, 2036, 164, 296044, 1876
320944, 688, 3068, 312, 820, 2032, 164, 296056, 1876
320944, 684, 3068, 312, 812, 2032, 164, 296068, 1876
320944, 684, 3068, 312, 812, 2032, 164, 296068, 1876
320944, 684, 3064, 312, 812, 2032, 164, 296072, 1876
320944, 684, 3064, 312, 812, 2032, 164, 296072, 1876
320944, 676, 3064, 316, 812, 2028, 168, 296076, 1876
320944, 672, 3068, 316, 812, 2028, 168, 296076, 1876
320944, 672, 3060, 316, 812, 2024, 168, 296088, 1876
320940, 676, 3060, 316, 812, 2020, 172, 296088, 1876
320940, 676, 3056, 316, 812, 2020, 172, 296092, 1876
320940, 676, 3056, 316, 812, 2020, 172, 296092, 1876
320936, 676, 3060, 316, 812, 2016, 172, 296096, 1876
320936, 676, 3060, 316, 812, 2016, 172, 296096, 1876
320936, 672, 3056, 312, 816, 2016, 172, 296104, 1876
320932, 672, 3060, 312, 816, 2016, 172, 296104, 1876
320932, 672, 3056, 312, 816, 2016, 172, 296108, 1876
320932, 672, 3052, 312, 812, 2020, 172, 296112, 1876
320932, 672, 3048, 312, 812, 2020, 172, 296116, 1876
320932, 672, 3048, 308, 816, 2016, 172, 296120, 1876
320932, 668, 3044, 312, 816, 2016, 172, 296124, 1876
320932, 664, 3048, 312, 816, 2016, 172, 296124, 1876
320932, 656, 3056, 312, 812, 2016, 172, 296128, 1876
320932, 656, 3056, 312, 808, 2012, 172, 296136, 1876
320932, 652, 3048, 316, 808, 2004, 172, 296152, 1876
320932, 652, 3048, 316, 808, 2004, 172, 296152, 1876
320932, 652, 3048, 316, 804, 2008, 172, 296152, 1876
320932, 648, 3048, 320, 804, 2008, 172, 296152, 1876
320932, 644, 3052, 320, 804, 2008, 172, 296152, 1876
320932, 640, 3056, 320, 804, 2008, 172, 296152, 1876
320924, 644, 3048, 316, 808, 2008, 172, 296164, 1876
320924, 640, 3044, 316, 808, 2008, 172, 296172, 1876
320924, 640, 3044, 316, 808, 2004, 172, 296176, 1876
320920, 644, 3044, 312, 812, 2004, 172, 296176, 1876
320920, 644, 3040, 312, 812, 2004, 172, 296180, 1876
320920, 644, 3036, 308, 816, 2004, 172, 296184, 1876
320920, 644, 3036, 308, 816, 2004, 172, 296184, 1876
320920, 644, 3028, 308, 816, 2008, 168, 296192, 1876
320920, 644, 3028, 308, 816, 2008, 168, 296192, 1876
320920, 640, 3032, 308, 816, 2004, 168, 296196, 1876
320920, 640, 3024, 308, 816, 2004, 168, 296204, 1876
320920, 640, 3024, 308, 816, 2004, 168, 296204, 1876
320920, 636, 3028, 304, 820, 2004, 168, 296204, 1876
320920, 632, 3028, 308, 820, 2004, 168, 296204, 1876
320920, 628, 3032, 304, 820, 2004, 168, 296208, 1876
320920, 628, 3028, 304, 820, 2004, 168, 296212, 1876
320920, 628, 3024, 304, 820, 2004, 168, 296216, 1876
320920, 628, 3024, 304, 816, 2008, 168, 296216, 1876
320920, 628, 3024, 304, 816, 2008, 168, 296216, 1876
320920, 628, 3020, 304, 816, 2008, 168, 296220, 1876
320920, 628, 3016, 304, 816, 2008, 168, 296224, 1876
320920, 628, 3016, 304, 812, 2012, 168, 296224, 1876
320920, 624, 3020, 304, 812, 2012, 168, 296224, 1876
320920, 620, 3016, 308, 812, 2008, 168, 296232, 1876
320920, 620, 3012, 308, 812, 2008, 168, 296236, 1876
320920, 616, 3012, 308, 808, 2012, 168, 296240, 1876
320920, 612, 3012, 308, 808, 2012, 168, 296244, 1876
320920, 604, 3020, 308, 808, 2012, 168, 296244, 1876
320920, 600, 3020, 312, 808, 2012, 168, 296244, 1876
320920, 600, 3016, 308, 812, 2012, 168, 296248, 1876
320920, 600, 3012, 308, 804, 2012, 168, 296260, 1876
320920, 600, 3012, 308, 804, 2012, 168, 296260, 1876
320920, 600, 3012, 308, 804, 2012, 168, 296260, 1876
320920, 596, 3016, 304, 804, 2008, 168, 296268, 1876
320920, 592, 3020, 304, 804, 2008, 168, 296268, 1876
320916, 596, 3020, 304, 804, 2008, 168, 296268, 1876
320912, 600, 3020, 304, 804, 2008, 168, 296268, 1876
320912, 596, 3020, 304, 800, 2008, 168, 296276, 1876
320912, 596, 3016, 304, 800, 2008, 168, 296280, 1876
320912, 596, 3016, 304, 796, 2008, 168, 296284, 1876
320912, 596, 3016, 304, 796, 2008, 168, 296284, 1876
320912, 596, 3012, 300, 800, 2004, 168, 296292, 1876
320912, 596, 3008, 300, 800, 2004, 168, 296296, 1876
320912, 592, 3008, 304, 796, 2004, 168, 296300, 1876
320908, 596, 3008, 304, 796, 2004, 168, 296300, 1876
320908, 592, 3012, 300, 800, 2000, 168, 296304, 1876
320908, 592, 3012, 300, 800, 1996, 168, 296308, 1876
320908, 588, 3012, 296, 804, 1996, 168, 296312, 1876
320908, 588, 3012, 292, 808, 1996, 168, 296312, 1876
320900, 596, 3012, 292, 808, 1996, 168, 296312, 1876
320900, 596, 3008, 292, 804, 1996, 168, 296320, 1876
320896, 596, 3004, 296, 804, 1996, 168, 296324, 1876
320896, 592, 2996, 296, 804, 1996, 168, 296336, 1876
320896, 592, 2988, 296, 804, 1996, 168, 296344, 1876
320892, 596, 2988, 296, 804, 1992, 168, 296348, 1876
320892, 592, 2988, 300, 800, 1992, 168, 296352, 1876
320892, 592, 2976, 300, 800, 1992, 168, 296364, 1876
320892, 592, 2972, 300, 796, 1992, 168, 296372, 1876
320892, 592, 2972, 300, 796, 1992, 168, 296372, 1876
320892, 592, 2972, 296, 800, 1992, 168, 296372, 1876
320892, 592, 2972, 296, 800, 1992, 168, 296372, 1876
320884, 600, 2968, 296, 796, 1992, 168, 296380, 1876
320880, 592, 2976, 300, 796, 1992, 168, 296380, 1876
320876, 596, 2976, 300, 796, 1984, 168, 296388, 1876
320872, 596, 2980, 300, 796, 1984, 168, 296388, 1876
320872, 596, 2980, 300, 796, 1980, 168, 296392, 1876
320872, 596, 2980, 300, 796, 1980, 168, 296392, 1876
320872, 592, 2984, 300, 796, 1980, 168, 296392, 1876
320872, 592, 2984, 300, 792, 1984, 168, 296392, 1876
320872, 588, 2984, 300, 792, 1984, 168, 296396, 1876
320872, 588, 2984, 300, 788, 1984, 168, 296396, 1880
320872, 584, 2984, 304, 788, 1976, 168, 296404, 1880
320872, 580, 2984, 300, 792, 1976, 168, 296408, 1880
320872, 580, 2980, 300, 788, 1980, 168, 296412, 1880
320872, 580, 2976, 296, 792, 1980, 168, 296416, 1880
320868, 584, 2976, 296, 792, 1976, 168, 296420, 1880
320864, 588, 2976, 296, 792, 1976, 168, 296420, 1880
320864, 588, 2972, 296, 792, 1976, 168, 296424, 1880
320860, 588, 2976, 296, 788, 1980, 168, 296424, 1880
320860, 584, 2976, 296, 788, 1980, 168, 296428, 1880
320860, 580, 2972, 296, 788, 1980, 168, 296436, 1880
320860, 580, 2972, 296, 780, 1980, 168, 296444, 1880
320860, 576, 2972, 300, 780, 1976, 168, 296448, 1880
320860, 576, 2968, 300, 780, 1976, 168, 296452, 1880
320856, 580, 2964, 300, 780, 1976, 168, 296456, 1880
320856, 580, 2964, 300, 776, 1976, 168, 296460, 1880
320856, 580, 2952, 300, 768, 1976, 168, 296480, 1880
320856, 580, 2952, 300, 768, 1976, 168, 296480, 1880
320856, 580, 2952, 300, 768, 1976, 168, 296480, 1880
320856, 576, 2952, 300, 772, 1976, 168, 296480, 1880
320856, 572, 2952, 300, 768, 1976, 168, 296488, 1880
320856, 568, 2956, 300, 768, 1972, 168, 296492, 1880
320856, 564, 2956, 304, 768, 1972, 168, 296492, 1880
320856, 564, 2956, 300, 772, 1972, 168, 296492, 1880
320856, 564, 2956, 296, 776, 1972, 168, 296492, 1880
320856, 564, 2952, 296, 776, 1972, 168, 296496, 1880
320856, 560, 2956, 296, 776, 1972, 168, 296496, 1880
320856, 560, 2952, 296, 772, 1976, 168, 296500, 1880
320856, 560, 2948, 296, 772, 1976, 168, 296504, 1880
320856, 560, 2948, 296, 772, 1972, 168, 296508, 1880
320852, 560, 2952, 296, 772, 1972, 168, 296508, 1880
320852, 556, 2952, 300, 772, 1968, 168, 296512, 1880
320852, 552, 2952, 300, 772, 1968, 168, 296516, 1880
320852, 552, 2952, 300, 768, 1968, 168, 296520, 1880
320852, 552, 2952, 300, 768, 1968, 168, 296520, 1880
320852, 552, 2940, 300, 768, 1968, 168, 296532, 1880
320848, 552, 2932, 304, 768, 1968, 168, 296540, 1880
320848, 552, 2924, 304, 768, 1968, 168, 296548, 1880
320848, 552, 2916, 304, 768, 1968, 168, 296556, 1880
320848, 548, 2912, 304, 768, 1972, 164, 296564, 1880
320844, 552, 2904, 304, 768, 1972, 164, 296572, 1880
320836, 560, 2904, 304, 764, 1972, 164, 296576, 1880
320836, 560, 2904, 304, 764, 1972, 164, 296576, 1880
320836, 552, 2908, 304, 764, 1972, 164, 296580, 1880
320836, 548, 2912, 304, 764, 1972, 164, 296580, 1880
320832, 552, 2912, 304, 764, 1972, 164, 296580, 1880
320832, 552, 2912, 304, 764, 1976, 160, 296580, 1880
320828, 556, 2912, 304, 764, 1976, 160, 296580, 1880
320824, 552, 2904, 308, 764, 1976, 160, 296592, 1880
320820, 556, 2904, 308, 760, 1976, 160, 296596, 1880
320820, 556, 2896, 308, 760, 1976, 160, 296604, 1880
320820, 556, 2896, 308, 756, 1976, 160, 296608, 1880
320816, 560, 2892, 308, 756, 1976, 160, 296612, 1880
320816, 560, 2888, 308, 756, 1976, 160, 296616, 1880
320816, 560, 2888, 308, 756, 1976, 160, 296616, 1880
320816, 560, 2888, 308, 756, 1972, 160, 296620, 1880
320816, 560, 2880, 308, 756, 1972, 160, 296628, 1880
320812, 560, 2880, 308, 756, 1972, 160, 296632, 1880
320812, 556, 2884, 308, 756, 1968, 160, 296636, 1880
320812, 552, 2888, 304, 756, 1960, 160, 296648, 1880
320812, 552, 2884, 304, 756, 1952, 160, 296660, 1880
320812, 552, 2884, 304, 756, 1952, 160, 296660, 1880
320812, 552, 2872, 304, 756, 1952, 160, 296672, 1880
320812, 548, 2872, 308, 756, 1952, 160, 296672, 1880
320812, 548, 2868, 308, 756, 1952, 160, 296676, 1880
320812, 544, 2868, 308, 752, 1952, 160, 296684, 1880
320812, 536, 2876, 308, 748, 1948, 160, 296688, 1884
320812, 536, 2876, 308, 748, 1948, 160, 296688, 1884
320812, 536, 2876, 308, 748, 1948, 160, 296688, 1884
320812, 528, 2880, 312, 748, 1948, 160, 296688, 1884
320812, 528, 2876, 308, 748, 1948, 160, 296696, 1884
320808, 528, 2880, 308, 744, 1948, 160, 296700, 1884
320808, 528, 2880, 308, 744, 1948, 156, 296704, 1884
320808, 524, 2884, 308, 744, 1948, 156, 296704, 1884
320808, 524, 2884, 308, 744, 1948, 156, 296704, 1884
320808, 520, 2876, 312, 744, 1948, 156, 296712, 1884
320808, 520, 2872, 312, 740, 1948, 156, 296720, 1884
320800, 524, 2868, 316, 740, 1944, 156, 296728, 1884
320796, 528, 2868, 316, 740, 1944, 156, 296728, 1884
320796, 528, 2868, 316, 740, 1944, 156, 296728, 1884
320796, 524, 2872, 316, 740, 1944, 156, 296728, 1884
320796, 520, 2876, 316, 736, 1944, 156, 296732, 1884
320792, 524, 2872, 316, 732, 1940, 160, 296740, 1884
320792, 520, 2872, 316, 732, 1940, 160, 296744, 1884
320792, 520, 2868, 316, 728, 1940, 160, 296752, 1884
320792, 512, 2872, 316, 728, 1940, 160, 296756, 1884
320792, 512, 2872, 316, 728, 1936, 160, 296760, 1884
320792, 508, 2872, 320, 728, 1936, 160, 296760, 1884
320792, 504, 2872, 324, 728, 1936, 160, 296760, 1884
320792, 500, 2864, 328, 728, 1936, 160, 296768, 1884
320792, 500, 2860, 328, 728, 1936, 160, 296772, 1884
320792, 500, 2860, 328, 728, 1936, 160, 296772, 1884
320792, 492, 2868, 328, 728, 1936, 160, 296772, 1884
320788, 496, 2868, 328, 728, 1936, 160, 296772, 1884
320788, 492, 2868, 328, 728, 1936, 160, 296776, 1884
320788, 492, 2860, 328, 728, 1936, 160, 296784, 1884
320788, 492, 2856, 328, 728, 1936, 160, 296788, 1884
320788, 488, 2856, 328, 728, 1936, 160, 296792, 1884
320788, 488, 2856, 328, 728, 1936, 160, 296792, 1884
320784, 492, 2852, 328, 728, 1936, 160, 296796, 1884
320780, 496, 2852, 328, 724, 1936, 160, 296800, 1884
320780, 496, 2852, 328, 724, 1936, 160, 296800, 1884
320776, 500, 2852, 328, 724, 1936, 160, 296800, 1884
320768, 508, 2852, 324, 728, 1936, 160, 296800, 1884
320768, 508, 2848, 324, 728, 1936, 160, 296804, 1884
320768, 508, 2840, 324, 728, 1936, 160, 296812, 1884
320764, 508, 2836, 328, 728, 1936, 160, 296816, 1884
320764, 508, 2836, 328, 728, 1936, 160, 296816, 1884
320764, 508, 2836, 328, 728, 1936, 160, 296816, 1884
320764, 508, 2832, 328, 728, 1936, 160, 296820, 1884
320764, 504, 2832, 328, 728, 1936, 160, 296824, 1884
320764, 504, 2832, 328, 728, 1936, 160, 296824, 1884
320764, 504, 2832, 328, 728, 1936, 160, 296824, 1884
320760, 508, 2832, 328, 728, 1936, 160, 296824, 1884
320756, 512, 2828, 324, 732, 1936, 160, 296828, 1884
320756, 504, 2836, 320, 736, 1932, 160, 296832, 1884
320752, 504, 2840, 320, 732, 1924, 160, 296844, 1884
320752, 496, 2844, 320, 724, 1928, 160, 296848, 1888
320748, 500, 2844, 316, 724, 1924, 160, 296856, 1888
320748, 500, 2836, 316, 724, 1924, 160, 296864, 1888
320744, 504, 2828, 316, 720, 1924, 160, 296872, 1892
320740, 504, 2820, 316, 720, 1924, 160, 296884, 1892
320736, 508, 2812, 316, 720, 1916, 160, 296900, 1892
320736, 508, 2812, 316, 720, 1916, 160, 296900, 1892
320728, 516, 2812, 316, 716, 1916, 160, 296904, 1892
320728, 516, 2804, 312, 720, 1916, 160, 296912, 1892
320716, 528, 2804, 312, 720, 1916, 160, 296912, 1892
320712, 532, 2800, 312, 720, 1916, 160, 296916, 1892
320708, 536, 2796, 312, 720, 1916, 160, 296920, 1892
320704, 540, 2796, 312, 720, 1912, 160, 296924, 1892
320700, 540, 2796, 312, 720, 1904, 160, 296936, 1892
320696, 544, 2792, 312, 720, 1900, 160, 296944, 1892
320692, 548, 2792, 312, 720, 1900, 160, 296944, 1892
320688, 552, 2788, 312, 720, 1900, 160, 296948, 1892
320688, 552, 2784, 308, 724, 1900, 160, 296952, 1892
320688, 552, 2784, 308, 724, 1896, 160, 296956, 1892
320680, 556, 2788, 304, 728, 1896, 160, 296956, 1892
320680, 552, 2792, 304, 728, 1896, 160, 296956, 1892
320680, 544, 2788, 308, 724, 1896, 160, 296968, 1892
320680, 544, 2788, 304, 728, 1896, 160, 296968, 1892
320672, 548, 2788, 304, 732, 1896, 160, 296968, 1892
320672, 544, 2792, 304, 732, 1892, 160, 296972, 1892
320668, 548, 2792, 304, 732, 1892, 160, 296972, 1892
320668, 548, 2792, 304, 732, 1892, 160, 296972, 1892
320664, 552, 2792, 304, 732, 1892, 160, 296972, 1892
320664, 548, 2796, 304, 732, 1888, 160, 296972, 1896
320660, 548, 2800, 304, 732, 1888, 160, 296972, 1896
320656, 552, 2796, 304, 732, 1888, 160, 296976, 1896
320648, 560, 2796, 300, 736, 1888, 160, 296976, 1896
320648, 556, 2800, 300, 736, 1888, 160, 296976, 1896
320648, 556, 2800, 300, 736, 1888, 160, 296976, 1896
320648, 556, 2800, 296, 740, 1884, 160, 296980, 1896
320648, 556, 2796, 296, 740, 1884, 160, 296984, 1896
320648, 556, 2796, 296, 740, 1884, 160, 296984, 1896
320648, 552, 2792, 300, 740, 1884, 160, 296988, 1896
320648, 552, 2792, 300, 736, 1884, 160, 296992, 1896
320648, 544, 2796, 304, 732, 1884, 160, 296996, 1896
320648, 544, 2796, 304, 732, 1880, 160, 297000, 1896
320648, 544, 2796, 304, 724, 1876, 160, 297012, 1896
320648, 544, 2796, 304, 720, 1876, 160, 297016, 1896
320648, 544, 2796, 304, 720, 1876, 160, 297016, 1896
320648, 544, 2796, 304, 720, 1876, 160, 297016, 1896
320648, 544, 2788, 304, 720, 1876, 160, 297024, 1896
320648, 544, 2788, 304, 720, 1876, 160, 297024, 1896
320648, 540, 2792, 304, 720, 1876, 160, 297024, 1896
320648, 536, 2796, 304, 720, 1876, 160, 297024, 1896
320648, 536, 2796, 304, 720, 1876, 160, 297024, 1896
320644, 536, 2800, 304, 720, 1872, 160, 297028, 1896
320644, 536, 2792, 304, 720, 1872, 160, 297036, 1896
320644, 532, 2788, 304, 720, 1872, 160, 297044, 1896
320640, 536, 2784, 304, 720, 1868, 160, 297052, 1896
320640, 536, 2784, 304, 720, 1868, 160, 297052, 1896
320640, 536, 2780, 304, 720, 1868, 160, 297056, 1896
320636, 540, 2764, 304, 720, 1868, 160, 297072, 1896
320636, 540, 2764, 304, 720, 1868, 160, 297072, 1896
320636, 540, 2760, 304, 720, 1868, 160, 297076, 1896
320636, 540, 2756, 304, 716, 1868, 160, 297084, 1896
320636, 540, 2756, 304, 712, 1868, 160, 297088, 1896
320636, 540, 2756, 300, 716, 1868, 160, 297088, 1896
320636, 536, 2756, 300, 716, 1868, 160, 297092, 1896
320636, 532, 2760, 300, 716, 1868, 160, 297092, 1896
320632, 536, 2756, 300, 716, 1868, 160, 297096, 1896
320632, 532, 2756, 300, 716, 1868, 160, 297100, 1896
320632, 528, 2752, 300, 716, 1864, 160, 297112, 1896
320628, 528, 2752, 300, 716, 1864, 160, 297116, 1896
320624, 532, 2752, 300, 716, 1860, 164, 297116, 1896
320624, 532, 2752, 300, 716, 1860, 164, 297116, 1896
320624, 532, 2752, 296, 716, 1860, 164, 297120, 1896
320624, 532, 2748, 296, 716, 1860, 164, 297124, 1896
320624, 532, 2748, 296, 716, 1860, 164, 297124, 1896
320624, 532, 2740, 296, 716, 1860, 164, 297132, 1896
320624, 532, 2740, 296, 716, 1860, 164, 297132, 1896
320624, 532, 2740, 296, 716, 1860, 164, 297132, 1896
320620, 536, 2740, 296, 716, 1860, 164, 297132, 1896
320620, 532, 2744, 292, 720, 1860, 164, 297132, 1896
320616, 536, 2744, 288, 724, 1860, 164, 297132, 1896
320616, 536, 2744, 288, 724, 1860, 164, 297132, 1896
320612, 540, 2744, 288, 724, 1860, 164, 297132, 1896
320612, 540, 2740, 288, 724, 1860, 164, 297136, 1896
320612, 540, 2736, 288, 724, 1860, 164, 297140, 1896
320612, 532, 2740, 292, 724, 1860, 164, 297140, 1896
320612, 528, 2740, 292, 724, 1860, 164, 297144, 1896
320612, 520, 2736, 300, 724, 1860, 164, 297148, 1896
320612, 516, 2740, 300, 724, 1860, 164, 297148, 1896
320612, 512, 2740, 300, 712, 1864, 164, 297160, 1896
320612, 512, 2740, 300, 712, 1864, 164, 297160, 1896
320604, 520, 2736, 300, 712, 1864, 164, 297164, 1896
320600, 524, 2732, 300, 712, 1864, 164, 297168, 1896
320600, 524, 2732, 300, 712, 1860, 164, 297172, 1896
320600, 524, 2732, 300, 708, 1860, 164, 297176, 1896
320600, 524, 2728, 300, 708, 1860, 164, 297180, 1896
320600, 524, 2724, 296, 712, 1860, 164, 297184, 1896
320600, 524, 2720, 296, 712, 1860, 164, 297188, 1896
320600, 524, 2716, 296, 712, 1856, 164, 297196, 1896
320600, 524, 2716, 296, 708, 1860, 164, 297196, 1896
320600, 524, 2716, 296, 708, 1860, 164, 297196, 1896
320600, 524, 2716, 296, 708, 1856, 164, 297200, 1896
320600, 524, 2716, 296, 708, 1856, 164, 297200, 1896
320600, 520, 2720, 296, 708, 1856, 164, 297200, 1896
320600, 520, 2720, 296, 708, 1856, 164, 297200, 1896
320600, 516, 2720, 292, 712, 1856, 164, 297204, 1896
320600, 516, 2720, 292, 712, 1856, 164, 297204, 1896
320600, 516, 2716, 292, 712, 1860, 160, 297208, 1896
320600, 516, 2712, 292, 712, 1860, 160, 297212, 1896
320600, 516, 2708, 292, 712, 1856, 160, 297220, 1896
320600, 516, 2708, 292, 708, 1856, 160, 297224, 1896
320600, 516, 2704, 292, 708, 1856, 160, 297228, 1896
320600, 516, 2700, 292, 708, 1856, 160, 297232, 1896
320596, 520, 2696, 292, 708, 1852, 160, 297240, 1896
320596, 520, 2696, 292, 708, 1852, 160, 297240, 1896
320596, 520, 2696, 292, 708, 1852, 160, 297240, 1896
320592, 524, 2692, 292, 708, 1856, 156, 297244, 1896
320592, 520, 2696, 292, 708, 1856, 156, 297244, 1896
320592, 516, 2696, 292, 708, 1852, 156, 297252, 1896
320584, 520, 2700, 292, 708, 1852, 156, 297252, 1896
320584, 520, 2696, 292, 708, 1852, 156, 297256, 1896
320580, 524, 2696, 288, 712, 1852, 156, 297256, 1896
320580, 524, 2696, 288, 712, 1852, 156, 297256, 1896
320580, 524, 2696, 288, 708, 1848, 156, 297264, 1896
320576, 528, 2696, 284, 712, 1848, 156, 297264, 1896
320572, 528, 2700, 284, 712, 1848, 156, 297264, 1896
320568, 528, 2704, 284, 712, 1848, 156, 297264, 1896
320564, 532, 2700, 280, 716, 1848, 156, 297268, 1896
320564, 532, 2700, 276, 720, 1848, 156, 297268, 1896
320564, 532, 2696, 276, 716, 1848, 156, 297276, 1896
320560, 536, 2696, 272, 712, 1852, 156, 297276, 1900
320556, 540, 2696, 272, 712, 1852, 156, 297276, 1900
320556, 540, 2696, 272, 712, 1852, 156, 297276, 1900
320556, 540, 2696, 268, 712, 1848, 156, 297284, 1900
320556, 540, 2688, 268, 712, 1848, 156, 297292, 1900
320556, 540, 2688, 268, 712, 1848, 156, 297292, 1900
320556, 540, 2688, 268, 712, 1848, 156, 297292, 1900
320552, 544, 2688, 268, 712, 1848, 156, 297292, 1900
320548, 548, 2688, 268, 712, 1848, 156, 297292, 1900
320548, 544, 2688, 272, 712, 1844, 156, 297296, 1900
320540, 552, 2680, 272, 712, 1844, 156, 297304, 1900
320528, 564, 2680, 272, 712, 1844, 156, 297304, 1900
320524, 568, 2676, 272, 712, 1844, 156, 297308, 1900
320524, 568, 2676, 268, 716, 1844, 156, 297308, 1900
320520, 572, 2676, 268, 716, 1844, 156, 297308, 1900
320512, 580, 2672, 268, 716, 1840, 156, 297316, 1900
320500, 588, 2676, 264, 716, 1840, 156, 297320, 1900
320496, 588, 2680, 264, 716, 1836, 156, 297324, 1900
320492, 588, 2684, 264, 716, 1832, 156, 297328, 1900
320492, 588, 2684, 264, 716, 1832, 156, 297328, 1900
320492, 588, 2684, 264, 716, 1828, 156, 297332, 1900
320492, 584, 2688, 264, 716, 1824, 156, 297336, 1900
320488, 588, 2688, 264, 716, 1820, 156, 297340, 1900
320480, 596, 2688, 264, 716, 1820, 156, 297340, 1900
320480, 596, 2680, 264, 716, 1820, 156, 297348, 1900
320480, 596, 2672, 264, 716, 1820, 156, 297356, 1900
320476, 600, 2668, 264, 716, 1816, 156, 297364, 1900
320472, 604, 2668, 264, 716, 1816, 156, 297364, 1900
320468, 608, 2668, 264, 716, 1816, 156, 297364, 1900
320468, 608, 2668, 260, 720, 1816, 152, 297364, 1904
320468, 604, 2664, 264, 720, 1816, 152, 297368, 1904
320468, 604, 2660, 264, 720, 1816, 152, 297372, 1904
320464, 604, 2660, 264, 720, 1816, 152, 297376, 1904
320464, 604, 2660, 264, 720, 1812, 152, 297380, 1904
320460, 608, 2656, 264, 720, 1812, 152, 297384, 1904
320460, 608, 2656, 264, 720, 1804, 152, 297392, 1904
320460, 608, 2652, 264, 720, 1804, 152, 297396, 1904
320456, 604, 2660, 264, 720, 1804, 152, 297396, 1904
320456, 600, 2660, 264, 720, 1804, 152, 297400, 1904
320452, 604, 2660, 264, 720, 1804, 152, 297400, 1904
320452, 604, 2656, 260, 720, 1804, 152, 297408, 1904
320452, 604, 2652, 260, 720, 1800, 152, 297416, 1904
320452, 604, 2648, 256, 724, 1800, 152, 297420, 1904
320452, 604, 2644, 256, 724, 1800, 152, 297424, 1904
320444, 612, 2644, 256, 724, 1800, 152, 297424, 1904
320444, 608, 2640, 260, 724, 1800, 152, 297428, 1904
320444, 608, 2640, 260, 724, 1800, 152, 297428, 1904
320440, 612, 2640, 260, 724, 1796, 152, 297432, 1904
320436, 616, 2636, 260, 724, 1792, 152, 297440, 1904
320432, 620, 2636, 256, 724, 1792, 152, 297444, 1904
320428, 624, 2636, 256, 724, 1792, 152, 297444, 1904
320428, 624, 2636, 256, 724, 1792, 152, 297444, 1904
320420, 628, 2640, 256, 724, 1792, 152, 297444, 1904
320420, 624, 2644, 256, 724, 1792, 152, 297444, 1904
320420, 620, 2644, 252, 728, 1792, 152, 297448, 1904
320420, 620, 2644, 252, 728, 1792, 152, 297448, 1904
320416, 624, 2640, 252, 728, 1792, 152, 297452, 1904
320416, 620, 2644, 252, 728, 1788, 152, 297456, 1904
320416, 616, 2640, 256, 728, 1788, 152, 297460, 1904
320416, 612, 2640, 256, 728, 1788, 152, 297464, 1904
320416, 612, 2636, 256, 724, 1788, 152, 297472, 1904
320416, 612, 2636, 256, 720, 1788, 152, 297476, 1904
320416, 612, 2632, 256, 720, 1784, 152, 297484, 1904
320416, 612, 2624, 256, 720, 1784, 152, 297492, 1904
320416, 608, 2628, 252, 724, 1784, 152, 297492, 1904
320416, 604, 2632, 252, 724, 1784, 152, 297492, 1904
320416, 600, 2636, 252, 724, 1784, 152, 297492, 1904
320412, 604, 2636, 252, 724, 1784, 152, 297492, 1904
320412, 604, 2628, 252, 724, 1776, 152, 297508, 1904
320412, 604, 2624, 252, 724, 1776, 152, 297512, 1904
320412, 604, 2624, 252, 724, 1776, 152, 297512, 1904
320412, 604, 2624, 252, 724, 1772, 152, 297516, 1904
320408, 608, 2620, 252, 724, 1772, 152, 297520, 1904
320408, 608, 2616, 252, 724, 1772, 152, 297524, 1904
320408, 608, 2612, 252, 724, 1772, 152, 297528, 1904
320408, 608, 2608, 252, 724, 1768, 152, 297536, 1904
320408, 608, 2608, 252, 720, 1768, 152, 297540, 1904
320408, 604, 2608, 252, 720, 1768, 152, 297544, 1904
320404, 608, 2604, 252, 716, 1764, 152, 297556, 1904
320404, 608, 2600, 252, 716, 1764, 152, 297560, 1904
320404, 608, 2596, 252, 716, 1764, 152, 297564, 1904
320404, 608, 2596, 252, 716, 1764, 152, 297564, 1904
320404, 604, 2600, 252, 716, 1760, 152, 297568, 1904
320404, 604, 2600, 252, 716, 1760, 152, 297568, 1904
320404, 604, 2592, 252, 716, 1760, 152, 297576, 1904
320404, 600, 2592, 256, 712, 1764, 152, 297576, 1904
320404, 600, 2592, 256, 712, 1764, 152, 297576, 1904
320404, 600, 2588, 256, 712, 1760, 152, 297584, 1904
320404, 600, 2588, 256, 712, 1760, 152, 297584, 1904
320404, 600, 2580, 256, 712, 1756, 152, 297596, 1904
320404, 600, 2580, 256, 712, 1756, 152, 297596, 1904
320404, 596, 2584, 256, 708, 1756, 152, 297600, 1904
320400, 596, 2584, 256, 708, 1756, 152, 297604, 1904
320400, 592, 2588, 256, 704, 1756, 152, 297608, 1904
320400, 592, 2584, 256, 704, 1756, 152, 297612, 1904
320400, 592, 2584, 256, 704, 1756, 152, 297612, 1904
320400, 588, 2584, 256, 704, 1748, 152, 297624, 1904
320400, 588, 2584, 252, 708, 1748, 152, 297624, 1904
320400, 588, 2584, 252, 708, 1748, 152, 297624, 1904
320400, 588, 2584, 252, 704, 1752, 152, 297624, 1904
320400, 588, 2584, 252, 704, 1752, 152, 297624, 1904
320400, 588, 2584, 252, 700, 1756, 152, 297624, 1904
320400, 588, 2580, 252, 700, 1752, 152, 297632, 1904
320400, 584, 2584, 248, 704, 1752, 152, 297632, 1904
320396, 588, 2580, 248, 704, 1748, 152, 297640, 1904
320396, 584, 2584, 248, 704, 1748, 152, 297640, 1904
320396, 584, 2580, 248, 704, 1748, 152, 297644, 1904
320396, 576, 2584, 252, 704, 1748, 152, 297644, 1904
320392, 580, 2584, 252, 704, 1748, 152, 297644, 1904
320392, 580, 2584, 248, 708, 1748, 152, 297644, 1904
320392, 576, 2588, 248, 708, 1748, 152, 297644, 1904
320392, 576, 2588, 248, 704, 1748, 152, 297648, 1904
320388, 580, 2588, 248, 704, 1748, 152, 297648, 1904
320388, 580, 2584, 248, 704, 1748, 152, 297652, 1904
320388, 580, 2580, 248, 704, 1748, 152, 297656, 1904
320384, 584, 2580, 248, 704, 1748, 152, 297656, 1904
320384, 584, 2580, 248, 700, 1748, 152, 297660, 1904
320384, 584, 2580, 248, 700, 1748, 152, 297660, 1904
320380, 588, 2576, 248, 700, 1748, 152, 297664, 1904
320380, 588, 2576, 248, 700, 1748, 152, 297664, 1904
320380, 588, 2572, 244, 704, 1748, 148, 297668, 1908
320380, 588, 2572, 244, 700, 1748, 148, 297672, 1908
320380, 588, 2572, 244, 696, 1752, 148, 297672, 1908
320372, 596, 2564, 244, 696, 1752, 148, 297680, 1908
320372, 596, 2564, 244, 696, 1752, 148, 297680, 1908
320372, 596, 2564, 240, 700, 1752, 148, 297680, 1908
320372, 592, 2560, 240, 700, 1752, 148, 297688, 1908
320372, 592, 2552, 240, 700, 1752, 148, 297696, 1908
320372, 592, 2548, 236, 704, 1752, 148, 297700, 1908
320372, 592, 2544, 232, 704, 1756, 148, 297704, 1908
320372, 588, 2548, 232, 704, 1756, 148, 297704, 1908
320372, 588, 2548, 232, 704, 1756, 148, 297704, 1908
320372, 588, 2540, 232, 704, 1756, 148, 297712, 1908
320372, 584, 2544, 232, 700, 1752, 148, 297720, 1908
320372, 580, 2544, 232, 700, 1752, 148, 297724, 1908
320372, 580, 2544, 232, 696, 1756, 148, 297724, 1908
320368, 584, 2544, 232, 696, 1752, 148, 297728, 1908
320368, 584, 2544, 232, 696, 1752, 148, 297728, 1908
320364, 588, 2540, 232, 696, 1752, 148, 297732, 1908
320364, 588, 2540, 232, 696, 1744, 148, 297740, 1908
320364, 588, 2536, 232, 696, 1744, 148, 297744, 1908
320364, 588, 2532, 228, 700, 1744, 148, 297748, 1908
320364, 588, 2528, 228, 696, 1748, 148, 297752, 1908
320364, 588, 2528, 228, 696, 1744, 148, 297756, 1908
320364, 588, 2524, 228, 696, 1744, 148, 297760, 1908
320364, 588, 2520, 228, 696, 1744, 148, 297764, 1908
320356, 596, 2512, 228, 696, 1744, 148, 297772, 1908
320352, 600, 2508, 228, 696, 1744, 148, 297776, 1908
320352, 600, 2508, 228, 696, 1744, 148, 297776, 1908
320352, 592, 2512, 228, 696, 1740, 148, 297784, 1908
320352, 592, 2512, 228, 696, 1740, 148, 297784, 1908
320348, 588, 2516, 224, 700, 1740, 148, 297788, 1908
320348, 584, 2520, 224, 700, 1736, 148, 297792, 1908
320348, 584, 2516, 224, 700, 1736, 148, 297796, 1908
320344, 588, 2508, 224, 700, 1736, 148, 297804, 1908
320340, 588, 2512, 224, 700, 1736, 148, 297804, 1908
320328, 600, 2512, 224, 700, 1732, 148, 297808, 1908
320328, 596, 2508, 228, 700, 1732, 148, 297812, 1908
320324, 600, 2504, 228, 700, 1732, 148, 297816, 1908
320320, 604, 2500, 228, 700, 1732, 148, 297820, 1908
320320, 604, 2500, 228, 700, 1732, 148, 297820, 1908
320320, 604, 2500, 224, 700, 1736, 148, 297820, 1908
320316, 608, 2500, 224, 700, 1736, 148, 297820, 1908
320308, 616, 2500, 224, 700, 1736, 148, 297820, 1908
320308, 616, 2496, 224, 696, 1736, 148, 297828, 1908
320308, 608, 2504, 224, 696, 1736, 148, 297828, 1908
320300, 616, 2504, 224, 696, 1736, 148, 297828, 1908
320292, 624, 2504, 224, 696, 1736, 148, 297828, 1908
320288, 628, 2504, 224, 696, 1732, 148, 297832, 1908
320288, 628, 2504, 224, 696, 1732, 148, 297832, 1908
320288, 628, 2504, 224, 696, 1732, 148, 297832, 1908
320284, 632, 2504, 224, 692, 1732, 148, 297836, 1908
320284, 632, 2504, 224, 692, 1728, 148, 297840, 1908
320284, 632, 2504, 220, 696, 1728, 148, 297840, 1908
320284, 632, 2504, 220, 696, 1728, 148, 297840, 1908
320284, 632, 2504, 220, 696, 1728, 148, 297840, 1908
320280, 632, 2496, 224, 692, 1732, 148, 297848, 1908
320280, 632, 2496, 224, 692, 1732, 148, 297848, 1908
320280, 632, 2492, 224, 692, 1732, 148, 297852, 1908
320280, 632, 2488, 224, 692, 1732, 148, 297856, 1908
320272, 640, 2488, 224, 688, 1732, 148, 297860, 1908
320272, 640, 2488, 224, 680, 1740, 144, 297864, 1908
320272, 640, 2484, 224, 680, 1740, 144, 297868, 1908
320272, 640, 2480, 224, 672, 1740, 144, 297880, 1908
320272, 640, 2480, 224, 672, 1740, 144, 297880, 1908
320272, 640, 2480, 224, 672, 1740, 144, 297880, 1908
320272, 640, 2476, 220, 676, 1740, 144, 297884, 1908
320268, 640, 2480, 220, 676, 1740, 144, 297884, 1908
320268, 640, 2480, 220, 676, 1736, 144, 297888, 1908
320260, 648, 2476, 220, 676, 1736, 144, 297892, 1908
320260, 648, 2476, 220, 672, 1736, 144, 297896, 1908
320252, 648, 2472, 220, 672, 1736, 144, 297908, 1908
320252, 648, 2468, 220, 672, 1736, 140, 297912, 1912
320252, 648, 2464, 220, 672, 1736, 140, 297916, 1912
320248, 648, 2460, 220, 672, 1736, 140, 297924, 1912
320244, 652, 2456, 220, 672, 1732, 140, 297932, 1912
320244, 648, 2456, 220, 672, 1732, 140, 297936, 1912
320244, 640, 2464, 220, 672, 1732, 140, 297936, 1912
320236, 648, 2452, 220, 668, 1728, 140, 297956, 1912
320228, 652, 2452, 216, 668, 1732, 140, 297960, 1912
320224, 656, 2452, 216, 660, 1740, 140, 297960, 1912
320220, 660, 2452, 216, 660, 1740, 140, 297960, 1912
320220, 656, 2456, 216, 660, 1740, 140, 297960, 1912
320220, 652, 2460, 216, 656, 1740, 144, 297960, 1912
320220, 652, 2460, 212, 652, 1740, 144, 297968, 1912
320220, 652, 2460, 212, 652, 1740, 144, 297968, 1912
320220, 652, 2460, 212, 652, 1740, 144, 297968, 1912
320220, 648, 2464, 212, 652, 1740, 144, 297968, 1912
320220, 644, 2468, 212, 652, 1740, 144, 297968, 1912
320220, 644, 2464, 212, 648, 1744, 144, 297972, 1912
320220, 640, 2468, 212, 648, 1744, 144, 297972, 1912
320220, 640, 2468, 212, 648, 1744, 144, 297972, 1912
320220, 640, 2464, 212, 648, 1744, 144, 297976, 1912
320220, 640, 2464, 212, 648, 1744, 144, 297976, 1912
320220, 636, 2460, 212, 648, 1744, 144, 297984, 1912
320220, 636, 2456, 212, 648, 1744, 144, 297988, 1912
320220, 636, 2456, 212, 648, 1744, 144, 297988, 1912
320220, 636, 2456, 212, 648, 1744, 144, 297988, 1912
320220, 636, 2448, 212, 648, 1744, 144, 297996, 1912
320220, 628, 2456, 212, 648, 1744, 144, 297996, 1912
320220, 624, 2456, 212, 648, 1744, 144, 298000, 1912
320220, 624, 2456, 212, 648, 1744, 144, 298000, 1912
320220, 620, 2456, 216, 648, 1740, 144, 298004, 1912
320220, 620, 2448, 216, 648, 1740, 144, 298012, 1912
320216, 620, 2452, 216, 644, 1736, 144, 298020, 1912
320216, 616, 2452, 216, 644, 1736, 144, 298024, 1912
320216, 612, 2456, 216, 644, 1736, 144, 298024, 1912
320216, 612, 2456, 216, 644, 1736, 144, 298024, 1912
320216, 612, 2456, 216, 644, 1736, 144, 298024, 1912
320216, 612, 2444, 216, 644, 1736, 144, 298036, 1912
320216, 608, 2448, 216, 640, 1732, 144, 298044, 1912
320216, 608, 2444, 216, 640, 1732, 144, 298048, 1912
320216, 608, 2436, 216, 640, 1732, 144, 298056, 1912
320216, 600, 2436, 220, 640, 1732, 144, 298060, 1912
320216, 600, 2436, 220, 640, 1728, 144, 298064, 1912
320216, 600, 2432, 220, 640, 1728, 144, 298068, 1912
320216, 600, 2432, 220, 640, 1724, 144, 298072, 1912
320216, 600, 2432, 220, 640, 1724, 144, 298072, 1912
320216, 600, 2432, 220, 640, 1724, 144, 298072, 1912
320216, 600, 2432, 216, 644, 1724, 144, 298072, 1912
320212, 596, 2436, 220, 644, 1724, 144, 298072, 1912
320212, 596, 2428, 220, 644, 1724, 144, 298080, 1912
320212, 596, 2428, 220, 644, 1724, 144, 298080, 1912
320208, 600, 2428, 220, 644, 1720, 144, 298084, 1912
320208, 600, 2424, 220, 644, 1720, 144, 298088, 1912
320208, 600, 2424, 220, 644, 1720, 144, 298088, 1912
320208, 596, 2428, 220, 644, 1720, 144, 298088, 1912
320204, 596, 2432, 220, 644, 1720, 144, 298088, 1912
320204, 596, 2432, 216, 648, 1720, 144, 298088, 1912
320204, 596, 2432, 216, 648, 1716, 144, 298092, 1912
320204, 596, 2432, 216, 648, 1716, 144, 298092, 1912
320204, 592, 2436, 216, 648, 1716, 144, 298092, 1912
320204, 592, 2432, 216, 648, 1716, 144, 298096, 1912
320204, 592, 2428, 216, 648, 1712, 144, 298104, 1912
320200, 596, 2428, 216, 648, 1708, 144, 298108, 1912
320200, 596, 2428, 212, 652, 1712, 140, 298108, 1912
320200, 596, 2420, 208, 652, 1716, 136, 298120, 1912
320200, 592, 2420, 212, 652, 1712, 136, 298124, 1912
320200, 588, 2420, 212, 652, 1712, 136, 298128, 1912
320200, 584, 2420, 212, 652, 1708, 136, 298136, 1912
320200, 580, 2424, 212, 652, 1708, 136, 298136, 1912
320200, 580, 2420, 212, 648, 1708, 136, 298144, 1912
320200, 572, 2420, 216, 648, 1708, 136, 298148, 1912
320200, 572, 2416, 216, 648, 1708, 136, 298152, 1912
320200, 572, 2412, 216, 648, 1708, 136, 298156, 1912
320196, 576, 2412, 216, 648, 1708, 136, 298156, 1912
320196, 576, 2412, 212, 648, 1708, 136, 298160, 1912
320196, 576, 2412, 212, 648, 1708, 136, 298160, 1912
320196, 576, 2412, 212, 648, 1708, 136, 298160, 1912
320196, 572, 2416, 212, 648, 1708, 136, 298160, 1912
320196, 572, 2412, 212, 648, 1708, 136, 298164, 1912
320196, 572, 2400, 212, 648, 1700, 136, 298184, 1912
320196, 572, 2400, 212, 648, 1700, 136, 298184, 1912
320196, 564, 2392, 212, 652, 1700, 136, 298196, 1912
320196, 564, 2388, 212, 652, 1700, 136, 298200, 1912
320196, 564, 2376, 212, 652, 1700, 136, 298212, 1912
320196, 560, 2372, 212, 656, 1700, 136, 298216, 1912
320196, 556, 2364, 216, 652, 1700, 136, 298228, 1912
320196, 556, 2364, 216, 652, 1700, 136, 298228, 1912
320188, 564, 2356, 216, 652, 1696, 136, 298236, 1916
320188, 564, 2348, 216, 652, 1696, 136, 298244, 1916
320188, 564, 2348, 216, 652, 1696, 136, 298244, 1916
320188, 564, 2348, 216, 652, 1696, 136, 298244, 1916
320188, 564, 2344, 216, 652, 1692, 136, 298252, 1916
320188, 560, 2348, 216, 652, 1684, 136, 298260, 1916
320188, 560, 2340, 216, 652, 1684, 136, 298268, 1916
320188, 560, 2340, 216, 652, 1680, 136, 298272, 1916
320188, 560, 2332, 216, 652, 1680, 136, 298280, 1916
320188, 560, 2332, 216, 648, 1680, 136, 298284, 1916
320188, 560, 2324, 216, 648, 1680, 136, 298292, 1916
320184, 564, 2324, 216, 648, 1680, 136, 298292, 1916
320180, 568, 2324, 216, 648, 1680, 136, 298292, 1916
320176, 572, 2324, 216, 648, 1680, 136, 298292, 1916
320176, 572, 2316, 216, 648, 1680, 136, 298300, 1916
320176, 572, 2316, 216, 648, 1680, 136, 298300, 1916
320176, 568, 2320, 216, 644, 1680, 136, 298304, 1916
320172, 572, 2316, 216, 644, 1680, 136, 298308, 1916
320172, 572, 2316, 212, 648, 1672, 136, 298316, 1916
320168, 568, 2324, 208, 648, 1676, 136, 298316, 1916
320168, 568, 2320, 208, 648, 1672, 136, 298324, 1916
320164, 572, 2320, 208, 648, 1672, 136, 298324, 1916
320164, 572, 2320, 208, 648, 1672, 136, 298324, 1916
320160, 576, 2316, 208, 648, 1672, 136, 298328, 1916
320156, 576, 2320, 208, 644, 1676, 136, 298328, 1916
320156, 576, 2316, 208, 644, 1672, 136, 298336, 1916
320144, 584, 2320, 208, 644, 1672, 136, 298336, 1916
320140, 580, 2328, 208, 644, 1672, 136, 298336, 1916
320136, 584, 2324, 208, 640, 1672, 136, 298340, 1920
320132, 584, 2328, 208, 636, 1672, 136, 298344, 1920
320132, 576, 2336, 208, 636, 1672, 136, 298344, 1920
320132, 576, 2328, 208, 632, 1672, 136, 298356, 1920
320132, 576, 2328, 208, 632, 1672, 136, 298356, 1920
320124, 584, 2328, 208, 632, 1672, 136, 298356, 1920
320120, 588, 2328, 208, 632, 1672, 136, 298356, 1920
320120, 588, 2328, 208, 632, 1668, 136, 298360, 1920
320116, 588, 2332, 208, 632, 1668, 136, 298360, 1920
320116, 584, 2336, 208, 632, 1668, 136, 298360, 1920
320116, 584, 2332, 208, 632, 1668, 136, 298364, 1920
320116, 580, 2336, 204, 636, 1668, 136, 298364, 1920
320116, 580, 2336, 204, 636, 1668, 136, 298364, 1920
320116, 580, 2336, 204, 636, 1668, 136, 298364, 1920
320116, 576, 2340, 204, 636, 1664, 136, 298368, 1920
320108, 576, 2340, 208, 632, 1660, 136, 298380, 1920
320108, 576, 2340, 208, 632, 1660, 136, 298380, 1920
320108, 576, 2340, 204, 636, 1660, 136, 298380, 1920
320108, 576, 2340, 204, 636, 1660, 136, 298380, 1920
320100, 584, 2340, 204, 636, 1656, 136, 298384, 1920
320096, 584, 2344, 204, 636, 1656, 136, 298384, 1920
320092, 588, 2340, 204, 636, 1652, 136, 298392, 1920
320092, 588, 2332, 204, 636, 1652, 136, 298400, 1920
320084, 596, 2332, 204, 636, 1652, 136, 298400, 1920
320076, 604, 2332, 204, 636, 1652, 136, 298400, 1920
320076, 604, 2332, 204, 636, 1652, 136, 298400, 1920
320068, 612, 2328, 204, 636, 1652, 136, 298404, 1920
320064, 616, 2328, 204, 636, 1652, 136, 298404, 1920
320064, 616, 2328, 204, 636, 1648, 136, 298408, 1920
320060, 620, 2328, 204, 636, 1648, 136, 298408, 1920
320056, 624, 2328, 204, 636, 1644, 136, 298412, 1920
320056, 620, 2328, 204, 632, 1648, 136, 298416, 1920
320056, 620, 2328, 204, 632, 1652, 132, 298416, 1920
320056, 620, 2324, 204, 632, 1648, 132, 298424, 1920
320052, 620, 2324, 204, 628, 1648, 132, 298432, 1920
320048, 624, 2316, 204, 628, 1648, 132, 298440, 1920
320048, 620, 2320, 204, 628, 1648, 132, 298440, 1920
320048, 620, 2312, 204, 628, 1648, 132, 298448, 1920
320044, 624, 2308, 204, 628, 1648, 132, 298452, 1920
320044, 624, 2308, 204, 628, 1644, 132, 298452, 1924
320044, 624, 2304, 204, 628, 1640, 132, 298460, 1924
320036, 632, 2300, 204, 624, 1640, 132, 298468, 1924
320032, 632, 2304, 204, 624, 1640, 132, 298468, 1924
320032, 632, 2296, 204, 624, 1640, 132, 298476, 1924
320032, 632, 2296, 200, 628, 1640, 132, 298476, 1924
320032, 632, 2296, 196, 632, 1640, 132, 298476, 1924
320032, 628, 2292, 196, 632, 1640, 132, 298484, 1924
320032, 628, 2292, 196, 632, 1640, 132, 298484, 1924
320032, 628, 2288, 196, 632, 1640, 132, 298488, 1924
320028, 624, 2296, 196, 632, 1640, 132, 298488, 1924
320024, 628, 2296, 196, 632, 1640, 132, 298488, 1924
320024, 628, 2296, 192, 636, 1632, 132, 298496, 1924
320024, 628, 2296, 192, 636, 1632, 132, 298496, 1924
320024, 624, 2296, 188, 640, 1632, 132, 298500, 1924
320024, 624, 2296, 188, 640, 1632, 132, 298500, 1924
320024, 624, 2296, 188, 640, 1632, 132, 298500, 1924
320024, 624, 2296, 188, 640, 1628, 132, 298504, 1924
320024, 624, 2292, 188, 636, 1628, 132, 298512, 1924
320024, 624, 2288, 188, 636, 1624, 132, 298520, 1924
320020, 628, 2284, 188, 636, 1624, 132, 298524, 1924
320016, 632, 2284, 188, 636, 1624, 132, 298524, 1924
320012, 632, 2288, 188, 636, 1624, 132, 298524, 1924
320012, 632, 2288, 188, 636, 1624, 132, 298524, 1924
320012, 632, 2288, 188, 632, 1624, 132, 298528, 1924
320012, 632, 2284, 188, 632, 1624, 132, 298532, 1924
320012, 628, 2280, 192, 632, 1624, 132, 298536, 1924
320012, 628, 2280, 192, 632, 1620, 136, 298536, 1924
320008, 632, 2280, 192, 632, 1620, 136, 298536, 1924
320008, 632, 2276, 192, 628, 1616, 136, 298548, 1924
320008, 628, 2280, 188, 632, 1616, 136, 298548, 1924
320008, 624, 2284, 188, 632, 1616, 136, 298548, 1924
320004, 628, 2284, 188, 632, 1616, 136, 298548, 1924
320004, 628, 2280, 188, 628, 1612, 136, 298556, 1928
320004, 624, 2284, 188, 628, 1612, 136, 298556, 1928
320004, 624, 2284, 188, 628, 1612, 136, 298556, 1928
320000, 628, 2284, 188, 628, 1612, 136, 298556, 1928
320000, 624, 2288, 188, 628, 1612, 136, 298556, 1928
320000, 620, 2288, 192, 628, 1612, 136, 298556, 1928
320000, 620, 2284, 192, 628, 1612, 136, 298560, 1928
320000, 620, 2280, 192, 628, 1612, 136, 298564, 1928
320000, 620, 2280, 192, 628, 1612, 136, 298564, 1928
320000, 620, 2280, 192, 624, 1612, 136, 298568, 1928
320000, 616, 2276, 188, 620, 1616, 136, 298580, 1928
319996, 620, 2276, 188, 620, 1612, 136, 298584, 1928
319996, 620, 2276, 188, 620, 1612, 136, 298584, 1928
319996, 608, 2288, 188, 620, 1612, 136, 298584, 1928
319996, 604, 2288, 188, 620, 1608, 136, 298592, 1928
319996, 604, 2288, 188, 620, 1608, 136, 298592, 1928
319996, 600, 2292, 188, 620, 1608, 136, 298592, 1928
319996, 600, 2288, 188, 616, 1612, 136, 298596, 1928
319996, 600, 2288, 188, 616, 1608, 136, 298600, 1928
319996, 600, 2288, 188, 616, 1608, 136, 298600, 1928
319996, 600, 2276, 184, 620, 1608, 136, 298612, 1928
319992, 604, 2276, 184, 620, 1608, 136, 298612, 1928
319992, 604, 2272, 184, 620, 1608, 136, 298616, 1928
319992, 604, 2268, 184, 620, 1608, 136, 298620, 1928
319992, 604, 2264, 184, 620, 1608, 136, 298624, 1928
319992, 604, 2264, 184, 620, 1608, 136, 298624, 1928
319992, 604, 2264, 184, 620, 1608, 136, 298624, 1928
319992, 600, 2260, 188, 620, 1608, 136, 298628, 1928
319988, 604, 2260, 188, 620, 1608, 136, 298628, 1928
319988, 600, 2264, 188, 620, 1608, 136, 298628, 1928
319988, 600, 2260, 188, 620, 1604, 136, 298636, 1928
319984, 604, 2256, 188, 620, 1604, 136, 298640, 1928
319984, 604, 2256, 188, 620, 1604, 136, 298640, 1928
319984, 600, 2260, 188, 620, 1600, 136, 298644, 1928
319984, 600, 2256, 188, 620, 1600, 136, 298648, 1928
319980, 604, 2252, 188, 616, 1600, 136, 298656, 1928
319980, 600, 2252, 188, 616, 1600, 136, 298660, 1928
319980, 600, 2248, 188, 612, 1604, 136, 298664, 1928
319980, 596, 2252, 188, 608, 1604, 136, 298668, 1928
319980, 596, 2252, 188, 608, 1604, 136, 298668, 1928
319980, 596, 2252, 188, 608, 1604, 132, 298668, 1932
319980, 596, 2252, 188, 608, 1604, 132, 298668, 1932
319980, 592, 2256, 188, 608, 1604, 132, 298668, 1932
319980, 592, 2248, 188, 608, 1608, 128, 298676, 1932
319980, 592, 2244, 188, 608, 1608, 128, 298680, 1932
319980, 592, 2240, 188, 608, 1608, 128, 298684, 1932
319980, 592, 2240, 188, 608, 1608, 128, 298684, 1932
319980, 588, 2236, 188, 608, 1608, 128, 298692, 1932
319980, 584, 2240, 188, 608, 1604, 128, 298696, 1932
319980, 580, 2244, 188, 608, 1600, 128, 298700, 1932
319980, 580, 2240, 188, 608, 1600, 128, 298704, 1932
319980, 580, 2240, 188, 608, 1596, 128, 298708, 1932
319980, 580, 2240, 188, 604, 1600, 128, 298708, 1932
319980, 580, 2240, 188, 604, 1600, 128, 298708, 1932
319980, 576, 2244, 188, 604, 1600, 128, 298708, 1932
319980, 572, 2240, 192, 604, 1600, 128, 298712, 1932
319980, 572, 2236, 192, 600, 1600, 128, 298720, 1932
319980, 568, 2240, 192, 600, 1600, 128, 298720, 1932
319976, 572, 2240, 192, 596, 1600, 128, 298724, 1932
319976, 572, 2240, 192, 596, 1600, 128, 298724, 1932
319976, 572, 2240, 192, 596, 1600, 128, 298724, 1932
319976, 564, 2248, 192, 596, 1600, 128, 298724, 1932
319972, 568, 2248, 184, 604, 1600, 128, 298724, 1932
319964, 572, 2248, 184, 604, 1604, 124, 298728, 1932
319960, 576, 2248, 184, 604, 1604, 124, 298728, 1932
319960, 576, 2244, 184, 604, 1604, 124, 298732, 1932
319960, 576, 2244, 184, 604, 1604, 124, 298732, 1932
319960, 576, 2244, 184, 604, 1604, 124, 298732, 1932
319956, 576, 2244, 184, 604, 1604, 124, 298736, 1932
319948, 584, 2244, 184, 604, 1604, 124, 298736, 1932
319948, 584, 2244, 184, 604, 1604, 124, 298736, 1932
319944, 588, 2244, 184, 604, 1604, 124, 298736, 1932
319940, 592, 2240, 184, 604, 1604, 124, 298740, 1932
319940, 588, 2244, 180, 604, 1604, 124, 298744, 1932
319940, 588, 2244, 180, 604, 1600, 124, 298748, 1932
319936, 592, 2244, 180, 604, 1600, 124, 298748, 1932
319932, 596, 2244, 180, 600, 1600, 124, 298752, 1932
319928, 600, 2244, 180, 600, 1600, 124, 298752, 1932
319924, 604, 2244, 176, 604, 1600, 124, 298752, 1932
319924, 604, 2244, 176, 600, 1600, 124, 298756, 1932
319924, 604, 2240, 176, 600, 1600, 124, 298760, 1932
319924, 604, 2240, 176, 596, 1600, 124, 298764, 1932
319924, 604, 2236, 176, 592, 1600, 124, 298772, 1932
319924, 604, 2236, 176, 592, 1600, 124, 298772, 1932
319924, 604, 2236, 172, 596, 1600, 124, 298772, 1932
319924, 604, 2236, 172, 596, 1600, 124, 298772, 1932
319924, 604, 2228, 168, 600, 1600, 124, 298780, 1932
319920, 604, 2228, 168, 604, 1600, 124, 298780, 1932
319920, 604, 2228, 168, 604, 1600, 124, 298780, 1932
319920, 600, 2228, 168, 604, 1600, 124, 298784, 1932
319920, 596, 2232, 168, 604, 1600, 124, 298784, 1932
319916, 596, 2236, 168, 604, 1596, 124, 298788, 1932
319912, 592, 2240, 172, 600, 1596, 124, 298792, 1932
319908, 592, 2244, 172, 600, 1592, 124, 298796, 1932
319908, 592, 2240, 172, 600, 1592, 124, 298800, 1932
319904, 596, 2240, 172, 600, 1592, 124, 298800, 1932
319900, 600, 2232, 172, 600, 1592, 124, 298808, 1932
319900, 596, 2232, 176, 600, 1592, 124, 298808, 1932
319900, 592, 2224, 180, 600, 1592, 124, 298816, 1932
319900, 592, 2224, 180, 596, 1592, 124, 298820, 1932
319900, 592, 2220, 180, 596, 1588, 124, 298828, 1932
319900, 584, 2216, 184, 596, 1588, 124, 298836, 1932
319896, 584, 2204, 188, 596, 1584, 124, 298852, 1932
319896, 580, 2208, 184, 600, 1584, 124, 298852, 1932
319888, 580, 2216, 184, 600, 1584, 124, 298852, 1932
319888, 580, 2212, 184, 600, 1584, 124, 298856, 1932
319888, 580, 2212, 184, 600, 1584, 124, 298856, 1932
319888, 576, 2216, 184, 596, 1584, 124, 298860, 1932
319888, 576, 2212, 184, 596, 1584, 124, 298864, 1932
319888, 576, 2212, 184, 596, 1584, 124, 298864, 1932
319888, 576, 2212, 184, 596, 1584, 124, 298864, 1932
319888, 576, 2212, 184, 592, 1584, 124, 298868, 1932
319888, 576, 2204, 184, 592, 1584, 124, 298876, 1932
319888, 572, 2204, 184, 592, 1580, 124, 298884, 1932
319888, 568, 2200, 188, 592, 1580, 124, 298888, 1932
319888, 564, 2204, 188, 592, 1580, 124, 298888, 1932
319884, 568, 2204, 188, 592, 1580, 124, 298888, 1932
319884, 568, 2200, 188, 592, 1580, 124, 298892, 1932
319884, 568, 2200, 188, 592, 1576, 124, 298896, 1932
319884, 556, 2204, 188, 596, 1572, 124, 298904, 1932
319880, 560, 2204, 188, 596, 1572, 124, 298904, 1932
319880, 560, 2200, 188, 596, 1572, 124, 298908, 1932
319880, 560, 2200, 188, 596, 1568, 124, 298912, 1932
319880, 556, 2204, 188, 596, 1568, 124, 298912, 1932
319880, 556, 2200, 188, 596, 1568, 124, 298916, 1932
319880, 552, 2204, 188, 596, 1568, 124, 298916, 1932
319880, 552, 2200, 188, 596, 1568, 124, 298920, 1932
319880, 552, 2200, 188, 596, 1568, 124, 298920, 1932
319880, 552, 2196, 184, 600, 1568, 124, 298924, 1932
319880, 548, 2200, 184, 600, 1568, 124, 298924, 1932
319880, 548, 2200, 184, 596, 1572, 124, 298924, 1932
319876, 552, 2200, 184, 596, 1572, 120, 298924, 1936
319876, 552, 2200, 184, 592, 1572, 120, 298928, 1936
319876, 548, 2200, 184, 592, 1572, 120, 298932, 1936
319872, 552, 2196, 184, 592, 1572, 120, 298936, 1936
319872, 552, 2196, 184, 592, 1572, 120, 298936, 1936
319872, 552, 2196, 180, 596, 1564, 120, 298944, 1936
319872, 552, 2196, 180, 596, 1564, 120, 298944, 1936
319872, 552, 2192, 176, 600, 1564, 120, 298948, 1936
319868, 552, 2196, 172, 604, 1564, 120, 298948, 1936
319868, 552, 2192, 172, 604, 1564, 120, 298952, 1936
319868, 548, 2196, 172, 604, 1560, 120, 298952, 1940
319868, 544, 2196, 172, 604, 1560, 120, 298956, 1940
319868, 544, 2196, 172, 604, 1560, 120, 298956, 1940
319868, 540, 2188, 176, 604, 1560, 120, 298964, 1940
319868, 540, 2188, 172, 608, 1560, 120, 298964, 1940
319868, 540, 2184, 172, 608, 1560, 120, 298968, 1940
319868, 536, 2184, 172, 608, 1560, 120, 298972, 1940
319868, 532, 2188, 172, 608, 1556, 120, 298976, 1940
319868, 532, 2180, 172, 608, 1556, 120, 298984, 1940
319868, 528, 2184, 172, 608, 1552, 120, 298988, 1940
319868, 528, 2176, 172, 608, 1552, 120, 298996, 1940
319864, 532, 2176, 172, 608, 1552, 120, 298996, 1940
319864, 532, 2176, 172, 608, 1552, 120, 298996, 1940
319864, 532, 2176, 172, 608, 1552, 120, 298996, 1940
319864, 532, 2176, 172, 608, 1552, 120, 298996, 1940
319864, 532, 2176, 172, 604, 1552, 120, 299000, 1940
319864, 532, 2176, 172, 604, 1548, 120, 299004, 1940
319864, 532, 2176, 172, 604, 1548, 120, 299004, 1940
319860, 536, 2172, 172, 604, 1548, 120, 299008, 1940
319860, 536, 2172, 172, 604, 1548, 120, 299008, 1940
319860, 536, 2164, 172, 604, 1548, 120, 299016, 1940
319860, 532, 2156, 176, 604, 1548, 120, 299024, 1940
319860, 528, 2156, 176, 604, 1548, 120, 299028, 1940
319860, 524, 2160, 176, 604, 1548, 120, 299028, 1940
319860, 524, 2160, 176, 604, 1548, 120, 299028, 1940
319860, 524, 2160, 176, 604, 1548, 120, 299028, 1940
319860, 524, 2156, 176, 604, 1548, 120, 299032, 1940
319860, 524, 2156, 176, 604, 1548, 120, 299032, 1940
319860, 524, 2156, 176, 604, 1548, 120, 299032, 1940
319860, 524, 2156, 176, 604, 1544, 120, 299036, 1940
319860, 524, 2156, 176, 604, 1544, 120, 299036, 1940
319860, 520, 2160, 176, 600, 1544, 120, 299040, 1940
319860, 516, 2164, 176, 600, 1544, 120, 299040, 1940
319860, 516, 2164, 172, 604, 1544, 120, 299040, 1940
319860, 516, 2164, 172, 604, 1544, 120, 299040, 1940
319860, 516, 2160, 172, 604, 1544, 120, 299044, 1940
319860, 516, 2160, 172, 604, 1544, 120, 299044, 1940
319856, 520, 2160, 172, 604, 1544, 120, 299044, 1940
319852, 524, 2156, 172, 604, 1544, 120, 299048, 1940
319852, 520, 2156, 172, 604, 1544, 120, 299052, 1940
319852, 520, 2152, 172, 604, 1544, 120, 299056, 1940
319852, 520, 2152, 172, 604, 1540, 124, 299056, 1940
319852, 520, 2148, 172, 604, 1540, 124, 299060, 1940
319852, 520, 2144, 172, 604, 1540, 124, 299064, 1940
319848, 520, 2144, 172, 604, 1532, 124, 299072, 1944
319848, 520, 2144, 172, 604, 1532, 124, 299072, 1944
319844, 524, 2144, 172, 600, 1532, 124, 299076, 1944
319844, 520, 2148, 172, 596, 1532, 124, 299080, 1944
319844, 520, 2148, 172, 596, 1528, 124, 299084, 1944
319844, 520, 2144, 172, 596, 1524, 124, 299092, 1944
319840, 520, 2144, 176, 592, 1524, 124, 299096, 1944
319840, 520, 2136, 176, 592, 1520, 124, 299108, 1944
319840, 520, 2136, 176, 592, 1516, 124, 299112, 1944
319840, 520, 2136, 176, 588, 1516, 124, 299116, 1944
319840, 520, 2136, 176, 588, 1516, 124, 299116, 1944
319840, 516, 2132, 180, 588, 1516, 124, 299120, 1944
319840, 516, 2128, 180, 588, 1516, 124, 299124, 1944
319840, 516, 2128, 180, 588, 1516, 124, 299124, 1944
319840, 516, 2124, 180, 588, 1516, 124, 299128, 1944
319832, 524, 2124, 180, 588, 1512, 124, 299132, 1944
319828, 528, 2124, 180, 588, 1512, 124, 299132, 1944
319828, 528, 2112, 180, 588, 1512, 124, 299144, 1944
319828, 528, 2112, 180, 588, 1512, 124, 299144, 1944
319828, 528, 2112, 180, 588, 1512, 124, 299144, 1944
319824, 532, 2112, 180, 588, 1512, 124, 299144, 1944
319824, 532, 2112, 180, 588, 1512, 124, 299144, 1944
319824, 532, 2108, 176, 592, 1512, 124, 299148, 1944
319820, 532, 2108, 180, 588, 1512, 124, 299152, 1944
319820, 532, 2108, 180, 584, 1512, 124, 299156, 1944
319820, 532, 2108, 180, 584, 1512, 124, 299156, 1944
319820, 532, 2108, 180, 584, 1512, 124, 299156, 1944
319820, 532, 2104, 180, 584, 1512, 124, 299160, 1944
319820, 528, 2104, 184, 584, 1508, 124, 299160, 1948
319820, 524, 2108, 184, 584, 1508, 124, 299160, 1948
319820, 524, 2104, 184, 584, 1504, 124, 299168, 1948
319820, 524, 2100, 184, 584, 1504, 124, 299172, 1948
319820, 524, 2100, 184, 580, 1508, 124, 299172, 1948
319820, 520, 2100, 184, 580, 1508, 124, 299176, 1948
319820, 516, 2100, 188, 580, 1508, 124, 299176, 1948
319820, 516, 2100, 188, 580, 1508, 124, 299176, 1948
319820, 516, 2100, 188, 580, 1508, 124, 299176, 1948
319816, 520, 2096, 188, 580, 1504, 124, 299184, 1948
319812, 520, 2096, 192, 580, 1504, 124, 299184, 1948
319812, 520, 2096, 192, 580, 1504, 124, 299184, 1948
319812, 520, 2096, 192, 580, 1504, 124, 299184, 1948
319812, 520, 2096, 192, 580, 1504, 124, 299184, 1948
319812, 520, 2096, 192, 580, 1504, 124, 299184, 1948
319812, 520, 2096, 192, 580, 1500, 124, 299188, 1948
319812, 520, 2096, 188, 584, 1500, 124, 299188, 1948
319812, 516, 2100, 184, 588, 1500, 124, 299188, 1948
319808, 520, 2100, 184, 588, 1500, 124, 299188, 1948
319808, 520, 2100, 184, 588, 1496, 124, 299192, 1948
319804, 524, 2100, 184, 588, 1496, 124, 299192, 1948
319804, 524, 2100, 184, 588, 1496, 124, 299192, 1948
319804, 524, 2100, 184, 588, 1496, 124, 299192, 1948
319804, 524, 2100, 184, 588, 1500, 120, 299192, 1948
319804, 524, 2096, 184, 588, 1496, 120, 299200, 1948
319804, 516, 2104, 184, 588, 1492, 116, 299204, 1952
319804, 516, 2100, 184, 588, 1492, 116, 299208, 1952
319804, 516, 2100, 184, 588, 1488, 116, 299212, 1952
319804, 516, 2096, 184, 588, 1488, 112, 299220, 1952
319804, 516, 2096, 184, 588, 1488, 112, 299220, 1952
319804, 516, 2096, 184, 588, 1488, 112, 299220, 1952
319804, 516, 2096, 184, 588, 1484, 112, 299224, 1952
319804, 512, 2100, 184, 588, 1484, 112, 299224, 1952
319804, 508, 2100, 184, 588, 1484, 112, 299228, 1952
319804, 508, 2100, 184, 588, 1484, 112, 299228, 1952
319804, 508, 2096, 184, 588, 1484, 112, 299232, 1952
319804, 508, 2096, 184, 588, 1484, 112, 299232, 1952
319804, 508, 2092, 184, 588, 1484, 112, 299236, 1952
319804, 508, 2092, 184, 588, 1484, 112, 299236, 1952
319800, 512, 2092, 184, 588, 1484, 112, 299236, 1952
319800, 512, 2092, 184, 588, 1484, 112, 299236, 1952
319800, 512, 2092, 184, 588, 1480, 112, 299240, 1952
319800, 512, 2084, 184, 588, 1480, 112, 299248, 1952
319800, 508, 2088, 184, 588, 1476, 112, 299252, 1952
319800, 508, 2088, 184, 588, 1472, 112, 299256, 1952
319800, 508, 2088, 184, 588, 1468, 112, 299260, 1952
319796, 512, 2084, 184, 588, 1468, 112, 299264, 1952
319796, 512, 2084, 180, 592, 1468, 112, 299264, 1952
319796, 504, 2088, 184, 592, 1468, 112, 299264, 1952
319796, 504, 2084, 184, 588, 1464, 112, 299276, 1952
319796, 504, 2080, 184, 588, 1464, 112, 299280, 1952
319796, 500, 2080, 184, 584, 1464, 112, 299288, 1952
319792, 504, 2080, 184, 584, 1464, 112, 299288, 1952
319792, 504, 2080, 184, 584, 1464, 112, 299288, 1952
319792, 500, 2084, 184, 584, 1464, 112, 299288, 1952
319792, 500, 2080, 184, 584, 1464, 112, 299292, 1952
319792, 500, 2080, 184, 584, 1464, 112, 299292, 1952
319792, 488, 2092, 184, 584, 1464, 112, 299292, 1952
319792, 480, 2096, 188, 584, 1464, 112, 299292, 1952
319792, 480, 2092, 188, 584, 1464, 112, 299296, 1952
319792, 476, 2092, 192, 584, 1464, 112, 299296, 1952
319792, 476, 2088, 192, 584, 1464, 112, 299300, 1952
319792, 476, 2088, 192, 584, 1464, 112, 299300, 1952
319788, 476, 2092, 192, 584, 1464, 112, 299300, 1952
319784, 476, 2092, 192, 584, 1464, 112, 299304, 1952
319784, 476, 2092, 192, 584, 1464, 112, 299304, 1952
319784, 472, 2096, 192, 584, 1464, 112, 299304, 1952
319780, 472, 2100, 192, 584, 1464, 112, 299304, 1952
319780, 472, 2100, 192, 584, 1464, 112, 299304, 1952
319780, 472, 2100, 192, 584, 1464, 112, 299304, 1952
319776, 476, 2100, 188, 588, 1464, 112, 299304, 1952
319772, 480, 2100, 188, 588, 1464, 112, 299304, 1952
319772, 480, 2100, 188, 588, 1464, 112, 299304, 1952
319772, 480, 2100, 188, 588, 1464, 112, 299304, 1952
319772, 476, 2104, 188, 588, 1464, 112, 299304, 1952
319768, 480, 2100, 184, 592, 1460, 112, 299312, 1952
319768, 480, 2096, 184, 592, 1460, 112, 299316, 1952
319768, 476, 2092, 184, 596, 1460, 112, 299320, 1952
319768, 476, 2092, 184, 596, 1460, 112, 299320, 1952
319764, 480, 2092, 184, 592, 1460, 112, 299324, 1952
319764, 480, 2088, 184, 588, 1460, 112, 299332, 1952
319764, 480, 2080, 184, 588, 1460, 112, 299340, 1952
319764, 480, 2080, 184, 588, 1460, 112, 299340, 1952
319764, 480, 2080, 184, 588, 1460, 112, 299340, 1952
319764, 476, 2084, 184, 588, 1460, 112, 299340, 1952
319764, 476, 2084, 184, 588, 1460, 112, 299340, 1952
319764, 476, 2080, 184, 588, 1460, 112, 299344, 1952
319764, 472, 2084, 184, 588, 1460, 112, 299344, 1952
319764, 468, 2088, 184, 588, 1460, 112, 299344, 1952
319764, 468, 2088, 184, 588, 1460, 112, 299344, 1952
319764, 464, 2092, 184, 588, 1460, 112, 299344, 1952
319764, 460, 2096, 184, 588, 1460, 112, 299344, 1952
319764, 460, 2092, 180, 592, 1456, 112, 299352, 1952
319760, 460, 2092, 180, 592, 1452, 112, 299360, 1952
319760, 460, 2092, 180, 592, 1452, 112, 299360, 1952
319760, 460, 2092, 180, 592, 1452, 112, 299360, 1952
319760, 456, 2092, 180, 592, 1452, 112, 299364, 1952
319756, 456, 2092, 180, 592, 1452, 112, 299368, 1952
319756, 456, 2092, 180, 592, 1452, 112, 299368, 1952
319756, 456, 2088, 180, 592, 1452, 112, 299372, 1952
319752, 460, 2088, 180, 592, 1452, 112, 299372, 1952
319752, 460, 2088, 180, 592, 1452, 112, 299372, 1952
319752, 460, 2088, 176, 596, 1452, 112, 299372, 1952
319752, 460, 2084, 176, 596, 1452, 112, 299376, 1952
319752, 460, 2076, 176, 592, 1452, 112, 299388, 1952
319752, 460, 2076, 172, 596, 1452, 112, 299388, 1952
319752, 460, 2076, 172, 596, 1452, 112, 299388, 1952
319752, 460, 2076, 172, 596, 1452, 112, 299388, 1952
319752, 456, 2076, 176, 596, 1448, 112, 299392, 1952
319752, 456, 2076, 176, 592, 1448, 112, 299396, 1952
319752, 452, 2076, 176, 592, 1448, 112, 299400, 1952
319752, 452, 2076, 176, 584, 1452, 112, 299404, 1952
319752, 452, 2072, 172, 588, 1452, 112, 299408, 1952
319752, 452, 2072, 172, 588, 1452, 112, 299408, 1952
319752, 452, 2068, 172, 588, 1448, 112, 299416, 1952
319748, 452, 2068, 172, 588, 1448, 112, 299420, 1952
319748, 452, 2068, 172, 588, 1448, 112, 299420, 1952
319748, 452, 2068, 172, 584, 1444, 116, 299424, 1952
319748, 452, 2068, 172, 576, 1452, 116, 299424, 1952
319748, 448, 2072, 172, 576, 1452, 116, 299424, 1952
319748, 448, 2072, 172, 576, 1456, 112, 299424, 1952
319748, 448, 2072, 172, 576, 1456, 112, 299424, 1952
319748, 448, 2072, 172, 576, 1452, 116, 299424, 1952
319744, 452, 2072, 172, 576, 1452, 116, 299424, 1952
319744, 452, 2068, 172, 576, 1452, 116, 299428, 1952
319744, 448, 2072, 172, 576, 1452, 116, 299428, 1952
319744, 448, 2068, 172, 576, 1452, 116, 299432, 1952
319744, 444, 2072, 172, 576, 1448, 116, 299436, 1952
319744, 440, 2076, 172, 576, 1448, 116, 299436, 1952
319744, 440, 2068, 172, 576, 1448, 116, 299444, 1952
319744, 436, 2068, 172, 576, 1448, 116, 299448, 1952
319744, 436, 2068, 172, 576, 1448, 116, 299448, 1952
319744, 436, 2064, 172, 576, 1448, 116, 299452, 1952
319744, 436, 2060, 172, 576, 1448, 116, 299456, 1952
319744, 436, 2060, 168, 580, 1448, 116, 299456, 1952
319744, 436, 2060, 168, 580, 1448, 116, 299456, 1952
319744, 436, 2060, 164, 584, 1444, 116, 299460, 1952
319744, 432, 2064, 164, 580, 1448, 116, 299460, 1952
319744, 432, 2060, 164, 580, 1444, 116, 299468, 1952
319744, 432, 2056, 160, 584, 1444, 116, 299472, 1952
319744, 428, 2060, 160, 580, 1444, 116, 299476, 1952
319744, 420, 2064, 164, 580, 1444, 116, 299476, 1952
319744, 420, 2064, 164, 576, 1444, 116, 299480, 1952
319740, 424, 2060, 164, 576, 1440, 116, 299488, 1952
319740, 424, 2060, 164, 576, 1440, 116, 299488, 1952
319740, 424, 2060, 164, 576, 1440, 116, 299488, 1952
319736, 428, 2056, 164, 576, 1440, 116, 299492, 1952
319736, 428, 2056, 164, 576, 1436, 116, 299496, 1952
319736, 428, 2056, 164, 572, 1432, 116, 299500, 1956
319736, 428, 2048, 164, 572, 1428, 116, 299512, 1956
319736, 428, 2040, 164, 572, 1428, 116, 299520, 1956
319736, 428, 2036, 164, 572, 1424, 116, 299528, 1956
319736, 428, 2032, 164, 572, 1424, 116, 299532, 1956
319736, 428, 2032, 164, 572, 1424, 116, 299532, 1956
319736, 428, 2032, 164, 572, 1424, 116, 299532, 1956
319736, 428, 2028, 164, 572, 1424, 116, 299536, 1956
319736, 428, 2024, 164, 572, 1424, 116, 299540, 1956
319736, 428, 2024, 164, 568, 1424, 116, 299544, 1956
319736, 428, 2024, 164, 568, 1424, 116, 299544, 1956
319732, 432, 2024, 164, 564, 1424, 116, 299548, 1956
319732, 432, 2024, 164, 560, 1420, 116, 299556, 1956
319732, 432, 2024, 164, 560, 1420, 116, 299556, 1956
319732, 428, 2024, 168, 560, 1420, 116, 299556, 1956
319732, 428, 2020, 168, 560, 1420, 116, 299560, 1956
319732, 428, 2016, 168, 560, 1420, 116, 299564, 1956
319732, 424, 2020, 168, 556, 1420, 116, 299568, 1956
319732, 420, 2024, 164, 560, 1420, 116, 299568, 1956
319732, 420, 2016, 164, 556, 1420, 116, 299580, 1956
319732, 420, 2012, 164, 556, 1420, 116, 299584, 1956
319732, 420, 2012, 160, 560, 1420, 116, 299584, 1956
319732, 420, 2012, 160, 560, 1420, 116, 299584, 1956
319732, 420, 2012, 160, 560, 1416, 116, 299588, 1956
319732, 420, 2012, 160, 560, 1416, 116, 299588, 1956
319728, 424, 2012, 160, 560, 1416, 116, 299588, 1956
319728, 420, 2012, 164, 560, 1416, 116, 299588, 1956
319728, 420, 2012, 164, 560, 1416, 116, 299588, 1956
319728, 420, 2004, 164, 560, 1416, 116, 299596, 1956
319728, 416, 2004, 168, 560, 1416, 116, 299596, 1956
319728, 416, 2000, 168, 560, 1412, 116, 299604, 1956
319724, 416, 2004, 168, 560, 1412, 116, 299604, 1956
319724, 416, 2004, 168, 556, 1416, 116, 299604, 1956
319724, 412, 2004, 172, 556, 1416, 116, 299604, 1956
319724, 412, 2004, 168, 560, 1416, 116, 299604, 1956
319724, 412, 2004, 168, 560, 1416, 116, 299604, 1956
319724, 408, 2008, 168, 560, 1416, 116, 299604, 1956
319724, 408, 2008, 168, 560, 1416, 116, 299604, 1956
319724, 408, 2008, 168, 560, 1412, 116, 299608, 1956
319724, 408, 2008, 168, 560, 1412, 116, 299608, 1956
319724, 408, 2008, 168, 560, 1412, 116, 299608, 1956
319724, 408, 2008, 164, 564, 1412, 116, 299608, 1956
319724, 408, 2008, 164, 564, 1412, 116, 299608, 1956
319724, 408, 2008, 164, 564, 1412, 112, 299608, 1960
319720, 412, 2008, 164, 564, 1412, 112, 299608, 1960
319720, 412, 2008, 164, 564, 1412, 112, 299608, 1960
319720, 408, 2008, 164, 564, 1412, 112, 299612, 1960
319720, 408, 2008, 164, 564, 1412, 112, 299612, 1960
319720, 404, 2012, 164, 564, 1412, 112, 299612, 1960
319720, 400, 2008, 164, 564, 1412, 112, 299620, 1960
319720, 400, 2008, 164, 564, 1408, 112, 299624, 1960
319720, 396, 2012, 164, 564, 1408, 112, 299624, 1960
319720, 392, 2016, 164, 564, 1408, 112, 299624, 1960
319720, 392, 2016, 164, 564, 1408, 112, 299624, 1960
319720, 384, 2020, 164, 564, 1408, 112, 299628, 1960
319716, 388, 2016, 160, 568, 1404, 112, 299636, 1960
319716, 388, 2012, 160, 568, 1404, 112, 299640, 1960
319716, 388, 2012, 160, 568, 1404, 112, 299640, 1960
319716, 388, 2012, 160, 568, 1404, 112, 299640, 1960
319716, 388, 2008, 160, 568, 1404, 112, 299644, 1960
319716, 388, 2008, 160, 568, 1404, 112, 299644, 1960
319716, 384, 2008, 160, 568, 1404, 112, 299648, 1960
319716, 380, 2012, 160, 568, 1400, 112, 299652, 1960
319716, 380, 2012, 160, 568, 1396, 112, 299656, 1960
319716, 380, 2012, 160, 568, 1396, 112, 299656, 1960
319716, 380, 2012, 160, 568, 1396, 112, 299656, 1960
319716, 376, 2016, 160, 568, 1396, 112, 299656, 1960
319712, 376, 2020, 160, 568, 1396, 112, 299656, 1960
319712, 376, 2020, 160, 568, 1396, 112, 299656, 1960
319708, 380, 2020, 160, 568, 1396, 112, 299656, 1960
319708, 380, 2020, 160, 568, 1396, 112, 299656, 1960
319704, 380, 2024, 160, 568, 1396, 112, 299656, 1960
319704, 380, 2020, 160, 568, 1396, 112, 299660, 1960
319704, 380, 2020, 160, 568, 1396, 112, 299660, 1960
319704, 380, 2020, 160, 568, 1396, 112, 299660, 1960
319704, 380, 2016, 160, 568, 1396, 112, 299664, 1960
319704, 380, 2012, 160, 564, 1396, 112, 299672, 1960
319704, 376, 2012, 160, 564, 1396, 112, 299676, 1960
319704, 376, 2008, 160, 564, 1396, 112, 299680, 1960
319700, 380, 2004, 160, 564, 1396, 112, 299684, 1960
319700, 380, 2004, 160, 564, 1396, 112, 299684, 1960
319700, 380, 2004, 160, 564, 1396, 112, 299684, 1960
319700, 376, 2004, 164, 564, 1396, 112, 299684, 1960
319700, 376, 1992, 164, 564, 1396, 112, 299696, 1960
319696, 380, 1992, 164, 564, 1396, 112, 299696, 1960
319696, 380, 1988, 164, 564, 1392, 112, 299704, 1960
319696, 376, 1992, 164, 564, 1392, 112, 299704, 1960
319696, 372, 1996, 164, 564, 1392, 112, 299704, 1960
319696, 372, 1996, 164, 564, 1392, 112, 299704, 1960
319696, 372, 1992, 164, 564, 1388, 112, 299712, 1960
319696, 368, 1996, 164, 564, 1388, 112, 299712, 1960
319696, 368, 1996, 164, 564, 1388, 112, 299712, 1960
319696, 368, 1992, 164, 564, 1388, 112, 299716, 1960
319696, 364, 1992, 168, 564, 1388, 112, 299716, 1960
319696, 364, 1988, 168, 564, 1388, 112, 299720, 1960
319696, 364, 1988, 168, 564, 1384, 112, 299724, 1960
319696, 364, 1988, 168, 564, 1384, 112, 299724, 1960
319696, 364, 1988, 168, 564, 1388, 108, 299724, 1960
319696, 364, 1988, 168, 564, 1388, 108, 299724, 1960
319696, 364, 1988, 168, 564, 1384, 108, 299724, 1964
319696, 364, 1988, 168, 564, 1384, 108, 299724, 1964
319696, 360, 1992, 168, 560, 1376, 108, 299732, 1968
319696, 360, 1984, 168, 560, 1376, 108, 299740, 1968
319696, 360, 1984, 168, 560, 1376, 108, 299740, 1968
319696, 360, 1984, 168, 560, 1376, 108, 299740, 1968
319692, 364, 1980, 168, 560, 1376, 108, 299744, 1968
319692, 360, 1984, 168, 560, 1376, 108, 299744, 1968
319688, 360, 1988, 168, 560, 1376, 108, 299744, 1968
319688, 360, 1988, 168, 560, 1376, 108, 299744, 1968
319688, 360, 1988, 168, 560, 1376, 108, 299744, 1968
319688, 360, 1984, 168, 560, 1376, 108, 299748, 1968
319688, 360, 1984, 168, 560, 1376, 108, 299748, 1968
319688, 356, 1988, 168, 560, 1376, 108, 299748, 1968
319688, 352, 1992, 168, 560, 1376, 108, 299748, 1968
319688, 352, 1992, 168, 560, 1372, 108, 299752, 1968
319684, 352, 1996, 168, 560, 1372, 108, 299752, 1968
319684, 352, 1992, 168, 560, 1372, 108, 299756, 1968
319684, 348, 1984, 168, 560, 1372, 108, 299768, 1968
319684, 348, 1984, 168, 556, 1372, 108, 299772, 1968
319684, 340, 1988, 168, 556, 1372, 108, 299776, 1968
319684, 336, 1992, 168, 556, 1372, 108, 299776, 1968
319684, 336, 1992, 168, 552, 1376, 108, 299776, 1968
319684, 336, 1988, 168, 552, 1376, 108, 299780, 1968
319684, 332, 1988, 172, 552, 1376, 108, 299780, 1968
319684, 332, 1984, 172, 552, 1376, 108, 299784, 1968
319680, 328, 1992, 172, 552, 1376, 108, 299784, 1968
319676, 332, 1988, 172, 552, 1372, 108, 299792, 1968
319676, 332, 1988, 172, 552, 1372, 108, 299792, 1968
319676, 332, 1988, 172, 544, 1372, 108, 299800, 1968
319676, 332, 1988, 172, 544, 1368, 108, 299804, 1968
319672, 336, 1984, 172, 544, 1368, 108, 299808, 1968
319672, 336, 1984, 172, 544, 1368, 108, 299808, 1968
319668, 340, 1984, 172, 544, 1368, 104, 299808, 1972
319668, 336, 1988, 172, 544, 1368, 104, 299808, 1972
319664, 340, 1984, 172, 544, 1368, 104, 299812, 1972
319664, 336, 1988, 172, 540, 1372, 104, 299812, 1972
319664, 328, 1988, 176, 540, 1372, 104, 299816, 1972
319664, 328, 1988, 176, 540, 1372, 104, 299816, 1972
319660, 332, 1988, 176, 540, 1372, 104, 299816, 1972
319660, 332, 1980, 176, 540, 1372, 104, 299824, 1972
319656, 332, 1984, 176, 540, 1372, 104, 299824, 1972
319648, 340, 1980, 176, 540, 1372, 104, 299828, 1972
319644, 344, 1980, 176, 540, 1372, 104, 299828, 1972
319636, 348, 1984, 176, 540, 1372, 104, 299828, 1972
319636, 340, 1976, 184, 536, 1372, 104, 299840, 1972
319632, 344, 1976, 184, 536, 1368, 104, 299844, 1972
319628, 344, 1976, 184, 536, 1368, 104, 299848, 1972
319624, 344, 1972, 184, 536, 1364, 104, 299860, 1972
319624, 344, 1968, 184, 536, 1364, 104, 299864, 1972
319624, 344, 1968, 184, 536, 1364, 104, 299864, 1972
319624, 344, 1964, 184, 532, 1364, 104, 299872, 1972
319620, 348, 1964, 184, 532, 1364, 104, 299872, 1972
319620, 348, 1960, 184, 532, 1364, 104, 299876, 1972
319620, 348, 1960, 184, 532, 1364, 104, 299876, 1972
319620, 348, 1956, 184, 532, 1364, 104, 299880, 1972
319620, 348, 1956, 184, 532, 1364, 104, 299880, 1972
319620, 348, 1952, 184, 532, 1364, 104, 299884, 1972
319620, 348, 1952, 184, 528, 1364, 104, 299888, 1972
319616, 352, 1948, 184, 528, 1364, 104, 299892, 1972
319616, 352, 1948, 184, 524, 1364, 104, 299896, 1972
319616, 352, 1944, 184, 524, 1364, 104, 299900, 1972
319604, 364, 1944, 184, 524, 1364, 104, 299900, 1972
319604, 364, 1944, 184, 524, 1364, 104, 299900, 1972
319604, 364, 1944, 184, 524, 1360, 104, 299904, 1972
319604, 360, 1940, 180, 528, 1360, 104, 299912, 1972
319600, 364, 1940, 180, 528, 1360, 104, 299912, 1972
319592, 372, 1936, 180, 528, 1360, 104, 299916, 1972
319588, 376, 1936, 180, 528, 1356, 104, 299920, 1972
319584, 380, 1936, 180, 528, 1356, 104, 299920, 1972
319580, 384, 1932, 180, 528, 1356, 104, 299924, 1972
319580, 384, 1928, 180, 528, 1356, 104, 299928, 1972
319580, 384, 1928, 180, 524, 1360, 104, 299928, 1972
319576, 388, 1928, 180, 524, 1360, 104, 299928, 1972
319576, 384, 1928, 180, 524, 1360, 104, 299932, 1972
319576, 384, 1928, 180, 520, 1360, 104, 299936, 1972
319576, 384, 1928, 180, 520, 1360, 104, 299936, 1972
319576, 384, 1928, 180, 520, 1360, 104, 299936, 1972
319576, 384, 1920, 180, 520, 1360, 104, 299944, 1972
319576, 384, 1912, 180, 520, 1360, 104, 299952, 1972
319572, 388, 1912, 180, 520, 1360, 104, 299952, 1972
319572, 388, 1908, 176, 524, 1356, 108, 299956, 1972
319572, 388, 1908, 176, 524, 1356, 108, 299956, 1972
319572, 388, 1908, 176, 524, 1356, 108, 299956, 1972
319572, 384, 1912, 176, 524, 1348, 108, 299964, 1972
319572, 384, 1912, 176, 524, 1344, 108, 299968, 1972
319572, 384, 1912, 176, 524, 1340, 108, 299972, 1972
319568, 388, 1908, 176, 520, 1344, 108, 299976, 1972
319568, 388, 1908, 176, 520, 1344, 108, 299976, 1972
319568, 388, 1908, 176, 520, 1340, 108, 299980, 1972
319568, 384, 1908, 176, 520, 1340, 108, 299984, 1972
319568, 384, 1904, 176, 520, 1340, 108, 299988, 1972
319568, 384, 1904, 176, 520, 1340, 108, 299988, 1972
319568, 384, 1904, 176, 516, 1340, 108, 299992, 1972
319568, 376, 1912, 176, 516, 1340, 108, 299992, 1972
319568, 376, 1908, 176, 516, 1340, 108, 299996, 1972
319568, 368, 1916, 176, 516, 1340, 108, 299996, 1972
319568, 360, 1920, 176, 516, 1340, 108, 300000, 1972
319568, 360, 1920, 176, 516, 1340, 108, 300000, 1972
319564, 364, 1920, 176, 516, 1340, 108, 300000, 1972
319564, 364, 1920, 176, 516, 1340, 108, 300000, 1972
319560, 368, 1920, 172, 520, 1340, 108, 300000, 1972
319560, 368, 1920, 172, 516, 1340, 108, 300004, 1972
319560, 368, 1916, 172, 516, 1340, 108, 300008, 1972
319560, 368, 1912, 172, 516, 1340, 108, 300012, 1972
319560, 368, 1912, 172, 516, 1340, 108, 300012, 1972
319560, 368, 1912, 172, 516, 1340, 108, 300012, 1972
319560, 368, 1912, 172, 516, 1340, 108, 300012, 1972
319556, 372, 1912, 172, 516, 1340, 108, 300012, 1972
319556, 372, 1912, 168, 516, 1344, 108, 300012, 1972
319556, 372, 1912, 168, 516, 1344, 108, 300012, 1972
319556, 372, 1908, 164, 520, 1344, 108, 300016, 1972
319552, 368, 1916, 164, 520, 1344, 108, 300016, 1972
319552, 368, 1912, 164, 520, 1344, 108, 300020, 1972
319552, 368, 1908, 164, 520, 1340, 108, 300028, 1972
319552, 368, 1904, 164, 520, 1340, 108, 300032, 1972
319552, 364, 1904, 164, 520, 1340, 108, 300036, 1972
319552, 364, 1904, 164, 520, 1340, 108, 300036, 1972
319552, 360, 1900, 164, 524, 1340, 108, 300040, 1972
319552, 360, 1896, 164, 524, 1340, 108, 300044, 1972
319552, 360, 1896, 164, 524, 1340, 108, 300044, 1972
319552, 360, 1892, 164, 524, 1336, 108, 300052, 1972
319548, 364, 1892, 164, 520, 1340, 108, 300052, 1972
319548, 364, 1892, 164, 520, 1340, 108, 300052, 1972
319548, 364, 1892, 164, 520, 1340, 108, 300052, 1972
319548, 364, 1888, 164, 520, 1340, 108, 300056, 1972
319548, 360, 1888, 168, 520, 1340, 108, 300056, 1972
319548, 360, 1888, 168, 520, 1340, 108, 300056, 1972
319544, 364, 1888, 168, 520, 1340, 108, 300056, 1972
319544, 364, 1888, 168, 520, 1340, 108, 300056, 1972
319544, 364, 1884, 168, 520, 1340, 108, 300060, 1972
319544, 364, 1880, 168, 516, 1340, 108, 300068, 1972
319544, 364, 1880, 168, 516, 1340, 108, 300068, 1972
319544, 364, 1880, 168, 516, 1340, 108, 300068, 1972
319544, 364, 1880, 168, 516, 1332, 108, 300076, 1972
319544, 364, 1880, 168, 516, 1332, 108, 300076, 1972
319544, 360, 1876, 172, 516, 1332, 108, 300080, 1972
319544, 356, 1872, 172, 516, 1332, 108, 300088, 1972
319540, 360, 1872, 172, 516, 1332, 108, 300088, 1972
319540, 360, 1872, 172, 512, 1332, 108, 300092, 1972
319536, 364, 1872, 172, 512, 1332, 108, 300092, 1972
319536, 364, 1868, 172, 512, 1332, 108, 300096, 1972
319532, 368, 1868, 168, 516, 1328, 108, 300100, 1972
319532, 368, 1864, 168, 516, 1328, 108, 300104, 1972
319532, 368, 1860, 168, 516, 1328, 108, 300108, 1972
319532, 368, 1856, 168, 516, 1324, 108, 300112, 1976
319532, 364, 1860, 168, 516, 1320, 108, 300116, 1976
319532, 364, 1856, 168, 516, 1312, 108, 300128, 1976
319532, 364, 1856, 168, 512, 1316, 108, 300128, 1976
319532, 364, 1856, 168, 512, 1312, 108, 300132, 1976
319532, 364, 1856, 168, 508, 1316, 108, 300132, 1976
319532, 364, 1852, 168, 508, 1316, 108, 300136, 1976
319532, 364, 1852, 168, 508, 1316, 108, 300136, 1976
319532, 364, 1852, 168, 508, 1316, 108, 300136, 1976
319532, 364, 1852, 168, 508, 1316, 108, 300136, 1976
319532, 360, 1848, 172, 508, 1316, 108, 300140, 1976
319528, 364, 1848, 168, 512, 1316, 108, 300140, 1976
319528, 364, 1848, 168, 512, 1316, 108, 300140, 1976
319528, 360, 1852, 164, 516, 1316, 108, 300140, 1976
319528, 356, 1852, 168, 516, 1316, 108, 300140, 1976
319528, 356, 1852, 168, 516, 1316, 108, 300140, 1976
319528, 352, 1856, 168, 516, 1316, 108, 300140, 1976
319528, 352, 1856, 168, 516, 1316, 108, 300140, 1976
319524, 356, 1856, 168, 516, 1316, 108, 300140, 1976
319524, 356, 1852, 168, 512, 1316, 108, 300148, 1976
319524, 352, 1856, 168, 512, 1316, 108, 300148, 1976
319524, 352, 1856, 168, 512, 1316, 108, 300148, 1976
319524, 352, 1856, 168, 512, 1316, 108, 300148, 1976
319520, 356, 1856, 168, 508, 1316, 108, 300152, 1976
319516, 360, 1856, 168, 508, 1316, 108, 300152, 1976
319516, 360, 1852, 168, 508, 1316, 108, 300156, 1976
319516, 360, 1852, 168, 508, 1316, 108, 300156, 1976
319516, 360, 1852, 168, 508, 1316, 108, 300156, 1976
319516, 360, 1852, 168, 508, 1316, 108, 300156, 1976
319516, 360, 1852, 168, 508, 1316, 108, 300156, 1976
319516, 360, 1848, 168, 508, 1316, 108, 300160, 1976
319516, 360, 1848, 168, 508, 1320, 104, 300160, 1976
319512, 364, 1848, 168, 508, 1320, 104, 300160, 1976
319504, 372, 1848, 168, 508, 1320, 104, 300160, 1976
319504, 372, 1848, 168, 508, 1320, 104, 300160, 1976
319492, 384, 1848, 168, 508, 1320, 104, 300160, 1976
319484, 392, 1848, 168, 508, 1320, 104, 300160, 1976
319484, 392, 1848, 168, 508, 1320, 104, 300160, 1976
319480, 396, 1844, 168, 508, 1316, 104, 300168, 1976
319480, 396, 1844, 168, 504, 1316, 104, 300172, 1976
319472, 404, 1844, 168, 504, 1316, 104, 300172, 1976
319468, 408, 1840, 168, 504, 1316, 104, 300176, 1976
319468, 408, 1836, 168, 504, 1316, 104, 300180, 1976
319468, 408, 1836, 168, 504, 1316, 104, 300180, 1976
319468, 408, 1824, 168, 504, 1312, 104, 300196, 1976
319464, 412, 1824, 168, 504, 1312, 104, 300196, 1976
319464, 412, 1824, 168, 504, 1312, 104, 300196, 1976
319456, 420, 1824, 168, 504, 1308, 104, 300200, 1976
319456, 420, 1820, 168, 504, 1304, 104, 300208, 1976
319456, 420, 1820, 168, 504, 1304, 104, 300208, 1976
319456, 420, 1820, 168, 504, 1304, 104, 300208, 1976
319452, 424, 1820, 168, 504, 1304, 104, 300208, 1976
319448, 428, 1820, 168, 504, 1304, 104, 300208, 1976
319448, 428, 1816, 168, 504, 1304, 104, 300212, 1976
319448, 428, 1816, 168, 504, 1304, 104, 300212, 1976
319448, 428, 1816, 168, 504, 1304, 104, 300212, 1976
319448, 428, 1816, 168, 500, 1304, 104, 300216, 1976
319448, 428, 1812, 168, 500, 1304, 104, 300220, 1976
319448, 428, 1812, 168, 500, 1304, 104, 300220, 1976
319448, 424, 1812, 168, 500, 1300, 104, 300228, 1976
319448, 424, 1808, 164, 504, 1300, 104, 300232, 1976
319448, 424, 1800, 164, 504, 1300, 104, 300240, 1976
319448, 424, 1800, 164, 500, 1300, 104, 300244, 1976
319448, 420, 1800, 164, 500, 1300, 104, 300248, 1976
319448, 420, 1800, 160, 500, 1304, 104, 300248, 1976
319448, 420, 1800, 160, 500, 1304, 104, 300248, 1976
319444, 424, 1800, 160, 500, 1304, 104, 300248, 1976
319444, 424, 1800, 160, 500, 1304, 104, 300248, 1976
319444, 424, 1800, 160, 496, 1304, 104, 300252, 1976
319436, 432, 1800, 160, 492, 1308, 104, 300252, 1976
319436, 432, 1796, 160, 492, 1308, 104, 300256, 1976
319432, 432, 1796, 160, 492, 1308, 104, 300260, 1976
319432, 428, 1800, 160, 492, 1304, 104, 300264, 1976
319428, 432, 1800, 160, 492, 1304, 104, 300264, 1976
319428, 432, 1796, 152, 500, 1304, 104, 300268, 1976
319428, 428, 1792, 156, 500, 1304, 104, 300272, 1976
319428, 428, 1788, 156, 500, 1304, 104, 300276, 1976
319424, 432, 1788, 156, 500, 1304, 104, 300276, 1976
319424, 432, 1784, 156, 496, 1308, 104, 300280, 1976
319420, 436, 1780, 156, 496, 1308, 104, 300284, 1976
319420, 436, 1780, 156, 492, 1308, 104, 300288, 1976
319420, 436, 1776, 156, 488, 1308, 104, 300296, 1976
319420, 436, 1776, 156, 488, 1308, 104, 300296, 1976
319420, 436, 1776, 156, 488, 1304, 104, 300300, 1976
319420, 436, 1776, 156, 488, 1304, 104, 300300, 1976
319420, 436, 1776, 156, 488, 1304, 104, 300300, 1976
319420, 436, 1776, 156, 488, 1304, 104, 300300, 1976
319420, 436, 1776, 156, 488, 1304, 104, 300300, 1976
319420, 436, 1776, 156, 488, 1304, 104, 300300, 1976
319420, 436, 1768, 156, 488, 1300, 108, 300308, 1976
319420, 436, 1768, 152, 492, 1300, 108, 300308, 1976
319420, 436, 1760, 152, 492, 1300, 108, 300316, 1976
319420, 436, 1756, 152, 492, 1292, 108, 300328, 1976
319416, 440, 1756, 144, 500, 1292, 108, 300328, 1976
319416, 440, 1756, 144, 500, 1292, 108, 300328, 1976
319412, 440, 1752, 148, 496, 1296, 108, 300332, 1976
319408, 444, 1752, 148, 492, 1296, 108, 300336, 1976
319408, 444, 1752, 148, 492, 1296, 108, 300336, 1976
319408, 440, 1756, 148, 492, 1296, 108, 300336, 1976
319408, 440, 1752, 148, 492, 1296, 108, 300340, 1976
319408, 440, 1748, 148, 492, 1296, 108, 300344, 1976
319408, 440, 1748, 148, 492, 1296, 108, 300344, 1976
319408, 436, 1752, 148, 492, 1296, 108, 300344, 1976
319408, 432, 1748, 152, 492, 1296, 108, 300348, 1976
319408, 428, 1748, 156, 492, 1296, 108, 300348, 1976
319404, 432, 1744, 156, 488, 1296, 108, 300356, 1976
319404, 432, 1744, 156, 488, 1292, 108, 300360, 1976
319404, 432, 1744, 156, 488, 1292, 108, 300360, 1976
319404, 432, 1740, 156, 488, 1292, 108, 300364, 1976
319404, 428, 1736, 160, 488, 1292, 108, 300368, 1976
319404, 428, 1736, 160, 484, 1296, 108, 300368, 1976
319404, 428, 1732, 160, 484, 1296, 108, 300372, 1976
319404, 428, 1728, 160, 480, 1296, 108, 300376, 1980
319404, 428, 1728, 160, 480, 1296, 108, 300376, 1980
319404, 428, 1728, 160, 476, 1296, 108, 300380, 1980
319404, 428, 1724, 160, 476, 1296, 108, 300384, 1980
319404, 424, 1720, 164, 476, 1296, 108, 300388, 1980
319404, 420, 1724, 164, 476, 1296, 108, 300388, 1980
319400, 420, 1728, 164, 476, 1296, 108, 300388, 1980
319400, 416, 1732, 164, 476, 1292, 108, 300392, 1980
319400, 416, 1732, 164, 476, 1292, 108, 300392, 1980
319400, 416, 1732, 164, 476, 1292, 108, 300392, 1980
319400, 416, 1732, 164, 476, 1288, 108, 300396, 1980
319400, 416, 1732, 164, 476, 1288, 108, 300396, 1980
319396, 420, 1732, 164, 476, 1288, 108, 300396, 1980
319396, 416, 1736, 164, 476, 1284, 108, 300400, 1980
319396, 416, 1736, 164, 476, 1284, 108, 300400, 1980
319396, 416, 1732, 164, 472, 1284, 108, 300408, 1980
319396, 416, 1728, 164, 472, 1284, 108, 300412, 1980
319396, 412, 1732, 164, 472, 1284, 108, 300412, 1980
319396, 412, 1732, 164, 472, 1284, 108, 300412, 1980
319392, 412, 1732, 164, 472, 1284, 108, 300416, 1980
319392, 412, 1732, 164, 472, 1284, 108, 300416, 1980
319388, 416, 1732, 160, 476, 1284, 108, 300416, 1980
319388, 416, 1728, 160, 476, 1284, 108, 300420, 1980
319388, 416, 1728, 160, 476, 1284, 108, 300420, 1980
319388, 412, 1732, 156, 480, 1284, 108, 300420, 1980
319388, 412, 1732, 156, 480, 1280, 108, 300424, 1980
319388, 412, 1732, 156, 480, 1280, 104, 300424, 1984
319388, 412, 1732, 156, 480, 1280, 100, 300424, 1988
319388, 408, 1736, 156, 480, 1280, 100, 300424, 1988
319388, 408, 1732, 152, 484, 1276, 100, 300432, 1988
319388, 408, 1732, 152, 484, 1276, 100, 300432, 1988
319388, 408, 1732, 152, 484, 1276, 100, 300432, 1988
319384, 408, 1736, 152, 484, 1276, 100, 300432, 1988
319384, 404, 1740, 152, 484, 1276, 100, 300432, 1988
319384, 404, 1740, 152, 484, 1276, 100, 300432, 1988
319384, 404, 1740, 152, 484, 1276, 100, 300432, 1988
319384, 404, 1740, 152, 484, 1272, 100, 300436, 1988
319380, 408, 1740, 152, 484, 1272, 100, 300436, 1988
319380, 408, 1740, 152, 480, 1276, 100, 300436, 1988
319380, 408, 1736, 152, 480, 1276, 100, 300440, 1988
319380, 404, 1736, 152, 480, 1276, 100, 300444, 1988
319380, 404, 1736, 152, 480, 1276, 100, 300444, 1988
319380, 404, 1736, 152, 480, 1272, 100, 300448, 1988
319380, 400, 1736, 152, 480, 1272, 100, 300452, 1988
319380, 396, 1740, 152, 480, 1272, 100, 300452, 1988
319380, 392, 1740, 156, 480, 1272, 100, 300452, 1988
319380, 392, 1736, 156, 472, 1272, 100, 300464, 1988
319380, 392, 1736, 156, 472, 1268, 100, 300468, 1988
319380, 392, 1736, 156, 472, 1268, 100, 300468, 1988
319380, 392, 1736, 156, 472, 1268, 100, 300468, 1988
319380, 392, 1736, 156, 472, 1268, 100, 300468, 1988
319380, 392, 1736, 156, 472, 1264, 100, 300472, 1988
319380, 392, 1736, 156, 472, 1264, 100, 300472, 1988
319376, 396, 1736, 156, 468, 1264, 100, 300476, 1988
319376, 396, 1736, 156, 468, 1260, 100, 300480, 1988
319376, 396, 1732, 156, 468, 1260, 100, 300484, 1988
319376, 396, 1728, 156, 468, 1260, 100, 300488, 1988
319372, 396, 1720, 160, 468, 1260, 96, 300496, 1992
319368, 400, 1720, 160, 468, 1264, 92, 300496, 1992
319364, 404, 1720, 160, 468, 1264, 92, 300496, 1992
319364, 400, 1724, 160, 468, 1260, 92, 300500, 1992
319364, 400, 1724, 160, 468, 1260, 92, 300500, 1992
319364, 400, 1724, 160, 468, 1256, 92, 300504, 1992
319364, 400, 1724, 160, 468, 1256, 92, 300504, 1992
319360, 404, 1724, 160, 468, 1252, 92, 300508, 1992
319360, 404, 1724, 156, 472, 1252, 92, 300508, 1992
319356, 404, 1724, 160, 472, 1252, 92, 300508, 1992
319356, 404, 1720, 160, 472, 1252, 92, 300512, 1992
319352, 404, 1720, 160, 472, 1252, 92, 300516, 1992
319352, 404, 1716, 160, 472, 1252, 92, 300520, 1992
319352, 404, 1712, 160, 464, 1256, 92, 300528, 1992
319352, 404, 1712, 160, 460, 1256, 92, 300532, 1992
319352, 404, 1712, 160, 456, 1256, 92, 300536, 1992
319352, 404, 1712, 160, 456, 1256, 92, 300536, 1992
319352, 404, 1712, 160, 456, 1256, 92, 300536, 1992
319352, 404, 1712, 160, 456, 1256, 92, 300536, 1992
319348, 408, 1712, 160, 456, 1256, 92, 300536, 1992
319348, 408, 1712, 160, 452, 1260, 92, 300536, 1992
319344, 412, 1712, 160, 448, 1260, 92, 300540, 1992
319344, 412, 1712, 160, 448, 1260, 92, 300540, 1992
319344, 412, 1712, 160, 448, 1260, 92, 300540, 1992
319344, 412, 1712, 160, 448, 1260, 92, 300540, 1992
319344, 412, 1712, 160, 444, 1264, 92, 300540, 1992
319344, 412, 1712, 160, 444, 1264, 92, 300540, 1992
319344, 412, 1712, 160, 444, 1264, 92, 300540, 1992
319344, 412, 1712, 160, 444, 1264, 92, 300540, 1992
319344, 412, 1708, 160, 444, 1260, 92, 300548, 1992
319344, 412, 1708, 156, 448, 1260, 92, 300548, 1992
319340, 416, 1708, 156, 448, 1260, 92, 300548, 1992
319340, 416, 1708, 156, 448, 1260, 92, 300548, 1992
319336, 420, 1708, 156, 448, 1256, 92, 300552, 1992
319336, 420, 1708, 156, 448, 1256, 92, 300552, 1992
319336, 420, 1704, 156, 448, 1256, 92, 300556, 1992
319336, 416, 1708, 156, 448, 1256, 92, 300556, 1992
319336, 416, 1704, 156, 448, 1256, 92, 300560, 1992
319332, 416, 1708, 156, 448, 1256, 92, 300560, 1992
319328, 420, 1708, 156, 448, 1256, 92, 300560, 1992
319328, 420, 1708, 156, 448, 1256, 92, 300560, 1992
319328, 420, 1704, 152, 452, 1252, 92, 300564, 1996
319324, 424, 1704, 152, 452, 1252, 92, 300564, 1996
319320, 428, 1704, 152, 452, 1252, 92, 300564, 1996
319316, 432, 1700, 152, 452, 1252, 92, 300568, 1996
319316, 432, 1696, 152, 452, 1252, 92, 300572, 1996
319316, 428, 1696, 156, 452, 1252, 92, 300572, 1996
319312, 428, 1700, 156, 452, 1252, 92, 300572, 1996
319312, 428, 1700, 156, 452, 1252, 92, 300572, 1996
319312, 428, 1700, 156, 452, 1248, 92, 300576, 1996
319312, 428, 1700, 156, 452, 1248, 92, 300576, 1996
319308, 432, 1700, 156, 448, 1248, 92, 300580, 1996
319304, 432, 1704, 156, 448, 1248, 92, 300580, 1996
319304, 428, 1708, 156, 448, 1244, 92, 300584, 1996
319304, 428, 1708, 156, 444, 1244, 92, 300588, 1996
319304, 428, 1704, 156, 444, 1244, 92, 300592, 1996
319300, 432, 1704, 156, 444, 1244, 92, 300592, 1996
319300, 432, 1700, 156, 444, 1244, 92, 300596, 1996
319296, 436, 1692, 156, 444, 1244, 92, 300604, 1996
319296, 436, 1692, 156, 440, 1244, 92, 300608, 1996
319296, 432, 1692, 156, 440, 1244, 92, 300612, 1996
319296, 432, 1688, 156, 440, 1244, 92, 300616, 1996
319296, 432, 1688, 156, 440, 1244, 92, 300616, 1996
319296, 428, 1688, 160, 436, 1244, 92, 300620, 1996
319296, 428, 1688, 160, 436, 1244, 92, 300620, 1996
319292, 428, 1684, 164, 436, 1244, 92, 300624, 1996
319292, 428, 1684, 164, 436, 1240, 92, 300628, 1996
319292, 428, 1684, 164, 436, 1240, 92, 300628, 1996
319292, 428, 1680, 164, 436, 1240, 92, 300632, 1996
319288, 432, 1680, 164, 436, 1236, 92, 300636, 1996
319288, 428, 1680, 168, 436, 1236, 92, 300636, 1996
319288, 428, 1680, 168, 436, 1232, 92, 300640, 1996
319288, 424, 1684, 168, 436, 1232, 92, 300640, 1996
319288, 424, 1680, 168, 436, 1232, 92, 300644, 1996
319288, 424, 1672, 168, 436, 1224, 92, 300660, 1996
319288, 424, 1668, 168, 436, 1220, 92, 300668, 1996
319288, 424, 1668, 168, 436, 1220, 92, 300668, 1996
319288, 424, 1668, 168, 436, 1220, 92, 300668, 1996
319288, 424, 1664, 168, 436, 1220, 92, 300672, 1996
319288, 420, 1668, 168, 436, 1220, 92, 300672, 1996
319288, 416, 1668, 168, 436, 1220, 92, 300676, 1996
319288, 416, 1668, 168, 436, 1220, 92, 300676, 1996
319288, 412, 1672, 168, 436, 1220, 92, 300676, 1996
319288, 408, 1676, 168, 436, 1220, 92, 300676, 1996
319288, 408, 1676, 168, 428, 1228, 92, 300676, 1996
319288, 408, 1676, 168, 428, 1228, 92, 300676, 1996
319288, 408, 1672, 168, 428, 1228, 92, 300680, 1996
319288, 408, 1672, 168, 428, 1228, 92, 300680, 1996
319288, 408, 1672, 164, 432, 1228, 92, 300680, 1996
319288, 408, 1672, 164, 428, 1232, 92, 300680, 1996
319288, 408, 1672, 164, 424, 1232, 92, 300684, 1996
319288, 408, 1672, 164, 424, 1232, 92, 300684, 1996
319288, 408, 1672, 160, 428, 1232, 92, 300684, 1996
319288, 404, 1676, 160, 428, 1228, 92, 300688, 1996
319288, 404, 1676, 160, 428, 1228, 92, 300688, 1996
319288, 404, 1672, 160, 428, 1228, 92, 300692, 1996
319288, 404, 1668, 160, 424, 1220, 96, 300704, 1996
319288, 400, 1668, 164, 424, 1220, 96, 300704, 1996
319288, 396, 1672, 164, 424, 1220, 96, 300704, 1996
319288, 396, 1672, 164, 424, 1216, 96, 300708, 1996
319288, 396, 1668, 164, 424, 1216, 96, 300712, 1996
319288, 396, 1668, 164, 424, 1216, 96, 300712, 1996
319288, 388, 1668, 168, 428, 1216, 96, 300712, 1996
319288, 384, 1672, 164, 432, 1216, 96, 300712, 1996
319288, 384, 1668, 164, 432, 1216, 96, 300716, 1996
319288, 384, 1660, 164, 432, 1212, 96, 300724, 2000
319288, 384, 1660, 164, 432, 1212, 96, 300724, 2000
319288, 380, 1660, 164, 432, 1208, 96, 300732, 2000
319288, 380, 1660, 164, 432, 1204, 96, 300736, 2000
319288, 380, 1656, 164, 432, 1204, 96, 300740, 2000
319288, 380, 1656, 164, 428, 1204, 96, 300744, 2000
319288, 380, 1656, 164, 428, 1200, 96, 300748, 2000
319288, 380, 1656, 164, 428, 1200, 96, 300748, 2000
319288, 372, 1664, 164, 428, 1200, 96, 300748, 2000
319288, 372, 1664, 160, 432, 1200, 96, 300748, 2000
319288, 372, 1664, 160, 432, 1200, 96, 300748, 2000
319288, 372, 1664, 156, 436, 1200, 96, 300748, 2000
319288, 368, 1664, 160, 436, 1200, 96, 300748, 2000
319288, 368, 1664, 160, 436, 1200, 96, 300748, 2000
319288, 368, 1664, 160, 436, 1200, 96, 300748, 2000
319288, 368, 1664, 160, 436, 1200, 96, 300748, 2000
319288, 368, 1664, 160, 436, 1196, 96, 300752, 2000
319288, 368, 1660, 160, 436, 1196, 96, 300756, 2000
319288, 364, 1664, 160, 436, 1196, 96, 300756, 2000
319288, 360, 1668, 160, 436, 1196, 96, 300756, 2000
319288, 360, 1668, 160, 436, 1196, 96, 300756, 2000
319288, 360, 1668, 160, 436, 1196, 96, 300756, 2000
319288, 360, 1668, 160, 436, 1196, 96, 300756, 2000
319288, 360, 1660, 160, 436, 1196, 96, 300764, 2000
319288, 360, 1656, 160, 436, 1196, 96, 300768, 2000
319288, 360, 1656, 160, 436, 1196, 96, 300768, 2000
319288, 360, 1656, 160, 432, 1200, 96, 300768, 2000
319288, 360, 1656, 160, 432, 1200, 96, 300768, 2000
319288, 360, 1656, 160, 432, 1200, 92, 300768, 2004
319288, 356, 1656, 160, 428, 1204, 92, 300772, 2004
319288, 356, 1656, 160, 428, 1204, 92, 300772, 2004
319284, 360, 1652, 160, 428, 1200, 96, 300776, 2004
319284, 360, 1648, 160, 424, 1200, 96, 300784, 2004
319284, 360, 1644, 160, 424, 1200, 96, 300788, 2004
319280, 364, 1644, 160, 424, 1196, 96, 300792, 2004
319280, 364, 1644, 160, 424, 1196, 96, 300792, 2004
319280, 364, 1644, 160, 420, 1192, 96, 300800, 2004
319280, 364, 1640, 160, 420, 1192, 96, 300804, 2004
319280, 364, 1636, 160, 420, 1192, 96, 300808, 2004
319280, 360, 1636, 160, 420, 1192, 96, 300812, 2004
319280, 360, 1632, 160, 420, 1192, 96, 300816, 2004
319280, 360, 1632, 160, 416, 1196, 96, 300816, 2004
319280, 360, 1628, 160, 416, 1196, 96, 300820, 2004
319280, 360, 1628, 160, 416, 1196, 96, 300820, 2004
319276, 364, 1624, 160, 416, 1196, 96, 300824, 2004
319276, 364, 1620, 160, 416, 1196, 96, 300828, 2004
319276, 364, 1620, 160, 416, 1196, 96, 300828, 2004
319276, 364, 1616, 160, 408, 1200, 96, 300836, 2004
319276, 364, 1612, 160, 408, 1200, 96, 300840, 2004
319276, 364, 1612, 160, 404, 1200, 96, 300844, 2004
319268, 372, 1612, 160, 404, 1200, 96, 300844, 2004
319264, 376, 1612, 160, 404, 1200, 96, 300844, 2004
319264, 376, 1608, 160, 404, 1200, 96, 300848, 2004
319264, 376, 1608, 160, 404, 1200, 96, 300848, 2004
319264, 376, 1608, 160, 404, 1200, 96, 300848, 2004
319260, 380, 1604, 160, 404, 1192, 96, 300860, 2004
319260, 380, 1604, 160, 404, 1192, 96, 300860, 2004
319260, 380, 1600, 160, 404, 1192, 96, 300864, 2004
319256, 380, 1596, 164, 404, 1192, 96, 300868, 2004
319256, 380, 1588, 164, 400, 1192, 96, 300880, 2004
319256, 380, 1588, 164, 400, 1192, 96, 300880, 2004
319252, 384, 1588, 164, 400, 1188, 96, 300884, 2004
319240, 396, 1588, 164, 400, 1188, 96, 300884, 2004
319240, 396, 1588, 164, 400, 1188, 96, 300884, 2004
319240, 396, 1588, 164, 400, 1188, 96, 300884, 2004
319232, 404, 1588, 164, 400, 1188, 96, 300884, 2004
319228, 408, 1588, 164, 392, 1192, 92, 300892, 2004
319228, 408, 1588, 164, 392, 1188, 92, 300896, 2004
319228, 408, 1588, 164, 392, 1188, 92, 300896, 2004
319228, 408, 1588, 164, 392, 1188, 92, 300896, 2004
319228, 408, 1588, 164, 392, 1184, 92, 300900, 2004
319228, 404, 1592, 164, 392, 1184, 92, 300900, 2004
319228, 404, 1584, 164, 392, 1184, 92, 300908, 2004
319228, 400, 1580, 168, 392, 1184, 92, 300912, 2004
319228, 400, 1580, 168, 392, 1184, 92, 300912, 2004
319228, 400, 1580, 168, 392, 1184, 92, 300912, 2004
319224, 404, 1580, 168, 392, 1184, 92, 300912, 2004
319224, 404, 1580, 168, 388, 1184, 92, 300916, 2004
319224, 400, 1584, 164, 392, 1184, 92, 300916, 2004
319224, 400, 1580, 160, 396, 1176, 92, 300928, 2004
319220, 404, 1576, 156, 400, 1176, 92, 300932, 2004
319220, 404, 1576, 156, 400, 1176, 92, 300932, 2004
319212, 412, 1576, 156, 400, 1176, 92, 300932, 2004
319208, 412, 1576, 160, 400, 1176, 92, 300932, 2004
319208, 408, 1580, 160, 400, 1176, 92, 300932, 2004
319208, 408, 1580, 160, 400, 1176, 92, 300932, 2004
319208, 408, 1580, 160, 400, 1176, 92, 300932, 2004
319204, 408, 1576, 164, 400, 1172, 92, 300940, 2004
319204, 404, 1576, 168, 400, 1172, 92, 300940, 2004
319196, 412, 1568, 168, 396, 1172, 92, 300952, 2004
319196, 412, 1564, 168, 396, 1172, 92, 300956, 2004
319196, 412, 1564, 168, 396, 1172, 92, 300956, 2004
319196, 412, 1560, 168, 396, 1172, 92, 300960, 2004
319196, 412, 1560, 168, 396, 1172, 92, 300960, 2004
319192, 412, 1552, 168, 396, 1172, 92, 300972, 2004
319188, 416, 1552, 168, 396, 1172, 92, 300972, 2004
319188, 408, 1552, 168, 396, 1172, 92, 300980, 2004
319188, 404, 1552, 168, 396, 1172, 92, 300984, 2004
319184, 408, 1552, 168, 392, 1172, 92, 300988, 2004
319184, 400, 1560, 168, 392, 1172, 92, 300988, 2004
319184, 400, 1556, 168, 388, 1172, 92, 300996, 2004
319184, 400, 1556, 168, 388, 1172, 92, 300996, 2004
319184, 400, 1548, 168, 388, 1172, 92, 301004, 2004
319184, 400, 1548, 168, 388, 1172, 92, 301004, 2004
319184, 400, 1548, 168, 388, 1168, 92, 301008, 2004
319184, 400, 1544, 168, 384, 1168, 92, 301016, 2004
319184, 400, 1544, 168, 384, 1168, 92, 301016, 2004
319184, 400, 1540, 168, 380, 1168, 92, 301024, 2004
319180, 404, 1540, 168, 380, 1168, 92, 301024, 2004
319180, 404, 1536, 168, 380, 1168, 92, 301028, 2004
319180, 400, 1540, 168, 380, 1168, 92, 301028, 2004
319180, 400, 1536, 168, 380, 1168, 92, 301032, 2004
319180, 400, 1536, 168, 380, 1168, 92, 301032, 2004
319180, 396, 1540, 168, 380, 1168, 92, 301032, 2004
319176, 400, 1536, 168, 380, 1168, 92, 301036, 2004
319176, 400, 1536, 168, 380, 1168, 92, 301036, 2004
319176, 400, 1536, 168, 380, 1168, 92, 301036, 2004
319176, 400, 1536, 168, 380, 1168, 92, 301036, 2004
319176, 400, 1536, 168, 380, 1164, 92, 301040, 2004
319176, 400, 1536, 168, 380, 1164, 92, 301040, 2004
319176, 400, 1536, 168, 380, 1164, 92, 301040, 2004
319176, 400, 1536, 168, 376, 1164, 92, 301044, 2004
319176, 400, 1536, 168, 376, 1164, 92, 301044, 2004
319176, 400, 1536, 168, 372, 1164, 92, 301048, 2004
319176, 400, 1536, 168, 372, 1164, 92, 301048, 2004
319176, 400, 1536, 168, 372, 1164, 92, 301048, 2004
319176, 400, 1536, 168, 372, 1160, 92, 301052, 2004
319176, 400, 1532, 168, 372, 1160, 92, 301056, 2004
319176, 400, 1532, 168, 372, 1160, 92, 301056, 2004
319176, 396, 1536, 168, 372, 1160, 92, 301056, 2004
319176, 396, 1536, 168, 372, 1160, 92, 301056, 2004
319176, 396, 1532, 168, 372, 1160, 92, 301060, 2004
319176, 396, 1532, 168, 372, 1160, 92, 301060, 2004
319176, 396, 1532, 168, 368, 1160, 92, 301064, 2004
319176, 392, 1532, 168, 368, 1160, 92, 301068, 2004
319176, 392, 1532, 168, 368, 1160, 92, 301068, 2004
319176, 392, 1528, 168, 368, 1156, 92, 301076, 2004
319176, 392, 1528, 168, 368, 1156, 92, 301076, 2004
319176, 388, 1532, 168, 368, 1156, 92, 301076, 2004
319176, 388, 1532, 168, 368, 1156, 92, 301076, 2004
319176, 388, 1528, 168, 368, 1152, 92, 301084, 2004
319172, 392, 1528, 168, 364, 1156, 92, 301084, 2004
319168, 396, 1528, 168, 364, 1156, 92, 301084, 2004
319168, 396, 1524, 168, 364, 1156, 92, 301088, 2004
319168, 396, 1520, 168, 360, 1156, 92, 301096, 2004
319168, 396, 1520, 168, 360, 1156, 92, 301096, 2004
319168, 396, 1520, 168, 360, 1152, 92, 301096, 2008
319168, 396, 1520, 168, 360, 1152, 92, 301096, 2008
319168, 396, 1520, 168, 360, 1152, 92, 301096, 2008
319168, 396, 1516, 168, 360, 1152, 92, 301100, 2008
319168, 396, 1516, 168, 360, 1152, 92, 301100, 2008
319164, 400, 1512, 164, 364, 1148, 92, 301108, 2008
319164, 400, 1508, 164, 364, 1148, 92, 301112, 2008
319164, 400, 1508, 164, 364, 1148, 92, 301112, 2008
319164, 400, 1508, 164, 364, 1148, 92, 301112, 2008
319164, 396, 1512, 164, 364, 1148, 92, 301112, 2008
319164, 396, 1508, 164, 364, 1148, 92, 301116, 2008
319156, 404, 1508, 164, 364, 1148, 92, 301116, 2008
319152, 400, 1516, 164, 364, 1148, 92, 301116, 2008
319152, 400, 1516, 164, 364, 1148, 92, 301116, 2008
319152, 400, 1516, 164, 364, 1144, 92, 301120, 2008
319152, 392, 1524, 160, 368, 1144, 92, 301120, 2008
319152, 388, 1528, 160, 368, 1144, 92, 301120, 2008
319152, 388, 1528, 160, 368, 1140, 92, 301124, 2008
319152, 384, 1528, 160, 368, 1140, 92, 301128, 2008
319152, 384, 1524, 160, 368, 1140, 92, 301132, 2008
319152, 384, 1524, 160, 368, 1140, 92, 301132, 2008
319152, 384, 1524, 160, 368, 1140, 92, 301132, 2008
319152, 384, 1520, 160, 364, 1144, 92, 301136, 2008
319152, 384, 1520, 160, 364, 1144, 92, 301136, 2008
319152, 380, 1524, 160, 360, 1144, 92, 301140, 2008
319152, 380, 1524, 156, 364, 1144, 92, 301140, 2008
319152, 380, 1524, 156, 364, 1144, 92, 301140, 2008
319148, 384, 1524, 156, 360, 1144, 92, 301144, 2008
319148, 384, 1520, 156, 360, 1140, 92, 301152, 2008
319148, 384, 1520, 156, 360, 1140, 92, 301152, 2008
319148, 380, 1520, 156, 360, 1144, 88, 301156, 2008
319148, 376, 1524, 156, 360, 1144, 88, 301156, 2008
319148, 376, 1524, 156, 360, 1144, 84, 301156, 2012
319148, 376, 1524, 156, 360, 1144, 84, 301156, 2012
319148, 376, 1520, 152, 364, 1144, 84, 301160, 2012
319148, 376, 1520, 152, 364, 1144, 84, 301160, 2012
319148, 376, 1520, 152, 364, 1144, 84, 301160, 2012
319148, 372, 1524, 152, 364, 1144, 84, 301160, 2012
319144, 372, 1528, 152, 364, 1144, 84, 301160, 2012
319144, 372, 1528, 152, 364, 1144, 84, 301160, 2012
319144, 372, 1524, 152, 364, 1144, 84, 301164, 2012
319144, 372, 1524, 152, 364, 1144, 84, 301164, 2012
319140, 376, 1520, 152, 364, 1144, 84, 301168, 2012
319140, 372, 1520, 156, 364, 1144, 84, 301168, 2012
319140, 372, 1520, 156, 364, 1144, 84, 301168, 2012
319132, 380, 1516, 156, 364, 1144, 84, 301172, 2012
319132, 380, 1516, 156, 364, 1144, 84, 301172, 2012
319132, 380, 1516, 156, 364, 1140, 84, 301176, 2012
319132, 380, 1516, 156, 364, 1140, 84, 301176, 2012
319132, 380, 1512, 156, 364, 1140, 84, 301180, 2012
319132, 372, 1516, 160, 364, 1140, 84, 301180, 2012
319132, 372, 1516, 160, 364, 1140, 84, 301180, 2012
319132, 372, 1516, 160, 364, 1136, 84, 301184, 2012
319132, 372, 1516, 160, 364, 1136, 84, 301184, 2012
319128, 372, 1512, 164, 364, 1132, 84, 301192, 2012
319128, 372, 1512, 164, 364, 1132, 84, 301192, 2012
319128, 372, 1512, 164, 364, 1132, 84, 301192, 2012
319124, 372, 1508, 168, 364, 1132, 84, 301196, 2012
319124, 372, 1508, 164, 368, 1132, 84, 301196, 2012
319124, 372, 1508, 164, 368, 1132, 84, 301196, 2012
319124, 372, 1508, 164, 368, 1132, 84, 301196, 2012
319124, 372, 1508, 164, 368, 1132, 84, 301196, 2012
319120, 372, 1512, 164, 368, 1132, 84, 301196, 2012
319120, 368, 1512, 164, 368, 1132, 84, 301200, 2012
319120, 368, 1512, 164, 368, 1132, 84, 301200, 2012
319120, 368, 1508, 164, 368, 1132, 84, 301204, 2012
319116, 368, 1508, 168, 368, 1132, 84, 301204, 2012
319112, 372, 1508, 168, 368, 1132, 84, 301204, 2012
319112, 372, 1508, 168, 368, 1132, 84, 301204, 2012
319112, 372, 1508, 168, 368, 1132, 84, 301204, 2012
319112, 372, 1504, 168, 364, 1136, 84, 301208, 2012
319112, 372, 1504, 168, 364, 1136, 84, 301208, 2012
319108, 376, 1504, 164, 368, 1136, 84, 301208, 2012
319108, 372, 1508, 164, 368, 1136, 84, 301208, 2012
319108, 368, 1512, 164, 368, 1132, 84, 301212, 2012
319108, 368, 1512, 164, 368, 1132, 84, 301212, 2012
319104, 372, 1512, 164, 368, 1132, 84, 301212, 2012
319096, 380, 1508, 164, 368, 1132, 84, 301216, 2012
319092, 380, 1512, 164, 368, 1132, 84, 301216, 2012
319092, 376, 1512, 168, 368, 1132, 84, 301216, 2012
319092, 376, 1512, 168, 368, 1132, 84, 301216, 2012
319092, 376, 1512, 168, 368, 1132, 84, 301216, 2012
319092, 376, 1512, 168, 368, 1128, 84, 301220, 2012
319092, 376, 1512, 168, 368, 1128, 84, 301220, 2012
319092, 376, 1508, 168, 364, 1128, 84, 301228, 2012
319088, 380, 1508, 168, 360, 1128, 84, 301232, 2012
319088, 380, 1508, 168, 360, 1128, 84, 301232, 2012
319088, 368, 1520, 168, 360, 1128, 84, 301232, 2012
319084, 372, 1512, 168, 360, 1128, 84, 301240, 2012
319080, 372, 1516, 168, 360, 1128, 84, 301240, 2012
319080, 372, 1516, 168, 360, 1128, 84, 301240, 2012
319080, 372, 1516, 168, 360, 1128, 84, 301240, 2012
319080, 372, 1516, 168, 360, 1128, 84, 301240, 2012
319080, 372, 1512, 168, 356, 1128, 84, 301248, 2012
319080, 372, 1512, 168, 356, 1124, 84, 301252, 2012
319080, 372, 1512, 168, 356, 1124, 84, 301252, 2012
319080, 372, 1508, 168, 356, 1124, 84, 301256, 2012
319080, 372, 1508, 168, 356, 1124, 84, 301256, 2012
319080, 368, 1512, 168, 356, 1124, 84, 301256, 2012
319080, 368, 1512, 164, 360, 1124, 84, 301256, 2012
319080, 368, 1512, 164, 360, 1124, 84, 301256, 2012
319080, 368, 1508, 164, 360, 1120, 84, 301264, 2012
319076, 368, 1504, 164, 360, 1120, 84, 301272, 2012
319076, 368, 1504, 164, 356, 1120, 84, 301276, 2012
319076, 368, 1500, 164, 356, 1120, 84, 301280, 2012
319076, 368, 1500, 164, 356, 1120, 84, 301280, 2012
319076, 368, 1500, 164, 356, 1120, 84, 301280, 2012
319076, 368, 1500, 160, 360, 1120, 84, 301280, 2012
319076, 368, 1500, 160, 356, 1116, 84, 301288, 2012
319076, 368, 1500, 160, 356, 1116, 84, 301288, 2012
319072, 372, 1500, 160, 356, 1116, 84, 301288, 2012
319072, 372, 1500, 160, 356, 1116, 84, 301288, 2012
319072, 372, 1500, 160, 356, 1116, 84, 301288, 2012
319072, 368, 1504, 160, 356, 1116, 84, 301288, 2012
319072, 364, 1504, 164, 348, 1116, 84, 301292, 2016
319072, 364, 1500, 160, 352, 1116, 84, 301296, 2016
319072, 364, 1496, 160, 348, 1112, 84, 301308, 2016
319072, 364, 1496, 160, 348, 1112, 84, 301308, 2016
319072, 364, 1496, 160, 348, 1112, 84, 301308, 2016
319068, 368, 1492, 160, 348, 1112, 84, 301312, 2016
319068, 368, 1488, 160, 348, 1112, 84, 301316, 2016
319068, 368, 1488, 160, 348, 1112, 84, 301316, 2016
319060, 372, 1492, 160, 344, 1116, 84, 301316, 2016
319060, 372, 1492, 160, 344, 1116, 84, 301316, 2016
319060, 372, 1492, 160, 344, 1116, 84, 301316, 2016
319060, 372, 1492, 160, 344, 1116, 84, 301316, 2016
319060, 372, 1492, 160, 344, 1116, 84, 301316, 2016
319060, 372, 1488, 160, 344, 1116, 84, 301320, 2016
319060, 372, 1488, 160, 344, 1116, 84, 301320, 2016
319060, 368, 1492, 160, 344, 1116, 84, 301320, 2016
319060, 368, 1492, 160, 340, 1116, 84, 301324, 2016
319060, 364, 1492, 156, 344, 1112, 84, 301332, 2016
319060, 364, 1492, 156, 344, 1112, 84, 301332, 2016
319060, 360, 1496, 156, 344, 1108, 84, 301336, 2016
319060, 360, 1496, 156, 344, 1108, 84, 301336, 2016
319060, 360, 1496, 156, 344, 1104, 84, 301340, 2016
319060, 360, 1496, 156, 344, 1104, 84, 301340, 2016
319060, 360, 1496, 156, 344, 1100, 84, 301344, 2016
319060, 360, 1492, 156, 344, 1100, 84, 301348, 2016
319060, 356, 1488, 156, 344, 1100, 84, 301356, 2016
319060, 348, 1492, 160, 344, 1100, 84, 301356, 2016
319060, 348, 1492, 160, 344, 1100, 84, 301356, 2016
319060, 348, 1492, 160, 344, 1100, 84, 301356, 2016
319060, 348, 1492, 160, 340, 1100, 84, 301360, 2016
319060, 348, 1492, 160, 340, 1100, 84, 301360, 2016
319060, 348, 1492, 160, 340, 1100, 84, 301360, 2016
319060, 348, 1492, 156, 344, 1100, 84, 301360, 2016
319060, 348, 1492, 156, 344, 1100, 84, 301360, 2016
319060, 348, 1492, 156, 344, 1100, 84, 301360, 2016
319060, 348, 1488, 156, 344, 1100, 84, 301364, 2016
319060, 348, 1488, 156, 340, 1096, 84, 301368, 2020
319060, 348, 1484, 156, 340, 1096, 84, 301372, 2020
319060, 348, 1484, 152, 344, 1096, 84, 301372, 2020
319060, 348, 1480, 152, 340, 1096, 84, 301380, 2020
319060, 348, 1480, 152, 340, 1096, 84, 301380, 2020
319060, 348, 1476, 152, 340, 1096, 84, 301384, 2020
319060, 344, 1476, 152, 340, 1096, 84, 301388, 2020
319060, 344, 1476, 152, 340, 1096, 84, 301388, 2020
319060, 344, 1476, 152, 340, 1096, 84, 301388, 2020
319060, 344, 1476, 152, 340, 1092, 84, 301392, 2020
319060, 340, 1476, 152, 340, 1092, 84, 301396, 2020
319060, 332, 1476, 152, 340, 1092, 84, 301404, 2020
319060, 332, 1472, 144, 348, 1092, 84, 301408, 2020
319060, 324, 1480, 144, 348, 1088, 84, 301412, 2020
319060, 320, 1484, 144, 348, 1088, 84, 301412, 2020
319060, 316, 1488, 144, 348, 1088, 84, 301412, 2020
319060, 312, 1484, 148, 348, 1088, 84, 301416, 2020
319060, 312, 1484, 148, 348, 1084, 84, 301420, 2020
319060, 312, 1484, 148, 348, 1084, 84, 301420, 2020
319060, 312, 1484, 148, 344, 1084, 84, 301424, 2020
319060, 312, 1480, 148, 344, 1080, 84, 301432, 2020
319060, 312, 1480, 148, 344, 1080, 84, 301432, 2020
319060, 312, 1480, 148, 340, 1072, 84, 301444, 2020
319060, 312, 1480, 148, 340, 1072, 84, 301444, 2020
319060, 308, 1480, 152, 340, 1072, 84, 301444, 2020
319060, 304, 1484, 152, 340, 1072, 84, 301444, 2020
319060, 304, 1476, 152, 340, 1072, 84, 301452, 2020
319060, 304, 1476, 152, 340, 1072, 84, 301452, 2020
319060, 304, 1472, 152, 340, 1072, 84, 301456, 2020
319060, 304, 1472, 152, 340, 1072, 84, 301456, 2020
319060, 304, 1468, 152, 340, 1068, 84, 301464, 2020
319060, 304, 1464, 152, 340, 1068, 84, 301468, 2020
319060, 304, 1464, 152, 336, 1068, 84, 301472, 2020
319060, 296, 1468, 152, 336, 1068, 84, 301476, 2020
319056, 300, 1468, 152, 332, 1068, 84, 301480, 2020
319056, 300, 1468, 152, 332, 1068, 84, 301480, 2020
319056, 300, 1464, 152, 332, 1060, 84, 301492, 2020
319056, 300, 1460, 152, 332, 1060, 84, 301496, 2020
319056, 296, 1464, 152, 332, 1060, 84, 301496, 2020
319056, 296, 1464, 152, 328, 1064, 84, 301496, 2020
319056, 296, 1460, 152, 328, 1064, 84, 301500, 2020
319056, 296, 1460, 152, 328, 1064, 84, 301500, 2020
319056, 296, 1456, 152, 328, 1064, 84, 301504, 2020
319056, 292, 1460, 152, 328, 1064, 84, 301504, 2020
319056, 292, 1460, 152, 328, 1064, 84, 301504, 2020
319056, 292, 1456, 152, 328, 1064, 84, 301508, 2020
319056, 292, 1452, 152, 328, 1064, 84, 301512, 2020
319056, 292, 1452, 152, 328, 1064, 84, 301512, 2020
319056, 292, 1444, 152, 328, 1064, 84, 301520, 2020
319056, 288, 1444, 156, 328, 1064, 84, 301520, 2020
319056, 288, 1444, 156, 328, 1064, 84, 301520, 2020
319056, 288, 1444, 156, 328, 1064, 84, 301520, 2020
319056, 288, 1444, 156, 328, 1060, 84, 301524, 2020
319056, 288, 1440, 156, 328, 1060, 84, 301528, 2020
319056, 288, 1440, 152, 332, 1060, 84, 301528, 2020
319056, 284, 1444, 152, 332, 1060, 84, 301528, 2020
319056, 284, 1444, 152, 332, 1060, 84, 301528, 2020
319056, 284, 1444, 152, 332, 1060, 84, 301528, 2020
319056, 284, 1440, 152, 332, 1060, 84, 301532, 2020
319056, 284, 1440, 152, 332, 1060, 84, 301532, 2020
319056, 284, 1440, 152, 332, 1060, 84, 301532, 2020
319056, 284, 1440, 152, 332, 1060, 84, 301532, 2020
319056, 284, 1440, 152, 332, 1060, 84, 301532, 2020
319056, 284, 1436, 152, 332, 1060, 84, 301536, 2020
319052, 288, 1436, 152, 332, 1060, 84, 301536, 2020
319052, 280, 1444, 152, 332, 1060, 84, 301536, 2020
319052, 280, 1444, 152, 332, 1060, 84, 301536, 2020
319052, 280, 1440, 152, 332, 1060, 84, 301540, 2020
319052, 280, 1440, 152, 332, 1060, 84, 301540, 2020
319052, 280, 1440, 152, 332, 1060, 84, 301540, 2020
319052, 280, 1440, 148, 332, 1060, 84, 301544, 2020
319052, 280, 1440, 148, 332, 1056, 84, 301548, 2020
319052, 280, 1440, 148, 332, 1056, 84, 301548, 2020
319052, 280, 1436, 148, 328, 1052, 84, 301560, 2020
319052, 280, 1436, 148, 328, 1052, 84, 301560, 2020
319048, 284, 1432, 148, 328, 1052, 84, 301564, 2020
319048, 284, 1428, 148, 324, 1052, 84, 301572, 2020
319048, 284, 1428, 148, 324, 1052, 84, 301572, 2020
319044, 288, 1424, 148, 324, 1052, 84, 301576, 2020
319044, 288, 1424, 148, 324, 1052, 84, 301576, 2020
319044, 288, 1424, 148, 320, 1052, 84, 301580, 2020
319044, 288, 1424, 148, 320, 1052, 84, 301580, 2020
319044, 288, 1424, 148, 320, 1052, 84, 301580, 2020
319044, 284, 1428, 148, 320, 1052, 84, 301580, 2020
319044, 284, 1424, 148, 320, 1052, 84, 301584, 2020
319044, 284, 1424, 148, 320, 1052, 84, 301584, 2020
319044, 284, 1420, 148, 316, 1056, 84, 301588, 2020
319044, 284, 1420, 148, 316, 1060, 80, 301588, 2020
319044, 284, 1420, 148, 312, 1060, 80, 301592, 2020
319044, 280, 1416, 152, 308, 1060, 80, 301600, 2020
319044, 280, 1416, 152, 304, 1060, 80, 301604, 2020
319044, 276, 1420, 152, 304, 1060, 80, 301604, 2020
319044, 276, 1420, 152, 304, 1060, 80, 301604, 2020
319044, 272, 1424, 152, 304, 1056, 80, 301608, 2020
319044, 272, 1424, 148, 308, 1056, 80, 301608, 2020
319044, 272, 1424, 148, 308, 1056, 80, 301608, 2020
319044, 272, 1424, 148, 308, 1056, 80, 301608, 2020
319044, 272, 1420, 148, 308, 1056, 80, 301612, 2020
319044, 272, 1420, 148, 308, 1056, 80, 301612, 2020
319044, 268, 1424, 148, 308, 1056, 80, 301612, 2020
319044, 268, 1424, 148, 308, 1056, 80, 301612, 2020
319044, 268, 1424, 148, 308, 1056, 80, 301612, 2020
319044, 268, 1424, 144, 312, 1052, 84, 301612, 2020
319044, 268, 1420, 144, 312, 1052, 84, 301616, 2020
319044, 268, 1420, 144, 312, 1052, 84, 301616, 2020
319044, 268, 1416, 144, 312, 1052, 84, 301620, 2020
319044, 268, 1408, 140, 316, 1048, 84, 301632, 2020
319040, 272, 1408, 140, 316, 1048, 84, 301632, 2020
319040, 272, 1404, 140, 316, 1048, 84, 301636, 2020
319040, 272, 1404, 140, 316, 1044, 84, 301640, 2020
319040, 272, 1404, 140, 316, 1044, 84, 301640, 2020
319036, 276, 1404, 140, 316, 1044, 84, 301640, 2020
319036, 276, 1404, 140, 316, 1044, 84, 301640, 2020
319036, 276, 1404, 140, 316, 1044, 84, 301640, 2020
319036, 272, 1408, 140, 316, 1044, 84, 301640, 2020
319036, 268, 1408, 144, 316, 1044, 84, 301640, 2020
319036, 268, 1408, 144, 316, 1044, 84, 301640, 2020
319036, 268, 1408, 144, 316, 1044, 84, 301640, 2020
319036, 268, 1408, 144, 316, 1044, 84, 301640, 2020
319032, 272, 1404, 144, 316, 1044, 84, 301644, 2020
319032, 268, 1404, 144, 316, 1044, 84, 301648, 2020
319032, 268, 1404, 144, 316, 1044, 84, 301648, 2020
319032, 268, 1404, 140, 320, 1044, 84, 301648, 2020
319032, 268, 1404, 140, 320, 1044, 84, 301648, 2020
319032, 268, 1400, 140, 320, 1044, 84, 301652, 2020
319032, 268, 1396, 140, 316, 1048, 84, 301656, 2020
319032, 268, 1392, 140, 316, 1048, 84, 301660, 2020
319032, 268, 1392, 136, 316, 1048, 84, 301664, 2020
319032, 268, 1388, 136, 316, 1048, 84, 301668, 2020
319032, 264, 1392, 136, 316, 1048, 84, 301668, 2020
319032, 264, 1392, 136, 316, 1048, 84, 301668, 2020
319032, 264, 1388, 136, 316, 1048, 84, 301672, 2020
319032, 264, 1388, 136, 316, 1048, 84, 301672, 2020
319032, 260, 1388, 136, 316, 1048, 84, 301676, 2020
319032, 260, 1384, 136, 316, 1048, 84, 301680, 2020
319028, 264, 1384, 136, 316, 1048, 84, 301680, 2020
319028, 264, 1380, 136, 316, 1048, 84, 301684, 2020
319028, 264, 1380, 136, 316, 1048, 84, 301684, 2020
319028, 260, 1384, 136, 316, 1048, 84, 301684, 2020
319028, 260, 1384, 136, 316, 1048, 84, 301684, 2020
319028, 260, 1384, 136, 316, 1048, 84, 301684, 2020
319028, 256, 1388, 136, 316, 1048, 84, 301684, 2020
319028, 256, 1384, 136, 316, 1044, 84, 301692, 2020
319028, 256, 1384, 136, 316, 1044, 84, 301692, 2020
319028, 252, 1384, 136, 316, 1044, 84, 301696, 2020
319028, 252, 1380, 136, 316, 1040, 88, 301700, 2020
319028, 248, 1380, 136, 316, 1036, 88, 301708, 2020
319028, 248, 1380, 136, 316, 1036, 88, 301708, 2020
319028, 248, 1380, 136, 316, 1036, 88, 301708, 2020
319028, 248, 1380, 136, 316, 1036, 88, 301708, 2020
319028, 248, 1380, 136, 316, 1036, 88, 301708, 2020
319028, 248, 1380, 136, 316, 1036, 88, 301708, 2020
319028, 248, 1380, 136, 316, 1032, 88, 301712, 2020
319024, 252, 1376, 136, 316, 1032, 88, 301716, 2020
319024, 252, 1376, 136, 316, 1032, 88, 301716, 2020
319024, 252, 1376, 136, 316, 1032, 88, 301716, 2020
319024, 252, 1376, 136, 312, 1036, 88, 301716, 2020
319024, 252, 1376, 136, 312, 1036, 88, 301716, 2020
319024, 252, 1376, 136, 312, 1036, 88, 301716, 2020
319024, 252, 1376, 136, 312, 1036, 84, 301716, 2024
319024, 252, 1376, 136, 308, 1040, 84, 301716, 2024
319024, 248, 1376, 136, 308, 1040, 84, 301720, 2024
319024, 248, 1376, 132, 312, 1040, 84, 301720, 2024
319024, 244, 1380, 132, 312, 1040, 84, 301720, 2024
319020, 248, 1380, 132, 312, 1040, 84, 301720, 2024
319020, 248, 1376, 132, 312, 1040, 84, 301724, 2024
319020, 248, 1376, 132, 312, 1040, 84, 301724, 2024
319020, 248, 1376, 132, 312, 1040, 84, 301724, 2024
319020, 248, 1372, 132, 312, 1040, 84, 301728, 2024
319020, 244, 1376, 132, 312, 1040, 80, 301732, 2024
319020, 244, 1372, 132, 312, 1040, 80, 301736, 2024
319020, 244, 1372, 132, 312, 1036, 80, 301740, 2024
319020, 244, 1372, 132, 312, 1036, 80, 301740, 2024
319020, 244, 1372, 132, 312, 1036, 80, 301740, 2024
319020, 244, 1372, 132, 312, 1036, 80, 301740, 2024
319020, 240, 1372, 136, 312, 1036, 80, 301740, 2024
319020, 240, 1372, 136, 312, 1036, 80, 301740, 2024
319020, 240, 1372, 136, 312, 1036, 80, 301740, 2024
319020, 240, 1372, 136, 308, 1036, 80, 301744, 2024
319020, 240, 1372, 136, 308, 1036, 80, 301744, 2024
319020, 240, 1372, 136, 308, 1036, 80, 301744, 2024
319020, 240, 1372, 136, 308, 1036, 80, 301744, 2024
319020, 240, 1372, 132, 312, 1036, 80, 301744, 2024
319016, 244, 1372, 132, 312, 1036, 80, 301744, 2024
319012, 248, 1372, 132, 312, 1036, 80, 301744, 2024
319008, 252, 1372, 132, 312, 1028, 80, 301752, 2024
319008, 252, 1368, 132, 312, 1028, 80, 301756, 2024
319008, 252, 1368, 132, 312, 1028, 80, 301756, 2024
319008, 252, 1368, 132, 312, 1028, 80, 301756, 2024
319008, 252, 1368, 132, 312, 1028, 80, 301756, 2024
319008, 252, 1368, 132, 308, 1028, 80, 301760, 2024
319008, 252, 1368, 132, 308, 1028, 80, 301760, 2024
319008, 248, 1372, 128, 312, 1028, 80, 301760, 2024
319008, 248, 1364, 128, 312, 1028, 80, 301768, 2024
319004, 252, 1364, 128, 312, 1028, 80, 301768, 2024
319004, 252, 1364, 128, 312, 1028, 80, 301768, 2024
319000, 256, 1360, 128, 312, 1028, 80, 301772, 2024
319000, 256, 1360, 128, 312, 1028, 80, 301772, 2024
318996, 260, 1360, 128, 308, 1028, 80, 301776, 2024
318996, 260, 1360, 124, 312, 1028, 80, 301776, 2024
318992, 264, 1360, 124, 312, 1028, 80, 301776, 2024
318992, 260, 1360, 124, 312, 1028, 80, 301780, 2024
318992, 256, 1360, 124, 312, 1028, 80, 301784, 2024
318992, 256, 1352, 124, 308, 1032, 80, 301792, 2024
318992, 256, 1348, 124, 308, 1032, 80, 301796, 2024
318992, 256, 1340, 124, 308, 1032, 80, 301804, 2024
318992, 252, 1344, 124, 308, 1032, 80, 301804, 2024
318992, 248, 1348, 124, 308, 1032, 80, 301804, 2024
318992, 248, 1348, 124, 308, 1032, 80, 301804, 2024
318988, 252, 1348, 124, 308, 1032, 80, 301804, 2024
318984, 256, 1348, 124, 308, 1032, 80, 301804, 2024
318984, 256, 1344, 124, 308, 1032, 80, 301808, 2024
318984, 256, 1344, 120, 312, 1032, 80, 301808, 2024
318980, 260, 1344, 120, 312, 1032, 80, 301808, 2024
318980, 260, 1344, 116, 316, 1032, 80, 301808, 2024
318980, 260, 1344, 116, 316, 1032, 80, 301808, 2024
318980, 260, 1344, 116, 316, 1032, 80, 301808, 2024
318980, 260, 1344, 116, 316, 1032, 80, 301808, 2024
318980, 260, 1336, 116, 316, 1032, 80, 301816, 2024
318980, 260, 1332, 116, 316, 1032, 80, 301820, 2024
318980, 260, 1324, 116, 316, 1032, 80, 301828, 2024
318976, 264, 1324, 116, 316, 1032, 80, 301828, 2024
318976, 264, 1316, 116, 316, 1032, 80, 301836, 2024
318976, 260, 1316, 120, 316, 1032, 80, 301836, 2024
318976, 260, 1312, 120, 316, 1032, 80, 301840, 2024
318976, 260, 1312, 120, 316, 1032, 80, 301840, 2024
318976, 260, 1308, 120, 316, 1032, 80, 301844, 2024
318976, 260, 1308, 116, 320, 1032, 80, 301844, 2024
318976, 260, 1304, 116, 320, 1032, 76, 301848, 2028
318976, 260, 1304, 116, 320, 1032, 76, 301848, 2028
318972, 260, 1300, 120, 320, 1032, 76, 301852, 2028
318972, 260, 1300, 120, 320, 1032, 76, 301852, 2028
318972, 260, 1300, 120, 320, 1032, 76, 301852, 2028
318972, 260, 1300, 120, 320, 1032, 76, 301852, 2028
318972, 252, 1300, 120, 324, 1024, 76, 301864, 2028
318968, 256, 1300, 120, 324, 1024, 76, 301864, 2028
318968, 256, 1296, 116, 328, 1024, 76, 301868, 2028
318968, 256, 1296, 116, 328, 1024, 76, 301868, 2028
318968, 256, 1296, 116, 328, 1024, 76, 301868, 2028
318968, 252, 1300, 116, 328, 1024, 76, 301868, 2028
318968, 248, 1304, 116, 328, 1024, 76, 301868, 2028
318968, 244, 1308, 116, 328, 1024, 76, 301868, 2028
318968, 244, 1308, 116, 324, 1024, 76, 301872, 2028
318968, 244, 1308, 116, 324, 1024, 76, 301872, 2028
318968, 244, 1308, 116, 324, 1024, 76, 301872, 2028
318968, 240, 1312, 112, 328, 1024, 76, 301872, 2028
318968, 236, 1312, 116, 328, 1024, 76, 301872, 2028
318968, 232, 1312, 116, 328, 1024, 76, 301876, 2028
318964, 236, 1312, 116, 328, 1024, 76, 301876, 2028
318960, 240, 1312, 116, 328, 1024, 76, 301876, 2028
318960, 240, 1312, 116, 328, 1024, 76, 301876, 2028
318956, 244, 1312, 116, 328, 1024, 76, 301876, 2028
318956, 244, 1312, 116, 324, 1024, 76, 301880, 2028
318956, 244, 1312, 116, 324, 1024, 76, 301880, 2028
318952, 248, 1312, 116, 324, 1024, 76, 301880, 2028
318952, 248, 1312, 116, 324, 1024, 76, 301880, 2028
318952, 248, 1312, 116, 324, 1024, 76, 301880, 2028
318952, 244, 1316, 116, 324, 1024, 76, 301880, 2028
318952, 240, 1312, 120, 324, 1024, 76, 301884, 2028
318952, 240, 1312, 120, 324, 1024, 76, 301884, 2028
318952, 240, 1308, 120, 324, 1020, 76, 301892, 2028
318952, 240, 1308, 120, 324, 1024, 72, 301892, 2028
318952, 240, 1308, 120, 324, 1024, 72, 301892, 2028
318952, 240, 1308, 120, 324, 1024, 72, 301892, 2028
318952, 240, 1308, 120, 324, 1024, 72, 301892, 2028
318952, 240, 1308, 120, 324, 1024, 72, 301892, 2028
318952, 240, 1308, 120, 324, 1024, 72, 301892, 2028
318952, 240, 1304, 120, 324, 1024, 72, 301896, 2028
318952, 240, 1304, 120, 324, 1024, 72, 301896, 2028
318952, 240, 1304, 120, 324, 1024, 72, 301896, 2028
318948, 244, 1304, 120, 324, 1024, 72, 301896, 2028
318948, 240, 1304, 124, 324, 1024, 72, 301896, 2028
318948, 240, 1304, 124, 324, 1024, 72, 301896, 2028
318944, 240, 1308, 124, 324, 1024, 72, 301896, 2028
318944, 240, 1308, 124, 324, 1024, 72, 301896, 2028
318940, 244, 1308, 124, 324, 1024, 72, 301896, 2028
318940, 244, 1308, 124, 324, 1024, 72, 301896, 2028
318940, 244, 1304, 124, 324, 1024, 72, 301900, 2028
318940, 244, 1304, 124, 324, 1024, 72, 301900, 2028
318940, 240, 1304, 124, 324, 1024, 72, 301904, 2028
318940, 240, 1300, 124, 324, 1024, 72, 301908, 2028
318940, 240, 1300, 124, 324, 1024, 72, 301908, 2028
318940, 236, 1300, 124, 324, 1024, 72, 301912, 2028
318940, 236, 1300, 124, 324, 1024, 72, 301912, 2028
318940, 236, 1300, 124, 324, 1024, 72, 301912, 2028
318940, 236, 1300, 124, 324, 1024, 72, 301912, 2028
318940, 236, 1300, 124, 324, 1024, 72, 301912, 2028
318940, 236, 1300, 124, 324, 1024, 72, 301912, 2028
318940, 236, 1300, 124, 324, 1024, 68, 301916, 2028
318940, 236, 1300, 124, 324, 1024, 68, 301916, 2028
318940, 236, 1300, 124, 324, 1024, 68, 301916, 2028
318940, 236, 1300, 124, 324, 1024, 68, 301916, 2028
318940, 236, 1300, 124, 324, 1024, 68, 301916, 2028
318940, 236, 1296, 124, 320, 1028, 68, 301920, 2028
318940, 236, 1296, 124, 320, 1028, 68, 301920, 2028
318936, 240, 1296, 124, 320, 1028, 68, 301920, 2028
318936, 240, 1296, 124, 320, 1028, 68, 301920, 2028
318936, 236, 1288, 124, 320, 1024, 68, 301936, 2028
318936, 236, 1288, 124, 320, 1024, 68, 301936, 2028
318936, 236, 1284, 124, 316, 1020, 68, 301948, 2028
318936, 236, 1284, 124, 316, 1020, 68, 301948, 2028
318936, 236, 1280, 124, 316, 1020, 68, 301952, 2028
318936, 232, 1272, 128, 316, 1020, 68, 301960, 2028
318936, 232, 1268, 128, 316, 1020, 68, 301964, 2028
318936, 232, 1268, 128, 316, 1020, 68, 301964, 2028
318936, 232, 1268, 128, 316, 1020, 68, 301964, 2028
318936, 228, 1268, 124, 320, 1020, 68, 301968, 2028
318936, 228, 1264, 124, 320, 1020, 68, 301972, 2028
318936, 228, 1264, 124, 320, 1020, 68, 301972, 2028
318936, 228, 1264, 124, 320, 1016, 68, 301976, 2028
318936, 228, 1264, 124, 320, 1016, 68, 301976, 2028
318936, 228, 1264, 124, 320, 1016, 68, 301976, 2028
318936, 228, 1264, 124, 320, 1016, 68, 301976, 2028
318936, 228, 1264, 124, 320, 1016, 68, 301976, 2028
318936, 228, 1264, 124, 320, 1016, 68, 301976, 2028
318936, 228, 1264, 124, 320, 1016, 68, 301976, 2028
318936, 228, 1264, 124, 320, 1016, 68, 301976, 2028
318936, 228, 1264, 124, 320, 1016, 68, 301976, 2028
318936, 224, 1268, 124, 320, 1016, 68, 301976, 2028
318936, 224, 1264, 124, 320, 1016, 68, 301980, 2028
318936, 224, 1264, 124, 320, 1016, 68, 301980, 2028
318936, 224, 1260, 124, 320, 1016, 68, 301984, 2028
318936, 220, 1260, 128, 320, 1016, 68, 301984, 2028
318936, 220, 1260, 128, 320, 1016, 68, 301984, 2028
318936, 220, 1260, 128, 320, 1016, 68, 301984, 2028
318936, 220, 1256, 128, 320, 1016, 68, 301988, 2028
318932, 224, 1248, 128, 320, 1016, 68, 301996, 2028
318932, 224, 1248, 128, 320, 1016, 68, 301996, 2028
318932, 216, 1256, 128, 320, 1016, 68, 301996, 2028
318928, 220, 1256, 128, 320, 1020, 64, 301996, 2028
318924, 224, 1252, 128, 320, 1020, 64, 302000, 2028
318924, 224, 1252, 128, 320, 1020, 64, 302000, 2028
318924, 224, 1252, 128, 320, 1020, 64, 302000, 2028
318920, 228, 1248, 128, 320, 1020, 64, 302004, 2028
318916, 228, 1252, 124, 324, 1020, 64, 302004, 2028
318916, 228, 1252, 124, 324, 1020, 64, 302004, 2028
318916, 228, 1252, 124, 324, 1016, 64, 302008, 2028
318916, 228, 1252, 124, 324, 1016, 64, 302008, 2028
318916, 228, 1252, 124, 324, 1012, 64, 302012, 2028
318916, 228, 1252, 124, 324, 1012, 64, 302012, 2028
318916, 228, 1248, 124, 324, 1012, 64, 302016, 2028
318916, 228, 1248, 124, 324, 1012, 64, 302016, 2028
318912, 232, 1248, 124, 324, 1012, 64, 302016, 2028
318904, 240, 1244, 124, 324, 1012, 64, 302020, 2028
318896, 248, 1244, 124, 320, 1012, 64, 302024, 2028
318888, 256, 1240, 124, 320, 1008, 68, 302028, 2028
318888, 256, 1240, 124, 320, 1008, 68, 302028, 2028
318888, 252, 1240, 124, 320, 1004, 68, 302036, 2028
318888, 252, 1240, 124, 320, 1004, 68, 302036, 2028
318888, 252, 1240, 124, 316, 1004, 68, 302040, 2028
318884, 256, 1236, 124, 316, 1004, 68, 302044, 2028
318884, 256, 1232, 124, 316, 1004, 68, 302048, 2028
318880, 256, 1232, 128, 316, 1004, 68, 302048, 2028
318880, 256, 1228, 128, 316, 1004, 68, 302052, 2028
318876, 260, 1224, 128, 312, 1004, 68, 302060, 2028
318876, 260, 1224, 128, 312, 1004, 68, 302060, 2028
318876, 260, 1224, 124, 316, 1004, 68, 302060, 2028
318876, 260, 1220, 120, 320, 1004, 68, 302064, 2028
318876, 260, 1220, 120, 320, 1000, 64, 302068, 2032
318876, 260, 1220, 120, 320, 1000, 64, 302068, 2032
318876, 260, 1220, 120, 320, 1000, 64, 302068, 2032
318876, 260, 1220, 120, 320, 1000, 64, 302068, 2032
318872, 264, 1220, 120, 320, 1000, 64, 302068, 2032
318872, 264, 1220, 120, 320, 1000, 64, 302068, 2032
318872, 264, 1220, 120, 320, 1000, 64, 302068, 2032
318872, 264, 1220, 120, 320, 1000, 64, 302068, 2032
318872, 264, 1220, 120, 320, 1000, 64, 302068, 2032
318868, 268, 1220, 120, 320, 1000, 64, 302068, 2032
318868, 268, 1216, 120, 320, 1000, 64, 302072, 2032
318864, 272, 1212, 120, 320, 1000, 64, 302076, 2032
318864, 272, 1212, 120, 320, 1000, 64, 302076, 2032
318864, 272, 1212, 120, 320, 1000, 64, 302076, 2032
318864, 272, 1212, 120, 320, 1000, 64, 302076, 2032
318860, 276, 1212, 120, 320, 1000, 64, 302076, 2032
318860, 272, 1216, 120, 320, 1000, 64, 302076, 2032
318860, 272, 1216, 116, 324, 1000, 64, 302076, 2032
318860, 272, 1216, 116, 324, 1000, 64, 302076, 2032
318860, 272, 1216, 116, 324, 1000, 64, 302076, 2032
318856, 276, 1216, 116, 324, 1000, 64, 302076, 2032
318856, 276, 1216, 116, 324, 1000, 64, 302076, 2032
318856, 276, 1216, 116, 324, 1000, 64, 302076, 2032
318856, 276, 1216, 116, 324, 1000, 64, 302076, 2032
318856, 276, 1216, 116, 324, 1000, 64, 302076, 2032
318856, 276, 1216, 116, 324, 1000, 64, 302076, 2032
318856, 276, 1216, 112, 328, 1000, 64, 302076, 2032
318856, 276, 1216, 112, 324, 1000, 64, 302080, 2032
318856, 276, 1216, 112, 324, 992, 64, 302088, 2032
318856, 272, 1216, 112, 328, 992, 64, 302088, 2032
318856, 272, 1216, 112, 328, 992, 64, 302088, 2032
318856, 272, 1216, 112, 328, 992, 64, 302088, 2032
318856, 272, 1216, 112, 328, 992, 64, 302088, 2032
318856, 272, 1216, 112, 328, 992, 64, 302088, 2032
318856, 272, 1216, 112, 328, 992, 64, 302088, 2032
318856, 272, 1212, 112, 328, 992, 64, 302092, 2032
318856, 272, 1212, 112, 328, 992, 64, 302092, 2032
318856, 272, 1212, 112, 328, 992, 64, 302092, 2032
318856, 272, 1212, 112, 328, 992, 60, 302092, 2036
318856, 272, 1212, 112, 324, 996, 60, 302092, 2036
318856, 272, 1212, 112, 324, 996, 60, 302092, 2036
318856, 268, 1212, 116, 324, 996, 60, 302092, 2036
318856, 268, 1208, 116, 324, 996, 60, 302096, 2036
318856, 268, 1208, 116, 324, 996, 60, 302096, 2036
318856, 268, 1208, 116, 324, 996, 60, 302096, 2036
318856, 268, 1208, 116, 324, 992, 60, 302100, 2036
318856, 268, 1208, 116, 324, 992, 60, 302100, 2036
318856, 268, 1204, 116, 324, 992, 60, 302104, 2036
318852, 268, 1204, 120, 324, 992, 60, 302104, 2036
318852, 268, 1204, 120, 324, 992, 60, 302104, 2036
318852, 268, 1204, 120, 320, 992, 60, 302108, 2036
318852, 268, 1204, 120, 316, 992, 60, 302112, 2036
318852, 268, 1200, 120, 316, 992, 60, 302116, 2036
318852, 268, 1200, 120, 316, 992, 60, 302116, 2036
318852, 268, 1200, 120, 316, 988, 60, 302120, 2036
318852, 264, 1192, 124, 316, 988, 60, 302128, 2036
318848, 268, 1192, 124, 316, 988, 60, 302128, 2036
318848, 264, 1192, 128, 316, 988, 60, 302128, 2036
318848, 264, 1192, 128, 316, 988, 60, 302128, 2036
318848, 264, 1188, 128, 316, 988, 60, 302132, 2036
318848, 264, 1188, 128, 316, 988, 60, 302132, 2036
318848, 264, 1188, 128, 316, 988, 60, 302132, 2036
318844, 268, 1188, 128, 316, 988, 60, 302132, 2036
318844, 268, 1188, 128, 316, 988, 60, 302132, 2036
318844, 268, 1180, 128, 316, 988, 60, 302140, 2036
318844, 268, 1176, 128, 316, 988, 60, 302144, 2036
318844, 268, 1176, 128, 316, 988, 60, 302144, 2036
318844, 268, 1176, 128, 316, 984, 60, 302148, 2036
318844, 268, 1176, 128, 316, 984, 60, 302148, 2036
318844, 264, 1180, 128, 316, 984, 60, 302148, 2036
318844, 256, 1184, 132, 316, 984, 60, 302148, 2036
318844, 256, 1184, 132, 316, 984, 60, 302148, 2036
318844, 256, 1184, 132, 316, 984, 60, 302148, 2036
318844, 256, 1184, 132, 316, 984, 60, 302148, 2036
318844, 252, 1188, 132, 316, 984, 60, 302148, 2036
318844, 248, 1192, 132, 312, 984, 60, 302152, 2036
318844, 240, 1196, 136, 312, 984, 60, 302152, 2036
318844, 240, 1196, 136, 312, 984, 60, 302152, 2036
318844, 240, 1196, 136, 312, 984, 60, 302152, 2036
318844, 240, 1192, 136, 312, 980, 60, 302160, 2036
318840, 244, 1192, 136, 312, 980, 60, 302160, 2036
318840, 244, 1192, 136, 312, 976, 60, 302164, 2036
318840, 244, 1192, 136, 312, 976, 60, 302164, 2036
318840, 244, 1192, 136, 312, 976, 60, 302164, 2036
318836, 248, 1192, 136, 312, 976, 60, 302164, 2036
318836, 248, 1192, 136, 308, 976, 60, 302168, 2036
318836, 248, 1188, 136, 308, 976, 60, 302172, 2036
318836, 248, 1188, 136, 308, 976, 60, 302172, 2036
318836, 248, 1188, 136, 308, 976, 60, 302172, 2036
318836, 248, 1188, 132, 312, 976, 60, 302172, 2036
318836, 248, 1188, 132, 312, 976, 60, 302172, 2036
318836, 248, 1188, 132, 312, 976, 56, 302172, 2040
318836, 248, 1188, 132, 312, 976, 56, 302172, 2040
318832, 252, 1188, 132, 312, 976, 56, 302172, 2040
318832, 252, 1188, 132, 312, 976, 56, 302172, 2040
318832, 252, 1188, 132, 312, 976, 56, 302172, 2040
318832, 252, 1188, 132, 312, 976, 56, 302172, 2040
318832, 252, 1188, 132, 312, 976, 56, 302172, 2040
318832, 248, 1192, 132, 312, 976, 56, 302172, 2040
318832, 248, 1188, 132, 312, 972, 56, 302180, 2040
318832, 248, 1188, 132, 312, 972, 56, 302180, 2040
318832, 248, 1188, 132, 312, 972, 56, 302180, 2040
318832, 248, 1188, 132, 312, 972, 56, 302180, 2040
318832, 248, 1188, 132, 312, 972, 56, 302180, 2040
318832, 248, 1188, 132, 312, 972, 56, 302180, 2040
318832, 248, 1188, 132, 312, 972, 56, 302180, 2040
318832, 248, 1188, 132, 312, 972, 56, 302180, 2040
318832, 248, 1188, 132, 312, 972, 56, 302180, 2040
318828, 248, 1192, 132, 312, 972, 56, 302180, 2040
318828, 248, 1192, 132, 312, 972, 56, 302180, 2040
318828, 248, 1192, 132, 312, 972, 56, 302180, 2040
318828, 248, 1192, 132, 308, 972, 56, 302184, 2040
318828, 248, 1192, 132, 308, 972, 56, 302184, 2040
318828, 248, 1192, 132, 308, 968, 56, 302188, 2040
318820, 256, 1192, 128, 312, 968, 56, 302188, 2040
318816, 260, 1192, 128, 312, 968, 56, 302188, 2040
318816, 260, 1192, 128, 312, 968, 56, 302188, 2040
318816, 260, 1192, 128, 312, 968, 56, 302188, 2040
318812, 260, 1192, 132, 312, 968, 56, 302188, 2040
318800, 268, 1192, 136, 312, 968, 56, 302188, 2040
318796, 272, 1192, 136, 312, 964, 56, 302192, 2040
318796, 272, 1192, 136, 312, 964, 56, 302192, 2040
318796, 260, 1200, 132, 312, 964, 56, 302200, 2040
318796, 256, 1200, 132, 312, 964, 56, 302204, 2040
318796, 252, 1196, 132, 312, 964, 56, 302212, 2040
318796, 252, 1192, 132, 312, 964, 56, 302216, 2040
318796, 252, 1192, 132, 312, 964, 56, 302216, 2040
318792, 256, 1192, 132, 312, 964, 56, 302216, 2040
318780, 268, 1192, 132, 312, 964, 56, 302216, 2040
318780, 268, 1192, 132, 312, 964, 56, 302216, 2040
318776, 272, 1192, 132, 312, 964, 56, 302216, 2040
318776, 272, 1192, 132, 312, 964, 56, 302216, 2040
318772, 276, 1192, 132, 312, 964, 56, 302216, 2040
318772, 276, 1192, 132, 312, 960, 56, 302220, 2040
318772, 276, 1192, 132, 312, 960, 56, 302220, 2040
318768, 280, 1192, 132, 312, 956, 56, 302224, 2040
318764, 284, 1192, 132, 312, 956, 56, 302224, 2040
318764, 284, 1192, 132, 312, 956, 56, 302224, 2040
318764, 284, 1192, 132, 312, 956, 56, 302224, 2040
318764, 284, 1192, 132, 312, 956, 56, 302224, 2040
318764, 284, 1188, 132, 312, 956, 56, 302228, 2040
318764, 284, 1188, 132, 312, 956, 56, 302228, 2040
318764, 284, 1188, 132, 312, 956, 56, 302228, 2040
318764, 284, 1188, 132, 312, 956, 56, 302228, 2040
318764, 280, 1192, 132, 312, 956, 56, 302228, 2040
318764, 280, 1188, 132, 312, 956, 56, 302232, 2040
318760, 284, 1184, 128, 316, 956, 56, 302236, 2040
318760, 284, 1184, 128, 316, 956, 56, 302236, 2040
318760, 284, 1184, 128, 316, 956, 56, 302236, 2040
318760, 284, 1184, 128, 316, 956, 56, 302236, 2040
318760, 284, 1184, 128, 316, 956, 56, 302236, 2040
318760, 280, 1188, 128, 316, 956, 56, 302236, 2040
318760, 276, 1188, 132, 316, 952, 56, 302240, 2040
318760, 276, 1188, 132, 316, 948, 56, 302244, 2040
318748, 288, 1188, 132, 316, 944, 56, 302248, 2040
318748, 284, 1192, 132, 312, 948, 56, 302248, 2040
318744, 288, 1192, 132, 312, 944, 56, 302252, 2040
318744, 288, 1192, 132, 312, 944, 56, 302252, 2040
318744, 284, 1196, 132, 312, 944, 56, 302252, 2040
318744, 284, 1196, 132, 312, 944, 56, 302252, 2040
318740, 288, 1196, 132, 312, 940, 56, 302256, 2040
318740, 288, 1196, 132, 308, 940, 56, 302260, 2040
318740, 288, 1196, 132, 308, 940, 56, 302260, 2040
318740, 288, 1192, 132, 308, 940, 56, 302264, 2040
318740, 288, 1188, 132, 308, 940, 56, 302268, 2040
318740, 288, 1188, 132, 308, 940, 56, 302268, 2040
318740, 288, 1188, 132, 308, 940, 56, 302268, 2040
318740, 284, 1188, 132, 308, 940, 56, 302272, 2040
318740, 280, 1184, 132, 308, 940, 56, 302280, 2040
318740, 280, 1184, 128, 312, 940, 56, 302280, 2040
318740, 280, 1184, 128, 312, 940, 56, 302280, 2040
318740, 280, 1184, 128, 312, 940, 56, 302280, 2040
318740, 280, 1176, 128, 312, 940, 56, 302288, 2040
318740, 280, 1176, 128, 312, 940, 56, 302288, 2040
318740, 280, 1176, 128, 312, 940, 56, 302288, 2040
318736, 284, 1176, 128, 312, 940, 56, 302288, 2040
318736, 284, 1172, 128, 312, 940, 56, 302292, 2040
318736, 284, 1172, 128, 312, 940, 56, 302292, 2040
318736, 284, 1172, 128, 312, 940, 56, 302292, 2040
318736, 284, 1172, 128, 312, 940, 56, 302292, 2040
318736, 284, 1172, 128, 312, 940, 56, 302292, 2040
318736, 284, 1172, 128, 312, 940, 56, 302292, 2040
318736, 284, 1168, 128, 312, 940, 56, 302296, 2040
318736, 284, 1168, 128, 312, 940, 56, 302296, 2040
318736, 284, 1168, 128, 312, 940, 56, 302296, 2040
318736, 284, 1168, 128, 312, 940, 56, 302296, 2040
318736, 284, 1168, 128, 312, 936, 56, 302300, 2040
318736, 284, 1168, 128, 312, 936, 56, 302300, 2040
318736, 284, 1168, 128, 312, 936, 56, 302300, 2040
318736, 280, 1172, 128, 312, 932, 56, 302304, 2040
318736, 280, 1172, 128, 312, 932, 56, 302304, 2040
318736, 280, 1172, 128, 308, 936, 56, 302304, 2040
318736, 280, 1172, 128, 308, 936, 56, 302304, 2040
318736, 280, 1172, 128, 308, 936, 56, 302304, 2040
318736, 280, 1172, 128, 308, 936, 56, 302304, 2040
318736, 280, 1172, 128, 308, 936, 56, 302304, 2040
318736, 280, 1172, 128, 308, 936, 56, 302304, 2040
318736, 280, 1172, 128, 308, 936, 56, 302304, 2040
318736, 280, 1172, 128, 308, 936, 56, 302304, 2040
318736, 272, 1180, 128, 308, 936, 56, 302304, 2040
318736, 272, 1180, 128, 308, 936, 56, 302304, 2040
318736, 272, 1180, 128, 308, 936, 56, 302304, 2040
318736, 272, 1180, 128, 308, 936, 56, 302304, 2040
318736, 272, 1180, 128, 304, 936, 56, 302308, 2040
318736, 272, 1180, 128, 304, 936, 56, 302308, 2040
318736, 272, 1180, 128, 304, 936, 56, 302308, 2040
318736, 272, 1180, 128, 304, 936, 56, 302308, 2040
318736, 272, 1180, 128, 304, 936, 56, 302308, 2040
318736, 272, 1180, 128, 304, 936, 56, 302308, 2040
318736, 272, 1180, 128, 304, 936, 56, 302308, 2040
318736, 272, 1180, 128, 304, 936, 56, 302308, 2040
318736, 272, 1180, 128, 304, 936, 56, 302308, 2040
318736, 272, 1176, 128, 300, 932, 56, 302320, 2040
318736, 272, 1176, 124, 304, 932, 56, 302320, 2040
318736, 268, 1164, 128, 304, 932, 56, 302332, 2040
318736, 268, 1164, 128, 304, 932, 56, 302332, 2040
318736, 268, 1164, 128, 304, 932, 56, 302332, 2040
318736, 268, 1160, 128, 304, 932, 56, 302336, 2040
318736, 268, 1160, 128, 304, 932, 56, 302336, 2040
318736, 268, 1160, 128, 304, 928, 56, 302340, 2040
318736, 268, 1160, 128, 300, 928, 56, 302344, 2040
318736, 268, 1160, 128, 300, 928, 56, 302344, 2040
318736, 268, 1160, 128, 300, 928, 56, 302344, 2040
318736, 268, 1160, 128, 300, 928, 56, 302344, 2040
318736, 268, 1156, 128, 300, 928, 56, 302348, 2040
318736, 268, 1152, 128, 296, 928, 56, 302356, 2040
318736, 268, 1148, 128, 296, 928, 56, 302360, 2040
318736, 268, 1148, 124, 300, 928, 56, 302360, 2040
318736, 268, 1148, 124, 300, 928, 56, 302360, 2040
318736, 268, 1148, 124, 300, 928, 56, 302360, 2040
318736, 268, 1148, 124, 300, 928, 56, 302360, 2040
318736, 268, 1144, 124, 300, 928, 56, 302364, 2040
318736, 268, 1144, 124, 300, 928, 56, 302364, 2040
318736, 268, 1140, 124, 300, 928, 56, 302368, 2040
318736, 268, 1128, 124, 300, 924, 56, 302384, 2040
318736, 260, 1132, 128, 300, 924, 56, 302384, 2040
318736, 260, 1132, 128, 300, 924, 56, 302384, 2040
318736, 260, 1132, 128, 300, 924, 56, 302384, 2040
318736, 260, 1132, 128, 300, 924, 56, 302384, 2040
318736, 260, 1132, 128, 300, 920, 56, 302388, 2040
318736, 256, 1132, 128, 304, 920, 56, 302388, 2040
318736, 256, 1128, 128, 304, 920, 56, 302392, 2040
318736, 256, 1128, 124, 308, 920, 56, 302392, 2040
318736, 252, 1124, 124, 312, 920, 56, 302396, 2040
318736, 252, 1124, 124, 312, 920, 56, 302396, 2040
318736, 248, 1128, 124, 312, 920, 56, 302396, 2040
318736, 244, 1132, 124, 312, 920, 56, 302396, 2040
318736, 244, 1132, 124, 312, 920, 56, 302396, 2040
318736, 240, 1136, 124, 308, 920, 56, 302400, 2040
318736, 240, 1136, 124, 308, 920, 56, 302400, 2040
318732, 244, 1136, 124, 308, 920, 56, 302400, 2040
318732, 244, 1136, 120, 312, 920, 56, 302400, 2040
318724, 252, 1136, 120, 312, 920, 56, 302400, 2040
318724, 252, 1136, 120, 312, 920, 56, 302400, 2040
318724, 252, 1132, 120, 312, 920, 56, 302404, 2040
318720, 256, 1132, 120, 312, 920, 56, 302404, 2040
318720, 256, 1132, 116, 316, 920, 56, 302404, 2040
318720, 256, 1132, 116, 316, 916, 56, 302408, 2040
318720, 256, 1132, 116, 316, 916, 56, 302408, 2040
318716, 260, 1132, 116, 316, 916, 56, 302408, 2040
318716, 260, 1132, 116, 316, 916, 56, 302408, 2040
318716, 260, 1132, 116, 316, 916, 56, 302408, 2040
318716, 260, 1132, 116, 316, 916, 56, 302408, 2040
318716, 256, 1136, 116, 316, 912, 56, 302412, 2040
318716, 256, 1132, 116, 316, 912, 56, 302416, 2040
318716, 252, 1136, 116, 312, 916, 56, 302416, 2040
318712, 256, 1136, 116, 312, 916, 56, 302416, 2040
318704, 264, 1136, 116, 312, 916, 56, 302416, 2040
318700, 268, 1128, 112, 316, 916, 56, 302424, 2040
318696, 272, 1128, 112, 316, 916, 56, 302424, 2040
318696, 272, 1124, 112, 316, 916, 56, 302428, 2040
318696, 272, 1124, 112, 316, 916, 56, 302428, 2040
318688, 280, 1124, 112, 312, 920, 56, 302428, 2040
318684, 284, 1120, 112, 312, 920, 56, 302432, 2040
318680, 288, 1120, 112, 308, 920, 56, 302436, 2040
318676, 292, 1120, 112, 308, 920, 56, 302436, 2040
318676, 292, 1120, 112, 308, 920, 56, 302436, 2040
318676, 288, 1120, 112, 308, 920, 56, 302440, 2040
318676, 288, 1120, 112, 308, 916, 56, 302444, 2040
318676, 288, 1120, 112, 308, 916, 56, 302444, 2040
318676, 284, 1124, 112, 308, 916, 56, 302444, 2040
318676, 284, 1120, 112, 308, 916, 56, 302448, 2040
318672, 288, 1120, 112, 308, 912, 60, 302448, 2040
318668, 292, 1120, 112, 308, 912, 60, 302448, 2040
318668, 292, 1120, 112, 308, 912, 60, 302448, 2040
318668, 292, 1120, 112, 308, 912, 60, 302448, 2040
318668, 292, 1120, 112, 308, 912, 60, 302448, 2040
318668, 292, 1120, 112, 308, 912, 60, 302448, 2040
318664, 296, 1120, 112, 308, 912, 60, 302448, 2040
318664, 296, 1120, 112, 308, 912, 60, 302448, 2040
318664, 292, 1116, 116, 308, 912, 60, 302452, 2040
318660, 296, 1112, 116, 308, 912, 60, 302456, 2040
318660, 296, 1112, 116, 308, 912, 60, 302456, 2040
318660, 296, 1112, 116, 308, 912, 60, 302456, 2040
318652, 304, 1112, 116, 308, 912, 60, 302456, 2040
318648, 308, 1112, 116, 308, 912, 60, 302456, 2040
318648, 308, 1112, 116, 308, 912, 60, 302456, 2040
318648, 308, 1112, 116, 308, 912, 60, 302456, 2040
318648, 308, 1108, 116, 308, 912, 60, 302460, 2040
318644, 308, 1112, 116, 308, 912, 60, 302460, 2040
318644, 308, 1112, 116, 308, 912, 60, 302460, 2040
318644, 308, 1108, 116, 308, 912, 60, 302464, 2040
318644, 308, 1108, 116, 308, 912, 60, 302464, 2040
318644, 308, 1108, 116, 308, 912, 60, 302464, 2040
318644, 304, 1112, 112, 312, 912, 60, 302464, 2040
318644, 304, 1108, 112, 312, 912, 60, 302468, 2040
318644, 304, 1108, 112, 312, 912, 60, 302468, 2040
318644, 304, 1108, 112, 312, 912, 60, 302468, 2040
318640, 308, 1108, 112, 312, 912, 60, 302468, 2040
318640, 308, 1108, 112, 312, 908, 60, 302472, 2040
318640, 308, 1108, 112, 312, 908, 60, 302472, 2040
318640, 304, 1104, 112, 312, 908, 60, 302480, 2040
318640, 304, 1104, 112, 312, 908, 60, 302480, 2040
318640, 304, 1104, 112, 308, 908, 60, 302484, 2040
318640, 304, 1104, 112, 308, 904, 60, 302488, 2040
318636, 308, 1104, 112, 308, 904, 60, 302488, 2040
318632, 312, 1100, 112, 308, 904, 60, 302492, 2040
318632, 312, 1100, 112, 308, 904, 60, 302492, 2040
318632, 308, 1104, 112, 308, 904, 60, 302492, 2040
318632, 304, 1108, 112, 308, 904, 60, 302492, 2040
318632, 304, 1108, 112, 308, 904, 60, 302492, 2040
318632, 304, 1108, 112, 308, 904, 60, 302492, 2040
318632, 304, 1104, 112, 308, 904, 60, 302496, 2040
318632, 304, 1104, 112, 304, 904, 60, 302500, 2040
318632, 304, 1104, 112, 304, 904, 60, 302500, 2040
318628, 308, 1104, 108, 308, 900, 60, 302504, 2040
318624, 312, 1104, 108, 308, 900, 60, 302504, 2040
318624, 312, 1104, 108, 308, 896, 60, 302508, 2040
318624, 308, 1108, 104, 308, 900, 56, 302508, 2044
318624, 308, 1108, 104, 308, 896, 56, 302512, 2044
318624, 308, 1108, 104, 308, 896, 56, 302512, 2044
318624, 308, 1108, 100, 312, 896, 56, 302512, 2044
318624, 308, 1108, 96, 316, 896, 56, 302512, 2044
318620, 312, 1104, 96, 316, 896, 56, 302516, 2044
318620, 312, 1104, 96, 316, 896, 56, 302516, 2044
318620, 304, 1108, 96, 316, 896, 56, 302520, 2044
318620, 304, 1108, 96, 316, 892, 56, 302524, 2044
318620, 304, 1108, 92, 320, 892, 56, 302524, 2044
318620, 304, 1108, 92, 320, 892, 56, 302524, 2044
318620, 304, 1108, 92, 320, 892, 56, 302524, 2044
318616, 308, 1108, 92, 320, 892, 56, 302524, 2044
318616, 308, 1108, 92, 320, 892, 56, 302524, 2044
318616, 308, 1108, 92, 320, 888, 56, 302528, 2044
318616, 308, 1108, 92, 320, 888, 56, 302528, 2044
318616, 304, 1112, 92, 320, 884, 56, 302532, 2044
318616, 304, 1108, 92, 316, 884, 56, 302540, 2044
318616, 304, 1108, 92, 316, 884, 56, 302540, 2044
318616, 304, 1108, 92, 316, 884, 56, 302540, 2044
318616, 304, 1108, 92, 316, 884, 56, 302540, 2044
318616, 304, 1104, 92, 316, 884, 56, 302544, 2044
318616, 304, 1104, 92, 316, 884, 56, 302544, 2044
318616, 300, 1108, 92, 316, 884, 56, 302544, 2044
318616, 300, 1108, 92, 316, 880, 56, 302548, 2044
318616, 300, 1108, 92, 316, 880, 56, 302548, 2044
318616, 300, 1108, 88, 320, 880, 56, 302548, 2044
318616, 300, 1104, 88, 320, 880, 56, 302552, 2044
318616, 300, 1104, 88, 320, 880, 56, 302552, 2044
318616, 300, 1104, 88, 320, 880, 56, 302552, 2044
318616, 300, 1104, 88, 320, 880, 56, 302552, 2044
318616, 300, 1104, 88, 320, 880, 56, 302552, 2044
318616, 296, 1104, 88, 320, 880, 56, 302556, 2044
318616, 296, 1104, 88, 320, 876, 56, 302560, 2044
318616, 296, 1096, 84, 324, 876, 56, 302568, 2044
318616, 296, 1096, 84, 324, 868, 56, 302576, 2044
318616, 296, 1096, 84, 324, 868, 56, 302576, 2044
318616, 296, 1096, 84, 324, 868, 56, 302576, 2044
318612, 300, 1096, 84, 324, 864, 56, 302580, 2044
318612, 296, 1096, 84, 324, 864, 56, 302584, 2044
318612, 296, 1096, 84, 324, 864, 56, 302584, 2044
318612, 296, 1096, 84, 324, 864, 56, 302584, 2044
318612, 296, 1092, 84, 324, 864, 56, 302588, 2044
318612, 296, 1092, 84, 324, 864, 56, 302588, 2044
318612, 296, 1092, 84, 324, 864, 56, 302588, 2044
318612, 296, 1092, 84, 324, 864, 56, 302588, 2044
318612, 296, 1092, 84, 324, 864, 56, 302588, 2044
318612, 296, 1092, 84, 324, 864, 56, 302588, 2044
318612, 296, 1092, 84, 324, 864, 56, 302588, 2044
318612, 296, 1092, 84, 324, 864, 56, 302588, 2044
318612, 296, 1092, 84, 324, 864, 56, 302588, 2044
318612, 296, 1092, 84, 324, 864, 56, 302588, 2044
318612, 296, 1092, 84, 324, 864, 56, 302588, 2044
318612, 296, 1092, 84, 324, 864, 56, 302588, 2044
318612, 296, 1092, 84, 324, 864, 56, 302588, 2044
318612, 296, 1092, 84, 324, 864, 56, 302588, 2044
318612, 296, 1088, 84, 324, 864, 56, 302592, 2044
318612, 296, 1084, 84, 324, 864, 56, 302596, 2044
318612, 296, 1080, 84, 324, 864, 56, 302600, 2044
318612, 296, 1076, 84, 324, 864, 56, 302604, 2044
318612, 296, 1076, 84, 324, 864, 56, 302604, 2044
318612, 296, 1072, 84, 324, 864, 56, 302608, 2044
318608, 300, 1072, 84, 324, 864, 56, 302608, 2044
318608, 296, 1076, 84, 324, 864, 56, 302608, 2044
318608, 296, 1076, 84, 324, 864, 56, 302608, 2044
318608, 296, 1076, 84, 324, 864, 56, 302608, 2044
318608, 292, 1080, 84, 324, 864, 56, 302608, 2044
318608, 292, 1076, 84, 324, 864, 56, 302612, 2044
318604, 296, 1072, 84, 324, 864, 56, 302616, 2044
318604, 296, 1072, 84, 324, 864, 56, 302616, 2044
318604, 296, 1072, 84, 324, 860, 56, 302620, 2044
318604, 292, 1068, 88, 324, 860, 56, 302624, 2044
318604, 292, 1068, 88, 324, 860, 56, 302624, 2044
318604, 292, 1068, 88, 324, 860, 56, 302624, 2044
318604, 292, 1068, 88, 320, 864, 56, 302624, 2044
318600, 292, 1072, 88, 320, 864, 56, 302624, 2044
318600, 292, 1068, 88, 320, 860, 60, 302628, 2044
318596, 296, 1068, 88, 320, 860, 60, 302628, 2044
318596, 296, 1068, 88, 320, 860, 60, 302628, 2044
318596, 296, 1068, 88, 320, 860, 60, 302628, 2044
318596, 296, 1068, 88, 320, 860, 60, 302628, 2044
318592, 300, 1068, 88, 316, 860, 60, 302632, 2044
318592, 296, 1072, 88, 316, 860, 60, 302632, 2044
318592, 296, 1064, 88, 316, 860, 60, 302640, 2044
318588, 300, 1064, 88, 316, 860, 60, 302640, 2044
318588, 300, 1060, 88, 316, 860, 60, 302644, 2044
318584, 300, 1060, 88, 316, 856, 60, 302652, 2044
318584, 300, 1060, 88, 316, 856, 60, 302652, 2044
318584, 300, 1060, 88, 316, 856, 60, 302652, 2044
318580, 304, 1060, 88, 316, 856, 60, 302652, 2044
318580, 304, 1060, 88, 316, 852, 64, 302652, 2044
318580, 300, 1060, 92, 316, 852, 64, 302652, 2044
318576, 304, 1056, 92, 316, 852, 64, 302656, 2044
318576, 304, 1056, 92, 316, 856, 60, 302656, 2044
318576, 304, 1056, 92, 316, 856, 60, 302656, 2044
318576, 304, 1052, 92, 316, 856, 60, 302660, 2044
318576, 304, 1048, 92, 316, 856, 60, 302664, 2044
318576, 304, 1048, 92, 316, 856, 60, 302664, 2044
318576, 304, 1048, 92, 316, 856, 60, 302664, 2044
318576, 304, 1048, 92, 316, 856, 60, 302664, 2044
318572, 308, 1044, 92, 316, 856, 60, 302668, 2044
318572, 304, 1048, 92, 316, 856, 56, 302672, 2044
318572, 304, 1048, 92, 316, 856, 56, 302672, 2044
318572, 300, 1052, 92, 316, 856, 56, 302672, 2044
318572, 300, 1052, 92, 316, 856, 56, 302672, 2044
318568, 304, 1052, 92, 316, 856, 56, 302672, 2044
318568, 304, 1048, 92, 312, 860, 56, 302676, 2044
318568, 300, 1048, 92, 312, 860, 56, 302680, 2044
318564, 304, 1048, 92, 312, 860, 56, 302680, 2044
318564, 304, 1048, 92, 312, 860, 56, 302680, 2044
318564, 304, 1048, 92, 312, 860, 56, 302680, 2044
318564, 304, 1048, 92, 312, 860, 56, 302680, 2044
318564, 300, 1052, 88, 316, 860, 56, 302680, 2044
318564, 300, 1052, 88, 316, 860, 56, 302680, 2044
318564, 300, 1052, 88, 316, 856, 56, 302684, 2044
318560, 304, 1052, 88, 316, 856, 56, 302684, 2044
318560, 304, 1048, 88, 316, 856, 56, 302688, 2044
318560, 304, 1048, 88, 316, 856, 56, 302688, 2044
318560, 304, 1044, 88, 316, 856, 56, 302692, 2044
318552, 312, 1044, 88, 316, 856, 56, 302692, 2044
318548, 316, 1044, 88, 316, 852, 56, 302696, 2044
318548, 312, 1044, 92, 316, 852, 56, 302696, 2044
318548, 312, 1044, 92, 316, 852, 56, 302696, 2044
318548, 312, 1040, 92, 316, 852, 56, 302700, 2044
318548, 308, 1044, 88, 320, 852, 56, 302700, 2044
318548, 304, 1048, 84, 324, 852, 56, 302700, 2044
318540, 312, 1048, 84, 324, 852, 56, 302700, 2044
318540, 312, 1048, 84, 324, 852, 56, 302700, 2044
318540, 312, 1048, 84, 324, 852, 56, 302700, 2044
318540, 312, 1048, 84, 324, 852, 56, 302700, 2044
318540, 312, 1044, 84, 324, 852, 56, 302704, 2044
318540, 312, 1044, 84, 320, 852, 56, 302708, 2044
318540, 312, 1040, 84, 320, 852, 52, 302712, 2048
318540, 312, 1040, 84, 320, 848, 52, 302716, 2048
318540, 312, 1036, 84, 320, 848, 52, 302720, 2048
318540, 312, 1036, 84, 320, 848, 52, 302720, 2048
318540, 308, 1040, 84, 316, 848, 52, 302724, 2048
318540, 308, 1040, 84, 316, 848, 52, 302724, 2048
318540, 308, 1040, 84, 316, 848, 52, 302724, 2048
318540, 308, 1040, 84, 316, 848, 52, 302724, 2048
318540, 308, 1040, 84, 316, 848, 52, 302724, 2048
318540, 308, 1040, 84, 316, 848, 52, 302724, 2048
318540, 304, 1044, 84, 316, 848, 52, 302724, 2048
318540, 304, 1044, 84, 316, 848, 52, 302724, 2048
318540, 304, 1040, 84, 316, 848, 52, 302728, 2048
318540, 304, 1040, 84, 316, 848, 52, 302728, 2048
318540, 304, 1040, 84, 316, 848, 52, 302728, 2048
318540, 300, 1044, 84, 316, 848, 52, 302728, 2048
318540, 296, 1040, 88, 316, 844, 52, 302736, 2048
318540, 296, 1040, 88, 312, 844, 52, 302740, 2048
318540, 296, 1040, 88, 312, 844, 52, 302740, 2048
318540, 296, 1040, 88, 312, 844, 52, 302740, 2048
318540, 296, 1040, 88, 312, 844, 52, 302740, 2048
318536, 300, 1040, 88, 312, 844, 52, 302740, 2048
318536, 300, 1040, 88, 312, 840, 52, 302744, 2048
318536, 300, 1040, 88, 312, 840, 52, 302744, 2048
318536, 300, 1040, 88, 312, 840, 52, 302744, 2048
318536, 300, 1036, 88, 312, 840, 52, 302748, 2048
318536, 300, 1036, 88, 312, 840, 52, 302748, 2048
318536, 300, 1032, 88, 312, 840, 52, 302752, 2048
318536, 300, 1032, 88, 312, 840, 52, 302752, 2048
318536, 300, 1032, 88, 312, 840, 52, 302752, 2048
318536, 300, 1032, 88, 312, 840, 52, 302752, 2048
318532, 300, 1032, 92, 312, 840, 52, 302752, 2048
318528, 304, 1020, 92, 312, 840, 52, 302764, 2048
318528, 304, 1016, 92, 312, 840, 52, 302768, 2048
318528, 304, 1016, 92, 308, 840, 52, 302772, 2048
318528, 304, 1016, 92, 308, 836, 52, 302776, 2048
318528, 304, 1016, 92, 308, 836, 52, 302776, 2048
318528, 304, 1016, 92, 308, 836, 52, 302776, 2048
318528, 304, 1012, 92, 308, 836, 52, 302780, 2048
318528, 304, 1012, 92, 308, 836, 52, 302780, 2048
318528, 304, 1012, 92, 304, 836, 52, 302784, 2048
318524, 308, 1012, 92, 304, 836, 52, 302784, 2048
318524, 308, 1012, 92, 304, 836, 52, 302784, 2048
318524, 308, 1012, 92, 304, 836, 52, 302784, 2048
318524, 304, 1016, 92, 304, 836, 52, 302784, 2048
318524, 304, 1016, 92, 304, 836, 52, 302784, 2048
318524, 300, 1016, 96, 304, 832, 52, 302784, 2052
318524, 300, 1016, 96, 304, 832, 52, 302784, 2052
318524, 300, 1016, 96, 304, 828, 52, 302788, 2052
318524, 300, 1016, 96, 304, 828, 52, 302788, 2052
318524, 300, 1016, 96, 304, 828, 52, 302788, 2052
318524, 296, 1016, 100, 304, 828, 52, 302788, 2052
318524, 296, 1016, 100, 304, 828, 52, 302788, 2052
318524, 296, 1012, 100, 304, 824, 56, 302792, 2052
318524, 296, 1012, 100, 304, 824, 56, 302792, 2052
318520, 300, 1008, 96, 308, 824, 56, 302796, 2052
318520, 300, 1008, 96, 308, 824, 56, 302796, 2052
318520, 300, 1008, 96, 308, 824, 56, 302796, 2052
318520, 300, 1008, 96, 308, 824, 56, 302796, 2052
318520, 296, 1008, 100, 308, 824, 56, 302796, 2052
318520, 296, 1008, 96, 312, 824, 56, 302796, 2052
318516, 300, 1008, 96, 312, 824, 56, 302796, 2052
318516, 300, 1008, 96, 312, 824, 56, 302796, 2052
318516, 300, 1008, 92, 316, 824, 56, 302796, 2052
318516, 300, 1004, 92, 316, 824, 56, 302800, 2052
318516, 300, 1004, 92, 316, 824, 56, 302800, 2052
318516, 300, 1004, 88, 320, 824, 56, 302800, 2052
318516, 300, 1004, 88, 320, 824, 56, 302800, 2052
318516, 300, 1000, 88, 320, 824, 56, 302804, 2052
318516, 300, 996, 88, 320, 824, 56, 302808, 2052
318516, 300, 996, 88, 316, 824, 56, 302812, 2052
318516, 300, 992, 88, 316, 824, 56, 302816, 2052
318516, 300, 988, 88, 316, 824, 56, 302820, 2052
318516, 296, 992, 88, 316, 824, 56, 302820, 2052
318516, 296, 992, 88, 316, 824, 56, 302820, 2052
318516, 296, 992, 88, 316, 824, 56, 302820, 2052
318516, 296, 992, 88, 316, 824, 56, 302820, 2052
318516, 296, 992, 88, 312, 824, 56, 302824, 2052
318516, 296, 992, 88, 312, 820, 56, 302828, 2052
318516, 296, 992, 88, 312, 820, 56, 302828, 2052
318516, 292, 992, 92, 312, 820, 56, 302828, 2052
318516, 292, 992, 92, 312, 820, 56, 302828, 2052
318516, 292, 992, 92, 312, 820, 56, 302828, 2052
318512, 296, 988, 92, 312, 820, 56, 302832, 2052
318512, 296, 988, 92, 312, 820, 56, 302832, 2052
318512, 296, 988, 92, 312, 820, 56, 302832, 2052
318508, 300, 988, 92, 312, 816, 56, 302836, 2052
318508, 300, 984, 92, 312, 816, 56, 302840, 2052
318508, 300, 984, 92, 312, 816, 56, 302840, 2052
318508, 300, 984, 92, 312, 816, 56, 302840, 2052
318508, 300, 980, 92, 312, 816, 56, 302844, 2052
318508, 300, 980, 92, 312, 816, 56, 302844, 2052
318504, 304, 976, 92, 312, 816, 56, 302848, 2052
318504, 304, 976, 92, 312, 816, 56, 302848, 2052
318504, 304, 976, 92, 312, 816, 56, 302848, 2052
318504, 300, 976, 96, 312, 816, 56, 302848, 2052
318504, 300, 976, 96, 312, 816, 56, 302848, 2052
318504, 296, 980, 96, 312, 816, 56, 302848, 2052
318504, 296, 976, 96, 312, 816, 56, 302852, 2052
318496, 304, 968, 96, 312, 816, 56, 302860, 2052
318496, 304, 968, 96, 312, 816, 56, 302860, 2052
318492, 308, 968, 96, 312, 816, 56, 302860, 2052
318492, 308, 968, 96, 312, 816, 56, 302860, 2052
318492, 308, 968, 96, 312, 816, 56, 302860, 2052
318492, 308, 968, 96, 312, 816, 56, 302860, 2052
318492, 308, 968, 96, 312, 816, 56, 302860, 2052
318488, 308, 968, 100, 312, 816, 56, 302860, 2052
318488, 304, 972, 100, 312, 816, 56, 302860, 2052
318488, 304, 972, 100, 312, 816, 56, 302860, 2052
318488, 304, 972, 100, 312, 816, 56, 302860, 2052
318488, 304, 972, 100, 312, 816, 56, 302860, 2052
318484, 308, 972, 100, 312, 816, 56, 302860, 2052
318484, 308, 972, 100, 312, 816, 56, 302860, 2052
318480, 312, 972, 100, 308, 816, 56, 302860, 2056
318480, 312, 972, 100, 308, 816, 56, 302860, 2056
318480, 312, 968, 100, 308, 816, 56, 302864, 2056
318480, 312, 968, 100, 308, 816, 56, 302864, 2056
318480, 312, 964, 100, 308, 816, 56, 302868, 2056
318480, 312, 964, 100, 308, 816, 56, 302868, 2056
318480, 312, 960, 100, 308, 816, 56, 302872, 2056
318480, 312, 956, 100, 308, 816, 56, 302876, 2056
318480, 312, 956, 100, 308, 816, 56, 302876, 2056
318476, 316, 952, 100, 308, 812, 56, 302884, 2056
318476, 316, 952, 100, 308, 812, 56, 302884, 2056
318476, 312, 944, 104, 308, 812, 56, 302892, 2056
318476, 308, 948, 104, 308, 808, 56, 302896, 2056
318476, 308, 948, 104, 308, 808, 56, 302896, 2056
318476, 308, 948, 104, 308, 808, 56, 302896, 2056
318472, 312, 948, 104, 308, 808, 56, 302896, 2056
318472, 312, 948, 104, 308, 808, 56, 302896, 2056
318472, 312, 948, 104, 308, 808, 56, 302896, 2056
318472, 312, 944, 104, 308, 808, 56, 302900, 2056
318472, 312, 944, 100, 312, 808, 56, 302900, 2056
318472, 312, 944, 100, 308, 812, 52, 302904, 2056
318472, 312, 944, 100, 308, 812, 52, 302904, 2056
318472, 312, 940, 100, 308, 812, 52, 302908, 2056
318472, 312, 936, 100, 304, 812, 52, 302916, 2056
318472, 312, 936, 100, 304, 812, 52, 302916, 2056
318472, 312, 936, 100, 304, 812, 52, 302916, 2056
318472, 312, 936, 100, 304, 812, 52, 302916, 2056
318472, 312, 936, 100, 304, 812, 52, 302916, 2056
318472, 312, 936, 100, 304, 812, 48, 302916, 2060
318472, 312, 936, 100, 304, 812, 48, 302916, 2060
318472, 312, 936, 100, 304, 812, 48, 302916, 2060
318472, 308, 940, 100, 300, 816, 48, 302916, 2060
318472, 308, 940, 100, 300, 816, 48, 302916, 2060
318472, 308, 940, 100, 300, 816, 48, 302916, 2060
318468, 312, 940, 100, 300, 816, 48, 302916, 2060
318468, 312, 940, 100, 300, 816, 48, 302916, 2060
318468, 312, 940, 100, 296, 816, 48, 302920, 2060
318468, 312, 940, 100, 296, 816, 48, 302920, 2060
318468, 308, 944, 100, 296, 816, 48, 302920, 2060
318468, 308, 944, 100, 296, 812, 48, 302924, 2060
318468, 308, 944, 100, 296, 812, 48, 302924, 2060
318468, 308, 944, 100, 296, 812, 48, 302924, 2060
318468, 304, 948, 100, 296, 812, 48, 302924, 2060
318468, 304, 948, 100, 296, 808, 48, 302928, 2060
318468, 304, 948, 100, 296, 808, 48, 302928, 2060
318468, 304, 948, 100, 296, 808, 48, 302928, 2060
318468, 304, 948, 100, 296, 804, 48, 302932, 2060
318468, 304, 948, 100, 292, 804, 48, 302936, 2060
318468, 304, 940, 100, 292, 804, 48, 302944, 2060
318464, 308, 940, 100, 292, 804, 48, 302944, 2060
318460, 312, 940, 100, 292, 800, 48, 302948, 2060
318460, 312, 932, 96, 296, 800, 48, 302956, 2060
318460, 312, 932, 96, 296, 800, 48, 302956, 2060
318460, 312, 932, 96, 296, 800, 48, 302956, 2060
318460, 312, 932, 96, 296, 796, 48, 302960, 2060
318460, 308, 932, 96, 296, 796, 48, 302964, 2060
318460, 304, 936, 96, 296, 796, 48, 302964, 2060
318460, 300, 932, 96, 296, 796, 48, 302972, 2060
318460, 300, 932, 96, 296, 796, 48, 302972, 2060
318460, 296, 936, 96, 296, 796, 48, 302972, 2060
318460, 296, 936, 96, 296, 796, 48, 302972, 2060
318460, 296, 936, 96, 296, 796, 48, 302972, 2060
318460, 296, 936, 96, 296, 796, 48, 302972, 2060
318460, 296, 932, 96, 296, 796, 48, 302976, 2060
318460, 292, 936, 96, 296, 796, 48, 302976, 2060
318460, 292, 936, 96, 296, 796, 48, 302976, 2060
318460, 292, 936, 96, 296, 796, 48, 302976, 2060
318460, 288, 940, 96, 296, 796, 48, 302976, 2060
318460, 288, 940, 96, 296, 796, 48, 302976, 2060
318460, 288, 940, 96, 292, 796, 48, 302980, 2060
318460, 288, 940, 96, 292, 796, 48, 302980, 2060
318460, 288, 940, 96, 292, 796, 48, 302980, 2060
318456, 292, 940, 96, 292, 796, 48, 302980, 2060
318456, 292, 940, 96, 292, 796, 48, 302980, 2060
318456, 292, 940, 96, 292, 796, 48, 302980, 2060
318456, 292, 936, 96, 292, 796, 48, 302984, 2060
318456, 292, 936, 96, 292, 792, 48, 302988, 2060
318452, 296, 936, 96, 292, 792, 48, 302988, 2060
318452, 296, 936, 96, 292, 792, 48, 302988, 2060
318452, 296, 936, 96, 292, 792, 48, 302988, 2060
318448, 300, 936, 96, 292, 792, 48, 302988, 2060
318448, 296, 932, 100, 292, 788, 48, 302996, 2060
318444, 300, 932, 100, 292, 788, 48, 302996, 2060
318444, 300, 932, 100, 292, 788, 48, 302996, 2060
318444, 300, 932, 100, 292, 788, 48, 302996, 2060
318444, 296, 936, 100, 288, 788, 48, 303000, 2060
318444, 292, 940, 100, 288, 788, 48, 303000, 2060
318444, 292, 940, 100, 288, 788, 48, 303000, 2060
318444, 292, 940, 100, 288, 784, 52, 303000, 2060
318444, 288, 944, 100, 288, 784, 52, 303000, 2060
318444, 284, 948, 100, 288, 784, 52, 303000, 2060
318444, 284, 948, 100, 288, 784, 52, 303000, 2060
318444, 284, 948, 100, 288, 784, 52, 303000, 2060
318444, 284, 948, 100, 288, 784, 52, 303000, 2060
318444, 284, 948, 100, 288, 784, 52, 303000, 2060
318444, 284, 948, 100, 288, 784, 52, 303000, 2060
318444, 284, 948, 100, 288, 784, 52, 303000, 2060
318444, 284, 944, 100, 288, 784, 52, 303004, 2060
318440, 288, 944, 100, 288, 784, 52, 303004, 2060
318440, 288, 944, 100, 288, 784, 52, 303004, 2060
318440, 288, 944, 100, 288, 780, 52, 303008, 2060
318436, 288, 948, 100, 288, 780, 52, 303008, 2060
318436, 288, 948, 100, 288, 780, 52, 303008, 2060
318436, 284, 948, 100, 288, 780, 52, 303012, 2060
318436, 284, 948, 100, 284, 784, 52, 303012, 2060
318436, 284, 948, 100, 284, 784, 52, 303012, 2060
318436, 284, 944, 100, 284, 784, 52, 303016, 2060
318436, 280, 944, 104, 284, 784, 52, 303016, 2060
318436, 280, 944, 104, 284, 784, 52, 303016, 2060
318432, 280, 948, 104, 284, 784, 52, 303016, 2060
318432, 280, 948, 104, 284, 784, 52, 303016, 2060
318432, 280, 948, 104, 284, 784, 52, 303016, 2060
318432, 280, 948, 104, 284, 784, 52, 303016, 2060
318432, 280, 948, 104, 284, 784, 52, 303016, 2060
318432, 280, 948, 104, 280, 788, 52, 303016, 2060
318432, 280, 948, 104, 280, 788, 52, 303016, 2060
318432, 280, 948, 104, 280, 788, 52, 303016, 2060
318432, 276, 952, 104, 276, 788, 52, 303020, 2060
318432, 276, 952, 104, 276, 788, 52, 303020, 2060
318432, 276, 952, 104, 276, 788, 52, 303020, 2060
318432, 276, 952, 104, 276, 788, 52, 303020, 2060
318432, 276, 952, 104, 272, 784, 52, 303028, 2060
318428, 280, 952, 104, 272, 784, 52, 303028, 2060
318424, 284, 952, 104, 272, 784, 52, 303028, 2060
318424, 284, 948, 104, 272, 784, 52, 303032, 2060
318424, 280, 952, 104, 272, 788, 48, 303032, 2060
318424, 280, 948, 104, 272, 788, 48, 303036, 2060
318424, 276, 948, 108, 272, 788, 48, 303036, 2060
318424, 272, 952, 108, 272, 784, 48, 303040, 2060
318424, 272, 952, 108, 272, 784, 48, 303040, 2060
318424, 264, 960, 108, 272, 784, 48, 303040, 2060
318420, 264, 964, 108, 272, 784, 48, 303040, 2060
318420, 260, 968, 108, 272, 784, 48, 303040, 2060
318420, 256, 968, 108, 272, 780, 48, 303048, 2060
318420, 256, 968, 108, 272, 780, 48, 303048, 2060
318420, 256, 968, 108, 272, 776, 48, 303052, 2060
318420, 256, 964, 108, 272, 776, 48, 303056, 2060
318420, 256, 964, 108, 272, 776, 48, 303056, 2060
318420, 256, 964, 108, 272, 776, 48, 303056, 2060
318416, 260, 964, 108, 272, 776, 48, 303056, 2060
318412, 264, 960, 108, 272, 776, 48, 303060, 2060
318408, 268, 960, 108, 272, 776, 48, 303060, 2060
318408, 268, 960, 108, 272, 776, 48, 303060, 2060
318408, 264, 960, 112, 272, 776, 48, 303060, 2060
318408, 264, 960, 112, 272, 776, 48, 303060, 2060
318408, 260, 960, 116, 272, 776, 48, 303060, 2060
318408, 260, 960, 116, 272, 776, 48, 303060, 2060
318408, 260, 956, 116, 272, 776, 48, 303064, 2060
318408, 260, 956, 116, 272, 776, 48, 303064, 2060
318408, 260, 956, 116, 272, 780, 44, 303064, 2060
318404, 264, 956, 116, 272, 780, 44, 303064, 2060
318404, 264, 956, 116, 272, 780, 44, 303064, 2060
318404, 264, 956, 116, 272, 780, 44, 303064, 2060
318404, 260, 960, 116, 272, 780, 44, 303064, 2060
318404, 260, 960, 116, 272, 780, 44, 303064, 2060
318404, 260, 960, 116, 272, 780, 44, 303064, 2060
318404, 260, 960, 116, 272, 780, 44, 303064, 2060
318404, 260, 960, 116, 272, 780, 44, 303064, 2060
318404, 256, 964, 116, 272, 780, 44, 303064, 2060
318404, 256, 964, 116, 272, 780, 44, 303064, 2060
318404, 256, 964, 116, 272, 780, 44, 303064, 2060
318404, 256, 964, 116, 272, 780, 44, 303064, 2060
318404, 252, 968, 116, 272, 780, 44, 303064, 2060
318404, 252, 968, 116, 272, 780, 44, 303064, 2060
318404, 252, 968, 116, 272, 780, 44, 303064, 2060
318404, 252, 968, 116, 272, 780, 44, 303064, 2060
318404, 252, 964, 116, 268, 780, 44, 303068, 2064
318404, 252, 964, 116, 268, 780, 44, 303068, 2064
318404, 252, 964, 116, 268, 780, 44, 303068, 2064
318404, 252, 964, 116, 268, 780, 44, 303068, 2064
318404, 252, 956, 116, 268, 776, 44, 303080, 2064
318404, 252, 952, 116, 268, 776, 44, 303084, 2064
318400, 248, 956, 120, 268, 776, 44, 303084, 2064
318400, 244, 952, 120, 268, 776, 44, 303092, 2064
318400, 240, 956, 120, 268, 776, 44, 303092, 2064
318400, 240, 956, 116, 272, 772, 44, 303096, 2064
318400, 240, 956, 116, 272, 772, 44, 303096, 2064
318400, 240, 956, 116, 268, 776, 44, 303096, 2064
318400, 236, 956, 120, 268, 776, 44, 303096, 2064
318400, 236, 952, 120, 268, 776, 44, 303100, 2064
318400, 236, 952, 120, 268, 776, 44, 303100, 2064
318400, 236, 948, 120, 268, 776, 44, 303104, 2064
318400, 236, 948, 120, 268, 772, 44, 303108, 2064
318400, 236, 948, 116, 272, 772, 44, 303108, 2064
318400, 236, 948, 116, 272, 772, 44, 303108, 2064
318400, 236, 948, 116, 272, 772, 44, 303108, 2064
318400, 236, 948, 116, 268, 772, 44, 303112, 2064
318400, 236, 948, 116, 268, 768, 44, 303116, 2064
318400, 236, 948, 116, 268, 768, 44, 303116, 2064
318400, 232, 952, 116, 268, 760, 44, 303124, 2064
318400, 232, 952, 116, 268, 760, 44, 303124, 2064
318400, 232, 952, 116, 268, 760, 44, 303124, 2064
318400, 232, 952, 116, 268, 760, 44, 303124, 2064
318400, 232, 952, 116, 268, 760, 44, 303124, 2064
318400, 232, 952, 116, 268, 760, 44, 303124, 2064
318400, 232, 952, 116, 268, 760, 44, 303124, 2064
318400, 232, 952, 116, 268, 760, 44, 303124, 2064
318400, 232, 952, 116, 268, 760, 44, 303124, 2064
318400, 232, 952, 116, 268, 760, 44, 303124, 2064
318400, 232, 952, 116, 268, 760, 44, 303124, 2064
318400, 232, 952, 116, 268, 760, 44, 303124, 2064
318400, 232, 948, 116, 264, 760, 44, 303132, 2064
318400, 232, 948, 116, 264, 760, 44, 303132, 2064
318400, 232, 948, 116, 264, 760, 44, 303132, 2064
318400, 232, 944, 116, 264, 760, 44, 303136, 2064
318400, 232, 944, 116, 264, 760, 44, 303136, 2064
318400, 232, 944, 116, 264, 760, 44, 303136, 2064
318400, 232, 944, 116, 264, 760, 44, 303136, 2064
318400, 228, 948, 116, 264, 760, 44, 303136, 2064
318400, 228, 948, 116, 264, 760, 44, 303136, 2064
318400, 228, 948, 116, 264, 756, 44, 303140, 2064
318400, 228, 944, 116, 264, 752, 44, 303144, 2068
318400, 228, 944, 116, 264, 752, 44, 303144, 2068
318400, 228, 940, 116, 260, 752, 44, 303152, 2068
318396, 232, 940, 116, 260, 752, 44, 303152, 2068
318396, 232, 940, 112, 264, 752, 44, 303152, 2068
318396, 232, 940, 112, 264, 752, 44, 303152, 2068
318396, 232, 940, 112, 264, 752, 44, 303152, 2068
318396, 228, 944, 112, 260, 752, 44, 303156, 2068
318396, 228, 944, 112, 260, 752, 44, 303156, 2068
318396, 224, 944, 112, 260, 752, 44, 303160, 2068
318396, 224, 944, 112, 256, 752, 44, 303164, 2068
318396, 224, 944, 112, 252, 752, 44, 303168, 2068
318396, 224, 944, 112, 252, 748, 44, 303172, 2068
318396, 224, 944, 112, 252, 748, 44, 303172, 2068
318396, 224, 944, 112, 252, 748, 44, 303172, 2068
318396, 224, 944, 112, 252, 748, 44, 303172, 2068
318396, 220, 948, 112, 252, 744, 44, 303176, 2068
318396, 216, 952, 112, 252, 744, 44, 303176, 2068
318396, 216, 952, 112, 252, 744, 44, 303176, 2068
318396, 216, 952, 112, 252, 744, 44, 303176, 2068
318392, 220, 948, 112, 252, 740, 44, 303184, 2068
318392, 220, 948, 112, 252, 740, 44, 303184, 2068
318392, 220, 948, 112, 252, 740, 44, 303184, 2068
318392, 220, 948, 112, 252, 740, 44, 303184, 2068
318392, 220, 944, 112, 252, 740, 44, 303188, 2068
318392, 220, 944, 112, 252, 740, 44, 303188, 2068
318388, 220, 944, 112, 252, 736, 44, 303196, 2068
318388, 220, 944, 112, 252, 736, 44, 303196, 2068
318388, 220, 944, 112, 248, 736, 44, 303196, 2072
318388, 220, 944, 112, 248, 736, 44, 303196, 2072
318388, 220, 940, 112, 248, 736, 44, 303200, 2072
318388, 220, 940, 112, 248, 732, 44, 303204, 2072
318388, 220, 940, 112, 248, 732, 44, 303204, 2072
318388, 220, 940, 112, 248, 732, 44, 303204, 2072
318388, 220, 940, 112, 248, 732, 44, 303204, 2072
318388, 220, 940, 112, 248, 732, 44, 303204, 2072
318388, 220, 940, 112, 248, 732, 44, 303204, 2072
318388, 220, 940, 112, 248, 732, 44, 303204, 2072
318388, 220, 940, 112, 248, 732, 44, 303204, 2072
318388, 220, 940, 112, 248, 732, 44, 303204, 2072
318388, 220, 940, 112, 248, 732, 44, 303204, 2072
318388, 220, 940, 112, 248, 732, 44, 303204, 2072
318388, 220, 940, 112, 248, 732, 44, 303204, 2072
318388, 220, 940, 112, 248, 732, 44, 303204, 2072
318388, 220, 936, 112, 248, 732, 44, 303208, 2072
318388, 220, 936, 112, 248, 732, 44, 303208, 2072
318388, 220, 936, 112, 248, 732, 44, 303208, 2072
318388, 220, 936, 112, 248, 732, 44, 303208, 2072
318388, 216, 940, 112, 248, 732, 44, 303208, 2072
318388, 216, 932, 112, 248, 728, 44, 303220, 2072
318388, 216, 932, 112, 248, 728, 44, 303220, 2072
318388, 216, 932, 112, 248, 724, 44, 303224, 2072
318388, 216, 932, 112, 248, 724, 44, 303224, 2072
318388, 212, 932, 112, 248, 724, 44, 303228, 2072
318388, 208, 936, 112, 248, 724, 44, 303228, 2072
318388, 208, 936, 112, 248, 724, 44, 303228, 2072
318388, 208, 936, 112, 248, 724, 44, 303228, 2072
318388, 208, 936, 112, 248, 724, 44, 303228, 2072
318388, 204, 936, 116, 248, 724, 44, 303228, 2072
318388, 204, 932, 116, 248, 724, 44, 303232, 2072
318388, 204, 932, 116, 248, 724, 44, 303232, 2072
318388, 204, 932, 116, 248, 724, 44, 303232, 2072
318388, 204, 932, 116, 248, 724, 44, 303232, 2072
318388, 204, 932, 116, 248, 724, 44, 303232, 2072
318388, 204, 932, 116, 248, 724, 44, 303232, 2072
318388, 204, 932, 116, 248, 724, 44, 303232, 2072
318388, 204, 932, 116, 248, 724, 44, 303232, 2072
318384, 208, 932, 116, 248, 724, 44, 303232, 2072
318384, 208, 928, 116, 248, 724, 44, 303236, 2072
318384, 208, 928, 116, 248, 724, 44, 303236, 2072
318384, 208, 928, 116, 248, 720, 44, 303240, 2072
318384, 208, 928, 116, 248, 720, 44, 303240, 2072
318384, 204, 932, 116, 248, 720, 44, 303240, 2072
318384, 204, 928, 116, 248, 720, 44, 303244, 2072
318384, 204, 928, 116, 248, 720, 44, 303244, 2072
318384, 204, 924, 116, 248, 720, 44, 303248, 2072
318384, 204, 924, 116, 248, 720, 44, 303248, 2072
318384, 204, 924, 116, 248, 720, 44, 303248, 2072
318384, 204, 924, 116, 248, 720, 44, 303248, 2072
318384, 204, 924, 116, 248, 720, 44, 303248, 2072
318384, 200, 928, 116, 248, 720, 44, 303248, 2072
318384, 200, 928, 116, 248, 720, 44, 303248, 2072
318384, 200, 928, 116, 248, 720, 44, 303248, 2072
318384, 200, 928, 116, 248, 720, 44, 303248, 2072
318384, 200, 928, 116, 248, 720, 44, 303248, 2072
318384, 200, 928, 116, 248, 720, 44, 303248, 2072
318384, 200, 928, 116, 248, 720, 44, 303248, 2072
318380, 200, 932, 116, 248, 720, 44, 303248, 2072
318380, 200, 932, 116, 248, 716, 44, 303252, 2072
318380, 200, 932, 116, 248, 716, 44, 303252, 2072
318380, 196, 932, 120, 248, 716, 44, 303252, 2072
318380, 196, 932, 120, 248, 716, 44, 303252, 2072
318380, 196, 928, 120, 248, 716, 44, 303256, 2072
318380, 196, 924, 120, 248, 716, 44, 303260, 2072
318380, 196, 920, 120, 248, 716, 44, 303264, 2072
318376, 200, 920, 120, 248, 716, 44, 303264, 2072
318376, 200, 920, 120, 248, 716, 44, 303264, 2072
318376, 200, 920, 120, 248, 712, 44, 303268, 2072
318376, 200, 920, 120, 248, 704, 48, 303272, 2072
318376, 200, 920, 120, 248, 704, 48, 303272, 2072
318376, 200, 916, 120, 248, 704, 48, 303276, 2072
318376, 200, 916, 120, 248, 704, 48, 303276, 2072
318376, 200, 916, 120, 248, 704, 48, 303276, 2072
318376, 200, 916, 120, 248, 704, 48, 303276, 2072
318376, 200, 916, 120, 248, 704, 48, 303276, 2072
318376, 200, 916, 120, 248, 704, 48, 303276, 2072
318372, 204, 916, 120, 248, 704, 48, 303276, 2072
318372, 204, 916, 120, 248, 704, 48, 303276, 2072
318372, 204, 916, 120, 248, 704, 48, 303276, 2072
318372, 204, 916, 116, 244, 704, 48, 303284, 2072
318372, 200, 920, 116, 244, 704, 48, 303284, 2072
318372, 200, 920, 116, 244, 704, 48, 303284, 2072
318372, 200, 920, 116, 244, 704, 48, 303284, 2072
318372, 200, 920, 116, 244, 704, 48, 303284, 2072
318372, 200, 920, 116, 244, 704, 48, 303284, 2072
318372, 192, 924, 120, 244, 704, 48, 303284, 2072
318372, 192, 924, 120, 244, 704, 48, 303284, 2072
318372, 192, 924, 116, 248, 704, 48, 303284, 2072
318368, 196, 924, 116, 248, 704, 48, 303284, 2072
318368, 196, 924, 116, 248, 704, 48, 303284, 2072
318368, 196, 924, 112, 252, 704, 48, 303284, 2072
318368, 196, 924, 112, 252, 704, 48, 303284, 2072
318368, 192, 924, 116, 252, 704, 48, 303284, 2072
318368, 192, 924, 116, 252, 704, 48, 303284, 2072
318368, 192, 924, 116, 252, 704, 48, 303284, 2072
318360, 200, 924, 116, 248, 704, 48, 303288, 2072
318356, 204, 920, 116, 248, 704, 48, 303292, 2072
318356, 204, 920, 116, 248, 704, 48, 303292, 2072
318356, 204, 920, 116, 248, 704, 48, 303292, 2072
318356, 200, 924, 116, 248, 704, 48, 303292, 2072
318356, 200, 924, 116, 248, 704, 48, 303292, 2072
318356, 200, 924, 116, 248, 704, 48, 303292, 2072
318356, 200, 924, 116, 248, 704, 48, 303292, 2072
318356, 200, 924, 116, 248, 704, 48, 303292, 2072
318356, 196, 928, 116, 248, 704, 48, 303292, 2072
318356, 196, 928, 116, 248, 704, 48, 303292, 2072
318356, 196, 928, 116, 248, 704, 48, 303292, 2072
318356, 196, 928, 116, 248, 704, 48, 303292, 2072
318356, 196, 928, 116, 248, 700, 48, 303296, 2072
318356, 196, 928, 116, 248, 700, 48, 303296, 2072
318356, 196, 928, 116, 248, 700, 48, 303296, 2072
318356, 196, 928, 116, 248, 696, 48, 303300, 2072
318356, 196, 928, 116, 248, 696, 48, 303300, 2072
318356, 196, 928, 116, 248, 696, 48, 303300, 2072
318356, 196, 928, 116, 248, 696, 48, 303300, 2072
318356, 196, 924, 116, 248, 696, 48, 303304, 2072
318352, 200, 920, 116, 248, 696, 48, 303308, 2072
318352, 200, 920, 116, 248, 696, 48, 303308, 2072
318352, 200, 920, 116, 248, 696, 48, 303308, 2072
318352, 200, 920, 116, 248, 696, 48, 303308, 2072
318352, 200, 920, 116, 248, 696, 48, 303308, 2072
318352, 200, 920, 116, 248, 696, 48, 303308, 2072
318352, 200, 916, 116, 248, 696, 48, 303312, 2072
318352, 196, 916, 120, 248, 696, 48, 303312, 2072
318352, 196, 916, 120, 248, 696, 48, 303312, 2072
318352, 196, 912, 120, 248, 696, 48, 303316, 2072
318352, 196, 912, 120, 244, 696, 48, 303320, 2072
318352, 196, 912, 120, 244, 696, 48, 303320, 2072
318352, 196, 912, 120, 244, 696, 48, 303320, 2072
318352, 192, 916, 120, 244, 692, 48, 303324, 2072
318352, 192, 912, 120, 244, 692, 48, 303328, 2072
318352, 192, 912, 120, 244, 692, 48, 303328, 2072
318352, 192, 912, 120, 244, 692, 48, 303328, 2072
318352, 192, 912, 120, 244, 692, 48, 303328, 2072
318352, 192, 912, 120, 244, 692, 48, 303328, 2072
318352, 192, 912, 120, 244, 692, 48, 303328, 2072
318352, 192, 912, 120, 244, 692, 48, 303328, 2072
318352, 192, 912, 120, 244, 692, 48, 303328, 2072
318352, 192, 912, 120, 244, 692, 48, 303328, 2072
318352, 192, 912, 120, 244, 692, 48, 303328, 2072
318352, 192, 912, 120, 244, 692, 48, 303328, 2072
318352, 192, 912, 120, 244, 688, 48, 303332, 2072
318352, 192, 912, 120, 244, 688, 48, 303332, 2072
318352, 188, 916, 120, 244, 688, 48, 303332, 2072
318352, 184, 920, 120, 244, 688, 48, 303332, 2072
318352, 184, 920, 120, 244, 688, 48, 303332, 2072
318352, 184, 920, 120, 244, 688, 48, 303332, 2072
318352, 180, 924, 120, 244, 688, 48, 303332, 2072
318352, 176, 928, 120, 244, 688, 48, 303332, 2072
318352, 176, 924, 120, 244, 688, 48, 303336, 2072
318352, 176, 924, 120, 244, 688, 48, 303336, 2072
318352, 176, 924, 120, 244, 688, 48, 303336, 2072
318352, 172, 924, 124, 244, 688, 48, 303336, 2072
318352, 172, 924, 120, 248, 688, 48, 303336, 2072
318352, 172, 924, 120, 244, 688, 48, 303340, 2072
318352, 172, 924, 120, 244, 688, 48, 303340, 2072
318352, 172, 920, 120, 244, 688, 48, 303344, 2072
318352, 172, 920, 120, 244, 688, 48, 303344, 2072
318348, 176, 920, 120, 244, 688, 48, 303344, 2072
318348, 172, 924, 120, 244, 688, 48, 303344, 2072
318348, 172, 924, 120, 244, 688, 48, 303344, 2072
318348, 172, 920, 120, 244, 688, 48, 303348, 2072
318348, 172, 920, 120, 244, 688, 48, 303348, 2072
318348, 168, 924, 120, 244, 688, 48, 303348, 2072
318348, 168, 924, 120, 244, 688, 48, 303348, 2072
318348, 168, 924, 120, 244, 688, 48, 303348, 2072
318348, 168, 924, 120, 244, 688, 48, 303348, 2072
318348, 168, 924, 120, 244, 688, 48, 303348, 2072
318348, 168, 924, 120, 244, 688, 48, 303348, 2072
318344, 172, 924, 120, 244, 688, 48, 303348, 2072
318344, 172, 924, 120, 244, 688, 48, 303348, 2072
318344, 172, 924, 120, 244, 688, 48, 303348, 2072
318344, 172, 924, 120, 244, 684, 48, 303352, 2072
318344, 172, 924, 120, 244, 680, 48, 303356, 2072
318344, 172, 920, 120, 244, 680, 48, 303360, 2072
318344, 172, 920, 116, 248, 680, 48, 303360, 2072
318344, 172, 920, 116, 248, 680, 48, 303360, 2072
318344, 172, 920, 116, 248, 680, 48, 303360, 2072
318344, 172, 920, 116, 248, 680, 48, 303360, 2072
318344, 172, 920, 116, 248, 680, 48, 303360, 2072
318344, 172, 920, 116, 248, 680, 48, 303360, 2072
318344, 172, 920, 116, 248, 680, 48, 303360, 2072
318344, 172, 920, 116, 248, 676, 52, 303360, 2072
318344, 172, 920, 116, 248, 676, 52, 303360, 2072
318344, 172, 916, 116, 248, 676, 52, 303364, 2072
318344, 172, 912, 116, 248, 676, 52, 303368, 2072
318344, 172, 912, 116, 248, 676, 52, 303368, 2072
318344, 172, 912, 116, 248, 676, 52, 303368, 2072
318344, 172, 912, 116, 248, 676, 52, 303368, 2072
318344, 172, 912, 116, 248, 676, 52, 303368, 2072
318344, 172, 912, 116, 248, 676, 52, 303368, 2072
318340, 176, 912, 116, 248, 676, 52, 303368, 2072
318340, 176, 912, 116, 248, 676, 52, 303368, 2072
318340, 176, 912, 116, 248, 676, 52, 303368, 2072
318340, 176, 912, 116, 248, 676, 52, 303368, 2072
318340, 172, 916, 112, 248, 680, 52, 303368, 2072
318340, 172, 916, 112, 248, 680, 52, 303368, 2072
318340, 172, 912, 112, 248, 680, 52, 303372, 2072
318340, 172, 912, 112, 248, 680, 52, 303372, 2072
318340, 168, 916, 112, 248, 672, 52, 303380, 2072
318336, 172, 916, 112, 244, 672, 52, 303384, 2072
318336, 172, 916, 112, 244, 672, 52, 303384, 2072
318336, 172, 912, 112, 244, 672, 52, 303388, 2072
318336, 168, 916, 112, 244, 672, 52, 303388, 2072
318332, 172, 916, 112, 240, 672, 52, 303392, 2072
318332, 172, 916, 112, 236, 672, 52, 303396, 2072
318332, 172, 912, 112, 236, 672, 52, 303400, 2072
318332, 168, 916, 112, 236, 672, 52, 303400, 2072
318332, 168, 916, 112, 236, 672, 52, 303400, 2072
318332, 168, 916, 112, 236, 672, 52, 303400, 2072
318332, 168, 916, 112, 236, 672, 52, 303400, 2072
318316, 184, 916, 112, 236, 672, 52, 303400, 2072
318312, 188, 916, 112, 236, 672, 52, 303400, 2072
318312, 188, 916, 108, 240, 672, 52, 303400, 2072
318312, 188, 912, 108, 240, 672, 52, 303404, 2072
318312, 188, 904, 108, 240, 672, 52, 303412, 2072
318312, 188, 904, 108, 240, 672, 52, 303412, 2072
318312, 188, 904, 108, 240, 672, 52, 303412, 2072
318312, 188, 904, 108, 240, 672, 52, 303412, 2072
318312, 188, 904, 108, 240, 672, 52, 303412, 2072
318312, 188, 904, 108, 240, 672, 52, 303412, 2072
318312, 188, 900, 108, 240, 672, 52, 303416, 2072
318312, 188, 900, 108, 240, 672, 52, 303416, 2072
318312, 188, 900, 108, 240, 672, 52, 303416, 2072
318312, 188, 896, 108, 240, 672, 52, 303420, 2072
318312, 188, 896, 108, 240, 672, 52, 303420, 2072
318312, 188, 896, 108, 240, 668, 52, 303424, 2072
318308, 192, 896, 104, 244, 668, 52, 303424, 2072
318308, 192, 896, 104, 244, 668, 52, 303424, 2072
318308, 192, 896, 104, 244, 668, 52, 303424, 2072
318308, 192, 896, 104, 244, 668, 52, 303424, 2072
318308, 192, 896, 104, 244, 668, 52, 303424, 2072
318308, 192, 896, 104, 244, 668, 52, 303424, 2072
318308, 192, 896, 104, 244, 668, 52, 303424, 2072
318308, 192, 896, 104, 244, 668, 52, 303424, 2072
318308, 192, 896, 104, 244, 668, 52, 303424, 2072
318308, 192, 896, 100, 248, 668, 52, 303424, 2072
318308, 192, 896, 100, 248, 668, 52, 303424, 2072
318308, 192, 892, 100, 248, 668, 52, 303428, 2072
318308, 192, 892, 100, 248, 664, 52, 303432, 2072
318308, 192, 892, 100, 248, 664, 52, 303432, 2072
318304, 196, 892, 100, 248, 660, 52, 303436, 2072
318304, 192, 896, 96, 252, 660, 52, 303436, 2072
318304, 192, 892, 96, 252, 660, 52, 303440, 2072
318304, 192, 892, 96, 252, 660, 52, 303440, 2072
318304, 192, 892, 96, 252, 660, 52, 303440, 2072
318304, 192, 892, 96, 252, 660, 52, 303440, 2072
318304, 192, 892, 96, 252, 660, 52, 303440, 2072
318304, 192, 892, 96, 252, 660, 52, 303440, 2072
318304, 192, 892, 96, 252, 660, 52, 303440, 2072
318304, 192, 892, 96, 248, 664, 52, 303440, 2072
318296, 200, 892, 96, 248, 664, 52, 303440, 2072
318296, 200, 892, 96, 248, 664, 52, 303440, 2072
318296, 200, 892, 96, 248, 664, 52, 303440, 2072
318296, 200, 892, 96, 248, 664, 52, 303440, 2072
318296, 200, 892, 96, 248, 664, 52, 303440, 2072
318296, 200, 892, 96, 248, 664, 52, 303440, 2072
318296, 196, 896, 96, 248, 664, 52, 303440, 2072
318296, 196, 892, 96, 248, 664, 52, 303444, 2072
318296, 196, 892, 96, 248, 664, 52, 303444, 2072
318296, 196, 892, 96, 248, 664, 52, 303444, 2072
318296, 196, 892, 96, 248, 660, 52, 303448, 2072
318296, 196, 892, 96, 248, 656, 52, 303452, 2072
318296, 196, 892, 96, 248, 656, 52, 303452, 2072
318296, 192, 892, 100, 248, 656, 52, 303452, 2072
318296, 192, 892, 100, 248, 656, 52, 303452, 2072
318296, 192, 892, 100, 248, 656, 52, 303452, 2072
318296, 192, 892, 100, 248, 656, 52, 303452, 2072
318296, 192, 892, 100, 248, 656, 52, 303452, 2072
318296, 192, 892, 100, 244, 656, 52, 303456, 2072
318296, 192, 892, 100, 244, 656, 52, 303456, 2072
318296, 192, 892, 100, 244, 652, 52, 303460, 2072
318296, 192, 892, 100, 244, 652, 52, 303460, 2072
318296, 188, 896, 100, 244, 652, 52, 303460, 2072
318296, 184, 896, 100, 244, 652, 52, 303464, 2072
318296, 184, 896, 100, 244, 652, 52, 303464, 2072
318296, 184, 896, 100, 244, 652, 52, 303464, 2072
318296, 184, 896, 100, 244, 652, 52, 303464, 2072
318296, 184, 896, 100, 240, 652, 52, 303468, 2072
318296, 180, 900, 100, 240, 648, 52, 303472, 2072
318296, 180, 900, 100, 240, 648, 52, 303472, 2072
318296, 180, 900, 100, 240, 648, 52, 303472, 2072
318296, 180, 900, 100, 240, 648, 52, 303472, 2072
318296, 180, 892, 96, 244, 648, 52, 303480, 2072
318296, 180, 892, 96, 244, 648, 52, 303480, 2072
318296, 180, 892, 96, 244, 648, 52, 303480, 2072
318296, 180, 892, 96, 244, 648, 52, 303480, 2072
318296, 180, 888, 96, 244, 648, 52, 303484, 2072
318296, 180, 888, 96, 244, 648, 52, 303484, 2072
318296, 180, 888, 96, 244, 648, 52, 303484, 2072
318296, 180, 884, 96, 244, 648, 52, 303488, 2072
318296, 180, 884, 92, 248, 648, 52, 303488, 2072
318296, 180, 884, 92, 248, 648, 52, 303488, 2072
318292, 184, 884, 92, 248, 644, 52, 303492, 2072
318292, 184, 884, 92, 248, 644, 52, 303492, 2072
318292, 184, 884, 92, 248, 644, 52, 303492, 2072
318288, 188, 884, 92, 248, 644, 52, 303492, 2072
318288, 188, 884, 92, 248, 644, 52, 303492, 2072
318288, 188, 884, 92, 248, 644, 52, 303492, 2072
318288, 188, 884, 92, 248, 640, 52, 303496, 2072
318288, 188, 884, 92, 248, 640, 52, 303496, 2072
318288, 188, 884, 92, 248, 640, 52, 303496, 2072
318288, 188, 884, 92, 248, 640, 52, 303496, 2072
318288, 188, 884, 92, 248, 640, 52, 303496, 2072
318288, 184, 888, 92, 248, 640, 52, 303496, 2072
318288, 184, 888, 92, 248, 640, 52, 303496, 2072
318284, 188, 888, 92, 248, 640, 52, 303496, 2072
318280, 192, 888, 92, 248, 640, 52, 303496, 2072
318280, 188, 888, 92, 248, 640, 52, 303500, 2072
318280, 188, 884, 92, 248, 640, 52, 303504, 2072
318276, 192, 880, 92, 248, 640, 52, 303508, 2072
318276, 192, 880, 88, 252, 640, 52, 303508, 2072
318276, 192, 880, 88, 252, 640, 52, 303508, 2072
318276, 192, 880, 88, 252, 640, 52, 303508, 2072
318276, 192, 880, 88, 252, 640, 52, 303508, 2072
318276, 192, 880, 88, 252, 640, 52, 303508, 2072
318276, 188, 884, 88, 252, 640, 52, 303508, 2072
318276, 188, 880, 88, 252, 636, 52, 303516, 2072
318272, 192, 880, 88, 252, 632, 52, 303520, 2072
318272, 192, 872, 88, 252, 632, 52, 303528, 2072
318272, 192, 872, 88, 252, 632, 52, 303528, 2072
318264, 200, 872, 88, 252, 632, 52, 303528, 2072
318264, 200, 872, 88, 252, 632, 52, 303528, 2072
318264, 200, 872, 88, 252, 632, 52, 303528, 2072
318264, 200, 872, 88, 252, 632, 52, 303528, 2072
318260, 204, 872, 88, 252, 632, 52, 303528, 2072
318260, 196, 876, 92, 252, 632, 52, 303528, 2072
318260, 196, 876, 92, 252, 632, 52, 303528, 2072
318260, 196, 876, 92, 252, 632, 52, 303528, 2072
318260, 196, 872, 92, 252, 632, 52, 303532, 2072
318252, 204, 868, 92, 252, 632, 52, 303536, 2072
318252, 204, 868, 92, 252, 632, 52, 303536, 2072
318248, 208, 868, 92, 252, 632, 52, 303536, 2072
318248, 204, 872, 92, 252, 632, 52, 303536, 2072
318248, 204, 872, 92, 252, 632, 52, 303536, 2072
318248, 200, 876, 92, 252, 632, 52, 303536, 2072
318244, 204, 868, 92, 252, 632, 52, 303544, 2072
318244, 204, 868, 92, 252, 632, 52, 303544, 2072
318244, 204, 868, 92, 252, 632, 52, 303544, 2072
318244, 204, 868, 92, 252, 628, 52, 303548, 2072
318240, 208, 868, 92, 252, 624, 52, 303548, 2076
318240, 208, 868, 92, 252, 624, 52, 303548, 2076
318240, 208, 868, 92, 252, 624, 52, 303548, 2076
318236, 212, 868, 92, 252, 624, 52, 303548, 2076
318232, 216, 868, 92, 252, 624, 52, 303548, 2076
318232, 216, 868, 92, 252, 624, 52, 303548, 2076
318232, 216, 868, 92, 252, 624, 52, 303548, 2076
318232, 216, 868, 92, 252, 624, 52, 303548, 2076
318232, 216, 868, 92, 252, 624, 52, 303548, 2076
318232, 216, 868, 92, 252, 624, 52, 303548, 2076
318232, 216, 868, 92, 252, 624, 52, 303548, 2076
318232, 216, 868, 88, 256, 624, 52, 303548, 2076
318228, 220, 868, 88, 256, 624, 52, 303548, 2076
318228, 220, 868, 88, 256, 624, 52, 303548, 2076
318228, 220, 868, 88, 256, 624, 52, 303548, 2076
318228, 220, 868, 88, 256, 624, 52, 303548, 2076
318228, 216, 868, 92, 256, 624, 52, 303548, 2076
318228, 216, 868, 92, 256, 624, 52, 303548, 2076
318228, 216, 868, 92, 256, 624, 52, 303548, 2076
318224, 216, 868, 96, 256, 624, 52, 303548, 2076
318224, 212, 872, 96, 256, 624, 52, 303548, 2076
318224, 212, 872, 96, 256, 624, 52, 303548, 2076
318224, 212, 872, 96, 256, 624, 52, 303548, 2076
318224, 212, 868, 96, 256, 624, 52, 303552, 2076
318224, 212, 868, 96, 256, 624, 52, 303552, 2076
318224, 212, 868, 96, 256, 624, 52, 303552, 2076
318224, 212, 868, 96, 256, 624, 52, 303552, 2076
318224, 212, 868, 96, 256, 624, 52, 303552, 2076
318224, 212, 868, 96, 256, 624, 52, 303552, 2076
318224, 212, 868, 92, 260, 624, 52, 303552, 2076
318224, 212, 868, 92, 260, 624, 52, 303552, 2076
318224, 212, 868, 92, 260, 624, 52, 303552, 2076
318224, 212, 868, 92, 260, 624, 52, 303552, 2076
318220, 216, 868, 92, 256, 624, 52, 303556, 2076
318220, 216, 868, 92, 256, 624, 52, 303556, 2076
318220, 216, 868, 92, 256, 624, 52, 303556, 2076
318220, 216, 868, 92, 256, 624, 52, 303556, 2076
318220, 216, 868, 92, 256, 624, 52, 303556, 2076
318220, 216, 868, 92, 256, 624, 52, 303556, 2076
318220, 212, 872, 92, 256, 624, 52, 303556, 2076
318216, 216, 868, 92, 256, 624, 52, 303560, 2076
318216, 216, 864, 88, 260, 624, 52, 303564, 2076
318216, 216, 856, 88, 260, 624, 52, 303572, 2076
318216, 216, 852, 88, 256, 628, 48, 303580, 2076
318216, 216, 848, 88, 256, 628, 48, 303584, 2076
318216, 216, 848, 88, 252, 628, 48, 303588, 2076
318216, 216, 848, 88, 252, 628, 48, 303588, 2076
318216, 216, 848, 88, 252, 628, 48, 303588, 2076
318216, 216, 844, 88, 252, 628, 48, 303592, 2076
318216, 216, 844, 88, 248, 628, 48, 303596, 2076
318212, 220, 844, 88, 248, 628, 48, 303596, 2076
318212, 220, 840, 88, 248, 628, 48, 303600, 2076
318212, 220, 836, 88, 248, 628, 48, 303604, 2076
318208, 224, 836, 88, 248, 628, 48, 303604, 2076
318208, 224, 836, 88, 248, 628, 48, 303604, 2076
318208, 224, 836, 88, 248, 628, 48, 303604, 2076
318208, 224, 836, 88, 248, 628, 48, 303604, 2076
318208, 224, 836, 88, 248, 628, 48, 303604, 2076
318208, 224, 836, 88, 248, 628, 48, 303604, 2076
318208, 224, 832, 88, 244, 628, 48, 303612, 2076
318208, 224, 832, 88, 244, 628, 48, 303612, 2076
318208, 224, 832, 88, 244, 628, 48, 303612, 2076
318208, 224, 832, 88, 244, 628, 48, 303612, 2076
318208, 220, 836, 88, 244, 628, 48, 303612, 2076
318208, 220, 836, 88, 244, 628, 48, 303612, 2076
318208, 220, 836, 88, 244, 628, 48, 303612, 2076
318208, 220, 836, 88, 244, 628, 48, 303612, 2076
318208, 220, 836, 88, 244, 628, 48, 303612, 2076
318204, 224, 836, 88, 244, 628, 48, 303612, 2076
318204, 224, 836, 88, 244, 628, 48, 303612, 2076
318204, 220, 836, 92, 244, 628, 48, 303612, 2076
318204, 220, 836, 92, 244, 624, 48, 303616, 2076
318204, 220, 836, 92, 244, 628, 44, 303616, 2076
318204, 220, 836, 92, 244, 620, 44, 303624, 2076
318204, 220, 832, 92, 244, 620, 44, 303628, 2076
318204, 220, 832, 92, 244, 620, 44, 303628, 2076
318204, 220, 832, 92, 244, 620, 44, 303628, 2076
318204, 220, 832, 92, 244, 620, 44, 303628, 2076
318204, 220, 832, 92, 244, 620, 44, 303628, 2076
318204, 220, 832, 92, 244, 620, 44, 303628, 2076
318204, 220, 832, 92, 244, 620, 44, 303628, 2076
318204, 220, 832, 92, 244, 620, 44, 303628, 2076
318204, 220, 832, 92, 244, 620, 44, 303628, 2076
318204, 220, 828, 92, 244, 620, 44, 303632, 2076
318204, 220, 828, 92, 244, 620, 44, 303632, 2076
318204, 220, 828, 92, 244, 620, 44, 303632, 2076
318204, 220, 828, 92, 244, 620, 44, 303632, 2076
318204, 220, 828, 92, 244, 620, 44, 303632, 2076
318204, 220, 828, 92, 244, 620, 44, 303632, 2076
318204, 220, 828, 92, 244, 616, 44, 303636, 2076
318204, 220, 828, 88, 248, 616, 44, 303636, 2076
318204, 220, 828, 88, 244, 616, 44, 303640, 2076
318200, 224, 828, 88, 244, 616, 44, 303640, 2076
318200, 224, 828, 88, 244, 616, 44, 303640, 2076
318196, 228, 828, 88, 244, 616, 44, 303640, 2076
318196, 228, 828, 88, 244, 616, 44, 303640, 2076
318196, 228, 828, 84, 248, 616, 44, 303640, 2076
318196, 224, 828, 84, 248, 616, 44, 303644, 2076
318196, 224, 828, 84, 248, 616, 44, 303644, 2076
318196, 224, 828, 84, 248, 616, 44, 303644, 2076
318196, 224, 828, 84, 248, 616, 44, 303644, 2076
318196, 224, 824, 84, 248, 616, 44, 303648, 2076
318196, 224, 824, 84, 248, 616, 44, 303648, 2076
318196, 224, 824, 84, 248, 616, 44, 303648, 2076
318196, 224, 824, 84, 248, 616, 44, 303648, 2076
318192, 224, 828, 80, 252, 616, 44, 303648, 2076
318192, 224, 828, 80, 252, 616, 44, 303648, 2076
318192, 224, 828, 80, 252, 616, 44, 303648, 2076
318192, 224, 828, 76, 256, 616, 44, 303648, 2076
318192, 224, 828, 76, 256, 616, 44, 303648, 2076
318192, 224, 828, 76, 256, 616, 44, 303648, 2076
318188, 228, 828, 76, 256, 616, 44, 303648, 2076
318184, 232, 824, 76, 256, 616, 44, 303652, 2076
318180, 236, 820, 72, 256, 616, 44, 303660, 2076
318180, 236, 820, 72, 256, 616, 44, 303660, 2076
318180, 236, 820, 72, 256, 616, 44, 303660, 2076
318180, 232, 824, 72, 256, 616, 44, 303660, 2076
318180, 228, 824, 76, 256, 616, 44, 303660, 2076
318180, 228, 824, 76, 256, 616, 44, 303660, 2076
318176, 232, 824, 76, 256, 616, 44, 303660, 2076
318176, 232, 824, 76, 256, 616, 44, 303660, 2076
318172, 232, 824, 76, 256, 616, 44, 303664, 2076
318172, 232, 820, 76, 256, 616, 44, 303668, 2076
318172, 232, 820, 76, 256, 612, 44, 303672, 2076
318172, 232, 820, 76, 256, 612, 44, 303672, 2076
318172, 232, 820, 76, 256, 608, 44, 303676, 2076
318172, 232, 816, 76, 256, 608, 44, 303680, 2076
318168, 236, 816, 76, 252, 608, 44, 303684, 2076
318168, 236, 816, 76, 252, 608, 44, 303684, 2076
318168, 236, 816, 76, 252, 608, 44, 303684, 2076
318168, 236, 816, 72, 256, 608, 44, 303684, 2076
318168, 236, 816, 72, 256, 608, 44, 303684, 2076
318168, 236, 816, 72, 256, 608, 44, 303684, 2076
318168, 236, 816, 72, 256, 608, 44, 303684, 2076
318164, 240, 816, 72, 252, 608, 44, 303688, 2076
318164, 240, 816, 72, 252, 608, 44, 303688, 2076
318164, 240, 816, 72, 248, 608, 44, 303692, 2076
318164, 240, 816, 72, 248, 608, 44, 303692, 2076
318164, 240, 816, 72, 248, 608, 44, 303692, 2076
318160, 244, 816, 72, 248, 608, 44, 303692, 2076
318160, 244, 816, 72, 244, 608, 44, 303696, 2076
318160, 244, 816, 72, 244, 604, 44, 303700, 2076
318160, 244, 812, 72, 240, 600, 44, 303712, 2076
318160, 244, 812, 72, 240, 600, 44, 303712, 2076
318160, 244, 812, 72, 240, 600, 44, 303712, 2076
318160, 240, 812, 72, 240, 600, 44, 303716, 2076
318160, 240, 808, 72, 240, 600, 44, 303720, 2076
318160, 240, 808, 72, 240, 600, 44, 303720, 2076
318160, 236, 812, 72, 240, 600, 44, 303720, 2076
318160, 236, 812, 72, 240, 600, 44, 303720, 2076
318160, 236, 812, 72, 240, 600, 44, 303720, 2076
318160, 236, 812, 72, 236, 600, 44, 303724, 2076
318160, 232, 816, 72, 236, 600, 44, 303724, 2076
318160, 232, 816, 72, 236, 600, 44, 303724, 2076
318156, 236, 816, 72, 236, 600, 44, 303724, 2076
318156, 236, 816, 72, 236, 600, 44, 303724, 2076
318156, 236, 816, 72, 236, 600, 44, 303724, 2076
318156, 232, 820, 68, 240, 600, 44, 303724, 2076
318156, 232, 820, 68, 240, 600, 44, 303724, 2076
318152, 236, 816, 68, 240, 600, 44, 303728, 2076
318152, 236, 816, 68, 240, 600, 44, 303728, 2076
318152, 236, 816, 68, 240, 600, 44, 303728, 2076
318152, 236, 816, 68, 240, 596, 44, 303732, 2076
318152, 232, 820, 68, 240, 596, 44, 303732, 2076
318152, 232, 820, 68, 240, 596, 44, 303732, 2076
318152, 232, 820, 68, 240, 596, 44, 303732, 2076
318152, 232, 820, 68, 240, 596, 44, 303732, 2076
318152, 232, 820, 68, 240, 596, 44, 303732, 2076
318152, 232, 820, 68, 240, 596, 44, 303732, 2076
318148, 236, 820, 68, 240, 596, 44, 303732, 2076
318144, 240, 820, 64, 244, 596, 44, 303732, 2076
318144, 240, 820, 64, 244, 596, 44, 303732, 2076
318144, 240, 820, 64, 244, 592, 44, 303736, 2076
318144, 240, 820, 64, 244, 592, 44, 303736, 2076
318144, 240, 816, 64, 244, 592, 44, 303740, 2076
318144, 240, 816, 64, 244, 592, 44, 303740, 2076
318144, 240, 816, 64, 244, 592, 44, 303740, 2076
318144, 240, 816, 64, 244, 592, 44, 303740, 2076
318144, 240, 816, 64, 244, 588, 44, 303744, 2076
318144, 236, 820, 64, 244, 588, 44, 303744, 2076
318144, 236, 820, 64, 244, 588, 44, 303744, 2076
318144, 236, 820, 64, 244, 588, 44, 303744, 2076
318144, 236, 812, 64, 244, 588, 44, 303752, 2076
318144, 236, 808, 64, 244, 588, 44, 303756, 2076
318144, 236, 808, 64, 244, 588, 44, 303756, 2076
318144, 236, 808, 64, 244, 588, 44, 303756, 2076
318144, 236, 808, 64, 244, 588, 44, 303756, 2076
318144, 232, 812, 64, 244, 588, 44, 303756, 2076
318144, 232, 812, 64, 244, 588, 44, 303756, 2076
318144, 232, 808, 64, 244, 588, 44, 303760, 2076
318144, 228, 812, 64, 244, 588, 44, 303760, 2076
318144, 228, 812, 64, 244, 588, 44, 303760, 2076
318144, 228, 812, 64, 244, 588, 44, 303760, 2076
318144, 228, 812, 64, 244, 588, 44, 303760, 2076
318144, 228, 812, 64, 244, 588, 44, 303760, 2076
318144, 228, 812, 64, 244, 588, 44, 303760, 2076
318144, 228, 812, 64, 244, 588, 44, 303760, 2076
318144, 228, 812, 60, 248, 588, 44, 303760, 2076
318144, 228, 804, 60, 248, 588, 44, 303768, 2076
318144, 228, 804, 60, 248, 588, 44, 303768, 2076
318144, 228, 804, 60, 248, 588, 44, 303768, 2076
318144, 228, 804, 60, 248, 588, 44, 303768, 2076
318144, 228, 804, 60, 248, 584, 44, 303772, 2076
318144, 224, 804, 56, 252, 584, 44, 303776, 2076
318144, 220, 808, 56, 252, 580, 44, 303776, 2080
318144, 220, 808, 56, 252, 580, 44, 303776, 2080
318144, 220, 808, 56, 252, 580, 44, 303776, 2080
318144, 220, 808, 56, 252, 580, 44, 303776, 2080
318144, 220, 808, 56, 252, 580, 44, 303776, 2080
318140, 224, 808, 56, 252, 580, 44, 303776, 2080
318140, 220, 812, 56, 252, 580, 44, 303776, 2080
318140, 220, 812, 56, 248, 580, 44, 303780, 2080
318140, 220, 812, 56, 248, 580, 44, 303780, 2080
318140, 220, 812, 56, 248, 580, 44, 303780, 2080
318140, 220, 812, 56, 248, 580, 44, 303780, 2080
318140, 220, 808, 56, 248, 580, 44, 303784, 2080
318140, 220, 808, 56, 248, 580, 44, 303784, 2080
318140, 220, 808, 56, 248, 580, 44, 303784, 2080
318140, 220, 808, 56, 248, 580, 44, 303784, 2080
318140, 220, 808, 56, 248, 580, 44, 303784, 2080
318140, 220, 804, 56, 244, 580, 44, 303792, 2080
318140, 220, 804, 56, 244, 580, 44, 303792, 2080
318140, 216, 808, 56, 240, 580, 44, 303796, 2080
318140, 216, 808, 56, 240, 580, 44, 303796, 2080
318140, 216, 808, 56, 240, 580, 44, 303796, 2080
318140, 216, 808, 56, 240, 580, 44, 303796, 2080
318140, 212, 808, 56, 240, 576, 44, 303804, 2080
318136, 212, 812, 56, 240, 576, 44, 303804, 2080
318136, 212, 808, 56, 240, 576, 44, 303808, 2080
318136, 212, 808, 56, 240, 576, 44, 303808, 2080
318136, 212, 804, 56, 240, 576, 44, 303812, 2080
318136, 212, 804, 56, 240, 576, 44, 303812, 2080
318136, 212, 800, 56, 240, 576, 44, 303816, 2080
318136, 208, 804, 56, 240, 576, 44, 303816, 2080
318136, 208, 800, 56, 240, 576, 44, 303820, 2080
318136, 208, 800, 56, 240, 576, 44, 303820, 2080
318136, 204, 804, 56, 240, 576, 44, 303820, 2080
318136, 204, 804, 56, 240, 576, 44, 303820, 2080
318132, 204, 808, 56, 240, 576, 44, 303820, 2080
318132, 204, 808, 56, 240, 576, 44, 303820, 2080
318132, 204, 808, 56, 240, 576, 44, 303820, 2080
318132, 204, 808, 56, 240, 572, 44, 303824, 2080
318132, 200, 804, 60, 240, 572, 44, 303828, 2080
318132, 200, 804, 60, 240, 572, 44, 303828, 2080
318132, 200, 800, 60, 240, 572, 44, 303832, 2080
318132, 196, 804, 60, 240, 568, 44, 303836, 2080
318132, 196, 804, 60, 240, 568, 44, 303836, 2080
318132, 196, 804, 60, 236, 568, 44, 303840, 2080
318132, 196, 804, 60, 236, 568, 44, 303840, 2080
318132, 196, 804, 60, 236, 568, 44, 303840, 2080
318132, 196, 804, 60, 236, 568, 44, 303840, 2080
318128, 200, 804, 60, 236, 568, 44, 303840, 2080
318128, 200, 804, 60, 236, 568, 44, 303840, 2080
318128, 200, 804, 60, 236, 568, 44, 303840, 2080
318128, 200, 804, 60, 236, 568, 44, 303840, 2080
318128, 200, 804, 60, 236, 568, 44, 303840, 2080
318128, 200, 804, 60, 236, 568, 44, 303840, 2080
318128, 200, 804, 60, 236, 568, 44, 303840, 2080
318128, 200, 804, 60, 236, 568, 44, 303840, 2080
318128, 200, 804, 60, 236, 568, 44, 303840, 2080
318128, 200, 804, 60, 232, 568, 44, 303844, 2080
318128, 200, 804, 60, 232, 568, 44, 303844, 2080
318128, 200, 804, 60, 232, 568, 44, 303844, 2080
318128, 200, 804, 60, 232, 568, 44, 303844, 2080
318128, 200, 804, 60, 232, 568, 44, 303844, 2080
318128, 200, 804, 60, 232, 568, 44, 303844, 2080
318124, 204, 804, 60, 232, 568, 44, 303844, 2080
318124, 204, 804, 60, 232, 568, 44, 303844, 2080
318124, 200, 808, 60, 232, 568, 44, 303844, 2080
318124, 200, 808, 60, 232, 568, 44, 303844, 2080
318124, 200, 808, 60, 232, 568, 44, 303844, 2080
318124, 200, 808, 60, 232, 568, 44, 303844, 2080
318124, 200, 808, 60, 232, 568, 44, 303844, 2080
318124, 200, 808, 60, 228, 572, 44, 303844, 2080
318124, 200, 808, 60, 228, 572, 44, 303844, 2080
318124, 200, 808, 60, 228, 572, 44, 303844, 2080
318124, 200, 804, 60, 228, 572, 44, 303848, 2080
318120, 204, 804, 60, 228, 572, 44, 303848, 2080
318116, 208, 804, 60, 224, 572, 44, 303852, 2080
318116, 208, 804, 60, 224, 572, 44, 303852, 2080
318116, 208, 804, 60, 224, 572, 44, 303852, 2080
318116, 208, 804, 60, 224, 572, 44, 303852, 2080
318116, 208, 804, 60, 224, 572, 44, 303852, 2080
318116, 208, 804, 60, 224, 572, 44, 303852, 2080
318116, 208, 804, 60, 224, 568, 44, 303856, 2080
318112, 212, 804, 60, 220, 568, 44, 303860, 2080
318112, 212, 804, 60, 220, 568, 44, 303860, 2080
318112, 212, 804, 60, 220, 568, 44, 303860, 2080
318112, 212, 804, 60, 220, 568, 44, 303860, 2080
318112, 204, 808, 64, 220, 568, 44, 303860, 2080
318108, 208, 808, 64, 220, 564, 44, 303864, 2080
318108, 208, 808, 64, 220, 564, 44, 303864, 2080
318100, 216, 808, 64, 220, 564, 44, 303864, 2080
318100, 216, 808, 64, 220, 564, 44, 303864, 2080
318100, 216, 808, 64, 216, 564, 44, 303868, 2080
318100, 216, 808, 64, 216, 564, 44, 303868, 2080
318100, 208, 816, 64, 216, 564, 44, 303868, 2080
318100, 208, 816, 64, 212, 568, 44, 303868, 2080
318100, 208, 816, 64, 212, 568, 44, 303868, 2080
318100, 204, 820, 64, 212, 568, 44, 303868, 2080
318100, 204, 816, 64, 212, 568, 44, 303872, 2080
318100, 204, 816, 64, 212, 568, 44, 303872, 2080
318100, 204, 816, 64, 212, 568, 44, 303872, 2080
318100, 200, 820, 64, 212, 564, 44, 303876, 2080
318100, 200, 820, 64, 212, 564, 44, 303876, 2080
318100, 196, 820, 68, 212, 564, 44, 303876, 2080
318100, 196, 820, 68, 212, 564, 44, 303876, 2080
318100, 196, 820, 68, 212, 564, 44, 303876, 2080
318100, 196, 820, 68, 212, 564, 44, 303876, 2080
318100, 196, 820, 68, 212, 564, 44, 303876, 2080
318100, 196, 820, 68, 208, 564, 44, 303876, 2084
318100, 196, 820, 68, 208, 564, 44, 303876, 2084
318100, 196, 820, 68, 208, 564, 44, 303876, 2084
318100, 196, 820, 68, 208, 564, 44, 303876, 2084
318100, 196, 820, 68, 208, 564, 44, 303876, 2084
318096, 200, 816, 68, 208, 564, 44, 303880, 2084
318096, 200, 812, 68, 208, 564, 44, 303884, 2084
318096, 196, 816, 68, 208, 560, 44, 303888, 2084
318096, 196, 816, 68, 208, 560, 44, 303888, 2084
318096, 196, 812, 68, 208, 560, 44, 303892, 2084
318096, 196, 812, 68, 208, 560, 44, 303892, 2084
318096, 196, 812, 68, 208, 560, 44, 303892, 2084
318092, 200, 812, 68, 208, 560, 44, 303892, 2084
318092, 200, 812, 68, 208, 560, 44, 303892, 2084
318092, 200, 812, 68, 208, 556, 44, 303896, 2084
318092, 200, 812, 68, 208, 556, 44, 303896, 2084
318092, 200, 812, 68, 208, 556, 44, 303896, 2084
318092, 200, 812, 68, 208, 556, 44, 303896, 2084
318092, 200, 812, 68, 208, 556, 44, 303896, 2084
318088, 204, 812, 68, 208, 556, 44, 303896, 2084
318088, 204, 812, 68, 208, 556, 44, 303896, 2084
318084, 208, 812, 68, 208, 556, 44, 303896, 2084
318084, 208, 812, 68, 208, 556, 44, 303896, 2084
318084, 208, 812, 68, 208, 556, 44, 303896, 2084
318084, 204, 816, 68, 208, 556, 44, 303896, 2084
318084, 204, 816, 68, 208, 556, 44, 303896, 2084
318084, 204, 816, 68, 208, 556, 44, 303896, 2084
318084, 204, 816, 68, 208, 556, 44, 303896, 2084
318084, 204, 816, 68, 204, 560, 44, 303896, 2084
318080, 208, 816, 68, 204, 560, 44, 303896, 2084
318080, 208, 816, 68, 204, 560, 44, 303896, 2084
318080, 208, 812, 68, 200, 560, 44, 303904, 2084
318080, 208, 812, 68, 200, 560, 44, 303904, 2084
318080, 208, 812, 68, 200, 560, 44, 303904, 2084
318080, 208, 812, 68, 200, 560, 44, 303904, 2084
318080, 208, 812, 68, 200, 560, 44, 303904, 2084
318080, 208, 812, 68, 200, 560, 44, 303904, 2084
318080, 208, 812, 68, 200, 564, 40, 303904, 2084
318080, 208, 812, 68, 200, 564, 40, 303904, 2084
318080, 208, 812, 68, 200, 564, 40, 303904, 2084
318080, 204, 812, 72, 200, 564, 40, 303904, 2084
318080, 200, 816, 72, 200, 560, 40, 303908, 2084
318080, 200, 816, 72, 200, 560, 40, 303908, 2084
318080, 200, 816, 72, 200, 560, 40, 303908, 2084
318080, 200, 816, 72, 200, 560, 40, 303908, 2084
318080, 200, 816, 72, 200, 560, 40, 303908, 2084
318080, 200, 812, 72, 200, 560, 40, 303912, 2084
318080, 200, 812, 72, 200, 560, 40, 303912, 2084
318080, 200, 808, 72, 200, 560, 40, 303916, 2084
318080, 200, 808, 72, 200, 560, 40, 303916, 2084
318080, 200, 804, 72, 200, 560, 40, 303920, 2084
318080, 200, 800, 72, 200, 560, 40, 303924, 2084
318080, 196, 800, 76, 200, 560, 40, 303924, 2084
318080, 196, 800, 76, 200, 560, 40, 303924, 2084
318080, 188, 808, 76, 200, 560, 40, 303924, 2084
318080, 188, 808, 76, 200, 560, 40, 303924, 2084
318080, 188, 808, 72, 204, 560, 40, 303924, 2084
318080, 188, 804, 72, 204, 560, 40, 303928, 2084
318080, 188, 804, 72, 204, 560, 40, 303928, 2084
318080, 188, 804, 72, 204, 560, 40, 303928, 2084
318080, 188, 804, 72, 200, 560, 40, 303932, 2084
318080, 188, 804, 72, 200, 560, 40, 303932, 2084
318080, 188, 804, 72, 200, 560, 40, 303932, 2084
318080, 188, 804, 72, 196, 564, 40, 303932, 2084
318080, 188, 804, 72, 196, 560, 40, 303936, 2084
318080, 188, 804, 72, 196, 560, 40, 303936, 2084
318080, 188, 804, 72, 196, 560, 40, 303936, 2084
318080, 188, 804, 72, 196, 560, 40, 303936, 2084
318080, 188, 804, 68, 200, 560, 40, 303936, 2084
318080, 184, 808, 68, 200, 560, 40, 303936, 2084
318080, 184, 808, 68, 200, 560, 40, 303936, 2084
318080, 184, 808, 68, 200, 560, 40, 303936, 2084
318080, 184, 808, 68, 200, 560, 40, 303936, 2084
318080, 184, 808, 68, 200, 560, 40, 303936, 2084
318080, 180, 812, 68, 200, 560, 40, 303936, 2084
318080, 180, 812, 64, 204, 560, 40, 303936, 2084
318080, 180, 812, 64, 204, 556, 44, 303936, 2084
318080, 180, 812, 64, 204, 556, 44, 303936, 2084
318080, 180, 812, 64, 204, 556, 44, 303936, 2084
318080, 180, 812, 64, 204, 556, 44, 303936, 2084
318080, 180, 812, 64, 204, 552, 44, 303940, 2084
318080, 180, 812, 64, 196, 556, 44, 303944, 2084
318076, 184, 812, 64, 196, 556, 44, 303944, 2084
318076, 184, 812, 64, 196, 556, 44, 303944, 2084
318076, 184, 812, 60, 200, 556, 44, 303944, 2084
318076, 180, 816, 60, 200, 556, 44, 303944, 2084
318076, 180, 812, 60, 200, 556, 44, 303948, 2084
318076, 180, 812, 60, 200, 556, 44, 303948, 2084
318076, 180, 812, 60, 200, 556, 44, 303948, 2084
318076, 180, 812, 60, 200, 556, 44, 303948, 2084
318076, 180, 812, 60, 200, 556, 44, 303948, 2084
318076, 180, 808, 60, 200, 556, 44, 303952, 2084
318076, 180, 808, 60, 200, 556, 44, 303952, 2084
318068, 188, 808, 60, 200, 556, 44, 303952, 2084
318068, 188, 808, 60, 200, 556, 44, 303952, 2084
318068, 188, 808, 60, 200, 556, 44, 303952, 2084
318064, 192, 808, 60, 200, 556, 44, 303952, 2084
318064, 192, 808, 60, 200, 556, 44, 303952, 2084
318064, 192, 808, 60, 200, 556, 44, 303952, 2084
318060, 196, 808, 60, 200, 556, 44, 303952, 2084
318060, 196, 808, 60, 200, 556, 44, 303952, 2084
318052, 204, 804, 60, 200, 556, 44, 303956, 2084
318052, 204, 800, 60, 196, 556, 44, 303964, 2084
318052, 204, 800, 60, 196, 556, 44, 303964, 2084
318052, 204, 792, 60, 192, 556, 44, 303976, 2084
318052, 204, 792, 60, 192, 556, 44, 303976, 2084
318052, 204, 788, 60, 192, 556, 44, 303980, 2084
318052, 200, 792, 60, 192, 556, 44, 303980, 2084
318052, 200, 792, 60, 192, 556, 44, 303980, 2084
318052, 196, 796, 60, 192, 556, 44, 303980, 2084
318048, 200, 796, 60, 192, 556, 44, 303980, 2084
318048, 200, 796, 60, 192, 556, 44, 303980, 2084
318048, 200, 796, 60, 192, 556, 44, 303980, 2084
318048, 200, 796, 60, 192, 556, 44, 303980, 2084
318048, 200, 796, 60, 192, 556, 44, 303980, 2084
318048, 200, 796, 60, 192, 556, 44, 303980, 2084
318048, 200, 792, 60, 192, 556, 44, 303984, 2084
318048, 200, 792, 60, 192, 556, 44, 303984, 2084
318048, 200, 792, 60, 192, 556, 44, 303984, 2084
318048, 200, 792, 60, 192, 556, 44, 303984, 2084
318048, 200, 792, 60, 192, 556, 44, 303984, 2084
318048, 200, 792, 60, 192, 556, 44, 303984, 2084
318048, 200, 792, 60, 192, 556, 44, 303984, 2084
318048, 200, 792, 60, 192, 556, 44, 303984, 2084
318048, 200, 792, 60, 192, 556, 44, 303984, 2084
318044, 204, 792, 60, 192, 556, 44, 303984, 2084
318044, 204, 792, 60, 192, 556, 44, 303984, 2084
318044, 204, 792, 60, 192, 556, 44, 303984, 2084
318044, 204, 792, 60, 192, 556, 44, 303984, 2084
318044, 204, 792, 60, 192, 552, 44, 303984, 2088
318044, 204, 792, 60, 192, 552, 44, 303984, 2088
318044, 200, 796, 60, 192, 552, 44, 303984, 2088
318044, 200, 796, 60, 192, 552, 44, 303984, 2088
318044, 200, 796, 60, 192, 552, 44, 303984, 2088
318044, 200, 796, 60, 192, 552, 44, 303984, 2088
318040, 204, 796, 60, 192, 552, 44, 303984, 2088
318040, 204, 796, 60, 192, 552, 44, 303984, 2088
318040, 200, 800, 60, 192, 552, 44, 303984, 2088
318040, 200, 800, 60, 192, 552, 44, 303984, 2088
318040, 200, 800, 60, 192, 552, 44, 303984, 2088
318040, 200, 800, 60, 192, 552, 44, 303984, 2088
318040, 200, 800, 60, 192, 552, 44, 303984, 2088
318040, 200, 800, 60, 192, 552, 44, 303984, 2088
318040, 200, 800, 60, 192, 552, 44, 303984, 2088
318040, 200, 796, 60, 192, 552, 44, 303988, 2088
318040, 200, 792, 60, 192, 552, 44, 303992, 2088
318040, 200, 792, 60, 192, 552, 44, 303992, 2088
318040, 200, 792, 60, 192, 552, 44, 303992, 2088
318040, 196, 796, 60, 192, 552, 44, 303992, 2088
318040, 196, 796, 60, 192, 552, 44, 303992, 2088
318040, 196, 796, 60, 192, 552, 44, 303992, 2088
318040, 196, 796, 60, 192, 552, 44, 303992, 2088
318040, 196, 796, 60, 192, 552, 44, 303992, 2088
318036, 200, 792, 60, 188, 552, 44, 304000, 2088
318036, 200, 792, 60, 188, 548, 44, 304004, 2088
318036, 200, 792, 60, 188, 548, 44, 304004, 2088
318036, 200, 792, 60, 188, 548, 44, 304004, 2088
318036, 200, 792, 60, 188, 548, 44, 304004, 2088
318036, 200, 792, 60, 188, 548, 44, 304004, 2088
318036, 200, 792, 60, 188, 548, 44, 304004, 2088
318036, 200, 792, 60, 188, 548, 44, 304004, 2088
318036, 200, 784, 60, 188, 548, 44, 304012, 2088
318036, 200, 780, 60, 188, 548, 44, 304016, 2088
318036, 200, 780, 60, 188, 548, 44, 304016, 2088
318036, 200, 776, 60, 188, 548, 44, 304020, 2088
318036, 200, 772, 60, 188, 548, 44, 304024, 2088
318036, 200, 772, 60, 188, 548, 44, 304024, 2088
318032, 204, 772, 60, 188, 548, 44, 304024, 2088
318032, 204, 772, 60, 188, 548, 44, 304024, 2088
318032, 204, 772, 60, 188, 548, 44, 304024, 2088
318032, 204, 772, 60, 188, 548, 44, 304024, 2088
318032, 204, 772, 60, 188, 548, 44, 304024, 2088
318032, 204, 772, 60, 188, 548, 44, 304024, 2088
318032, 204, 772, 60, 188, 548, 44, 304024, 2088
318032, 204, 772, 60, 188, 548, 44, 304024, 2088
318032, 204, 768, 60, 188, 548, 44, 304028, 2088
318032, 204, 768, 60, 188, 548, 44, 304028, 2088
318032, 204, 768, 60, 188, 548, 44, 304028, 2088
318032, 204, 768, 56, 192, 548, 44, 304028, 2088
318032, 204, 768, 56, 192, 548, 44, 304028, 2088
318032, 204, 768, 56, 192, 548, 44, 304028, 2088
318032, 204, 768, 56, 192, 548, 44, 304028, 2088
318032, 204, 764, 56, 192, 548, 44, 304032, 2088
318032, 204, 764, 56, 192, 548, 44, 304032, 2088
318032, 204, 760, 56, 192, 548, 44, 304036, 2088
318032, 204, 760, 56, 192, 544, 44, 304040, 2088
318032, 204, 760, 56, 192, 544, 44, 304040, 2088
318032, 204, 760, 56, 192, 544, 44, 304040, 2088
318032, 204, 760, 56, 188, 544, 44, 304044, 2088
318032, 204, 760, 56, 188, 544, 44, 304044, 2088
318032, 200, 764, 56, 188, 544, 44, 304044, 2088
318032, 200, 764, 56, 188, 544, 44, 304044, 2088
318032, 200, 764, 56, 188, 544, 44, 304044, 2088
318032, 196, 768, 56, 188, 544, 44, 304044, 2088
318032, 196, 768, 56, 188, 544, 44, 304044, 2088
318032, 196, 768, 56, 188, 544, 44, 304044, 2088
318032, 196, 768, 56, 188, 544, 44, 304044, 2088
318032, 196, 768, 56, 188, 544, 44, 304044, 2088
318032, 196, 768, 56, 188, 544, 44, 304044, 2088
318032, 196, 764, 56, 188, 544, 44, 304048, 2088
318032, 196, 764, 56, 188, 544, 44, 304048, 2088
318032, 196, 764, 56, 188, 540, 44, 304052, 2088
318032, 196, 764, 56, 188, 540, 44, 304052, 2088
318032, 196, 764, 56, 188, 540, 44, 304052, 2088
318032, 196, 764, 52, 192, 536, 44, 304056, 2088
318032, 196, 764, 52, 192, 536, 44, 304056, 2088
318032, 196, 764, 52, 192, 536, 44, 304056, 2088
318032, 196, 764, 52, 192, 536, 44, 304056, 2088
318032, 196, 760, 52, 192, 536, 44, 304060, 2088
318032, 196, 760, 52, 192, 532, 44, 304064, 2088
318032, 196, 760, 52, 188, 536, 44, 304064, 2088
318032, 196, 760, 52, 188, 536, 44, 304064, 2088
318032, 196, 756, 52, 188, 536, 44, 304068, 2088
318032, 196, 752, 52, 188, 536, 44, 304072, 2088
318032, 196, 752, 52, 188, 536, 44, 304072, 2088
318032, 196, 752, 52, 188, 536, 44, 304072, 2088
318032, 196, 752, 52, 188, 536, 44, 304072, 2088
318028, 200, 752, 52, 188, 536, 44, 304072, 2088
318028, 200, 752, 52, 188, 536, 44, 304072, 2088
318028, 200, 752, 52, 188, 536, 44, 304072, 2088
318028, 200, 752, 52, 188, 536, 44, 304072, 2088
318028, 200, 752, 52, 188, 536, 44, 304072, 2088
318028, 200, 752, 52, 188, 532, 44, 304076, 2088
318028, 200, 752, 52, 188, 532, 44, 304076, 2088
318028, 200, 752, 48, 192, 532, 44, 304076, 2088
318028, 200, 752, 48, 192, 532, 44, 304076, 2088
318028, 200, 752, 48, 192, 532, 44, 304076, 2088
318028, 200, 752, 48, 192, 532, 44, 304076, 2088
318028, 200, 752, 44, 196, 532, 44, 304076, 2088
318028, 200, 752, 44, 196, 532, 44, 304076, 2088
318028, 200, 752, 44, 196, 532, 44, 304076, 2088
318028, 200, 752, 44, 196, 532, 44, 304076, 2088
318024, 204, 752, 44, 196, 532, 44, 304076, 2088
318024, 200, 756, 44, 196, 532, 44, 304076, 2088
318024, 200, 752, 44, 196, 532, 44, 304080, 2088
318024, 200, 752, 44, 196, 532, 44, 304080, 2088
318024, 200, 752, 44, 196, 532, 44, 304080, 2088
318024, 200, 752, 44, 196, 532, 44, 304080, 2088
318024, 200, 752, 44, 196, 532, 44, 304080, 2088
318024, 200, 752, 44, 196, 532, 44, 304080, 2088
318024, 200, 752, 44, 196, 532, 44, 304080, 2088
318024, 200, 752, 44, 196, 532, 44, 304080, 2088
318024, 200, 752, 44, 196, 532, 44, 304080, 2088
318024, 200, 752, 44, 196, 532, 44, 304080, 2088
318024, 200, 752, 44, 196, 532, 44, 304080, 2088
318024, 200, 752, 44, 196, 532, 44, 304080, 2088
318024, 200, 752, 44, 196, 532, 44, 304080, 2088
318024, 200, 752, 44, 196, 528, 44, 304084, 2088
318024, 200, 752, 44, 196, 528, 44, 304084, 2088
318024, 200, 752, 44, 196, 528, 44, 304084, 2088
318024, 200, 752, 44, 196, 528, 44, 304084, 2088
318024, 196, 756, 44, 196, 528, 44, 304084, 2088
318024, 192, 760, 44, 196, 528, 44, 304084, 2088
318024, 192, 756, 44, 196, 524, 44, 304092, 2088
318024, 192, 756, 44, 196, 524, 44, 304092, 2088
318024, 192, 756, 44, 196, 524, 44, 304092, 2088
318024, 192, 756, 44, 196, 524, 44, 304092, 2088
318024, 192, 756, 44, 196, 524, 44, 304092, 2088
318024, 184, 764, 44, 192, 524, 44, 304096, 2088
318024, 184, 764, 44, 192, 524, 44, 304096, 2088
318024, 184, 760, 44, 192, 524, 44, 304100, 2088
318024, 184, 760, 44, 192, 524, 44, 304100, 2088
318024, 184, 760, 44, 192, 524, 44, 304100, 2088
318024, 184, 752, 44, 192, 524, 44, 304108, 2088
318024, 184, 752, 44, 192, 524, 44, 304108, 2088
318024, 184, 752, 44, 192, 524, 44, 304108, 2088
318024, 184, 752, 44, 192, 524, 44, 304108, 2088
318024, 184, 752, 44, 192, 524, 44, 304108, 2088
318024, 184, 752, 44, 192, 520, 44, 304112, 2088
318024, 184, 752, 44, 192, 520, 44, 304112, 2088
318024, 184, 748, 44, 192, 520, 44, 304116, 2088
318024, 184, 748, 44, 192, 520, 44, 304116, 2088
318024, 184, 748, 44, 192, 520, 44, 304116, 2088
318020, 188, 748, 44, 192, 520, 44, 304116, 2088
318020, 188, 748, 44, 192, 520, 44, 304116, 2088
318020, 188, 744, 44, 192, 516, 44, 304124, 2088
318020, 188, 744, 44, 188, 520, 44, 304124, 2088
318020, 188, 744, 44, 188, 520, 44, 304124, 2088
318020, 188, 744, 44, 188, 520, 44, 304124, 2088
318020, 188, 744, 44, 188, 520, 44, 304124, 2088
318020, 188, 744, 44, 188, 520, 44, 304124, 2088
318020, 188, 744, 44, 188, 520, 44, 304124, 2088
318020, 188, 744, 44, 188, 520, 44, 304124, 2088
318020, 188, 744, 44, 188, 520, 44, 304124, 2088
318020, 188, 744, 44, 188, 520, 44, 304124, 2088
318020, 188, 744, 44, 188, 520, 44, 304124, 2088
318020, 188, 744, 44, 188, 520, 44, 304124, 2088
318020, 188, 740, 44, 188, 520, 44, 304128, 2088
318020, 188, 740, 44, 188, 520, 44, 304128, 2088
318020, 184, 740, 48, 188, 520, 44, 304128, 2088
318020, 184, 740, 48, 188, 520, 44, 304128, 2088
318020, 180, 744, 48, 188, 520, 44, 304128, 2088
318020, 180, 744, 48, 188, 520, 44, 304128, 2088
318020, 180, 744, 48, 188, 520, 44, 304128, 2088
318020, 176, 744, 52, 188, 520, 44, 304128, 2088
318020, 176, 744, 52, 188, 520, 44, 304128, 2088
318020, 176, 744, 52, 188, 520, 44, 304128, 2088
318020, 176, 744, 52, 188, 520, 44, 304128, 2088
318020, 176, 744, 52, 188, 520, 44, 304128, 2088
318020, 176, 744, 52, 188, 520, 44, 304128, 2088
318016, 180, 744, 52, 188, 520, 44, 304128, 2088
318016, 180, 744, 52, 188, 520, 44, 304128, 2088
318016, 180, 744, 52, 188, 516, 44, 304132, 2088
318016, 180, 744, 52, 188, 516, 44, 304132, 2088
318016, 180, 740, 52, 188, 516, 44, 304136, 2088
318016, 180, 740, 52, 188, 516, 44, 304136, 2088
318016, 180, 740, 52, 188, 516, 44, 304136, 2088
318016, 180, 740, 52, 188, 516, 44, 304136, 2088
318016, 180, 740, 52, 188, 516, 44, 304136, 2088
318016, 180, 740, 52, 188, 516, 44, 304136, 2088
318016, 180, 740, 52, 188, 516, 44, 304136, 2088
318016, 172, 748, 52, 188, 516, 44, 304136, 2088
318016, 172, 748, 52, 188, 516, 44, 304136, 2088
318016, 172, 748, 52, 188, 516, 44, 304136, 2088
318016, 172, 744, 52, 188, 516, 44, 304140, 2088
318016, 172, 744, 52, 188, 516, 44, 304140, 2088
318016, 172, 744, 52, 188, 516, 44, 304140, 2088
318016, 172, 744, 52, 188, 516, 44, 304140, 2088
318016, 172, 744, 52, 188, 516, 44, 304140, 2088
318016, 172, 744, 52, 188, 516, 44, 304140, 2088
318016, 172, 744, 52, 188, 516, 44, 304140, 2088
318012, 176, 740, 52, 188, 516, 44, 304144, 2088
318012, 176, 740, 52, 188, 516, 44, 304144, 2088
318012, 176, 740, 52, 188, 516, 44, 304144, 2088
318012, 176, 740, 52, 188, 516, 44, 304144, 2088
318012, 176, 740, 52, 188, 516, 44, 304144, 2088
318012, 176, 740, 52, 188, 516, 44, 304144, 2088
318012, 176, 736, 52, 188, 516, 44, 304148, 2088
318012, 176, 736, 52, 188, 516, 44, 304148, 2088
318012, 176, 736, 52, 188, 516, 44, 304148, 2088
318012, 176, 736, 52, 188, 516, 44, 304148, 2088
318012, 176, 736, 52, 188, 516, 44, 304148, 2088
318012, 176, 736, 52, 188, 512, 44, 304152, 2088
318012, 172, 740, 52, 188, 512, 44, 304152, 2088
318012, 172, 740, 52, 188, 512, 44, 304152, 2088
318008, 176, 740, 52, 188, 512, 44, 304152, 2088
318008, 176, 740, 52, 188, 512, 44, 304152, 2088
318008, 176, 740, 52, 188, 512, 44, 304152, 2088
318004, 180, 740, 52, 188, 512, 44, 304152, 2088
318004, 180, 740, 52, 188, 512, 44, 304152, 2088
318004, 180, 736, 52, 184, 512, 44, 304160, 2088
318004, 180, 736, 52, 184, 512, 44, 304160, 2088
318004, 180, 736, 52, 184, 512, 44, 304160, 2088
318004, 180, 736, 52, 184, 512, 44, 304160, 2088
318004, 180, 732, 52, 184, 512, 44, 304164, 2088
318004, 176, 736, 52, 184, 512, 44, 304164, 2088
318004, 176, 736, 52, 184, 512, 44, 304164, 2088
318004, 176, 736, 52, 184, 512, 44, 304164, 2088
318004, 176, 736, 52, 184, 512, 44, 304164, 2088
318004, 176, 732, 52, 184, 512, 44, 304168, 2088
318004, 176, 732, 52, 184, 512, 44, 304168, 2088
318004, 176, 732, 52, 184, 512, 44, 304168, 2088
318004, 176, 732, 52, 184, 512, 44, 304168, 2088
318004, 172, 736, 52, 184, 512, 44, 304168, 2088
318004, 172, 736, 52, 184, 512, 44, 304168, 2088
318004, 172, 736, 48, 188, 512, 44, 304168, 2088
318004, 172, 736, 48, 188, 512, 44, 304168, 2088
318004, 172, 736, 48, 188, 512, 44, 304168, 2088
318004, 172, 736, 48, 188, 512, 44, 304168, 2088
318004, 172, 736, 48, 188, 512, 44, 304168, 2088
318004, 172, 736, 48, 188, 512, 44, 304168, 2088
318004, 172, 736, 48, 184, 516, 44, 304168, 2088
318004, 168, 736, 48, 184, 516, 44, 304172, 2088
318004, 168, 736, 48, 184, 516, 44, 304172, 2088
318004, 168, 736, 48, 184, 516, 44, 304172, 2088
318004, 168, 732, 48, 184, 516, 44, 304176, 2088
318004, 164, 736, 48, 184, 516, 44, 304176, 2088
318004, 164, 736, 48, 184, 512, 44, 304180, 2088
318004, 164, 736, 48, 184, 512, 44, 304180, 2088
318004, 164, 736, 48, 184, 512, 44, 304180, 2088
318004, 164, 736, 48, 184, 512, 44, 304180, 2088
318004, 164, 736, 48, 184, 512, 44, 304180, 2088
318004, 164, 736, 48, 184, 512, 44, 304180, 2088
318004, 164, 736, 48, 184, 512, 44, 304180, 2088
318004, 160, 736, 52, 184, 512, 44, 304180, 2088
318004, 160, 736, 52, 184, 512, 44, 304180, 2088
318004, 160, 736, 52, 184, 512, 44, 304180, 2088
318004, 160, 736, 52, 184, 512, 44, 304180, 2088
318004, 160, 732, 52, 184, 512, 44, 304184, 2088
318004, 160, 732, 52, 184, 512, 44, 304184, 2088
318004, 156, 736, 52, 184, 512, 44, 304184, 2088
318004, 156, 736, 52, 184, 512, 44, 304184, 2088
318004, 156, 736, 52, 184, 512, 44, 304184, 2088
318004, 156, 736, 52, 184, 508, 44, 304188, 2088
318004, 156, 736, 52, 184, 508, 44, 304188, 2088
318004, 156, 736, 52, 180, 512, 44, 304188, 2088
318004, 156, 736, 52, 180, 512, 44, 304188, 2088
318004, 156, 736, 52, 180, 512, 44, 304188, 2088
318004, 156, 736, 52, 180, 512, 44, 304188, 2088
318004, 156, 736, 52, 180, 512, 44, 304188, 2088
318004, 156, 736, 52, 180, 512, 44, 304188, 2088
317996, 164, 736, 52, 180, 512, 44, 304188, 2088
317996, 164, 736, 52, 176, 512, 44, 304192, 2088
317996, 164, 736, 52, 176, 512, 44, 304192, 2088
317996, 164, 732, 52, 176, 512, 44, 304196, 2088
317996, 164, 732, 52, 176, 512, 44, 304196, 2088
317996, 164, 732, 52, 176, 504, 44, 304204, 2088
317996, 164, 728, 52, 176, 504, 44, 304208, 2088
317996, 164, 724, 48, 180, 504, 44, 304212, 2088
317996, 164, 724, 48, 180, 504, 44, 304212, 2088
317996, 164, 724, 48, 180, 504, 44, 304212, 2088
317996, 164, 720, 48, 180, 504, 44, 304216, 2088
317992, 168, 720, 48, 176, 504, 44, 304220, 2088
317992, 168, 720, 48, 176, 508, 40, 304220, 2088
317992, 168, 712, 48, 176, 508, 40, 304228, 2088
317992, 168, 712, 48, 176, 508, 40, 304228, 2088
317992, 164, 712, 52, 176, 508, 40, 304228, 2088
317992, 164, 712, 52, 176, 508, 40, 304228, 2088
317988, 168, 712, 52, 176, 508, 40, 304228, 2088
317988, 168, 708, 52, 176, 508, 40, 304232, 2088
317988, 168, 708, 48, 180, 508, 40, 304232, 2088
317988, 168, 708, 48, 176, 508, 40, 304236, 2088
317984, 172, 708, 48, 176, 508, 40, 304236, 2088
317984, 172, 708, 48, 176, 508, 40, 304236, 2088
317984, 168, 712, 48, 176, 508, 40, 304236, 2088
317984, 168, 712, 48, 172, 512, 40, 304236, 2088
317984, 168, 712, 48, 168, 512, 40, 304240, 2088
317984, 168, 712, 48, 168, 512, 40, 304240, 2088
317984, 168, 712, 48, 168, 512, 40, 304240, 2088
317984, 168, 708, 48, 168, 512, 40, 304244, 2088
317984, 164, 712, 48, 168, 512, 40, 304244, 2088
317984, 160, 712, 48, 168, 512, 40, 304248, 2088
317984, 160, 712, 48, 168, 508, 40, 304252, 2088
317984, 160, 708, 48, 168, 508, 40, 304256, 2088
317984, 160, 708, 48, 168, 508, 40, 304256, 2088
317984, 160, 708, 48, 164, 512, 40, 304256, 2088
317984, 160, 708, 48, 164, 508, 40, 304260, 2088
317984, 160, 708, 48, 164, 508, 40, 304260, 2088
317984, 160, 704, 48, 164, 508, 40, 304264, 2088
317984, 160, 704, 48, 164, 508, 40, 304264, 2088
317984, 160, 704, 48, 164, 508, 40, 304264, 2088
317984, 160, 704, 48, 164, 508, 40, 304264, 2088
317984, 160, 704, 48, 164, 508, 40, 304264, 2088
317984, 156, 708, 48, 164, 508, 40, 304264, 2088
317984, 156, 708, 48, 164, 508, 40, 304264, 2088
317984, 156, 708, 48, 164, 508, 40, 304264, 2088
317984, 156, 708, 48, 164, 508, 40, 304264, 2088
317984, 156, 704, 48, 164, 508, 40, 304268, 2088
317984, 152, 708, 48, 164, 508, 40, 304268, 2088
317984, 152, 708, 48, 164, 508, 40, 304268, 2088
317984, 152, 708, 48, 164, 508, 40, 304268, 2088
317984, 152, 708, 48, 164, 508, 40, 304268, 2088
317984, 152, 708, 48, 164, 508, 40, 304268, 2088
317984, 152, 708, 48, 160, 504, 40, 304276, 2088
317984, 152, 708, 48, 160, 504, 40, 304276, 2088
317984, 152, 708, 48, 160, 504, 40, 304276, 2088
317984, 152, 708, 48, 160, 504, 40, 304276, 2088
317984, 152, 708, 48, 160, 504, 40, 304276, 2088
317984, 152, 708, 48, 160, 504, 40, 304276, 2088
317980, 156, 708, 48, 160, 504, 40, 304276, 2088
317980, 156, 708, 48, 160, 504, 40, 304276, 2088
317980, 152, 712, 48, 160, 504, 40, 304276, 2088
317980, 152, 712, 48, 160, 504, 40, 304276, 2088
317980, 152, 712, 48, 160, 504, 40, 304276, 2088
317980, 152, 712, 48, 160, 504, 40, 304276, 2088
317980, 152, 712, 48, 160, 504, 40, 304276, 2088
317980, 152, 712, 48, 156, 504, 40, 304280, 2088
317980, 152, 712, 48, 156, 504, 40, 304280, 2088
317980, 148, 716, 48, 156, 504, 40, 304280, 2088
317980, 148, 716, 48, 156, 504, 40, 304280, 2088
317980, 148, 716, 48, 156, 504, 40, 304280, 2088
317980, 148, 712, 48, 156, 504, 40, 304284, 2088
317980, 148, 708, 48, 156, 496, 40, 304296, 2088
317980, 148, 708, 48, 152, 500, 40, 304296, 2088
317980, 148, 708, 48, 152, 500, 40, 304296, 2088
317980, 148, 704, 48, 152, 496, 40, 304304, 2088
317980, 148, 704, 48, 152, 496, 40, 304304, 2088
317980, 148, 704, 48, 148, 496, 40, 304308, 2088
317980, 148, 704, 48, 148, 496, 40, 304308, 2088
317980, 148, 704, 48, 148, 496, 40, 304308, 2088
317980, 148, 700, 48, 148, 496, 40, 304312, 2088
317980, 148, 700, 48, 148, 496, 40, 304312, 2088
317980, 148, 700, 48, 148, 496, 40, 304312, 2088
317980, 148, 700, 48, 148, 496, 40, 304312, 2088
317980, 148, 700, 48, 148, 496, 40, 304312, 2088
317980, 148, 700, 48, 148, 496, 40, 304312, 2088
317980, 148, 696, 48, 148, 496, 40, 304316, 2088
317976, 152, 696, 48, 148, 496, 40, 304316, 2088
317976, 152, 696, 48, 148, 496, 40, 304316, 2088
317976, 152, 696, 48, 148, 496, 40, 304316, 2088
317976, 148, 700, 48, 148, 496, 40, 304316, 2088
317976, 148, 692, 48, 148, 496, 40, 304324, 2088
317976, 148, 688, 48, 148, 496, 40, 304328, 2088
317976, 144, 692, 48, 148, 496, 40, 304328, 2088
317976, 144, 692, 48, 148, 496, 40, 304328, 2088
317976, 144, 692, 48, 148, 496, 40, 304328, 2088
317976, 144, 692, 48, 148, 496, 40, 304328, 2088
317976, 144, 692, 48, 148, 496, 40, 304328, 2088
317976, 144, 692, 48, 148, 496, 40, 304328, 2088
317976, 140, 696, 48, 148, 496, 40, 304328, 2088
317976, 140, 696, 48, 148, 496, 40, 304328, 2088
317976, 140, 696, 48, 148, 496, 40, 304328, 2088
317976, 140, 696, 48, 148, 496, 40, 304328, 2088
317976, 140, 696, 48, 148, 496, 40, 304328, 2088
317976, 140, 696, 48, 148, 496, 40, 304328, 2088
317976, 140, 696, 48, 148, 496, 40, 304328, 2088
317976, 136, 700, 48, 148, 496, 40, 304328, 2088
317976, 136, 700, 48, 148, 496, 40, 304328, 2088
317976, 132, 704, 48, 148, 496, 40, 304328, 2088
317976, 128, 708, 48, 148, 496, 40, 304328, 2088
317976, 128, 708, 48, 148, 496, 40, 304328, 2088
317976, 128, 708, 48, 148, 496, 40, 304328, 2088
317976, 128, 708, 48, 148, 496, 40, 304328, 2088
317976, 128, 708, 48, 148, 496, 40, 304328, 2088
317976, 128, 708, 48, 148, 496, 40, 304328, 2088
317976, 128, 708, 48, 148, 496, 40, 304328, 2088
317976, 128, 704, 48, 148, 496, 40, 304332, 2088
317976, 128, 704, 48, 148, 500, 36, 304332, 2088
317976, 128, 704, 48, 148, 500, 36, 304332, 2088
317976, 128, 704, 48, 148, 500, 36, 304332, 2088
317976, 128, 704, 48, 148, 500, 36, 304332, 2088
317976, 128, 704, 48, 148, 500, 36, 304332, 2088
317976, 128, 704, 48, 148, 500, 36, 304332, 2088
317976, 128, 704, 48, 148, 500, 36, 304332, 2088
317976, 128, 704, 48, 148, 500, 36, 304332, 2088
317976, 124, 708, 48, 148, 500, 36, 304332, 2088
317976, 124, 704, 48, 148, 500, 36, 304336, 2088
317976, 124, 700, 48, 148, 500, 36, 304340, 2088
317976, 124, 696, 48, 148, 500, 36, 304344, 2088
317976, 124, 692, 48, 148, 496, 36, 304352, 2088
317976, 124, 692, 48, 148, 496, 36, 304352, 2088
317976, 120, 696, 48, 144, 496, 36, 304352, 2092
317976, 120, 696, 48, 144, 496, 36, 304352, 2092
317976, 120, 696, 48, 144, 496, 36, 304352, 2092
317976, 120, 696, 48, 144, 496, 36, 304352, 2092
317968, 124, 700, 48, 144, 496, 36, 304352, 2092
317968, 124, 700, 48, 144, 496, 36, 304352, 2092
317968, 124, 700, 48, 144, 496, 36, 304352, 2092
317968, 124, 700, 48, 144, 496, 36, 304352, 2092
317968, 124, 700, 48, 144, 496, 36, 304352, 2092
317964, 128, 696, 48, 144, 496, 36, 304356, 2092
317964, 128, 696, 48, 144, 496, 36, 304356, 2092
317964, 128, 696, 44, 148, 496, 36, 304356, 2092
317964, 128, 692, 44, 148, 496, 36, 304360, 2092
317964, 128, 692, 44, 148, 496, 36, 304360, 2092
317964, 128, 692, 44, 148, 496, 36, 304360, 2092
317960, 132, 692, 44, 148, 496, 36, 304360, 2092
317960, 132, 692, 44, 148, 492, 36, 304364, 2092
317960, 132, 692, 44, 148, 492, 36, 304364, 2092
317956, 132, 696, 44, 148, 492, 36, 304364, 2092
317956, 132, 696, 44, 148, 492, 36, 304364, 2092
317956, 132, 692, 44, 148, 492, 36, 304368, 2092
317952, 136, 692, 44, 148, 492, 36, 304368, 2092
317952, 136, 692, 44, 148, 492, 36, 304368, 2092
317952, 136, 688, 44, 148, 492, 36, 304372, 2092
317952, 136, 688, 44, 148, 492, 36, 304372, 2092
317952, 136, 688, 44, 148, 492, 36, 304372, 2092
317952, 136, 684, 44, 148, 492, 36, 304376, 2092
317952, 136, 684, 44, 148, 492, 36, 304376, 2092
317952, 136, 684, 44, 148, 492, 36, 304376, 2092
317952, 136, 684, 44, 148, 492, 36, 304376, 2092
317952, 136, 684, 44, 148, 492, 36, 304376, 2092
317952, 136, 684, 40, 152, 492, 36, 304376, 2092
317952, 136, 684, 40, 152, 492, 36, 304376, 2092
317952, 136, 684, 40, 152, 492, 36, 304376, 2092
317952, 136, 684, 40, 152, 492, 36, 304376, 2092
317952, 132, 688, 40, 152, 492, 36, 304376, 2092
317948, 136, 688, 40, 148, 492, 36, 304380, 2092
317948, 136, 684, 40, 148, 488, 36, 304388, 2092
317948, 136, 684, 40, 148, 488, 36, 304388, 2092
317948, 136, 684, 40, 148, 488, 36, 304388, 2092
317948, 136, 684, 40, 144, 492, 36, 304388, 2092
317948, 136, 684, 40, 144, 492, 36, 304388, 2092
317948, 136, 676, 40, 144, 492, 36, 304396, 2092
317948, 136, 676, 40, 144, 492, 36, 304396, 2092
317948, 136, 676, 40, 144, 492, 36, 304396, 2092
317944, 136, 680, 40, 144, 492, 36, 304396, 2092
317944, 136, 680, 40, 144, 492, 36, 304396, 2092
317944, 136, 680, 40, 144, 492, 36, 304396, 2092
317944, 136, 680, 40, 144, 492, 36, 304396, 2092
317944, 136, 680, 40, 144, 492, 36, 304396, 2092
317944, 136, 680, 40, 144, 492, 36, 304396, 2092
317944, 136, 680, 40, 144, 492, 36, 304396, 2092
317944, 136, 680, 40, 144, 492, 36, 304396, 2092
317944, 136, 680, 40, 144, 492, 36, 304396, 2092
317944, 136, 680, 40, 144, 492, 36, 304396, 2092
317944, 136, 680, 40, 144, 492, 36, 304396, 2092
317944, 136, 676, 40, 144, 492, 36, 304400, 2092
317944, 136, 676, 40, 140, 492, 36, 304404, 2092
317944, 136, 672, 40, 140, 492, 36, 304408, 2092
317944, 136, 672, 40, 140, 492, 36, 304408, 2092
317944, 136, 672, 40, 140, 492, 36, 304408, 2092
317944, 136, 672, 40, 140, 492, 36, 304408, 2092
317944, 136, 672, 40, 140, 492, 36, 304408, 2092
317944, 136, 672, 40, 140, 492, 36, 304408, 2092
317944, 136, 672, 40, 140, 492, 36, 304408, 2092
317944, 136, 672, 40, 140, 492, 36, 304408, 2092
317944, 136, 672, 40, 140, 492, 36, 304408, 2092
317944, 136, 672, 40, 140, 492, 36, 304408, 2092
317944, 136, 672, 40, 140, 492, 36, 304408, 2092
317944, 136, 672, 40, 140, 492, 36, 304408, 2092
317944, 136, 668, 40, 140, 492, 36, 304412, 2092
317944, 132, 668, 44, 140, 492, 36, 304412, 2092
317944, 124, 672, 48, 140, 492, 36, 304412, 2092
317944, 124, 672, 48, 140, 488, 36, 304416, 2092
317944, 120, 676, 48, 140, 488, 36, 304416, 2092
317944, 120, 676, 48, 140, 488, 36, 304416, 2092
317944, 120, 676, 48, 140, 488, 36, 304416, 2092
317944, 120, 676, 48, 140, 488, 36, 304416, 2092
317944, 120, 672, 48, 140, 488, 36, 304420, 2092
317944, 120, 672, 48, 140, 488, 36, 304420, 2092
317944, 120, 672, 48, 140, 488, 36, 304420, 2092
317944, 120, 672, 48, 140, 488, 36, 304420, 2092
317944, 120, 672, 48, 140, 488, 36, 304420, 2092
317944, 120, 672, 48, 136, 488, 36, 304420, 2096
317944, 120, 672, 48, 136, 488, 36, 304420, 2096
317940, 124, 672, 44, 140, 488, 36, 304420, 2096
317940, 124, 672, 44, 140, 488, 36, 304420, 2096
317940, 124, 672, 44, 140, 488, 36, 304420, 2096
317940, 120, 676, 44, 140, 488, 36, 304420, 2096
317940, 120, 676, 44, 140, 488, 36, 304420, 2096
317940, 120, 676, 44, 140, 488, 36, 304420, 2096
317940, 120, 676, 44, 140, 488, 36, 304420, 2096
317940, 120, 676, 44, 140, 488, 36, 304420, 2096
317940, 120, 672, 44, 140, 488, 36, 304424, 2096
317940, 120, 672, 44, 140, 488, 36, 304424, 2096
317940, 120, 672, 44, 136, 488, 36, 304428, 2096
317940, 120, 672, 44, 136, 488, 36, 304428, 2096
317940, 120, 672, 44, 136, 488, 36, 304428, 2096
317940, 120, 672, 44, 136, 484, 36, 304432, 2096
317940, 120, 672, 44, 136, 484, 36, 304432, 2096
317940, 120, 672, 44, 136, 484, 36, 304432, 2096
317940, 120, 672, 44, 136, 484, 36, 304432, 2096
317940, 120, 668, 40, 140, 484, 36, 304436, 2096
317940, 120, 668, 40, 140, 484, 36, 304436, 2096
317940, 120, 668, 40, 140, 484, 36, 304436, 2096
317940, 120, 668, 40, 140, 484, 36, 304436, 2096
317932, 128, 668, 40, 140, 484, 36, 304436, 2096
317932, 128, 668, 40, 140, 484, 36, 304436, 2096
317932, 128, 668, 40, 140, 484, 36, 304436, 2096
317932, 128, 668, 40, 140, 484, 36, 304436, 2096
317932, 128, 668, 40, 140, 484, 36, 304436, 2096
317932, 128, 668, 40, 140, 484, 36, 304436, 2096
317932, 128, 664, 40, 140, 484, 36, 304440, 2096
317928, 132, 664, 40, 140, 484, 36, 304440, 2096
317928, 132, 664, 40, 140, 484, 36, 304440, 2096
317924, 136, 664, 40, 140, 484, 36, 304440, 2096
317924, 136, 664, 40, 140, 484, 36, 304440, 2096
317924, 132, 664, 44, 140, 484, 36, 304440, 2096
317924, 132, 664, 44, 140, 484, 36, 304440, 2096
317924, 132, 660, 44, 140, 484, 36, 304444, 2096
317924, 132, 660, 44, 140, 484, 36, 304444, 2096
317924, 132, 660, 44, 136, 484, 36, 304444, 2100
317924, 132, 656, 44, 136, 484, 36, 304448, 2100
317924, 132, 656, 44, 136, 484, 36, 304448, 2100
317924, 132, 656, 44, 136, 484, 36, 304448, 2100
317924, 132, 656, 44, 136, 484, 36, 304448, 2100
317924, 132, 656, 44, 136, 484, 36, 304448, 2100
317924, 132, 656, 44, 136, 484, 36, 304448, 2100
317924, 132, 656, 44, 136, 484, 36, 304448, 2100
317924, 132, 656, 44, 136, 484, 36, 304448, 2100
317924, 132, 656, 44, 136, 484, 36, 304448, 2100
317924, 132, 656, 44, 136, 484, 36, 304448, 2100
317924, 132, 656, 44, 136, 484, 36, 304448, 2100
317924, 132, 656, 44, 136, 484, 36, 304448, 2100
317924, 132, 656, 44, 136, 484, 36, 304448, 2100
317924, 132, 656, 44, 136, 484, 36, 304448, 2100
317924, 132, 656, 44, 136, 484, 36, 304448, 2100
317924, 132, 656, 44, 136, 484, 36, 304448, 2100
317924, 132, 656, 44, 136, 484, 36, 304448, 2100
317924, 132, 656, 44, 136, 480, 36, 304452, 2100
317924, 132, 656, 44, 136, 480, 36, 304452, 2100
317924, 132, 656, 44, 132, 480, 36, 304456, 2100
317924, 128, 660, 44, 132, 480, 36, 304456, 2100
317924, 128, 660, 40, 136, 480, 36, 304456, 2100
317924, 128, 660, 40, 136, 476, 36, 304460, 2100
317924, 128, 660, 40, 136, 476, 36, 304460, 2100
317924, 128, 660, 40, 136, 476, 36, 304460, 2100
317924, 128, 656, 40, 136, 476, 36, 304464, 2100
317924, 128, 656, 40, 136, 476, 36, 304464, 2100
317924, 128, 656, 40, 136, 476, 36, 304464, 2100
317920, 132, 656, 40, 136, 472, 36, 304468, 2100
317920, 128, 656, 44, 136, 472, 36, 304468, 2100
317920, 128, 656, 44, 136, 472, 36, 304468, 2100
317920, 128, 656, 44, 136, 472, 36, 304468, 2100
317916, 132, 656, 44, 136, 468, 36, 304472, 2100
317916, 132, 656, 44, 136, 468, 36, 304472, 2100
317916, 132, 656, 44, 136, 468, 36, 304472, 2100
317912, 136, 656, 44, 136, 468, 36, 304472, 2100
317912, 136, 656, 44, 136, 468, 36, 304472, 2100
317912, 136, 656, 44, 136, 468, 36, 304472, 2100
317912, 136, 652, 44, 136, 468, 36, 304476, 2100
317912, 136, 652, 44, 136, 468, 36, 304476, 2100
317908, 140, 652, 44, 136, 464, 36, 304480, 2100
317908, 136, 656, 44, 136, 464, 36, 304480, 2100
317908, 136, 656, 44, 136, 464, 36, 304480, 2100
317908, 136, 656, 44, 136, 464, 36, 304480, 2100
317908, 136, 656, 44, 136, 464, 36, 304480, 2100
317908, 136, 656, 44, 136, 460, 36, 304484, 2100
317908, 136, 656, 44, 136, 460, 36, 304484, 2100
317908, 136, 656, 44, 136, 460, 36, 304484, 2100
317908, 136, 656, 44, 136, 460, 36, 304484, 2100
317908, 136, 656, 44, 136, 460, 36, 304484, 2100
317908, 136, 656, 44, 136, 456, 36, 304488, 2100
317908, 136, 656, 40, 140, 456, 36, 304488, 2100
317908, 136, 656, 40, 140, 456, 36, 304488, 2100
317908, 136, 656, 40, 140, 456, 36, 304488, 2100
317904, 140, 656, 40, 140, 456, 36, 304488, 2100
317904, 140, 656, 40, 140, 456, 36, 304488, 2100
317904, 140, 656, 40, 140, 456, 36, 304488, 2100
317904, 140, 656, 40, 140, 456, 36, 304488, 2100
317904, 140, 656, 40, 140, 456, 36, 304488, 2100
317904, 140, 656, 40, 140, 456, 36, 304488, 2100
317904, 140, 652, 40, 140, 456, 36, 304492, 2100
317904, 140, 652, 40, 140, 456, 36, 304492, 2100
317904, 140, 652, 40, 140, 456, 36, 304492, 2100
317904, 140, 652, 40, 140, 456, 36, 304492, 2100
317904, 136, 656, 40, 140, 452, 36, 304496, 2100
317904, 136, 656, 40, 140, 452, 36, 304496, 2100
317904, 136, 656, 40, 140, 452, 36, 304496, 2100
317904, 136, 656, 40, 140, 452, 36, 304496, 2100
317904, 136, 656, 40, 140, 452, 36, 304496, 2100
317900, 140, 656, 40, 140, 452, 36, 304496, 2100
317900, 140, 652, 40, 140, 452, 36, 304500, 2100
317900, 140, 648, 40, 140, 452, 36, 304504, 2100
317900, 140, 644, 40, 140, 452, 36, 304508, 2100
317900, 140, 644, 36, 144, 452, 36, 304508, 2100
317900, 140, 644, 36, 144, 452, 36, 304508, 2100
317900, 140, 644, 36, 144, 452, 36, 304508, 2100
317900, 140, 644, 36, 144, 452, 36, 304508, 2100
317900, 140, 636, 36, 144, 452, 36, 304516, 2100
317900, 140, 636, 36, 144, 452, 36, 304516, 2100
317900, 140, 636, 36, 144, 452, 36, 304516, 2100
317900, 140, 636, 36, 144, 452, 36, 304516, 2100
317900, 140, 636, 36, 144, 452, 36, 304516, 2100
317900, 140, 636, 36, 144, 452, 36, 304516, 2100
317900, 140, 636, 36, 144, 452, 36, 304516, 2100
317900, 136, 636, 40, 144, 452, 36, 304516, 2100
317900, 136, 636, 40, 144, 452, 36, 304516, 2100
317900, 136, 636, 40, 144, 448, 36, 304520, 2100
317900, 136, 636, 40, 144, 448, 36, 304520, 2100
317900, 136, 636, 40, 144, 448, 36, 304520, 2100
317900, 136, 636, 40, 144, 448, 36, 304520, 2100
317900, 136, 636, 40, 144, 448, 36, 304520, 2100
317900, 136, 636, 40, 144, 448, 36, 304520, 2100
317900, 136, 636, 40, 144, 448, 36, 304520, 2100
317900, 132, 636, 40, 144, 448, 36, 304524, 2100
317896, 136, 636, 40, 144, 448, 36, 304524, 2100
317896, 136, 636, 40, 144, 448, 36, 304524, 2100
317896, 136, 636, 40, 144, 448, 36, 304524, 2100
317896, 132, 640, 40, 144, 448, 36, 304524, 2100
317896, 132, 640, 40, 144, 448, 36, 304524, 2100
317896, 132, 640, 40, 144, 448, 36, 304524, 2100
317896, 132, 640, 40, 144, 448, 36, 304524, 2100
317896, 132, 640, 40, 144, 448, 36, 304524, 2100
317896, 132, 640, 40, 144, 448, 36, 304524, 2100
317896, 132, 636, 40, 144, 448, 36, 304528, 2100
317896, 132, 636, 40, 144, 448, 36, 304528, 2100
317896, 132, 636, 40, 144, 448, 36, 304528, 2100
317896, 132, 632, 40, 144, 448, 36, 304532, 2100
317896, 128, 636, 40, 144, 448, 36, 304532, 2100
317896, 128, 636, 40, 144, 448, 36, 304532, 2100
317896, 128, 636, 40, 144, 448, 36, 304532, 2100
317896, 128, 636, 40, 144, 448, 36, 304532, 2100
317896, 128, 636, 40, 144, 448, 36, 304532, 2100
317896, 128, 636, 40, 144, 448, 36, 304532, 2100
317896, 128, 636, 40, 144, 448, 36, 304532, 2100
317896, 128, 636, 40, 144, 448, 36, 304532, 2100
317896, 128, 628, 40, 144, 448, 36, 304540, 2100
317896, 128, 628, 40, 144, 448, 36, 304540, 2100
317896, 128, 628, 40, 144, 448, 36, 304540, 2100
317896, 128, 628, 40, 144, 448, 36, 304540, 2100
317896, 128, 628, 40, 144, 444, 36, 304544, 2100
317896, 128, 628, 40, 144, 444, 36, 304544, 2100
317896, 128, 628, 40, 144, 444, 36, 304544, 2100
317896, 128, 628, 40, 144, 444, 36, 304544, 2100
317896, 128, 628, 40, 144, 444, 36, 304544, 2100
317896, 128, 628, 40, 140, 448, 36, 304544, 2100
317896, 128, 628, 40, 140, 448, 36, 304544, 2100
317896, 128, 628, 40, 136, 452, 36, 304544, 2100
317896, 128, 628, 40, 136, 452, 36, 304544, 2100
317896, 128, 628, 40, 136, 452, 36, 304544, 2100
317892, 132, 628, 40, 136, 452, 36, 304544, 2100
317892, 132, 628, 40, 136, 452, 36, 304544, 2100
317892, 132, 628, 40, 136, 452, 36, 304544, 2100
317892, 132, 628, 40, 136, 452, 36, 304544, 2100
317892, 132, 628, 40, 136, 452, 36, 304544, 2100
317892, 132, 628, 40, 136, 452, 36, 304544, 2100
317892, 132, 628, 40, 136, 452, 36, 304544, 2100
317892, 132, 628, 40, 136, 452, 36, 304544, 2100
317892, 132, 628, 40, 136, 452, 36, 304544, 2100
317892, 132, 628, 40, 136, 452, 36, 304544, 2100
317892, 132, 628, 40, 136, 452, 36, 304544, 2100
317892, 132, 624, 40, 136, 452, 36, 304548, 2100
317892, 132, 624, 40, 136, 452, 36, 304548, 2100
317892, 132, 624, 40, 136, 452, 36, 304548, 2100
317892, 132, 624, 40, 136, 452, 36, 304548, 2100
317888, 136, 624, 40, 136, 452, 36, 304548, 2100
317888, 136, 624, 40, 136, 452, 36, 304548, 2100
317888, 136, 624, 40, 136, 452, 36, 304548, 2100
317888, 136, 624, 40, 136, 452, 36, 304548, 2100
317888, 136, 624, 40, 136, 448, 36, 304552, 2100
317888, 136, 624, 40, 136, 448, 36, 304552, 2100
317888, 136, 624, 40, 136, 448, 36, 304552, 2100
317888, 136, 624, 40, 136, 448, 36, 304552, 2100
317888, 136, 624, 40, 136, 448, 36, 304552, 2100
317888, 136, 624, 40, 136, 448, 36, 304552, 2100
317888, 136, 624, 40, 136, 448, 36, 304552, 2100
317888, 136, 624, 40, 136, 448, 36, 304552, 2100
317888, 136, 624, 40, 136, 448, 36, 304552, 2100
317888, 136, 624, 40, 136, 448, 36, 304552, 2100
317888, 136, 624, 40, 136, 448, 36, 304552, 2100
317888, 136, 624, 40, 136, 448, 36, 304552, 2100
317888, 136, 620, 40, 136, 448, 36, 304556, 2100
317888, 136, 620, 40, 136, 448, 36, 304556, 2100
317888, 132, 624, 40, 136, 448, 36, 304556, 2100
317888, 132, 620, 40, 136, 448, 36, 304560, 2100
317888, 132, 620, 40, 136, 448, 36, 304560, 2100
317888, 132, 620, 40, 136, 448, 36, 304560, 2100
317888, 132, 620, 40, 136, 448, 36, 304560, 2100
317888, 132, 620, 40, 136, 448, 36, 304560, 2100
317888, 132, 620, 40, 136, 444, 36, 304564, 2100
317888, 132, 620, 40, 136, 444, 36, 304564, 2100
317888, 132, 620, 40, 136, 444, 36, 304564, 2100
317888, 128, 624, 40, 136, 444, 36, 304564, 2100
317888, 128, 624, 40, 136, 444, 36, 304564, 2100
317888, 128, 624, 40, 136, 444, 36, 304564, 2100
317888, 128, 624, 40, 136, 444, 36, 304564, 2100
317888, 128, 624, 40, 136, 444, 36, 304564, 2100
317888, 128, 624, 40, 136, 440, 36, 304568, 2100
317888, 128, 624, 40, 136, 440, 36, 304568, 2100
317884, 132, 624, 40, 136, 440, 36, 304568, 2100
317884, 132, 620, 40, 136, 440, 36, 304572, 2100
317884, 132, 620, 40, 136, 440, 36, 304572, 2100
317884, 132, 616, 40, 136, 440, 36, 304576, 2100
317884, 132, 616, 40, 136, 440, 36, 304576, 2100
317884, 128, 620, 40, 136, 440, 36, 304576, 2100
317876, 136, 620, 40, 136, 440, 36, 304576, 2100
317876, 136, 620, 40, 136, 436, 36, 304580, 2100
317876, 136, 620, 40, 136, 436, 36, 304580, 2100
317876, 136, 620, 40, 136, 436, 36, 304580, 2100
317876, 136, 620, 40, 136, 436, 36, 304580, 2100
317872, 140, 620, 40, 136, 436, 36, 304580, 2100
317872, 140, 616, 40, 136, 436, 36, 304584, 2100
317872, 140, 616, 40, 136, 436, 36, 304584, 2100
317872, 140, 616, 40, 136, 436, 36, 304584, 2100
317872, 136, 620, 40, 136, 436, 36, 304584, 2100
317872, 136, 620, 40, 136, 436, 36, 304584, 2100
317872, 136, 620, 40, 136, 432, 36, 304588, 2100
317872, 136, 620, 40, 136, 432, 36, 304588, 2100
317872, 136, 612, 40, 136, 432, 36, 304596, 2100
317872, 136, 612, 40, 136, 432, 36, 304596, 2100
317872, 132, 612, 40, 136, 428, 36, 304604, 2100
317872, 132, 612, 40, 136, 428, 36, 304604, 2100
317872, 132, 612, 40, 136, 428, 36, 304604, 2100
317868, 136, 612, 40, 136, 428, 36, 304604, 2100
317868, 136, 612, 40, 136, 428, 36, 304604, 2100
317868, 136, 612, 40, 136, 428, 36, 304604, 2100
317868, 136, 612, 40, 136, 428, 36, 304604, 2100
317868, 136, 612, 40, 136, 428, 36, 304604, 2100
317868, 136, 612, 40, 136, 428, 36, 304604, 2100
317868, 136, 612, 40, 136, 428, 36, 304604, 2100
317868, 136, 612, 40, 136, 428, 36, 304604, 2100
317868, 136, 612, 40, 136, 428, 36, 304604, 2100
317868, 136, 612, 40, 136, 428, 36, 304604, 2100
317868, 136, 612, 40, 136, 432, 32, 304604, 2100
317868, 136, 612, 40, 136, 432, 32, 304604, 2100
317868, 136, 612, 40, 136, 432, 32, 304604, 2100
317868, 136, 612, 40, 136, 432, 32, 304604, 2100
317868, 136, 612, 40, 136, 432, 32, 304604, 2100
317868, 136, 612, 40, 136, 432, 32, 304604, 2100
317868, 136, 608, 40, 136, 432, 32, 304608, 2100
317868, 136, 608, 40, 136, 432, 32, 304608, 2100
317868, 136, 608, 40, 136, 432, 32, 304608, 2100
317868, 136, 608, 40, 136, 432, 32, 304608, 2100
317868, 136, 608, 40, 136, 432, 32, 304608, 2100
317868, 136, 608, 40, 136, 432, 32, 304608, 2100
317868, 136, 608, 40, 136, 432, 32, 304608, 2100
317868, 136, 608, 40, 136, 428, 32, 304612, 2100
317868, 136, 608, 40, 136, 428, 32, 304612, 2100
317864, 140, 608, 40, 136, 428, 32, 304612, 2100
317864, 140, 608, 40, 136, 428, 32, 304612, 2100
317864, 140, 608, 40, 136, 428, 32, 304612, 2100
317864, 136, 608, 40, 136, 428, 32, 304616, 2100
317864, 136, 608, 40, 136, 428, 32, 304616, 2100
317864, 136, 608, 40, 132, 432, 32, 304616, 2100
317864, 136, 608, 40, 132, 432, 32, 304616, 2100
317864, 136, 604, 40, 132, 432, 32, 304620, 2100
317864, 136, 600, 40, 132, 432, 32, 304624, 2100
317864, 136, 600, 40, 132, 432, 32, 304624, 2100
317860, 140, 600, 40, 132, 432, 32, 304624, 2100
317860, 140, 600, 40, 132, 432, 32, 304624, 2100
317860, 140, 600, 40, 132, 432, 32, 304624, 2100
317860, 140, 600, 40, 132, 432, 32, 304624, 2100
317860, 140, 600, 40, 132, 432, 32, 304624, 2100
317856, 144, 600, 40, 132, 432, 32, 304624, 2100
317852, 148, 600, 40, 132, 432, 32, 304624, 2100
317852, 148, 600, 40, 132, 432, 32, 304624, 2100
317852, 148, 596, 40, 132, 432, 32, 304628, 2100
317852, 148, 596, 40, 132, 432, 32, 304628, 2100
317852, 148, 596, 40, 132, 432, 32, 304628, 2100
317852, 148, 592, 40, 132, 432, 32, 304632, 2100
317852, 148, 592, 40, 132, 432, 32, 304632, 2100
317852, 148, 592, 40, 132, 428, 32, 304636, 2100
317852, 148, 592, 40, 132, 428, 32, 304636, 2100
317852, 144, 592, 40, 128, 432, 32, 304640, 2100
317852, 144, 592, 40, 128, 432, 32, 304640, 2100
317852, 144, 592, 40, 128, 432, 32, 304640, 2100
317852, 144, 592, 40, 128, 432, 32, 304640, 2100
317852, 144, 592, 40, 128, 432, 32, 304640, 2100
317852, 144, 592, 40, 128, 432, 32, 304640, 2100
317852, 144, 592, 40, 128, 432, 32, 304640, 2100
317852, 144, 592, 40, 128, 428, 32, 304644, 2100
317852, 144, 592, 40, 128, 428, 32, 304644, 2100
317852, 144, 592, 40, 128, 428, 32, 304644, 2100
317852, 144, 592, 40, 128, 428, 32, 304644, 2100
317852, 144, 592, 40, 128, 428, 32, 304644, 2100
317852, 144, 592, 40, 128, 428, 32, 304644, 2100
317848, 148, 592, 40, 128, 428, 32, 304644, 2100
317848, 148, 592, 40, 128, 428, 32, 304644, 2100
317848, 148, 592, 40, 128, 424, 32, 304648, 2100
317848, 148, 592, 40, 128, 424, 32, 304648, 2100
317848, 148, 592, 40, 128, 424, 32, 304648, 2100
317848, 144, 596, 40, 128, 424, 32, 304648, 2100
317848, 144, 596, 40, 128, 424, 32, 304648, 2100
317848, 144, 592, 40, 124, 424, 32, 304656, 2100
317848, 144, 592, 40, 124, 424, 32, 304656, 2100
317848, 144, 592, 40, 124, 424, 32, 304656, 2100
317848, 144, 592, 40, 124, 424, 32, 304656, 2100
317848, 140, 596, 40, 124, 424, 32, 304656, 2100
317848, 140, 596, 40, 124, 424, 32, 304656, 2100
317848, 140, 592, 40, 124, 424, 32, 304660, 2100
317848, 140, 592, 40, 124, 424, 32, 304660, 2100
317848, 140, 592, 40, 124, 424, 32, 304660, 2100
317848, 140, 592, 40, 124, 424, 32, 304660, 2100
317848, 140, 592, 40, 124, 424, 32, 304660, 2100
317848, 140, 592, 40, 124, 424, 32, 304660, 2100
317848, 140, 592, 40, 124, 424, 32, 304660, 2100
317848, 140, 592, 40, 124, 424, 32, 304660, 2100
317844, 144, 592, 40, 124, 424, 32, 304660, 2100
317844, 144, 592, 40, 124, 424, 32, 304660, 2100
317844, 144, 592, 40, 124, 424, 32, 304660, 2100
317844, 144, 592, 40, 124, 424, 32, 304660, 2100
317844, 144, 592, 40, 124, 424, 32, 304660, 2100
317844, 144, 592, 40, 124, 424, 32, 304660, 2100
317844, 144, 592, 40, 124, 424, 32, 304660, 2100
317844, 144, 588, 40, 124, 424, 32, 304664, 2100
317844, 144, 588, 40, 124, 424, 32, 304664, 2100
317844, 144, 588, 40, 124, 424, 32, 304664, 2100
317844, 144, 588, 40, 124, 424, 32, 304664, 2100
317844, 140, 592, 40, 124, 424, 32, 304664, 2100
317844, 140, 592, 40, 124, 424, 32, 304664, 2100
317844, 140, 592, 40, 120, 424, 32, 304668, 2100
317844, 140, 592, 40, 120, 424, 32, 304668, 2100
317840, 140, 596, 40, 120, 424, 32, 304668, 2100
317840, 140, 596, 40, 120, 424, 32, 304668, 2100
317840, 140, 596, 40, 120, 424, 32, 304668, 2100
317840, 140, 596, 40, 120, 424, 32, 304668, 2100
317840, 140, 596, 40, 120, 424, 32, 304668, 2100
317840, 140, 596, 40, 120, 424, 32, 304668, 2100
317840, 140, 592, 40, 120, 424, 32, 304672, 2100
317840, 140, 592, 40, 120, 424, 32, 304672, 2100
317840, 140, 592, 40, 120, 424, 32, 304672, 2100
317840, 140, 592, 40, 120, 424, 32, 304672, 2100
317840, 140, 592, 40, 120, 424, 32, 304672, 2100
317840, 140, 592, 40, 120, 424, 32, 304672, 2100
317840, 136, 592, 40, 120, 424, 32, 304676, 2100
317840, 136, 588, 40, 120, 424, 32, 304680, 2100
317840, 136, 588, 40, 120, 424, 32, 304680, 2100
317836, 140, 588, 40, 120, 424, 32, 304680, 2100
317836, 140, 588, 40, 120, 424, 32, 304680, 2100
317836, 140, 588, 40, 120, 424, 32, 304680, 2100
317836, 140, 588, 40, 120, 424, 32, 304680, 2100
317836, 140, 588, 40, 120, 424, 32, 304680, 2100
317832, 144, 588, 40, 120, 424, 32, 304680, 2100
317832, 144, 588, 40, 120, 424, 32, 304680, 2100
317832, 144, 588, 36, 124, 424, 32, 304680, 2100
317832, 144, 588, 36, 124, 424, 32, 304680, 2100
317832, 140, 588, 36, 124, 424, 32, 304684, 2100
317832, 140, 584, 36, 124, 424, 32, 304688, 2100
317832, 140, 580, 36, 124, 424, 32, 304692, 2100
317832, 140, 580, 36, 124, 420, 32, 304696, 2100
317832, 140, 580, 36, 124, 420, 32, 304696, 2100
317832, 140, 580, 36, 124, 420, 32, 304696, 2100
317832, 140, 580, 36, 124, 420, 32, 304696, 2100
317828, 144, 580, 36, 124, 420, 32, 304696, 2100
317828, 144, 580, 36, 120, 420, 32, 304696, 2104
317828, 140, 584, 36, 120, 420, 32, 304696, 2104
317828, 140, 584, 36, 116, 420, 32, 304700, 2104
317828, 136, 584, 40, 116, 420, 32, 304700, 2104
317828, 136, 580, 40, 116, 420, 32, 304704, 2104
317828, 136, 580, 40, 116, 416, 32, 304708, 2104
317828, 136, 576, 40, 116, 412, 32, 304716, 2104
317828, 136, 576, 40, 116, 412, 32, 304716, 2104
317824, 140, 576, 40, 116, 412, 32, 304716, 2104
317820, 144, 576, 40, 116, 412, 32, 304716, 2104
317820, 144, 576, 40, 116, 412, 32, 304716, 2104
317820, 144, 576, 40, 116, 412, 32, 304716, 2104
317820, 144, 576, 40, 116, 412, 32, 304716, 2104
317820, 144, 576, 40, 116, 412, 32, 304716, 2104
317820, 144, 576, 40, 116, 412, 32, 304716, 2104
317820, 140, 580, 40, 116, 412, 32, 304716, 2104
317820, 140, 580, 40, 116, 412, 32, 304716, 2104
317820, 140, 580, 40, 116, 412, 32, 304716, 2104
317816, 144, 580, 40, 116, 412, 32, 304716, 2104
317808, 152, 580, 40, 116, 412, 32, 304716, 2104
317808, 152, 580, 40, 116, 412, 32, 304716, 2104
317808, 152, 576, 40, 116, 412, 32, 304720, 2104
317808, 152, 576, 40, 116, 412, 32, 304720, 2104
317804, 156, 576, 40, 116, 412, 32, 304720, 2104
317804, 156, 576, 40, 116, 412, 32, 304720, 2104
317804, 152, 576, 44, 116, 412, 32, 304720, 2104
317804, 152, 576, 44, 116, 412, 32, 304720, 2104
317804, 152, 572, 44, 116, 412, 32, 304724, 2104
317804, 152, 572, 44, 116, 412, 32, 304724, 2104
317804, 152, 572, 44, 116, 412, 32, 304724, 2104
317804, 148, 572, 48, 116, 412, 32, 304724, 2104
317804, 148, 572, 48, 116, 412, 32, 304724, 2104
317804, 148, 572, 48, 116, 412, 32, 304724, 2104
317804, 148, 572, 48, 116, 412, 32, 304724, 2104
317804, 148, 572, 48, 116, 412, 32, 304724, 2104
317804, 144, 576, 48, 116, 412, 32, 304724, 2104
317804, 144, 572, 48, 116, 412, 32, 304728, 2104
317804, 144, 572, 48, 116, 412, 32, 304728, 2104
317804, 144, 572, 48, 116, 412, 32, 304728, 2104
317804, 144, 572, 48, 116, 412, 32, 304728, 2104
317804, 144, 572, 48, 116, 412, 32, 304728, 2104
317804, 144, 572, 48, 116, 412, 32, 304728, 2104
317804, 140, 576, 48, 116, 412, 32, 304728, 2104
317804, 140, 576, 48, 116, 412, 32, 304728, 2104
317804, 140, 576, 48, 116, 412, 32, 304728, 2104
317804, 140, 576, 48, 116, 412, 32, 304728, 2104
317804, 140, 576, 44, 120, 412, 32, 304728, 2104
317804, 140, 576, 44, 120, 412, 32, 304728, 2104
317804, 140, 576, 44, 120, 412, 32, 304728, 2104
317804, 140, 576, 44, 120, 412, 32, 304728, 2104
317800, 144, 576, 44, 120, 408, 32, 304732, 2104
317800, 144, 576, 44, 120, 408, 32, 304732, 2104
317800, 144, 576, 44, 120, 408, 32, 304732, 2104
317796, 148, 576, 40, 124, 408, 32, 304732, 2104
317796, 148, 572, 40, 124, 408, 32, 304736, 2104
317796, 148, 572, 40, 124, 408, 32, 304736, 2104
317796, 148, 572, 40, 124, 404, 36, 304736, 2104
317796, 148, 568, 40, 124, 404, 36, 304740, 2104
317796, 148, 568, 40, 124, 404, 36, 304740, 2104
317796, 148, 564, 40, 124, 404, 36, 304744, 2104
317796, 148, 564, 40, 124, 400, 36, 304748, 2104
317796, 144, 568, 40, 124, 396, 36, 304752, 2104
317796, 144, 568, 40, 124, 396, 36, 304752, 2104
317796, 144, 568, 40, 124, 396, 36, 304752, 2104
317796, 140, 568, 40, 124, 396, 36, 304756, 2104
317796, 140, 568, 40, 124, 396, 36, 304756, 2104
317796, 140, 564, 40, 124, 396, 36, 304760, 2104
317796, 140, 564, 40, 124, 396, 36, 304760, 2104
317796, 140, 560, 36, 128, 396, 36, 304764, 2104
317796, 140, 552, 36, 128, 396, 36, 304772, 2104
317796, 140, 552, 36, 128, 396, 36, 304772, 2104
317796, 140, 552, 36, 128, 396, 36, 304772, 2104
317796, 140, 552, 36, 128, 396, 36, 304772, 2104
317796, 140, 552, 36, 128, 396, 36, 304772, 2104
317796, 140, 552, 36, 128, 396, 36, 304772, 2104
317796, 136, 556, 36, 128, 396, 36, 304772, 2104
317796, 132, 560, 36, 128, 396, 36, 304772, 2104
317796, 132, 560, 36, 128, 396, 36, 304772, 2104
317796, 132, 560, 36, 128, 396, 36, 304772, 2104
317796, 132, 556, 36, 128, 396, 36, 304776, 2104
317796, 132, 556, 36, 128, 396, 36, 304776, 2104
317796, 132, 556, 36, 128, 396, 36, 304776, 2104
317796, 132, 556, 36, 128, 396, 36, 304776, 2104
317796, 132, 556, 36, 128, 396, 36, 304776, 2104
317792, 136, 556, 36, 128, 396, 36, 304776, 2104
317792, 136, 556, 36, 128, 396, 36, 304776, 2104
317792, 136, 556, 36, 128, 396, 36, 304776, 2104
317792, 136, 556, 36, 128, 396, 36, 304776, 2104
317792, 136, 556, 36, 128, 396, 36, 304776, 2104
317792, 136, 556, 36, 128, 392, 36, 304780, 2104
317792, 132, 552, 40, 128, 392, 36, 304784, 2104
317792, 132, 552, 40, 128, 392, 36, 304784, 2104
317792, 132, 552, 40, 128, 392, 36, 304784, 2104
317792, 132, 552, 40, 124, 392, 36, 304788, 2104
317792, 132, 552, 40, 124, 392, 36, 304788, 2104
317792, 132, 552, 40, 124, 392, 36, 304788, 2104
317792, 128, 556, 40, 124, 392, 36, 304788, 2104
317792, 128, 556, 40, 124, 392, 36, 304788, 2104
317792, 128, 556, 40, 124, 392, 36, 304788, 2104
317792, 128, 556, 40, 124, 392, 36, 304788, 2104
317792, 128, 556, 36, 128, 392, 36, 304788, 2104
317792, 128, 556, 36, 128, 392, 36, 304788, 2104
317792, 128, 556, 36, 128, 392, 36, 304788, 2104
317792, 124, 560, 36, 128, 392, 36, 304788, 2104
317792, 124, 560, 36, 128, 392, 36, 304788, 2104
317792, 124, 556, 36, 128, 392, 36, 304792, 2104
317792, 124, 556, 36, 124, 396, 36, 304792, 2104
317792, 124, 556, 36, 124, 396, 36, 304792, 2104
317792, 124, 556, 36, 124, 396, 36, 304792, 2104
317792, 124, 556, 36, 124, 396, 36, 304792, 2104
317792, 124, 556, 36, 124, 396, 36, 304792, 2104
317792, 124, 556, 36, 124, 396, 36, 304792, 2104
317792, 124, 556, 36, 120, 400, 36, 304792, 2104
317792, 124, 556, 36, 120, 400, 36, 304792, 2104
317792, 124, 552, 36, 120, 400, 36, 304796, 2104
317792, 124, 548, 36, 120, 400, 36, 304800, 2104
317792, 124, 548, 36, 120, 400, 36, 304800, 2104
317792, 124, 548, 36, 120, 400, 36, 304800, 2104
317792, 124, 544, 36, 120, 400, 36, 304804, 2104
317792, 124, 544, 36, 120, 400, 36, 304804, 2104
317792, 124, 544, 36, 120, 396, 36, 304808, 2104
317792, 124, 544, 36, 120, 396, 36, 304808, 2104
317792, 124, 544, 36, 116, 396, 36, 304812, 2104
317792, 124, 544, 36, 116, 396, 36, 304812, 2104
317788, 128, 544, 36, 116, 396, 36, 304812, 2104
317788, 128, 544, 36, 116, 396, 36, 304812, 2104
317788, 128, 544, 36, 116, 396, 36, 304812, 2104
317788, 128, 544, 36, 116, 396, 36, 304812, 2104
317788, 128, 544, 36, 116, 396, 36, 304812, 2104
317788, 128, 544, 36, 116, 396, 36, 304812, 2104
317788, 128, 544, 36, 116, 396, 36, 304812, 2104
317788, 128, 544, 36, 116, 396, 36, 304812, 2104
317788, 128, 544, 32, 120, 396, 36, 304812, 2104
317788, 128, 544, 32, 120, 396, 36, 304812, 2104
317788, 128, 544, 32, 120, 396, 36, 304812, 2104
317788, 128, 544, 32, 120, 396, 36, 304812, 2104
317784, 132, 544, 32, 120, 396, 36, 304812, 2104
317784, 132, 544, 32, 120, 396, 36, 304812, 2104
317784, 132, 544, 32, 120, 396, 36, 304812, 2104
317784, 132, 544, 32, 120, 396, 36, 304812, 2104
317784, 128, 544, 36, 120, 396, 36, 304812, 2104
317784, 128, 544, 36, 120, 396, 36, 304812, 2104
317784, 128, 544, 36, 120, 396, 36, 304812, 2104
317784, 128, 544, 36, 120, 396, 36, 304812, 2104
317784, 128, 544, 36, 120, 396, 36, 304812, 2104
317784, 128, 544, 36, 120, 396, 36, 304812, 2104
317784, 128, 544, 36, 120, 396, 36, 304812, 2104
317784, 128, 544, 36, 120, 396, 36, 304812, 2104
317784, 128, 544, 36, 120, 396, 36, 304812, 2104
317784, 128, 544, 36, 120, 396, 36, 304812, 2104
317784, 128, 544, 36, 120, 396, 36, 304812, 2104
317784, 128, 544, 36, 120, 396, 36, 304812, 2104
317784, 128, 544, 36, 120, 396, 36, 304812, 2104
317780, 132, 540, 36, 120, 396, 36, 304816, 2104
317780, 132, 536, 36, 116, 400, 36, 304820, 2104
317780, 132, 536, 36, 116, 400, 36, 304820, 2104
317780, 128, 536, 40, 116, 404, 32, 304820, 2104
317780, 128, 536, 40, 116, 404, 32, 304820, 2104
317780, 128, 532, 40, 116, 404, 32, 304824, 2104
317780, 128, 532, 40, 116, 404, 32, 304824, 2104
317776, 132, 532, 40, 116, 400, 32, 304828, 2104
317776, 132, 532, 40, 116, 400, 32, 304828, 2104
317776, 132, 532, 40, 116, 400, 32, 304828, 2104
317776, 132, 532, 40, 116, 400, 32, 304828, 2104
317776, 132, 532, 40, 116, 400, 32, 304828, 2104
317776, 132, 532, 40, 116, 396, 32, 304832, 2104
317776, 132, 532, 40, 116, 396, 32, 304832, 2104
317772, 132, 532, 40, 116, 396, 32, 304836, 2104
317772, 132, 532, 40, 116, 396, 32, 304836, 2104
317772, 132, 528, 40, 116, 396, 32, 304840, 2104
317772, 132, 528, 40, 116, 396, 32, 304840, 2104
317772, 132, 528, 40, 116, 396, 32, 304840, 2104
317772, 132, 528, 40, 116, 396, 32, 304840, 2104
317772, 132, 528, 40, 116, 396, 32, 304840, 2104
317772, 132, 528, 40, 116, 392, 32, 304844, 2104
317772, 128, 532, 40, 116, 392, 32, 304844, 2104
317772, 128, 532, 40, 116, 392, 32, 304844, 2104
317772, 128, 532, 40, 116, 392, 32, 304844, 2104
317772, 128, 532, 40, 116, 392, 32, 304844, 2104
317772, 128, 532, 36, 120, 392, 32, 304844, 2104
317772, 128, 532, 36, 120, 392, 32, 304844, 2104
317772, 128, 532, 36, 120, 392, 32, 304844, 2104
317772, 128, 532, 36, 120, 392, 32, 304844, 2104
317772, 128, 532, 36, 120, 388, 32, 304848, 2104
317772, 128, 532, 36, 120, 388, 32, 304848, 2104
317772, 128, 532, 36, 120, 388, 32, 304848, 2104
317772, 128, 532, 36, 120, 388, 32, 304848, 2104
317772, 128, 532, 36, 120, 388, 32, 304848, 2104
317772, 128, 532, 36, 120, 388, 32, 304848, 2104
317772, 128, 532, 36, 120, 388, 32, 304848, 2104
317768, 132, 532, 36, 120, 388, 32, 304848, 2104
317768, 132, 532, 36, 120, 388, 32, 304848, 2104
317768, 132, 532, 36, 120, 388, 32, 304848, 2104
317768, 132, 532, 36, 120, 388, 32, 304848, 2104
317768, 128, 532, 40, 120, 388, 32, 304848, 2104
317768, 128, 532, 40, 120, 388, 32, 304848, 2104
317768, 128, 532, 40, 120, 388, 32, 304848, 2104
317768, 128, 532, 40, 120, 388, 32, 304848, 2104
317768, 128, 532, 40, 116, 388, 32, 304852, 2104
317768, 128, 532, 40, 116, 388, 32, 304852, 2104
317768, 128, 532, 40, 116, 388, 32, 304852, 2104
317768, 128, 532, 40, 116, 388, 32, 304852, 2104
317768, 128, 532, 40, 116, 388, 32, 304852, 2104
317768, 128, 532, 40, 116, 388, 32, 304852, 2104
317768, 128, 532, 40, 112, 388, 32, 304856, 2104
317768, 124, 536, 40, 112, 388, 32, 304856, 2104
317768, 124, 536, 40, 112, 388, 32, 304856, 2104
317768, 124, 536, 40, 112, 388, 32, 304856, 2104
317768, 124, 536, 40, 112, 388, 32, 304856, 2104
317768, 124, 536, 40, 112, 388, 32, 304856, 2104
317768, 120, 540, 40, 112, 388, 32, 304856, 2104
317768, 120, 540, 40, 112, 388, 32, 304856, 2104
317764, 124, 540, 40, 112, 384, 32, 304860, 2104
317764, 124, 540, 40, 112, 384, 32, 304860, 2104
317764, 124, 540, 40, 112, 380, 32, 304864, 2104
317764, 124, 536, 40, 112, 380, 32, 304868, 2104
317764, 124, 536, 40, 112, 380, 32, 304868, 2104
317764, 124, 536, 40, 112, 380, 32, 304868, 2104
317764, 120, 536, 44, 112, 380, 32, 304868, 2104
317764, 120, 536, 44, 112, 380, 32, 304868, 2104
317764, 120, 536, 44, 112, 380, 32, 304868, 2104
317764, 120, 536, 44, 112, 380, 32, 304868, 2104
317764, 120, 536, 44, 112, 380, 32, 304868, 2104
317764, 120, 536, 44, 112, 380, 32, 304868, 2104
317764, 120, 536, 44, 112, 380, 32, 304868, 2104
317764, 120, 536, 44, 112, 380, 32, 304868, 2104
317764, 120, 536, 44, 112, 380, 32, 304868, 2104
317764, 120, 536, 44, 112, 380, 32, 304868, 2104
317764, 120, 532, 44, 112, 380, 32, 304872, 2104
317764, 120, 532, 44, 112, 380, 32, 304872, 2104
317764, 120, 532, 44, 112, 380, 32, 304872, 2104
317764, 120, 532, 44, 112, 376, 32, 304876, 2104
317764, 120, 532, 44, 112, 376, 32, 304876, 2104
317764, 120, 532, 44, 112, 376, 32, 304876, 2104
317764, 120, 532, 44, 112, 376, 32, 304876, 2104
317764, 120, 532, 44, 112, 376, 32, 304876, 2104
317764, 120, 528, 44, 112, 376, 32, 304880, 2104
317764, 120, 528, 44, 112, 376, 32, 304880, 2104
317764, 116, 532, 44, 108, 372, 32, 304888, 2104
317764, 116, 528, 44, 108, 372, 32, 304892, 2104
317764, 116, 528, 44, 108, 372, 32, 304892, 2104
317764, 116, 528, 44, 108, 372, 32, 304892, 2104
317760, 120, 524, 44, 108, 372, 32, 304896, 2104
317760, 120, 516, 44, 108, 372, 32, 304904, 2104
317760, 120, 516, 44, 108, 372, 32, 304904, 2104
317760, 120, 516, 44, 108, 372, 32, 304904, 2104
317760, 120, 516, 44, 108, 372, 32, 304904, 2104
317760, 120, 516, 44, 108, 372, 32, 304904, 2104
317760, 120, 516, 44, 108, 372, 32, 304904, 2104
317760, 120, 516, 44, 108, 372, 32, 304904, 2104
317760, 120, 512, 44, 108, 368, 32, 304912, 2104
317760, 120, 512, 44, 108, 368, 32, 304912, 2104
317756, 124, 512, 44, 108, 368, 32, 304912, 2104
317756, 124, 512, 44, 108, 368, 32, 304912, 2104
317756, 124, 512, 44, 108, 368, 32, 304912, 2104
317756, 124, 512, 44, 108, 368, 32, 304912, 2104
317756, 124, 512, 44, 108, 368, 32, 304912, 2104
317756, 124, 512, 44, 108, 368, 32, 304912, 2104
317756, 124, 512, 44, 108, 368, 32, 304912, 2104
317756, 124, 512, 44, 108, 368, 32, 304912, 2104
317756, 124, 512, 44, 108, 368, 32, 304912, 2104
317756, 120, 512, 48, 108, 368, 32, 304912, 2104
317756, 120, 512, 48, 108, 368, 32, 304912, 2104
317756, 120, 512, 48, 108, 368, 32, 304912, 2104
317756, 120, 512, 48, 108, 368, 32, 304912, 2104
317756, 120, 512, 48, 108, 364, 32, 304916, 2104
317756, 120, 512, 48, 108, 364, 32, 304916, 2104
317756, 120, 512, 48, 108, 364, 32, 304916, 2104
317756, 120, 508, 48, 108, 364, 32, 304920, 2104
317756, 120, 504, 48, 108, 364, 32, 304924, 2104
317756, 120, 504, 48, 108, 364, 32, 304924, 2104
317752, 124, 504, 48, 108, 364, 32, 304924, 2104
317752, 124, 504, 48, 108, 364, 32, 304924, 2104
317752, 124, 504, 48, 108, 364, 32, 304924, 2104
317752, 124, 504, 48, 108, 364, 32, 304924, 2104
317752, 124, 504, 48, 108, 364, 32, 304924, 2104
317752, 124, 500, 48, 108, 364, 32, 304928, 2104
317752, 124, 500, 48, 108, 364, 32, 304928, 2104
317752, 124, 500, 48, 108, 364, 32, 304928, 2104
317752, 124, 500, 48, 108, 364, 32, 304928, 2104
317752, 124, 500, 48, 108, 364, 32, 304928, 2104
317752, 124, 500, 48, 108, 364, 32, 304928, 2104
317752, 124, 500, 48, 108, 364, 32, 304928, 2104
317752, 124, 500, 48, 108, 364, 32, 304928, 2104
317752, 120, 504, 48, 108, 364, 32, 304928, 2104
317752, 120, 500, 48, 108, 364, 32, 304932, 2104
317752, 120, 500, 48, 108, 364, 32, 304932, 2104
317752, 120, 500, 48, 108, 364, 32, 304932, 2104
317752, 120, 500, 48, 108, 364, 32, 304932, 2104
317752, 120, 500, 48, 108, 364, 32, 304932, 2104
317752, 120, 500, 48, 108, 364, 32, 304932, 2104
317752, 120, 500, 48, 108, 368, 28, 304932, 2104
317752, 120, 500, 48, 108, 368, 28, 304932, 2104
317752, 120, 500, 48, 108, 368, 28, 304932, 2104
317752, 120, 500, 48, 108, 368, 28, 304932, 2104
317752, 120, 500, 48, 108, 368, 28, 304932, 2104
317752, 120, 500, 48, 108, 368, 28, 304932, 2104
317752, 120, 500, 48, 108, 368, 28, 304932, 2104
317752, 116, 504, 48, 108, 368, 28, 304932, 2104
317752, 116, 504, 48, 108, 368, 28, 304932, 2104
317752, 116, 504, 48, 108, 368, 28, 304932, 2104
317752, 116, 504, 48, 108, 368, 28, 304932, 2104
317752, 116, 504, 48, 108, 368, 28, 304932, 2104
317752, 116, 504, 48, 108, 368, 28, 304932, 2104
317752, 116, 504, 48, 108, 368, 28, 304932, 2104
317752, 116, 504, 48, 108, 368, 28, 304932, 2104
317752, 112, 508, 48, 108, 368, 28, 304932, 2104
317752, 112, 508, 48, 108, 368, 28, 304932, 2104
317752, 112, 508, 48, 108, 368, 28, 304932, 2104
317752, 112, 508, 48, 108, 368, 28, 304932, 2104
317752, 112, 508, 48, 108, 368, 28, 304932, 2104
317752, 112, 508, 48, 108, 368, 28, 304932, 2104
317752, 112, 508, 48, 108, 368, 28, 304932, 2104
317752, 112, 508, 48, 108, 368, 28, 304932, 2104
317752, 112, 508, 48, 108, 368, 28, 304932, 2104
317752, 112, 508, 48, 108, 368, 28, 304932, 2104
317752, 112, 508, 48, 108, 368, 28, 304932, 2104
317752, 112, 508, 48, 108, 368, 28, 304932, 2104
317752, 112, 508, 48, 108, 368, 28, 304932, 2104
317752, 112, 504, 48, 108, 368, 28, 304936, 2104
317752, 112, 504, 48, 108, 368, 28, 304936, 2104
317752, 112, 504, 48, 108, 368, 28, 304936, 2104
317752, 108, 504, 52, 108, 368, 28, 304936, 2104
317752, 104, 504, 56, 108, 368, 28, 304936, 2104
317748, 104, 504, 60, 108, 368, 28, 304936, 2104
317748, 104, 504, 60, 108, 368, 28, 304936, 2104
317748, 104, 504, 60, 108, 368, 28, 304936, 2104
317748, 104, 504, 56, 112, 368, 28, 304936, 2104
317748, 104, 504, 56, 108, 368, 28, 304940, 2104
317748, 104, 504, 56, 108, 368, 28, 304940, 2104
317748, 100, 508, 56, 108, 368, 28, 304940, 2104
317748, 100, 504, 56, 108, 368, 28, 304944, 2104
317748, 100, 504, 56, 108, 364, 28, 304948, 2104
317748, 100, 504, 56, 108, 364, 28, 304948, 2104
317748, 100, 504, 56, 108, 364, 28, 304948, 2104
317748, 96, 508, 52, 108, 368, 28, 304948, 2104
317748, 96, 508, 52, 108, 368, 28, 304948, 2104
317748, 96, 508, 52, 104, 372, 28, 304948, 2104
317748, 96, 508, 52, 104, 372, 28, 304948, 2104
317748, 96, 508, 52, 104, 372, 28, 304948, 2104
317748, 92, 512, 52, 104, 372, 28, 304948, 2104
317748, 92, 512, 52, 104, 372, 28, 304948, 2104
317748, 92, 512, 52, 104, 372, 28, 304948, 2104
317748, 92, 512, 52, 104, 372, 28, 304948, 2104
317748, 92, 512, 52, 104, 372, 28, 304948, 2104
317748, 92, 512, 52, 104, 372, 28, 304948, 2104
317748, 92, 512, 52, 104, 372, 28, 304948, 2104
317748, 92, 512, 52, 104, 372, 28, 304948, 2104
317748, 92, 512, 52, 104, 372, 28, 304948, 2104
317748, 92, 512, 52, 104, 372, 28, 304948, 2104
317748, 92, 512, 52, 104, 372, 28, 304948, 2104
317748, 92, 512, 52, 104, 372, 28, 304948, 2104
317748, 92, 512, 52, 104, 372, 28, 304948, 2104
317748, 92, 512, 52, 104, 372, 28, 304948, 2104
317748, 88, 516, 52, 104, 372, 28, 304948, 2104
317748, 88, 516, 52, 104, 372, 28, 304948, 2104
317748, 88, 516, 52, 104, 372, 28, 304948, 2104
317748, 88, 516, 52, 104, 372, 28, 304948, 2104
317748, 88, 516, 52, 104, 372, 28, 304948, 2104
317748, 88, 516, 52, 104, 372, 28, 304948, 2104
317748, 88, 516, 52, 104, 372, 28, 304948, 2104
317748, 88, 516, 52, 104, 372, 28, 304948, 2104
317748, 88, 516, 52, 104, 372, 28, 304948, 2104
317748, 88, 512, 52, 104, 372, 28, 304952, 2104
317748, 88, 512, 52, 104, 372, 28, 304952, 2104
317748, 84, 512, 56, 104, 372, 28, 304952, 2104
317748, 84, 512, 56, 104, 372, 28, 304952, 2104
317748, 84, 512, 56, 104, 372, 28, 304952, 2104
317748, 84, 512, 56, 104, 372, 28, 304952, 2104
317744, 88, 508, 56, 104, 372, 28, 304956, 2104
317744, 88, 508, 56, 104, 372, 28, 304956, 2104
317744, 88, 508, 56, 104, 372, 28, 304956, 2104
317744, 88, 508, 56, 104, 372, 28, 304956, 2104
317744, 88, 508, 56, 104, 372, 28, 304956, 2104
317744, 88, 508, 56, 104, 372, 28, 304956, 2104
317744, 88, 508, 56, 104, 372, 28, 304956, 2104
317744, 88, 508, 56, 104, 372, 28, 304956, 2104
317744, 88, 508, 56, 104, 372, 28, 304956, 2104
317744, 88, 508, 56, 104, 372, 28, 304956, 2104
317744, 88, 508, 56, 104, 372, 28, 304956, 2104
317744, 88, 508, 56, 104, 372, 28, 304956, 2104
317744, 88, 508, 56, 104, 372, 28, 304956, 2104
317744, 88, 504, 56, 104, 372, 28, 304960, 2104
317744, 88, 500, 56, 104, 372, 28, 304964, 2104
317744, 88, 500, 56, 104, 372, 28, 304964, 2104
317740, 92, 500, 56, 104, 372, 28, 304964, 2104
317740, 92, 500, 56, 104, 372, 28, 304964, 2104
317740, 92, 500, 56, 104, 372, 28, 304964, 2104
317740, 92, 500, 56, 104, 372, 28, 304964, 2104
317740, 92, 500, 56, 104, 372, 28, 304964, 2104
317740, 88, 504, 56, 104, 372, 28, 304964, 2104
317740, 88, 504, 56, 104, 372, 28, 304964, 2104
317740, 88, 504, 56, 104, 372, 28, 304964, 2104
317736, 92, 504, 56, 104, 372, 28, 304964, 2104
317736, 92, 504, 56, 104, 372, 28, 304964, 2104
317736, 92, 504, 56, 104, 372, 28, 304964, 2104
317736, 92, 504, 56, 104, 372, 28, 304964, 2104
317736, 92, 504, 56, 104, 372, 28, 304964, 2104
317736, 92, 504, 56, 104, 372, 28, 304964, 2104
317736, 92, 504, 56, 104, 372, 28, 304964, 2104
317736, 92, 504, 56, 104, 372, 28, 304964, 2104
317736, 92, 504, 52, 108, 372, 28, 304964, 2104
317732, 96, 504, 52, 108, 372, 28, 304964, 2104
317732, 96, 504, 52, 108, 372, 28, 304964, 2104
317732, 96, 504, 52, 108, 372, 28, 304964, 2104
317732, 96, 504, 52, 108, 372, 28, 304964, 2104
317732, 96, 504, 52, 108, 372, 28, 304964, 2104
317732, 96, 504, 52, 108, 372, 28, 304964, 2104
317732, 96, 504, 52, 108, 372, 28, 304964, 2104
317732, 96, 504, 52, 108, 372, 28, 304964, 2104
317732, 96, 504, 52, 108, 372, 28, 304964, 2104
317728, 100, 504, 48, 112, 372, 28, 304964, 2104
317728, 100, 504, 48, 112, 372, 28, 304964, 2104
317728, 100, 504, 48, 112, 372, 28, 304964, 2104
317728, 100, 500, 48, 112, 372, 28, 304968, 2104
317728, 100, 500, 48, 112, 372, 28, 304968, 2104
317728, 100, 496, 48, 112, 372, 28, 304972, 2104
317728, 100, 496, 48, 112, 372, 28, 304972, 2104
317728, 100, 496, 48, 112, 372, 28, 304972, 2104
317728, 100, 496, 48, 112, 372, 28, 304972, 2104
317728, 100, 496, 48, 112, 372, 28, 304972, 2104
317728, 100, 496, 48, 112, 372, 28, 304972, 2104
317728, 100, 496, 48, 112, 372, 28, 304972, 2104
317728, 100, 496, 48, 112, 372, 28, 304972, 2104
317728, 96, 500, 48, 112, 372, 28, 304972, 2104
317728, 96, 500, 48, 112, 372, 28, 304972, 2104
317728, 96, 500, 48, 112, 372, 28, 304972, 2104
317728, 96, 500, 48, 112, 372, 28, 304972, 2104
317728, 96, 500, 48, 112, 372, 28, 304972, 2104
317724, 100, 500, 48, 112, 372, 28, 304972, 2104
317724, 100, 500, 48, 112, 372, 28, 304972, 2104
317724, 100, 500, 48, 112, 372, 28, 304972, 2104
317724, 100, 500, 48, 112, 372, 28, 304972, 2104
317724, 100, 500, 48, 112, 372, 28, 304972, 2104
317724, 100, 500, 48, 112, 372, 28, 304972, 2104
317724, 100, 500, 48, 112, 372, 28, 304972, 2104
317724, 100, 500, 48, 112, 372, 28, 304972, 2104
317724, 100, 500, 48, 112, 372, 28, 304972, 2104
317724, 100, 496, 48, 112, 372, 28, 304976, 2104
317724, 100, 496, 48, 112, 372, 28, 304976, 2104
317724, 100, 496, 48, 112, 372, 28, 304976, 2104
317724, 100, 496, 48, 112, 372, 28, 304976, 2104
317724, 100, 496, 48, 112, 372, 28, 304976, 2104
317724, 100, 496, 48, 112, 372, 28, 304976, 2104
317724, 100, 496, 48, 112, 372, 28, 304976, 2104
317724, 100, 496, 48, 112, 372, 28, 304976, 2104
317724, 100, 496, 48, 112, 372, 28, 304976, 2104
317724, 100, 496, 48, 112, 372, 28, 304976, 2104
317724, 96, 500, 48, 112, 372, 28, 304976, 2104
317724, 96, 500, 48, 112, 372, 28, 304976, 2104
317724, 96, 496, 48, 112, 372, 28, 304980, 2104
317724, 96, 496, 48, 112, 372, 28, 304980, 2104
317724, 96, 496, 48, 112, 372, 28, 304980, 2104
317724, 96, 492, 48, 112, 372, 28, 304984, 2104
317724, 96, 492, 48, 112, 372, 28, 304984, 2104
317724, 96, 492, 48, 112, 372, 28, 304984, 2104
317724, 96, 492, 48, 112, 372, 28, 304984, 2104
317724, 96, 492, 48, 112, 372, 28, 304984, 2104
317724, 96, 492, 48, 112, 372, 28, 304984, 2104
317724, 96, 488, 48, 112, 372, 28, 304988, 2104
317724, 96, 488, 48, 112, 372, 28, 304988, 2104
317724, 96, 488, 48, 112, 372, 28, 304988, 2104
317724, 96, 488, 48, 112, 372, 28, 304988, 2104
317724, 96, 488, 48, 112, 372, 28, 304988, 2104
317724, 96, 488, 48, 112, 372, 28, 304988, 2104
317724, 96, 488, 48, 112, 372, 28, 304988, 2104
317724, 96, 488, 48, 112, 372, 28, 304988, 2104
317724, 96, 488, 48, 112, 372, 28, 304988, 2104
317724, 96, 488, 48, 112, 372, 28, 304988, 2104
317724, 96, 488, 48, 112, 372, 28, 304988, 2104
317724, 96, 488, 48, 112, 368, 28, 304992, 2104
317724, 96, 488, 48, 112, 368, 28, 304992, 2104
317724, 96, 488, 48, 112, 368, 28, 304992, 2104
317724, 96, 488, 48, 112, 368, 28, 304992, 2104
317724, 96, 488, 48, 112, 368, 28, 304992, 2104
317724, 96, 488, 48, 112, 368, 28, 304992, 2104
317724, 96, 488, 48, 112, 368, 28, 304992, 2104
317724, 96, 488, 48, 112, 368, 28, 304992, 2104
317724, 96, 488, 48, 112, 368, 28, 304992, 2104
317724, 96, 488, 48, 112, 368, 28, 304992, 2104
317724, 96, 488, 48, 112, 368, 28, 304992, 2104
317724, 96, 488, 48, 112, 368, 28, 304992, 2104
317724, 96, 488, 48, 112, 368, 28, 304992, 2104
317724, 96, 488, 48, 112, 368, 28, 304992, 2104
317724, 96, 488, 48, 112, 368, 28, 304992, 2104
317724, 96, 488, 48, 112, 368, 28, 304992, 2104
317724, 96, 488, 48, 112, 368, 28, 304992, 2104
317724, 96, 488, 48, 112, 368, 28, 304992, 2104
317724, 92, 492, 48, 112, 368, 28, 304992, 2104
317724, 92, 492, 48, 112, 368, 28, 304992, 2104
317724, 92, 492, 48, 112, 368, 28, 304992, 2104
317724, 92, 492, 48, 112, 368, 28, 304992, 2104
317724, 92, 492, 48, 112, 368, 28, 304992, 2104
317724, 92, 492, 48, 112, 368, 28, 304992, 2104
317720, 96, 492, 48, 112, 368, 28, 304992, 2104
317720, 92, 496, 48, 112, 368, 28, 304992, 2104
317720, 92, 496, 48, 112, 364, 28, 304996, 2104
317720, 92, 496, 48, 112, 364, 28, 304996, 2104
317720, 92, 496, 48, 112, 364, 28, 304996, 2104
317720, 92, 496, 48, 112, 360, 24, 305000, 2108
317720, 92, 496, 48, 112, 360, 24, 305000, 2108
317720, 92, 496, 48, 112, 360, 24, 305000, 2108
317720, 92, 496, 48, 112, 360, 24, 305000, 2108
317716, 96, 496, 48, 112, 360, 24, 305000, 2108
317716, 96, 496, 48, 112, 360, 24, 305000, 2108
317716, 96, 496, 44, 116, 360, 24, 305000, 2108
317716, 92, 500, 44, 116, 360, 24, 305000, 2108
317716, 92, 500, 44, 116, 360, 24, 305000, 2108
317716, 88, 504, 44, 116, 360, 24, 305000, 2108
317716, 88, 504, 44, 116, 360, 24, 305000, 2108
317716, 88, 504, 44, 116, 360, 24, 305000, 2108
317716, 88, 504, 44, 112, 364, 24, 305000, 2108
317716, 88, 504, 44, 112, 364, 24, 305000, 2108
317716, 88, 500, 44, 112, 360, 24, 305008, 2108
317716, 88, 500, 44, 112, 360, 24, 305008, 2108
317716, 88, 500, 40, 116, 360, 24, 305008, 2108
317716, 88, 500, 40, 116, 360, 24, 305008, 2108
317716, 88, 500, 40, 116, 360, 24, 305008, 2108
317716, 88, 500, 40, 116, 360, 24, 305008, 2108
317716, 88, 500, 40, 116, 360, 24, 305008, 2108
317716, 88, 500, 40, 116, 360, 24, 305008, 2108
317716, 88, 500, 40, 116, 360, 24, 305008, 2108
317716, 88, 500, 40, 116, 360, 24, 305008, 2108
317716, 88, 500, 40, 116, 360, 24, 305008, 2108
317716, 88, 500, 40, 116, 360, 24, 305008, 2108
317716, 88, 500, 40, 116, 360, 24, 305008, 2108
317716, 88, 500, 40, 116, 360, 24, 305008, 2108
317712, 92, 500, 40, 116, 360, 24, 305008, 2108
317712, 88, 504, 40, 116, 360, 24, 305008, 2108
317712, 88, 504, 40, 116, 360, 24, 305008, 2108
317712, 88, 504, 40, 116, 360, 24, 305008, 2108
317712, 88, 504, 40, 116, 360, 24, 305008, 2108
317712, 88, 504, 40, 116, 360, 24, 305008, 2108
317712, 88, 504, 40, 116, 360, 24, 305008, 2108
317712, 84, 508, 40, 116, 360, 24, 305008, 2108
317712, 84, 508, 40, 116, 360, 24, 305008, 2108
317712, 84, 508, 40, 116, 356, 24, 305012, 2108
317712, 84, 508, 40, 116, 356, 24, 305012, 2108
317712, 84, 508, 40, 116, 356, 24, 305012, 2108
317712, 84, 508, 36, 120, 356, 24, 305012, 2108
317712, 84, 508, 36, 120, 356, 24, 305012, 2108
317712, 84, 508, 36, 120, 356, 24, 305012, 2108
317712, 84, 508, 36, 120, 356, 24, 305012, 2108
317712, 84, 508, 36, 120, 352, 24, 305016, 2108
317712, 84, 508, 36, 120, 352, 24, 305016, 2108
317712, 84, 508, 36, 120, 352, 24, 305016, 2108
317712, 84, 508, 36, 120, 352, 24, 305016, 2108
317712, 84, 504, 36, 120, 352, 24, 305020, 2108
317712, 84, 500, 36, 120, 352, 24, 305024, 2108
317712, 84, 500, 36, 120, 352, 24, 305024, 2108
317712, 84, 500, 36, 120, 352, 24, 305024, 2108
317712, 84, 500, 36, 120, 352, 24, 305024, 2108
317708, 88, 500, 36, 120, 352, 24, 305024, 2108
317708, 88, 500, 36, 120, 352, 24, 305024, 2108
317708, 88, 496, 36, 120, 352, 24, 305028, 2108
317708, 84, 500, 36, 120, 352, 24, 305028, 2108
317704, 88, 500, 36, 120, 352, 24, 305028, 2108
317704, 88, 500, 36, 120, 352, 24, 305028, 2108
317700, 92, 500, 36, 120, 352, 24, 305028, 2108
317700, 92, 500, 36, 120, 352, 24, 305028, 2108
317700, 92, 500, 36, 116, 352, 24, 305032, 2108
317700, 92, 500, 36, 116, 352, 24, 305032, 2108
317700, 92, 500, 36, 116, 352, 24, 305032, 2108
317700, 92, 500, 36, 116, 352, 24, 305032, 2108
317700, 92, 500, 36, 116, 352, 24, 305032, 2108
317700, 92, 500, 36, 116, 352, 24, 305032, 2108
317700, 92, 500, 36, 116, 352, 24, 305032, 2108
317700, 92, 500, 36, 116, 352, 24, 305032, 2108
317700, 92, 500, 36, 116, 352, 24, 305032, 2108
317700, 92, 500, 36, 116, 352, 24, 305032, 2108
317700, 92, 500, 36, 108, 352, 24, 305040, 2108
317700, 92, 500, 36, 108, 352, 24, 305040, 2108
317700, 92, 500, 36, 108, 352, 24, 305040, 2108
317700, 92, 500, 36, 108, 352, 24, 305040, 2108
317700, 88, 504, 36, 108, 352, 24, 305040, 2108
317700, 88, 504, 36, 108, 352, 24, 305040, 2108
317700, 88, 504, 36, 108, 352, 24, 305040, 2108
317700, 88, 504, 36, 108, 352, 24, 305040, 2108
317696, 92, 504, 36, 108, 352, 24, 305040, 2108
317696, 92, 504, 36, 108, 352, 24, 305040, 2108
317696, 92, 504, 36, 108, 352, 24, 305040, 2108
317696, 92, 504, 36, 108, 352, 24, 305040, 2108
317696, 92, 504, 36, 108, 352, 24, 305040, 2108
317696, 92, 504, 36, 108, 352, 24, 305040, 2108
317696, 92, 504, 36, 108, 352, 24, 305040, 2108
317696, 92, 504, 36, 108, 352, 24, 305040, 2108
317696, 92, 504, 36, 108, 352, 24, 305040, 2108
317696, 92, 504, 36, 108, 352, 24, 305040, 2108
317696, 92, 500, 36, 108, 352, 24, 305044, 2108
317696, 92, 500, 36, 108, 352, 24, 305044, 2108
317696, 92, 496, 36, 108, 352, 24, 305048, 2108
317688, 100, 496, 36, 108, 352, 24, 305048, 2108
317688, 100, 496, 36, 108, 352, 24, 305048, 2108
317688, 100, 496, 36, 108, 348, 24, 305052, 2108
317688, 100, 496, 36, 108, 348, 24, 305052, 2108
317688, 100, 496, 36, 108, 348, 24, 305052, 2108
317688, 100, 492, 36, 108, 348, 24, 305056, 2108
317688, 100, 492, 36, 108, 348, 24, 305056, 2108
317688, 100, 492, 36, 108, 348, 24, 305056, 2108
317688, 100, 492, 36, 108, 344, 24, 305060, 2108
317688, 100, 488, 36, 108, 344, 24, 305064, 2108
317688, 100, 488, 36, 108, 344, 24, 305064, 2108
317688, 100, 488, 36, 108, 344, 24, 305064, 2108
317688, 100, 488, 36, 108, 344, 24, 305064, 2108
317688, 100, 488, 36, 108, 340, 24, 305068, 2108
317688, 100, 488, 36, 108, 340, 24, 305068, 2108
317688, 100, 488, 36, 108, 340, 24, 305068, 2108
317684, 104, 488, 36, 108, 340, 24, 305068, 2108
317684, 104, 488, 36, 108, 340, 24, 305068, 2108
317684, 100, 492, 36, 108, 340, 24, 305068, 2108
317684, 100, 492, 36, 108, 340, 24, 305068, 2108
317684, 100, 492, 36, 108, 340, 24, 305068, 2108
317684, 96, 496, 36, 108, 340, 24, 305068, 2108
317684, 96, 496, 36, 108, 340, 24, 305068, 2108
317684, 96, 496, 36, 108, 340, 24, 305068, 2108
317684, 96, 496, 36, 108, 340, 24, 305068, 2108
317684, 96, 496, 36, 108, 340, 24, 305068, 2108
317684, 96, 496, 36, 108, 340, 24, 305068, 2108
317684, 96, 496, 36, 108, 340, 24, 305068, 2108
317684, 96, 492, 36, 108, 340, 24, 305072, 2108
317684, 96, 492, 36, 108, 340, 24, 305072, 2108
317684, 96, 492, 36, 108, 340, 24, 305072, 2108
317684, 96, 492, 36, 108, 340, 24, 305072, 2108
317684, 96, 488, 36, 108, 340, 24, 305076, 2108
317684, 96, 488, 36, 108, 340, 24, 305076, 2108
317684, 96, 488, 36, 108, 340, 24, 305076, 2108
317684, 96, 488, 36, 108, 340, 24, 305076, 2108
317684, 96, 488, 36, 108, 340, 24, 305076, 2108
317684, 96, 488, 36, 108, 336, 24, 305080, 2108
317684, 96, 488, 36, 108, 336, 24, 305080, 2108
317684, 96, 488, 36, 108, 336, 24, 305080, 2108
317684, 96, 488, 36, 108, 336, 24, 305080, 2108
317684, 96, 488, 36, 108, 336, 24, 305080, 2108
317684, 96, 488, 36, 108, 336, 24, 305080, 2108
317684, 92, 488, 40, 108, 336, 24, 305080, 2108
317684, 92, 484, 40, 108, 336, 24, 305084, 2108
317680, 96, 484, 40, 108, 336, 24, 305084, 2108
317680, 96, 484, 40, 108, 336, 24, 305084, 2108
317680, 96, 484, 40, 108, 336, 24, 305084, 2108
317680, 96, 484, 40, 108, 336, 24, 305084, 2108
317680, 96, 484, 40, 108, 336, 24, 305084, 2108
317680, 96, 484, 40, 108, 336, 24, 305084, 2108
317680, 96, 484, 40, 108, 336, 24, 305084, 2108
317680, 96, 480, 40, 108, 336, 24, 305088, 2108
317680, 96, 480, 40, 108, 336, 24, 305088, 2108
317680, 92, 484, 40, 108, 336, 24, 305088, 2108
317680, 92, 484, 40, 108, 336, 24, 305088, 2108
317680, 92, 484, 40, 108, 336, 24, 305088, 2108
317680, 92, 484, 40, 108, 336, 24, 305088, 2108
317680, 92, 484, 40, 108, 336, 24, 305088, 2108
317680, 92, 484, 40, 108, 336, 24, 305088, 2108
317680, 92, 484, 40, 108, 336, 24, 305088, 2108
317680, 92, 484, 40, 108, 336, 24, 305088, 2108
317680, 92, 484, 40, 108, 336, 24, 305088, 2108
317680, 92, 484, 40, 108, 336, 24, 305088, 2108
317680, 92, 484, 40, 104, 336, 24, 305092, 2108
317680, 92, 484, 40, 104, 336, 24, 305092, 2108
317680, 92, 484, 40, 104, 336, 24, 305092, 2108
317680, 92, 484, 40, 104, 336, 24, 305092, 2108
317680, 92, 484, 40, 104, 336, 24, 305092, 2108
317680, 92, 476, 40, 104, 340, 20, 305100, 2108
317680, 92, 476, 40, 104, 340, 20, 305100, 2108
317680, 92, 476, 40, 104, 340, 20, 305100, 2108
317680, 92, 476, 36, 108, 340, 20, 305100, 2108
317680, 92, 476, 36, 108, 340, 20, 305100, 2108
317680, 92, 476, 36, 108, 340, 20, 305100, 2108
317680, 92, 476, 36, 108, 340, 20, 305100, 2108
317680, 92, 476, 36, 108, 340, 20, 305100, 2108
317680, 92, 476, 36, 108, 340, 20, 305100, 2108
317680, 92, 476, 36, 108, 340, 20, 305100, 2108
317680, 92, 476, 36, 108, 340, 20, 305100, 2108
317680, 92, 476, 36, 108, 340, 20, 305100, 2108
317680, 92, 476, 36, 104, 340, 20, 305104, 2108
317680, 92, 476, 36, 104, 340, 20, 305104, 2108
317680, 92, 476, 36, 104, 340, 20, 305104, 2108
317680, 92, 476, 36, 104, 340, 20, 305104, 2108
317680, 92, 476, 36, 104, 340, 20, 305104, 2108
317680, 92, 476, 36, 104, 340, 20, 305104, 2108
317680, 92, 472, 36, 104, 340, 20, 305108, 2108
317680, 92, 472, 36, 104, 340, 20, 305108, 2108
317680, 92, 472, 36, 104, 340, 20, 305108, 2108
317680, 92, 472, 36, 104, 340, 20, 305108, 2108
317680, 92, 472, 36, 104, 340, 20, 305108, 2108
317680, 92, 472, 36, 104, 340, 20, 305108, 2108
317680, 92, 472, 36, 104, 340, 20, 305108, 2108
317680, 92, 472, 36, 104, 340, 20, 305108, 2108
317680, 92, 472, 36, 104, 340, 20, 305108, 2108
317680, 92, 472, 36, 104, 340, 20, 305108, 2108
317680, 92, 472, 36, 104, 340, 20, 305108, 2108
317680, 92, 472, 36, 104, 340, 20, 305108, 2108
317680, 92, 472, 36, 104, 340, 20, 305108, 2108
317680, 92, 468, 36, 104, 340, 20, 305112, 2108
317680, 92, 468, 36, 104, 340, 20, 305112, 2108
317680, 92, 468, 36, 104, 340, 20, 305112, 2108
317680, 92, 464, 36, 104, 340, 20, 305116, 2108
317680, 92, 464, 36, 104, 340, 20, 305116, 2108
317680, 88, 464, 40, 104, 336, 20, 305120, 2108
317680, 88, 464, 40, 104, 336, 20, 305120, 2108
317680, 88, 464, 40, 104, 336, 20, 305120, 2108
317680, 88, 464, 40, 104, 336, 20, 305120, 2108
317680, 88, 464, 40, 104, 336, 20, 305120, 2108
317680, 88, 464, 40, 104, 336, 20, 305120, 2108
317680, 88, 460, 40, 104, 336, 20, 305124, 2108
317680, 88, 460, 40, 104, 336, 20, 305124, 2108
317680, 88, 460, 40, 104, 336, 20, 305124, 2108
317680, 88, 460, 40, 104, 336, 20, 305124, 2108
317680, 88, 460, 40, 104, 332, 20, 305128, 2108
317680, 88, 460, 40, 104, 332, 20, 305128, 2108
317680, 88, 460, 40, 104, 332, 20, 305128, 2108
317680, 88, 460, 40, 104, 332, 20, 305128, 2108
317680, 88, 460, 40, 104, 332, 20, 305128, 2108
317680, 88, 460, 40, 104, 332, 20, 305128, 2108
317680, 88, 460, 40, 104, 332, 20, 305128, 2108
317680, 88, 460, 40, 104, 332, 20, 305128, 2108
317680, 88, 460, 40, 104, 332, 20, 305128, 2108
317680, 88, 460, 40, 104, 328, 20, 305132, 2108
317680, 88, 460, 40, 104, 332, 16, 305132, 2108
317680, 88, 460, 40, 104, 332, 16, 305132, 2108
317680, 88, 460, 40, 104, 332, 16, 305132, 2108
317680, 88, 460, 40, 104, 332, 16, 305132, 2108
317680, 88, 456, 40, 104, 332, 16, 305136, 2108
317680, 88, 456, 40, 104, 332, 16, 305136, 2108
317680, 88, 456, 40, 104, 332, 16, 305136, 2108
317680, 88, 456, 40, 104, 332, 16, 305136, 2108
317680, 88, 456, 40, 104, 332, 16, 305136, 2108
317680, 88, 456, 40, 104, 332, 16, 305136, 2108
317680, 88, 456, 40, 104, 332, 16, 305136, 2108
317680, 88, 456, 40, 104, 332, 16, 305136, 2108
317680, 88, 456, 40, 104, 332, 16, 305136, 2108
317680, 84, 460, 40, 104, 332, 16, 305136, 2108
317680, 84, 460, 40, 104, 332, 16, 305136, 2108
317680, 84, 460, 40, 104, 332, 16, 305136, 2108
317680, 84, 460, 40, 104, 332, 16, 305136, 2108
317680, 84, 460, 40, 104, 332, 16, 305136, 2108
317680, 84, 460, 40, 104, 332, 16, 305136, 2108
317680, 84, 460, 40, 104, 332, 16, 305136, 2108
317680, 84, 460, 40, 104, 332, 16, 305136, 2108
317680, 84, 460, 40, 104, 332, 16, 305136, 2108
317680, 84, 460, 40, 104, 332, 16, 305136, 2108
317680, 84, 460, 40, 100, 332, 16, 305140, 2108
317680, 84, 460, 40, 100, 332, 16, 305140, 2108
317680, 84, 460, 40, 100, 332, 16, 305140, 2108
317680, 84, 460, 40, 100, 328, 20, 305140, 2108
317676, 88, 460, 40, 100, 328, 20, 305140, 2108
317676, 88, 460, 40, 100, 324, 20, 305144, 2108
317672, 92, 460, 40, 100, 324, 20, 305144, 2108
317672, 92, 460, 40, 100, 324, 20, 305144, 2108
317672, 92, 460, 40, 100, 324, 20, 305144, 2108
317672, 92, 460, 40, 100, 324, 20, 305144, 2108
317672, 92, 460, 40, 100, 324, 20, 305144, 2108
317672, 92, 460, 40, 100, 324, 20, 305144, 2108
317672, 92, 460, 40, 96, 324, 20, 305148, 2108
317672, 92, 460, 40, 96, 324, 20, 305148, 2108
317672, 92, 460, 40, 96, 324, 20, 305148, 2108
317672, 92, 460, 40, 96, 324, 20, 305148, 2108
317672, 92, 460, 40, 96, 320, 24, 305148, 2108
317672, 92, 460, 40, 96, 324, 20, 305148, 2108
317672, 92, 460, 40, 96, 324, 20, 305148, 2108
317672, 92, 460, 40, 96, 324, 20, 305148, 2108
317672, 92, 460, 40, 96, 324, 20, 305148, 2108
317672, 88, 464, 40, 92, 324, 20, 305152, 2108
317672, 88, 460, 40, 92, 324, 20, 305156, 2108
317672, 88, 460, 40, 92, 320, 20, 305160, 2108
317672, 88, 460, 40, 92, 320, 20, 305160, 2108
317672, 88, 460, 40, 92, 320, 20, 305160, 2108
317672, 88, 460, 40, 92, 320, 20, 305160, 2108
317668, 92, 460, 40, 92, 320, 20, 305160, 2108
317668, 92, 460, 40, 92, 320, 20, 305160, 2108
317668, 92, 460, 40, 92, 316, 20, 305164, 2108
317668, 92, 460, 40, 92, 316, 20, 305164, 2108
317664, 96, 460, 40, 92, 316, 20, 305164, 2108
317664, 96, 460, 40, 92, 316, 20, 305164, 2108
317664, 96, 460, 40, 92, 312, 20, 305168, 2108
317664, 96, 460, 40, 92, 312, 20, 305168, 2108
317664, 96, 460, 40, 92, 312, 20, 305168, 2108
317664, 96, 460, 40, 92, 312, 20, 305168, 2108
317664, 96, 460, 40, 92, 312, 20, 305168, 2108
317664, 96, 460, 40, 92, 312, 20, 305168, 2108
317664, 96, 460, 40, 92, 312, 20, 305168, 2108
317664, 96, 460, 40, 92, 312, 20, 305168, 2108
317664, 96, 460, 40, 92, 312, 20, 305168, 2108
317664, 96, 460, 40, 92, 312, 20, 305168, 2108
317664, 96, 456, 40, 92, 312, 20, 305172, 2108
317664, 96, 456, 40, 92, 312, 20, 305172, 2108
317664, 96, 456, 40, 92, 312, 20, 305172, 2108
317664, 96, 456, 40, 92, 312, 20, 305172, 2108
317664, 96, 456, 40, 92, 312, 20, 305172, 2108
317664, 96, 456, 40, 92, 312, 20, 305172, 2108
317664, 96, 456, 40, 92, 312, 20, 305172, 2108
317664, 96, 456, 40, 92, 312, 20, 305172, 2108
317664, 96, 456, 40, 92, 308, 20, 305176, 2108
317664, 96, 452, 40, 92, 308, 20, 305180, 2108
317664, 96, 452, 40, 92, 308, 20, 305180, 2108
317664, 92, 456, 40, 92, 308, 20, 305180, 2108
317664, 92, 456, 40, 92, 308, 20, 305180, 2108
317664, 92, 452, 40, 92, 308, 20, 305184, 2108
317664, 92, 452, 40, 92, 308, 20, 305184, 2108
317664, 92, 448, 40, 92, 308, 20, 305188, 2108
317664, 92, 448, 40, 88, 308, 20, 305192, 2108
317664, 92, 448, 40, 88, 308, 20, 305192, 2108
317664, 92, 448, 40, 88, 308, 20, 305192, 2108
317664, 92, 448, 40, 88, 308, 20, 305192, 2108
317664, 88, 452, 40, 88, 308, 20, 305192, 2108
317664, 88, 452, 40, 88, 308, 20, 305192, 2108
317664, 88, 452, 40, 88, 308, 20, 305192, 2108
317664, 88, 448, 40, 88, 308, 20, 305196, 2108
317664, 88, 448, 40, 88, 308, 20, 305196, 2108
317664, 88, 448, 40, 88, 308, 20, 305196, 2108
317664, 88, 448, 40, 88, 308, 20, 305196, 2108
317664, 88, 448, 40, 88, 308, 20, 305196, 2108
317664, 88, 448, 40, 88, 308, 20, 305196, 2108
317664, 88, 448, 40, 88, 308, 20, 305196, 2108
317664, 88, 448, 40, 88, 308, 20, 305196, 2108
317664, 88, 448, 40, 88, 308, 20, 305196, 2108
317664, 88, 448, 40, 88, 308, 20, 305196, 2108
317664, 88, 448, 40, 88, 308, 20, 305196, 2108
317664, 88, 448, 40, 84, 304, 20, 305204, 2108
317664, 88, 448, 40, 84, 304, 20, 305204, 2108
317664, 88, 444, 40, 84, 304, 20, 305208, 2108
317664, 88, 444, 40, 84, 304, 20, 305208, 2108
317664, 88, 444, 40, 84, 304, 20, 305208, 2108
317660, 92, 444, 40, 84, 304, 20, 305208, 2108
317660, 92, 444, 40, 84, 304, 20, 305208, 2108
317660, 92, 444, 40, 84, 304, 20, 305208, 2108
317660, 92, 440, 40, 84, 304, 20, 305212, 2108
317660, 92, 436, 36, 88, 304, 20, 305216, 2108
317660, 92, 436, 36, 88, 304, 20, 305216, 2108
317660, 92, 432, 32, 92, 304, 20, 305220, 2108
317660, 92, 432, 32, 92, 304, 20, 305220, 2108
317660, 92, 432, 32, 92, 300, 20, 305224, 2108
317660, 92, 432, 32, 92, 300, 20, 305224, 2108
317660, 92, 432, 32, 92, 300, 20, 305224, 2108
317660, 92, 432, 32, 92, 300, 20, 305224, 2108
317660, 92, 432, 32, 92, 300, 20, 305224, 2108
317660, 92, 432, 32, 92, 300, 20, 305224, 2108
317660, 92, 432, 32, 92, 300, 20, 305224, 2108
317660, 92, 432, 32, 92, 300, 20, 305224, 2108
317660, 92, 432, 32, 92, 300, 20, 305224, 2108
317660, 92, 432, 32, 92, 300, 20, 305224, 2108
317660, 92, 432, 32, 92, 300, 20, 305224, 2108
317660, 88, 436, 32, 92, 300, 20, 305224, 2108
317660, 88, 436, 32, 92, 300, 20, 305224, 2108
317660, 88, 436, 32, 92, 300, 20, 305224, 2108
317660, 84, 436, 36, 92, 300, 20, 305224, 2108
317660, 84, 436, 36, 92, 300, 20, 305224, 2108
317660, 84, 436, 36, 92, 300, 20, 305224, 2108
317660, 84, 436, 36, 92, 300, 20, 305224, 2108
317660, 84, 436, 36, 92, 300, 20, 305224, 2108
317656, 88, 436, 36, 92, 300, 20, 305224, 2108
317656, 88, 436, 36, 92, 300, 20, 305224, 2108
317652, 92, 436, 36, 92, 300, 20, 305224, 2108
317652, 92, 436, 36, 92, 300, 20, 305224, 2108
317652, 88, 436, 36, 92, 300, 20, 305228, 2108
317652, 88, 436, 36, 92, 300, 20, 305228, 2108
317652, 88, 432, 36, 92, 300, 20, 305232, 2108
317652, 88, 432, 36, 92, 300, 20, 305232, 2108
317652, 88, 432, 36, 92, 300, 20, 305232, 2108
317652, 88, 428, 32, 96, 300, 20, 305236, 2108
317652, 88, 428, 32, 96, 300, 20, 305236, 2108
317652, 88, 428, 32, 96, 300, 20, 305236, 2108
317648, 92, 428, 32, 96, 300, 20, 305236, 2108
317648, 92, 428, 32, 96, 300, 20, 305236, 2108
317648, 92, 428, 32, 96, 300, 20, 305236, 2108
317648, 92, 428, 32, 96, 300, 20, 305236, 2108
317648, 92, 428, 32, 96, 300, 20, 305236, 2108
317648, 92, 428, 32, 96, 300, 20, 305236, 2108
317648, 88, 432, 32, 96, 300, 20, 305236, 2108
317648, 88, 432, 32, 96, 300, 20, 305236, 2108
317648, 88, 432, 32, 96, 300, 20, 305236, 2108
317648, 88, 432, 32, 96, 300, 20, 305236, 2108
317648, 88, 432, 32, 96, 300, 20, 305236, 2108
317648, 88, 432, 32, 96, 300, 20, 305236, 2108
317648, 88, 432, 32, 96, 300, 20, 305236, 2108
317648, 88, 432, 32, 96, 300, 20, 305236, 2108
317648, 88, 432, 32, 96, 300, 20, 305236, 2108
317648, 88, 432, 32, 96, 300, 20, 305236, 2108
317648, 88, 432, 32, 96, 300, 20, 305236, 2108
317648, 88, 432, 32, 96, 300, 20, 305236, 2108
317648, 84, 432, 32, 96, 300, 20, 305240, 2108
317648, 84, 432, 32, 96, 300, 20, 305240, 2108
317648, 84, 432, 32, 96, 300, 20, 305240, 2108
317648, 84, 432, 32, 92, 300, 20, 305244, 2108
317648, 84, 432, 32, 92, 300, 20, 305244, 2108
317648, 80, 436, 32, 92, 300, 20, 305244, 2108
317648, 80, 436, 32, 92, 300, 20, 305244, 2108
317644, 84, 436, 32, 92, 300, 20, 305244, 2108
317644, 84, 436, 32, 92, 300, 20, 305244, 2108
317644, 84, 436, 32, 92, 300, 20, 305244, 2108
317644, 84, 436, 32, 92, 300, 20, 305244, 2108
317644, 84, 436, 32, 92, 300, 20, 305244, 2108
317644, 84, 436, 32, 92, 300, 20, 305244, 2108
317644, 84, 436, 32, 92, 300, 20, 305244, 2108
317640, 88, 436, 32, 92, 300, 20, 305244, 2108
317640, 88, 436, 32, 92, 300, 20, 305244, 2108
317640, 88, 436, 32, 92, 300, 20, 305244, 2108
317640, 88, 436, 32, 92, 300, 20, 305244, 2108
317640, 88, 436, 32, 92, 300, 20, 305244, 2108
317640, 88, 436, 32, 92, 300, 20, 305244, 2108
317640, 88, 436, 32, 92, 300, 20, 305244, 2108
317640, 88, 436, 32, 92, 296, 20, 305248, 2108
317640, 88, 436, 32, 92, 296, 20, 305248, 2108
317640, 88, 436, 32, 92, 296, 20, 305248, 2108
317640, 88, 436, 32, 92, 296, 20, 305248, 2108
317640, 88, 436, 32, 92, 296, 20, 305248, 2108
317640, 88, 436, 32, 92, 296, 20, 305248, 2108
317640, 88, 436, 32, 92, 296, 20, 305248, 2108
317640, 88, 436, 32, 92, 296, 20, 305248, 2108
317640, 88, 436, 32, 92, 296, 20, 305248, 2108
317640, 88, 436, 32, 92, 296, 20, 305248, 2108
317640, 88, 436, 32, 92, 296, 20, 305248, 2108
317640, 88, 436, 32, 92, 296, 20, 305248, 2108
317640, 88, 436, 32, 92, 296, 20, 305248, 2108
317640, 88, 436, 32, 92, 296, 20, 305248, 2108
317640, 88, 436, 32, 92, 296, 20, 305248, 2108
317640, 88, 436, 32, 92, 296, 20, 305248, 2108
317640, 88, 436, 32, 92, 296, 20, 305248, 2108
317640, 88, 436, 32, 92, 296, 20, 305248, 2108
317640, 88, 436, 32, 92, 296, 20, 305248, 2108
317640, 84, 440, 32, 92, 296, 20, 305248, 2108
317640, 84, 436, 32, 92, 296, 20, 305252, 2108
317640, 84, 436, 32, 92, 292, 20, 305252, 2112
317640, 80, 440, 32, 92, 292, 20, 305252, 2112
317640, 80, 440, 32, 92, 292, 20, 305252, 2112
317640, 80, 440, 32, 92, 292, 20, 305252, 2112
317636, 84, 440, 32, 92, 292, 20, 305252, 2112
317636, 84, 440, 32, 92, 288, 20, 305256, 2112
317636, 84, 440, 32, 92, 284, 20, 305260, 2112
317636, 84, 440, 32, 92, 284, 20, 305260, 2112
317636, 84, 440, 32, 92, 284, 20, 305260, 2112
317636, 84, 440, 32, 92, 284, 20, 305260, 2112
317632, 88, 440, 32, 92, 284, 20, 305260, 2112
317632, 88, 440, 32, 92, 284, 20, 305260, 2112
317632, 88, 436, 32, 92, 284, 20, 305264, 2112
317632, 88, 436, 32, 92, 284, 20, 305264, 2112
317632, 88, 436, 32, 92, 284, 20, 305264, 2112
317632, 88, 432, 32, 92, 284, 20, 305268, 2112
317632, 88, 432, 32, 92, 284, 20, 305268, 2112
317632, 88, 432, 32, 92, 284, 20, 305268, 2112
317632, 88, 432, 32, 92, 284, 20, 305268, 2112
317632, 88, 432, 32, 92, 284, 20, 305268, 2112
317632, 88, 432, 32, 92, 280, 20, 305272, 2112
317632, 88, 432, 32, 92, 280, 20, 305272, 2112
317632, 88, 432, 32, 92, 280, 20, 305272, 2112
317632, 88, 432, 32, 92, 280, 20, 305272, 2112
317632, 88, 432, 32, 92, 280, 20, 305272, 2112
317632, 88, 432, 32, 92, 280, 20, 305272, 2112
317632, 88, 432, 32, 92, 280, 20, 305272, 2112
317632, 88, 432, 32, 92, 280, 20, 305272, 2112
317632, 88, 432, 32, 92, 280, 20, 305272, 2112
317632, 88, 432, 32, 92, 280, 20, 305272, 2112
317632, 88, 432, 32, 92, 280, 20, 305272, 2112
317632, 88, 428, 32, 92, 280, 20, 305276, 2112
317632, 88, 428, 32, 92, 280, 20, 305276, 2112
317632, 88, 424, 32, 92, 280, 20, 305280, 2112
317632, 88, 424, 32, 88, 280, 20, 305284, 2112
317632, 88, 424, 32, 88, 280, 20, 305284, 2112
317632, 88, 424, 32, 88, 280, 20, 305284, 2112
317632, 88, 420, 32, 88, 280, 20, 305288, 2112
317632, 88, 420, 32, 88, 280, 20, 305288, 2112
317632, 88, 420, 32, 88, 280, 20, 305288, 2112
317632, 88, 420, 32, 88, 276, 20, 305292, 2112
317632, 88, 420, 32, 88, 276, 20, 305292, 2112
317632, 88, 420, 32, 88, 276, 20, 305292, 2112
317632, 88, 420, 32, 88, 276, 20, 305292, 2112
317632, 88, 420, 32, 88, 276, 20, 305292, 2112
317632, 88, 420, 32, 88, 276, 20, 305292, 2112
317632, 88, 420, 32, 88, 276, 20, 305292, 2112
317632, 88, 420, 32, 88, 276, 20, 305292, 2112
317632, 88, 420, 32, 88, 276, 20, 305292, 2112
317632, 88, 420, 32, 88, 276, 20, 305292, 2112
317632, 88, 420, 32, 88, 276, 20, 305292, 2112
317632, 88, 420, 32, 88, 276, 20, 305292, 2112
317632, 88, 420, 32, 84, 276, 20, 305296, 2112
317632, 88, 420, 32, 80, 280, 20, 305296, 2112
317632, 88, 420, 32, 80, 280, 20, 305296, 2112
317632, 88, 420, 32, 80, 280, 20, 305296, 2112
317632, 88, 420, 32, 80, 280, 20, 305296, 2112
317632, 88, 420, 32, 80, 276, 20, 305300, 2112
317632, 88, 420, 32, 80, 276, 20, 305300, 2112
317632, 88, 416, 32, 80, 276, 20, 305304, 2112
317632, 88, 412, 32, 80, 272, 20, 305312, 2112
317632, 88, 412, 32, 80, 272, 20, 305312, 2112
317632, 88, 412, 32, 80, 272, 20, 305312, 2112
317632, 88, 412, 32, 80, 272, 20, 305312, 2112
317632, 88, 412, 32, 80, 272, 20, 305312, 2112
317632, 84, 412, 36, 80, 272, 20, 305312, 2112
317632, 84, 412, 36, 80, 272, 20, 305312, 2112
317632, 84, 412, 36, 80, 272, 20, 305312, 2112
317632, 84, 412, 36, 80, 268, 20, 305316, 2112
317632, 84, 412, 32, 84, 268, 20, 305316, 2112
317628, 88, 412, 32, 84, 268, 20, 305316, 2112
317628, 88, 412, 32, 84, 268, 20, 305316, 2112
317624, 92, 412, 32, 84, 268, 20, 305316, 2112
317624, 92, 412, 32, 84, 268, 20, 305316, 2112
317624, 92, 412, 32, 84, 268, 20, 305316, 2112
317620, 96, 412, 32, 84, 268, 20, 305316, 2112
317616, 100, 412, 32, 84, 268, 20, 305316, 2112
317616, 100, 412, 32, 84, 268, 20, 305316, 2112
317616, 100, 408, 32, 84, 268, 20, 305320, 2112
317616, 96, 412, 32, 84, 268, 20, 305320, 2112
317616, 96, 408, 32, 84, 268, 20, 305324, 2112
317616, 96, 408, 32, 84, 268, 20, 305324, 2112
317616, 96, 408, 32, 84, 268, 20, 305324, 2112
317616, 96, 408, 32, 84, 268, 20, 305324, 2112
317616, 96, 408, 32, 84, 268, 20, 305324, 2112
317616, 96, 408, 32, 80, 268, 20, 305328, 2112
317616, 96, 408, 32, 80, 268, 20, 305328, 2112
317616, 96, 408, 32, 76, 272, 20, 305328, 2112
317616, 96, 404, 32, 76, 272, 20, 305332, 2112
317616, 96, 404, 32, 76, 272, 20, 305332, 2112
317616, 96, 404, 28, 80, 272, 20, 305332, 2112
317616, 96, 404, 28, 80, 272, 20, 305332, 2112
317616, 96, 404, 28, 80, 272, 20, 305332, 2112
317616, 96, 404, 28, 80, 272, 20, 305332, 2112
317616, 96, 404, 28, 80, 268, 20, 305336, 2112
317616, 92, 404, 32, 80, 268, 20, 305336, 2112
317616, 92, 404, 32, 80, 268, 20, 305336, 2112
317616, 92, 404, 32, 80, 268, 20, 305336, 2112
317616, 92, 404, 32, 80, 268, 20, 305336, 2112
317616, 92, 400, 32, 80, 268, 20, 305340, 2112
317616, 92, 400, 32, 80, 268, 20, 305340, 2112
317616, 88, 400, 36, 80, 268, 20, 305340, 2112
317616, 88, 400, 36, 80, 264, 20, 305344, 2112
317616, 88, 400, 36, 80, 264, 20, 305344, 2112
317616, 88, 396, 36, 80, 264, 20, 305348, 2112
317616, 88, 396, 36, 80, 264, 20, 305348, 2112
317616, 88, 396, 36, 80, 264, 20, 305348, 2112
317616, 88, 396, 36, 80, 264, 20, 305348, 2112
317616, 84, 400, 36, 80, 264, 20, 305348, 2112
317612, 88, 400, 36, 80, 264, 20, 305348, 2112
317612, 88, 400, 36, 80, 264, 20, 305348, 2112
317612, 88, 400, 36, 80, 264, 20, 305348, 2112
317612, 88, 400, 36, 80, 264, 20, 305348, 2112
317612, 88, 400, 36, 80, 264, 20, 305348, 2112
317612, 88, 400, 36, 80, 264, 20, 305348, 2112
317612, 88, 400, 36, 80, 264, 20, 305348, 2112
317612, 88, 400, 36, 80, 264, 20, 305348, 2112
317612, 88, 400, 36, 80, 264, 20, 305348, 2112
317612, 88, 400, 36, 80, 264, 20, 305348, 2112
317612, 88, 400, 36, 80, 264, 20, 305348, 2112
317612, 88, 400, 36, 80, 264, 20, 305348, 2112
317612, 88, 400, 36, 80, 264, 20, 305348, 2112
317612, 84, 404, 36, 80, 264, 20, 305348, 2112
317612, 84, 404, 36, 80, 264, 20, 305348, 2112
317612, 84, 400, 36, 80, 264, 20, 305352, 2112
317612, 84, 400, 36, 80, 264, 20, 305352, 2112
317612, 84, 400, 36, 80, 264, 20, 305352, 2112
317612, 84, 400, 36, 80, 264, 20, 305352, 2112
317612, 84, 400, 36, 80, 264, 20, 305352, 2112
317612, 84, 400, 36, 80, 264, 20, 305352, 2112
317612, 84, 400, 36, 80, 264, 20, 305352, 2112
317612, 80, 400, 40, 80, 264, 20, 305352, 2112
317612, 80, 400, 40, 80, 264, 20, 305352, 2112
317612, 80, 400, 40, 80, 264, 20, 305352, 2112
317612, 80, 400, 40, 80, 264, 20, 305352, 2112
317612, 80, 400, 40, 80, 264, 20, 305352, 2112
317612, 80, 400, 40, 80, 264, 20, 305352, 2112
317612, 80, 400, 40, 80, 264, 20, 305352, 2112
317612, 80, 400, 40, 80, 264, 20, 305352, 2112
317612, 80, 400, 40, 80, 264, 20, 305352, 2112
317612, 76, 400, 44, 80, 264, 20, 305352, 2112
317612, 76, 400, 44, 80, 264, 20, 305352, 2112
317612, 76, 400, 44, 80, 264, 20, 305352, 2112
317612, 76, 400, 44, 80, 264, 20, 305352, 2112
317612, 76, 400, 44, 80, 264, 20, 305352, 2112
317612, 76, 400, 44, 80, 264, 20, 305352, 2112
317612, 76, 400, 44, 80, 264, 20, 305352, 2112
317612, 76, 400, 44, 80, 264, 20, 305352, 2112
317612, 76, 400, 44, 80, 264, 20, 305352, 2112
317612, 76, 400, 44, 80, 264, 20, 305352, 2112
317612, 76, 400, 44, 80, 264, 20, 305352, 2112
317612, 76, 400, 44, 80, 264, 20, 305352, 2112
317612, 76, 400, 44, 80, 264, 20, 305352, 2112
317612, 76, 400, 44, 80, 264, 20, 305352, 2112
317612, 76, 400, 44, 80, 264, 20, 305352, 2112
317612, 76, 400, 44, 80, 264, 20, 305352, 2112
317612, 76, 400, 44, 80, 264, 20, 305352, 2112
317612, 76, 400, 44, 80, 264, 20, 305352, 2112
317612, 72, 404, 44, 80, 264, 20, 305352, 2112
317608, 76, 404, 44, 80, 264, 20, 305352, 2112
317608, 76, 404, 44, 80, 264, 20, 305352, 2112
317608, 76, 404, 44, 80, 264, 20, 305352, 2112
317608, 76, 404, 44, 80, 264, 20, 305352, 2112
317608, 76, 404, 44, 80, 264, 20, 305352, 2112
317608, 76, 404, 44, 80, 264, 20, 305352, 2112
317608, 76, 404, 44, 80, 264, 20, 305352, 2112
317608, 76, 400, 44, 80, 264, 20, 305356, 2112
317608, 76, 400, 44, 80, 264, 20, 305356, 2112
317608, 76, 400, 44, 80, 264, 20, 305356, 2112
317604, 80, 400, 44, 80, 264, 20, 305356, 2112
317604, 80, 400, 44, 80, 264, 20, 305356, 2112
317604, 80, 400, 44, 80, 264, 20, 305356, 2112
317604, 76, 404, 44, 80, 264, 20, 305356, 2112
317604, 76, 404, 44, 80, 264, 20, 305356, 2112
317604, 76, 404, 44, 80, 264, 20, 305356, 2112
317604, 76, 404, 44, 80, 264, 20, 305356, 2112
317604, 76, 400, 44, 80, 264, 20, 305360, 2112
317600, 80, 400, 44, 80, 264, 20, 305360, 2112
317600, 80, 400, 44, 80, 264, 20, 305360, 2112
317600, 80, 400, 40, 84, 260, 20, 305364, 2112
317600, 80, 400, 40, 84, 260, 20, 305364, 2112
317600, 80, 400, 40, 84, 260, 20, 305364, 2112
317596, 84, 396, 40, 84, 260, 20, 305368, 2112
317596, 84, 392, 40, 84, 260, 20, 305372, 2112
317596, 84, 392, 40, 84, 260, 20, 305372, 2112
317596, 84, 392, 40, 84, 260, 20, 305372, 2112
317596, 84, 392, 40, 84, 260, 20, 305372, 2112
317596, 84, 392, 40, 84, 256, 20, 305376, 2112
317596, 84, 392, 40, 84, 256, 20, 305376, 2112
317596, 84, 392, 40, 84, 256, 20, 305376, 2112
317596, 84, 392, 40, 84, 256, 20, 305376, 2112
317596, 84, 392, 40, 84, 252, 20, 305380, 2112
317596, 80, 396, 40, 84, 252, 20, 305380, 2112
317596, 80, 396, 40, 84, 252, 20, 305380, 2112
317596, 80, 396, 40, 84, 252, 20, 305380, 2112
317596, 80, 396, 40, 84, 252, 20, 305380, 2112
317596, 80, 396, 40, 84, 252, 20, 305380, 2112
317596, 80, 396, 40, 84, 252, 20, 305380, 2112
317596, 80, 396, 40, 84, 252, 20, 305380, 2112
317596, 80, 396, 40, 84, 252, 20, 305380, 2112
317592, 84, 396, 40, 84, 252, 20, 305380, 2112
317592, 84, 396, 40, 80, 252, 20, 305384, 2112
317592, 84, 396, 40, 80, 252, 20, 305384, 2112
317592, 84, 396, 40, 80, 252, 20, 305384, 2112
317592, 84, 396, 40, 80, 252, 20, 305384, 2112
317592, 84, 396, 40, 80, 252, 20, 305384, 2112
317588, 88, 392, 40, 80, 252, 20, 305388, 2112
317588, 88, 392, 40, 80, 252, 20, 305388, 2112
317588, 88, 392, 40, 80, 252, 20, 305388, 2112
317588, 88, 392, 40, 80, 252, 20, 305388, 2112
317588, 88, 392, 40, 80, 252, 20, 305388, 2112
317588, 88, 392, 40, 80, 252, 20, 305388, 2112
317588, 88, 392, 40, 80, 252, 20, 305388, 2112
317588, 88, 392, 40, 80, 248, 20, 305392, 2112
317588, 88, 392, 40, 80, 248, 20, 305392, 2112
317588, 88, 388, 40, 80, 248, 20, 305396, 2112
317588, 88, 388, 36, 84, 248, 20, 305396, 2112
317588, 88, 388, 36, 84, 244, 20, 305400, 2112
317588, 88, 388, 36, 84, 244, 20, 305400, 2112
317588, 88, 388, 36, 84, 244, 20, 305400, 2112
317588, 88, 388, 36, 84, 244, 20, 305400, 2112
317588, 88, 388, 36, 84, 244, 20, 305400, 2112
317584, 92, 388, 36, 84, 244, 20, 305400, 2112
317584, 92, 388, 36, 84, 244, 20, 305400, 2112
317584, 92, 388, 36, 84, 244, 20, 305400, 2112
317584, 92, 388, 36, 84, 244, 20, 305400, 2112
317584, 92, 388, 36, 84, 244, 20, 305400, 2112
317584, 92, 388, 36, 84, 244, 20, 305400, 2112
317584, 88, 384, 36, 84, 244, 20, 305408, 2112
317584, 88, 384, 36, 84, 244, 20, 305408, 2112
317584, 88, 384, 36, 84, 244, 20, 305408, 2112
317584, 88, 384, 36, 84, 244, 20, 305408, 2112
317584, 88, 384, 36, 80, 244, 20, 305412, 2112
317584, 84, 384, 40, 80, 244, 20, 305412, 2112
317584, 84, 384, 40, 80, 244, 20, 305412, 2112
317584, 84, 384, 40, 80, 244, 20, 305412, 2112
317584, 84, 384, 40, 80, 244, 20, 305412, 2112
317584, 84, 384, 40, 80, 244, 20, 305412, 2112
317584, 84, 384, 40, 80, 244, 20, 305412, 2112
317584, 84, 384, 40, 80, 244, 20, 305412, 2112
317584, 84, 384, 40, 80, 244, 20, 305412, 2112
317584, 84, 384, 40, 80, 244, 20, 305412, 2112
317584, 84, 384, 40, 80, 240, 20, 305416, 2112
317584, 84, 384, 40, 80, 240, 20, 305416, 2112
317584, 84, 384, 40, 80, 240, 20, 305416, 2112
317584, 84, 384, 40, 80, 240, 20, 305416, 2112
317584, 84, 384, 40, 80, 240, 20, 305416, 2112
317584, 84, 380, 40, 80, 240, 20, 305420, 2112
317584, 84, 380, 40, 80, 240, 20, 305420, 2112
317584, 84, 380, 40, 80, 240, 20, 305420, 2112
317584, 84, 380, 40, 80, 240, 20, 305420, 2112
317584, 84, 380, 40, 80, 240, 20, 305420, 2112
317584, 84, 380, 40, 80, 240, 20, 305420, 2112
317584, 84, 380, 40, 80, 240, 20, 305420, 2112
317584, 84, 380, 40, 80, 240, 20, 305420, 2112
317584, 84, 380, 40, 80, 240, 20, 305420, 2112
317584, 84, 380, 40, 80, 240, 20, 305420, 2112
317584, 84, 380, 40, 80, 240, 20, 305420, 2112
317584, 80, 384, 40, 80, 240, 20, 305420, 2112
317584, 80, 384, 40, 80, 240, 20, 305420, 2112
317584, 80, 384, 40, 80, 240, 20, 305420, 2112
317584, 80, 384, 40, 80, 240, 20, 305420, 2112
317584, 80, 384, 40, 80, 240, 20, 305420, 2112
317584, 80, 384, 40, 80, 240, 20, 305420, 2112
317584, 80, 384, 40, 80, 240, 20, 305420, 2112
317584, 80, 384, 40, 80, 240, 20, 305420, 2112
317584, 80, 384, 40, 80, 240, 20, 305420, 2112
317584, 80, 384, 40, 80, 240, 20, 305420, 2112
317584, 80, 384, 40, 80, 240, 20, 305420, 2112
317584, 80, 384, 40, 80, 240, 20, 305420, 2112
317584, 80, 384, 40, 80, 240, 20, 305420, 2112
317584, 80, 384, 40, 80, 240, 20, 305420, 2112
317584, 80, 384, 40, 80, 240, 20, 305420, 2112
317584, 80, 384, 40, 80, 240, 20, 305420, 2112
317584, 80, 384, 40, 80, 240, 20, 305420, 2112
317584, 80, 384, 40, 80, 240, 20, 305420, 2112
317584, 80, 384, 40, 80, 240, 20, 305420, 2112
317584, 80, 384, 40, 80, 240, 20, 305420, 2112
317584, 80, 384, 40, 80, 240, 20, 305420, 2112
317584, 80, 384, 40, 80, 240, 20, 305420, 2112
317584, 80, 384, 40, 80, 240, 20, 305420, 2112
317584, 80, 384, 40, 80, 240, 20, 305420, 2112
317584, 80, 384, 40, 80, 240, 20, 305420, 2112
317584, 80, 384, 40, 80, 240, 20, 305420, 2112
317584, 80, 380, 40, 80, 240, 20, 305424, 2112
317584, 80, 380, 40, 80, 240, 20, 305424, 2112
317580, 84, 380, 40, 80, 240, 20, 305424, 2112
317580, 84, 380, 40, 80, 240, 20, 305424, 2112
317580, 84, 380, 40, 80, 240, 20, 305424, 2112
317580, 84, 380, 40, 80, 240, 20, 305424, 2112
317580, 84, 376, 40, 80, 240, 20, 305428, 2112
317580, 84, 372, 40, 80, 240, 20, 305432, 2112
317580, 84, 372, 36, 84, 240, 20, 305432, 2112
317580, 84, 372, 36, 84, 240, 20, 305432, 2112
317580, 84, 372, 36, 84, 240, 20, 305432, 2112
317580, 84, 372, 36, 84, 240, 20, 305432, 2112
317580, 84, 372, 36, 84, 240, 20, 305432, 2112
317580, 84, 372, 36, 84, 240, 20, 305432, 2112
317580, 84, 372, 36, 84, 240, 20, 305432, 2112
317580, 84, 372, 36, 84, 240, 20, 305432, 2112
317580, 84, 372, 36, 84, 240, 20, 305432, 2112
317580, 80, 372, 40, 84, 240, 20, 305432, 2112
317580, 80, 372, 40, 84, 240, 20, 305432, 2112
317580, 80, 372, 40, 84, 240, 20, 305432, 2112
317580, 80, 372, 40, 84, 240, 20, 305432, 2112
317580, 80, 372, 40, 84, 240, 20, 305432, 2112
317580, 80, 372, 40, 84, 240, 20, 305432, 2112
317580, 80, 372, 40, 84, 240, 20, 305432, 2112
317580, 80, 372, 40, 84, 240, 20, 305432, 2112
317580, 80, 372, 40, 84, 240, 20, 305432, 2112
317580, 80, 368, 40, 84, 240, 20, 305436, 2112
317580, 80, 368, 40, 84, 240, 20, 305436, 2112
317580, 80, 368, 40, 84, 240, 20, 305436, 2112
317580, 80, 368, 40, 84, 240, 20, 305436, 2112
317580, 80, 368, 40, 84, 240, 20, 305436, 2112
317580, 80, 368, 40, 84, 240, 20, 305436, 2112
317580, 80, 368, 40, 84, 240, 20, 305436, 2112
317580, 80, 368, 40, 84, 240, 20, 305436, 2112
317580, 80, 368, 40, 84, 240, 20, 305436, 2112
317580, 80, 368, 40, 84, 240, 20, 305436, 2112
317580, 80, 368, 40, 84, 240, 20, 305436, 2112
317580, 76, 372, 40, 84, 240, 20, 305436, 2112
317580, 76, 372, 40, 84, 240, 20, 305436, 2112
317580, 76, 372, 40, 84, 240, 20, 305436, 2112
317580, 76, 372, 40, 84, 240, 20, 305436, 2112
317580, 76, 372, 40, 84, 240, 20, 305436, 2112
317580, 76, 372, 40, 84, 240, 20, 305436, 2112
317580, 76, 372, 40, 84, 240, 20, 305436, 2112
317580, 76, 372, 40, 84, 240, 20, 305436, 2112
317580, 76, 372, 40, 84, 240, 20, 305436, 2112
317580, 76, 368, 40, 84, 240, 20, 305440, 2112
317580, 76, 368, 40, 84, 240, 20, 305440, 2112
317580, 72, 372, 40, 84, 240, 20, 305440, 2112
317580, 72, 372, 40, 84, 240, 20, 305440, 2112
317580, 72, 372, 40, 84, 240, 20, 305440, 2112
317580, 72, 372, 40, 84, 240, 20, 305440, 2112
317580, 72, 372, 40, 84, 240, 20, 305440, 2112
317580, 72, 372, 40, 84, 240, 20, 305440, 2112
317580, 72, 372, 40, 84, 240, 20, 305440, 2112
317580, 72, 372, 40, 84, 240, 20, 305440, 2112
317580, 72, 372, 40, 84, 240, 20, 305440, 2112
317580, 72, 372, 40, 84, 240, 20, 305440, 2112
317580, 72, 372, 40, 84, 240, 20, 305440, 2112
317580, 72, 368, 40, 84, 240, 20, 305444, 2112
317580, 72, 368, 40, 84, 240, 20, 305444, 2112
317580, 72, 368, 40, 84, 240, 20, 305444, 2112
317580, 72, 368, 40, 84, 240, 20, 305444, 2112
317580, 72, 368, 40, 84, 240, 20, 305444, 2112
317580, 72, 368, 40, 84, 240, 20, 305444, 2112
317580, 72, 368, 40, 84, 240, 20, 305444, 2112
317580, 72, 368, 40, 84, 240, 20, 305444, 2112
317580, 72, 368, 40, 84, 240, 20, 305444, 2112
317580, 72, 368, 40, 84, 240, 20, 305444, 2112
317580, 72, 364, 40, 84, 240, 20, 305448, 2112
317580, 72, 364, 40, 84, 240, 20, 305448, 2112
317580, 72, 364, 40, 84, 240, 20, 305448, 2112
317580, 72, 364, 40, 84, 240, 20, 305448, 2112
317580, 72, 364, 40, 84, 240, 20, 305448, 2112
317580, 72, 364, 40, 84, 240, 20, 305448, 2112
317580, 72, 360, 40, 84, 240, 20, 305452, 2112
317580, 72, 360, 40, 84, 240, 20, 305452, 2112
317580, 72, 360, 40, 84, 240, 20, 305452, 2112
317580, 72, 356, 40, 84, 240, 20, 305456, 2112
317580, 72, 356, 40, 84, 240, 20, 305456, 2112
317580, 68, 360, 40, 84, 240, 20, 305456, 2112
317580, 68, 360, 40, 84, 240, 20, 305456, 2112
317580, 68, 360, 40, 84, 240, 20, 305456, 2112
317580, 68, 360, 40, 84, 240, 20, 305456, 2112
317580, 68, 360, 36, 88, 236, 24, 305456, 2112
317580, 68, 360, 36, 88, 236, 24, 305456, 2112
317576, 72, 360, 36, 88, 236, 24, 305456, 2112
317576, 72, 360, 36, 88, 236, 24, 305456, 2112
317576, 72, 360, 36, 88, 236, 24, 305456, 2112
317576, 72, 360, 36, 88, 236, 24, 305456, 2112
317576, 72, 360, 36, 88, 236, 24, 305456, 2112
317576, 72, 360, 36, 88, 236, 24, 305456, 2112
317576, 72, 360, 36, 88, 236, 24, 305456, 2112
317576, 72, 360, 36, 88, 236, 24, 305456, 2112
317576, 72, 360, 36, 88, 236, 24, 305456, 2112
317576, 72, 360, 36, 88, 236, 24, 305456, 2112
317576, 72, 360, 36, 88, 236, 24, 305456, 2112
317576, 72, 360, 36, 88, 236, 24, 305456, 2112
317576, 72, 360, 36, 88, 236, 24, 305456, 2112
317576, 72, 360, 36, 88, 236, 24, 305456, 2112
317576, 72, 360, 36, 88, 236, 24, 305456, 2112
317576, 72, 360, 36, 88, 236, 24, 305456, 2112
317576, 72, 360, 36, 88, 236, 24, 305456, 2112
317576, 72, 360, 36, 88, 236, 24, 305456, 2112
317576, 72, 360, 36, 88, 236, 24, 305456, 2112
317576, 72, 360, 36, 88, 236, 24, 305456, 2112
317572, 76, 360, 36, 88, 236, 24, 305456, 2112
317572, 76, 360, 36, 88, 236, 24, 305456, 2112
317572, 76, 360, 36, 88, 236, 24, 305456, 2112
317572, 76, 360, 36, 88, 236, 24, 305456, 2112
317572, 72, 364, 36, 88, 236, 24, 305456, 2112
317572, 72, 360, 36, 88, 236, 24, 305460, 2112
317572, 72, 360, 36, 88, 236, 24, 305460, 2112
317572, 72, 360, 36, 88, 236, 24, 305460, 2112
317572, 68, 364, 36, 88, 236, 24, 305460, 2112
317572, 68, 364, 36, 88, 236, 24, 305460, 2112
317572, 68, 364, 36, 88, 236, 24, 305460, 2112
317572, 68, 364, 36, 88, 236, 24, 305460, 2112
317572, 68, 364, 36, 88, 236, 24, 305460, 2112
317572, 68, 364, 36, 88, 236, 24, 305460, 2112
317572, 68, 364, 36, 88, 240, 20, 305460, 2112
317572, 68, 360, 36, 88, 240, 20, 305464, 2112
317572, 68, 360, 36, 88, 240, 20, 305464, 2112
317572, 68, 360, 36, 88, 240, 20, 305464, 2112
317572, 68, 360, 36, 88, 240, 20, 305464, 2112
317572, 68, 360, 36, 88, 240, 20, 305464, 2112
317572, 68, 360, 36, 88, 240, 20, 305464, 2112
317572, 68, 360, 36, 88, 240, 20, 305464, 2112
317572, 68, 360, 36, 88, 240, 20, 305464, 2112
317572, 68, 360, 36, 88, 240, 20, 305464, 2112
317572, 68, 360, 36, 88, 240, 20, 305464, 2112
317572, 68, 360, 36, 88, 240, 20, 305464, 2112
317572, 68, 360, 36, 88, 240, 20, 305464, 2112
317572, 68, 360, 36, 88, 240, 20, 305464, 2112
317572, 68, 360, 36, 88, 240, 20, 305464, 2112
317572, 68, 360, 36, 88, 240, 20, 305464, 2112
317572, 68, 360, 36, 88, 240, 20, 305464, 2112
317572, 68, 360, 36, 88, 240, 20, 305464, 2112
317572, 68, 360, 36, 88, 240, 20, 305464, 2112
317572, 68, 356, 36, 88, 240, 20, 305468, 2112
317572, 68, 356, 36, 88, 240, 20, 305468, 2112
317572, 68, 356, 36, 88, 240, 20, 305468, 2112
317572, 68, 352, 36, 88, 240, 20, 305472, 2112
317572, 68, 352, 36, 88, 240, 20, 305472, 2112
317572, 68, 352, 36, 88, 240, 20, 305472, 2112
317572, 68, 352, 36, 88, 240, 20, 305472, 2112
317572, 68, 352, 36, 88, 236, 20, 305476, 2112
317572, 68, 352, 36, 88, 236, 20, 305476, 2112
317572, 68, 348, 36, 88, 236, 20, 305480, 2112
317572, 68, 348, 36, 88, 236, 20, 305480, 2112
317572, 68, 348, 36, 88, 236, 20, 305480, 2112
317572, 68, 348, 36, 88, 236, 20, 305480, 2112
317572, 68, 348, 36, 88, 236, 20, 305480, 2112
317572, 68, 348, 36, 88, 236, 20, 305480, 2112
317572, 68, 348, 36, 88, 236, 20, 305480, 2112
317572, 68, 348, 36, 88, 236, 20, 305480, 2112
317572, 64, 348, 40, 88, 236, 20, 305480, 2112
317572, 64, 348, 40, 88, 236, 20, 305480, 2112
317572, 64, 348, 40, 88, 236, 20, 305480, 2112
317572, 64, 348, 40, 88, 236, 20, 305480, 2112
317572, 64, 348, 40, 88, 236, 20, 305480, 2112
317572, 64, 348, 40, 88, 236, 20, 305480, 2112
317572, 64, 348, 40, 88, 236, 20, 305480, 2112
317572, 64, 348, 40, 88, 236, 20, 305480, 2112
317572, 64, 348, 40, 84, 232, 20, 305488, 2112
317572, 64, 348, 40, 84, 232, 20, 305488, 2112
317572, 64, 348, 40, 84, 232, 20, 305488, 2112
317572, 64, 348, 40, 84, 232, 20, 305488, 2112
317572, 64, 348, 40, 84, 232, 20, 305488, 2112
317572, 64, 348, 40, 84, 232, 20, 305488, 2112
317572, 64, 348, 40, 84, 232, 20, 305488, 2112
317572, 64, 348, 40, 84, 232, 20, 305488, 2112
317572, 64, 348, 40, 84, 232, 20, 305488, 2112
317572, 64, 348, 40, 84, 232, 20, 305488, 2112
317572, 64, 348, 40, 84, 232, 20, 305488, 2112
317572, 64, 348, 40, 84, 232, 20, 305488, 2112
317572, 64, 348, 40, 84, 232, 20, 305488, 2112
317572, 64, 348, 40, 84, 232, 20, 305488, 2112
317572, 64, 348, 40, 84, 232, 20, 305488, 2112
317572, 64, 348, 40, 84, 232, 20, 305488, 2112
317572, 64, 348, 40, 84, 232, 20, 305488, 2112
317572, 60, 352, 40, 84, 232, 20, 305488, 2112
317572, 60, 352, 40, 84, 232, 20, 305488, 2112
317572, 60, 352, 40, 84, 232, 20, 305488, 2112
317572, 60, 352, 40, 84, 232, 20, 305488, 2112
317572, 60, 352, 40, 84, 232, 20, 305488, 2112
317572, 60, 352, 40, 84, 228, 20, 305492, 2112
317572, 60, 352, 40, 84, 228, 20, 305492, 2112
317572, 60, 352, 40, 84, 228, 20, 305492, 2112
317572, 60, 352, 40, 84, 228, 20, 305492, 2112
317572, 60, 352, 40, 84, 228, 20, 305492, 2112
317572, 60, 352, 40, 84, 228, 20, 305492, 2112
317572, 56, 356, 36, 88, 228, 20, 305492, 2112
317572, 56, 356, 36, 88, 228, 20, 305492, 2112
317572, 56, 356, 36, 88, 228, 20, 305492, 2112
317572, 56, 356, 36, 88, 228, 20, 305492, 2112
317572, 56, 356, 36, 88, 228, 20, 305492, 2112
317572, 56, 356, 36, 88, 228, 20, 305492, 2112
317572, 56, 356, 36, 88, 228, 20, 305492, 2112
317572, 56, 356, 36, 88, 228, 20, 305492, 2112
317572, 56, 356, 36, 88, 228, 20, 305492, 2112
317572, 56, 356, 36, 88, 228, 20, 305492, 2112
317572, 56, 356, 36, 88, 228, 20, 305492, 2112
317572, 56, 356, 36, 88, 228, 20, 305492, 2112
317572, 56, 356, 36, 88, 228, 20, 305492, 2112
317572, 56, 356, 36, 88, 228, 20, 305492, 2112
317572, 56, 356, 36, 88, 228, 20, 305492, 2112
317572, 56, 356, 36, 88, 228, 20, 305492, 2112
317572, 56, 356, 36, 88, 228, 20, 305492, 2112
317572, 56, 356, 36, 88, 228, 20, 305492, 2112
317572, 56, 356, 36, 88, 228, 20, 305492, 2112
317572, 56, 356, 36, 88, 228, 20, 305492, 2112
317572, 56, 356, 36, 88, 228, 20, 305492, 2112
317572, 56, 356, 36, 88, 228, 20, 305492, 2112
317572, 56, 356, 36, 88, 224, 20, 305496, 2112
317572, 56, 356, 36, 88, 224, 20, 305496, 2112
317572, 56, 356, 36, 88, 220, 20, 305500, 2112
317572, 56, 356, 36, 88, 216, 20, 305504, 2112
317572, 56, 356, 36, 88, 216, 20, 305504, 2112
317572, 56, 356, 36, 88, 216, 20, 305504, 2112
317572, 56, 356, 36, 88, 216, 20, 305504, 2112
317572, 56, 356, 36, 88, 216, 20, 305504, 2112
317572, 56, 356, 36, 88, 216, 20, 305504, 2112
317572, 56, 356, 36, 88, 216, 20, 305504, 2112
317572, 52, 360, 36, 88, 216, 20, 305504, 2112
317572, 52, 360, 36, 88, 216, 20, 305504, 2112
317572, 52, 360, 36, 88, 216, 20, 305504, 2112
317572, 52, 360, 36, 88, 216, 20, 305504, 2112
317572, 48, 364, 36, 88, 216, 20, 305504, 2112
317572, 48, 364, 36, 88, 216, 20, 305504, 2112
317572, 48, 364, 36, 88, 216, 20, 305504, 2112
317572, 48, 364, 36, 88, 216, 20, 305504, 2112
317572, 48, 364, 36, 88, 216, 20, 305504, 2112
317572, 48, 364, 36, 88, 216, 20, 305504, 2112
317572, 48, 364, 36, 88, 216, 20, 305504, 2112
317572, 48, 364, 36, 88, 216, 20, 305504, 2112
317572, 48, 364, 36, 88, 216, 20, 305504, 2112
317572, 48, 364, 36, 88, 216, 20, 305504, 2112
317572, 48, 364, 36, 84, 216, 20, 305508, 2112
317572, 48, 364, 36, 84, 216, 20, 305508, 2112
317572, 48, 364, 36, 84, 216, 20, 305508, 2112
317572, 48, 364, 36, 84, 216, 20, 305508, 2112
317572, 48, 364, 36, 84, 216, 20, 305508, 2112
317572, 48, 364, 36, 84, 216, 20, 305508, 2112
317572, 48, 364, 36, 84, 216, 20, 305508, 2112
317572, 48, 360, 36, 84, 216, 20, 305512, 2112
317572, 48, 360, 36, 84, 216, 20, 305512, 2112
317572, 48, 360, 36, 84, 216, 20, 305512, 2112
317572, 48, 360, 36, 84, 216, 20, 305512, 2112
317572, 44, 364, 36, 84, 216, 20, 305512, 2112
317572, 44, 364, 36, 84, 216, 20, 305512, 2112
317572, 44, 364, 36, 84, 216, 20, 305512, 2112
317572, 44, 360, 36, 84, 216, 20, 305516, 2112
317572, 44, 360, 36, 84, 216, 20, 305516, 2112
317572, 44, 360, 36, 84, 216, 20, 305516, 2112
317572, 44, 360, 36, 84, 216, 20, 305516, 2112
317572, 44, 356, 36, 84, 216, 20, 305520, 2112
317572, 44, 356, 36, 84, 216, 20, 305520, 2112
317572, 44, 356, 36, 84, 216, 20, 305520, 2112
317572, 44, 356, 36, 84, 216, 20, 305520, 2112
317572, 44, 356, 36, 84, 216, 20, 305520, 2112
317572, 44, 356, 36, 84, 216, 20, 305520, 2112
317572, 44, 356, 36, 84, 216, 20, 305520, 2112
317572, 44, 356, 36, 84, 216, 20, 305520, 2112
317572, 44, 356, 32, 88, 216, 20, 305520, 2112
317572, 40, 360, 32, 88, 216, 20, 305520, 2112
317572, 40, 360, 32, 88, 216, 20, 305520, 2112
317572, 40, 360, 32, 88, 216, 20, 305520, 2112
317572, 36, 364, 32, 88, 216, 20, 305520, 2112
317572, 36, 364, 32, 88, 216, 20, 305520, 2112
317568, 40, 364, 32, 88, 216, 20, 305520, 2112
317568, 40, 364, 32, 88, 216, 20, 305520, 2112
317568, 40, 364, 32, 88, 216, 20, 305520, 2112
317564, 44, 364, 32, 88, 212, 20, 305520, 2116
317564, 40, 364, 36, 88, 212, 20, 305520, 2116
317564, 40, 360, 36, 88, 212, 20, 305524, 2116
317564, 40, 360, 36, 88, 208, 20, 305528, 2116
317564, 40, 356, 36, 88, 208, 20, 305532, 2116
317564, 40, 356, 36, 88, 208, 20, 305532, 2116
317564, 40, 356, 36, 88, 208, 20, 305532, 2116
317564, 40, 356, 36, 88, 208, 20, 305532, 2116
317564, 40, 356, 32, 92, 208, 20, 305532, 2116
317564, 40, 356, 32, 92, 208, 20, 305532, 2116
317564, 40, 356, 32, 92, 208, 20, 305532, 2116
317564, 40, 356, 32, 92, 208, 20, 305532, 2116
317564, 40, 356, 32, 92, 208, 20, 305532, 2116
317564, 40, 356, 32, 92, 208, 20, 305532, 2116
317564, 40, 356, 32, 92, 208, 20, 305532, 2116
317564, 40, 356, 32, 92, 208, 20, 305532, 2116
317564, 40, 356, 32, 92, 208, 20, 305532, 2116
317564, 40, 356, 32, 92, 208, 20, 305532, 2116
317564, 40, 356, 32, 92, 208, 20, 305532, 2116
317564, 40, 356, 32, 92, 208, 20, 305532, 2116
317564, 40, 356, 32, 92, 208, 20, 305532, 2116
317564, 40, 356, 32, 92, 208, 20, 305532, 2116
317564, 40, 356, 32, 92, 208, 20, 305532, 2116
317564, 40, 356, 32, 92, 208, 20, 305532, 2116
317564, 40, 356, 32, 92, 208, 20, 305532, 2116
317564, 40, 356, 32, 92, 208, 20, 305532, 2116
317564, 40, 356, 32, 92, 208, 20, 305532, 2116
317564, 40, 356, 32, 92, 208, 20, 305532, 2116
317564, 40, 356, 32, 92, 208, 20, 305532, 2116
317564, 40, 356, 32, 92, 208, 20, 305532, 2116
317564, 40, 356, 32, 92, 208, 20, 305532, 2116
317564, 40, 356, 32, 92, 208, 20, 305532, 2116
317564, 40, 352, 32, 92, 208, 20, 305536, 2116
317564, 40, 352, 32, 92, 208, 20, 305536, 2116
317564, 40, 352, 32, 92, 208, 20, 305536, 2116
317564, 40, 348, 32, 92, 208, 20, 305540, 2116
317564, 40, 348, 32, 92, 208, 20, 305540, 2116
317564, 40, 348, 32, 92, 208, 20, 305540, 2116
317564, 40, 348, 32, 92, 208, 20, 305540, 2116
317564, 40, 348, 32, 92, 208, 20, 305540, 2116
317564, 40, 348, 32, 92, 208, 20, 305540, 2116
317564, 40, 348, 32, 92, 208, 20, 305540, 2116
317564, 40, 348, 32, 92, 208, 20, 305540, 2116
317564, 40, 348, 32, 92, 208, 20, 305540, 2116
317564, 40, 348, 32, 92, 208, 20, 305540, 2116
317564, 40, 348, 32, 92, 208, 20, 305540, 2116
317564, 40, 348, 32, 92, 208, 20, 305540, 2116
317564, 40, 348, 32, 92, 208, 20, 305540, 2116
317564, 40, 348, 32, 92, 208, 20, 305540, 2116
317564, 40, 348, 32, 92, 208, 20, 305540, 2116
317564, 40, 348, 32, 92, 208, 20, 305540, 2116
317564, 40, 348, 32, 92, 208, 20, 305540, 2116
317564, 40, 348, 32, 92, 208, 20, 305540, 2116
317560, 40, 352, 32, 92, 208, 20, 305540, 2116
317560, 40, 352, 32, 92, 208, 20, 305540, 2116
317560, 40, 344, 32, 92, 208, 20, 305548, 2116
317556, 44, 344, 32, 92, 208, 20, 305548, 2116
317556, 44, 344, 32, 92, 208, 20, 305548, 2116
317556, 44, 344, 32, 92, 208, 20, 305548, 2116
317556, 44, 344, 32, 92, 208, 20, 305548, 2116
317556, 44, 344, 32, 92, 208, 20, 305548, 2116
317556, 44, 344, 32, 92, 208, 20, 305548, 2116
317556, 44, 344, 32, 92, 208, 20, 305548, 2116
317556, 44, 344, 32, 92, 208, 20, 305548, 2116
317556, 44, 344, 32, 92, 208, 20, 305548, 2116
317556, 44, 344, 32, 92, 208, 20, 305548, 2116
317556, 44, 340, 32, 92, 208, 20, 305552, 2116
317556, 44, 340, 32, 92, 208, 20, 305552, 2116
317556, 44, 336, 32, 92, 208, 20, 305556, 2116
317556, 44, 336, 32, 92, 208, 20, 305556, 2116
317556, 44, 336, 32, 92, 208, 20, 305556, 2116
317556, 44, 336, 32, 92, 208, 20, 305556, 2116
317556, 44, 332, 32, 92, 208, 20, 305560, 2116
317556, 44, 332, 32, 92, 208, 20, 305560, 2116
317556, 44, 332, 32, 92, 208, 20, 305560, 2116
317556, 44, 332, 32, 92, 208, 20, 305560, 2116
317556, 44, 332, 32, 92, 208, 20, 305560, 2116
317556, 44, 332, 32, 92, 208, 20, 305560, 2116
317556, 44, 332, 32, 92, 208, 20, 305560, 2116
317556, 44, 332, 32, 92, 208, 20, 305560, 2116
317556, 44, 332, 32, 92, 208, 20, 305560, 2116
317548, 52, 332, 32, 92, 208, 20, 305560, 2116
317548, 52, 332, 32, 92, 208, 20, 305560, 2116
317548, 52, 332, 32, 92, 208, 20, 305560, 2116
317548, 52, 332, 32, 92, 208, 20, 305560, 2116
317548, 52, 328, 32, 92, 208, 20, 305564, 2116
317548, 52, 328, 32, 92, 208, 20, 305564, 2116
317548, 52, 328, 32, 92, 208, 20, 305564, 2116
317548, 52, 328, 32, 92, 208, 20, 305564, 2116
317548, 52, 328, 32, 92, 208, 20, 305564, 2116
317548, 48, 332, 32, 92, 208, 20, 305564, 2116
317548, 48, 332, 32, 92, 208, 20, 305564, 2116
317548, 48, 332, 32, 92, 208, 20, 305564, 2116
317548, 48, 332, 32, 92, 208, 20, 305564, 2116
317548, 48, 332, 32, 92, 208, 20, 305564, 2116
317548, 48, 328, 32, 92, 208, 20, 305568, 2116
317548, 48, 328, 32, 92, 208, 20, 305568, 2116
317548, 48, 324, 32, 92, 208, 20, 305572, 2116
317548, 48, 324, 32, 92, 204, 20, 305576, 2116
317548, 48, 324, 32, 92, 204, 20, 305576, 2116
317548, 48, 324, 32, 92, 204, 20, 305576, 2116
317548, 48, 324, 32, 92, 204, 20, 305576, 2116
317548, 48, 324, 32, 92, 204, 20, 305576, 2116
317548, 48, 324, 32, 92, 204, 20, 305576, 2116
317548, 48, 324, 32, 92, 204, 20, 305576, 2116
317548, 48, 324, 28, 96, 204, 20, 305576, 2116
317548, 48, 324, 28, 96, 204, 20, 305576, 2116
317548, 48, 324, 28, 96, 204, 20, 305576, 2116
317548, 48, 324, 28, 96, 204, 20, 305576, 2116
317548, 48, 324, 28, 96, 204, 20, 305576, 2116
317548, 48, 324, 28, 96, 204, 20, 305576, 2116
317548, 48, 324, 28, 96, 204, 20, 305576, 2116
317548, 48, 324, 28, 96, 204, 20, 305576, 2116
317548, 48, 324, 28, 96, 204, 20, 305576, 2116
317548, 48, 324, 28, 96, 204, 20, 305576, 2116
317548, 48, 320, 28, 96, 204, 20, 305580, 2116
317548, 48, 320, 28, 96, 204, 20, 305580, 2116
317548, 48, 316, 28, 96, 204, 20, 305584, 2116
317548, 48, 316, 28, 96, 204, 20, 305584, 2116
317548, 48, 316, 28, 96, 204, 20, 305584, 2116
317548, 48, 316, 28, 96, 204, 20, 305584, 2116
317548, 48, 312, 28, 96, 204, 20, 305588, 2116
317548, 48, 312, 28, 96, 204, 20, 305588, 2116
317548, 48, 312, 28, 96, 200, 20, 305592, 2116
317548, 48, 312, 28, 96, 200, 20, 305592, 2116
317548, 48, 312, 28, 96, 200, 20, 305592, 2116
317548, 48, 312, 28, 96, 200, 20, 305592, 2116
317548, 48, 312, 28, 96, 200, 20, 305592, 2116
317548, 48, 312, 28, 96, 200, 20, 305592, 2116
317548, 48, 312, 28, 92, 200, 20, 305596, 2116
317548, 48, 312, 28, 92, 200, 20, 305596, 2116
317548, 48, 312, 28, 92, 200, 20, 305596, 2116
317548, 48, 312, 28, 92, 200, 20, 305596, 2116
317548, 48, 312, 28, 92, 200, 20, 305596, 2116
317548, 48, 312, 28, 92, 196, 20, 305600, 2116
317548, 48, 312, 28, 92, 196, 20, 305600, 2116
317548, 48, 312, 28, 92, 196, 20, 305600, 2116
317548, 48, 312, 28, 92, 196, 20, 305600, 2116
317548, 48, 312, 28, 92, 196, 20, 305600, 2116
317548, 48, 312, 28, 92, 196, 20, 305600, 2116
317548, 48, 312, 28, 92, 196, 20, 305600, 2116
317548, 48, 312, 28, 92, 196, 20, 305600, 2116
317548, 48, 312, 28, 92, 196, 20, 305600, 2116
317548, 48, 312, 28, 88, 196, 20, 305604, 2116
317548, 48, 312, 28, 88, 196, 20, 305604, 2116
317548, 44, 312, 32, 88, 196, 20, 305604, 2116
317548, 44, 312, 32, 88, 196, 20, 305604, 2116
317548, 44, 312, 32, 88, 196, 20, 305604, 2116
317548, 44, 308, 32, 88, 196, 20, 305608, 2116
317544, 48, 308, 32, 88, 196, 20, 305608, 2116
317544, 48, 308, 32, 88, 192, 20, 305612, 2116
317544, 48, 308, 32, 88, 192, 20, 305612, 2116
317544, 48, 308, 32, 88, 192, 20, 305612, 2116
317544, 48, 308, 32, 88, 188, 20, 305616, 2116
317544, 48, 308, 32, 88, 188, 20, 305616, 2116
317544, 48, 308, 32, 88, 188, 20, 305616, 2116
317544, 48, 308, 32, 88, 188, 20, 305616, 2116
317544, 48, 308, 32, 88, 188, 20, 305616, 2116
317544, 48, 308, 32, 88, 188, 20, 305616, 2116
317544, 48, 308, 32, 88, 188, 20, 305616, 2116
317544, 48, 308, 32, 88, 188, 20, 305616, 2116
317544, 48, 308, 32, 84, 192, 20, 305616, 2116
317544, 48, 308, 32, 84, 192, 20, 305616, 2116
317544, 48, 304, 32, 84, 192, 20, 305620, 2116
317544, 48, 304, 32, 84, 192, 20, 305620, 2116
317544, 48, 304, 32, 84, 192, 20, 305620, 2116
317544, 48, 304, 32, 84, 192, 20, 305620, 2116
317544, 48, 304, 32, 84, 192, 20, 305620, 2116
317544, 48, 304, 32, 84, 192, 20, 305620, 2116
317544, 48, 304, 32, 84, 192, 20, 305620, 2116
317544, 48, 304, 32, 84, 192, 20, 305620, 2116
317544, 48, 304, 28, 88, 192, 20, 305620, 2116
317544, 48, 304, 28, 88, 192, 20, 305620, 2116
317544, 48, 304, 28, 88, 192, 20, 305620, 2116
317544, 48, 304, 28, 88, 192, 20, 305620, 2116
317544, 48, 304, 28, 88, 192, 20, 305620, 2116
317544, 48, 304, 28, 88, 192, 20, 305620, 2116
317544, 48, 304, 28, 88, 192, 20, 305620, 2116
317544, 48, 304, 28, 88, 192, 20, 305620, 2116
317544, 48, 304, 28, 88, 192, 20, 305620, 2116
317544, 48, 304, 28, 88, 192, 20, 305620, 2116
317544, 48, 304, 28, 88, 192, 20, 305620, 2116
317544, 48, 304, 28, 88, 192, 20, 305620, 2116
317544, 48, 304, 28, 88, 192, 20, 305620, 2116
317544, 48, 304, 28, 88, 192, 20, 305620, 2116
317544, 48, 304, 28, 88, 192, 20, 305620, 2116
317544, 48, 304, 28, 88, 192, 20, 305620, 2116
317544, 48, 304, 28, 88, 192, 20, 305620, 2116
317544, 48, 304, 28, 88, 192, 20, 305620, 2116
317544, 48, 304, 28, 84, 192, 20, 305624, 2116
317544, 48, 304, 28, 84, 192, 20, 305624, 2116
317544, 48, 304, 28, 84, 192, 20, 305624, 2116
317544, 48, 304, 28, 84, 192, 20, 305624, 2116
317544, 48, 304, 28, 84, 192, 20, 305624, 2116
317544, 48, 304, 28, 84, 192, 20, 305624, 2116
317544, 48, 304, 28, 80, 192, 20, 305628, 2116
317544, 48, 304, 24, 84, 192, 20, 305628, 2116
317544, 48, 304, 24, 84, 192, 20, 305628, 2116
317544, 48, 304, 24, 84, 192, 20, 305628, 2116
317544, 48, 300, 24, 84, 192, 20, 305632, 2116
317544, 48, 300, 24, 84, 188, 20, 305636, 2116
317544, 48, 300, 24, 84, 188, 20, 305636, 2116
317544, 48, 296, 24, 84, 188, 20, 305640, 2116
317544, 48, 296, 24, 84, 188, 20, 305640, 2116
317544, 48, 296, 24, 84, 188, 20, 305640, 2116
317544, 48, 296, 24, 84, 188, 20, 305640, 2116
317544, 48, 296, 24, 84, 188, 20, 305640, 2116
317544, 48, 296, 24, 84, 188, 20, 305640, 2116
317544, 48, 296, 24, 84, 188, 20, 305640, 2116
317544, 48, 296, 24, 84, 188, 20, 305640, 2116
317544, 48, 296, 24, 84, 188, 20, 305640, 2116
317544, 48, 292, 24, 84, 188, 20, 305644, 2116
317544, 48, 292, 24, 84, 188, 20, 305644, 2116
317544, 44, 292, 28, 84, 188, 20, 305644, 2116
317544, 44, 292, 28, 84, 188, 20, 305644, 2116
317544, 44, 292, 28, 84, 188, 20, 305644, 2116
317544, 44, 292, 28, 84, 188, 20, 305644, 2116
317544, 44, 292, 28, 84, 188, 20, 305644, 2116
317544, 40, 292, 32, 84, 188, 20, 305644, 2116
317544, 40, 292, 32, 84, 188, 20, 305644, 2116
317544, 40, 292, 32, 84, 188, 20, 305644, 2116
317544, 40, 292, 32, 84, 188, 20, 305644, 2116
317540, 44, 292, 32, 84, 188, 20, 305644, 2116
317540, 44, 292, 32, 84, 188, 20, 305644, 2116
317540, 44, 292, 32, 84, 188, 20, 305644, 2116
317540, 44, 292, 32, 84, 188, 20, 305644, 2116
317540, 44, 292, 32, 84, 188, 20, 305644, 2116
317540, 44, 292, 32, 84, 188, 20, 305644, 2116
317540, 44, 292, 32, 84, 188, 20, 305644, 2116
317536, 48, 292, 32, 84, 188, 20, 305644, 2116
317536, 48, 292, 32, 84, 184, 20, 305648, 2116
317536, 44, 296, 32, 84, 184, 20, 305648, 2116
317536, 40, 300, 32, 84, 184, 20, 305648, 2116
317536, 40, 300, 32, 84, 184, 20, 305648, 2116
317536, 40, 300, 32, 84, 184, 20, 305648, 2116
317536, 40, 300, 32, 84, 184, 20, 305648, 2116
317536, 40, 300, 32, 84, 184, 20, 305648, 2116
317536, 40, 300, 32, 84, 184, 20, 305648, 2116
317536, 40, 300, 32, 84, 184, 20, 305648, 2116
317536, 40, 300, 32, 84, 184, 20, 305648, 2116
317536, 40, 300, 32, 84, 184, 20, 305648, 2116
317536, 40, 300, 32, 84, 184, 20, 305648, 2116
317532, 40, 304, 32, 84, 184, 20, 305648, 2116
317532, 40, 304, 32, 84, 184, 20, 305648, 2116
317532, 40, 300, 32, 84, 184, 20, 305652, 2116
317532, 40, 300, 32, 84, 184, 20, 305652, 2116
317528, 44, 300, 32, 80, 184, 20, 305656, 2116
317528, 44, 300, 32, 80, 184, 20, 305656, 2116
317528, 44, 300, 32, 80, 188, 16, 305656, 2116
317528, 44, 300, 32, 80, 188, 16, 305656, 2116
317528, 44, 300, 32, 80, 188, 16, 305656, 2116
317528, 44, 300, 32, 80, 188, 16, 305656, 2116
317528, 44, 300, 32, 80, 188, 16, 305656, 2116
317528, 44, 300, 32, 80, 188, 16, 305656, 2116
317528, 44, 300, 32, 80, 188, 16, 305656, 2116
317528, 44, 300, 32, 80, 188, 16, 305656, 2116
317528, 44, 300, 32, 80, 188, 16, 305656, 2116
317528, 44, 300, 32, 80, 188, 16, 305656, 2116
317528, 44, 300, 32, 80, 188, 16, 305656, 2116
317524, 48, 300, 32, 80, 188, 16, 305656, 2116
317524, 48, 300, 32, 80, 188, 16, 305656, 2116
317524, 48, 300, 32, 80, 188, 16, 305656, 2116
317524, 48, 300, 32, 80, 188, 16, 305656, 2116
317520, 52, 300, 32, 80, 188, 16, 305656, 2116
317520, 52, 300, 32, 80, 188, 16, 305656, 2116
317520, 52, 300, 32, 80, 188, 16, 305656, 2116
317520, 52, 300, 32, 80, 188, 16, 305656, 2116
317520, 52, 300, 32, 80, 188, 16, 305656, 2116
317520, 52, 296, 32, 80, 188, 16, 305660, 2116
317520, 52, 296, 32, 80, 188, 16, 305660, 2116
317520, 52, 292, 28, 84, 184, 16, 305668, 2116
317516, 56, 292, 28, 84, 184, 16, 305668, 2116
317516, 56, 292, 28, 84, 184, 16, 305668, 2116
317516, 56, 288, 28, 84, 184, 16, 305672, 2116
317516, 56, 288, 28, 84, 184, 16, 305672, 2116
317516, 56, 284, 28, 84, 184, 16, 305676, 2116
317516, 56, 284, 28, 84, 184, 16, 305676, 2116
317516, 56, 284, 28, 84, 184, 16, 305676, 2116
317516, 56, 284, 28, 84, 184, 16, 305676, 2116
317516, 56, 284, 28, 84, 184, 16, 305676, 2116
317516, 56, 284, 28, 84, 184, 16, 305676, 2116
317512, 60, 284, 28, 84, 184, 16, 305676, 2116
317512, 60, 284, 28, 84, 184, 16, 305676, 2116
317512, 60, 284, 28, 84, 184, 16, 305676, 2116
317512, 60, 284, 28, 84, 184, 16, 305676, 2116
317512, 60, 284, 28, 84, 184, 16, 305676, 2116
317512, 60, 284, 28, 84, 184, 16, 305676, 2116
317512, 60, 284, 28, 84, 184, 16, 305676, 2116
317512, 60, 284, 28, 84, 184, 16, 305676, 2116
317512, 60, 284, 28, 84, 184, 16, 305676, 2116
317512, 60, 284, 28, 84, 184, 16, 305676, 2116
317512, 60, 284, 28, 84, 184, 16, 305676, 2116
317512, 60, 284, 28, 84, 184, 16, 305676, 2116
317512, 60, 284, 28, 84, 184, 16, 305676, 2116
317512, 60, 284, 28, 84, 184, 16, 305676, 2116
317512, 60, 284, 28, 84, 184, 16, 305676, 2116
317512, 60, 284, 28, 84, 184, 16, 305676, 2116
317512, 60, 284, 28, 84, 184, 16, 305676, 2116
317512, 60, 284, 28, 84, 184, 16, 305676, 2116
317512, 60, 284, 28, 84, 184, 16, 305676, 2116
317512, 60, 284, 28, 84, 184, 16, 305676, 2116
317512, 60, 280, 28, 84, 184, 16, 305680, 2116
317512, 60, 280, 28, 84, 184, 16, 305680, 2116
317512, 60, 280, 28, 84, 184, 16, 305680, 2116
317512, 60, 280, 28, 84, 184, 16, 305680, 2116
317512, 60, 280, 28, 84, 184, 16, 305680, 2116
317512, 60, 280, 28, 84, 184, 16, 305680, 2116
317512, 60, 280, 28, 84, 184, 16, 305680, 2116
317512, 60, 280, 28, 84, 184, 16, 305680, 2116
317512, 60, 280, 28, 84, 184, 16, 305680, 2116
317512, 60, 280, 28, 84, 184, 16, 305680, 2116
317512, 60, 280, 28, 84, 184, 16, 305680, 2116
317512, 60, 280, 28, 84, 184, 16, 305680, 2116
317512, 60, 280, 28, 84, 184, 16, 305680, 2116
317512, 60, 280, 28, 84, 184, 16, 305680, 2116
317512, 60, 280, 28, 84, 184, 16, 305680, 2116
317512, 60, 280, 28, 84, 184, 16, 305680, 2116
317512, 60, 280, 28, 84, 184, 16, 305680, 2116
317512, 60, 280, 28, 84, 184, 16, 305680, 2116
317512, 60, 280, 28, 84, 184, 16, 305680, 2116
317512, 60, 280, 28, 84, 184, 16, 305680, 2116
317512, 60, 280, 28, 84, 184, 16, 305680, 2116
317512, 60, 280, 28, 84, 184, 16, 305680, 2116
317512, 60, 280, 28, 84, 184, 16, 305680, 2116
317512, 60, 280, 28, 84, 184, 16, 305680, 2116
317512, 60, 280, 28, 84, 184, 16, 305680, 2116
317512, 60, 280, 28, 84, 184, 16, 305680, 2116
317512, 60, 276, 28, 84, 184, 16, 305684, 2116
317512, 60, 276, 28, 84, 184, 16, 305684, 2116
317512, 60, 276, 28, 84, 184, 16, 305684, 2116
317512, 60, 276, 28, 84, 184, 16, 305684, 2116
317512, 60, 276, 28, 84, 184, 16, 305684, 2116
317512, 60, 276, 28, 84, 184, 16, 305684, 2116
317512, 60, 276, 28, 84, 184, 16, 305684, 2116
317512, 60, 276, 28, 84, 184, 16, 305684, 2116
317512, 60, 276, 28, 84, 184, 16, 305684, 2116
317512, 60, 276, 28, 84, 184, 16, 305684, 2116
317512, 60, 276, 28, 84, 184, 16, 305684, 2116
317512, 60, 276, 28, 84, 184, 16, 305684, 2116
317512, 60, 276, 28, 84, 184, 16, 305684, 2116
317512, 60, 276, 28, 84, 184, 16, 305684, 2116
317512, 60, 276, 28, 84, 184, 16, 305684, 2116
317508, 64, 276, 28, 84, 184, 16, 305684, 2116
317508, 64, 276, 28, 84, 184, 16, 305684, 2116
317508, 64, 276, 28, 84, 184, 16, 305684, 2116
317508, 64, 276, 28, 84, 184, 16, 305684, 2116
317508, 64, 276, 28, 84, 184, 16, 305684, 2116
317508, 64, 276, 28, 84, 184, 16, 305684, 2116
317508, 64, 276, 28, 84, 184, 16, 305684, 2116
317508, 60, 280, 28, 84, 184, 16, 305684, 2116
317508, 60, 280, 28, 80, 184, 16, 305688, 2116
317508, 60, 280, 28, 80, 184, 16, 305688, 2116
317508, 60, 280, 28, 80, 184, 16, 305688, 2116
317508, 60, 280, 28, 80, 184, 16, 305688, 2116
317508, 60, 276, 28, 80, 184, 16, 305692, 2116
317508, 60, 276, 28, 80, 184, 16, 305692, 2116
317508, 60, 276, 28, 80, 184, 16, 305692, 2116
317508, 60, 276, 28, 80, 184, 16, 305692, 2116
317508, 60, 276, 28, 80, 184, 16, 305692, 2116
317508, 60, 276, 28, 80, 184, 16, 305692, 2116
317508, 56, 280, 28, 80, 184, 16, 305692, 2116
317508, 56, 280, 28, 80, 184, 16, 305692, 2116
317508, 56, 280, 28, 80, 180, 16, 305696, 2116
317508, 56, 280, 28, 80, 180, 16, 305696, 2116
317508, 56, 280, 28, 80, 180, 16, 305696, 2116
317508, 56, 280, 28, 80, 180, 16, 305696, 2116
317508, 56, 280, 28, 80, 180, 16, 305696, 2116
317508, 56, 280, 28, 80, 180, 16, 305696, 2116
317508, 56, 276, 28, 80, 180, 16, 305700, 2116
317508, 56, 276, 28, 80, 180, 16, 305700, 2116
317508, 56, 276, 28, 80, 180, 16, 305700, 2116
317508, 56, 276, 28, 80, 180, 16, 305700, 2116
317508, 56, 276, 28, 80, 180, 16, 305700, 2116
317508, 56, 276, 28, 80, 180, 16, 305700, 2116
317508, 56, 276, 28, 80, 180, 16, 305700, 2116
317508, 56, 276, 28, 80, 180, 16, 305700, 2116
317508, 56, 276, 28, 80, 180, 16, 305700, 2116
317508, 56, 276, 28, 80, 180, 16, 305700, 2116
317508, 56, 276, 28, 80, 180, 16, 305700, 2116
317508, 56, 276, 28, 76, 180, 16, 305704, 2116
317508, 56, 276, 28, 76, 180, 16, 305704, 2116
317508, 56, 276, 24, 80, 180, 16, 305704, 2116
317508, 56, 276, 24, 80, 180, 16, 305704, 2116
317504, 60, 276, 24, 80, 176, 16, 305708, 2116
317504, 60, 276, 24, 80, 176, 16, 305708, 2116
317504, 60, 276, 24, 80, 176, 16, 305708, 2116
317504, 60, 276, 24, 80, 176, 16, 305708, 2116
317504, 60, 276, 24, 80, 176, 16, 305708, 2116
317504, 60, 276, 24, 80, 176, 16, 305708, 2116
317500, 64, 276, 24, 80, 176, 16, 305708, 2116
317496, 68, 276, 24, 80, 176, 16, 305708, 2116
317496, 68, 276, 24, 80, 176, 16, 305708, 2116
317496, 68, 276, 24, 80, 176, 16, 305708, 2116
317496, 68, 276, 24, 80, 176, 16, 305708, 2116
317496, 68, 276, 24, 80, 176, 16, 305708, 2116
317496, 68, 276, 24, 80, 176, 16, 305708, 2116
317496, 68, 276, 24, 80, 176, 16, 305708, 2116
317496, 68, 276, 24, 80, 176, 16, 305708, 2116
317496, 68, 276, 24, 80, 176, 16, 305708, 2116
317496, 68, 276, 24, 80, 176, 16, 305708, 2116
317496, 68, 276, 24, 80, 176, 16, 305708, 2116
317496, 68, 276, 24, 80, 176, 16, 305708, 2116
317496, 68, 276, 24, 80, 176, 16, 305708, 2116
317496, 68, 276, 24, 80, 176, 16, 305708, 2116
317496, 68, 276, 24, 80, 176, 16, 305708, 2116
317496, 68, 276, 24, 80, 176, 16, 305708, 2116
317496, 68, 276, 24, 80, 172, 16, 305712, 2116
317496, 68, 272, 24, 80, 172, 16, 305716, 2116
317496, 68, 272, 24, 80, 172, 16, 305716, 2116
317496, 68, 272, 24, 80, 172, 16, 305716, 2116
317496, 68, 272, 24, 80, 172, 16, 305716, 2116
317496, 68, 272, 24, 80, 172, 16, 305716, 2116
317496, 68, 272, 24, 80, 172, 16, 305716, 2116
317496, 68, 272, 24, 80, 172, 16, 305716, 2116
317496, 68, 272, 24, 80, 172, 16, 305716, 2116
317496, 68, 272, 24, 80, 172, 16, 305716, 2116
317496, 68, 272, 24, 80, 172, 16, 305716, 2116
317496, 68, 272, 24, 80, 172, 16, 305716, 2116
317496, 68, 272, 24, 80, 172, 16, 305716, 2116
317496, 68, 272, 24, 80, 172, 16, 305716, 2116
317496, 68, 272, 24, 80, 172, 16, 305716, 2116
317496, 68, 272, 24, 80, 172, 16, 305716, 2116
317496, 68, 272, 24, 80, 172, 16, 305716, 2116
317496, 68, 272, 24, 80, 172, 16, 305716, 2116
317496, 68, 272, 24, 80, 172, 16, 305716, 2116
317496, 68, 272, 24, 80, 172, 16, 305716, 2116
317496, 68, 272, 24, 80, 172, 16, 305716, 2116
317496, 68, 272, 24, 80, 172, 16, 305716, 2116
317496, 68, 272, 24, 80, 172, 16, 305716, 2116
317496, 68, 268, 24, 80, 172, 16, 305720, 2116
317496, 68, 268, 24, 80, 172, 16, 305720, 2116
317492, 72, 268, 24, 80, 172, 16, 305720, 2116
317492, 72, 268, 24, 80, 168, 16, 305724, 2116
317492, 72, 268, 24, 80, 168, 16, 305724, 2116
317492, 72, 268, 24, 80, 168, 16, 305724, 2116
317492, 72, 268, 24, 76, 172, 16, 305724, 2116
317492, 72, 268, 24, 76, 172, 16, 305724, 2116
317492, 72, 268, 24, 76, 172, 16, 305724, 2116
317492, 72, 268, 24, 76, 172, 16, 305724, 2116
317492, 72, 268, 24, 76, 172, 16, 305724, 2116
317492, 72, 268, 24, 76, 172, 16, 305724, 2116
317492, 72, 268, 24, 76, 172, 16, 305724, 2116
317492, 72, 268, 24, 76, 172, 16, 305724, 2116
317492, 72, 268, 24, 76, 172, 16, 305724, 2116
317492, 72, 268, 24, 76, 172, 16, 305724, 2116
317492, 72, 268, 24, 76, 172, 16, 305724, 2116
317492, 72, 268, 24, 76, 172, 16, 305724, 2116
317492, 72, 268, 24, 76, 172, 16, 305724, 2116
317492, 72, 268, 24, 76, 172, 16, 305724, 2116
317492, 72, 268, 24, 76, 172, 16, 305724, 2116
317492, 72, 268, 24, 76, 172, 16, 305724, 2116
317492, 72, 268, 24, 76, 172, 16, 305724, 2116
317492, 72, 264, 24, 76, 168, 16, 305732, 2116
317492, 72, 264, 24, 76, 168, 16, 305732, 2116
317492, 72, 264, 24, 76, 168, 16, 305732, 2116
317492, 72, 264, 24, 76, 168, 16, 305732, 2116
317492, 72, 264, 24, 76, 168, 16, 305732, 2116
317492, 72, 264, 24, 76, 168, 16, 305732, 2116
317492, 72, 264, 24, 76, 168, 16, 305732, 2116
317492, 72, 264, 24, 76, 168, 16, 305732, 2116
317492, 72, 264, 24, 76, 168, 16, 305732, 2116
317492, 72, 264, 24, 76, 168, 16, 305732, 2116
317492, 68, 268, 24, 76, 168, 16, 305732, 2116
317492, 68, 268, 24, 76, 168, 16, 305732, 2116
317492, 68, 268, 24, 76, 168, 16, 305732, 2116
317492, 68, 268, 24, 76, 168, 16, 305732, 2116
317492, 68, 268, 24, 76, 168, 16, 305732, 2116
317492, 68, 268, 24, 72, 168, 16, 305736, 2116
317492, 68, 268, 24, 72, 168, 16, 305736, 2116
317492, 68, 268, 24, 72, 168, 16, 305736, 2116
317492, 68, 268, 24, 72, 168, 16, 305736, 2116
317492, 68, 268, 24, 72, 168, 16, 305736, 2116
317492, 68, 268, 24, 72, 168, 16, 305736, 2116
317492, 68, 264, 24, 72, 168, 16, 305740, 2116
317492, 68, 260, 24, 72, 168, 16, 305744, 2116
317492, 68, 260, 24, 72, 172, 12, 305744, 2116
317492, 68, 260, 24, 72, 172, 12, 305744, 2116
317492, 68, 260, 24, 72, 172, 12, 305744, 2116
317492, 68, 260, 24, 72, 172, 12, 305744, 2116
317492, 68, 260, 24, 72, 172, 12, 305744, 2116
317492, 64, 260, 28, 72, 172, 12, 305744, 2116
317492, 64, 260, 28, 72, 168, 12, 305748, 2116
317492, 64, 260, 28, 72, 168, 12, 305748, 2116
317492, 64, 260, 28, 72, 168, 12, 305748, 2116
317492, 64, 260, 28, 72, 168, 12, 305748, 2116
317492, 64, 260, 28, 72, 168, 12, 305748, 2116
317492, 64, 260, 28, 72, 168, 12, 305748, 2116
317492, 64, 260, 28, 72, 168, 12, 305748, 2116
317492, 64, 260, 28, 72, 168, 12, 305748, 2116
317492, 64, 260, 28, 72, 168, 12, 305748, 2116
317492, 64, 260, 28, 72, 168, 12, 305748, 2116
317492, 64, 260, 28, 72, 168, 12, 305748, 2116
317492, 64, 260, 28, 68, 172, 12, 305748, 2116
317492, 64, 260, 28, 68, 172, 12, 305748, 2116
317492, 64, 260, 28, 68, 172, 12, 305748, 2116
317492, 64, 260, 28, 68, 172, 12, 305748, 2116
317492, 64, 260, 28, 68, 172, 12, 305748, 2116
317492, 64, 260, 28, 68, 172, 12, 305748, 2116
317492, 64, 260, 28, 68, 172, 12, 305748, 2116
317492, 64, 260, 28, 68, 172, 12, 305748, 2116
317492, 64, 260, 28, 68, 172, 12, 305748, 2116
317492, 64, 260, 28, 68, 172, 12, 305748, 2116
317492, 64, 260, 28, 68, 172, 12, 305748, 2116
317492, 64, 260, 28, 68, 172, 12, 305748, 2116
317492, 64, 260, 28, 68, 172, 12, 305748, 2116
317492, 64, 260, 28, 68, 172, 12, 305748, 2116
317492, 64, 260, 28, 68, 172, 12, 305748, 2116
317492, 64, 260, 28, 68, 172, 12, 305748, 2116
317492, 64, 260, 28, 68, 172, 12, 305748, 2116
317492, 64, 260, 28, 68, 172, 12, 305748, 2116
317492, 64, 260, 28, 68, 172, 12, 305748, 2116
317492, 64, 260, 28, 68, 172, 12, 305748, 2116
317492, 64, 260, 24, 72, 172, 12, 305748, 2116
317492, 64, 260, 24, 72, 172, 12, 305748, 2116
317492, 64, 260, 24, 72, 172, 12, 305748, 2116
317492, 64, 256, 24, 72, 172, 12, 305752, 2116
317492, 64, 256, 24, 72, 172, 12, 305752, 2116
317492, 64, 256, 24, 72, 172, 12, 305752, 2116
317492, 64, 256, 24, 72, 168, 12, 305756, 2116
317492, 64, 256, 24, 72, 168, 12, 305756, 2116
317488, 68, 256, 24, 72, 168, 12, 305756, 2116
317488, 68, 256, 24, 72, 168, 12, 305756, 2116
317488, 68, 256, 24, 72, 168, 12, 305756, 2116
317488, 68, 256, 24, 72, 168, 12, 305756, 2116
317488, 68, 256, 24, 72, 168, 12, 305756, 2116
317488, 68, 256, 24, 72, 168, 12, 305756, 2116
317488, 68, 256, 24, 72, 168, 12, 305756, 2116
317488, 68, 256, 24, 72, 168, 12, 305756, 2116
317488, 68, 256, 24, 72, 168, 12, 305756, 2116
317488, 68, 256, 24, 72, 168, 12, 305756, 2116
317488, 68, 256, 24, 72, 168, 12, 305756, 2116
317488, 68, 256, 24, 72, 168, 12, 305756, 2116
317488, 64, 260, 24, 72, 168, 12, 305756, 2116
317488, 64, 260, 24, 72, 168, 12, 305756, 2116
317488, 64, 256, 24, 72, 168, 12, 305760, 2116
317488, 64, 256, 24, 72, 168, 12, 305760, 2116
317488, 64, 256, 24, 72, 168, 12, 305760, 2116
317488, 64, 256, 24, 72, 168, 12, 305760, 2116
317488, 60, 260, 24, 72, 168, 12, 305760, 2116
317484, 64, 260, 24, 72, 168, 12, 305760, 2116
317484, 64, 260, 24, 72, 168, 12, 305760, 2116
317484, 60, 264, 24, 72, 168, 12, 305760, 2116
317484, 60, 264, 24, 72, 168, 12, 305760, 2116
317484, 60, 264, 24, 72, 168, 12, 305760, 2116
317484, 60, 264, 24, 72, 168, 12, 305760, 2116
317484, 60, 264, 24, 72, 168, 12, 305760, 2116
317484, 60, 264, 24, 72, 168, 12, 305760, 2116
317484, 60, 264, 24, 72, 168, 12, 305760, 2116
317484, 60, 264, 24, 72, 168, 12, 305760, 2116
317484, 60, 264, 24, 72, 168, 12, 305760, 2116
317484, 60, 264, 24, 72, 168, 12, 305760, 2116
317484, 60, 264, 24, 72, 168, 12, 305760, 2116
317484, 60, 264, 24, 72, 168, 12, 305760, 2116
317484, 60, 264, 24, 72, 168, 12, 305760, 2116
317484, 60, 260, 24, 72, 168, 12, 305764, 2116
317484, 60, 260, 24, 72, 168, 12, 305764, 2116
317484, 60, 260, 24, 72, 168, 12, 305764, 2116
317484, 60, 260, 24, 72, 168, 12, 305764, 2116
317484, 60, 260, 24, 72, 168, 12, 305764, 2116
317484, 60, 260, 24, 68, 168, 12, 305768, 2116
317484, 60, 260, 24, 68, 168, 12, 305768, 2116
317484, 60, 260, 24, 68, 168, 12, 305768, 2116
317484, 60, 260, 24, 68, 168, 12, 305768, 2116
317484, 60, 260, 24, 68, 168, 12, 305768, 2116
317484, 60, 260, 24, 68, 168, 12, 305768, 2116
317484, 60, 260, 24, 68, 168, 12, 305768, 2116
317484, 60, 260, 20, 72, 168, 12, 305768, 2116
317484, 60, 260, 20, 72, 168, 12, 305768, 2116
317484, 60, 260, 20, 72, 168, 12, 305768, 2116
317484, 60, 260, 20, 72, 168, 12, 305768, 2116
317484, 60, 260, 20, 72, 168, 12, 305768, 2116
317484, 60, 260, 20, 72, 168, 12, 305768, 2116
317484, 60, 260, 20, 72, 168, 12, 305768, 2116
317484, 60, 260, 20, 72, 168, 12, 305768, 2116
317484, 60, 260, 20, 72, 168, 12, 305768, 2116
317484, 60, 260, 20, 72, 168, 12, 305768, 2116
317484, 60, 260, 20, 72, 168, 12, 305768, 2116
317484, 60, 260, 20, 72, 168, 12, 305768, 2116
317484, 60, 260, 20, 72, 168, 12, 305768, 2116
317484, 60, 260, 20, 72, 168, 12, 305768, 2116
317484, 60, 260, 20, 72, 168, 12, 305768, 2116
317484, 60, 260, 20, 72, 168, 12, 305768, 2116
317484, 60, 260, 20, 72, 168, 12, 305768, 2116
317484, 60, 260, 20, 72, 168, 12, 305768, 2116
317484, 60, 260, 20, 72, 168, 12, 305768, 2116
317484, 60, 260, 20, 72, 168, 12, 305768, 2116
317484, 60, 260, 20, 72, 168, 12, 305768, 2116
317484, 60, 260, 20, 72, 168, 12, 305768, 2116
317484, 60, 260, 20, 72, 168, 12, 305768, 2116
317484, 56, 264, 20, 72, 168, 12, 305768, 2116
317484, 56, 264, 20, 72, 168, 12, 305768, 2116
317484, 56, 264, 20, 72, 168, 12, 305768, 2116
317484, 56, 264, 20, 72, 168, 12, 305768, 2116
317484, 56, 264, 20, 72, 168, 12, 305768, 2116
317484, 56, 264, 20, 68, 168, 12, 305772, 2116
317484, 56, 264, 20, 68, 168, 12, 305772, 2116
317484, 56, 264, 20, 68, 168, 12, 305772, 2116
317484, 56, 264, 20, 68, 168, 12, 305772, 2116
317484, 56, 260, 20, 68, 168, 12, 305776, 2116
317484, 56, 260, 20, 68, 168, 12, 305776, 2116
317484, 56, 260, 20, 68, 168, 12, 305776, 2116
317484, 56, 260, 20, 68, 168, 12, 305776, 2116
317484, 56, 260, 20, 68, 168, 12, 305776, 2116
317484, 56, 260, 20, 68, 168, 12, 305776, 2116
317484, 56, 260, 20, 68, 168, 12, 305776, 2116
317484, 56, 260, 20, 68, 168, 12, 305776, 2116
317484, 56, 256, 20, 68, 168, 12, 305780, 2116
317484, 56, 256, 20, 68, 168, 12, 305780, 2116
317484, 56, 256, 20, 68, 168, 12, 305780, 2116
317484, 52, 260, 20, 68, 168, 12, 305780, 2116
317484, 52, 260, 20, 68, 168, 12, 305780, 2116
317484, 52, 260, 20, 68, 168, 12, 305780, 2116
317484, 52, 260, 20, 68, 168, 12, 305780, 2116
317484, 52, 260, 20, 68, 168, 12, 305780, 2116
317484, 52, 260, 20, 68, 168, 12, 305780, 2116
317484, 52, 260, 20, 68, 168, 12, 305780, 2116
317484, 52, 260, 20, 68, 168, 12, 305780, 2116
317484, 52, 260, 20, 68, 168, 12, 305780, 2116
317484, 52, 260, 20, 68, 168, 12, 305780, 2116
317484, 52, 260, 20, 68, 168, 12, 305780, 2116
317484, 52, 260, 20, 68, 168, 12, 305780, 2116
317484, 52, 260, 20, 68, 168, 12, 305780, 2116
317484, 52, 260, 20, 68, 168, 12, 305780, 2116
317484, 52, 260, 20, 68, 168, 12, 305780, 2116
317484, 52, 260, 20, 68, 168, 12, 305780, 2116
317484, 52, 260, 20, 68, 168, 12, 305780, 2116
317484, 52, 260, 20, 68, 168, 12, 305780, 2116
317484, 52, 260, 16, 72, 168, 12, 305780, 2116
317484, 52, 256, 16, 72, 168, 12, 305784, 2116
317484, 52, 256, 16, 72, 168, 12, 305784, 2116
317484, 52, 256, 16, 72, 168, 12, 305784, 2116
317484, 52, 256, 16, 72, 168, 12, 305784, 2116
317484, 48, 260, 16, 72, 168, 12, 305784, 2116
317484, 48, 260, 16, 72, 168, 12, 305784, 2116
317484, 48, 260, 16, 72, 168, 12, 305784, 2116
317484, 48, 260, 16, 72, 168, 12, 305784, 2116
317484, 48, 260, 16, 72, 168, 12, 305784, 2116
317484, 48, 260, 16, 72, 168, 12, 305784, 2116
317484, 48, 260, 16, 72, 168, 12, 305784, 2116
317484, 48, 260, 16, 72, 168, 12, 305784, 2116
317484, 48, 260, 16, 72, 168, 12, 305784, 2116
317484, 48, 260, 16, 72, 168, 12, 305784, 2116
317484, 48, 260, 16, 72, 168, 12, 305784, 2116
317484, 48, 260, 16, 72, 168, 12, 305784, 2116
317484, 48, 260, 16, 72, 168, 12, 305784, 2116
317484, 48, 260, 16, 72, 168, 12, 305784, 2116
317484, 48, 256, 16, 72, 168, 12, 305788, 2116
317484, 48, 256, 16, 72, 168, 12, 305788, 2116
317484, 48, 256, 16, 72, 168, 12, 305788, 2116
317484, 48, 256, 16, 72, 168, 12, 305788, 2116
317484, 48, 256, 16, 72, 168, 12, 305788, 2116
317484, 48, 256, 16, 72, 168, 12, 305788, 2116
317484, 48, 256, 16, 72, 168, 12, 305788, 2116
317484, 48, 256, 16, 72, 168, 12, 305788, 2116
317484, 48, 256, 16, 72, 168, 12, 305788, 2116
317484, 48, 256, 16, 72, 168, 12, 305788, 2116
317484, 48, 256, 16, 72, 168, 12, 305788, 2116
317484, 48, 256, 16, 72, 168, 12, 305788, 2116
317484, 48, 256, 16, 72, 168, 12, 305788, 2116
317484, 48, 256, 16, 72, 168, 12, 305788, 2116
317484, 48, 256, 16, 72, 168, 12, 305788, 2116
317484, 48, 256, 16, 72, 168, 12, 305788, 2116
317484, 48, 252, 16, 72, 168, 12, 305792, 2116
317484, 48, 252, 16, 68, 168, 12, 305796, 2116
317484, 48, 252, 16, 68, 168, 12, 305796, 2116
317484, 48, 252, 16, 68, 168, 12, 305796, 2116
317484, 48, 252, 16, 68, 168, 12, 305796, 2116
317484, 48, 252, 16, 68, 168, 12, 305796, 2116
317484, 48, 252, 16, 68, 168, 12, 305796, 2116
317484, 48, 252, 16, 68, 168, 12, 305796, 2116
317484, 48, 252, 16, 68, 168, 12, 305796, 2116
317484, 48, 252, 16, 68, 168, 12, 305796, 2116
317480, 52, 252, 16, 68, 168, 12, 305796, 2116
317480, 52, 252, 16, 68, 168, 12, 305796, 2116
317480, 52, 252, 16, 68, 168, 12, 305796, 2116
317480, 52, 252, 16, 68, 164, 12, 305800, 2116
317480, 52, 252, 16, 68, 164, 12, 305800, 2116
317480, 52, 252, 16, 68, 164, 12, 305800, 2116
317476, 56, 252, 16, 68, 164, 12, 305800, 2116
317476, 56, 252, 16, 68, 164, 12, 305800, 2116
317476, 56, 252, 16, 68, 164, 12, 305800, 2116
317476, 56, 252, 16, 68, 164, 12, 305800, 2116
317476, 56, 252, 16, 68, 164, 12, 305800, 2116
317476, 56, 252, 16, 68, 164, 12, 305800, 2116
317476, 56, 252, 16, 68, 160, 12, 305804, 2116
317476, 56, 252, 16, 68, 160, 12, 305804, 2116
317476, 56, 248, 16, 68, 160, 12, 305808, 2116
317476, 56, 248, 16, 68, 160, 12, 305808, 2116
317476, 56, 248, 16, 68, 160, 12, 305808, 2116
317476, 56, 248, 16, 68, 160, 12, 305808, 2116
317472, 60, 248, 16, 68, 160, 12, 305808, 2116
317472, 60, 248, 16, 68, 160, 12, 305808, 2116
317472, 60, 248, 16, 68, 160, 12, 305808, 2116
317468, 64, 248, 16, 68, 160, 12, 305808, 2116
317468, 64, 248, 16, 68, 160, 12, 305808, 2116
317468, 64, 248, 16, 68, 160, 12, 305808, 2116
317468, 64, 248, 16, 68, 160, 12, 305808, 2116
317468, 64, 248, 16, 68, 160, 12, 305808, 2116
317468, 64, 248, 16, 68, 160, 12, 305808, 2116
317468, 64, 248, 16, 68, 160, 12, 305808, 2116
317468, 64, 248, 16, 68, 160, 12, 305808, 2116
317468, 64, 248, 16, 68, 160, 12, 305808, 2116
317468, 64, 248, 16, 68, 160, 12, 305808, 2116
317468, 64, 248, 16, 68, 160, 12, 305808, 2116
317464, 68, 248, 16, 68, 160, 12, 305808, 2116
317464, 68, 248, 16, 68, 160, 12, 305808, 2116
317464, 68, 244, 16, 68, 160, 12, 305812, 2116
317464, 68, 244, 16, 68, 156, 12, 305816, 2116
317464, 64, 248, 16, 68, 156, 12, 305816, 2116
317464, 64, 248, 16, 68, 156, 12, 305816, 2116
317464, 64, 248, 16, 68, 156, 12, 305816, 2116
317464, 64, 248, 16, 68, 156, 12, 305816, 2116
317464, 64, 248, 16, 68, 156, 12, 305816, 2116
317464, 64, 248, 16, 68, 156, 12, 305816, 2116
317464, 64, 248, 16, 68, 156, 12, 305816, 2116
317464, 60, 252, 16, 68, 156, 12, 305816, 2116
317460, 64, 252, 16, 68, 156, 12, 305816, 2116
317460, 64, 252, 16, 68, 156, 12, 305816, 2116
317460, 64, 252, 16, 68, 156, 12, 305816, 2116
317460, 64, 252, 16, 68, 156, 12, 305816, 2116
317460, 64, 252, 16, 68, 156, 12, 305816, 2116
317460, 64, 252, 16, 68, 156, 12, 305816, 2116
317460, 64, 252, 16, 68, 156, 12, 305816, 2116
317460, 64, 252, 16, 68, 156, 12, 305816, 2116
317460, 64, 252, 16, 68, 156, 12, 305816, 2116
317460, 64, 252, 16, 68, 156, 12, 305816, 2116
317460, 64, 252, 16, 68, 156, 12, 305816, 2116
317460, 64, 252, 16, 68, 156, 12, 305816, 2116
317460, 64, 252, 16, 68, 156, 12, 305816, 2116
317460, 64, 252, 16, 68, 156, 12, 305816, 2116
317460, 64, 252, 16, 68, 156, 12, 305816, 2116
317460, 64, 252, 16, 68, 156, 12, 305816, 2116
317460, 64, 252, 16, 68, 156, 12, 305816, 2116
317460, 64, 252, 16, 68, 156, 12, 305816, 2116
317460, 64, 252, 16, 68, 156, 12, 305816, 2116
317460, 64, 252, 16, 68, 156, 12, 305816, 2116
317460, 64, 252, 16, 68, 156, 12, 305816, 2116
317460, 64, 252, 16, 68, 156, 12, 305816, 2116
317460, 64, 252, 16, 68, 156, 12, 305816, 2116
317460, 64, 252, 16, 68, 156, 12, 305816, 2116
317460, 64, 252, 16, 68, 156, 12, 305816, 2116
317460, 64, 252, 16, 68, 156, 12, 305816, 2116
317460, 64, 252, 16, 68, 156, 12, 305816, 2116
317460, 64, 252, 16, 68, 156, 12, 305816, 2116
317460, 64, 252, 16, 68, 156, 12, 305816, 2116
317460, 64, 252, 16, 68, 156, 12, 305816, 2116
317460, 64, 252, 16, 68, 156, 12, 305816, 2116
317460, 64, 252, 16, 68, 156, 12, 305816, 2116
317460, 64, 252, 16, 68, 156, 12, 305816, 2116
317460, 64, 252, 16, 68, 156, 12, 305816, 2116
317460, 64, 252, 16, 68, 156, 12, 305816, 2116
317460, 64, 252, 16, 68, 156, 12, 305816, 2116
317460, 64, 252, 16, 68, 156, 12, 305816, 2116
317460, 60, 256, 16, 68, 156, 12, 305816, 2116
317460, 60, 256, 16, 68, 156, 12, 305816, 2116
317460, 60, 256, 16, 68, 156, 12, 305816, 2116
317460, 60, 256, 16, 68, 156, 12, 305816, 2116
317460, 60, 256, 16, 68, 156, 12, 305816, 2116
317460, 60, 256, 16, 68, 156, 12, 305816, 2116
317460, 60, 256, 16, 68, 156, 12, 305816, 2116
317460, 60, 256, 16, 68, 156, 12, 305816, 2116
317460, 60, 256, 16, 68, 156, 12, 305816, 2116
317460, 60, 256, 16, 68, 156, 12, 305816, 2116
317460, 60, 256, 16, 68, 156, 12, 305816, 2116
317460, 60, 256, 16, 68, 156, 12, 305816, 2116
317460, 60, 256, 16, 68, 156, 12, 305816, 2116
317460, 60, 256, 16, 68, 156, 12, 305816, 2116
317460, 60, 256, 16, 68, 156, 12, 305816, 2116
317460, 60, 256, 16, 68, 156, 12, 305816, 2116
317460, 60, 256, 16, 68, 156, 12, 305816, 2116
317460, 60, 256, 16, 68, 156, 12, 305816, 2116
317460, 60, 256, 16, 68, 156, 12, 305816, 2116
317460, 60, 256, 16, 68, 156, 12, 305816, 2116
317460, 60, 256, 16, 68, 156, 12, 305816, 2116
317460, 60, 256, 16, 68, 156, 12, 305816, 2116
317460, 60, 256, 16, 68, 156, 12, 305816, 2116
317460, 60, 256, 16, 68, 156, 12, 305816, 2116
317460, 60, 256, 16, 68, 156, 12, 305816, 2116
317460, 60, 252, 16, 68, 156, 12, 305820, 2116
317460, 60, 252, 16, 68, 156, 12, 305820, 2116
317460, 60, 252, 16, 68, 156, 12, 305820, 2116
317460, 60, 252, 16, 68, 156, 12, 305820, 2116
317460, 56, 256, 16, 68, 156, 12, 305820, 2116
317460, 56, 256, 16, 68, 156, 12, 305820, 2116
317460, 56, 256, 16, 68, 156, 12, 305820, 2116
317460, 56, 256, 16, 68, 156, 12, 305820, 2116
317460, 56, 256, 16, 68, 156, 12, 305820, 2116
317460, 56, 256, 16, 68, 156, 12, 305820, 2116
317460, 56, 256, 16, 68, 156, 12, 305820, 2116
317460, 56, 256, 16, 68, 156, 12, 305820, 2116
317460, 56, 256, 16, 68, 156, 12, 305820, 2116
317460, 56, 256, 16, 68, 156, 12, 305820, 2116
317460, 56, 256, 16, 68, 156, 12, 305820, 2116
317460, 52, 260, 16, 68, 156, 12, 305820, 2116
317460, 52, 260, 16, 68, 152, 12, 305824, 2116
317460, 52, 260, 16, 68, 152, 12, 305824, 2116
317460, 52, 260, 16, 68, 152, 12, 305824, 2116
317460, 52, 260, 16, 68, 152, 12, 305824, 2116
317460, 52, 260, 16, 68, 152, 12, 305824, 2116
317460, 52, 260, 16, 68, 148, 12, 305828, 2116
317460, 52, 260, 16, 68, 148, 12, 305828, 2116
317460, 52, 260, 16, 68, 148, 12, 305828, 2116
317460, 52, 260, 16, 68, 148, 12, 305828, 2116
317460, 52, 260, 16, 68, 148, 12, 305828, 2116
317460, 52, 260, 16, 68, 148, 12, 305828, 2116
317460, 52, 260, 16, 68, 148, 12, 305828, 2116
317460, 52, 260, 16, 68, 148, 12, 305828, 2116
317460, 52, 260, 16, 68, 148, 12, 305828, 2116
317460, 52, 260, 16, 68, 148, 12, 305828, 2116
317460, 52, 260, 16, 68, 148, 12, 305828, 2116
317460, 52, 260, 16, 68, 148, 12, 305828, 2116
317460, 52, 260, 16, 68, 148, 12, 305828, 2116
317460, 52, 260, 16, 68, 148, 12, 305828, 2116
317460, 52, 260, 16, 68, 148, 12, 305828, 2116
317460, 52, 260, 16, 68, 148, 12, 305828, 2116
317460, 52, 260, 16, 68, 148, 12, 305828, 2116
317460, 52, 260, 16, 68, 148, 12, 305828, 2116
317460, 52, 256, 16, 68, 148, 12, 305832, 2116
317460, 52, 256, 16, 68, 148, 12, 305832, 2116
317460, 52, 256, 16, 68, 148, 12, 305832, 2116
317460, 52, 256, 16, 68, 148, 12, 305832, 2116
317460, 52, 256, 12, 72, 148, 12, 305832, 2116
317460, 52, 256, 12, 72, 148, 12, 305832, 2116
317460, 52, 256, 12, 72, 148, 12, 305832, 2116
317460, 52, 256, 12, 72, 144, 12, 305836, 2116
317460, 52, 256, 12, 72, 144, 12, 305836, 2116
317460, 52, 256, 12, 72, 144, 12, 305836, 2116
317460, 52, 256, 12, 72, 144, 12, 305836, 2116
317460, 52, 256, 12, 72, 144, 12, 305836, 2116
317460, 52, 256, 12, 72, 144, 12, 305836, 2116
317460, 52, 256, 12, 72, 144, 12, 305836, 2116
317460, 52, 256, 12, 72, 144, 12, 305836, 2116
317460, 52, 256, 12, 72, 144, 12, 305836, 2116
317460, 52, 256, 12, 72, 144, 12, 305836, 2116
317460, 52, 256, 12, 72, 144, 12, 305836, 2116
317460, 52, 256, 12, 68, 148, 12, 305836, 2116
317460, 52, 256, 12, 68, 148, 12, 305836, 2116
317460, 52, 256, 12, 68, 148, 12, 305836, 2116
317460, 52, 256, 12, 68, 148, 12, 305836, 2116
317460, 52, 256, 12, 68, 148, 12, 305836, 2116
317460, 52, 256, 12, 68, 148, 12, 305836, 2116
317460, 52, 256, 12, 68, 148, 12, 305836, 2116
317460, 52, 256, 12, 68, 148, 12, 305836, 2116
317460, 52, 256, 12, 68, 148, 12, 305836, 2116
317460, 52, 256, 12, 68, 148, 12, 305836, 2116
317460, 52, 256, 12, 68, 148, 12, 305836, 2116
317460, 52, 256, 12, 68, 148, 12, 305836, 2116
317460, 52, 256, 12, 68, 148, 12, 305836, 2116
317460, 52, 256, 12, 68, 148, 12, 305836, 2116
317460, 52, 256, 12, 68, 148, 12, 305836, 2116
317460, 52, 256, 12, 68, 152, 8, 305836, 2116
317460, 52, 256, 12, 68, 152, 8, 305836, 2116
317460, 52, 256, 12, 68, 152, 8, 305836, 2116
317460, 52, 256, 12, 68, 152, 8, 305836, 2116
317460, 52, 256, 12, 68, 152, 8, 305836, 2116
317460, 52, 256, 12, 68, 152, 8, 305836, 2116
317460, 52, 256, 12, 68, 152, 8, 305836, 2116
317460, 52, 256, 12, 68, 152, 8, 305836, 2116
317460, 52, 256, 12, 68, 152, 8, 305836, 2116
317460, 52, 256, 12, 68, 152, 8, 305836, 2116
317460, 52, 256, 12, 68, 152, 8, 305836, 2116
317460, 48, 260, 12, 68, 152, 8, 305836, 2116
317460, 48, 260, 12, 68, 152, 8, 305836, 2116
317460, 48, 260, 12, 68, 152, 8, 305836, 2116
317460, 48, 260, 12, 68, 152, 8, 305836, 2116
317460, 48, 260, 12, 68, 152, 8, 305836, 2116
317460, 48, 260, 12, 68, 152, 8, 305836, 2116
317460, 48, 260, 12, 68, 152, 8, 305836, 2116
317456, 52, 260, 12, 68, 152, 8, 305836, 2116
317456, 52, 260, 12, 68, 152, 8, 305836, 2116
317456, 48, 264, 12, 68, 152, 8, 305836, 2116
317456, 48, 264, 12, 68, 152, 8, 305836, 2116
317456, 48, 264, 12, 68, 152, 8, 305836, 2116
317456, 48, 264, 12, 64, 156, 8, 305836, 2116
317456, 48, 264, 12, 64, 156, 8, 305836, 2116
317456, 48, 264, 12, 64, 156, 8, 305836, 2116
317456, 48, 264, 12, 64, 156, 8, 305836, 2116
317456, 48, 264, 12, 64, 156, 8, 305836, 2116
317456, 44, 268, 12, 64, 156, 8, 305836, 2116
317456, 44, 264, 12, 64, 156, 8, 305840, 2116
317456, 44, 264, 12, 64, 156, 8, 305840, 2116
317456, 44, 260, 12, 64, 156, 8, 305844, 2116
317456, 44, 260, 12, 64, 156, 8, 305844, 2116
317456, 44, 260, 12, 64, 156, 8, 305844, 2116
317456, 44, 260, 12, 64, 156, 8, 305844, 2116
317456, 44, 260, 12, 64, 156, 8, 305844, 2116
317456, 44, 260, 12, 64, 156, 8, 305844, 2116
317456, 44, 260, 12, 64, 156, 8, 305844, 2116
317456, 44, 260, 12, 64, 156, 8, 305844, 2116
317456, 44, 260, 12, 64, 156, 8, 305844, 2116
317456, 44, 260, 12, 64, 156, 8, 305844, 2116
317456, 44, 260, 12, 64, 156, 8, 305844, 2116
317456, 44, 260, 12, 64, 156, 8, 305844, 2116
317456, 44, 260, 12, 64, 156, 8, 305844, 2116
317456, 44, 260, 12, 64, 156, 8, 305844, 2116
317456, 44, 260, 12, 64, 156, 8, 305844, 2116
317456, 44, 260, 12, 64, 156, 8, 305844, 2116
317456, 44, 260, 12, 64, 156, 8, 305844, 2116
317456, 44, 260, 12, 64, 156, 8, 305844, 2116
317456, 44, 260, 12, 64, 156, 8, 305844, 2116
317456, 44, 260, 12, 64, 156, 8, 305844, 2116
317456, 44, 260, 12, 64, 156, 8, 305844, 2116
317456, 44, 260, 12, 64, 156, 8, 305844, 2116
317456, 44, 256, 12, 64, 156, 8, 305848, 2116
317456, 44, 256, 12, 64, 156, 8, 305848, 2116
317456, 44, 256, 12, 64, 156, 8, 305848, 2116
317456, 44, 256, 12, 64, 156, 8, 305848, 2116
317456, 44, 256, 12, 64, 156, 8, 305848, 2116
317456, 44, 256, 12, 64, 156, 8, 305848, 2116
317456, 44, 256, 12, 64, 156, 8, 305848, 2116
317456, 44, 256, 12, 64, 156, 8, 305848, 2116
317456, 44, 256, 12, 64, 156, 8, 305848, 2116
317456, 44, 256, 12, 64, 156, 8, 305848, 2116
317456, 40, 256, 16, 64, 156, 8, 305848, 2116
317456, 40, 256, 16, 64, 156, 8, 305848, 2116
317456, 40, 256, 16, 64, 156, 8, 305848, 2116
317456, 40, 256, 16, 64, 156, 8, 305848, 2116
317456, 40, 256, 16, 64, 156, 8, 305848, 2116
317456, 40, 256, 16, 64, 156, 8, 305848, 2116
317456, 40, 256, 16, 64, 152, 8, 305852, 2116
317452, 44, 256, 16, 64, 152, 8, 305852, 2116
317452, 44, 256, 16, 64, 152, 8, 305852, 2116
317452, 44, 256, 16, 64, 152, 8, 305852, 2116
317452, 44, 256, 16, 64, 152, 8, 305852, 2116
317452, 44, 256, 16, 64, 152, 8, 305852, 2116
317452, 44, 256, 16, 64, 152, 8, 305852, 2116
317452, 44, 256, 16, 64, 152, 8, 305852, 2116
317452, 44, 256, 16, 64, 152, 8, 305852, 2116
317452, 44, 256, 16, 64, 152, 8, 305852, 2116
317452, 44, 256, 16, 64, 152, 8, 305852, 2116
317452, 44, 256, 16, 64, 152, 8, 305852, 2116
317452, 44, 256, 16, 64, 152, 8, 305852, 2116
317452, 44, 256, 16, 64, 152, 8, 305852, 2116
317452, 40, 256, 16, 68, 152, 8, 305852, 2116
317452, 40, 256, 16, 68, 152, 8, 305852, 2116
317452, 40, 256, 16, 68, 152, 8, 305852, 2116
317452, 40, 256, 16, 68, 152, 8, 305852, 2116
317452, 40, 256, 16, 68, 152, 8, 305852, 2116
317452, 40, 256, 16, 68, 152, 8, 305852, 2116
317452, 40, 256, 16, 68, 152, 8, 305852, 2116
317452, 40, 256, 16, 68, 152, 8, 305852, 2116
317448, 44, 256, 16, 68, 152, 8, 305852, 2116
317448, 44, 256, 16, 68, 152, 8, 305852, 2116
317448, 44, 256, 16, 68, 152, 8, 305852, 2116
317448, 44, 256, 16, 68, 152, 8, 305852, 2116
317448, 44, 256, 16, 68, 152, 8, 305852, 2116
317448, 44, 256, 16, 68, 152, 8, 305852, 2116
317448, 44, 256, 16, 68, 152, 8, 305852, 2116
317448, 44, 256, 16, 68, 152, 8, 305852, 2116
317448, 44, 256, 16, 68, 152, 8, 305852, 2116
317448, 44, 256, 16, 68, 152, 8, 305852, 2116
317448, 44, 256, 16, 68, 152, 8, 305852, 2116
317444, 48, 256, 16, 68, 152, 8, 305852, 2116
317444, 48, 256, 16, 68, 152, 8, 305852, 2116
317444, 48, 256, 16, 68, 152, 8, 305852, 2116
317444, 44, 260, 16, 68, 152, 8, 305852, 2116
317444, 44, 260, 16, 68, 152, 8, 305852, 2116
317444, 44, 260, 16, 68, 152, 8, 305852, 2116
317444, 44, 260, 16, 68, 152, 8, 305852, 2116
317444, 44, 260, 16, 68, 152, 8, 305852, 2116
317444, 44, 260, 16, 68, 152, 8, 305852, 2116
317444, 44, 260, 16, 68, 152, 8, 305852, 2116
317444, 44, 260, 16, 68, 152, 8, 305852, 2116
317444, 44, 260, 16, 68, 152, 8, 305852, 2116
317444, 44, 260, 16, 68, 152, 8, 305852, 2116
317444, 44, 256, 16, 68, 152, 8, 305856, 2116
317444, 44, 256, 16, 68, 152, 8, 305856, 2116
317444, 44, 256, 16, 68, 152, 8, 305856, 2116
317444, 44, 256, 16, 68, 152, 8, 305856, 2116
317444, 44, 256, 16, 68, 152, 8, 305856, 2116
317444, 44, 252, 16, 68, 152, 8, 305860, 2116
317444, 44, 252, 16, 68, 152, 8, 305860, 2116
317444, 44, 252, 16, 68, 152, 8, 305860, 2116
317440, 48, 252, 16, 68, 152, 8, 305860, 2116
317440, 48, 252, 16, 68, 152, 8, 305860, 2116
317440, 48, 252, 16, 68, 152, 8, 305860, 2116
317440, 48, 252, 16, 68, 152, 8, 305860, 2116
317440, 48, 252, 16, 68, 152, 8, 305860, 2116
317440, 48, 252, 16, 68, 152, 8, 305860, 2116
317440, 48, 252, 16, 68, 152, 8, 305860, 2116
317440, 48, 252, 16, 68, 152, 8, 305860, 2116
317440, 48, 252, 16, 68, 152, 8, 305860, 2116
317440, 48, 248, 16, 68, 152, 8, 305864, 2116
317440, 48, 248, 16, 68, 152, 8, 305864, 2116
317440, 48, 248, 16, 68, 152, 8, 305864, 2116
317440, 48, 248, 16, 68, 152, 8, 305864, 2116
317440, 48, 248, 16, 68, 152, 8, 305864, 2116
317440, 48, 248, 16, 68, 152, 8, 305864, 2116
317440, 48, 248, 16, 68, 152, 8, 305864, 2116
317440, 48, 248, 16, 68, 152, 8, 305864, 2116
317440, 44, 252, 16, 68, 152, 8, 305864, 2116
317440, 44, 252, 16, 68, 152, 8, 305864, 2116
317440, 44, 252, 16, 68, 152, 8, 305864, 2116
317440, 44, 252, 16, 68, 152, 8, 305864, 2116
317440, 44, 252, 16, 68, 152, 8, 305864, 2116
317440, 44, 252, 16, 68, 152, 8, 305864, 2116
317440, 44, 252, 16, 68, 152, 8, 305864, 2116
317436, 48, 252, 16, 68, 152, 8, 305864, 2116
317436, 48, 252, 16, 68, 152, 8, 305864, 2116
317436, 48, 252, 16, 68, 152, 8, 305864, 2116
317436, 48, 252, 16, 68, 152, 8, 305864, 2116
317436, 48, 252, 16, 68, 152, 8, 305864, 2116
317436, 48, 252, 16, 68, 152, 8, 305864, 2116
317436, 48, 252, 16, 68, 152, 8, 305864, 2116
317436, 48, 252, 16, 68, 152, 8, 305864, 2116
317436, 48, 252, 16, 68, 152, 8, 305864, 2116
317436, 48, 252, 16, 68, 152, 8, 305864, 2116
317436, 48, 252, 16, 68, 152, 8, 305864, 2116
317436, 48, 252, 16, 68, 148, 8, 305868, 2116
317436, 48, 252, 16, 68, 148, 8, 305868, 2116
317436, 44, 256, 16, 68, 148, 8, 305868, 2116
317436, 44, 256, 16, 68, 148, 8, 305868, 2116
317436, 44, 256, 16, 68, 148, 8, 305868, 2116
317436, 40, 260, 16, 68, 148, 8, 305868, 2116
317436, 40, 260, 16, 68, 148, 8, 305868, 2116
317436, 40, 260, 16, 68, 148, 8, 305868, 2116
317436, 40, 260, 16, 68, 148, 8, 305868, 2116
317436, 40, 260, 16, 68, 148, 8, 305868, 2116
317436, 40, 256, 16, 68, 148, 8, 305872, 2116
317436, 40, 256, 16, 68, 148, 8, 305872, 2116
317436, 40, 256, 16, 68, 148, 8, 305872, 2116
317436, 40, 256, 16, 68, 148, 8, 305872, 2116
317436, 40, 256, 16, 68, 148, 8, 305872, 2116
317436, 40, 256, 16, 68, 148, 8, 305872, 2116
317436, 40, 252, 16, 68, 148, 8, 305876, 2116
317436, 40, 252, 16, 68, 148, 8, 305876, 2116
317436, 40, 252, 16, 68, 148, 8, 305876, 2116
317436, 40, 252, 16, 68, 148, 8, 305876, 2116
317436, 40, 252, 16, 68, 148, 8, 305876, 2116
317436, 40, 252, 16, 68, 148, 8, 305876, 2116
317436, 40, 252, 16, 68, 148, 8, 305876, 2116
317436, 40, 248, 16, 68, 148, 8, 305880, 2116
317436, 40, 248, 16, 68, 148, 8, 305880, 2116
317436, 40, 248, 16, 68, 148, 8, 305880, 2116
317436, 40, 248, 16, 68, 148, 8, 305880, 2116
317436, 40, 248, 16, 68, 148, 8, 305880, 2116
317436, 40, 248, 16, 68, 148, 8, 305880, 2116
317436, 40, 248, 16, 68, 148, 8, 305880, 2116
317436, 40, 248, 16, 68, 148, 8, 305880, 2116
317436, 40, 248, 16, 68, 148, 8, 305880, 2116
317436, 40, 248, 16, 68, 148, 8, 305880, 2116
317436, 40, 248, 16, 68, 148, 8, 305880, 2116
317436, 40, 248, 16, 68, 148, 8, 305880, 2116
317436, 40, 244, 16, 68, 148, 8, 305884, 2116
317436, 40, 244, 16, 68, 148, 8, 305884, 2116
317436, 40, 244, 16, 68, 148, 8, 305884, 2116
317436, 40, 244, 16, 68, 148, 8, 305884, 2116
317436, 40, 244, 16, 68, 148, 8, 305884, 2116
317436, 40, 244, 16, 68, 148, 8, 305884, 2116
317436, 40, 244, 16, 68, 148, 8, 305884, 2116
317436, 40, 244, 16, 68, 148, 8, 305884, 2116
317436, 40, 244, 16, 68, 148, 8, 305884, 2116
317436, 40, 244, 16, 68, 148, 8, 305884, 2116
317436, 40, 244, 16, 68, 148, 8, 305884, 2116
317436, 40, 244, 16, 68, 148, 8, 305884, 2116
317436, 40, 244, 16, 68, 148, 8, 305884, 2116
317436, 40, 240, 16, 68, 148, 8, 305888, 2116
317436, 40, 240, 16, 68, 148, 8, 305888, 2116
317436, 40, 240, 16, 68, 148, 8, 305888, 2116
317436, 40, 240, 16, 68, 148, 8, 305888, 2116
317436, 40, 240, 16, 68, 148, 8, 305888, 2116
317436, 40, 240, 16, 68, 148, 8, 305888, 2116
317436, 40, 240, 16, 68, 148, 8, 305888, 2116
317436, 40, 240, 16, 68, 148, 8, 305888, 2116
317436, 40, 236, 16, 68, 148, 8, 305892, 2116
317436, 40, 236, 16, 68, 148, 8, 305892, 2116
317436, 40, 236, 16, 68, 148, 8, 305892, 2116
317436, 40, 236, 16, 68, 148, 8, 305892, 2116
317436, 40, 236, 16, 68, 148, 8, 305892, 2116
317436, 40, 236, 16, 68, 148, 8, 305892, 2116
317436, 40, 236, 16, 68, 148, 8, 305892, 2116
317436, 40, 236, 16, 68, 148, 8, 305892, 2116
317436, 36, 240, 16, 68, 148, 8, 305892, 2116
317436, 36, 240, 16, 68, 148, 8, 305892, 2116
317436, 36, 240, 16, 68, 148, 8, 305892, 2116
317436, 36, 240, 16, 68, 148, 8, 305892, 2116
317436, 36, 240, 16, 68, 148, 8, 305892, 2116
317436, 36, 240, 16, 68, 148, 8, 305892, 2116
317436, 36, 240, 16, 68, 148, 8, 305892, 2116
317436, 36, 240, 16, 68, 148, 8, 305892, 2116
317436, 36, 236, 16, 68, 148, 8, 305896, 2116
317436, 36, 236, 16, 68, 148, 8, 305896, 2116
317436, 36, 236, 16, 68, 148, 8, 305896, 2116
317436, 36, 236, 16, 68, 148, 8, 305896, 2116
317436, 36, 236, 16, 68, 148, 8, 305896, 2116
317436, 36, 236, 16, 68, 148, 8, 305896, 2116
317436, 36, 232, 16, 68, 148, 8, 305900, 2116
317436, 36, 228, 16, 68, 148, 8, 305904, 2116
317436, 36, 228, 16, 68, 148, 8, 305904, 2116
317436, 36, 228, 16, 68, 148, 8, 305904, 2116
317436, 36, 228, 12, 72, 148, 8, 305904, 2116
317436, 36, 228, 12, 72, 148, 8, 305904, 2116
317436, 36, 228, 12, 72, 148, 8, 305904, 2116
317436, 36, 224, 12, 68, 148, 8, 305912, 2116
317436, 36, 224, 12, 68, 148, 8, 305912, 2116
317436, 36, 224, 12, 68, 148, 8, 305912, 2116
317436, 36, 224, 12, 68, 148, 8, 305912, 2116
317436, 36, 224, 12, 68, 148, 8, 305912, 2116
317436, 36, 224, 12, 68, 148, 8, 305912, 2116
317436, 36, 224, 12, 68, 148, 8, 305912, 2116
317436, 36, 224, 12, 68, 148, 8, 305912, 2116
317436, 36, 224, 12, 68, 148, 8, 305912, 2116
317436, 36, 224, 12, 68, 144, 8, 305916, 2116
317432, 40, 224, 12, 68, 144, 8, 305916, 2116
317432, 40, 224, 12, 68, 144, 8, 305916, 2116
317432, 40, 224, 12, 68, 144, 8, 305916, 2116
317428, 44, 224, 12, 68, 144, 8, 305916, 2116
317428, 44, 224, 12, 68, 144, 8, 305916, 2116
317424, 48, 224, 12, 68, 144, 8, 305916, 2116
317424, 48, 224, 12, 68, 144, 8, 305916, 2116
317424, 48, 224, 12, 68, 144, 8, 305916, 2116
317424, 48, 224, 12, 68, 144, 8, 305916, 2116
317424, 48, 224, 12, 68, 144, 8, 305916, 2116
317424, 48, 224, 12, 68, 144, 8, 305916, 2116
317424, 48, 224, 12, 68, 144, 8, 305916, 2116
317420, 52, 224, 12, 68, 144, 8, 305916, 2116
317420, 52, 224, 12, 68, 144, 8, 305916, 2116
317420, 52, 224, 12, 68, 144, 8, 305916, 2116
317420, 52, 224, 12, 68, 144, 8, 305916, 2116
317420, 52, 224, 12, 68, 144, 8, 305916, 2116
317420, 52, 224, 12, 68, 144, 8, 305916, 2116
317420, 52, 224, 12, 68, 144, 8, 305916, 2116
317420, 52, 224, 12, 68, 144, 8, 305916, 2116
317420, 52, 220, 12, 68, 144, 8, 305920, 2116
317420, 52, 220, 12, 68, 144, 8, 305920, 2116
317420, 52, 220, 12, 68, 144, 8, 305920, 2116
317420, 52, 220, 12, 68, 144, 8, 305920, 2116
317420, 52, 220, 12, 68, 144, 8, 305920, 2116
317420, 52, 220, 12, 68, 144, 8, 305920, 2116
317420, 48, 224, 12, 68, 144, 8, 305920, 2116
317420, 48, 224, 12, 68, 144, 8, 305920, 2116
317420, 48, 224, 12, 68, 140, 8, 305924, 2116
317420, 44, 228, 12, 68, 140, 8, 305924, 2116
317420, 44, 228, 12, 68, 140, 8, 305924, 2116
317420, 44, 228, 12, 68, 140, 8, 305924, 2116
317420, 44, 228, 12, 64, 140, 8, 305924, 2120
317416, 48, 228, 12, 64, 140, 8, 305924, 2120
317416, 48, 228, 12, 64, 140, 8, 305924, 2120
317416, 48, 228, 12, 64, 140, 8, 305924, 2120
317416, 48, 228, 12, 64, 140, 8, 305924, 2120
317416, 48, 228, 12, 64, 140, 8, 305924, 2120
317416, 48, 228, 12, 64, 140, 8, 305924, 2120
317416, 48, 228, 12, 64, 140, 8, 305924, 2120
317416, 48, 228, 12, 64, 140, 8, 305924, 2120
317416, 48, 228, 12, 64, 140, 8, 305924, 2120
317416, 48, 228, 12, 64, 140, 8, 305924, 2120
317416, 48, 228, 12, 64, 140, 8, 305924, 2120
317416, 48, 228, 12, 64, 140, 8, 305924, 2120
317416, 48, 228, 12, 64, 140, 8, 305924, 2120
317416, 48, 228, 12, 64, 140, 8, 305924, 2120
317416, 48, 228, 12, 64, 140, 8, 305924, 2120
317416, 48, 228, 12, 64, 140, 8, 305924, 2120
317416, 48, 228, 12, 64, 140, 8, 305924, 2120
317416, 48, 228, 12, 64, 140, 8, 305924, 2120
317416, 48, 228, 12, 64, 140, 8, 305924, 2120
317416, 48, 228, 12, 64, 140, 8, 305924, 2120
317412, 48, 232, 12, 64, 140, 8, 305924, 2120
317412, 48, 232, 12, 64, 140, 8, 305924, 2120
317412, 48, 232, 12, 64, 140, 8, 305924, 2120
317412, 48, 228, 12, 64, 140, 8, 305928, 2120
317412, 48, 228, 12, 64, 140, 8, 305928, 2120
317412, 48, 228, 12, 64, 140, 8, 305928, 2120
317412, 48, 228, 12, 64, 140, 8, 305928, 2120
317412, 48, 228, 12, 64, 140, 8, 305928, 2120
317412, 48, 228, 12, 64, 136, 8, 305932, 2120
317412, 48, 228, 8, 68, 136, 8, 305932, 2120
317412, 48, 228, 8, 68, 136, 8, 305932, 2120
317412, 48, 228, 8, 68, 136, 8, 305932, 2120
317412, 48, 228, 8, 68, 136, 8, 305932, 2120
317412, 48, 228, 8, 68, 136, 8, 305932, 2120
317412, 48, 228, 8, 68, 136, 8, 305932, 2120
317412, 48, 228, 8, 68, 136, 8, 305932, 2120
317412, 48, 228, 8, 68, 136, 8, 305932, 2120
317412, 48, 228, 8, 68, 136, 8, 305932, 2120
317412, 48, 228, 8, 68, 136, 8, 305932, 2120
317412, 48, 228, 8, 68, 136, 8, 305932, 2120
317412, 48, 228, 8, 68, 136, 8, 305932, 2120
317412, 48, 228, 8, 68, 136, 8, 305932, 2120
317412, 48, 228, 8, 68, 136, 8, 305932, 2120
317412, 48, 228, 8, 68, 140, 4, 305932, 2120
317412, 48, 228, 8, 68, 140, 4, 305932, 2120
317412, 48, 224, 8, 68, 140, 4, 305936, 2120
317412, 48, 224, 8, 64, 140, 4, 305940, 2120
317412, 48, 224, 8, 64, 140, 4, 305940, 2120
317412, 48, 224, 8, 64, 140, 4, 305940, 2120
317412, 48, 224, 8, 64, 140, 4, 305940, 2120
317412, 48, 224, 8, 64, 140, 4, 305940, 2120
317412, 48, 224, 8, 64, 140, 4, 305940, 2120
317412, 48, 224, 8, 64, 140, 4, 305940, 2120
317412, 48, 224, 8, 64, 140, 4, 305940, 2120
317412, 48, 224, 8, 64, 140, 4, 305940, 2120
317412, 48, 224, 8, 64, 140, 4, 305940, 2120
317412, 48, 224, 8, 64, 140, 4, 305940, 2120
317412, 48, 224, 8, 64, 140, 4, 305940, 2120
317412, 48, 224, 8, 64, 140, 4, 305940, 2120
317412, 48, 224, 8, 64, 140, 4, 305940, 2120
317412, 48, 224, 8, 64, 140, 4, 305940, 2120
317412, 48, 224, 8, 64, 140, 4, 305940, 2120
317412, 48, 220, 8, 64, 140, 4, 305944, 2120
317412, 48, 220, 8, 64, 136, 4, 305948, 2120
317412, 48, 220, 8, 64, 136, 4, 305948, 2120
317412, 48, 220, 8, 64, 136, 4, 305948, 2120
317412, 48, 220, 8, 64, 136, 4, 305948, 2120
317408, 52, 220, 8, 64, 136, 4, 305948, 2120
317408, 52, 220, 8, 64, 136, 4, 305948, 2120
317408, 52, 220, 8, 64, 136, 4, 305948, 2120
317408, 52, 220, 8, 64, 136, 4, 305948, 2120
317408, 52, 220, 8, 64, 136, 4, 305948, 2120
317408, 52, 220, 8, 64, 136, 4, 305948, 2120
317408, 52, 220, 8, 64, 136, 4, 305948, 2120
317408, 52, 220, 8, 64, 136, 4, 305948, 2120
317408, 52, 220, 8, 64, 136, 4, 305948, 2120
317408, 52, 220, 8, 64, 132, 4, 305952, 2120
317408, 52, 220, 8, 64, 132, 4, 305952, 2120
317408, 52, 220, 8, 64, 132, 4, 305952, 2120
317408, 52, 220, 8, 64, 132, 4, 305952, 2120
317408, 52, 220, 8, 64, 132, 4, 305952, 2120
317408, 52, 220, 8, 64, 132, 4, 305952, 2120
317408, 52, 220, 8, 64, 132, 4, 305952, 2120
317408, 52, 220, 8, 64, 132, 4, 305952, 2120
317408, 52, 220, 8, 64, 132, 4, 305952, 2120
317408, 52, 220, 8, 64, 132, 4, 305952, 2120
317408, 52, 220, 8, 64, 132, 4, 305952, 2120
317408, 52, 220, 8, 64, 132, 4, 305952, 2120
317408, 52, 220, 8, 64, 132, 4, 305952, 2120
317408, 52, 220, 8, 64, 132, 4, 305952, 2120
317408, 52, 220, 8, 64, 132, 4, 305952, 2120
317408, 52, 220, 8, 64, 132, 4, 305952, 2120
317408, 52, 220, 8, 64, 132, 4, 305952, 2120
317408, 52, 216, 8, 64, 132, 4, 305956, 2120
317408, 52, 216, 8, 64, 132, 4, 305956, 2120
317408, 52, 216, 8, 64, 132, 4, 305956, 2120
317408, 52, 216, 8, 64, 132, 4, 305956, 2120
317408, 52, 216, 8, 64, 132, 4, 305956, 2120
317408, 52, 216, 8, 64, 132, 4, 305956, 2120
317408, 52, 216, 8, 64, 132, 4, 305956, 2120
317408, 52, 216, 8, 64, 132, 4, 305956, 2120
317408, 52, 216, 8, 64, 132, 4, 305956, 2120
317408, 52, 216, 8, 64, 132, 4, 305956, 2120
317404, 56, 216, 8, 64, 132, 4, 305956, 2120
317404, 56, 216, 8, 64, 132, 4, 305956, 2120
317404, 56, 216, 8, 64, 132, 4, 305956, 2120
317404, 56, 216, 8, 64, 132, 4, 305956, 2120
317404, 56, 216, 8, 64, 132, 4, 305956, 2120
317404, 56, 216, 8, 64, 132, 4, 305956, 2120
317404, 56, 216, 8, 64, 132, 4, 305956, 2120
317404, 56, 216, 8, 64, 132, 4, 305956, 2120
317404, 56, 216, 8, 64, 132, 4, 305956, 2120
317404, 56, 216, 8, 64, 132, 4, 305956, 2120
317404, 56, 212, 8, 60, 136, 4, 305960, 2120
317400, 60, 212, 4, 64, 136, 4, 305960, 2120
317396, 64, 212, 4, 64, 136, 4, 305960, 2120
317396, 64, 208, 4, 64, 136, 4, 305964, 2120
317396, 64, 208, 4, 64, 136, 4, 305964, 2120
317396, 64, 208, 4, 64, 136, 4, 305964, 2120
317396, 64, 208, 4, 64, 136, 4, 305964, 2120
317396, 64, 208, 4, 64, 136, 4, 305964, 2120
317396, 64, 208, 4, 64, 136, 4, 305964, 2120
317396, 64, 208, 4, 64, 136, 4, 305964, 2120
317396, 64, 208, 4, 64, 136, 4, 305964, 2120
317392, 68, 208, 4, 64, 136, 4, 305964, 2120
317392, 68, 208, 4, 64, 136, 4, 305964, 2120
317392, 68, 208, 4, 64, 136, 4, 305964, 2120
317392, 68, 208, 4, 64, 136, 4, 305964, 2120
317392, 68, 208, 4, 64, 136, 4, 305964, 2120
317392, 68, 208, 4, 64, 136, 4, 305964, 2120
317388, 72, 208, 4, 64, 136, 4, 305964, 2120
317388, 72, 208, 4, 64, 136, 4, 305964, 2120
317388, 72, 208, 4, 64, 136, 4, 305964, 2120
317388, 72, 208, 4, 64, 136, 4, 305964, 2120
317388, 72, 208, 4, 64, 132, 4, 305968, 2120
317388, 72, 208, 4, 64, 132, 4, 305968, 2120
317388, 72, 208, 4, 64, 132, 4, 305968, 2120
317388, 72, 208, 4, 64, 132, 4, 305968, 2120
317388, 72, 208, 4, 64, 132, 4, 305968, 2120
317388, 72, 208, 4, 64, 132, 4, 305968, 2120
317388, 72, 208, 4, 64, 132, 4, 305968, 2120
317388, 72, 208, 4, 64, 132, 4, 305968, 2120
317388, 72, 208, 0, 68, 132, 4, 305968, 2120
317388, 72, 208, 0, 68, 132, 4, 305968, 2120
317388, 72, 208, 0, 68, 128, 4, 305972, 2120
317388, 72, 208, 0, 68, 128, 4, 305972, 2120
317388, 72, 208, 0, 68, 128, 4, 305972, 2120
317388, 72, 208, 0, 68, 128, 4, 305972, 2120
317388, 72, 208, 0, 68, 128, 4, 305972, 2120
317388, 72, 208, 0, 68, 128, 4, 305972, 2120
317388, 72, 208, 0, 68, 128, 4, 305972, 2120
317388, 72, 208, 0, 68, 128, 4, 305972, 2120
317388, 72, 208, 0, 68, 128, 4, 305972, 2120
317388, 72, 208, 0, 68, 128, 4, 305972, 2120
317388, 72, 208, 0, 68, 128, 4, 305972, 2120
317388, 72, 208, 0, 68, 128, 4, 305972, 2120
317388, 72, 208, 0, 68, 128, 4, 305972, 2120
317388, 72, 208, 0, 68, 128, 4, 305972, 2120
317388, 72, 208, 0, 68, 128, 4, 305972, 2120
317388, 72, 208, 0, 68, 128, 4, 305972, 2120
317388, 72, 208, 0, 68, 128, 4, 305972, 2120
317388, 72, 208, 0, 68, 128, 4, 305972, 2120
317388, 72, 208, 0, 68, 128, 4, 305972, 2120
317388, 72, 208, 0, 68, 128, 4, 305972, 2120
317388, 72, 208, 0, 68, 128, 4, 305972, 2120
317388, 72, 208, 0, 68, 128, 4, 305972, 2120
317388, 72, 208, 0, 68, 128, 4, 305972, 2120
317388, 72, 208, 0, 68, 128, 4, 305972, 2120
317388, 72, 208, 0, 68, 128, 4, 305972, 2120
317388, 72, 208, 0, 68, 128, 4, 305972, 2120
317388, 72, 208, 0, 68, 128, 4, 305972, 2120
317388, 72, 208, 0, 68, 128, 4, 305972, 2120
317388, 72, 208, 0, 68, 128, 4, 305972, 2120
317388, 72, 208, 0, 68, 128, 4, 305972, 2120
317388, 72, 204, 0, 68, 128, 4, 305976, 2120
317388, 72, 204, 0, 68, 128, 4, 305976, 2120
317388, 72, 204, 0, 68, 128, 4, 305976, 2120
317388, 72, 204, 0, 68, 128, 4, 305976, 2120
317388, 72, 204, 0, 68, 124, 4, 305980, 2120
317388, 72, 204, 0, 68, 124, 4, 305980, 2120
317388, 72, 204, 0, 68, 124, 4, 305980, 2120
317388, 72, 204, 0, 68, 124, 4, 305980, 2120
317388, 72, 204, 0, 68, 124, 4, 305980, 2120
317388, 72, 204, 0, 68, 124, 4, 305980, 2120
317388, 72, 204, 0, 68, 124, 4, 305980, 2120
317388, 72, 204, 0, 68, 124, 4, 305980, 2120
317388, 72, 204, 0, 68, 124, 4, 305980, 2120
317388, 72, 204, 0, 68, 124, 4, 305980, 2120
317388, 72, 204, 0, 68, 124, 4, 305980, 2120
317388, 72, 204, 0, 68, 124, 4, 305980, 2120
317388, 72, 204, 0, 68, 124, 4, 305980, 2120
317388, 72, 204, 0, 68, 124, 4, 305980, 2120
317388, 72, 204, 0, 68, 124, 4, 305980, 2120
317388, 72, 204, 0, 68, 124, 4, 305980, 2120
317388, 72, 204, 0, 68, 124, 4, 305980, 2120
317388, 72, 204, 0, 68, 124, 4, 305980, 2120
317388, 72, 204, 0, 68, 124, 4, 305980, 2120
317388, 72, 204, 0, 68, 124, 4, 305980, 2120
317388, 72, 204, 0, 68, 124, 4, 305980, 2120
317388, 72, 204, 0, 68, 124, 4, 305980, 2120
317388, 72, 204, 0, 68, 120, 4, 305984, 2120
317388, 72, 204, 0, 68, 120, 4, 305984, 2120
317388, 72, 204, 0, 68, 120, 4, 305984, 2120
317388, 72, 204, 0, 68, 120, 4, 305984, 2120
317388, 72, 204, 0, 68, 120, 4, 305984, 2120
317388, 72, 200, 0, 68, 120, 4, 305988, 2120
317388, 72, 200, 0, 68, 120, 4, 305988, 2120
317388, 72, 200, 0, 68, 120, 4, 305988, 2120
317388, 72, 200, 0, 68, 120, 4, 305988, 2120
317388, 72, 200, 0, 68, 120, 4, 305988, 2120
317388, 72, 200, 0, 68, 120, 4, 305988, 2120
317388, 72, 200, 0, 68, 120, 4, 305988, 2120
317388, 72, 200, 0, 68, 120, 4, 305988, 2120
317388, 72, 200, 0, 68, 120, 4, 305988, 2120
317388, 72, 200, 0, 68, 120, 4, 305988, 2120
317388, 72, 200, 0, 68, 120, 4, 305988, 2120
317388, 72, 200, 0, 68, 120, 4, 305988, 2120
317388, 72, 200, 0, 68, 120, 4, 305988, 2120
317388, 72, 200, 0, 68, 120, 4, 305988, 2120
317388, 68, 204, 0, 68, 120, 4, 305988, 2120
317388, 68, 204, 0, 68, 120, 4, 305988, 2120
317388, 68, 204, 0, 68, 120, 4, 305988, 2120
317388, 68, 204, 0, 68, 120, 4, 305988, 2120
317388, 68, 204, 0, 68, 120, 4, 305988, 2120
317388, 64, 204, 4, 68, 120, 4, 305988, 2120
317388, 64, 204, 4, 68, 120, 4, 305988, 2120
317388, 64, 200, 4, 68, 120, 4, 305992, 2120
317388, 64, 200, 4, 68, 120, 4, 305992, 2120
317388, 64, 200, 4, 68, 120, 4, 305992, 2120
317388, 64, 200, 4, 68, 120, 4, 305992, 2120
317388, 64, 200, 4, 68, 120, 4, 305992, 2120
317388, 64, 200, 4, 68, 120, 4, 305992, 2120
317388, 64, 200, 4, 68, 120, 4, 305992, 2120
317388, 64, 200, 4, 68, 120, 4, 305992, 2120
317388, 64, 196, 4, 68, 120, 4, 305996, 2120
317388, 64, 196, 4, 68, 120, 4, 305996, 2120
317388, 64, 196, 4, 68, 120, 4, 305996, 2120
317388, 64, 196, 4, 68, 120, 4, 305996, 2120
317388, 60, 200, 4, 68, 120, 4, 305996, 2120
317388, 60, 200, 4, 68, 120, 4, 305996, 2120
317388, 60, 196, 4, 68, 120, 4, 306000, 2120
317388, 60, 196, 4, 68, 116, 4, 306004, 2120
317388, 60, 196, 4, 68, 116, 4, 306004, 2120
317388, 60, 196, 4, 68, 116, 4, 306004, 2120
317388, 60, 196, 4, 68, 116, 4, 306004, 2120
317388, 60, 196, 4, 68, 116, 4, 306004, 2120
317388, 60, 196, 4, 68, 116, 4, 306004, 2120
317384, 64, 196, 4, 68, 116, 4, 306004, 2120
317384, 64, 196, 4, 68, 116, 4, 306004, 2120
317384, 64, 196, 4, 68, 116, 4, 306004, 2120
317384, 64, 196, 4, 68, 116, 4, 306004, 2120
317384, 64, 196, 4, 68, 116, 4, 306004, 2120
317384, 64, 196, 4, 68, 116, 4, 306004, 2120
317384, 64, 196, 4, 68, 116, 4, 306004, 2120
317384, 64, 196, 4, 68, 116, 4, 306004, 2120
317384, 64, 196, 4, 68, 116, 4, 306004, 2120
317384, 64, 196, 4, 68, 116, 4, 306004, 2120
317384, 64, 196, 4, 68, 116, 4, 306004, 2120
317384, 64, 196, 4, 68, 116, 4, 306004, 2120
317384, 64, 196, 4, 68, 116, 4, 306004, 2120
317384, 64, 196, 4, 68, 116, 4, 306004, 2120
317384, 64, 196, 4, 64, 116, 4, 306008, 2120
317384, 64, 192, 4, 64, 116, 4, 306012, 2120
317384, 64, 192, 4, 64, 116, 4, 306012, 2120
317384, 64, 192, 4, 64, 116, 4, 306012, 2120
317384, 64, 192, 4, 64, 116, 4, 306012, 2120
317380, 68, 188, 4, 64, 116, 4, 306016, 2120
317380, 68, 188, 4, 64, 116, 4, 306016, 2120
317380, 68, 188, 4, 64, 116, 4, 306016, 2120
317380, 68, 188, 4, 64, 116, 4, 306016, 2120
317380, 68, 188, 4, 64, 116, 4, 306016, 2120
317380, 68, 188, 4, 64, 116, 4, 306016, 2120
317380, 68, 184, 4, 64, 116, 4, 306020, 2120
317380, 68, 184, 4, 64, 116, 4, 306020, 2120
317380, 68, 184, 4, 64, 116, 4, 306020, 2120
317380, 68, 184, 4, 64, 116, 4, 306020, 2120
317380, 68, 184, 4, 64, 116, 4, 306020, 2120
317380, 68, 184, 4, 64, 116, 4, 306020, 2120
317380, 68, 184, 4, 64, 116, 4, 306020, 2120
317380, 68, 184, 4, 64, 116, 4, 306020, 2120
317380, 68, 184, 4, 64, 116, 4, 306020, 2120
317380, 68, 184, 4, 64, 116, 4, 306020, 2120
317380, 68, 184, 4, 64, 116, 4, 306020, 2120
317380, 68, 184, 4, 64, 116, 4, 306020, 2120
317380, 68, 184, 4, 64, 116, 4, 306020, 2120
317380, 68, 184, 4, 64, 116, 4, 306020, 2120
317380, 68, 184, 4, 64, 116, 4, 306020, 2120
317380, 68, 184, 4, 64, 116, 4, 306020, 2120
317380, 68, 184, 4, 64, 116, 4, 306020, 2120
317380, 68, 184, 4, 64, 116, 4, 306020, 2120
317380, 68, 184, 4, 64, 112, 4, 306024, 2120
317380, 68, 184, 4, 64, 112, 4, 306024, 2120
317380, 68, 184, 4, 64, 112, 4, 306024, 2120
317380, 68, 184, 4, 64, 112, 4, 306024, 2120
317380, 68, 184, 4, 64, 112, 4, 306024, 2120
317380, 68, 184, 4, 64, 112, 4, 306024, 2120
317380, 68, 184, 4, 64, 112, 4, 306024, 2120
317380, 64, 188, 4, 64, 112, 4, 306024, 2120
317380, 64, 188, 4, 64, 112, 4, 306024, 2120
317380, 64, 188, 4, 64, 112, 4, 306024, 2120
317380, 64, 188, 4, 64, 112, 4, 306024, 2120
317380, 64, 188, 4, 64, 112, 4, 306024, 2120
317380, 64, 188, 4, 64, 112, 4, 306024, 2120
317380, 64, 188, 4, 64, 112, 4, 306024, 2120
317380, 60, 188, 8, 64, 112, 4, 306024, 2120
317380, 60, 188, 8, 64, 112, 4, 306024, 2120
317380, 60, 188, 8, 64, 112, 4, 306024, 2120
317380, 60, 188, 8, 64, 112, 4, 306024, 2120
317380, 60, 188, 8, 64, 112, 4, 306024, 2120
317380, 56, 192, 8, 64, 112, 4, 306024, 2120
317380, 56, 192, 8, 64, 112, 4, 306024, 2120
317380, 52, 196, 8, 64, 112, 4, 306024, 2120
317380, 52, 196, 8, 64, 112, 4, 306024, 2120
317380, 52, 196, 8, 64, 112, 4, 306024, 2120
317380, 52, 196, 8, 64, 112, 4, 306024, 2120
317380, 52, 196, 8, 64, 112, 4, 306024, 2120
317380, 52, 196, 8, 64, 112, 4, 306024, 2120
317380, 52, 196, 8, 64, 112, 4, 306024, 2120
317380, 52, 196, 8, 64, 112, 4, 306024, 2120
317380, 52, 196, 8, 64, 112, 4, 306024, 2120
317380, 52, 196, 8, 60, 112, 4, 306028, 2120
317380, 52, 196, 8, 60, 112, 4, 306028, 2120
317380, 52, 196, 8, 60, 112, 4, 306028, 2120
317376, 56, 196, 8, 60, 112, 4, 306028, 2120
317376, 56, 196, 8, 60, 112, 4, 306028, 2120
317376, 56, 196, 8, 60, 112, 4, 306028, 2120
317376, 56, 196, 8, 60, 112, 4, 306028, 2120
317376, 56, 196, 8, 60, 112, 4, 306028, 2120
317376, 52, 200, 8, 60, 112, 4, 306028, 2120
317376, 52, 200, 8, 60, 112, 4, 306028, 2120
317376, 52, 200, 8, 60, 112, 4, 306028, 2120
317376, 52, 200, 8, 60, 112, 4, 306028, 2120
317376, 52, 196, 8, 60, 112, 4, 306032, 2120
317376, 52, 196, 8, 60, 112, 4, 306032, 2120
317376, 52, 196, 8, 60, 112, 4, 306032, 2120
317376, 52, 196, 8, 60, 112, 4, 306032, 2120
317376, 52, 196, 8, 60, 112, 4, 306032, 2120
317376, 52, 196, 8, 60, 112, 4, 306032, 2120
317376, 52, 196, 8, 60, 112, 4, 306032, 2120
317376, 52, 196, 8, 60, 112, 4, 306032, 2120
317376, 52, 196, 8, 60, 112, 4, 306032, 2120
317376, 52, 196, 8, 60, 112, 4, 306032, 2120
317376, 52, 196, 8, 60, 112, 4, 306032, 2120
317376, 52, 196, 8, 60, 112, 4, 306032, 2120
317376, 52, 196, 8, 60, 112, 4, 306032, 2120
317376, 52, 196, 8, 60, 112, 4, 306032, 2120
317376, 52, 196, 8, 60, 112, 4, 306032, 2120
317376, 52, 196, 8, 60, 112, 4, 306032, 2120
317376, 52, 196, 8, 56, 112, 4, 306036, 2120
317376, 52, 196, 8, 56, 108, 4, 306036, 2124
317376, 52, 196, 8, 56, 108, 4, 306036, 2124
317376, 52, 196, 8, 56, 108, 4, 306036, 2124
317376, 52, 196, 8, 56, 108, 4, 306036, 2124
317376, 52, 196, 8, 56, 108, 4, 306036, 2124
317376, 52, 192, 8, 56, 104, 4, 306044, 2124
317376, 52, 192, 8, 56, 104, 4, 306044, 2124
317376, 52, 192, 8, 56, 104, 4, 306044, 2124
317376, 52, 192, 8, 56, 104, 4, 306044, 2124
317376, 48, 196, 8, 56, 104, 4, 306044, 2124
317376, 48, 192, 8, 56, 104, 4, 306048, 2124
317376, 48, 192, 8, 56, 104, 4, 306048, 2124
317376, 48, 192, 8, 56, 104, 4, 306048, 2124
317376, 48, 192, 8, 56, 104, 4, 306048, 2124
317376, 48, 192, 8, 56, 104, 4, 306048, 2124
317376, 48, 192, 8, 56, 104, 4, 306048, 2124
317376, 48, 192, 8, 56, 104, 4, 306048, 2124
317376, 48, 192, 8, 56, 104, 4, 306048, 2124
317376, 48, 192, 8, 56, 104, 4, 306048, 2124
317376, 48, 192, 8, 56, 104, 4, 306048, 2124
317376, 48, 192, 8, 56, 104, 4, 306048, 2124
317376, 48, 192, 8, 56, 104, 4, 306048, 2124
317376, 48, 192, 8, 56, 104, 4, 306048, 2124
317376, 48, 192, 8, 56, 104, 4, 306048, 2124
317376, 48, 192, 8, 56, 104, 4, 306048, 2124
317376, 48, 192, 8, 56, 104, 4, 306048, 2124
317376, 48, 192, 8, 56, 104, 4, 306048, 2124
317376, 48, 192, 8, 56, 104, 4, 306048, 2124
317376, 48, 192, 8, 56, 104, 4, 306048, 2124
317376, 48, 192, 8, 56, 104, 4, 306048, 2124
317376, 48, 192, 8, 56, 104, 4, 306048, 2124
317376, 48, 192, 8, 56, 104, 4, 306048, 2124
317376, 48, 192, 8, 56, 104, 4, 306048, 2124
317376, 48, 192, 8, 56, 104, 4, 306048, 2124
317376, 48, 192, 8, 56, 104, 4, 306048, 2124
317376, 48, 192, 8, 56, 104, 4, 306048, 2124
317376, 48, 192, 8, 56, 104, 4, 306048, 2124
317376, 48, 192, 8, 56, 104, 4, 306048, 2124
317376, 48, 192, 8, 56, 104, 4, 306048, 2124
317376, 48, 192, 8, 56, 104, 4, 306048, 2124
317376, 48, 192, 8, 56, 104, 4, 306048, 2124
317376, 48, 192, 8, 56, 104, 4, 306048, 2124
317376, 48, 192, 8, 56, 104, 4, 306048, 2124
317376, 48, 192, 8, 56, 104, 4, 306048, 2124
317376, 48, 192, 8, 56, 104, 4, 306048, 2124
317376, 48, 192, 8, 56, 104, 4, 306048, 2124
317376, 48, 188, 8, 56, 104, 4, 306052, 2124
317376, 48, 188, 8, 56, 104, 4, 306052, 2124
317376, 48, 188, 8, 56, 104, 4, 306052, 2124
317376, 48, 188, 8, 56, 104, 4, 306052, 2124
317376, 48, 188, 8, 56, 104, 4, 306052, 2124
317376, 48, 188, 8, 56, 104, 4, 306052, 2124
317376, 48, 188, 8, 56, 104, 4, 306052, 2124
317376, 48, 188, 8, 56, 104, 4, 306052, 2124
317376, 48, 188, 8, 56, 104, 4, 306052, 2124
317376, 48, 188, 8, 56, 104, 4, 306052, 2124
317376, 48, 188, 8, 56, 104, 4, 306052, 2124
317376, 48, 188, 8, 56, 104, 4, 306052, 2124
317376, 48, 188, 8, 56, 104, 4, 306052, 2124
317376, 48, 188, 8, 56, 104, 4, 306052, 2124
317376, 48, 188, 8, 56, 104, 4, 306052, 2124
317376, 48, 188, 8, 56, 104, 4, 306052, 2124
317376, 48, 188, 8, 56, 104, 4, 306052, 2124
317376, 48, 188, 8, 56, 104, 4, 306052, 2124
317376, 48, 188, 8, 56, 104, 4, 306052, 2124
317376, 48, 188, 8, 56, 104, 4, 306052, 2124
317376, 48, 188, 8, 56, 104, 4, 306052, 2124
317376, 48, 188, 8, 56, 104, 4, 306052, 2124
317376, 48, 188, 8, 56, 104, 4, 306052, 2124
317376, 48, 188, 8, 56, 104, 4, 306052, 2124
317376, 48, 188, 8, 56, 104, 4, 306052, 2124
317376, 48, 188, 8, 56, 104, 4, 306052, 2124
317376, 48, 188, 8, 56, 104, 4, 306052, 2124
317376, 48, 188, 8, 56, 104, 4, 306052, 2124
317376, 48, 188, 8, 56, 104, 4, 306052, 2124
317376, 48, 188, 8, 56, 104, 4, 306052, 2124
317376, 48, 188, 8, 56, 104, 4, 306052, 2124
317376, 48, 188, 8, 56, 104, 4, 306052, 2124
317376, 48, 188, 8, 56, 104, 4, 306052, 2124
317376, 48, 188, 8, 56, 104, 4, 306052, 2124
317376, 48, 188, 8, 56, 104, 4, 306052, 2124
317376, 48, 188, 8, 56, 104, 4, 306052, 2124
317376, 48, 188, 8, 56, 104, 4, 306052, 2124
317376, 48, 188, 8, 56, 104, 4, 306052, 2124
317376, 48, 188, 8, 56, 104, 4, 306052, 2124
317376, 48, 188, 8, 56, 104, 4, 306052, 2124
317376, 48, 188, 8, 56, 104, 4, 306052, 2124
317376, 48, 188, 8, 56, 104, 4, 306052, 2124
317376, 48, 188, 8, 56, 104, 4, 306052, 2124
317376, 48, 188, 8, 56, 104, 4, 306052, 2124
317376, 48, 188, 8, 56, 104, 4, 306052, 2124
317376, 48, 188, 8, 56, 104, 4, 306052, 2124
317376, 48, 188, 8, 56, 104, 4, 306052, 2124
317376, 48, 184, 8, 56, 104, 4, 306056, 2124
317376, 48, 184, 8, 56, 104, 4, 306056, 2124
317376, 48, 184, 8, 56, 104, 4, 306056, 2124
317372, 52, 184, 8, 56, 104, 4, 306056, 2124
317372, 52, 184, 8, 56, 104, 4, 306056, 2124
317372, 52, 184, 8, 56, 104, 4, 306056, 2124
317372, 52, 184, 8, 56, 104, 4, 306056, 2124
317372, 52, 184, 8, 56, 104, 4, 306056, 2124
317372, 52, 184, 8, 56, 104, 4, 306056, 2124
317372, 48, 188, 8, 56, 104, 4, 306056, 2124
317372, 48, 188, 8, 56, 104, 4, 306056, 2124
317372, 48, 188, 8, 56, 104, 4, 306056, 2124
317372, 48, 188, 8, 56, 104, 4, 306056, 2124
317372, 48, 188, 8, 56, 104, 4, 306056, 2124
317372, 48, 188, 8, 56, 104, 4, 306056, 2124
317372, 44, 192, 8, 56, 104, 4, 306056, 2124
317372, 44, 192, 8, 56, 104, 4, 306056, 2124
317372, 44, 192, 8, 56, 104, 4, 306056, 2124
317372, 44, 192, 8, 56, 104, 4, 306056, 2124
317372, 44, 192, 8, 56, 104, 4, 306056, 2124
317372, 44, 192, 8, 48, 108, 4, 306060, 2124
317372, 44, 192, 8, 48, 108, 4, 306060, 2124
317372, 44, 192, 8, 48, 108, 4, 306060, 2124
317372, 44, 192, 8, 48, 108, 4, 306060, 2124
317372, 44, 192, 8, 48, 108, 4, 306060, 2124
317372, 40, 192, 12, 48, 108, 4, 306060, 2124
317372, 40, 192, 12, 48, 108, 4, 306060, 2124
317372, 40, 192, 12, 48, 108, 4, 306060, 2124
317372, 40, 192, 12, 48, 108, 4, 306060, 2124
317372, 40, 192, 12, 48, 108, 4, 306060, 2124
317372, 40, 192, 12, 48, 108, 4, 306060, 2124
317372, 40, 192, 12, 48, 108, 4, 306060, 2124
317372, 40, 192, 12, 48, 108, 4, 306060, 2124
317372, 40, 192, 12, 48, 108, 4, 306060, 2124
317372, 40, 192, 12, 48, 108, 4, 306060, 2124
317372, 40, 192, 12, 48, 108, 4, 306060, 2124
317372, 40, 192, 12, 48, 108, 4, 306060, 2124
317372, 40, 192, 12, 48, 108, 4, 306060, 2124
317372, 40, 192, 12, 48, 108, 4, 306060, 2124
317372, 40, 192, 12, 48, 108, 4, 306060, 2124
317372, 40, 192, 12, 48, 108, 4, 306060, 2124
317372, 36, 196, 12, 48, 108, 4, 306060, 2124
317372, 36, 196, 12, 48, 108, 4, 306060, 2124
317372, 36, 196, 12, 48, 108, 4, 306060, 2124
317372, 36, 196, 12, 48, 108, 4, 306060, 2124
317372, 36, 196, 12, 48, 108, 4, 306060, 2124
317372, 36, 196, 12, 48, 108, 4, 306060, 2124
317372, 36, 196, 12, 48, 108, 4, 306060, 2124
317372, 36, 196, 12, 48, 108, 4, 306060, 2124
317372, 36, 196, 12, 48, 108, 4, 306060, 2124
317372, 36, 196, 12, 48, 108, 4, 306060, 2124
317372, 36, 196, 12, 48, 108, 4, 306060, 2124
317372, 36, 196, 12, 48, 108, 4, 306060, 2124
317372, 36, 192, 12, 48, 108, 4, 306064, 2124
317372, 36, 192, 12, 48, 108, 4, 306064, 2124
317372, 36, 192, 12, 48, 108, 4, 306064, 2124
317372, 36, 192, 12, 48, 108, 4, 306064, 2124
317372, 36, 192, 12, 48, 108, 4, 306064, 2124
317372, 36, 192, 12, 48, 108, 4, 306064, 2124
317372, 36, 192, 12, 48, 108, 4, 306064, 2124
317372, 36, 192, 12, 48, 108, 4, 306064, 2124
317372, 36, 192, 12, 48, 108, 4, 306064, 2124
317372, 36, 192, 12, 48, 108, 4, 306064, 2124
317372, 36, 192, 12, 48, 108, 4, 306064, 2124
317372, 36, 192, 12, 48, 108, 4, 306064, 2124
317372, 32, 196, 12, 48, 108, 4, 306064, 2124
317372, 32, 196, 12, 48, 108, 4, 306064, 2124
317372, 28, 200, 12, 48, 108, 4, 306064, 2124
317372, 28, 200, 12, 48, 108, 4, 306064, 2124
317372, 28, 200, 12, 48, 108, 4, 306064, 2124
317372, 28, 196, 12, 48, 108, 4, 306068, 2124
317372, 28, 196, 12, 48, 108, 4, 306068, 2124
317372, 28, 196, 12, 48, 108, 4, 306068, 2124
317372, 28, 196, 12, 48, 108, 4, 306068, 2124
317372, 28, 196, 12, 48, 108, 4, 306068, 2124
317372, 28, 196, 12, 48, 108, 4, 306068, 2124
317372, 28, 196, 12, 48, 108, 4, 306068, 2124
317372, 28, 196, 12, 48, 108, 4, 306068, 2124
317372, 28, 196, 12, 48, 108, 4, 306068, 2124
317372, 28, 196, 12, 48, 108, 4, 306068, 2124
317372, 28, 196, 12, 48, 108, 4, 306068, 2124
317372, 28, 196, 12, 48, 108, 4, 306068, 2124
317372, 28, 196, 12, 48, 108, 4, 306068, 2124
317372, 28, 196, 12, 48, 108, 4, 306068, 2124
317372, 28, 196, 12, 48, 108, 4, 306068, 2124
317372, 28, 196, 12, 48, 108, 4, 306068, 2124
317372, 28, 196, 12, 48, 108, 4, 306068, 2124
317372, 28, 196, 12, 48, 108, 4, 306068, 2124
317372, 28, 196, 12, 48, 108, 4, 306068, 2124
317372, 28, 196, 12, 48, 108, 4, 306068, 2124
317372, 24, 200, 12, 48, 108, 4, 306068, 2124
317372, 24, 200, 12, 48, 108, 4, 306068, 2124
317372, 24, 200, 12, 48, 108, 4, 306068, 2124
317372, 24, 200, 12, 48, 108, 4, 306068, 2124
317372, 24, 200, 12, 48, 108, 4, 306068, 2124
317372, 24, 200, 8, 52, 108, 4, 306068, 2124
317372, 24, 200, 8, 52, 108, 4, 306068, 2124
317372, 24, 200, 8, 52, 108, 4, 306068, 2124
317372, 24, 200, 8, 52, 108, 4, 306068, 2124
317372, 24, 200, 8, 52, 108, 4, 306068, 2124
317372, 24, 200, 8, 52, 108, 4, 306068, 2124
317372, 24, 200, 8, 52, 108, 4, 306068, 2124
317372, 24, 200, 8, 52, 108, 4, 306068, 2124
317372, 24, 200, 8, 48, 108, 4, 306072, 2124
317372, 24, 200, 8, 48, 108, 4, 306072, 2124
317372, 24, 200, 8, 48, 108, 4, 306072, 2124
317372, 20, 204, 8, 48, 108, 4, 306072, 2124
317372, 20, 204, 8, 48, 108, 4, 306072, 2124
317372, 20, 204, 8, 48, 108, 4, 306072, 2124
317372, 20, 204, 8, 48, 108, 4, 306072, 2124
317372, 20, 204, 8, 48, 108, 4, 306072, 2124
317372, 20, 204, 8, 48, 108, 4, 306072, 2124
317368, 24, 204, 8, 48, 108, 4, 306072, 2124
317368, 24, 204, 8, 48, 108, 4, 306072, 2124
317364, 28, 204, 8, 48, 108, 4, 306072, 2124
317364, 28, 204, 8, 48, 108, 4, 306072, 2124
317364, 28, 204, 8, 48, 108, 4, 306072, 2124
317364, 28, 204, 8, 48, 108, 4, 306072, 2124
317360, 32, 204, 8, 48, 108, 4, 306072, 2124
317360, 32, 204, 8, 48, 108, 4, 306072, 2124
317360, 32, 204, 8, 48, 108, 4, 306072, 2124
317360, 32, 204, 8, 48, 108, 4, 306072, 2124
317360, 32, 204, 8, 48, 108, 4, 306072, 2124
317360, 28, 208, 8, 48, 108, 4, 306072, 2124
317360, 28, 208, 8, 48, 108, 4, 306072, 2124
317360, 28, 208, 8, 48, 108, 4, 306072, 2124
317360, 28, 208, 8, 48, 108, 4, 306072, 2124
317360, 28, 208, 8, 48, 108, 4, 306072, 2124
317360, 28, 208, 8, 48, 108, 4, 306072, 2124
317360, 28, 208, 8, 48, 108, 4, 306072, 2124
317360, 28, 208, 8, 48, 108, 4, 306072, 2124
317360, 28, 208, 8, 48, 108, 4, 306072, 2124
317360, 28, 208, 8, 48, 108, 4, 306072, 2124
317360, 28, 208, 8, 48, 108, 4, 306072, 2124
317360, 28, 208, 8, 48, 108, 4, 306072, 2124
317360, 28, 208, 8, 48, 108, 4, 306072, 2124
317360, 28, 208, 8, 48, 108, 4, 306072, 2124
317360, 28, 208, 8, 48, 108, 4, 306072, 2124
317360, 28, 208, 8, 48, 108, 4, 306072, 2124
317360, 28, 208, 8, 48, 108, 4, 306072, 2124
317360, 28, 208, 8, 48, 108, 4, 306072, 2124
317360, 28, 208, 8, 48, 108, 4, 306072, 2124
317360, 28, 208, 8, 48, 108, 4, 306072, 2124
317360, 28, 208, 8, 44, 108, 4, 306076, 2124
317360, 28, 204, 8, 44, 108, 4, 306080, 2124
317360, 28, 204, 8, 44, 108, 4, 306080, 2124
317360, 28, 204, 8, 44, 108, 4, 306080, 2124
317360, 28, 204, 8, 44, 108, 4, 306080, 2124
317360, 28, 204, 8, 44, 108, 4, 306080, 2124
317360, 28, 200, 8, 44, 108, 4, 306084, 2124
317360, 28, 200, 8, 44, 108, 4, 306084, 2124
317360, 28, 200, 8, 44, 108, 4, 306084, 2124
317360, 28, 200, 8, 44, 108, 4, 306084, 2124
317360, 28, 200, 8, 44, 108, 4, 306084, 2124
317360, 28, 200, 8, 44, 108, 4, 306084, 2124
317360, 28, 200, 8, 44, 108, 4, 306084, 2124
317360, 28, 200, 8, 40, 108, 4, 306084, 2128
317360, 28, 200, 8, 40, 108, 4, 306084, 2128
317360, 28, 200, 8, 40, 108, 4, 306084, 2128
317360, 28, 200, 8, 40, 108, 4, 306084, 2128
317360, 28, 200, 8, 40, 108, 4, 306084, 2128
317360, 28, 200, 8, 40, 108, 4, 306084, 2128
317360, 28, 200, 8, 40, 108, 4, 306084, 2128
317360, 28, 200, 8, 40, 108, 4, 306084, 2128
317360, 28, 200, 8, 40, 108, 4, 306084, 2128
317360, 28, 200, 8, 40, 108, 4, 306084, 2128
317360, 28, 200, 8, 40, 108, 4, 306084, 2128
317360, 28, 196, 8, 40, 108, 4, 306088, 2128
317360, 28, 196, 8, 40, 108, 4, 306088, 2128
317360, 28, 196, 8, 40, 108, 4, 306088, 2128
317360, 28, 196, 8, 40, 108, 4, 306088, 2128
317360, 28, 196, 4, 44, 108, 4, 306088, 2128
317360, 28, 192, 4, 44, 108, 4, 306092, 2128
317360, 28, 192, 4, 44, 108, 4, 306092, 2128
317360, 28, 192, 4, 44, 108, 4, 306092, 2128
317360, 28, 192, 4, 44, 108, 4, 306092, 2128
317360, 28, 192, 4, 44, 108, 4, 306092, 2128
317360, 28, 192, 4, 44, 108, 4, 306092, 2128
317360, 28, 192, 4, 44, 108, 4, 306092, 2128
317360, 28, 192, 4, 44, 108, 4, 306092, 2128
317360, 28, 192, 4, 44, 108, 4, 306092, 2128
317360, 28, 192, 4, 44, 108, 4, 306092, 2128
317360, 28, 192, 4, 44, 108, 4, 306092, 2128
317360, 28, 192, 4, 44, 108, 4, 306092, 2128
317360, 28, 192, 4, 44, 108, 4, 306092, 2128
317360, 28, 192, 4, 44, 108, 4, 306092, 2128
317360, 28, 192, 4, 44, 108, 4, 306092, 2128
317360, 28, 192, 4, 44, 108, 4, 306092, 2128
317360, 28, 192, 4, 44, 108, 4, 306092, 2128
317360, 28, 192, 4, 44, 108, 4, 306092, 2128
317360, 28, 192, 4, 44, 108, 4, 306092, 2128
317360, 28, 192, 4, 44, 108, 4, 306092, 2128
317360, 28, 192, 4, 44, 108, 4, 306092, 2128
317360, 28, 192, 4, 44, 108, 4, 306092, 2128
317360, 28, 192, 4, 44, 108, 4, 306092, 2128
317360, 28, 192, 4, 44, 108, 4, 306092, 2128
317360, 28, 188, 4, 44, 108, 4, 306096, 2128
317360, 28, 188, 4, 44, 108, 4, 306096, 2128
317360, 28, 188, 4, 44, 108, 4, 306096, 2128
317360, 28, 184, 4, 44, 108, 4, 306100, 2128
317360, 28, 184, 4, 44, 108, 4, 306100, 2128
317360, 28, 184, 4, 44, 108, 4, 306100, 2128
317360, 28, 184, 4, 44, 108, 4, 306100, 2128
317360, 28, 184, 4, 40, 112, 4, 306100, 2128
317360, 28, 184, 4, 40, 112, 4, 306100, 2128
317360, 28, 184, 4, 40, 112, 4, 306100, 2128
317360, 28, 184, 4, 40, 112, 4, 306100, 2128
317360, 28, 184, 4, 40, 112, 4, 306100, 2128
317360, 28, 184, 4, 40, 112, 4, 306100, 2128
317360, 28, 180, 4, 40, 112, 4, 306104, 2128
317360, 28, 180, 4, 40, 112, 4, 306104, 2128
317360, 28, 180, 4, 40, 112, 4, 306104, 2128
317360, 28, 180, 4, 40, 112, 4, 306104, 2128
317360, 28, 180, 4, 40, 112, 4, 306104, 2128
317360, 28, 180, 4, 40, 112, 4, 306104, 2128
317360, 28, 180, 4, 40, 112, 4, 306104, 2128
317360, 28, 180, 4, 40, 112, 4, 306104, 2128
317360, 28, 180, 4, 40, 112, 4, 306104, 2128
317360, 28, 180, 4, 40, 112, 4, 306104, 2128
317356, 32, 180, 4, 40, 112, 4, 306104, 2128
317356, 32, 180, 4, 40, 112, 4, 306104, 2128
317356, 32, 180, 4, 40, 112, 4, 306104, 2128
317356, 32, 180, 4, 40, 112, 4, 306104, 2128
317356, 32, 180, 4, 40, 108, 4, 306108, 2128
317356, 32, 180, 4, 40, 108, 4, 306108, 2128
317356, 32, 180, 4, 40, 108, 4, 306108, 2128
317356, 32, 180, 4, 40, 108, 4, 306108, 2128
317356, 32, 180, 4, 40, 108, 4, 306108, 2128
317356, 32, 180, 4, 40, 108, 4, 306108, 2128
317356, 32, 180, 4, 40, 108, 4, 306108, 2128
317356, 32, 180, 4, 40, 108, 4, 306108, 2128
317356, 32, 180, 4, 40, 108, 4, 306108, 2128
317356, 32, 180, 4, 40, 108, 4, 306108, 2128
317356, 32, 180, 4, 40, 108, 4, 306108, 2128
317356, 32, 180, 4, 40, 108, 4, 306108, 2128
317356, 32, 180, 4, 40, 108, 4, 306108, 2128
317356, 32, 180, 4, 40, 108, 4, 306108, 2128
317356, 32, 180, 4, 40, 108, 4, 306108, 2128
317356, 32, 180, 4, 40, 108, 4, 306108, 2128
317356, 32, 176, 4, 40, 108, 4, 306112, 2128
317356, 32, 176, 4, 40, 108, 4, 306112, 2128
317356, 32, 176, 4, 40, 108, 4, 306112, 2128
317356, 32, 176, 4, 40, 108, 4, 306112, 2128
317356, 32, 176, 4, 40, 108, 4, 306112, 2128
317356, 32, 176, 4, 40, 108, 4, 306112, 2128
317356, 32, 176, 4, 40, 108, 4, 306112, 2128
317356, 32, 176, 4, 40, 108, 4, 306112, 2128
317356, 32, 176, 4, 40, 108, 4, 306112, 2128
317356, 32, 176, 4, 40, 108, 4, 306112, 2128
317356, 32, 176, 4, 40, 108, 4, 306112, 2128
317356, 32, 176, 4, 40, 108, 4, 306112, 2128
317356, 32, 176, 4, 40, 108, 4, 306112, 2128
317356, 32, 176, 4, 40, 108, 4, 306112, 2128
317356, 32, 176, 4, 40, 108, 4, 306112, 2128
317356, 32, 176, 4, 40, 108, 4, 306112, 2128
317356, 32, 176, 4, 40, 108, 4, 306112, 2128
317356, 32, 176, 4, 40, 108, 4, 306112, 2128
317356, 32, 176, 4, 40, 108, 4, 306112, 2128
317356, 32, 176, 4, 40, 108, 4, 306112, 2128
317356, 32, 176, 4, 40, 108, 4, 306112, 2128
317356, 32, 176, 4, 40, 108, 4, 306112, 2128
317356, 32, 176, 4, 40, 108, 4, 306112, 2128
317356, 32, 176, 4, 40, 108, 4, 306112, 2128
317356, 32, 176, 4, 40, 108, 4, 306112, 2128
317356, 28, 180, 4, 40, 108, 4, 306112, 2128
317356, 28, 180, 4, 40, 108, 4, 306112, 2128
317356, 28, 180, 4, 40, 108, 4, 306112, 2128
317356, 28, 180, 4, 40, 108, 4, 306112, 2128
317356, 28, 180, 4, 40, 108, 4, 306112, 2128
317356, 28, 180, 4, 40, 108, 4, 306112, 2128
317356, 28, 180, 4, 40, 108, 4, 306112, 2128
317356, 28, 180, 4, 40, 108, 4, 306112, 2128
317356, 28, 180, 4, 40, 108, 4, 306112, 2128
317356, 28, 180, 4, 40, 108, 4, 306112, 2128
317356, 28, 180, 4, 40, 108, 4, 306112, 2128
317356, 28, 180, 4, 40, 108, 4, 306112, 2128
317356, 28, 180, 4, 40, 108, 4, 306112, 2128
317356, 28, 180, 4, 40, 108, 4, 306112, 2128
317356, 28, 176, 4, 40, 108, 4, 306116, 2128
317356, 28, 176, 4, 40, 108, 4, 306116, 2128
317356, 28, 176, 4, 40, 108, 4, 306116, 2128
317356, 28, 176, 4, 40, 108, 4, 306116, 2128
317356, 28, 176, 4, 40, 108, 4, 306116, 2128
317356, 28, 176, 4, 40, 108, 4, 306116, 2128
317356, 28, 176, 4, 40, 108, 4, 306116, 2128
317356, 28, 176, 4, 40, 108, 4, 306116, 2128
317356, 28, 176, 4, 40, 108, 4, 306116, 2128
317356, 28, 176, 4, 40, 108, 4, 306116, 2128
317356, 28, 176, 4, 40, 108, 4, 306116, 2128
317356, 28, 176, 4, 40, 108, 4, 306116, 2128
317356, 28, 176, 4, 40, 108, 4, 306116, 2128
317356, 28, 176, 4, 40, 108, 4, 306116, 2128
317356, 28, 176, 4, 40, 108, 4, 306116, 2128
317356, 28, 176, 4, 40, 108, 4, 306116, 2128
317356, 28, 176, 4, 40, 108, 4, 306116, 2128
317356, 28, 176, 4, 40, 108, 4, 306116, 2128
317356, 28, 176, 4, 40, 108, 4, 306116, 2128
317356, 28, 176, 4, 40, 108, 4, 306116, 2128
317356, 28, 176, 4, 40, 108, 4, 306116, 2128
317356, 28, 176, 4, 40, 108, 4, 306116, 2128
317356, 28, 176, 4, 40, 108, 4, 306116, 2128
317356, 28, 176, 4, 40, 108, 4, 306116, 2128
317356, 28, 176, 4, 40, 108, 4, 306116, 2128
317356, 28, 176, 4, 40, 108, 4, 306116, 2128
317356, 28, 176, 4, 40, 108, 4, 306116, 2128
317356, 28, 176, 4, 40, 108, 4, 306116, 2128
317356, 28, 176, 4, 40, 108, 4, 306116, 2128
317356, 28, 176, 4, 40, 108, 4, 306116, 2128
317356, 28, 176, 4, 40, 108, 4, 306116, 2128
317356, 28, 176, 4, 40, 108, 4, 306116, 2128
317356, 28, 176, 4, 40, 108, 4, 306116, 2128
317356, 28, 176, 4, 40, 108, 4, 306116, 2128
317356, 28, 176, 4, 40, 108, 4, 306116, 2128
317356, 28, 176, 4, 40, 108, 4, 306116, 2128
317356, 28, 176, 4, 40, 108, 4, 306116, 2128
317356, 28, 176, 4, 40, 108, 4, 306116, 2128
317356, 28, 176, 4, 40, 108, 4, 306116, 2128
317356, 28, 176, 4, 40, 108, 4, 306116, 2128
317356, 28, 176, 4, 40, 108, 4, 306116, 2128
317356, 28, 176, 4, 40, 108, 4, 306116, 2128
317356, 28, 176, 4, 40, 108, 4, 306116, 2128
317356, 28, 176, 4, 40, 108, 4, 306116, 2128
317356, 28, 172, 4, 40, 108, 4, 306120, 2128
317356, 28, 172, 4, 40, 108, 4, 306120, 2128
317356, 28, 172, 4, 40, 108, 4, 306120, 2128
317356, 28, 172, 4, 40, 108, 4, 306120, 2128
317356, 28, 172, 4, 40, 108, 4, 306120, 2128
317356, 28, 172, 4, 40, 108, 4, 306120, 2128
317356, 28, 172, 4, 40, 108, 4, 306120, 2128
317356, 28, 172, 4, 40, 104, 4, 306120, 2132
317356, 28, 172, 4, 40, 104, 4, 306120, 2132
317356, 28, 172, 4, 40, 104, 4, 306120, 2132
317356, 28, 172, 4, 40, 104, 4, 306120, 2132
317356, 28, 172, 4, 40, 104, 4, 306120, 2132
317356, 28, 172, 4, 40, 104, 4, 306120, 2132
317356, 28, 172, 4, 40, 104, 4, 306120, 2132
317356, 28, 172, 4, 40, 104, 4, 306120, 2132
317352, 32, 172, 4, 40, 104, 4, 306120, 2132
317352, 32, 172, 4, 40, 104, 4, 306120, 2132
317352, 32, 172, 4, 40, 104, 4, 306120, 2132
317352, 32, 172, 4, 40, 104, 4, 306120, 2132
317352, 32, 172, 4, 40, 104, 4, 306120, 2132
317352, 32, 172, 4, 40, 104, 4, 306120, 2132
317352, 32, 172, 4, 40, 104, 4, 306120, 2132
317348, 36, 168, 4, 40, 104, 4, 306124, 2132
317348, 32, 172, 4, 40, 104, 4, 306124, 2132
317348, 32, 172, 4, 40, 104, 4, 306124, 2132
317348, 32, 172, 4, 40, 104, 4, 306124, 2132
317348, 32, 172, 4, 40, 104, 4, 306124, 2132
317348, 32, 172, 4, 40, 104, 4, 306124, 2132
317348, 32, 172, 4, 40, 104, 4, 306124, 2132
317348, 32, 172, 4, 40, 104, 4, 306124, 2132
317344, 36, 172, 4, 40, 104, 4, 306124, 2132
317344, 36, 172, 4, 40, 104, 4, 306124, 2132
317344, 36, 172, 4, 40, 104, 4, 306124, 2132
317344, 36, 172, 4, 40, 104, 4, 306124, 2132
317344, 36, 172, 4, 40, 104, 4, 306124, 2132
317344, 36, 172, 4, 40, 104, 4, 306124, 2132
317344, 36, 172, 4, 40, 104, 4, 306124, 2132
317344, 36, 172, 4, 40, 104, 4, 306124, 2132
317344, 36, 172, 4, 40, 104, 4, 306124, 2132
317344, 36, 172, 4, 40, 104, 4, 306124, 2132
317344, 36, 172, 4, 40, 104, 4, 306124, 2132
317344, 36, 172, 4, 40, 104, 4, 306124, 2132
317344, 36, 172, 4, 40, 104, 4, 306124, 2132
317344, 36, 172, 4, 40, 104, 4, 306124, 2132
317344, 36, 172, 4, 40, 104, 4, 306124, 2132
317340, 40, 172, 4, 40, 104, 4, 306124, 2132
317340, 40, 172, 4, 40, 104, 4, 306124, 2132
317340, 40, 172, 4, 40, 104, 4, 306124, 2132
317340, 40, 172, 4, 40, 104, 4, 306124, 2132
317340, 40, 172, 4, 40, 104, 4, 306124, 2132
317340, 40, 172, 4, 40, 104, 4, 306124, 2132
317340, 40, 172, 4, 40, 104, 4, 306124, 2132
317340, 40, 172, 4, 40, 104, 4, 306124, 2132
317340, 40, 172, 4, 40, 104, 4, 306124, 2132
317340, 40, 172, 4, 40, 104, 4, 306124, 2132
317340, 40, 172, 4, 40, 104, 4, 306124, 2132
317340, 40, 172, 4, 40, 104, 4, 306124, 2132
317340, 40, 172, 4, 40, 104, 4, 306124, 2132
317340, 40, 172, 4, 40, 104, 4, 306124, 2132
317340, 40, 172, 4, 40, 104, 4, 306124, 2132
317340, 40, 172, 4, 40, 104, 4, 306124, 2132
317340, 40, 172, 4, 40, 104, 4, 306124, 2132
317340, 40, 172, 4, 40, 104, 4, 306124, 2132
317340, 36, 176, 4, 40, 104, 4, 306124, 2132
317340, 36, 176, 4, 40, 104, 4, 306124, 2132
317340, 36, 172, 4, 40, 104, 4, 306128, 2132
317340, 32, 172, 8, 40, 104, 4, 306128, 2132
317340, 32, 172, 8, 40, 104, 4, 306128, 2132
317340, 32, 168, 8, 40, 104, 4, 306132, 2132
317340, 32, 168, 8, 40, 104, 4, 306132, 2132
317340, 32, 168, 8, 40, 104, 4, 306132, 2132
317340, 32, 168, 8, 40, 104, 4, 306132, 2132
317340, 32, 168, 8, 40, 104, 4, 306132, 2132
317340, 32, 168, 8, 40, 104, 4, 306132, 2132
317340, 32, 168, 8, 40, 104, 4, 306132, 2132
317340, 32, 168, 8, 40, 104, 4, 306132, 2132
317340, 32, 168, 8, 40, 104, 4, 306132, 2132
317340, 32, 168, 8, 40, 104, 4, 306132, 2132
317340, 32, 168, 8, 40, 104, 4, 306132, 2132
317336, 36, 168, 8, 40, 104, 4, 306132, 2132
317336, 36, 168, 8, 40, 104, 4, 306132, 2132
317336, 36, 168, 8, 40, 104, 4, 306132, 2132
317336, 36, 168, 8, 40, 104, 4, 306132, 2132
317336, 36, 168, 8, 40, 104, 4, 306132, 2132
317336, 36, 168, 8, 40, 104, 4, 306132, 2132
317336, 36, 168, 8, 40, 104, 4, 306132, 2132
317336, 36, 168, 8, 40, 104, 4, 306132, 2132
317336, 36, 168, 8, 40, 104, 4, 306132, 2132
317336, 36, 168, 8, 40, 104, 4, 306132, 2132
317336, 36, 168, 8, 40, 104, 4, 306132, 2132
317336, 36, 168, 8, 40, 104, 4, 306132, 2132
317336, 36, 168, 8, 40, 104, 4, 306132, 2132
317336, 36, 168, 8, 40, 104, 4, 306132, 2132
317336, 36, 168, 8, 40, 104, 4, 306132, 2132
317336, 36, 168, 8, 40, 104, 4, 306132, 2132
317336, 36, 168, 8, 40, 104, 4, 306132, 2132
317336, 36, 168, 8, 40, 104, 4, 306132, 2132
317336, 36, 168, 8, 40, 104, 4, 306132, 2132
317336, 36, 168, 8, 40, 104, 4, 306132, 2132
317336, 36, 168, 8, 40, 104, 4, 306132, 2132
317336, 36, 168, 8, 40, 104, 4, 306132, 2132
317336, 36, 168, 8, 40, 104, 4, 306132, 2132
317336, 36, 168, 8, 40, 104, 4, 306132, 2132
317336, 36, 168, 8, 40, 104, 4, 306132, 2132
317336, 36, 168, 8, 40, 104, 4, 306132, 2132
317336, 36, 164, 8, 40, 104, 4, 306136, 2132
317336, 36, 164, 8, 40, 104, 4, 306136, 2132
317336, 36, 164, 8, 40, 104, 4, 306136, 2132
317336, 36, 164, 8, 40, 104, 4, 306136, 2132
317336, 36, 164, 8, 40, 104, 4, 306136, 2132
317336, 36, 164, 8, 40, 104, 4, 306136, 2132
317336, 36, 164, 8, 40, 104, 4, 306136, 2132
317336, 36, 160, 8, 40, 104, 4, 306140, 2132
317332, 40, 160, 8, 40, 104, 4, 306140, 2132
317332, 40, 160, 8, 40, 104, 4, 306140, 2132
317332, 40, 160, 8, 40, 104, 4, 306140, 2132
317332, 40, 160, 8, 40, 104, 4, 306140, 2132
317332, 40, 160, 8, 40, 104, 4, 306140, 2132
317332, 40, 160, 8, 40, 104, 4, 306140, 2132
317332, 40, 160, 8, 40, 104, 4, 306140, 2132
317332, 40, 160, 8, 40, 104, 4, 306140, 2132
317332, 40, 160, 8, 40, 104, 4, 306140, 2132
317332, 40, 160, 8, 40, 104, 4, 306140, 2132
317332, 40, 160, 8, 40, 104, 4, 306140, 2132
317332, 40, 160, 8, 40, 104, 4, 306140, 2132
317332, 40, 160, 8, 40, 104, 4, 306140, 2132
317332, 40, 160, 8, 40, 104, 4, 306140, 2132
317332, 40, 160, 8, 40, 104, 4, 306140, 2132
317332, 40, 160, 8, 40, 104, 4, 306140, 2132
317332, 40, 160, 8, 40, 104, 0, 306140, 2136
317332, 40, 160, 8, 40, 104, 0, 306140, 2136
317332, 40, 160, 8, 40, 104, 0, 306140, 2136
317332, 40, 160, 8, 40, 104, 0, 306140, 2136
317332, 40, 160, 8, 40, 104, 0, 306140, 2136
317332, 40, 160, 8, 40, 104, 0, 306140, 2136
317332, 40, 160, 8, 40, 104, 0, 306140, 2136
317332, 40, 160, 8, 40, 104, 0, 306140, 2136
317332, 40, 160, 8, 40, 104, 0, 306140, 2136
317332, 40, 160, 8, 40, 104, 0, 306140, 2136
317332, 40, 160, 8, 40, 104, 0, 306140, 2136
317332, 40, 160, 8, 40, 104, 0, 306140, 2136
317332, 40, 160, 8, 40, 104, 0, 306140, 2136
317332, 40, 160, 8, 40, 104, 0, 306140, 2136
317332, 40, 160, 8, 40, 104, 0, 306140, 2136
317332, 40, 160, 8, 40, 104, 0, 306140, 2136
317332, 40, 160, 8, 40, 104, 0, 306140, 2136
317332, 40, 160, 8, 40, 104, 0, 306140, 2136
317332, 40, 160, 8, 40, 104, 0, 306140, 2136
317332, 40, 160, 8, 40, 104, 0, 306140, 2136
317332, 40, 160, 8, 40, 104, 0, 306140, 2136
317332, 40, 160, 8, 40, 104, 0, 306140, 2136
317332, 40, 160, 8, 40, 104, 0, 306140, 2136
317332, 36, 164, 8, 40, 104, 0, 306140, 2136
317332, 36, 164, 8, 40, 104, 0, 306140, 2136
317332, 36, 164, 8, 40, 104, 0, 306140, 2136
317332, 36, 164, 8, 40, 104, 0, 306140, 2136
317332, 36, 164, 8, 40, 104, 0, 306140, 2136
317332, 36, 164, 8, 40, 104, 0, 306140, 2136
317332, 36, 164, 8, 40, 104, 0, 306140, 2136
317332, 36, 164, 8, 40, 104, 0, 306140, 2136
317332, 36, 164, 8, 40, 104, 0, 306140, 2136
317332, 36, 164, 8, 40, 104, 0, 306140, 2136
317332, 36, 164, 8, 40, 104, 0, 306140, 2136
317332, 36, 164, 8, 40, 104, 0, 306140, 2136
317332, 36, 164, 8, 40, 104, 0, 306140, 2136
317332, 36, 164, 8, 40, 104, 0, 306140, 2136
317332, 36, 164, 8, 40, 104, 0, 306140, 2136
317332, 36, 164, 8, 40, 104, 0, 306140, 2136
317332, 36, 164, 8, 40, 104, 0, 306140, 2136
317332, 36, 164, 8, 40, 104, 0, 306140, 2136
317332, 36, 164, 8, 40, 104, 0, 306140, 2136
317332, 36, 164, 8, 40, 104, 0, 306140, 2136
317332, 36, 164, 8, 40, 104, 0, 306140, 2136
317332, 36, 164, 8, 40, 104, 0, 306140, 2136
317332, 36, 164, 8, 40, 104, 0, 306140, 2136
317332, 36, 164, 8, 40, 104, 0, 306140, 2136
317332, 36, 164, 8, 40, 104, 0, 306140, 2136
317332, 36, 164, 8, 40, 104, 0, 306140, 2136
317332, 36, 164, 8, 40, 104, 0, 306140, 2136
317332, 36, 160, 8, 40, 104, 0, 306144, 2136
317332, 36, 160, 8, 40, 104, 0, 306144, 2136
317332, 36, 156, 8, 40, 104, 0, 306148, 2136
317332, 36, 156, 8, 40, 104, 0, 306148, 2136
317332, 36, 156, 8, 40, 104, 0, 306148, 2136
317332, 36, 156, 8, 40, 104, 0, 306148, 2136
317332, 36, 156, 8, 40, 104, 0, 306148, 2136
317332, 36, 156, 8, 40, 104, 0, 306148, 2136
317332, 36, 156, 8, 40, 104, 0, 306148, 2136
317332, 36, 156, 8, 40, 104, 0, 306148, 2136
317332, 36, 156, 8, 40, 104, 0, 306148, 2136
317332, 36, 156, 8, 40, 104, 0, 306148, 2136
317332, 36, 156, 8, 40, 104, 0, 306148, 2136
317332, 36, 156, 8, 40, 104, 0, 306148, 2136
317332, 36, 156, 8, 40, 104, 0, 306148, 2136
317332, 36, 156, 8, 40, 104, 0, 306148, 2136
317332, 36, 156, 8, 40, 104, 0, 306148, 2136
317332, 36, 156, 8, 40, 104, 0, 306148, 2136
317332, 36, 156, 8, 40, 104, 0, 306148, 2136
317332, 36, 156, 8, 40, 104, 0, 306148, 2136
317332, 36, 156, 8, 40, 104, 0, 306148, 2136
317332, 36, 156, 8, 40, 104, 0, 306148, 2136
317328, 40, 156, 8, 40, 104, 0, 306148, 2136
317328, 40, 156, 8, 40, 104, 0, 306148, 2136
317328, 40, 152, 8, 40, 104, 0, 306152, 2136
317328, 40, 152, 8, 40, 104, 0, 306152, 2136
317328, 40, 152, 8, 40, 104, 0, 306152, 2136
317328, 40, 152, 8, 40, 104, 0, 306152, 2136
317328, 40, 152, 8, 40, 104, 0, 306152, 2136
317328, 40, 152, 8, 40, 104, 0, 306152, 2136
317328, 40, 152, 8, 40, 104, 0, 306152, 2136
317328, 40, 152, 8, 40, 104, 0, 306152, 2136
317328, 40, 152, 8, 40, 104, 0, 306152, 2136
317328, 40, 152, 8, 40, 104, 0, 306152, 2136
317328, 40, 152, 8, 40, 104, 0, 306152, 2136
317328, 40, 152, 8, 40, 104, 0, 306152, 2136
317328, 40, 152, 8, 40, 104, 0, 306152, 2136
317328, 40, 152, 8, 40, 104, 0, 306152, 2136
317328, 40, 148, 8, 40, 104, 0, 306156, 2136
317328, 40, 148, 8, 40, 104, 0, 306156, 2136
317328, 40, 148, 8, 40, 104, 0, 306156, 2136
317328, 40, 148, 8, 40, 100, 0, 306160, 2136
317328, 40, 148, 8, 40, 100, 0, 306160, 2136
317328, 40, 148, 8, 40, 100, 0, 306160, 2136
317328, 40, 148, 8, 40, 100, 0, 306160, 2136
317328, 40, 144, 8, 40, 100, 0, 306164, 2136
317328, 40, 144, 8, 40, 100, 0, 306164, 2136
317328, 40, 144, 8, 40, 100, 0, 306164, 2136
317328, 40, 144, 8, 40, 100, 0, 306164, 2136
317328, 40, 144, 8, 40, 100, 0, 306164, 2136
317328, 40, 144, 8, 40, 100, 0, 306164, 2136
317328, 40, 144, 8, 40, 96, 0, 306168, 2136
317328, 40, 144, 8, 40, 96, 0, 306168, 2136
317328, 40, 144, 8, 40, 96, 0, 306168, 2136
317328, 40, 144, 8, 40, 96, 0, 306168, 2136
317328, 40, 144, 8, 40, 96, 0, 306168, 2136
317328, 40, 144, 8, 40, 96, 0, 306168, 2136
317328, 40, 144, 8, 40, 96, 0, 306168, 2136
317328, 40, 144, 8, 40, 96, 0, 306168, 2136
317328, 40, 144, 8, 40, 96, 0, 306168, 2136
317328, 40, 144, 8, 40, 96, 0, 306168, 2136
317328, 40, 144, 8, 40, 96, 0, 306168, 2136
317328, 40, 144, 8, 40, 96, 0, 306168, 2136
317328, 40, 144, 8, 40, 96, 0, 306168, 2136
317328, 40, 144, 8, 40, 96, 0, 306168, 2136
317328, 40, 144, 8, 40, 96, 0, 306168, 2136
317328, 40, 144, 8, 40, 96, 0, 306168, 2136
317328, 40, 144, 8, 40, 96, 0, 306168, 2136
317328, 40, 144, 8, 40, 96, 0, 306168, 2136
317328, 40, 144, 8, 40, 96, 0, 306168, 2136
317328, 40, 144, 8, 40, 96, 0, 306168, 2136
317328, 40, 144, 8, 40, 96, 0, 306168, 2136
317328, 40, 144, 8, 40, 96, 0, 306168, 2136
317328, 40, 144, 8, 40, 96, 0, 306168, 2136
317328, 40, 144, 8, 40, 96, 0, 306168, 2136
317328, 40, 144, 8, 40, 96, 0, 306168, 2136
317328, 40, 144, 8, 40, 96, 0, 306168, 2136
317328, 40, 144, 8, 40, 96, 0, 306168, 2136
317328, 40, 144, 8, 40, 96, 0, 306168, 2136
317328, 40, 144, 8, 40, 96, 0, 306168, 2136
317328, 40, 144, 8, 40, 96, 0, 306168, 2136
317328, 40, 144, 8, 40, 96, 0, 306168, 2136
317328, 40, 144, 8, 40, 96, 0, 306168, 2136
317328, 40, 144, 8, 40, 96, 0, 306168, 2136
317328, 40, 144, 8, 40, 96, 0, 306168, 2136
317328, 40, 144, 8, 40, 96, 0, 306168, 2136
317328, 40, 144, 8, 40, 96, 0, 306168, 2136
317328, 40, 144, 8, 40, 96, 0, 306168, 2136
317328, 40, 144, 8, 40, 96, 0, 306168, 2136
317328, 40, 144, 8, 40, 96, 0, 306168, 2136
317328, 40, 144, 8, 40, 96, 0, 306168, 2136
317328, 40, 144, 8, 40, 96, 0, 306168, 2136
317328, 40, 144, 8, 40, 96, 0, 306168, 2136
317328, 40, 144, 8, 40, 96, 0, 306168, 2136
317328, 40, 144, 8, 40, 96, 0, 306168, 2136
317328, 40, 144, 8, 40, 96, 0, 306168, 2136
317328, 40, 144, 8, 40, 96, 0, 306168, 2136
317328, 40, 144, 8, 40, 96, 0, 306168, 2136
317328, 40, 144, 8, 40, 96, 0, 306168, 2136
317328, 40, 144, 8, 40, 96, 0, 306168, 2136
317328, 40, 144, 8, 40, 96, 0, 306168, 2136
317328, 40, 144, 8, 40, 96, 0, 306168, 2136
317328, 40, 144, 8, 40, 96, 0, 306168, 2136
317328, 40, 144, 8, 40, 96, 0, 306168, 2136
317328, 40, 144, 8, 40, 96, 0, 306168, 2136
317328, 40, 144, 8, 40, 96, 0, 306168, 2136
317328, 40, 144, 8, 40, 96, 0, 306168, 2136
317328, 40, 144, 8, 40, 96, 0, 306168, 2136
317328, 40, 144, 8, 40, 96, 0, 306168, 2136
317328, 40, 144, 8, 40, 96, 0, 306168, 2136
317328, 40, 144, 8, 40, 96, 0, 306168, 2136
317328, 40, 144, 8, 40, 96, 0, 306168, 2136
317328, 40, 144, 8, 40, 96, 0, 306168, 2136
317328, 40, 140, 8, 40, 96, 0, 306172, 2136
317328, 40, 140, 8, 40, 92, 0, 306176, 2136
317328, 40, 140, 8, 40, 92, 0, 306176, 2136
317328, 40, 140, 8, 40, 92, 0, 306176, 2136
317328, 40, 140, 8, 40, 92, 0, 306176, 2136
317328, 40, 140, 8, 40, 92, 0, 306176, 2136
317328, 40, 140, 8, 40, 92, 0, 306176, 2136
317328, 40, 140, 8, 40, 92, 0, 306176, 2136
317324, 44, 140, 8, 40, 92, 0, 306176, 2136
317324, 44, 140, 8, 40, 92, 0, 306176, 2136
317324, 44, 140, 8, 40, 92, 0, 306176, 2136
317324, 44, 140, 8, 40, 92, 0, 306176, 2136
317324, 44, 140, 8, 40, 92, 0, 306176, 2136
317324, 44, 140, 8, 40, 92, 0, 306176, 2136
317324, 44, 140, 8, 40, 92, 0, 306176, 2136
317324, 44, 140, 8, 40, 92, 0, 306176, 2136
317324, 44, 140, 8, 40, 92, 0, 306176, 2136
317324, 44, 140, 8, 36, 96, 0, 306176, 2136
317324, 44, 140, 8, 36, 96, 0, 306176, 2136
317324, 44, 140, 8, 36, 96, 0, 306176, 2136
317324, 44, 140, 8, 36, 96, 0, 306176, 2136
317324, 44, 140, 8, 36, 96, 0, 306176, 2136
317324, 44, 140, 8, 36, 96, 0, 306176, 2136
317324, 44, 140, 8, 36, 96, 0, 306176, 2136
317324, 44, 140, 8, 36, 96, 0, 306176, 2136
317324, 44, 140, 8, 36, 96, 0, 306176, 2136
317324, 44, 140, 8, 36, 96, 0, 306176, 2136
317324, 44, 140, 8, 36, 96, 0, 306176, 2136
317324, 44, 140, 8, 36, 96, 0, 306176, 2136
317324, 44, 140, 8, 36, 96, 0, 306176, 2136
317324, 44, 140, 8, 36, 96, 0, 306176, 2136
317324, 44, 140, 8, 36, 96, 0, 306176, 2136
317324, 44, 140, 8, 36, 96, 0, 306176, 2136
317324, 44, 140, 8, 36, 96, 0, 306176, 2136
317324, 44, 140, 8, 36, 96, 0, 306176, 2136
317324, 44, 140, 8, 36, 96, 0, 306176, 2136
317324, 44, 140, 8, 36, 96, 0, 306176, 2136
317324, 44, 140, 8, 36, 96, 0, 306176, 2136
317324, 44, 140, 8, 36, 96, 0, 306176, 2136
317324, 44, 140, 8, 36, 96, 0, 306176, 2136
317324, 44, 140, 8, 36, 96, 0, 306176, 2136
317324, 44, 140, 8, 36, 96, 0, 306176, 2136
317324, 44, 140, 8, 36, 96, 0, 306176, 2136
317324, 44, 140, 8, 36, 96, 0, 306176, 2136
317324, 44, 140, 8, 36, 96, 0, 306176, 2136
317324, 44, 140, 8, 36, 96, 0, 306176, 2136
317324, 44, 140, 8, 36, 96, 0, 306176, 2136
317324, 44, 140, 8, 36, 96, 0, 306176, 2136
317324, 44, 140, 8, 36, 96, 0, 306176, 2136
317324, 44, 140, 8, 36, 96, 0, 306176, 2136
317324, 44, 140, 8, 36, 96, 0, 306176, 2136
317324, 44, 140, 8, 36, 96, 0, 306176, 2136
317324, 44, 140, 8, 36, 96, 0, 306176, 2136
317324, 44, 140, 8, 36, 96, 0, 306176, 2136
317324, 44, 140, 8, 36, 96, 0, 306176, 2136
317324, 44, 136, 8, 36, 96, 0, 306180, 2136
317324, 44, 136, 8, 36, 96, 0, 306180, 2136
317320, 48, 136, 8, 36, 96, 0, 306180, 2136
317320, 48, 136, 8, 36, 96, 0, 306180, 2136
317320, 48, 136, 8, 32, 96, 0, 306184, 2136
317320, 48, 136, 8, 32, 96, 0, 306184, 2136
317320, 48, 136, 8, 32, 96, 0, 306184, 2136
317320, 48, 136, 8, 32, 96, 0, 306184, 2136
317320, 48, 136, 8, 32, 96, 0, 306184, 2136
317320, 48, 136, 8, 32, 96, 0, 306184, 2136
317320, 48, 136, 8, 32, 96, 0, 306184, 2136
317320, 48, 136, 8, 32, 96, 0, 306184, 2136
317320, 48, 136, 8, 32, 96, 0, 306184, 2136
317316, 52, 136, 8, 32, 96, 0, 306184, 2136
317316, 52, 136, 8, 32, 96, 0, 306184, 2136
317316, 52, 136, 8, 32, 96, 0, 306184, 2136
317316, 52, 136, 8, 32, 96, 0, 306184, 2136
317316, 52, 136, 8, 28, 96, 0, 306188, 2136
317316, 52, 136, 8, 28, 96, 0, 306188, 2136
317316, 52, 136, 8, 28, 96, 0, 306188, 2136
317316, 52, 132, 8, 28, 96, 0, 306192, 2136
317316, 52, 132, 8, 28, 96, 0, 306192, 2136
317316, 52, 132, 8, 28, 96, 0, 306192, 2136
317316, 52, 128, 8, 28, 96, 0, 306196, 2136
317316, 52, 128, 8, 28, 96, 0, 306196, 2136
317316, 52, 128, 8, 28, 96, 0, 306196, 2136
317316, 52, 128, 8, 28, 96, 0, 306196, 2136
317316, 52, 128, 8, 28, 96, 0, 306196, 2136
317316, 52, 128, 8, 28, 96, 0, 306196, 2136
317316, 52, 128, 8, 28, 96, 0, 306196, 2136
317316, 52, 128, 8, 28, 96, 0, 306196, 2136
317316, 52, 128, 8, 28, 96, 0, 306196, 2136
317316, 52, 128, 8, 28, 96, 0, 306196, 2136
317316, 52, 128, 8, 28, 96, 0, 306196, 2136
317316, 52, 128, 8, 28, 96, 0, 306196, 2136
317316, 52, 128, 8, 28, 96, 0, 306196, 2136
317316, 52, 128, 8, 28, 96, 0, 306196, 2136
317316, 52, 128, 8, 28, 96, 0, 306196, 2136
317316, 52, 128, 8, 28, 96, 0, 306196, 2136
317316, 52, 128, 8, 28, 96, 0, 306196, 2136
317316, 52, 128, 8, 28, 96, 0, 306196, 2136
317316, 52, 128, 8, 28, 96, 0, 306196, 2136
317316, 52, 128, 8, 28, 96, 0, 306196, 2136
317316, 52, 124, 8, 28, 96, 0, 306200, 2136
317316, 52, 124, 8, 28, 96, 0, 306200, 2136
317312, 56, 124, 8, 28, 96, 0, 306200, 2136
317312, 56, 124, 8, 28, 96, 0, 306200, 2136
317312, 56, 120, 8, 28, 96, 0, 306204, 2136
317308, 60, 120, 8, 28, 96, 0, 306204, 2136
317308, 60, 116, 8, 28, 96, 0, 306208, 2136
317308, 60, 116, 8, 28, 96, 0, 306208, 2136
317308, 60, 116, 8, 28, 96, 0, 306208, 2136
317308, 60, 116, 8, 28, 96, 0, 306208, 2136
317308, 60, 116, 8, 28, 96, 0, 306208, 2136
317308, 60, 116, 8, 24, 96, 0, 306212, 2136
317308, 60, 116, 8, 24, 96, 0, 306212, 2136
317308, 60, 116, 8, 24, 96, 0, 306212, 2136
317308, 60, 116, 8, 20, 96, 0, 306216, 2136
317308, 60, 116, 8, 20, 96, 0, 306216, 2136
317308, 60, 116, 8, 20, 96, 0, 306216, 2136
317308, 60, 116, 8, 20, 96, 0, 306216, 2136
317308, 60, 116, 8, 20, 96, 0, 306216, 2136
317308, 60, 116, 8, 20, 96, 0, 306216, 2136
317308, 60, 116, 8, 20, 96, 0, 306216, 2136
317308, 60, 116, 8, 20, 96, 0, 306216, 2136
317308, 60, 116, 8, 20, 96, 0, 306216, 2136
317308, 60, 116, 8, 20, 96, 0, 306216, 2136
317308, 60, 116, 8, 20, 96, 0, 306216, 2136
317308, 60, 116, 8, 20, 92, 0, 306220, 2136
317308, 60, 116, 8, 20, 92, 0, 306220, 2136
317308, 56, 116, 12, 20, 92, 0, 306220, 2136
317308, 56, 116, 12, 20, 92, 0, 306220, 2136
317308, 52, 120, 12, 20, 92, 0, 306220, 2136
317308, 52, 116, 12, 20, 92, 0, 306224, 2136
317308, 52, 116, 12, 20, 92, 0, 306224, 2136
317308, 48, 116, 16, 20, 92, 0, 306224, 2136
317308, 48, 116, 16, 20, 92, 0, 306224, 2136
317308, 48, 112, 16, 20, 92, 0, 306228, 2136
317308, 48, 112, 16, 20, 92, 0, 306228, 2136
317308, 48, 112, 16, 20, 92, 0, 306228, 2136
317308, 48, 112, 16, 20, 92, 0, 306228, 2136
317308, 48, 112, 16, 20, 92, 0, 306228, 2136
317308, 48, 112, 16, 20, 92, 0, 306228, 2136
317308, 48, 112, 16, 20, 92, 0, 306228, 2136
317308, 48, 112, 16, 20, 92, 0, 306228, 2136
317308, 48, 112, 16, 20, 92, 0, 306228, 2136
317304, 52, 112, 16, 20, 92, 0, 306228, 2136
317304, 52, 112, 16, 20, 92, 0, 306228, 2136
317304, 52, 112, 16, 20, 92, 0, 306228, 2136
317304, 52, 112, 16, 20, 92, 0, 306228, 2136
317304, 52, 112, 16, 20, 92, 0, 306228, 2136
317304, 52, 112, 16, 20, 92, 0, 306228, 2136
317304, 52, 112, 16, 20, 92, 0, 306228, 2136
317304, 52, 112, 16, 20, 92, 0, 306228, 2136
317304, 52, 112, 16, 20, 92, 0, 306228, 2136
317304, 52, 112, 16, 20, 92, 0, 306228, 2136
317304, 52, 112, 16, 20, 92, 0, 306228, 2136
317304, 52, 112, 16, 20, 88, 0, 306232, 2136
317304, 52, 112, 16, 20, 88, 0, 306232, 2136
317304, 52, 112, 16, 20, 88, 0, 306232, 2136
317304, 52, 112, 16, 20, 88, 0, 306232, 2136
317304, 52, 108, 16, 20, 88, 0, 306236, 2136
317304, 52, 108, 16, 20, 88, 0, 306236, 2136
317304, 52, 108, 16, 20, 88, 0, 306236, 2136
317304, 52, 108, 16, 20, 88, 0, 306236, 2136
317304, 52, 108, 16, 20, 88, 0, 306236, 2136
317304, 52, 108, 16, 20, 88, 0, 306236, 2136
317304, 48, 112, 16, 20, 88, 0, 306236, 2136
317304, 48, 112, 16, 20, 88, 0, 306236, 2136
317304, 48, 112, 16, 20, 88, 0, 306236, 2136
317304, 48, 112, 16, 20, 88, 0, 306236, 2136
317304, 48, 112, 16, 20, 88, 0, 306236, 2136
317304, 44, 116, 16, 20, 88, 0, 306236, 2136
317304, 44, 116, 16, 20, 88, 0, 306236, 2136
317304, 44, 116, 16, 20, 88, 0, 306236, 2136
317304, 44, 116, 16, 20, 88, 0, 306236, 2136
317304, 44, 116, 16, 20, 88, 0, 306236, 2136
317304, 44, 116, 16, 20, 88, 0, 306236, 2136
317304, 44, 116, 16, 20, 88, 0, 306236, 2136
317304, 44, 116, 16, 20, 88, 0, 306236, 2136
317304, 44, 116, 16, 20, 88, 0, 306236, 2136
317304, 44, 116, 16, 20, 88, 0, 306236, 2136
317304, 44, 116, 16, 20, 88, 0, 306236, 2136
317304, 44, 116, 16, 20, 88, 0, 306236, 2136
317304, 44, 116, 16, 20, 88, 0, 306236, 2136
317304, 44, 116, 16, 20, 88, 0, 306236, 2136
317304, 44, 116, 16, 20, 88, 0, 306236, 2136
317300, 48, 116, 16, 20, 88, 0, 306236, 2136
317300, 48, 116, 16, 16, 88, 0, 306240, 2136
317300, 48, 116, 16, 16, 88, 0, 306240, 2136
317300, 48, 116, 16, 16, 88, 0, 306240, 2136
317300, 48, 116, 16, 16, 88, 0, 306240, 2136
317300, 48, 116, 16, 16, 88, 0, 306240, 2136
317300, 48, 116, 16, 16, 88, 0, 306240, 2136
317300, 48, 116, 16, 16, 88, 0, 306240, 2136
317300, 48, 116, 16, 16, 88, 0, 306240, 2136
317300, 48, 116, 16, 16, 88, 0, 306240, 2136
317300, 48, 116, 16, 16, 88, 0, 306240, 2136
317300, 48, 116, 16, 16, 88, 0, 306240, 2136
317300, 48, 116, 16, 16, 88, 0, 306240, 2136
317300, 48, 116, 16, 16, 88, 0, 306240, 2136
317300, 48, 116, 16, 16, 88, 0, 306240, 2136
317300, 44, 120, 16, 16, 88, 0, 306240, 2136
317300, 44, 120, 16, 16, 88, 0, 306240, 2136
317300, 44, 120, 16, 16, 88, 0, 306240, 2136
317300, 44, 120, 16, 16, 88, 0, 306240, 2136
317300, 44, 120, 16, 16, 88, 0, 306240, 2136
317300, 44, 120, 16, 16, 88, 0, 306240, 2136
317300, 44, 120, 16, 16, 88, 0, 306240, 2136
317300, 44, 120, 16, 16, 88, 0, 306240, 2136
317300, 44, 120, 16, 16, 88, 0, 306240, 2136
317300, 44, 120, 16, 16, 88, 0, 306240, 2136
317300, 44, 120, 16, 16, 88, 0, 306240, 2136
317300, 44, 120, 16, 16, 88, 0, 306240, 2136
317300, 44, 120, 16, 16, 88, 0, 306240, 2136
317300, 44, 120, 16, 16, 88, 0, 306240, 2136
317300, 44, 120, 16, 16, 88, 0, 306240, 2136
317300, 44, 120, 16, 16, 88, 0, 306240, 2136
317300, 44, 120, 16, 16, 88, 0, 306240, 2136
317300, 44, 120, 16, 12, 92, 0, 306240, 2136
317300, 44, 120, 16, 12, 92, 0, 306240, 2136
317300, 44, 120, 16, 12, 92, 0, 306240, 2136
317300, 40, 124, 16, 12, 92, 0, 306240, 2136
317300, 40, 124, 16, 12, 92, 0, 306240, 2136
317300, 40, 124, 16, 12, 92, 0, 306240, 2136
317300, 40, 124, 16, 12, 92, 0, 306240, 2136
317300, 40, 124, 16, 12, 92, 0, 306240, 2136
317300, 40, 124, 16, 12, 92, 0, 306240, 2136
317300, 40, 124, 12, 16, 92, 0, 306240, 2136
317300, 40, 124, 12, 16, 92, 0, 306240, 2136
317300, 40, 124, 12, 16, 92, 0, 306240, 2136
317300, 40, 124, 12, 16, 92, 0, 306240, 2136
317300, 40, 124, 12, 16, 92, 0, 306240, 2136
317300, 40, 124, 12, 16, 92, 0, 306240, 2136
317300, 40, 124, 12, 16, 92, 0, 306240, 2136
317300, 40, 124, 12, 16, 92, 0, 306240, 2136
317300, 40, 124, 12, 16, 92, 0, 306240, 2136
317296, 44, 124, 12, 16, 92, 0, 306240, 2136
317296, 44, 124, 12, 16, 92, 0, 306240, 2136
317296, 44, 124, 12, 16, 92, 0, 306240, 2136
317296, 44, 124, 12, 16, 92, 0, 306240, 2136
317296, 44, 124, 12, 16, 92, 0, 306240, 2136
317296, 44, 124, 12, 16, 92, 0, 306240, 2136
317296, 44, 124, 12, 16, 92, 0, 306240, 2136
317296, 44, 124, 12, 16, 92, 0, 306240, 2136
317296, 44, 124, 12, 16, 92, 0, 306240, 2136
317296, 44, 124, 12, 16, 92, 0, 306240, 2136
317296, 44, 124, 12, 16, 92, 0, 306240, 2136
317296, 44, 124, 12, 16, 92, 0, 306240, 2136
317296, 44, 124, 12, 16, 92, 0, 306240, 2136
317296, 44, 124, 12, 16, 92, 0, 306240, 2136
317296, 44, 124, 12, 16, 92, 0, 306240, 2136
317296, 44, 124, 12, 16, 92, 0, 306240, 2136
317296, 44, 124, 12, 16, 92, 0, 306240, 2136
317296, 44, 124, 12, 16, 92, 0, 306240, 2136
317296, 44, 124, 12, 16, 92, 0, 306240, 2136
317296, 44, 120, 12, 16, 92, 0, 306244, 2136
317296, 44, 120, 12, 16, 92, 0, 306244, 2136
317296, 44, 120, 12, 16, 92, 0, 306244, 2136
317296, 44, 120, 12, 16, 92, 0, 306244, 2136
317296, 44, 120, 12, 16, 92, 0, 306244, 2136
317296, 44, 120, 12, 16, 92, 0, 306244, 2136
317296, 44, 120, 12, 16, 92, 0, 306244, 2136
317296, 44, 120, 12, 16, 92, 0, 306244, 2136
317296, 44, 116, 12, 16, 92, 0, 306248, 2136
317296, 44, 116, 12, 16, 92, 0, 306248, 2136
317296, 44, 116, 12, 16, 92, 0, 306248, 2136
317296, 44, 116, 12, 16, 92, 0, 306248, 2136
317296, 44, 116, 12, 16, 92, 0, 306248, 2136
317296, 44, 116, 12, 16, 92, 0, 306248, 2136
317296, 44, 116, 12, 16, 92, 0, 306248, 2136
317296, 44, 116, 12, 16, 92, 0, 306248, 2136
317296, 44, 116, 12, 16, 92, 0, 306248, 2136
317296, 44, 116, 12, 16, 92, 0, 306248, 2136
317296, 44, 116, 12, 16, 92, 0, 306248, 2136
317296, 44, 116, 12, 16, 92, 0, 306248, 2136
317296, 44, 116, 12, 16, 92, 0, 306248, 2136
317296, 44, 116, 12, 16, 92, 0, 306248, 2136
317296, 40, 120, 12, 16, 92, 0, 306248, 2136
317296, 40, 120, 12, 16, 92, 0, 306248, 2136
317296, 40, 120, 12, 16, 92, 0, 306248, 2136
317296, 40, 120, 12, 16, 92, 0, 306248, 2136
317296, 40, 120, 12, 16, 92, 0, 306248, 2136
317296, 40, 120, 12, 16, 92, 0, 306248, 2136
317296, 40, 120, 12, 16, 92, 0, 306248, 2136
317296, 40, 120, 12, 16, 92, 0, 306248, 2136
317296, 40, 120, 12, 16, 92, 0, 306248, 2136
317296, 40, 120, 12, 16, 92, 0, 306248, 2136
317296, 40, 120, 12, 16, 92, 0, 306248, 2136
317296, 40, 120, 12, 16, 92, 0, 306248, 2136
317296, 40, 120, 12, 16, 92, 0, 306248, 2136
317296, 40, 120, 12, 16, 92, 0, 306248, 2136
317296, 40, 120, 12, 16, 92, 0, 306248, 2136
317296, 40, 120, 12, 16, 92, 0, 306248, 2136
317296, 40, 120, 12, 16, 92, 0, 306248, 2136
317296, 40, 120, 12, 16, 92, 0, 306248, 2136
317296, 40, 116, 12, 16, 92, 0, 306252, 2136
317296, 40, 116, 12, 16, 92, 0, 306252, 2136
317296, 40, 116, 12, 16, 92, 0, 306252, 2136
317296, 40, 116, 12, 16, 92, 0, 306252, 2136
317296, 40, 116, 12, 16, 92, 0, 306252, 2136
317296, 40, 116, 12, 16, 92, 0, 306252, 2136
317296, 40, 116, 12, 16, 92, 0, 306252, 2136
317296, 40, 116, 12, 16, 92, 0, 306252, 2136
317296, 40, 116, 12, 16, 92, 0, 306252, 2136
317296, 40, 116, 12, 16, 92, 0, 306252, 2136
317296, 40, 116, 12, 16, 92, 0, 306252, 2136
317296, 40, 116, 12, 16, 92, 0, 306252, 2136
317296, 40, 116, 12, 16, 92, 0, 306252, 2136
317296, 40, 116, 12, 16, 92, 0, 306252, 2136
317296, 40, 116, 12, 16, 92, 0, 306252, 2136
317296, 40, 116, 12, 16, 92, 0, 306252, 2136
317296, 40, 116, 12, 16, 92, 0, 306252, 2136
317296, 40, 116, 12, 16, 92, 0, 306252, 2136
317296, 40, 116, 12, 16, 92, 0, 306252, 2136
317296, 40, 116, 12, 16, 92, 0, 306252, 2136
317296, 40, 116, 12, 16, 92, 0, 306252, 2136
317296, 40, 116, 12, 16, 92, 0, 306252, 2136
317296, 40, 116, 12, 16, 92, 0, 306252, 2136
317296, 40, 116, 12, 16, 92, 0, 306252, 2136
317296, 40, 116, 12, 16, 92, 0, 306252, 2136
317296, 40, 116, 12, 16, 92, 0, 306252, 2136
317296, 40, 116, 12, 16, 92, 0, 306252, 2136
317296, 40, 116, 12, 16, 92, 0, 306252, 2136
317296, 40, 116, 12, 16, 92, 0, 306252, 2136
317296, 40, 116, 12, 16, 92, 0, 306252, 2136
317296, 40, 116, 12, 16, 92, 0, 306252, 2136
317296, 40, 112, 12, 16, 92, 0, 306256, 2136
317296, 40, 112, 12, 16, 92, 0, 306256, 2136
317296, 40, 112, 12, 16, 92, 0, 306256, 2136
317296, 40, 112, 8, 20, 92, 0, 306256, 2136
317296, 40, 112, 8, 16, 92, 0, 306260, 2136
317296, 40, 112, 8, 16, 92, 0, 306260, 2136
317296, 40, 112, 8, 16, 92, 0, 306260, 2136
317296, 40, 108, 8, 16, 92, 0, 306264, 2136
317296, 40, 108, 8, 16, 92, 0, 306264, 2136
317296, 40, 108, 8, 16, 92, 0, 306264, 2136
317296, 40, 108, 8, 16, 92, 0, 306264, 2136
317296, 40, 108, 8, 16, 92, 0, 306264, 2136
317296, 40, 108, 8, 16, 92, 0, 306264, 2136
317296, 40, 108, 8, 16, 92, 0, 306264, 2136
317296, 40, 108, 8, 16, 92, 0, 306264, 2136
317296, 40, 108, 8, 16, 92, 0, 306264, 2136
317296, 40, 108, 8, 16, 92, 0, 306264, 2136
317296, 40, 108, 8, 16, 92, 0, 306264, 2136
317296, 40, 108, 8, 16, 92, 0, 306264, 2136
317296, 40, 108, 8, 16, 88, 0, 306268, 2136
317296, 40, 108, 8, 16, 88, 0, 306268, 2136
317296, 40, 108, 8, 16, 88, 0, 306268, 2136
317296, 40, 108, 8, 16, 88, 0, 306268, 2136
317296, 40, 108, 8, 16, 88, 0, 306268, 2136
317296, 40, 104, 8, 16, 88, 0, 306272, 2136
317296, 40, 104, 8, 16, 88, 0, 306272, 2136
317296, 36, 108, 8, 16, 88, 0, 306272, 2136
317296, 36, 108, 8, 16, 88, 0, 306272, 2136
317296, 36, 108, 8, 16, 88, 0, 306272, 2136
317296, 36, 108, 8, 16, 88, 0, 306272, 2136
317296, 36, 108, 8, 16, 88, 0, 306272, 2136
317296, 36, 108, 8, 16, 88, 0, 306272, 2136
317296, 36, 108, 8, 16, 88, 0, 306272, 2136
317296, 36, 108, 8, 16, 88, 0, 306272, 2136
317296, 36, 108, 8, 16, 88, 0, 306272, 2136
317296, 36, 108, 8, 16, 88, 0, 306272, 2136
317296, 36, 108, 8, 16, 88, 0, 306272, 2136
317296, 36, 108, 8, 16, 88, 0, 306272, 2136
317296, 36, 108, 8, 16, 88, 0, 306272, 2136
317296, 36, 108, 8, 16, 88, 0, 306272, 2136
317296, 36, 108, 8, 16, 88, 0, 306272, 2136
317296, 36, 108, 8, 16, 88, 0, 306272, 2136
317296, 36, 108, 8, 16, 88, 0, 306272, 2136
317296, 36, 108, 8, 16, 88, 0, 306272, 2136
317296, 36, 108, 8, 16, 88, 0, 306272, 2136
317296, 36, 108, 8, 16, 88, 0, 306272, 2136
317296, 36, 108, 8, 16, 88, 0, 306272, 2136
317296, 36, 108, 8, 16, 88, 0, 306272, 2136
317296, 36, 108, 8, 16, 88, 0, 306272, 2136
317296, 36, 108, 8, 16, 88, 0, 306272, 2136
317296, 32, 108, 12, 16, 88, 0, 306272, 2136
317296, 32, 108, 12, 16, 88, 0, 306272, 2136
317296, 32, 108, 12, 16, 88, 0, 306272, 2136
317296, 32, 108, 12, 16, 88, 0, 306272, 2136
317296, 32, 108, 12, 16, 88, 0, 306272, 2136
317296, 32, 108, 12, 16, 88, 0, 306272, 2136
317296, 32, 108, 12, 16, 88, 0, 306272, 2136
317296, 32, 108, 12, 16, 88, 0, 306272, 2136
317296, 32, 108, 12, 16, 88, 0, 306272, 2136
317296, 32, 108, 12, 16, 88, 0, 306272, 2136
317296, 32, 108, 12, 16, 88, 0, 306272, 2136
317296, 32, 108, 12, 16, 88, 0, 306272, 2136
317296, 32, 108, 12, 16, 88, 0, 306272, 2136
317296, 32, 108, 12, 16, 88, 0, 306272, 2136
317296, 32, 108, 12, 16, 88, 0, 306272, 2136
317296, 28, 112, 12, 16, 88, 0, 306272, 2136
317296, 28, 112, 12, 16, 88, 0, 306272, 2136
317292, 32, 112, 12, 16, 88, 0, 306272, 2136
317292, 32, 112, 12, 16, 88, 0, 306272, 2136
317292, 32, 112, 12, 16, 88, 0, 306272, 2136
317292, 32, 112, 12, 16, 88, 0, 306272, 2136
317292, 32, 112, 12, 16, 88, 0, 306272, 2136
317292, 32, 112, 12, 16, 88, 0, 306272, 2136
317292, 32, 112, 12, 16, 88, 0, 306272, 2136
317292, 32, 112, 12, 16, 88, 0, 306272, 2136
317292, 32, 112, 12, 16, 88, 0, 306272, 2136
317292, 32, 112, 12, 16, 88, 0, 306272, 2136
317292, 32, 112, 12, 16, 88, 0, 306272, 2136
317292, 32, 112, 12, 16, 88, 0, 306272, 2136
317292, 32, 112, 12, 16, 88, 0, 306272, 2136
317292, 32, 112, 12, 16, 88, 0, 306272, 2136
317292, 32, 112, 12, 16, 88, 0, 306272, 2136
317292, 32, 112, 12, 16, 88, 0, 306272, 2136
317292, 32, 112, 12, 12, 88, 0, 306276, 2136
317292, 32, 112, 12, 12, 88, 0, 306276, 2136
317292, 32, 112, 12, 12, 88, 0, 306276, 2136
317292, 32, 112, 12, 12, 88, 0, 306276, 2136
317292, 32, 112, 12, 12, 88, 0, 306276, 2136
317292, 32, 112, 12, 12, 88, 0, 306276, 2136
317292, 32, 112, 12, 12, 88, 0, 306276, 2136
317292, 32, 112, 12, 12, 88, 0, 306276, 2136
317292, 32, 112, 12, 12, 88, 0, 306276, 2136
317292, 32, 112, 12, 12, 88, 0, 306276, 2136
317292, 32, 112, 12, 12, 88, 0, 306276, 2136
317292, 32, 112, 12, 12, 88, 0, 306276, 2136
317292, 32, 112, 12, 12, 88, 0, 306276, 2136
317292, 28, 116, 12, 12, 88, 0, 306276, 2136
317292, 28, 116, 12, 12, 88, 0, 306276, 2136
317292, 28, 116, 12, 12, 88, 0, 306276, 2136
317292, 28, 116, 12, 12, 88, 0, 306276, 2136
317292, 28, 116, 12, 12, 88, 0, 306276, 2136
317292, 28, 116, 12, 12, 88, 0, 306276, 2136
317292, 28, 116, 12, 12, 88, 0, 306276, 2136
317292, 28, 116, 12, 12, 88, 0, 306276, 2136
317292, 28, 116, 12, 12, 88, 0, 306276, 2136
317292, 28, 116, 12, 12, 88, 0, 306276, 2136
317292, 28, 116, 12, 12, 88, 0, 306276, 2136
317292, 28, 116, 12, 12, 88, 0, 306276, 2136
317292, 28, 116, 12, 12, 88, 0, 306276, 2136
317292, 28, 116, 12, 12, 88, 0, 306276, 2136
317292, 28, 116, 12, 12, 88, 0, 306276, 2136
317292, 28, 116, 12, 12, 88, 0, 306276, 2136
317292, 28, 116, 12, 12, 88, 0, 306276, 2136
317292, 28, 116, 12, 12, 88, 0, 306276, 2136
317292, 28, 116, 12, 12, 88, 0, 306276, 2136
317292, 28, 116, 12, 12, 88, 0, 306276, 2136
317292, 28, 112, 12, 12, 88, 0, 306280, 2136
317292, 28, 112, 12, 12, 88, 0, 306280, 2136
317292, 28, 112, 12, 12, 88, 0, 306280, 2136
317292, 28, 112, 12, 12, 88, 0, 306280, 2136
317292, 28, 112, 12, 12, 88, 0, 306280, 2136
317292, 28, 112, 12, 12, 88, 0, 306280, 2136
317292, 28, 112, 12, 12, 88, 0, 306280, 2136
317292, 28, 112, 12, 12, 88, 0, 306280, 2136
317292, 28, 112, 12, 12, 88, 0, 306280, 2136
317292, 28, 112, 12, 12, 88, 0, 306280, 2136
317292, 28, 112, 12, 12, 88, 0, 306280, 2136
317292, 28, 112, 12, 12, 88, 0, 306280, 2136
317292, 28, 112, 12, 12, 88, 0, 306280, 2136
317292, 28, 112, 12, 12, 88, 0, 306280, 2136
317292, 28, 112, 12, 12, 88, 0, 306280, 2136
317292, 28, 112, 12, 12, 88, 0, 306280, 2136
317292, 28, 112, 12, 12, 88, 0, 306280, 2136
317292, 28, 112, 12, 12, 88, 0, 306280, 2136
317292, 28, 112, 12, 12, 88, 0, 306280, 2136
317292, 28, 112, 12, 12, 88, 0, 306280, 2136
317292, 28, 112, 12, 12, 88, 0, 306280, 2136
317292, 28, 112, 12, 12, 88, 0, 306280, 2136
317292, 28, 112, 12, 12, 88, 0, 306280, 2136
317292, 28, 112, 12, 12, 88, 0, 306280, 2136
317288, 32, 112, 12, 12, 88, 0, 306280, 2136
317288, 32, 112, 12, 12, 88, 0, 306280, 2136
317288, 32, 112, 12, 12, 88, 0, 306280, 2136
317288, 32, 112, 12, 12, 88, 0, 306280, 2136
317288, 32, 112, 12, 12, 88, 0, 306280, 2136
317288, 32, 112, 12, 12, 88, 0, 306280, 2136
317288, 32, 112, 12, 12, 88, 0, 306280, 2136
317288, 32, 112, 12, 12, 88, 0, 306280, 2136
317288, 32, 112, 12, 12, 88, 0, 306280, 2136
317288, 32, 112, 12, 12, 88, 0, 306280, 2136
317288, 32, 108, 12, 12, 88, 0, 306284, 2136
317288, 32, 108, 12, 12, 88, 0, 306284, 2136
317288, 32, 108, 12, 12, 88, 0, 306284, 2136
317288, 32, 108, 12, 12, 88, 0, 306284, 2136
317288, 32, 108, 12, 12, 88, 0, 306284, 2136
317288, 32, 108, 12, 12, 88, 0, 306284, 2136
317288, 32, 108, 12, 12, 88, 0, 306284, 2136
317288, 32, 108, 12, 12, 88, 0, 306284, 2136
317288, 32, 108, 12, 12, 88, 0, 306284, 2136
317288, 32, 108, 12, 12, 88, 0, 306284, 2136
317288, 32, 108, 12, 12, 88, 0, 306284, 2136
317288, 32, 108, 12, 12, 88, 0, 306284, 2136
317288, 32, 108, 12, 12, 88, 0, 306284, 2136
317288, 32, 108, 12, 12, 88, 0, 306284, 2136
317288, 32, 108, 12, 12, 88, 0, 306284, 2136
317288, 32, 108, 12, 12, 88, 0, 306284, 2136
317288, 32, 108, 12, 12, 88, 0, 306284, 2136
317288, 32, 108, 12, 12, 88, 0, 306284, 2136
317288, 32, 108, 12, 12, 88, 0, 306284, 2136
317288, 32, 108, 12, 12, 88, 0, 306284, 2136
317288, 32, 108, 12, 12, 88, 0, 306284, 2136
317288, 32, 108, 12, 12, 88, 0, 306284, 2136
317288, 32, 108, 12, 12, 88, 0, 306284, 2136
317288, 32, 108, 12, 12, 88, 0, 306284, 2136
317288, 32, 108, 12, 12, 88, 0, 306284, 2136
317288, 32, 108, 12, 12, 88, 0, 306284, 2136
317288, 32, 104, 12, 12, 88, 0, 306288, 2136
317288, 32, 104, 12, 12, 88, 0, 306288, 2136
317288, 28, 108, 12, 12, 88, 0, 306288, 2136
317288, 28, 108, 12, 12, 88, 0, 306288, 2136
317288, 28, 108, 12, 12, 88, 0, 306288, 2136
317288, 28, 108, 12, 12, 88, 0, 306288, 2136
317288, 28, 108, 12, 12, 88, 0, 306288, 2136
317288, 28, 108, 12, 12, 88, 0, 306288, 2136
317288, 28, 108, 12, 12, 88, 0, 306288, 2136
317284, 32, 108, 12, 12, 88, 0, 306288, 2136
317284, 32, 108, 12, 12, 88, 0, 306288, 2136
317284, 32, 108, 12, 12, 88, 0, 306288, 2136
317284, 28, 112, 12, 12, 88, 0, 306288, 2136
317284, 28, 112, 12, 12, 88, 0, 306288, 2136
317284, 28, 112, 12, 12, 88, 0, 306288, 2136
317284, 28, 112, 12, 12, 88, 0, 306288, 2136
317284, 28, 112, 12, 12, 88, 0, 306288, 2136
317284, 28, 112, 12, 12, 88, 0, 306288, 2136
317280, 32, 112, 12, 12, 88, 0, 306288, 2136
317280, 32, 112, 12, 12, 88, 0, 306288, 2136
317280, 32, 112, 12, 12, 88, 0, 306288, 2136
317280, 32, 112, 12, 12, 88, 0, 306288, 2136
317280, 32, 112, 12, 12, 88, 0, 306288, 2136
317280, 32, 112, 12, 12, 88, 0, 306288, 2136
317280, 32, 112, 12, 12, 88, 0, 306288, 2136
317280, 32, 112, 12, 12, 88, 0, 306288, 2136
317280, 32, 112, 12, 12, 88, 0, 306288, 2136
317280, 32, 112, 12, 12, 88, 0, 306288, 2136
317280, 32, 112, 12, 12, 88, 0, 306288, 2136
317280, 32, 112, 12, 12, 88, 0, 306288, 2136
317280, 32, 112, 12, 12, 88, 0, 306288, 2136
317280, 32, 112, 12, 12, 88, 0, 306288, 2136
317280, 32, 112, 12, 12, 88, 0, 306288, 2136
317280, 32, 112, 12, 12, 88, 0, 306288, 2136
317280, 32, 112, 12, 12, 88, 0, 306288, 2136
317280, 32, 112, 12, 12, 88, 0, 306288, 2136
317280, 32, 112, 12, 12, 88, 0, 306288, 2136
317280, 32, 108, 12, 12, 88, 0, 306292, 2136
317280, 32, 108, 12, 12, 88, 0, 306292, 2136
317280, 32, 108, 12, 12, 88, 0, 306292, 2136
317280, 32, 108, 12, 12, 88, 0, 306292, 2136
317280, 32, 108, 12, 12, 88, 0, 306292, 2136
317280, 32, 108, 12, 12, 88, 0, 306292, 2136
317280, 32, 108, 12, 12, 88, 0, 306292, 2136
317280, 32, 108, 12, 12, 88, 0, 306292, 2136
317280, 32, 108, 12, 12, 88, 0, 306292, 2136
317280, 32, 108, 12, 12, 88, 0, 306292, 2136
317280, 32, 108, 12, 12, 88, 0, 306292, 2136
317280, 32, 108, 12, 12, 88, 0, 306292, 2136
317280, 32, 108, 12, 12, 88, 0, 306292, 2136
317280, 32, 108, 12, 12, 88, 0, 306292, 2136
317280, 32, 108, 12, 12, 88, 0, 306292, 2136
317280, 32, 108, 12, 12, 88, 0, 306292, 2136
317280, 32, 108, 12, 12, 88, 0, 306292, 2136
317276, 36, 108, 12, 12, 88, 0, 306292, 2136
317276, 36, 108, 12, 12, 88, 0, 306292, 2136
317276, 36, 108, 12, 12, 88, 0, 306292, 2136
317276, 36, 108, 12, 12, 88, 0, 306292, 2136
317276, 36, 108, 12, 12, 88, 0, 306292, 2136
317276, 36, 108, 12, 12, 88, 0, 306292, 2136
317276, 36, 108, 12, 8, 92, 0, 306292, 2136
317276, 36, 108, 12, 8, 92, 0, 306292, 2136
317276, 36, 108, 12, 8, 92, 0, 306292, 2136
317276, 36, 108, 12, 8, 92, 0, 306292, 2136
317276, 36, 108, 12, 8, 92, 0, 306292, 2136
317276, 36, 108, 12, 8, 92, 0, 306292, 2136
317276, 36, 108, 12, 8, 92, 0, 306292, 2136
317276, 36, 108, 12, 8, 92, 0, 306292, 2136
317276, 36, 108, 12, 8, 92, 0, 306292, 2136
317276, 36, 108, 12, 8, 92, 0, 306292, 2136
317276, 36, 108, 12, 8, 92, 0, 306292, 2136
317276, 36, 108, 12, 8, 92, 0, 306292, 2136
317276, 36, 108, 12, 8, 92, 0, 306292, 2136
317276, 36, 104, 12, 8, 92, 0, 306296, 2136
317276, 36, 104, 12, 8, 92, 0, 306296, 2136
317276, 36, 104, 12, 8, 92, 0, 306296, 2136
317276, 36, 104, 12, 8, 92, 0, 306296, 2136
317276, 36, 104, 12, 8, 92, 0, 306296, 2136
317276, 36, 104, 12, 8, 92, 0, 306296, 2136
317276, 36, 104, 12, 8, 92, 0, 306296, 2136
317276, 36, 104, 12, 8, 92, 0, 306296, 2136
317276, 36, 104, 12, 8, 92, 0, 306296, 2136
317276, 36, 104, 12, 8, 92, 0, 306296, 2136
317276, 36, 104, 12, 8, 92, 0, 306296, 2136
317276, 36, 104, 12, 8, 92, 0, 306296, 2136
317276, 36, 104, 12, 8, 92, 0, 306296, 2136
317276, 36, 104, 12, 8, 92, 0, 306296, 2136
317276, 36, 104, 12, 8, 92, 0, 306296, 2136
317276, 36, 104, 12, 8, 92, 0, 306296, 2136
317276, 36, 104, 12, 8, 92, 0, 306296, 2136
317276, 36, 104, 12, 8, 92, 0, 306296, 2136
317276, 36, 104, 12, 8, 92, 0, 306296, 2136
317276, 36, 104, 12, 8, 92, 0, 306296, 2136
317276, 36, 104, 12, 8, 92, 0, 306296, 2136
317272, 40, 104, 12, 8, 92, 0, 306296, 2136
317272, 40, 104, 12, 8, 92, 0, 306296, 2136
317272, 40, 104, 12, 8, 92, 0, 306296, 2136
317272, 40, 104, 12, 8, 92, 0, 306296, 2136
317272, 40, 104, 12, 8, 92, 0, 306296, 2136
317272, 40, 104, 12, 8, 92, 0, 306296, 2136
317272, 36, 108, 12, 8, 92, 0, 306296, 2136
317272, 36, 108, 12, 8, 92, 0, 306296, 2136
317272, 36, 108, 12, 8, 92, 0, 306296, 2136
317272, 36, 108, 12, 8, 92, 0, 306296, 2136
317272, 36, 108, 12, 8, 92, 0, 306296, 2136
317272, 36, 108, 12, 8, 92, 0, 306296, 2136
317272, 36, 108, 12, 8, 92, 0, 306296, 2136
317272, 36, 108, 12, 8, 92, 0, 306296, 2136
317272, 36, 108, 12, 8, 92, 0, 306296, 2136
317272, 36, 108, 12, 8, 92, 0, 306296, 2136
317272, 36, 108, 12, 8, 92, 0, 306296, 2136
317272, 36, 108, 12, 8, 92, 0, 306296, 2136
317272, 36, 108, 12, 8, 92, 0, 306296, 2136
317272, 36, 108, 12, 8, 92, 0, 306296, 2136
317272, 28, 116, 12, 8, 92, 0, 306296, 2136
317272, 28, 116, 12, 8, 92, 0, 306296, 2136
317272, 28, 116, 12, 8, 92, 0, 306296, 2136
317272, 28, 116, 12, 8, 92, 0, 306296, 2136
317272, 28, 116, 12, 8, 92, 0, 306296, 2136
317272, 28, 112, 12, 8, 92, 0, 306300, 2136
317272, 28, 112, 12, 8, 92, 0, 306300, 2136
317272, 28, 112, 12, 8, 92, 0, 306300, 2136
317272, 28, 112, 12, 8, 92, 0, 306300, 2136
317272, 28, 112, 12, 8, 92, 0, 306300, 2136
317272, 28, 112, 12, 8, 92, 0, 306300, 2136
317272, 28, 112, 12, 8, 92, 0, 306300, 2136
317272, 28, 112, 12, 8, 92, 0, 306300, 2136
317272, 28, 112, 12, 8, 92, 0, 306300, 2136
317272, 28, 112, 12, 8, 92, 0, 306300, 2136
317272, 28, 112, 12, 8, 92, 0, 306300, 2136
317272, 28, 112, 12, 8, 92, 0, 306300, 2136
317272, 28, 112, 12, 8, 92, 0, 306300, 2136
317272, 28, 112, 12, 8, 88, 0, 306304, 2136
317272, 28, 112, 12, 8, 88, 0, 306304, 2136
317272, 28, 112, 12, 8, 88, 0, 306304, 2136
317272, 28, 112, 12, 8, 88, 0, 306304, 2136
317272, 28, 112, 12, 8, 88, 0, 306304, 2136
317272, 28, 112, 12, 8, 88, 0, 306304, 2136
317272, 28, 112, 12, 8, 88, 0, 306304, 2136
317272, 28, 112, 12, 8, 88, 0, 306304, 2136
317272, 28, 112, 12, 8, 88, 0, 306304, 2136
317272, 28, 112, 12, 8, 88, 0, 306304, 2136
317272, 28, 112, 12, 8, 88, 0, 306304, 2136
317272, 28, 112, 12, 8, 88, 0, 306304, 2136
317272, 28, 112, 12, 8, 88, 0, 306304, 2136
317272, 24, 108, 16, 8, 88, 0, 306308, 2136
317272, 24, 108, 16, 8, 88, 0, 306308, 2136
317272, 24, 108, 16, 8, 88, 0, 306308, 2136
317272, 24, 108, 16, 8, 88, 0, 306308, 2136
317272, 24, 108, 16, 8, 88, 0, 306308, 2136
317272, 24, 108, 16, 8, 88, 0, 306308, 2136
317272, 20, 112, 16, 8, 88, 0, 306308, 2136
317272, 20, 112, 16, 8, 88, 0, 306308, 2136
317272, 20, 112, 16, 8, 88, 0, 306308, 2136
317272, 20, 112, 16, 8, 88, 0, 306308, 2136
317272, 20, 112, 16, 8, 88, 0, 306308, 2136
317272, 20, 112, 16, 8, 88, 0, 306308, 2136
317272, 20, 112, 16, 8, 88, 0, 306308, 2136
317272, 20, 112, 16, 8, 88, 0, 306308, 2136
317272, 20, 112, 16, 8, 88, 0, 306308, 2136
317272, 20, 112, 16, 8, 88, 0, 306308, 2136
317272, 20, 112, 16, 8, 88, 0, 306308, 2136
317272, 20, 112, 16, 8, 88, 0, 306308, 2136
317272, 20, 112, 16, 8, 88, 0, 306308, 2136
317272, 20, 112, 16, 8, 88, 0, 306308, 2136
317272, 20, 112, 16, 8, 88, 0, 306308, 2136
317272, 20, 112, 16, 8, 88, 0, 306308, 2136
317272, 20, 112, 16, 8, 88, 0, 306308, 2136
317272, 20, 112, 16, 8, 88, 0, 306308, 2136
317272, 20, 112, 16, 8, 88, 0, 306308, 2136
317272, 20, 112, 16, 8, 88, 0, 306308, 2136
317272, 20, 112, 16, 8, 88, 0, 306308, 2136
317272, 20, 112, 16, 8, 88, 0, 306308, 2136
317272, 20, 112, 16, 8, 88, 0, 306308, 2136
317272, 20, 112, 16, 8, 88, 0, 306308, 2136
317272, 20, 112, 16, 8, 88, 0, 306308, 2136
317272, 20, 112, 16, 8, 88, 0, 306308, 2136
317272, 20, 112, 16, 8, 88, 0, 306308, 2136
317272, 20, 112, 16, 8, 88, 0, 306308, 2136
317272, 20, 112, 16, 8, 88, 0, 306308, 2136
317272, 20, 112, 16, 8, 88, 0, 306308, 2136
317272, 20, 112, 16, 8, 88, 0, 306308, 2136
317272, 20, 112, 16, 8, 88, 0, 306308, 2136
317272, 20, 112, 16, 8, 88, 0, 306308, 2136
317272, 20, 108, 16, 8, 88, 0, 306312, 2136
317272, 20, 108, 16, 8, 88, 0, 306312, 2136
317272, 20, 108, 16, 8, 88, 0, 306312, 2136
317272, 20, 108, 16, 8, 88, 0, 306312, 2136
317272, 20, 108, 16, 8, 88, 0, 306312, 2136
317272, 20, 108, 16, 8, 88, 0, 306312, 2136
317272, 20, 108, 16, 8, 88, 0, 306312, 2136
317272, 20, 108, 16, 8, 88, 0, 306312, 2136
317272, 20, 108, 16, 8, 88, 0, 306312, 2136
317272, 20, 108, 16, 8, 88, 0, 306312, 2136
317272, 20, 108, 16, 8, 88, 0, 306312, 2136
317272, 20, 108, 16, 8, 88, 0, 306312, 2136
317272, 20, 108, 16, 8, 88, 0, 306312, 2136
317272, 20, 108, 16, 8, 88, 0, 306312, 2136
317272, 20, 108, 16, 8, 88, 0, 306312, 2136
317272, 20, 108, 16, 8, 88, 0, 306312, 2136
317272, 20, 108, 16, 8, 88, 0, 306312, 2136
317272, 20, 108, 16, 8, 88, 0, 306312, 2136
317272, 20, 108, 16, 8, 88, 0, 306312, 2136
317272, 20, 108, 16, 8, 88, 0, 306312, 2136
317272, 20, 108, 16, 8, 88, 0, 306312, 2136
317272, 20, 108, 16, 8, 88, 0, 306312, 2136
317272, 20, 108, 16, 8, 88, 0, 306312, 2136
317272, 20, 108, 16, 8, 88, 0, 306312, 2136
317272, 20, 108, 16, 8, 88, 0, 306312, 2136
317272, 20, 108, 16, 8, 88, 0, 306312, 2136
317272, 20, 108, 16, 8, 88, 0, 306312, 2136
317272, 20, 108, 16, 8, 88, 0, 306312, 2136
317272, 20, 108, 16, 8, 88, 0, 306312, 2136
317272, 20, 108, 16, 8, 88, 0, 306312, 2136
317272, 20, 108, 16, 8, 88, 0, 306312, 2136
317272, 20, 108, 16, 8, 88, 0, 306312, 2136
317272, 20, 108, 16, 8, 88, 0, 306312, 2136
317272, 20, 108, 16, 8, 88, 0, 306312, 2136
317272, 20, 108, 16, 8, 88, 0, 306312, 2136
317272, 20, 108, 16, 8, 88, 0, 306312, 2136
317272, 20, 108, 16, 8, 88, 0, 306312, 2136
317272, 20, 108, 16, 8, 88, 0, 306312, 2136
317272, 20, 108, 16, 8, 88, 0, 306312, 2136
317272, 20, 108, 16, 8, 88, 0, 306312, 2136
317272, 20, 108, 16, 8, 88, 0, 306312, 2136
317272, 20, 108, 16, 8, 88, 0, 306312, 2136
317272, 16, 112, 16, 8, 88, 0, 306312, 2136
317272, 16, 112, 16, 8, 88, 0, 306312, 2136
317272, 16, 112, 16, 8, 88, 0, 306312, 2136
317272, 16, 112, 16, 8, 88, 0, 306312, 2136
317272, 16, 112, 16, 8, 88, 0, 306312, 2136
317272, 16, 112, 16, 8, 88, 0, 306312, 2136
317272, 16, 112, 16, 8, 88, 0, 306312, 2136
317272, 16, 112, 16, 8, 88, 0, 306312, 2136
317272, 16, 112, 16, 8, 88, 0, 306312, 2136
317272, 16, 112, 16, 8, 88, 0, 306312, 2136
317272, 16, 112, 16, 8, 88, 0, 306312, 2136
317272, 16, 112, 16, 8, 88, 0, 306312, 2136
317272, 16, 112, 16, 8, 88, 0, 306312, 2136
317272, 16, 112, 16, 8, 88, 0, 306312, 2136
317272, 16, 112, 16, 8, 88, 0, 306312, 2136
317272, 16, 112, 16, 8, 88, 0, 306312, 2136
317272, 16, 112, 16, 8, 88, 0, 306312, 2136
317272, 16, 112, 16, 8, 88, 0, 306312, 2136
317272, 16, 112, 16, 8, 88, 0, 306312, 2136
317272, 16, 112, 16, 8, 88, 0, 306312, 2136
317272, 16, 112, 16, 8, 88, 0, 306312, 2136
317272, 16, 112, 16, 8, 88, 0, 306312, 2136
317272, 16, 112, 16, 8, 88, 0, 306312, 2136
317272, 16, 112, 16, 8, 88, 0, 306312, 2136
317272, 16, 112, 12, 12, 88, 0, 306312, 2136
317272, 12, 116, 12, 12, 88, 0, 306312, 2136
317272, 12, 116, 12, 12, 88, 0, 306312, 2136
317272, 12, 116, 12, 12, 88, 0, 306312, 2136
317272, 12, 116, 12, 12, 88, 0, 306312, 2136
317272, 12, 116, 12, 12, 88, 0, 306312, 2136
317272, 12, 116, 12, 12, 88, 0, 306312, 2136
317272, 12, 116, 12, 12, 88, 0, 306312, 2136
317272, 12, 116, 12, 12, 88, 0, 306312, 2136
317272, 12, 116, 12, 12, 88, 0, 306312, 2136
317272, 12, 116, 12, 12, 88, 0, 306312, 2136
317272, 12, 116, 12, 12, 88, 0, 306312, 2136
317272, 12, 116, 12, 12, 88, 0, 306312, 2136
317272, 12, 116, 12, 12, 88, 0, 306312, 2136
317272, 12, 116, 12, 12, 88, 0, 306312, 2136
317272, 12, 116, 12, 12, 88, 0, 306312, 2136
317272, 12, 116, 12, 12, 88, 0, 306312, 2136
317272, 12, 116, 12, 12, 88, 0, 306312, 2136
317272, 12, 116, 12, 12, 88, 0, 306312, 2136
317272, 12, 116, 12, 12, 88, 0, 306312, 2136
317272, 12, 116, 12, 12, 88, 0, 306312, 2136
317272, 12, 116, 12, 12, 88, 0, 306312, 2136
317272, 12, 116, 12, 12, 88, 0, 306312, 2136
317272, 12, 116, 12, 12, 88, 0, 306312, 2136
317272, 12, 112, 12, 12, 88, 0, 306316, 2136
317272, 12, 112, 12, 12, 88, 0, 306316, 2136
317272, 12, 112, 12, 12, 88, 0, 306316, 2136
317272, 12, 112, 12, 12, 88, 0, 306316, 2136
317272, 12, 112, 12, 12, 88, 0, 306316, 2136
317272, 12, 112, 12, 12, 88, 0, 306316, 2136
317272, 12, 112, 12, 12, 88, 0, 306316, 2136
317272, 12, 112, 12, 12, 88, 0, 306316, 2136
317272, 12, 112, 12, 12, 88, 0, 306316, 2136
317272, 12, 112, 12, 12, 88, 0, 306316, 2136
317272, 12, 112, 12, 12, 88, 0, 306316, 2136
317272, 12, 112, 12, 12, 88, 0, 306316, 2136
317272, 12, 112, 12, 12, 88, 0, 306316, 2136
317272, 12, 112, 12, 12, 84, 0, 306320, 2136
317272, 12, 112, 12, 12, 84, 0, 306320, 2136
317272, 12, 112, 12, 12, 84, 0, 306320, 2136
317272, 12, 112, 12, 12, 84, 0, 306320, 2136
317272, 12, 112, 12, 12, 84, 0, 306320, 2136
317272, 12, 108, 12, 12, 84, 0, 306324, 2136
317272, 12, 108, 12, 12, 84, 0, 306324, 2136
317272, 12, 108, 12, 12, 84, 0, 306324, 2136
317272, 12, 108, 12, 12, 84, 0, 306324, 2136
317272, 12, 108, 12, 12, 84, 0, 306324, 2136
317272, 12, 108, 12, 12, 84, 0, 306324, 2136
317272, 12, 108, 12, 12, 84, 0, 306324, 2136
317272, 12, 108, 12, 12, 84, 0, 306324, 2136
317272, 12, 108, 12, 12, 84, 0, 306324, 2136
317272, 12, 108, 12, 12, 84, 0, 306324, 2136
317272, 12, 108, 12, 12, 84, 0, 306324, 2136
317272, 12, 108, 12, 12, 84, 0, 306324, 2136
317272, 12, 108, 12, 12, 84, 0, 306324, 2136
317272, 12, 108, 12, 12, 84, 0, 306324, 2136
317272, 12, 108, 12, 12, 84, 0, 306324, 2136
317272, 12, 108, 12, 12, 84, 0, 306324, 2136
317272, 12, 108, 12, 12, 84, 0, 306324, 2136
317272, 12, 108, 12, 12, 84, 0, 306324, 2136
317272, 12, 108, 12, 12, 84, 0, 306324, 2136
317272, 12, 108, 12, 12, 80, 0, 306328, 2136
317272, 12, 108, 12, 12, 80, 0, 306328, 2136
317272, 12, 108, 12, 12, 80, 0, 306328, 2136
317272, 12, 108, 12, 12, 80, 0, 306328, 2136
317272, 12, 108, 12, 12, 80, 0, 306328, 2136
317272, 12, 108, 12, 12, 80, 0, 306328, 2136
317272, 12, 108, 12, 12, 80, 0, 306328, 2136
317272, 12, 108, 12, 12, 80, 0, 306328, 2136
317272, 8, 112, 12, 12, 80, 0, 306328, 2136
317272, 8, 112, 12, 12, 80, 0, 306328, 2136
317272, 8, 112, 12, 12, 80, 0, 306328, 2136
317272, 8, 112, 12, 12, 80, 0, 306328, 2136
317272, 8, 112, 12, 12, 80, 0, 306328, 2136
317272, 8, 112, 12, 12, 80, 0, 306328, 2136
317272, 8, 112, 12, 12, 80, 0, 306328, 2136
317272, 8, 112, 12, 12, 80, 0, 306328, 2136
317272, 8, 112, 12, 12, 80, 0, 306328, 2136
317272, 8, 112, 12, 12, 80, 0, 306328, 2136
317272, 8, 112, 12, 12, 80, 0, 306328, 2136
317272, 8, 112, 12, 12, 80, 0, 306328, 2136
317272, 8, 112, 12, 12, 80, 0, 306328, 2136
317272, 8, 112, 12, 12, 80, 0, 306328, 2136
317272, 8, 112, 12, 12, 80, 0, 306328, 2136
317272, 8, 112, 12, 12, 76, 0, 306332, 2136
317272, 8, 112, 12, 12, 76, 0, 306332, 2136
317272, 8, 112, 12, 12, 76, 0, 306332, 2136
317272, 8, 112, 12, 12, 76, 0, 306332, 2136
317272, 8, 112, 12, 12, 76, 0, 306332, 2136
317272, 8, 112, 12, 12, 76, 0, 306332, 2136
317272, 8, 112, 12, 12, 76, 0, 306332, 2136
317272, 8, 112, 12, 12, 76, 0, 306332, 2136
317272, 8, 112, 12, 12, 76, 0, 306332, 2136
317272, 8, 108, 12, 12, 76, 0, 306336, 2136
317272, 8, 108, 12, 12, 76, 0, 306336, 2136
317272, 8, 108, 12, 12, 76, 0, 306336, 2136
317272, 8, 108, 12, 12, 76, 0, 306336, 2136
317272, 8, 108, 12, 12, 76, 0, 306336, 2136
317272, 8, 108, 8, 16, 76, 0, 306336, 2136
317272, 8, 108, 8, 16, 76, 0, 306336, 2136
317272, 8, 108, 8, 16, 76, 0, 306336, 2136
317272, 8, 108, 8, 16, 76, 0, 306336, 2136
317272, 8, 108, 8, 16, 76, 0, 306336, 2136
317272, 8, 108, 8, 16, 76, 0, 306336, 2136
317272, 8, 108, 8, 16, 76, 0, 306336, 2136
317272, 8, 108, 8, 16, 76, 0, 306336, 2136
317272, 8, 108, 8, 16, 76, 0, 306336, 2136
317272, 8, 108, 8, 16, 76, 0, 306336, 2136
317272, 8, 108, 8, 16, 76, 0, 306336, 2136
317272, 8, 108, 8, 16, 76, 0, 306336, 2136
317272, 8, 108, 8, 16, 76, 0, 306336, 2136
317272, 8, 108, 8, 16, 76, 0, 306336, 2136
317272, 8, 108, 8, 16, 76, 0, 306336, 2136
317272, 8, 108, 8, 16, 76, 0, 306336, 2136
317272, 8, 108, 8, 16, 76, 0, 306336, 2136
317272, 8, 108, 8, 16, 76, 0, 306336, 2136
317272, 8, 108, 8, 16, 76, 0, 306336, 2136
317272, 8, 108, 8, 16, 76, 0, 306336, 2136
317272, 8, 108, 8, 16, 76, 0, 306336, 2136
317272, 8, 108, 8, 16, 76, 0, 306336, 2136
317272, 8, 108, 8, 16, 76, 0, 306336, 2136
317272, 8, 108, 8, 16, 76, 0, 306336, 2136
317272, 8, 108, 8, 16, 76, 0, 306336, 2136
317272, 8, 108, 8, 16, 76, 0, 306336, 2136
317272, 8, 108, 8, 16, 76, 0, 306336, 2136
317272, 8, 108, 8, 16, 76, 0, 306336, 2136
317272, 8, 108, 8, 16, 76, 0, 306336, 2136
317272, 8, 108, 8, 16, 76, 0, 306336, 2136
317272, 8, 108, 8, 16, 76, 0, 306336, 2136
317272, 8, 104, 8, 16, 76, 0, 306340, 2136
317272, 8, 104, 8, 16, 76, 0, 306340, 2136
317272, 8, 104, 8, 16, 76, 0, 306340, 2136
317272, 8, 104, 8, 16, 76, 0, 306340, 2136
317272, 8, 104, 8, 16, 76, 0, 306340, 2136
317272, 8, 104, 8, 16, 76, 0, 306340, 2136
317272, 8, 104, 8, 16, 76, 0, 306340, 2136
317272, 8, 104, 8, 16, 76, 0, 306340, 2136
317272, 8, 104, 8, 16, 76, 0, 306340, 2136
317272, 8, 104, 8, 16, 76, 0, 306340, 2136
317272, 8, 104, 8, 16, 76, 0, 306340, 2136
317272, 8, 104, 8, 16, 76, 0, 306340, 2136
317272, 8, 104, 8, 16, 76, 0, 306340, 2136
317272, 8, 104, 8, 16, 76, 0, 306340, 2136
317272, 8, 104, 8, 16, 76, 0, 306340, 2136
317272, 8, 104, 8, 16, 76, 0, 306340, 2136
317272, 8, 104, 8, 16, 76, 0, 306340, 2136
317272, 8, 104, 8, 16, 76, 0, 306340, 2136
317272, 8, 104, 8, 16, 76, 0, 306340, 2136
317272, 8, 104, 8, 16, 76, 0, 306340, 2136
317272, 8, 104, 8, 16, 76, 0, 306340, 2136
317272, 8, 104, 8, 16, 76, 0, 306340, 2136
317272, 8, 104, 8, 16, 76, 0, 306340, 2136
317272, 8, 104, 8, 16, 76, 0, 306340, 2136
317272, 8, 104, 8, 16, 76, 0, 306340, 2136
317272, 8, 104, 8, 16, 76, 0, 306340, 2136
317272, 8, 104, 8, 16, 76, 0, 306340, 2136
317272, 8, 104, 8, 16, 76, 0, 306340, 2136
317272, 8, 104, 8, 16, 76, 0, 306340, 2136
317272, 8, 104, 8, 16, 76, 0, 306340, 2136
317272, 8, 104, 8, 16, 76, 0, 306340, 2136
317272, 8, 104, 8, 16, 76, 0, 306340, 2136
317272, 8, 100, 8, 16, 76, 0, 306344, 2136
317272, 8, 100, 8, 16, 76, 0, 306344, 2136
317272, 8, 100, 8, 16, 76, 0, 306344, 2136
317272, 8, 100, 8, 16, 76, 0, 306344, 2136
317272, 8, 100, 8, 16, 76, 0, 306344, 2136
317272, 8, 100, 8, 16, 76, 0, 306344, 2136
317272, 8, 100, 8, 16, 76, 0, 306344, 2136
317272, 8, 100, 8, 16, 76, 0, 306344, 2136
317272, 8, 100, 8, 16, 76, 0, 306344, 2136
317272, 8, 100, 8, 16, 76, 0, 306344, 2136
317272, 8, 100, 8, 16, 76, 0, 306344, 2136
317272, 8, 100, 8, 16, 76, 0, 306344, 2136
317272, 8, 100, 8, 16, 76, 0, 306344, 2136
317272, 8, 100, 8, 16, 76, 0, 306344, 2136
317272, 8, 96, 8, 16, 76, 0, 306348, 2136
317272, 8, 96, 8, 16, 76, 0, 306348, 2136
317268, 12, 96, 8, 16, 76, 0, 306348, 2136
317268, 12, 96, 8, 16, 76, 0, 306348, 2136
317268, 12, 96, 8, 16, 76, 0, 306348, 2136
317268, 12, 96, 8, 16, 76, 0, 306348, 2136
317268, 12, 96, 8, 16, 76, 0, 306348, 2136
317268, 12, 96, 8, 16, 76, 0, 306348, 2136
317268, 12, 96, 8, 16, 76, 0, 306348, 2136
317268, 12, 96, 8, 16, 76, 0, 306348, 2136
317268, 12, 96, 8, 16, 76, 0, 306348, 2136
317268, 12, 96, 8, 16, 76, 0, 306348, 2136
317268, 12, 96, 8, 16, 76, 0, 306348, 2136
317268, 12, 96, 8, 16, 76, 0, 306348, 2136
317268, 12, 96, 8, 16, 76, 0, 306348, 2136
317268, 12, 96, 8, 16, 76, 0, 306348, 2136
317268, 12, 96, 8, 16, 76, 0, 306348, 2136
317268, 12, 96, 8, 16, 76, 0, 306348, 2136
317268, 12, 96, 8, 16, 76, 0, 306348, 2136
317268, 12, 96, 8, 16, 76, 0, 306348, 2136
317268, 12, 96, 8, 16, 76, 0, 306348, 2136
317268, 12, 96, 8, 16, 76, 0, 306348, 2136
317268, 12, 96, 8, 16, 76, 0, 306348, 2136
317268, 12, 92, 8, 16, 76, 0, 306352, 2136
317268, 12, 92, 8, 16, 76, 0, 306352, 2136
317268, 12, 92, 8, 16, 76, 0, 306352, 2136
317268, 12, 92, 8, 16, 76, 0, 306352, 2136
317268, 12, 92, 8, 16, 76, 0, 306352, 2136
317268, 12, 92, 8, 16, 76, 0, 306352, 2136
317268, 12, 92, 8, 16, 76, 0, 306352, 2136
317268, 12, 92, 8, 16, 76, 0, 306352, 2136
317268, 12, 92, 8, 16, 76, 0, 306352, 2136
317268, 12, 92, 8, 16, 76, 0, 306352, 2136
317268, 12, 92, 8, 16, 76, 0, 306352, 2136
317268, 12, 92, 8, 16, 76, 0, 306352, 2136
317268, 12, 92, 8, 16, 76, 0, 306352, 2136
317268, 12, 92, 8, 16, 76, 0, 306352, 2136
317268, 12, 92, 8, 16, 76, 0, 306352, 2136
317268, 12, 92, 8, 16, 76, 0, 306352, 2136
317268, 12, 92, 8, 16, 76, 0, 306352, 2136
317268, 12, 92, 8, 16, 76, 0, 306352, 2136
317268, 12, 92, 8, 16, 76, 0, 306352, 2136
317268, 12, 92, 8, 16, 76, 0, 306352, 2136
317268, 12, 92, 8, 16, 76, 0, 306352, 2136
317268, 12, 92, 8, 16, 76, 0, 306352, 2136
317268, 12, 92, 8, 16, 76, 0, 306352, 2136
317268, 12, 92, 8, 16, 76, 0, 306352, 2136
317268, 12, 92, 8, 16, 76, 0, 306352, 2136
317268, 12, 92, 8, 16, 76, 0, 306352, 2136
317268, 12, 92, 8, 16, 76, 0, 306352, 2136
317268, 12, 92, 8, 16, 76, 0, 306352, 2136
317268, 12, 92, 8, 16, 76, 0, 306352, 2136
317268, 12, 92, 8, 16, 76, 0, 306352, 2136
317268, 12, 92, 8, 16, 76, 0, 306352, 2136
317268, 12, 92, 8, 16, 76, 0, 306352, 2136
317268, 12, 92, 8, 16, 76, 0, 306352, 2136
317268, 12, 92, 8, 16, 76, 0, 306352, 2136
317268, 12, 92, 8, 16, 76, 0, 306352, 2136
317268, 12, 92, 8, 16, 76, 0, 306352, 2136
317268, 12, 92, 8, 16, 76, 0, 306352, 2136
317268, 12, 92, 8, 16, 76, 0, 306352, 2136
317268, 12, 92, 8, 16, 76, 0, 306352, 2136
317268, 12, 92, 8, 16, 76, 0, 306352, 2136
317268, 12, 92, 8, 16, 76, 0, 306352, 2136
317268, 12, 92, 8, 16, 76, 0, 306352, 2136
317268, 12, 92, 8, 16, 76, 0, 306352, 2136
317268, 12, 92, 8, 16, 76, 0, 306352, 2136
317268, 12, 92, 8, 16, 76, 0, 306352, 2136
317268, 12, 92, 8, 16, 76, 0, 306352, 2136
317268, 12, 92, 8, 16, 76, 0, 306352, 2136
317268, 12, 92, 8, 16, 76, 0, 306352, 2136
317268, 12, 92, 8, 16, 76, 0, 306352, 2136
317268, 12, 92, 8, 16, 76, 0, 306352, 2136
317268, 12, 92, 8, 16, 76, 0, 306352, 2136
317268, 12, 92, 8, 16, 76, 0, 306352, 2136
317268, 12, 92, 8, 16, 76, 0, 306352, 2136
317268, 12, 92, 8, 16, 76, 0, 306352, 2136
317268, 12, 92, 8, 16, 76, 0, 306352, 2136
317268, 12, 92, 8, 16, 76, 0, 306352, 2136
317268, 12, 92, 8, 16, 76, 0, 306352, 2136
317268, 12, 92, 8, 16, 76, 0, 306352, 2136
317268, 12, 92, 8, 16, 76, 0, 306352, 2136
317268, 12, 92, 8, 16, 76, 0, 306352, 2136
317268, 12, 92, 8, 16, 76, 0, 306352, 2136
317268, 12, 92, 8, 16, 76, 0, 306352, 2136
317268, 12, 92, 8, 16, 76, 0, 306352, 2136
317268, 12, 92, 8, 16, 76, 0, 306352, 2136
317268, 12, 92, 8, 16, 76, 0, 306352, 2136
317268, 12, 92, 8, 16, 76, 0, 306352, 2136
317268, 12, 92, 8, 16, 76, 0, 306352, 2136
317268, 12, 92, 8, 16, 76, 0, 306352, 2136
317268, 12, 92, 8, 16, 76, 0, 306352, 2136
317268, 12, 92, 8, 16, 76, 0, 306352, 2136
317268, 12, 92, 8, 16, 76, 0, 306352, 2136
317268, 12, 92, 8, 16, 76, 0, 306352, 2136
317268, 12, 92, 8, 16, 76, 0, 306352, 2136
317268, 12, 92, 8, 16, 76, 0, 306352, 2136
317268, 12, 92, 8, 16, 76, 0, 306352, 2136
317268, 12, 92, 8, 16, 76, 0, 306352, 2136
317268, 12, 92, 8, 16, 76, 0, 306352, 2136
317268, 12, 92, 8, 16, 76, 0, 306352, 2136
317268, 12, 92, 8, 16, 76, 0, 306352, 2136
317268, 12, 92, 8, 16, 76, 0, 306352, 2136
317268, 12, 92, 8, 16, 76, 0, 306352, 2136
317268, 12, 92, 8, 16, 76, 0, 306352, 2136
317268, 12, 92, 8, 16, 76, 0, 306352, 2136
317268, 12, 92, 8, 16, 76, 0, 306352, 2136
317268, 12, 92, 8, 16, 76, 0, 306352, 2136
317268, 12, 92, 8, 16, 76, 0, 306352, 2136
317268, 12, 92, 8, 16, 76, 0, 306352, 2136
317268, 12, 92, 8, 16, 76, 0, 306352, 2136
317268, 12, 92, 8, 16, 76, 0, 306352, 2136
317268, 12, 92, 8, 16, 76, 0, 306352, 2136
317268, 12, 92, 8, 16, 76, 0, 306352, 2136
317268, 12, 92, 8, 16, 76, 0, 306352, 2136
317268, 12, 92, 8, 16, 76, 0, 306352, 2136
317268, 12, 92, 8, 16, 76, 0, 306352, 2136
317268, 12, 92, 8, 16, 76, 0, 306352, 2136
317268, 12, 92, 8, 16, 76, 0, 306352, 2136
317268, 12, 92, 8, 16, 76, 0, 306352, 2136
317268, 12, 92, 8, 16, 76, 0, 306352, 2136
317268, 12, 92, 8, 16, 76, 0, 306352, 2136
317268, 12, 92, 8, 16, 76, 0, 306352, 2136
317268, 12, 88, 8, 16, 76, 0, 306356, 2136
317268, 12, 88, 8, 16, 76, 0, 306356, 2136
317268, 12, 88, 8, 16, 76, 0, 306356, 2136
317268, 12, 88, 8, 16, 76, 0, 306356, 2136
317268, 12, 88, 8, 16, 76, 0, 306356, 2136
317268, 12, 88, 8, 16, 76, 0, 306356, 2136
317268, 12, 88, 8, 16, 76, 0, 306356, 2136
317268, 12, 88, 8, 16, 76, 0, 306356, 2136
317268, 12, 88, 8, 16, 76, 0, 306356, 2136
317268, 12, 88, 8, 16, 76, 0, 306356, 2136
317268, 12, 88, 8, 16, 76, 0, 306356, 2136
317268, 12, 88, 8, 16, 76, 0, 306356, 2136
317268, 12, 88, 8, 16, 76, 0, 306356, 2136
317268, 12, 88, 8, 16, 76, 0, 306356, 2136
317268, 12, 88, 8, 16, 76, 0, 306356, 2136
317268, 12, 88, 8, 16, 76, 0, 306356, 2136
317268, 8, 92, 8, 16, 76, 0, 306356, 2136
317268, 8, 92, 8, 16, 76, 0, 306356, 2136
317268, 8, 92, 8, 16, 76, 0, 306356, 2136
317264, 12, 92, 8, 16, 76, 0, 306356, 2136
317264, 12, 92, 8, 16, 76, 0, 306356, 2136
317264, 12, 92, 8, 16, 76, 0, 306356, 2136
317264, 12, 92, 8, 16, 76, 0, 306356, 2136
317264, 12, 92, 8, 16, 76, 0, 306356, 2136
317264, 12, 92, 8, 16, 76, 0, 306356, 2136
317264, 8, 96, 8, 16, 76, 0, 306356, 2136
317264, 8, 96, 8, 16, 76, 0, 306356, 2136
317264, 8, 96, 8, 16, 76, 0, 306356, 2136
317264, 8, 96, 8, 16, 76, 0, 306356, 2136
317264, 8, 96, 8, 16, 76, 0, 306356, 2136
317264, 8, 96, 8, 16, 76, 0, 306356, 2136
317264, 8, 96, 8, 16, 76, 0, 306356, 2136
317264, 8, 96, 8, 16, 76, 0, 306356, 2136
317264, 8, 96, 8, 16, 76, 0, 306356, 2136
317264, 8, 96, 8, 16, 76, 0, 306356, 2136
317264, 8, 96, 8, 16, 76, 0, 306356, 2136
317264, 8, 96, 8, 16, 76, 0, 306356, 2136
317264, 8, 96, 8, 16, 76, 0, 306356, 2136
317264, 8, 96, 8, 16, 76, 0, 306356, 2136
317264, 8, 96, 8, 16, 76, 0, 306356, 2136
317264, 8, 96, 8, 16, 76, 0, 306356, 2136
317264, 8, 96, 8, 16, 76, 0, 306356, 2136
317264, 8, 96, 8, 16, 76, 0, 306356, 2136
317264, 8, 96, 8, 16, 76, 0, 306356, 2136
317264, 8, 96, 8, 16, 76, 0, 306356, 2136
317264, 8, 96, 8, 16, 76, 0, 306356, 2136
317264, 8, 96, 8, 16, 76, 0, 306356, 2136
317264, 8, 96, 8, 16, 76, 0, 306356, 2136
317264, 8, 96, 8, 16, 76, 0, 306356, 2136
317264, 8, 96, 8, 16, 76, 0, 306356, 2136
317264, 8, 96, 8, 16, 76, 0, 306356, 2136
317264, 8, 96, 8, 16, 76, 0, 306356, 2136
317264, 8, 96, 8, 16, 76, 0, 306356, 2136
317264, 8, 96, 8, 16, 76, 0, 306356, 2136
317264, 8, 96, 8, 16, 76, 0, 306356, 2136
317264, 8, 96, 8, 16, 76, 0, 306356, 2136
317264, 8, 96, 8, 16, 76, 0, 306356, 2136
317264, 8, 96, 8, 16, 76, 0, 306356, 2136
317264, 8, 96, 8, 16, 76, 0, 306356, 2136
317264, 8, 96, 8, 16, 76, 0, 306356, 2136
317264, 8, 96, 8, 16, 72, 0, 306360, 2136
317264, 8, 96, 8, 16, 72, 0, 306360, 2136
317264, 8, 96, 8, 16, 72, 0, 306360, 2136
317264, 8, 96, 8, 16, 72, 0, 306360, 2136
317264, 8, 96, 8, 16, 72, 0, 306360, 2136
317264, 8, 96, 8, 16, 72, 0, 306360, 2136
317264, 8, 96, 8, 16, 72, 0, 306360, 2136
317264, 8, 96, 8, 16, 72, 0, 306360, 2136
317264, 8, 96, 8, 16, 72, 0, 306360, 2136
317264, 8, 96, 8, 16, 72, 0, 306360, 2136
317264, 8, 96, 8, 16, 72, 0, 306360, 2136
317264, 8, 96, 8, 16, 72, 0, 306360, 2136
317264, 8, 96, 8, 16, 72, 0, 306360, 2136
317264, 8, 96, 8, 16, 72, 0, 306360, 2136
317264, 8, 96, 8, 16, 72, 0, 306360, 2136
317264, 8, 96, 8, 16, 68, 0, 306364, 2136
317264, 8, 96, 8, 16, 68, 0, 306364, 2136
317264, 8, 96, 8, 16, 68, 0, 306364, 2136
317264, 8, 96, 8, 16, 68, 0, 306364, 2136
317264, 8, 96, 8, 16, 68, 0, 306364, 2136
317264, 8, 96, 8, 16, 68, 0, 306364, 2136
317264, 8, 96, 8, 16, 68, 0, 306364, 2136
317264, 8, 96, 8, 16, 68, 0, 306364, 2136
317264, 8, 96, 8, 16, 68, 0, 306364, 2136
317264, 8, 96, 8, 16, 68, 0, 306364, 2136
317264, 8, 96, 8, 16, 68, 0, 306364, 2136
317264, 8, 96, 8, 16, 68, 0, 306364, 2136
317264, 8, 96, 8, 16, 68, 0, 306364, 2136
317264, 8, 96, 8, 16, 68, 0, 306364, 2136
317264, 8, 96, 8, 16, 68, 0, 306364, 2136
317264, 8, 96, 8, 16, 68, 0, 306364, 2136
317264, 8, 96, 8, 16, 68, 0, 306364, 2136
317264, 8, 96, 8, 16, 68, 0, 306364, 2136
317264, 8, 96, 8, 16, 68, 0, 306364, 2136
317264, 8, 96, 8, 16, 68, 0, 306364, 2136
317264, 8, 96, 8, 16, 68, 0, 306364, 2136
317264, 8, 96, 8, 16, 68, 0, 306364, 2136
317264, 8, 96, 8, 16, 68, 0, 306364, 2136
317264, 8, 96, 8, 16, 68, 0, 306364, 2136
317264, 8, 96, 8, 16, 68, 0, 306364, 2136
317264, 8, 96, 8, 16, 68, 0, 306364, 2136
317264, 8, 96, 8, 16, 68, 0, 306364, 2136
317264, 8, 96, 8, 16, 68, 0, 306364, 2136
317264, 8, 96, 8, 16, 68, 0, 306364, 2136
317264, 8, 96, 8, 16, 68, 0, 306364, 2136
317264, 8, 96, 8, 16, 68, 0, 306364, 2136
317264, 8, 96, 8, 16, 68, 0, 306364, 2136
317264, 8, 96, 8, 16, 68, 0, 306364, 2136
317264, 8, 96, 8, 16, 68, 0, 306364, 2136
317264, 8, 96, 8, 16, 68, 0, 306364, 2136
317264, 8, 96, 8, 16, 68, 0, 306364, 2136
317264, 8, 96, 8, 16, 68, 0, 306364, 2136
317264, 8, 96, 8, 16, 68, 0, 306364, 2136
317264, 8, 96, 8, 16, 68, 0, 306364, 2136
317264, 8, 96, 8, 16, 68, 0, 306364, 2136
317264, 8, 96, 8, 16, 68, 0, 306364, 2136
317264, 8, 96, 8, 16, 68, 0, 306364, 2136
317264, 8, 96, 8, 16, 68, 0, 306364, 2136
317264, 8, 96, 8, 16, 68, 0, 306364, 2136
317264, 8, 96, 8, 16, 68, 0, 306364, 2136
317264, 8, 96, 8, 16, 68, 0, 306364, 2136
317264, 8, 96, 8, 16, 68, 0, 306364, 2136
317264, 8, 96, 8, 16, 68, 0, 306364, 2136
317264, 8, 96, 8, 16, 68, 0, 306364, 2136
317264, 8, 96, 8, 16, 68, 0, 306364, 2136
317264, 8, 96, 8, 16, 68, 0, 306364, 2136
317264, 8, 96, 8, 16, 68, 0, 306364, 2136
317264, 8, 96, 8, 16, 68, 0, 306364, 2136
317264, 8, 96, 8, 16, 68, 0, 306364, 2136
317264, 8, 96, 8, 16, 68, 0, 306364, 2136
317264, 8, 96, 8, 16, 68, 0, 306364, 2136
317264, 8, 96, 8, 16, 68, 0, 306364, 2136
317264, 8, 96, 8, 16, 68, 0, 306364, 2136
317264, 8, 96, 8, 16, 68, 0, 306364, 2136
317264, 8, 96, 8, 16, 68, 0, 306364, 2136
317264, 8, 96, 8, 16, 68, 0, 306364, 2136
317264, 8, 96, 8, 16, 68, 0, 306364, 2136
317264, 8, 96, 8, 16, 68, 0, 306364, 2136
317264, 8, 96, 8, 16, 68, 0, 306364, 2136
317264, 8, 96, 8, 16, 68, 0, 306364, 2136
317264, 8, 96, 8, 16, 68, 0, 306364, 2136
317264, 8, 96, 8, 16, 68, 0, 306364, 2136
317264, 8, 96, 8, 16, 68, 0, 306364, 2136
317264, 8, 96, 4, 20, 68, 0, 306364, 2136
317264, 8, 96, 4, 20, 68, 0, 306364, 2136
317264, 8, 96, 4, 20, 68, 0, 306364, 2136
317264, 8, 96, 4, 20, 68, 0, 306364, 2136
317264, 8, 96, 4, 20, 68, 0, 306364, 2136
317264, 8, 96, 4, 20, 68, 0, 306364, 2136
317264, 8, 96, 4, 20, 68, 0, 306364, 2136
317264, 8, 96, 4, 20, 68, 0, 306364, 2136
317264, 8, 96, 4, 20, 68, 0, 306364, 2136
317264, 8, 96, 4, 20, 68, 0, 306364, 2136
317264, 8, 96, 4, 20, 68, 0, 306364, 2136
317264, 8, 96, 4, 20, 68, 0, 306364, 2136
317264, 8, 96, 4, 20, 68, 0, 306364, 2136
317264, 8, 96, 4, 20, 68, 0, 306364, 2136
317264, 8, 96, 4, 20, 68, 0, 306364, 2136
317264, 8, 96, 4, 20, 68, 0, 306364, 2136
317264, 8, 96, 4, 20, 68, 0, 306364, 2136
317264, 8, 96, 4, 20, 68, 0, 306364, 2136
317264, 8, 96, 4, 20, 68, 0, 306364, 2136
317264, 8, 96, 4, 20, 68, 0, 306364, 2136
317264, 8, 96, 4, 20, 68, 0, 306364, 2136
317264, 8, 96, 4, 20, 68, 0, 306364, 2136
317264, 8, 96, 4, 20, 68, 0, 306364, 2136
317264, 8, 96, 4, 20, 68, 0, 306364, 2136
317264, 8, 96, 4, 20, 68, 0, 306364, 2136
317264, 8, 96, 4, 20, 68, 0, 306364, 2136
317264, 8, 96, 4, 20, 68, 0, 306364, 2136
317264, 8, 96, 4, 20, 68, 0, 306364, 2136
317264, 8, 96, 4, 20, 68, 0, 306364, 2136
317264, 8, 96, 4, 20, 68, 0, 306364, 2136
317264, 8, 96, 4, 20, 68, 0, 306364, 2136
317264, 8, 96, 4, 20, 68, 0, 306364, 2136
317264, 8, 96, 4, 20, 68, 0, 306364, 2136
317264, 8, 96, 4, 20, 68, 0, 306364, 2136
317264, 8, 96, 4, 20, 68, 0, 306364, 2136
317264, 8, 96, 4, 20, 68, 0, 306364, 2136
317264, 8, 96, 4, 20, 68, 0, 306364, 2136
317264, 8, 96, 4, 20, 68, 0, 306364, 2136
317264, 8, 96, 4, 20, 68, 0, 306364, 2136
317264, 8, 96, 4, 20, 68, 0, 306364, 2136
317264, 8, 96, 4, 20, 68, 0, 306364, 2136
317264, 8, 96, 4, 20, 68, 0, 306364, 2136
317264, 8, 96, 4, 20, 68, 0, 306364, 2136
317264, 8, 96, 4, 20, 68, 0, 306364, 2136
317264, 8, 96, 4, 20, 68, 0, 306364, 2136
317264, 8, 96, 4, 20, 68, 0, 306364, 2136
317264, 8, 96, 4, 20, 68, 0, 306364, 2136
317264, 8, 96, 4, 20, 68, 0, 306364, 2136
317264, 8, 96, 4, 20, 68, 0, 306364, 2136
317264, 8, 96, 4, 20, 68, 0, 306364, 2136
317264, 8, 96, 4, 20, 68, 0, 306364, 2136
317264, 8, 96, 4, 20, 68, 0, 306364, 2136
317264, 8, 96, 4, 20, 68, 0, 306364, 2136
317264, 8, 96, 4, 20, 68, 0, 306364, 2136
317264, 8, 96, 4, 20, 68, 0, 306364, 2136
317264, 8, 96, 4, 20, 68, 0, 306364, 2136
317264, 8, 96, 4, 20, 68, 0, 306364, 2136
317264, 8, 96, 4, 20, 68, 0, 306364, 2136
317264, 8, 96, 4, 20, 68, 0, 306364, 2136
317264, 8, 96, 4, 20, 68, 0, 306364, 2136
317264, 8, 96, 4, 20, 68, 0, 306364, 2136
317264, 8, 96, 4, 20, 68, 0, 306364, 2136
317264, 8, 96, 4, 20, 68, 0, 306364, 2136
317264, 8, 96, 4, 20, 68, 0, 306364, 2136
317264, 8, 96, 4, 20, 68, 0, 306364, 2136
317264, 8, 96, 4, 20, 68, 0, 306364, 2136
317264, 8, 96, 4, 20, 68, 0, 306364, 2136
317264, 8, 96, 4, 20, 68, 0, 306364, 2136
317264, 8, 96, 4, 20, 68, 0, 306364, 2136
317264, 8, 96, 4, 20, 68, 0, 306364, 2136
317264, 8, 92, 4, 20, 68, 0, 306368, 2136
317264, 8, 92, 4, 20, 68, 0, 306368, 2136
317264, 8, 92, 4, 20, 68, 0, 306368, 2136
317264, 8, 92, 4, 20, 68, 0, 306368, 2136
317264, 8, 92, 4, 20, 68, 0, 306368, 2136
317264, 8, 92, 4, 20, 68, 0, 306368, 2136
317264, 8, 92, 4, 20, 68, 0, 306368, 2136
317264, 8, 92, 4, 20, 68, 0, 306368, 2136
317264, 8, 92, 4, 20, 68, 0, 306368, 2136
317264, 8, 92, 4, 20, 68, 0, 306368, 2136
317264, 8, 92, 4, 20, 68, 0, 306368, 2136
317264, 8, 92, 4, 20, 68, 0, 306368, 2136
317264, 8, 92, 4, 20, 68, 0, 306368, 2136
317264, 8, 92, 4, 20, 68, 0, 306368, 2136
317264, 8, 92, 4, 20, 68, 0, 306368, 2136
317264, 8, 92, 4, 20, 68, 0, 306368, 2136
317264, 8, 92, 4, 20, 68, 0, 306368, 2136
317264, 8, 92, 4, 20, 68, 0, 306368, 2136
317264, 8, 92, 4, 20, 68, 0, 306368, 2136
317264, 8, 92, 4, 20, 68, 0, 306368, 2136
317264, 8, 88, 4, 20, 68, 0, 306372, 2136
317264, 8, 88, 4, 20, 68, 0, 306372, 2136
317264, 8, 88, 4, 20, 68, 0, 306372, 2136
317264, 8, 88, 4, 20, 68, 0, 306372, 2136
317264, 8, 88, 4, 20, 68, 0, 306372, 2136
317264, 8, 88, 4, 20, 68, 0, 306372, 2136
317264, 8, 88, 4, 20, 68, 0, 306372, 2136
317264, 8, 88, 4, 20, 68, 0, 306372, 2136
317264, 8, 88, 4, 20, 68, 0, 306372, 2136
317264, 8, 88, 4, 20, 68, 0, 306372, 2136
317264, 8, 88, 4, 20, 68, 0, 306372, 2136
317264, 8, 88, 4, 20, 68, 0, 306372, 2136
317264, 8, 88, 4, 20, 68, 0, 306372, 2136
317264, 8, 88, 4, 20, 68, 0, 306372, 2136
317264, 8, 88, 4, 20, 68, 0, 306372, 2136
317264, 8, 88, 4, 20, 68, 0, 306372, 2136
317264, 8, 88, 4, 20, 68, 0, 306372, 2136
317264, 8, 88, 4, 20, 68, 0, 306372, 2136
317264, 8, 88, 4, 20, 68, 0, 306372, 2136
317264, 8, 88, 4, 20, 68, 0, 306372, 2136
317264, 8, 88, 4, 20, 68, 0, 306372, 2136
317264, 8, 88, 4, 20, 68, 0, 306372, 2136
317264, 8, 88, 4, 20, 68, 0, 306372, 2136
317264, 8, 88, 4, 20, 68, 0, 306372, 2136
317264, 8, 88, 4, 20, 68, 0, 306372, 2136
317264, 8, 88, 4, 20, 68, 0, 306372, 2136
317264, 8, 88, 4, 20, 68, 0, 306372, 2136
317264, 8, 88, 4, 20, 68, 0, 306372, 2136
317264, 8, 88, 4, 20, 68, 0, 306372, 2136
317264, 8, 88, 4, 20, 68, 0, 306372, 2136
317264, 8, 88, 4, 20, 68, 0, 306372, 2136
317264, 8, 84, 4, 20, 68, 0, 306376, 2136
317264, 8, 84, 4, 20, 68, 0, 306376, 2136
317264, 8, 84, 4, 20, 68, 0, 306376, 2136
317264, 8, 84, 4, 20, 68, 0, 306376, 2136
317264, 8, 84, 4, 20, 68, 0, 306376, 2136
317264, 8, 84, 4, 20, 68, 0, 306376, 2136
317264, 8, 84, 4, 20, 68, 0, 306376, 2136
317264, 8, 84, 4, 20, 68, 0, 306376, 2136
317264, 8, 84, 4, 20, 68, 0, 306376, 2136
317264, 8, 84, 4, 20, 68, 0, 306376, 2136
317264, 8, 84, 4, 20, 68, 0, 306376, 2136
317264, 8, 84, 4, 20, 68, 0, 306376, 2136
317264, 8, 84, 4, 20, 68, 0, 306376, 2136
317264, 8, 84, 4, 20, 68, 0, 306376, 2136
317264, 8, 84, 4, 20, 68, 0, 306376, 2136
317264, 8, 84, 4, 20, 68, 0, 306376, 2136
317264, 8, 84, 4, 20, 68, 0, 306376, 2136
317264, 8, 84, 4, 20, 68, 0, 306376, 2136
317264, 8, 84, 4, 20, 68, 0, 306376, 2136
317264, 8, 84, 4, 20, 68, 0, 306376, 2136
317264, 8, 84, 4, 20, 68, 0, 306376, 2136
317264, 8, 84, 4, 20, 68, 0, 306376, 2136
317264, 8, 84, 4, 20, 68, 0, 306376, 2136
317264, 8, 84, 4, 20, 68, 0, 306376, 2136
317264, 8, 84, 4, 20, 68, 0, 306376, 2136
317264, 8, 84, 4, 20, 68, 0, 306376, 2136
317264, 8, 84, 4, 20, 68, 0, 306376, 2136
317264, 8, 84, 4, 20, 68, 0, 306376, 2136
317264, 8, 84, 4, 20, 68, 0, 306376, 2136
317264, 8, 84, 4, 20, 68, 0, 306376, 2136
317264, 8, 84, 4, 20, 68, 0, 306376, 2136
317264, 8, 84, 4, 20, 68, 0, 306376, 2136
317264, 8, 84, 4, 20, 68, 0, 306376, 2136
317264, 8, 84, 4, 20, 68, 0, 306376, 2136
317264, 8, 84, 4, 20, 68, 0, 306376, 2136
317264, 8, 84, 4, 20, 68, 0, 306376, 2136
317264, 8, 84, 4, 20, 68, 0, 306376, 2136
317264, 8, 84, 4, 20, 68, 0, 306376, 2136
317264, 8, 84, 4, 20, 68, 0, 306376, 2136
317264, 8, 84, 4, 20, 68, 0, 306376, 2136
317264, 8, 84, 4, 20, 68, 0, 306376, 2136
317264, 8, 84, 4, 20, 68, 0, 306376, 2136
317264, 8, 84, 4, 20, 68, 0, 306376, 2136
317264, 8, 84, 4, 20, 68, 0, 306376, 2136
317264, 8, 84, 4, 20, 68, 0, 306376, 2136
317264, 8, 84, 4, 20, 68, 0, 306376, 2136
317264, 8, 84, 4, 20, 68, 0, 306376, 2136
317264, 8, 84, 4, 20, 68, 0, 306376, 2136
317264, 8, 80, 4, 20, 68, 0, 306380, 2136
317264, 8, 80, 4, 20, 68, 0, 306380, 2136
317264, 8, 80, 4, 20, 68, 0, 306380, 2136
317264, 8, 80, 4, 20, 68, 0, 306380, 2136
317264, 8, 80, 4, 20, 68, 0, 306380, 2136
317264, 8, 80, 4, 20, 68, 0, 306380, 2136
317264, 8, 80, 4, 20, 68, 0, 306380, 2136
317264, 8, 80, 4, 20, 68, 0, 306380, 2136
317264, 8, 80, 4, 20, 68, 0, 306380, 2136
317264, 8, 80, 4, 20, 68, 0, 306380, 2136
317264, 8, 80, 4, 20, 68, 0, 306380, 2136
317264, 8, 80, 4, 20, 68, 0, 306380, 2136
317264, 8, 80, 4, 20, 68, 0, 306380, 2136
317264, 8, 80, 4, 20, 68, 0, 306380, 2136
317264, 8, 80, 4, 20, 68, 0, 306380, 2136
317264, 8, 80, 4, 20, 68, 0, 306380, 2136
317264, 8, 80, 4, 20, 68, 0, 306380, 2136
317264, 8, 80, 4, 20, 68, 0, 306380, 2136
317264, 8, 80, 4, 20, 68, 0, 306380, 2136
317264, 8, 80, 4, 20, 68, 0, 306380, 2136
317264, 8, 76, 4, 20, 68, 0, 306384, 2136
317264, 8, 76, 4, 20, 68, 0, 306384, 2136
317264, 8, 76, 4, 20, 68, 0, 306384, 2136
317264, 8, 76, 4, 20, 68, 0, 306384, 2136
317264, 8, 76, 4, 20, 68, 0, 306384, 2136
317264, 8, 76, 4, 20, 68, 0, 306384, 2136
317264, 8, 76, 4, 20, 68, 0, 306384, 2136
317264, 8, 76, 4, 20, 68, 0, 306384, 2136
317264, 8, 76, 4, 20, 68, 0, 306384, 2136
317264, 8, 76, 4, 20, 68, 0, 306384, 2136
317264, 8, 76, 4, 20, 68, 0, 306384, 2136
317264, 8, 76, 4, 20, 68, 0, 306384, 2136
317264, 8, 76, 4, 20, 68, 0, 306384, 2136
317264, 8, 76, 4, 20, 68, 0, 306384, 2136
317264, 8, 76, 4, 20, 68, 0, 306384, 2136
317264, 8, 76, 4, 20, 68, 0, 306384, 2136
317264, 8, 76, 4, 20, 68, 0, 306384, 2136
317264, 8, 76, 4, 20, 68, 0, 306384, 2136
317264, 8, 76, 4, 20, 68, 0, 306384, 2136
317264, 8, 76, 4, 20, 68, 0, 306384, 2136
317264, 8, 76, 4, 20, 68, 0, 306384, 2136
317264, 8, 76, 4, 20, 68, 0, 306384, 2136
317264, 4, 80, 4, 20, 68, 0, 306384, 2136
317264, 4, 80, 4, 20, 68, 0, 306384, 2136
317264, 4, 80, 4, 20, 68, 0, 306384, 2136
317264, 4, 80, 4, 20, 68, 0, 306384, 2136
317264, 4, 80, 4, 20, 68, 0, 306384, 2136
317264, 4, 80, 4, 20, 68, 0, 306384, 2136
317264, 4, 80, 4, 20, 68, 0, 306384, 2136
317264, 4, 80, 4, 20, 68, 0, 306384, 2136
317264, 4, 80, 4, 20, 68, 0, 306384, 2136
317264, 4, 80, 4, 20, 68, 0, 306384, 2136
317264, 4, 80, 4, 20, 68, 0, 306384, 2136
317264, 4, 80, 4, 20, 68, 0, 306384, 2136
317264, 4, 80, 4, 20, 68, 0, 306384, 2136
317264, 4, 80, 4, 20, 68, 0, 306384, 2136
317264, 4, 80, 4, 20, 68, 0, 306384, 2136
317260, 8, 80, 4, 20, 68, 0, 306384, 2136
317260, 8, 80, 4, 20, 68, 0, 306384, 2136
317260, 8, 80, 4, 20, 68, 0, 306384, 2136
317260, 8, 80, 4, 20, 68, 0, 306384, 2136
317260, 8, 80, 4, 20, 68, 0, 306384, 2136
317260, 8, 80, 4, 20, 68, 0, 306384, 2136
317260, 8, 80, 4, 20, 68, 0, 306384, 2136
317260, 8, 80, 4, 20, 68, 0, 306384, 2136
317260, 8, 80, 4, 20, 68, 0, 306384, 2136
317260, 8, 80, 4, 20, 68, 0, 306384, 2136
317260, 8, 80, 4, 20, 68, 0, 306384, 2136
317260, 8, 80, 4, 20, 68, 0, 306384, 2136
317260, 8, 80, 4, 20, 68, 0, 306384, 2136
317260, 8, 80, 4, 20, 68, 0, 306384, 2136
317260, 8, 80, 4, 20, 68, 0, 306384, 2136
317260, 8, 80, 4, 20, 68, 0, 306384, 2136
317260, 8, 80, 4, 20, 68, 0, 306384, 2136
317260, 8, 80, 4, 20, 68, 0, 306384, 2136
317260, 8, 80, 4, 20, 68, 0, 306384, 2136
317260, 8, 80, 4, 20, 68, 0, 306384, 2136
317260, 8, 80, 4, 20, 68, 0, 306384, 2136
317260, 8, 80, 4, 20, 68, 0, 306384, 2136
317260, 8, 80, 4, 20, 68, 0, 306384, 2136
317260, 8, 80, 4, 20, 68, 0, 306384, 2136
317260, 8, 80, 4, 20, 68, 0, 306384, 2136
317260, 8, 80, 4, 20, 68, 0, 306384, 2136
317260, 8, 80, 4, 20, 68, 0, 306384, 2136
317260, 8, 80, 4, 20, 68, 0, 306384, 2136
317260, 8, 80, 4, 20, 68, 0, 306384, 2136
317260, 8, 80, 4, 20, 68, 0, 306384, 2136
317260, 8, 80, 4, 20, 68, 0, 306384, 2136
317260, 8, 80, 4, 20, 68, 0, 306384, 2136
317260, 8, 80, 4, 20, 68, 0, 306384, 2136
317260, 8, 80, 4, 20, 68, 0, 306384, 2136
317260, 8, 80, 4, 20, 68, 0, 306384, 2136
317260, 8, 80, 4, 20, 68, 0, 306384, 2136
317260, 8, 80, 4, 20, 68, 0, 306384, 2136
317260, 8, 80, 4, 20, 68, 0, 306384, 2136
317260, 8, 80, 4, 20, 68, 0, 306384, 2136
317260, 8, 80, 4, 20, 68, 0, 306384, 2136
317260, 8, 80, 4, 20, 68, 0, 306384, 2136
317260, 8, 80, 4, 20, 68, 0, 306384, 2136
317260, 8, 80, 4, 20, 68, 0, 306384, 2136
317260, 8, 80, 4, 20, 68, 0, 306384, 2136
317260, 8, 80, 4, 20, 68, 0, 306384, 2136
317260, 8, 80, 4, 20, 68, 0, 306384, 2136
317260, 8, 80, 4, 20, 68, 0, 306384, 2136
317260, 8, 80, 4, 20, 68, 0, 306384, 2136
317260, 8, 80, 4, 20, 68, 0, 306384, 2136
317260, 8, 80, 4, 20, 68, 0, 306384, 2136
317260, 8, 80, 4, 20, 68, 0, 306384, 2136
317260, 8, 80, 4, 20, 68, 0, 306384, 2136
317260, 8, 80, 4, 20, 68, 0, 306384, 2136
317260, 8, 80, 4, 20, 68, 0, 306384, 2136
317260, 8, 80, 4, 20, 64, 0, 306388, 2136
317260, 8, 80, 4, 20, 64, 0, 306388, 2136
317260, 8, 80, 4, 20, 64, 0, 306388, 2136
317260, 8, 80, 4, 20, 64, 0, 306388, 2136
317260, 8, 80, 4, 20, 64, 0, 306388, 2136
317260, 8, 80, 4, 20, 64, 0, 306388, 2136
317260, 8, 80, 4, 20, 64, 0, 306388, 2136
317260, 8, 80, 4, 20, 64, 0, 306388, 2136
317260, 8, 80, 4, 20, 64, 0, 306388, 2136
317260, 8, 80, 4, 20, 64, 0, 306388, 2136
317260, 8, 80, 4, 20, 64, 0, 306388, 2136
317260, 8, 80, 4, 20, 64, 0, 306388, 2136
317260, 8, 80, 4, 20, 64, 0, 306388, 2136
317260, 8, 80, 4, 20, 64, 0, 306388, 2136
317260, 8, 80, 4, 20, 64, 0, 306388, 2136
317260, 8, 80, 4, 20, 64, 0, 306388, 2136
317260, 8, 80, 4, 20, 64, 0, 306388, 2136
317260, 8, 80, 4, 20, 64, 0, 306388, 2136
317260, 8, 80, 4, 20, 64, 0, 306388, 2136
317260, 8, 80, 4, 20, 64, 0, 306388, 2136
317260, 8, 76, 4, 20, 64, 0, 306392, 2136
317260, 8, 76, 4, 20, 64, 0, 306392, 2136
317260, 8, 72, 4, 20, 64, 0, 306396, 2136
317260, 8, 72, 4, 20, 64, 0, 306396, 2136
317260, 8, 72, 4, 20, 64, 0, 306396, 2136
317260, 8, 72, 4, 20, 64, 0, 306396, 2136
317260, 8, 72, 4, 20, 64, 0, 306396, 2136
317260, 8, 72, 4, 20, 64, 0, 306396, 2136
317260, 8, 72, 4, 20, 64, 0, 306396, 2136
317260, 8, 72, 4, 20, 64, 0, 306396, 2136
317260, 8, 72, 4, 20, 64, 0, 306396, 2136
317260, 8, 72, 4, 20, 64, 0, 306396, 2136
317260, 8, 72, 4, 20, 64, 0, 306396, 2136
317260, 8, 72, 4, 20, 64, 0, 306396, 2136
317260, 8, 72, 4, 20, 64, 0, 306396, 2136
317260, 8, 72, 4, 20, 64, 0, 306396, 2136
317260, 8, 72, 4, 20, 64, 0, 306396, 2136
317260, 8, 72, 4, 20, 64, 0, 306396, 2136
317260, 8, 72, 4, 20, 64, 0, 306396, 2136
317260, 8, 72, 4, 20, 64, 0, 306396, 2136
317260, 8, 72, 4, 20, 64, 0, 306396, 2136
317260, 8, 72, 4, 20, 64, 0, 306396, 2136
317260, 8, 72, 4, 20, 64, 0, 306396, 2136
317260, 8, 72, 4, 20, 64, 0, 306396, 2136
317260, 8, 72, 4, 20, 64, 0, 306396, 2136
317260, 8, 72, 4, 20, 64, 0, 306396, 2136
317260, 8, 72, 4, 20, 64, 0, 306396, 2136
317260, 8, 72, 4, 20, 64, 0, 306396, 2136
317260, 8, 72, 4, 20, 64, 0, 306396, 2136
317260, 8, 72, 4, 20, 64, 0, 306396, 2136
317260, 8, 72, 4, 20, 64, 0, 306396, 2136
317260, 8, 72, 4, 20, 64, 0, 306396, 2136
317260, 8, 72, 4, 20, 64, 0, 306396, 2136
317260, 8, 72, 4, 20, 64, 0, 306396, 2136
317260, 8, 72, 4, 20, 64, 0, 306396, 2136
317260, 8, 68, 4, 20, 64, 0, 306400, 2136
317260, 8, 68, 4, 20, 64, 0, 306400, 2136
317260, 8, 64, 4, 20, 64, 0, 306404, 2136
317260, 8, 64, 4, 20, 64, 0, 306404, 2136
317260, 8, 64, 4, 20, 64, 0, 306404, 2136
317260, 8, 64, 4, 20, 64, 0, 306404, 2136
317256, 12, 64, 4, 20, 64, 0, 306404, 2136
317256, 12, 64, 4, 20, 64, 0, 306404, 2136
317256, 12, 64, 4, 20, 64, 0, 306404, 2136
317256, 12, 64, 4, 20, 64, 0, 306404, 2136
317256, 12, 64, 4, 20, 64, 0, 306404, 2136
317256, 12, 64, 4, 20, 64, 0, 306404, 2136
317256, 12, 64, 4, 20, 64, 0, 306404, 2136
317256, 12, 64, 4, 20, 64, 0, 306404, 2136
317256, 12, 64, 4, 20, 64, 0, 306404, 2136
317256, 12, 64, 4, 20, 64, 0, 306404, 2136
317256, 12, 64, 4, 20, 64, 0, 306404, 2136
317256, 12, 64, 4, 20, 64, 0, 306404, 2136
317256, 12, 64, 4, 20, 64, 0, 306404, 2136
317256, 12, 64, 4, 20, 64, 0, 306404, 2136
317256, 12, 64, 4, 20, 64, 0, 306404, 2136
317256, 12, 64, 4, 20, 64, 0, 306404, 2136
317256, 12, 64, 4, 20, 64, 0, 306404, 2136
317256, 12, 64, 4, 20, 64, 0, 306404, 2136
317256, 12, 64, 4, 20, 64, 0, 306404, 2136
317256, 12, 64, 4, 20, 64, 0, 306404, 2136
317256, 12, 64, 4, 20, 64, 0, 306404, 2136
317256, 12, 64, 4, 20, 64, 0, 306404, 2136
317256, 12, 64, 4, 20, 64, 0, 306404, 2136
317256, 12, 64, 4, 20, 64, 0, 306404, 2136
317256, 12, 64, 4, 20, 64, 0, 306404, 2136
317256, 12, 64, 4, 20, 64, 0, 306404, 2136
317256, 12, 64, 4, 20, 64, 0, 306404, 2136
317256, 12, 64, 4, 20, 64, 0, 306404, 2136
317256, 12, 64, 4, 20, 64, 0, 306404, 2136
317256, 12, 64, 4, 20, 64, 0, 306404, 2136
317256, 12, 64, 4, 20, 64, 0, 306404, 2136
317256, 12, 64, 4, 20, 64, 0, 306404, 2136
317256, 12, 64, 4, 20, 64, 0, 306404, 2136
317256, 12, 64, 4, 20, 64, 0, 306404, 2136
317256, 12, 64, 4, 20, 64, 0, 306404, 2136
317256, 12, 64, 4, 20, 64, 0, 306404, 2136
317256, 12, 64, 4, 20, 64, 0, 306404, 2136
317256, 12, 64, 4, 20, 64, 0, 306404, 2136
317256, 12, 64, 4, 20, 64, 0, 306404, 2136
317256, 12, 64, 4, 20, 64, 0, 306404, 2136
317256, 12, 64, 4, 20, 64, 0, 306404, 2136
317256, 12, 64, 4, 20, 64, 0, 306404, 2136
317256, 12, 64, 4, 20, 64, 0, 306404, 2136
317256, 12, 64, 4, 20, 64, 0, 306404, 2136
317256, 12, 64, 4, 20, 64, 0, 306404, 2136
317256, 12, 64, 4, 20, 64, 0, 306404, 2136
317256, 12, 64, 4, 20, 64, 0, 306404, 2136
317256, 12, 64, 4, 20, 64, 0, 306404, 2136
317256, 12, 64, 4, 20, 64, 0, 306404, 2136
317252, 16, 64, 4, 20, 64, 0, 306404, 2136
317252, 16, 64, 4, 20, 64, 0, 306404, 2136
317252, 16, 64, 4, 20, 64, 0, 306404, 2136
317252, 16, 64, 4, 20, 64, 0, 306404, 2136
317252, 16, 64, 4, 20, 64, 0, 306404, 2136
317252, 16, 64, 4, 20, 64, 0, 306404, 2136
317252, 16, 64, 4, 20, 64, 0, 306404, 2136
317252, 16, 64, 4, 20, 64, 0, 306404, 2136
317252, 16, 64, 4, 20, 64, 0, 306404, 2136
317252, 16, 64, 4, 20, 64, 0, 306404, 2136
317252, 16, 64, 4, 20, 64, 0, 306404, 2136
317252, 16, 64, 4, 20, 64, 0, 306404, 2136
317252, 16, 64, 4, 20, 64, 0, 306404, 2136
317252, 16, 64, 4, 20, 64, 0, 306404, 2136
317252, 16, 64, 4, 20, 64, 0, 306404, 2136
317252, 16, 64, 4, 20, 64, 0, 306404, 2136
317252, 16, 64, 4, 20, 64, 0, 306404, 2136
317252, 16, 64, 4, 20, 64, 0, 306404, 2136
317252, 16, 64, 4, 20, 64, 0, 306404, 2136
317252, 16, 64, 4, 20, 64, 0, 306404, 2136
317252, 16, 64, 4, 20, 64, 0, 306404, 2136
317252, 16, 64, 4, 20, 64, 0, 306404, 2136
317252, 16, 64, 4, 20, 64, 0, 306404, 2136
317252, 16, 64, 4, 20, 64, 0, 306404, 2136
317252, 16, 64, 4, 20, 64, 0, 306404, 2136
317252, 16, 64, 4, 20, 64, 0, 306404, 2136
317252, 16, 64, 4, 20, 64, 0, 306404, 2136
317252, 16, 64, 4, 20, 64, 0, 306404, 2136
317252, 16, 64, 4, 20, 64, 0, 306404, 2136
317252, 16, 64, 4, 20, 64, 0, 306404, 2136
317252, 16, 64, 4, 20, 64, 0, 306404, 2136
317252, 16, 64, 4, 20, 64, 0, 306404, 2136
317252, 16, 64, 4, 20, 64, 0, 306404, 2136
317252, 16, 64, 4, 20, 64, 0, 306404, 2136
317252, 16, 64, 4, 20, 64, 0, 306404, 2136
317252, 16, 64, 4, 20, 64, 0, 306404, 2136
317252, 16, 64, 4, 20, 64, 0, 306404, 2136
317252, 16, 64, 4, 20, 64, 0, 306404, 2136
317252, 16, 64, 4, 20, 64, 0, 306404, 2136
317252, 16, 64, 4, 20, 64, 0, 306404, 2136
317252, 16, 64, 4, 20, 64, 0, 306404, 2136
317252, 16, 64, 4, 20, 64, 0, 306404, 2136
317252, 16, 64, 4, 20, 64, 0, 306404, 2136
317252, 16, 64, 4, 20, 64, 0, 306404, 2136
317252, 16, 64, 4, 20, 64, 0, 306404, 2136
317252, 16, 64, 4, 20, 64, 0, 306404, 2136
317252, 16, 64, 4, 20, 64, 0, 306404, 2136
317252, 16, 64, 4, 20, 64, 0, 306404, 2136
317252, 16, 64, 4, 20, 64, 0, 306404, 2136
317252, 16, 64, 4, 20, 64, 0, 306404, 2136
317252, 16, 64, 4, 20, 64, 0, 306404, 2136
317252, 16, 64, 4, 20, 64, 0, 306404, 2136
317252, 16, 64, 4, 20, 64, 0, 306404, 2136
317252, 16, 64, 4, 20, 64, 0, 306404, 2136
317252, 16, 64, 4, 20, 64, 0, 306404, 2136
317252, 16, 64, 4, 20, 64, 0, 306404, 2136
317252, 16, 64, 4, 20, 64, 0, 306404, 2136
317252, 16, 64, 4, 20, 64, 0, 306404, 2136
317252, 16, 64, 4, 20, 64, 0, 306404, 2136
317252, 16, 60, 4, 20, 64, 0, 306408, 2136
317252, 16, 60, 4, 20, 64, 0, 306408, 2136
317252, 16, 60, 4, 20, 64, 0, 306408, 2136
317252, 16, 60, 4, 20, 64, 0, 306408, 2136
317252, 16, 60, 4, 20, 64, 0, 306408, 2136
317252, 16, 60, 4, 20, 64, 0, 306408, 2136
317252, 16, 60, 4, 20, 64, 0, 306408, 2136
317252, 16, 60, 4, 20, 64, 0, 306408, 2136
317252, 16, 60, 4, 20, 64, 0, 306408, 2136
317252, 16, 60, 4, 20, 64, 0, 306408, 2136
317252, 16, 60, 4, 20, 64, 0, 306408, 2136
317252, 16, 60, 4, 20, 64, 0, 306408, 2136
317252, 16, 60, 4, 20, 64, 0, 306408, 2136
317252, 16, 60, 4, 20, 64, 0, 306408, 2136
317252, 16, 60, 4, 20, 64, 0, 306408, 2136
317252, 16, 60, 4, 20, 64, 0, 306408, 2136
317252, 16, 60, 4, 20, 64, 0, 306408, 2136
317252, 16, 60, 4, 20, 64, 0, 306408, 2136
317252, 16, 60, 4, 20, 64, 0, 306408, 2136
317252, 16, 60, 4, 20, 64, 0, 306408, 2136
317252, 16, 60, 4, 20, 64, 0, 306408, 2136
317252, 16, 60, 4, 20, 64, 0, 306408, 2136
317252, 16, 60, 4, 20, 64, 0, 306408, 2136
317252, 16, 60, 4, 20, 64, 0, 306408, 2136
317252, 16, 60, 4, 20, 64, 0, 306408, 2136
317252, 16, 60, 4, 20, 64, 0, 306408, 2136
317252, 12, 64, 4, 20, 64, 0, 306408, 2136
317252, 12, 64, 4, 20, 64, 0, 306408, 2136
317252, 12, 64, 4, 20, 64, 0, 306408, 2136
317252, 12, 64, 4, 20, 64, 0, 306408, 2136
317252, 8, 68, 4, 20, 64, 0, 306408, 2136
317252, 8, 68, 4, 20, 64, 0, 306408, 2136
317252, 8, 68, 4, 20, 64, 0, 306408, 2136
317252, 8, 68, 4, 20, 64, 0, 306408, 2136
317252, 8, 68, 4, 20, 64, 0, 306408, 2136
317252, 8, 68, 4, 20, 64, 0, 306408, 2136
317252, 8, 68, 4, 20, 64, 0, 306408, 2136
317252, 8, 68, 4, 20, 64, 0, 306408, 2136
317252, 8, 68, 4, 20, 64, 0, 306408, 2136
317252, 8, 68, 4, 20, 64, 0, 306408, 2136
317252, 8, 68, 4, 20, 64, 0, 306408, 2136
317252, 8, 68, 4, 20, 64, 0, 306408, 2136
317252, 8, 68, 4, 20, 64, 0, 306408, 2136
317252, 8, 68, 4, 20, 64, 0, 306408, 2136
317252, 8, 68, 4, 20, 64, 0, 306408, 2136
317252, 8, 68, 4, 20, 64, 0, 306408, 2136
317252, 8, 68, 4, 20, 64, 0, 306408, 2136
317252, 8, 68, 4, 20, 64, 0, 306408, 2136
317252, 8, 68, 4, 20, 64, 0, 306408, 2136
317252, 8, 68, 4, 20, 64, 0, 306408, 2136
317252, 8, 68, 4, 20, 64, 0, 306408, 2136
317252, 8, 68, 4, 20, 64, 0, 306408, 2136
317252, 8, 68, 4, 20, 64, 0, 306408, 2136
317252, 8, 68, 4, 20, 64, 0, 306408, 2136
317252, 8, 68, 4, 20, 64, 0, 306408, 2136
317252, 8, 68, 4, 20, 64, 0, 306408, 2136
317252, 8, 68, 4, 20, 64, 0, 306408, 2136
317252, 8, 68, 4, 20, 64, 0, 306408, 2136
317252, 8, 68, 4, 20, 64, 0, 306408, 2136
317252, 8, 68, 4, 20, 64, 0, 306408, 2136
317252, 8, 68, 4, 20, 64, 0, 306408, 2136
317252, 8, 68, 4, 20, 64, 0, 306408, 2136
317252, 8, 68, 4, 20, 64, 0, 306408, 2136
317252, 8, 68, 4, 20, 64, 0, 306408, 2136
317252, 8, 68, 4, 20, 64, 0, 306408, 2136
317252, 8, 68, 4, 20, 64, 0, 306408, 2136
317252, 8, 68, 4, 20, 64, 0, 306408, 2136
317252, 8, 68, 4, 20, 64, 0, 306408, 2136
317252, 8, 68, 4, 20, 64, 0, 306408, 2136
317252, 8, 68, 4, 20, 64, 0, 306408, 2136
317252, 8, 68, 4, 20, 64, 0, 306408, 2136
317252, 8, 68, 4, 20, 64, 0, 306408, 2136
317252, 8, 68, 4, 20, 64, 0, 306408, 2136
317252, 8, 68, 4, 20, 64, 0, 306408, 2136
317252, 8, 68, 4, 20, 64, 0, 306408, 2136
317252, 8, 68, 0, 24, 64, 0, 306408, 2136
317252, 8, 68, 0, 24, 64, 0, 306408, 2136
317252, 8, 68, 0, 24, 64, 0, 306408, 2136
317252, 8, 68, 0, 24, 64, 0, 306408, 2136
317252, 8, 68, 0, 24, 64, 0, 306408, 2136
317252, 8, 68, 0, 24, 64, 0, 306408, 2136
317252, 8, 68, 0, 24, 64, 0, 306408, 2136
317252, 8, 68, 0, 24, 64, 0, 306408, 2136
317252, 8, 68, 0, 24, 64, 0, 306408, 2136
317252, 8, 68, 0, 24, 64, 0, 306408, 2136
317252, 8, 68, 0, 24, 64, 0, 306408, 2136
317252, 8, 68, 0, 24, 64, 0, 306408, 2136
317252, 8, 68, 0, 24, 64, 0, 306408, 2136
317252, 8, 68, 0, 24, 64, 0, 306408, 2136
317252, 8, 68, 0, 24, 64, 0, 306408, 2136
317252, 8, 68, 0, 24, 64, 0, 306408, 2136
317252, 8, 68, 0, 24, 64, 0, 306408, 2136
317252, 8, 68, 0, 24, 64, 0, 306408, 2136
317252, 8, 68, 0, 24, 64, 0, 306408, 2136
317252, 8, 68, 0, 24, 64, 0, 306408, 2136
317252, 8, 68, 0, 24, 64, 0, 306408, 2136
317252, 8, 68, 0, 24, 64, 0, 306408, 2136
317252, 8, 68, 0, 24, 64, 0, 306408, 2136
317252, 8, 68, 0, 24, 64, 0, 306408, 2136
317252, 8, 68, 0, 24, 64, 0, 306408, 2136
317252, 8, 68, 0, 24, 64, 0, 306408, 2136
317252, 8, 68, 0, 24, 64, 0, 306408, 2136
317252, 8, 68, 0, 24, 64, 0, 306408, 2136
317252, 8, 68, 0, 24, 64, 0, 306408, 2136
317248, 12, 68, 0, 24, 64, 0, 306408, 2136
317248, 12, 68, 0, 24, 64, 0, 306408, 2136
317248, 12, 68, 0, 24, 64, 0, 306408, 2136
317248, 12, 68, 0, 24, 64, 0, 306408, 2136
317248, 12, 68, 0, 24, 64, 0, 306408, 2136
317248, 12, 68, 0, 24, 64, 0, 306408, 2136
317248, 12, 68, 0, 24, 64, 0, 306408, 2136
317248, 12, 68, 0, 24, 64, 0, 306408, 2136
317248, 12, 68, 0, 24, 64, 0, 306408, 2136
317248, 12, 68, 0, 24, 64, 0, 306408, 2136
317248, 12, 68, 0, 24, 64, 0, 306408, 2136
317248, 12, 68, 0, 24, 64, 0, 306408, 2136
317248, 12, 68, 0, 24, 64, 0, 306408, 2136
317248, 12, 68, 0, 24, 64, 0, 306408, 2136
317248, 12, 68, 0, 24, 64, 0, 306408, 2136
317248, 12, 68, 0, 24, 64, 0, 306408, 2136
317248, 12, 68, 0, 24, 64, 0, 306408, 2136
317248, 12, 68, 0, 24, 64, 0, 306408, 2136
317248, 12, 68, 0, 24, 64, 0, 306408, 2136
317248, 12, 68, 0, 24, 64, 0, 306408, 2136
317248, 12, 68, 0, 24, 64, 0, 306408, 2136
317248, 12, 68, 0, 24, 64, 0, 306408, 2136
317248, 12, 68, 0, 24, 64, 0, 306408, 2136
317248, 12, 68, 0, 24, 64, 0, 306408, 2136
317248, 12, 68, 0, 24, 64, 0, 306408, 2136
317248, 12, 68, 0, 24, 64, 0, 306408, 2136
317248, 12, 68, 0, 24, 64, 0, 306408, 2136
317248, 12, 68, 0, 24, 64, 0, 306408, 2136
317248, 12, 68, 0, 24, 64, 0, 306408, 2136
317248, 12, 68, 0, 24, 64, 0, 306408, 2136
317248, 12, 68, 0, 24, 64, 0, 306408, 2136
317248, 12, 68, 0, 24, 64, 0, 306408, 2136
317248, 12, 68, 0, 24, 64, 0, 306408, 2136
317248, 12, 68, 0, 24, 64, 0, 306408, 2136
317248, 12, 68, 0, 24, 64, 0, 306408, 2136
317248, 12, 68, 0, 24, 64, 0, 306408, 2136
317248, 12, 68, 0, 24, 64, 0, 306408, 2136
317248, 12, 68, 0, 24, 64, 0, 306408, 2136
317248, 12, 68, 0, 24, 64, 0, 306408, 2136
317248, 12, 68, 0, 24, 64, 0, 306408, 2136
317248, 12, 68, 0, 24, 64, 0, 306408, 2136
317248, 12, 68, 0, 24, 64, 0, 306408, 2136
317248, 12, 68, 0, 24, 64, 0, 306408, 2136
317248, 12, 68, 0, 24, 64, 0, 306408, 2136
317248, 12, 68, 0, 24, 64, 0, 306408, 2136
317248, 12, 68, 0, 24, 64, 0, 306408, 2136
317248, 12, 68, 0, 24, 64, 0, 306408, 2136
317248, 12, 68, 0, 24, 64, 0, 306408, 2136
317248, 12, 68, 0, 24, 64, 0, 306408, 2136
317248, 12, 68, 0, 24, 64, 0, 306408, 2136
317248, 12, 68, 0, 24, 64, 0, 306408, 2136
317248, 12, 68, 0, 24, 64, 0, 306408, 2136
317248, 12, 68, 0, 24, 64, 0, 306408, 2136
317248, 12, 68, 0, 24, 64, 0, 306408, 2136
317248, 12, 68, 0, 24, 64, 0, 306408, 2136
317248, 12, 68, 0, 24, 64, 0, 306408, 2136
317248, 12, 68, 0, 24, 64, 0, 306408, 2136
317248, 12, 68, 0, 24, 64, 0, 306408, 2136
317248, 12, 68, 0, 24, 64, 0, 306408, 2136
317248, 12, 68, 0, 24, 64, 0, 306408, 2136
317248, 12, 68, 0, 24, 64, 0, 306408, 2136
317248, 12, 68, 0, 24, 64, 0, 306408, 2136
317248, 12, 68, 0, 24, 64, 0, 306408, 2136
317248, 12, 68, 0, 24, 64, 0, 306408, 2136
317248, 12, 68, 0, 24, 64, 0, 306408, 2136
317248, 12, 68, 0, 24, 64, 0, 306408, 2136
317248, 12, 68, 0, 24, 64, 0, 306408, 2136
317248, 12, 68, 0, 24, 64, 0, 306408, 2136
317248, 12, 68, 0, 24, 64, 0, 306408, 2136
317248, 12, 68, 0, 24, 64, 0, 306408, 2136
317248, 12, 68, 0, 24, 64, 0, 306408, 2136
317248, 12, 68, 0, 24, 64, 0, 306408, 2136
317248, 12, 68, 0, 24, 64, 0, 306408, 2136
317248, 12, 68, 0, 24, 64, 0, 306408, 2136
317248, 12, 68, 0, 24, 64, 0, 306408, 2136
317248, 12, 68, 0, 24, 64, 0, 306408, 2136
317248, 12, 68, 0, 24, 64, 0, 306408, 2136
317248, 12, 68, 0, 24, 64, 0, 306408, 2136
317248, 12, 68, 0, 24, 64, 0, 306408, 2136
317248, 12, 64, 0, 24, 64, 0, 306412, 2136
317248, 12, 64, 0, 24, 64, 0, 306412, 2136
317248, 12, 64, 0, 24, 64, 0, 306412, 2136
317248, 12, 64, 0, 24, 64, 0, 306412, 2136
317248, 12, 64, 0, 24, 64, 0, 306412, 2136
317248, 12, 64, 0, 24, 64, 0, 306412, 2136
317248, 12, 64, 0, 24, 64, 0, 306412, 2136
317248, 12, 64, 0, 24, 64, 0, 306412, 2136
317248, 12, 64, 0, 24, 64, 0, 306412, 2136
317248, 12, 64, 0, 24, 64, 0, 306412, 2136
317248, 12, 64, 0, 24, 64, 0, 306412, 2136
317248, 12, 64, 0, 24, 64, 0, 306412, 2136
317248, 12, 64, 0, 24, 64, 0, 306412, 2136
317248, 12, 64, 0, 24, 64, 0, 306412, 2136
317248, 12, 64, 0, 24, 64, 0, 306412, 2136
317248, 12, 64, 0, 24, 64, 0, 306412, 2136
317248, 12, 64, 0, 24, 64, 0, 306412, 2136
317248, 12, 64, 0, 24, 64, 0, 306412, 2136
317248, 12, 64, 0, 24, 64, 0, 306412, 2136
317248, 12, 64, 0, 24, 64, 0, 306412, 2136
317248, 12, 64, 0, 24, 64, 0, 306412, 2136
317248, 12, 64, 0, 24, 64, 0, 306412, 2136
317248, 12, 64, 0, 24, 64, 0, 306412, 2136
317248, 12, 64, 0, 24, 64, 0, 306412, 2136
317248, 12, 64, 0, 24, 64, 0, 306412, 2136
317248, 12, 64, 0, 24, 64, 0, 306412, 2136
317248, 12, 64, 0, 24, 64, 0, 306412, 2136
317248, 12, 64, 0, 24, 64, 0, 306412, 2136
317248, 12, 64, 0, 24, 64, 0, 306412, 2136
317248, 12, 64, 0, 24, 60, 0, 306416, 2136
317248, 12, 64, 0, 24, 60, 0, 306416, 2136
317248, 12, 64, 0, 24, 60, 0, 306416, 2136
317248, 12, 64, 0, 24, 60, 0, 306416, 2136
317248, 12, 64, 0, 24, 60, 0, 306416, 2136
317248, 12, 64, 0, 24, 60, 0, 306416, 2136
317248, 12, 64, 0, 24, 60, 0, 306416, 2136
317248, 12, 64, 0, 24, 60, 0, 306416, 2136
317248, 12, 64, 0, 24, 60, 0, 306416, 2136
317248, 12, 64, 0, 24, 60, 0, 306416, 2136
317248, 12, 64, 0, 24, 60, 0, 306416, 2136
317248, 12, 64, 0, 24, 60, 0, 306416, 2136
317248, 12, 64, 0, 24, 60, 0, 306416, 2136
317248, 12, 64, 0, 24, 60, 0, 306416, 2136
317244, 16, 64, 0, 24, 60, 0, 306416, 2136
317244, 16, 64, 0, 24, 60, 0, 306416, 2136
317244, 16, 64, 0, 24, 60, 0, 306416, 2136
317244, 16, 64, 0, 24, 60, 0, 306416, 2136
317244, 16, 64, 0, 24, 60, 0, 306416, 2136
317244, 16, 64, 0, 24, 60, 0, 306416, 2136
317244, 16, 64, 0, 24, 60, 0, 306416, 2136
317244, 16, 64, 0, 24, 60, 0, 306416, 2136
317244, 16, 64, 0, 24, 60, 0, 306416, 2136
317244, 16, 64, 0, 24, 60, 0, 306416, 2136
317244, 16, 64, 0, 24, 60, 0, 306416, 2136
317244, 16, 64, 0, 24, 60, 0, 306416, 2136
317244, 12, 64, 4, 24, 60, 0, 306416, 2136
317244, 12, 64, 4, 24, 60, 0, 306416, 2136
317244, 12, 64, 4, 24, 60, 0, 306416, 2136
317244, 12, 64, 4, 24, 60, 0, 306416, 2136
317244, 12, 64, 4, 24, 60, 0, 306416, 2136
317244, 12, 64, 4, 24, 60, 0, 306416, 2136
317244, 12, 64, 4, 24, 60, 0, 306416, 2136
317244, 12, 64, 4, 24, 60, 0, 306416, 2136
317244, 12, 64, 4, 24, 60, 0, 306416, 2136
317244, 12, 64, 4, 20, 60, 0, 306420, 2136
317244, 12, 64, 4, 20, 60, 0, 306420, 2136
317244, 12, 64, 4, 20, 60, 0, 306420, 2136
317244, 12, 64, 4, 20, 60, 0, 306420, 2136
317244, 12, 64, 4, 20, 60, 0, 306420, 2136
317244, 12, 64, 4, 20, 60, 0, 306420, 2136
317244, 12, 64, 4, 20, 60, 0, 306420, 2136
317244, 12, 64, 4, 20, 60, 0, 306420, 2136
317244, 12, 64, 4, 20, 60, 0, 306420, 2136
317244, 12, 64, 4, 20, 60, 0, 306420, 2136
317244, 12, 64, 4, 20, 60, 0, 306420, 2136
317244, 12, 64, 4, 16, 60, 0, 306424, 2136
317244, 12, 64, 4, 16, 60, 0, 306424, 2136
317244, 12, 64, 4, 16, 60, 0, 306424, 2136
317244, 12, 64, 4, 16, 60, 0, 306424, 2136
317244, 12, 64, 4, 16, 60, 0, 306424, 2136
317244, 12, 64, 4, 16, 60, 0, 306424, 2136
317244, 12, 64, 4, 16, 60, 0, 306424, 2136
317240, 16, 64, 4, 16, 60, 0, 306424, 2136
317240, 16, 64, 4, 16, 60, 0, 306424, 2136
317240, 16, 64, 4, 16, 60, 0, 306424, 2136
317240, 16, 64, 4, 16, 60, 0, 306424, 2136
317240, 16, 64, 4, 16, 60, 0, 306424, 2136
317240, 16, 64, 4, 16, 60, 0, 306424, 2136
317240, 16, 64, 4, 16, 60, 0, 306424, 2136
317240, 16, 64, 4, 16, 60, 0, 306424, 2136
317240, 16, 64, 4, 16, 60, 0, 306424, 2136
317240, 16, 64, 4, 16, 60, 0, 306424, 2136
317240, 16, 64, 4, 16, 60, 0, 306424, 2136
317240, 16, 64, 4, 16, 60, 0, 306424, 2136
317240, 16, 64, 4, 16, 60, 0, 306424, 2136
317240, 16, 64, 4, 16, 60, 0, 306424, 2136
317240, 16, 64, 4, 16, 60, 0, 306424, 2136
317240, 16, 64, 4, 16, 60, 0, 306424, 2136
317240, 16, 64, 4, 16, 60, 0, 306424, 2136
317240, 16, 64, 4, 16, 60, 0, 306424, 2136
317240, 16, 64, 4, 16, 60, 0, 306424, 2136
317240, 16, 64, 4, 16, 60, 0, 306424, 2136
317240, 16, 64, 4, 16, 60, 0, 306424, 2136
317240, 16, 64, 4, 16, 60, 0, 306424, 2136
317240, 16, 64, 4, 16, 60, 0, 306424, 2136
317240, 16, 64, 4, 16, 60, 0, 306424, 2136
317240, 16, 64, 4, 16, 60, 0, 306424, 2136
317240, 16, 64, 4, 16, 60, 0, 306424, 2136
317240, 16, 64, 4, 16, 60, 0, 306424, 2136
317240, 16, 64, 4, 16, 60, 0, 306424, 2136
317240, 16, 64, 4, 16, 60, 0, 306424, 2136
317240, 16, 64, 4, 16, 60, 0, 306424, 2136
317240, 16, 64, 4, 16, 60, 0, 306424, 2136
317240, 16, 64, 4, 16, 60, 0, 306424, 2136
317240, 16, 64, 4, 16, 60, 0, 306424, 2136
317240, 16, 60, 4, 16, 60, 0, 306428, 2136
317240, 16, 60, 4, 16, 60, 0, 306428, 2136
317240, 16, 60, 4, 16, 60, 0, 306428, 2136
317240, 16, 60, 4, 16, 60, 0, 306428, 2136
317240, 16, 60, 4, 16, 60, 0, 306428, 2136
317240, 16, 60, 4, 16, 60, 0, 306428, 2136
317240, 16, 60, 4, 16, 60, 0, 306428, 2136
317240, 16, 60, 4, 16, 60, 0, 306428, 2136
317240, 16, 60, 4, 16, 60, 0, 306428, 2136
317240, 16, 60, 4, 16, 60, 0, 306428, 2136
317240, 16, 60, 4, 16, 60, 0, 306428, 2136
317240, 16, 60, 4, 16, 60, 0, 306428, 2136
317240, 16, 60, 4, 16, 60, 0, 306428, 2136
317240, 16, 60, 4, 16, 60, 0, 306428, 2136
317240, 16, 60, 4, 16, 60, 0, 306428, 2136
317240, 16, 60, 4, 16, 60, 0, 306428, 2136
317240, 16, 60, 4, 16, 60, 0, 306428, 2136
317240, 16, 60, 4, 16, 56, 0, 306432, 2136
317240, 16, 60, 4, 16, 56, 0, 306432, 2136
317240, 16, 60, 4, 16, 56, 0, 306432, 2136
317240, 16, 60, 4, 16, 56, 0, 306432, 2136
317240, 16, 60, 4, 16, 56, 0, 306432, 2136
317240, 16, 60, 4, 16, 56, 0, 306432, 2136
317240, 16, 60, 4, 16, 56, 0, 306432, 2136
317240, 16, 60, 4, 16, 56, 0, 306432, 2136
317240, 16, 60, 4, 16, 56, 0, 306432, 2136
317240, 16, 60, 4, 16, 56, 0, 306432, 2136
317240, 16, 60, 4, 16, 56, 0, 306432, 2136
317240, 16, 60, 4, 16, 56, 0, 306432, 2136
317240, 16, 60, 4, 16, 56, 0, 306432, 2136
317240, 16, 60, 4, 16, 56, 0, 306432, 2136
317240, 16, 60, 4, 16, 56, 0, 306432, 2136
317240, 16, 60, 4, 16, 56, 0, 306432, 2136
317240, 16, 60, 4, 16, 56, 0, 306432, 2136
317240, 16, 60, 4, 16, 56, 0, 306432, 2136
317240, 16, 60, 4, 16, 56, 0, 306432, 2136
317240, 16, 60, 4, 16, 56, 0, 306432, 2136
317240, 16, 60, 4, 16, 56, 0, 306432, 2136
317240, 16, 60, 4, 16, 56, 0, 306432, 2136
317240, 16, 60, 4, 16, 56, 0, 306432, 2136
317240, 16, 60, 4, 16, 56, 0, 306432, 2136
317240, 16, 60, 4, 16, 56, 0, 306432, 2136
317240, 16, 60, 4, 16, 56, 0, 306432, 2136
317240, 16, 60, 4, 16, 56, 0, 306432, 2136
317240, 16, 60, 4, 16, 56, 0, 306432, 2136
317240, 16, 60, 4, 16, 56, 0, 306432, 2136
317240, 16, 60, 4, 16, 56, 0, 306432, 2136
317240, 16, 60, 4, 16, 56, 0, 306432, 2136
317240, 16, 60, 4, 16, 56, 0, 306432, 2136
317240, 16, 60, 4, 16, 56, 0, 306432, 2136
317240, 16, 60, 4, 16, 56, 0, 306432, 2136
317240, 12, 64, 4, 16, 56, 0, 306432, 2136
317240, 12, 64, 4, 16, 56, 0, 306432, 2136
317240, 12, 64, 4, 16, 56, 0, 306432, 2136
317240, 12, 64, 4, 16, 56, 0, 306432, 2136
317240, 12, 64, 4, 16, 56, 0, 306432, 2136
317240, 12, 64, 4, 16, 56, 0, 306432, 2136
317240, 12, 64, 4, 16, 56, 0, 306432, 2136
317240, 12, 64, 4, 16, 56, 0, 306432, 2136
317240, 12, 64, 4, 16, 56, 0, 306432, 2136
317240, 12, 64, 4, 16, 56, 0, 306432, 2136
317240, 8, 68, 4, 16, 56, 0, 306432, 2136
317240, 8, 68, 4, 16, 56, 0, 306432, 2136
317240, 8, 68, 4, 16, 56, 0, 306432, 2136
317240, 8, 68, 4, 16, 56, 0, 306432, 2136
317240, 8, 68, 4, 16, 56, 0, 306432, 2136
317240, 8, 68, 4, 16, 56, 0, 306432, 2136
317240, 8, 68, 4, 16, 56, 0, 306432, 2136
317240, 8, 68, 4, 16, 56, 0, 306432, 2136
317240, 8, 68, 4, 16, 56, 0, 306432, 2136
317240, 8, 68, 4, 16, 56, 0, 306432, 2136
317240, 8, 68, 4, 16, 56, 0, 306432, 2136
317240, 8, 68, 4, 16, 56, 0, 306432, 2136
317240, 8, 68, 4, 16, 56, 0, 306432, 2136
317240, 8, 68, 4, 16, 56, 0, 306432, 2136
317240, 8, 68, 4, 16, 56, 0, 306432, 2136
317240, 8, 68, 4, 16, 56, 0, 306432, 2136
317240, 8, 68, 4, 12, 56, 0, 306436, 2136
317240, 8, 68, 4, 12, 56, 0, 306436, 2136
317240, 8, 68, 4, 12, 56, 0, 306436, 2136
317240, 8, 68, 4, 12, 56, 0, 306436, 2136
317240, 8, 68, 4, 12, 56, 0, 306436, 2136
317240, 8, 68, 4, 12, 56, 0, 306436, 2136
317240, 8, 68, 4, 12, 56, 0, 306436, 2136
317240, 8, 68, 4, 12, 56, 0, 306436, 2136
317240, 8, 68, 4, 12, 56, 0, 306436, 2136
317240, 8, 68, 4, 12, 56, 0, 306436, 2136
317240, 8, 68, 4, 12, 56, 0, 306436, 2136
317240, 8, 68, 4, 12, 56, 0, 306436, 2136
317240, 8, 68, 4, 12, 56, 0, 306436, 2136
317240, 8, 68, 4, 12, 56, 0, 306436, 2136
317240, 8, 68, 4, 12, 56, 0, 306436, 2136
317240, 8, 68, 4, 12, 56, 0, 306436, 2136
317240, 8, 68, 4, 12, 56, 0, 306436, 2136
317240, 8, 68, 4, 12, 56, 0, 306436, 2136
317240, 8, 68, 4, 12, 56, 0, 306436, 2136
317240, 8, 68, 4, 12, 56, 0, 306436, 2136
317240, 8, 68, 4, 12, 56, 0, 306436, 2136
317240, 8, 68, 4, 12, 56, 0, 306436, 2136
317240, 8, 68, 4, 12, 56, 0, 306436, 2136
317240, 8, 68, 4, 12, 56, 0, 306436, 2136
317240, 8, 68, 4, 12, 56, 0, 306436, 2136
317240, 8, 68, 4, 12, 56, 0, 306436, 2136
317240, 8, 68, 4, 12, 56, 0, 306436, 2136
317240, 8, 68, 4, 12, 56, 0, 306436, 2136
317240, 8, 68, 4, 12, 56, 0, 306436, 2136
317240, 8, 68, 4, 12, 56, 0, 306436, 2136
317240, 8, 68, 4, 12, 56, 0, 306436, 2136
317240, 8, 68, 4, 12, 56, 0, 306436, 2136
317240, 8, 68, 4, 12, 56, 0, 306436, 2136
317240, 8, 68, 4, 12, 56, 0, 306436, 2136
317240, 8, 68, 4, 12, 56, 0, 306436, 2136
317240, 8, 64, 4, 12, 56, 0, 306440, 2136
317240, 8, 64, 4, 12, 56, 0, 306440, 2136
317240, 8, 64, 4, 12, 56, 0, 306440, 2136
317240, 8, 64, 4, 12, 56, 0, 306440, 2136
317240, 8, 64, 4, 12, 56, 0, 306440, 2136
317240, 8, 64, 4, 12, 56, 0, 306440, 2136
317240, 8, 64, 4, 12, 56, 0, 306440, 2136
317240, 8, 64, 4, 12, 56, 0, 306440, 2136
317240, 8, 64, 4, 12, 56, 0, 306440, 2136
317240, 8, 64, 4, 12, 56, 0, 306440, 2136
317240, 8, 64, 4, 12, 56, 0, 306440, 2136
317240, 8, 64, 4, 12, 56, 0, 306440, 2136
317240, 8, 64, 4, 12, 56, 0, 306440, 2136
317240, 8, 64, 4, 12, 56, 0, 306440, 2136
317240, 8, 64, 4, 12, 56, 0, 306440, 2136
317240, 8, 64, 4, 12, 56, 0, 306440, 2136
317240, 8, 64, 4, 12, 56, 0, 306440, 2136
317240, 8, 64, 4, 12, 56, 0, 306440, 2136
317240, 8, 64, 4, 12, 56, 0, 306440, 2136
317240, 8, 64, 4, 12, 56, 0, 306440, 2136
317240, 4, 64, 8, 12, 56, 0, 306440, 2136
317240, 4, 64, 8, 12, 56, 0, 306440, 2136
317240, 4, 64, 8, 12, 56, 0, 306440, 2136
317240, 4, 64, 8, 12, 56, 0, 306440, 2136
317240, 4, 64, 8, 12, 56, 0, 306440, 2136
317240, 4, 64, 8, 12, 56, 0, 306440, 2136
317240, 4, 64, 8, 12, 56, 0, 306440, 2136
317240, 4, 64, 8, 12, 56, 0, 306440, 2136
317240, 4, 64, 8, 12, 56, 0, 306440, 2136
317240, 4, 64, 8, 12, 56, 0, 306440, 2136
317240, 4, 64, 8, 12, 56, 0, 306440, 2136
317240, 4, 64, 8, 12, 56, 0, 306440, 2136
317240, 4, 64, 8, 12, 56, 0, 306440, 2136
317240, 4, 64, 8, 12, 56, 0, 306440, 2136
317240, 4, 64, 8, 12, 56, 0, 306440, 2136
317240, 4, 64, 8, 12, 56, 0, 306440, 2136
317240, 4, 64, 8, 12, 56, 0, 306440, 2136
317240, 4, 64, 8, 12, 56, 0, 306440, 2136
317240, 4, 64, 8, 12, 56, 0, 306440, 2136
317240, 4, 64, 8, 12, 56, 0, 306440, 2136
317240, 4, 64, 8, 12, 56, 0, 306440, 2136
317240, 4, 64, 8, 12, 56, 0, 306440, 2136
317240, 4, 64, 8, 12, 56, 0, 306440, 2136
317240, 4, 64, 8, 12, 56, 0, 306440, 2136
317240, 4, 64, 8, 12, 56, 0, 306440, 2136
317240, 4, 64, 8, 12, 56, 0, 306440, 2136
317240, 4, 64, 8, 12, 56, 0, 306440, 2136
317240, 4, 64, 8, 12, 56, 0, 306440, 2136
317240, 4, 64, 8, 12, 56, 0, 306440, 2136
317240, 4, 64, 8, 12, 56, 0, 306440, 2136
317240, 4, 64, 8, 12, 56, 0, 306440, 2136
317240, 4, 64, 8, 12, 56, 0, 306440, 2136
317240, 4, 64, 8, 12, 56, 0, 306440, 2136
317240, 4, 64, 8, 12, 56, 0, 306440, 2136
317240, 4, 64, 8, 12, 56, 0, 306440, 2136
317240, 4, 64, 8, 12, 56, 0, 306440, 2136
317240, 4, 64, 8, 12, 56, 0, 306440, 2136
317240, 4, 64, 8, 12, 56, 0, 306440, 2136
317240, 4, 64, 8, 12, 56, 0, 306440, 2136
317240, 4, 64, 8, 12, 56, 0, 306440, 2136
317240, 4, 64, 8, 12, 56, 0, 306440, 2136
317240, 4, 64, 8, 12, 56, 0, 306440, 2136
317240, 4, 64, 8, 12, 56, 0, 306440, 2136
317240, 4, 64, 8, 12, 56, 0, 306440, 2136
317240, 4, 64, 8, 12, 56, 0, 306440, 2136
317240, 4, 64, 8, 12, 56, 0, 306440, 2136
317240, 4, 64, 8, 12, 56, 0, 306440, 2136
317240, 4, 64, 8, 12, 56, 0, 306440, 2136
317240, 4, 64, 8, 12, 56, 0, 306440, 2136
317240, 4, 64, 8, 12, 56, 0, 306440, 2136
317240, 4, 64, 8, 12, 56, 0, 306440, 2136
317240, 4, 64, 8, 12, 56, 0, 306440, 2136
317240, 4, 64, 8, 12, 56, 0, 306440, 2136
317240, 4, 64, 8, 12, 56, 0, 306440, 2136
317240, 4, 64, 8, 12, 56, 0, 306440, 2136
317240, 4, 64, 8, 12, 56, 0, 306440, 2136
317240, 4, 64, 8, 12, 56, 0, 306440, 2136
317240, 4, 64, 8, 12, 56, 0, 306440, 2136
317240, 4, 64, 8, 12, 56, 0, 306440, 2136
317240, 4, 64, 8, 12, 56, 0, 306440, 2136
317240, 4, 64, 8, 12, 56, 0, 306440, 2136
317240, 4, 64, 8, 12, 56, 0, 306440, 2136
317240, 4, 64, 8, 12, 56, 0, 306440, 2136
317240, 4, 64, 8, 12, 56, 0, 306440, 2136
317240, 4, 64, 8, 12, 56, 0, 306440, 2136
317240, 4, 64, 8, 12, 56, 0, 306440, 2136
317240, 4, 64, 8, 12, 56, 0, 306440, 2136
317240, 4, 64, 8, 12, 56, 0, 306440, 2136
317240, 4, 64, 8, 12, 56, 0, 306440, 2136
317240, 4, 64, 8, 12, 56, 0, 306440, 2136
317240, 4, 64, 8, 12, 56, 0, 306440, 2136
317240, 4, 64, 8, 12, 56, 0, 306440, 2136
317240, 4, 64, 8, 12, 56, 0, 306440, 2136
317240, 4, 64, 8, 12, 56, 0, 306440, 2136
317240, 4, 64, 8, 12, 56, 0, 306440, 2136
317240, 4, 64, 8, 12, 56, 0, 306440, 2136
317240, 4, 64, 8, 12, 56, 0, 306440, 2136
317240, 4, 64, 8, 12, 56, 0, 306440, 2136
317240, 4, 64, 8, 12, 56, 0, 306440, 2136
317240, 4, 64, 8, 12, 56, 0, 306440, 2136
317240, 4, 64, 8, 12, 56, 0, 306440, 2136
317240, 4, 64, 8, 12, 56, 0, 306440, 2136
317240, 4, 64, 8, 12, 56, 0, 306440, 2136
317240, 4, 64, 8, 12, 56, 0, 306440, 2136
317240, 4, 64, 8, 12, 56, 0, 306440, 2136
317240, 4, 64, 8, 12, 56, 0, 306440, 2136
317240, 4, 64, 8, 12, 56, 0, 306440, 2136
317240, 4, 64, 8, 12, 56, 0, 306440, 2136
317240, 4, 64, 8, 12, 56, 0, 306440, 2136
317240, 4, 64, 8, 12, 56, 0, 306440, 2136
317240, 4, 60, 8, 12, 56, 0, 306444, 2136
317240, 4, 60, 8, 12, 56, 0, 306444, 2136
317240, 4, 60, 8, 12, 56, 0, 306444, 2136
317240, 4, 60, 8, 12, 56, 0, 306444, 2136
317240, 4, 60, 8, 12, 56, 0, 306444, 2136
317240, 4, 60, 8, 12, 56, 0, 306444, 2136
317240, 4, 60, 8, 12, 56, 0, 306444, 2136
317240, 4, 60, 8, 12, 56, 0, 306444, 2136
317240, 4, 60, 8, 12, 56, 0, 306444, 2136
317240, 4, 60, 8, 12, 56, 0, 306444, 2136
317240, 4, 60, 8, 12, 56, 0, 306444, 2136
317240, 4, 60, 8, 12, 56, 0, 306444, 2136
317240, 4, 60, 8, 12, 56, 0, 306444, 2136
317240, 4, 60, 8, 12, 56, 0, 306444, 2136
317240, 4, 60, 8, 12, 56, 0, 306444, 2136
317240, 4, 60, 8, 12, 56, 0, 306444, 2136
317240, 4, 60, 8, 12, 56, 0, 306444, 2136
317240, 4, 60, 8, 12, 56, 0, 306444, 2136
317240, 4, 60, 8, 12, 56, 0, 306444, 2136
317240, 4, 60, 8, 12, 56, 0, 306444, 2136
317240, 4, 60, 8, 12, 56, 0, 306444, 2136
317240, 4, 60, 8, 12, 56, 0, 306444, 2136
317240, 4, 60, 8, 12, 56, 0, 306444, 2136
317240, 4, 60, 8, 12, 56, 0, 306444, 2136
317240, 4, 60, 8, 12, 56, 0, 306444, 2136
317240, 4, 60, 8, 12, 56, 0, 306444, 2136
317240, 4, 60, 8, 12, 56, 0, 306444, 2136
317240, 4, 60, 8, 12, 56, 0, 306444, 2136
317240, 4, 60, 8, 12, 56, 0, 306444, 2136
317240, 4, 60, 8, 12, 56, 0, 306444, 2136
317240, 4, 60, 8, 12, 56, 0, 306444, 2136
317240, 4, 60, 8, 12, 56, 0, 306444, 2136
317240, 4, 60, 8, 12, 56, 0, 306444, 2136
317240, 4, 60, 8, 12, 56, 0, 306444, 2136
317240, 4, 60, 8, 12, 56, 0, 306444, 2136
317240, 4, 60, 8, 12, 56, 0, 306444, 2136
317240, 4, 60, 8, 12, 56, 0, 306444, 2136
317240, 4, 60, 8, 12, 56, 0, 306444, 2136
317240, 4, 60, 8, 12, 56, 0, 306444, 2136
317240, 4, 60, 8, 12, 56, 0, 306444, 2136
317240, 4, 60, 8, 12, 56, 0, 306444, 2136
317240, 4, 60, 8, 12, 56, 0, 306444, 2136
317240, 4, 60, 8, 12, 56, 0, 306444, 2136
317240, 4, 60, 8, 12, 56, 0, 306444, 2136
317240, 4, 60, 8, 12, 56, 0, 306444, 2136
317240, 4, 60, 8, 12, 56, 0, 306444, 2136
317240, 4, 60, 8, 12, 56, 0, 306444, 2136
317240, 4, 60, 8, 12, 56, 0, 306444, 2136
317240, 4, 60, 8, 12, 56, 0, 306444, 2136
317240, 4, 60, 8, 12, 56, 0, 306444, 2136
317240, 4, 60, 8, 12, 56, 0, 306444, 2136
317240, 4, 60, 8, 12, 56, 0, 306444, 2136
317240, 4, 60, 8, 12, 56, 0, 306444, 2136
317240, 4, 60, 8, 12, 56, 0, 306444, 2136
317240, 4, 60, 8, 12, 56, 0, 306444, 2136
317240, 4, 60, 8, 12, 56, 0, 306444, 2136
317240, 4, 60, 8, 12, 56, 0, 306444, 2136
317240, 4, 60, 8, 12, 56, 0, 306444, 2136
317240, 4, 60, 8, 12, 56, 0, 306444, 2136
317240, 4, 60, 8, 12, 56, 0, 306444, 2136
317240, 4, 60, 8, 12, 56, 0, 306444, 2136
317240, 4, 60, 8, 12, 56, 0, 306444, 2136
317240, 4, 60, 8, 12, 56, 0, 306444, 2136
317240, 4, 60, 8, 12, 56, 0, 306444, 2136
317240, 4, 60, 8, 12, 56, 0, 306444, 2136
317240, 4, 60, 8, 12, 56, 0, 306444, 2136
317240, 4, 60, 8, 12, 56, 0, 306444, 2136
317240, 4, 60, 8, 12, 56, 0, 306444, 2136
317240, 4, 60, 8, 12, 56, 0, 306444, 2136
317240, 4, 60, 8, 12, 56, 0, 306444, 2136
317240, 4, 60, 8, 12, 56, 0, 306444, 2136
317240, 4, 60, 8, 12, 56, 0, 306444, 2136
317240, 4, 60, 8, 12, 56, 0, 306444, 2136
317240, 4, 60, 8, 12, 56, 0, 306444, 2136
317240, 4, 60, 8, 12, 56, 0, 306444, 2136
317240, 4, 60, 8, 12, 56, 0, 306444, 2136
317240, 4, 60, 8, 12, 56, 0, 306444, 2136
317240, 4, 60, 8, 12, 56, 0, 306444, 2136
317240, 4, 60, 8, 12, 56, 0, 306444, 2136
317240, 4, 60, 8, 12, 56, 0, 306444, 2136
317240, 4, 60, 8, 12, 56, 0, 306444, 2136
317240, 4, 60, 8, 12, 56, 0, 306444, 2136
317240, 4, 60, 8, 12, 56, 0, 306444, 2136
317240, 4, 60, 8, 12, 56, 0, 306444, 2136
317240, 4, 60, 8, 12, 56, 0, 306444, 2136
317240, 4, 60, 8, 12, 56, 0, 306444, 2136
317240, 4, 60, 8, 12, 56, 0, 306444, 2136
317240, 4, 60, 8, 12, 56, 0, 306444, 2136
317240, 4, 60, 8, 12, 56, 0, 306444, 2136
317240, 4, 60, 8, 12, 56, 0, 306444, 2136
317240, 4, 60, 8, 12, 56, 0, 306444, 2136
317240, 4, 60, 8, 12, 56, 0, 306444, 2136
317240, 4, 60, 8, 12, 56, 0, 306444, 2136
317240, 4, 60, 8, 12, 56, 0, 306444, 2136
317240, 4, 60, 8, 12, 56, 0, 306444, 2136
317240, 4, 60, 8, 12, 52, 0, 306448, 2136
317240, 4, 60, 8, 12, 52, 0, 306448, 2136
317240, 4, 60, 8, 12, 52, 0, 306448, 2136
317236, 8, 60, 8, 12, 52, 0, 306448, 2136
317236, 8, 60, 8, 12, 52, 0, 306448, 2136
317236, 8, 60, 8, 12, 52, 0, 306448, 2136
317236, 8, 60, 8, 12, 52, 0, 306448, 2136
317236, 8, 60, 8, 12, 52, 0, 306448, 2136
317236, 8, 60, 8, 12, 52, 0, 306448, 2136
317236, 8, 60, 8, 12, 52, 0, 306448, 2136
317236, 8, 60, 8, 12, 52, 0, 306448, 2136
317236, 8, 60, 8, 12, 52, 0, 306448, 2136
317236, 8, 60, 8, 12, 52, 0, 306448, 2136
317236, 4, 64, 8, 12, 52, 0, 306448, 2136
317236, 4, 64, 8, 12, 52, 0, 306448, 2136
317236, 4, 64, 8, 12, 52, 0, 306448, 2136
317236, 4, 64, 8, 12, 52, 0, 306448, 2136
317236, 4, 64, 8, 12, 52, 0, 306448, 2136
317236, 4, 64, 8, 12, 52, 0, 306448, 2136
317236, 4, 64, 8, 12, 52, 0, 306448, 2136
317236, 4, 64, 8, 12, 52, 0, 306448, 2136
317236, 4, 64, 8, 12, 52, 0, 306448, 2136
317236, 4, 64, 8, 12, 52, 0, 306448, 2136
317236, 4, 64, 8, 12, 52, 0, 306448, 2136
317236, 4, 64, 8, 12, 52, 0, 306448, 2136
317236, 4, 64, 8, 12, 52, 0, 306448, 2136
317236, 4, 64, 8, 12, 52, 0, 306448, 2136
317236, 4, 64, 8, 12, 52, 0, 306448, 2136
317236, 4, 64, 8, 12, 52, 0, 306448, 2136
317236, 4, 60, 8, 12, 52, 0, 306452, 2136
317236, 4, 60, 8, 12, 52, 0, 306452, 2136
317236, 4, 60, 8, 12, 52, 0, 306452, 2136
317236, 4, 60, 8, 12, 52, 0, 306452, 2136
317236, 4, 60, 8, 12, 52, 0, 306452, 2136
317236, 4, 60, 8, 12, 52, 0, 306452, 2136
317236, 4, 60, 8, 12, 52, 0, 306452, 2136
317236, 4, 60, 8, 12, 52, 0, 306452, 2136
317236, 4, 60, 8, 12, 52, 0, 306452, 2136
317236, 4, 60, 8, 12, 52, 0, 306452, 2136
317236, 4, 60, 8, 12, 52, 0, 306452, 2136
317236, 4, 60, 8, 12, 52, 0, 306452, 2136
317236, 4, 60, 8, 12, 52, 0, 306452, 2136
317236, 4, 60, 8, 12, 52, 0, 306452, 2136
317236, 4, 60, 8, 12, 52, 0, 306452, 2136
317236, 4, 60, 8, 12, 52, 0, 306452, 2136
317236, 4, 60, 8, 12, 52, 0, 306452, 2136
317236, 4, 60, 8, 12, 52, 0, 306452, 2136
317236, 4, 60, 8, 12, 52, 0, 306452, 2136
317236, 4, 60, 8, 12, 52, 0, 306452, 2136
317236, 4, 60, 8, 12, 52, 0, 306452, 2136
317236, 4, 60, 8, 12, 52, 0, 306452, 2136
317236, 4, 60, 8, 12, 52, 0, 306452, 2136
317236, 4, 60, 8, 12, 52, 0, 306452, 2136
317236, 4, 60, 8, 12, 52, 0, 306452, 2136
317236, 4, 60, 8, 12, 52, 0, 306452, 2136
317236, 4, 60, 8, 12, 52, 0, 306452, 2136
317236, 4, 60, 8, 12, 52, 0, 306452, 2136
317236, 4, 60, 8, 12, 52, 0, 306452, 2136
317236, 4, 60, 8, 12, 52, 0, 306452, 2136
317236, 4, 56, 8, 12, 52, 0, 306456, 2136
317236, 4, 56, 8, 12, 52, 0, 306456, 2136
317236, 4, 56, 8, 12, 52, 0, 306456, 2136
317236, 4, 56, 8, 12, 52, 0, 306456, 2136
317236, 4, 56, 8, 12, 52, 0, 306456, 2136
317236, 4, 56, 8, 12, 52, 0, 306456, 2136
317236, 4, 56, 8, 12, 52, 0, 306456, 2136
317236, 4, 56, 8, 12, 52, 0, 306456, 2136
317236, 4, 56, 8, 12, 52, 0, 306456, 2136
317236, 4, 56, 8, 12, 52, 0, 306456, 2136
317236, 4, 56, 8, 12, 52, 0, 306456, 2136
317236, 4, 56, 8, 12, 52, 0, 306456, 2136
317236, 4, 56, 8, 12, 52, 0, 306456, 2136
317236, 4, 56, 8, 12, 52, 0, 306456, 2136
317236, 4, 56, 8, 12, 52, 0, 306456, 2136
317236, 4, 56, 8, 12, 52, 0, 306456, 2136
317236, 4, 56, 8, 12, 52, 0, 306456, 2136
317236, 4, 56, 8, 12, 52, 0, 306456, 2136
317236, 4, 56, 8, 12, 52, 0, 306456, 2136
317236, 4, 56, 8, 12, 52, 0, 306456, 2136
317236, 4, 56, 8, 12, 52, 0, 306456, 2136
317236, 4, 56, 8, 12, 52, 0, 306456, 2136
317236, 4, 56, 8, 12, 52, 0, 306456, 2136
317236, 4, 56, 8, 12, 52, 0, 306456, 2136
317236, 4, 56, 8, 12, 52, 0, 306456, 2136
317236, 4, 56, 8, 12, 52, 0, 306456, 2136
317236, 4, 56, 8, 12, 52, 0, 306456, 2136
317236, 4, 56, 8, 12, 52, 0, 306456, 2136
317236, 4, 56, 8, 12, 52, 0, 306456, 2136
317236, 4, 56, 8, 12, 52, 0, 306456, 2136
317236, 4, 56, 8, 12, 52, 0, 306456, 2136
317236, 4, 56, 8, 12, 52, 0, 306456, 2136
317236, 4, 56, 8, 12, 52, 0, 306456, 2136
317236, 4, 56, 8, 12, 52, 0, 306456, 2136
317236, 4, 56, 8, 12, 52, 0, 306456, 2136
317236, 4, 56, 8, 12, 52, 0, 306456, 2136
317236, 4, 56, 8, 12, 52, 0, 306456, 2136
317236, 4, 56, 8, 12, 52, 0, 306456, 2136
317236, 4, 56, 8, 12, 52, 0, 306456, 2136
317236, 4, 56, 8, 12, 52, 0, 306456, 2136
317236, 4, 56, 8, 12, 52, 0, 306456, 2136
317236, 4, 56, 8, 12, 52, 0, 306456, 2136
317236, 4, 56, 8, 12, 52, 0, 306456, 2136
317236, 4, 56, 8, 12, 52, 0, 306456, 2136
317236, 4, 56, 8, 12, 52, 0, 306456, 2136
317236, 4, 56, 8, 12, 52, 0, 306456, 2136
317236, 4, 56, 8, 12, 52, 0, 306456, 2136
317236, 4, 56, 8, 12, 52, 0, 306456, 2136
317236, 4, 56, 8, 12, 52, 0, 306456, 2136
317236, 4, 56, 8, 12, 52, 0, 306456, 2136
317236, 4, 56, 8, 12, 48, 0, 306456, 2140
317236, 4, 56, 8, 12, 48, 0, 306456, 2140
317236, 4, 56, 8, 12, 48, 0, 306456, 2140
317236, 4, 56, 8, 12, 48, 0, 306456, 2140
317236, 4, 56, 8, 12, 48, 0, 306456, 2140
317236, 4, 56, 8, 12, 48, 0, 306456, 2140
317236, 4, 56, 8, 12, 48, 0, 306456, 2140
317236, 4, 56, 8, 12, 48, 0, 306456, 2140
317236, 4, 56, 8, 12, 48, 0, 306456, 2140
317236, 4, 56, 8, 12, 48, 0, 306456, 2140
317236, 4, 56, 8, 12, 48, 0, 306456, 2140
317236, 4, 56, 8, 12, 48, 0, 306456, 2140
317236, 4, 56, 8, 12, 48, 0, 306456, 2140
317236, 4, 56, 8, 12, 48, 0, 306456, 2140
317236, 4, 56, 8, 12, 48, 0, 306456, 2140
317236, 4, 56, 8, 12, 48, 0, 306456, 2140
317236, 4, 56, 8, 12, 48, 0, 306456, 2140
317236, 4, 56, 8, 12, 48, 0, 306456, 2140
317236, 4, 56, 8, 12, 48, 0, 306456, 2140
317236, 4, 56, 8, 12, 48, 0, 306456, 2140
317236, 4, 56, 8, 12, 48, 0, 306456, 2140
317236, 4, 56, 8, 12, 48, 0, 306456, 2140
317236, 4, 56, 8, 12, 48, 0, 306456, 2140
317236, 4, 56, 8, 12, 48, 0, 306456, 2140
317236, 4, 56, 8, 12, 48, 0, 306456, 2140
317236, 4, 56, 8, 12, 48, 0, 306456, 2140
317236, 4, 56, 8, 12, 48, 0, 306456, 2140
317236, 4, 56, 8, 12, 48, 0, 306456, 2140
317236, 4, 56, 8, 12, 48, 0, 306456, 2140
317236, 4, 56, 8, 12, 48, 0, 306456, 2140
317236, 4, 56, 8, 12, 48, 0, 306456, 2140
317236, 4, 56, 8, 12, 48, 0, 306456, 2140
317236, 4, 56, 8, 12, 48, 0, 306456, 2140
317236, 4, 56, 8, 12, 48, 0, 306456, 2140
317236, 4, 56, 8, 12, 48, 0, 306456, 2140
317236, 4, 56, 8, 12, 48, 0, 306456, 2140
317236, 4, 56, 8, 12, 48, 0, 306456, 2140
317236, 4, 56, 8, 8, 48, 0, 306460, 2140
317236, 4, 56, 8, 8, 48, 0, 306460, 2140
317236, 4, 56, 8, 8, 48, 0, 306460, 2140
317236, 4, 56, 8, 8, 48, 0, 306460, 2140
317236, 4, 56, 8, 8, 48, 0, 306460, 2140
317236, 4, 56, 8, 8, 48, 0, 306460, 2140
317236, 4, 56, 8, 8, 48, 0, 306460, 2140
317236, 4, 56, 8, 8, 48, 0, 306460, 2140
317236, 4, 56, 8, 8, 44, 0, 306464, 2140
317236, 4, 56, 8, 8, 44, 0, 306464, 2140
317236, 4, 56, 8, 8, 44, 0, 306464, 2140
317236, 4, 56, 8, 8, 44, 0, 306464, 2140
317236, 4, 56, 8, 8, 44, 0, 306464, 2140
317236, 4, 56, 8, 8, 44, 0, 306464, 2140
317236, 4, 56, 8, 8, 44, 0, 306464, 2140
317236, 4, 56, 8, 8, 44, 0, 306464, 2140
317236, 4, 56, 8, 8, 44, 0, 306464, 2140
317236, 4, 56, 8, 8, 44, 0, 306464, 2140
317236, 4, 56, 8, 8, 44, 0, 306464, 2140
317236, 4, 56, 8, 8, 44, 0, 306464, 2140
317236, 4, 56, 8, 8, 44, 0, 306464, 2140
317236, 4, 56, 8, 8, 44, 0, 306464, 2140
317236, 4, 56, 8, 8, 44, 0, 306464, 2140
317236, 4, 56, 8, 8, 44, 0, 306464, 2140
317236, 4, 56, 8, 8, 44, 0, 306464, 2140
317236, 4, 56, 8, 8, 44, 0, 306464, 2140
317236, 4, 56, 8, 8, 44, 0, 306464, 2140
317236, 4, 56, 8, 8, 44, 0, 306464, 2140
317236, 4, 56, 8, 8, 44, 0, 306464, 2140
317236, 4, 56, 8, 8, 44, 0, 306464, 2140
317236, 4, 56, 8, 8, 44, 0, 306464, 2140
317236, 4, 56, 8, 8, 44, 0, 306464, 2140
317236, 4, 56, 8, 8, 44, 0, 306464, 2140
317236, 4, 56, 8, 8, 44, 0, 306464, 2140
317236, 4, 56, 8, 8, 44, 0, 306464, 2140
317236, 4, 56, 8, 8, 44, 0, 306464, 2140
317236, 4, 56, 8, 8, 44, 0, 306464, 2140
317236, 4, 56, 8, 8, 44, 0, 306464, 2140
317236, 4, 56, 8, 8, 44, 0, 306464, 2140
317236, 4, 56, 8, 8, 44, 0, 306464, 2140
317236, 4, 56, 8, 8, 44, 0, 306464, 2140
317236, 4, 56, 8, 4, 44, 0, 306468, 2140
317236, 4, 56, 8, 4, 44, 0, 306468, 2140
317236, 4, 56, 8, 4, 44, 0, 306468, 2140
317236, 4, 56, 8, 4, 44, 0, 306468, 2140
317236, 4, 56, 8, 4, 44, 0, 306468, 2140
317236, 4, 56, 8, 4, 44, 0, 306468, 2140
317236, 4, 56, 8, 4, 44, 0, 306468, 2140
317236, 4, 56, 8, 4, 44, 0, 306468, 2140
317236, 4, 56, 8, 4, 44, 0, 306468, 2140
317236, 4, 56, 8, 4, 44, 0, 306468, 2140
317236, 4, 56, 8, 4, 44, 0, 306468, 2140
317236, 4, 56, 8, 4, 44, 0, 306468, 2140
317236, 4, 56, 8, 4, 44, 0, 306468, 2140
317236, 4, 56, 8, 4, 44, 0, 306468, 2140
317236, 4, 56, 8, 4, 44, 0, 306468, 2140
317236, 4, 56, 8, 4, 44, 0, 306468, 2140
317236, 4, 56, 8, 4, 44, 0, 306468, 2140
317236, 4, 56, 8, 4, 44, 0, 306468, 2140
317236, 4, 56, 8, 4, 44, 0, 306468, 2140
317236, 4, 56, 8, 4, 44, 0, 306468, 2140
317236, 4, 56, 8, 4, 44, 0, 306468, 2140
317236, 4, 56, 8, 4, 44, 0, 306468, 2140
317236, 4, 56, 8, 4, 44, 0, 306468, 2140
317236, 4, 56, 8, 4, 44, 0, 306468, 2140
317236, 4, 56, 8, 4, 44, 0, 306468, 2140
317236, 4, 56, 8, 4, 44, 0, 306468, 2140
317236, 4, 56, 8, 4, 44, 0, 306468, 2140
317236, 4, 56, 8, 4, 44, 0, 306468, 2140
317236, 4, 56, 8, 4, 44, 0, 306468, 2140
317236, 4, 56, 8, 4, 44, 0, 306468, 2140
317236, 4, 56, 8, 4, 44, 0, 306468, 2140
317236, 4, 56, 8, 4, 44, 0, 306468, 2140
317236, 4, 56, 8, 4, 44, 0, 306468, 2140
317236, 4, 56, 8, 4, 44, 0, 306468, 2140
317236, 4, 56, 8, 4, 44, 0, 306468, 2140
317236, 4, 56, 8, 4, 44, 0, 306468, 2140
317236, 4, 56, 8, 4, 44, 0, 306468, 2140
317236, 4, 56, 8, 4, 44, 0, 306468, 2140
317236, 4, 56, 8, 4, 44, 0, 306468, 2140
317236, 4, 56, 8, 4, 44, 0, 306468, 2140
317236, 4, 56, 8, 4, 44, 0, 306468, 2140
317236, 4, 56, 8, 4, 44, 0, 306468, 2140
317236, 4, 56, 8, 4, 44, 0, 306468, 2140
317236, 4, 56, 8, 4, 44, 0, 306468, 2140
317236, 4, 56, 8, 4, 44, 0, 306468, 2140
317236, 4, 56, 8, 4, 44, 0, 306468, 2140
317236, 4, 56, 8, 4, 44, 0, 306468, 2140
317236, 4, 56, 8, 4, 44, 0, 306468, 2140
317236, 4, 56, 8, 4, 44, 0, 306468, 2140
317236, 4, 56, 8, 4, 44, 0, 306468, 2140
317236, 4, 56, 8, 4, 44, 0, 306468, 2140
317236, 4, 56, 8, 4, 44, 0, 306468, 2140
317236, 4, 56, 8, 4, 44, 0, 306468, 2140
317236, 4, 56, 8, 4, 44, 0, 306468, 2140
317236, 4, 56, 8, 4, 44, 0, 306468, 2140
317236, 4, 56, 8, 4, 44, 0, 306468, 2140
317236, 4, 56, 8, 4, 44, 0, 306468, 2140
317236, 4, 56, 8, 4, 44, 0, 306468, 2140
317236, 4, 56, 8, 4, 44, 0, 306468, 2140
317236, 4, 56, 8, 4, 44, 0, 306468, 2140
317236, 4, 56, 8, 4, 44, 0, 306468, 2140
317236, 4, 56, 8, 4, 44, 0, 306468, 2140
317236, 4, 56, 8, 4, 44, 0, 306468, 2140
317236, 4, 56, 8, 4, 44, 0, 306468, 2140
317236, 4, 56, 8, 4, 44, 0, 306468, 2140
317236, 4, 56, 8, 4, 44, 0, 306468, 2140
317236, 4, 56, 8, 4, 44, 0, 306468, 2140
317236, 4, 56, 8, 4, 44, 0, 306468, 2140
317236, 4, 56, 8, 4, 44, 0, 306468, 2140
317236, 4, 56, 8, 4, 44, 0, 306468, 2140
317236, 4, 56, 8, 4, 44, 0, 306468, 2140
317236, 4, 56, 8, 4, 44, 0, 306468, 2140
317236, 4, 56, 8, 4, 44, 0, 306468, 2140
317236, 4, 56, 8, 4, 44, 0, 306468, 2140
317236, 4, 56, 8, 4, 44, 0, 306468, 2140
317236, 4, 56, 4, 8, 44, 0, 306468, 2140
317236, 4, 56, 4, 8, 44, 0, 306468, 2140
317236, 4, 56, 4, 8, 44, 0, 306468, 2140
317236, 4, 56, 4, 8, 44, 0, 306468, 2140
317236, 4, 56, 4, 8, 44, 0, 306468, 2140
317236, 4, 56, 4, 8, 44, 0, 306468, 2140
317236, 4, 56, 4, 8, 44, 0, 306468, 2140
317236, 4, 56, 4, 8, 44, 0, 306468, 2140
317236, 4, 56, 4, 8, 44, 0, 306468, 2140
317236, 4, 56, 4, 8, 44, 0, 306468, 2140
317236, 4, 56, 4, 8, 44, 0, 306468, 2140
317236, 4, 56, 4, 8, 44, 0, 306468, 2140
317236, 4, 56, 4, 8, 44, 0, 306468, 2140
317236, 4, 56, 4, 8, 44, 0, 306468, 2140
317236, 4, 56, 4, 8, 44, 0, 306468, 2140
317236, 4, 56, 4, 8, 44, 0, 306468, 2140
317236, 4, 56, 4, 8, 44, 0, 306468, 2140
317236, 4, 56, 4, 8, 44, 0, 306468, 2140
317236, 4, 56, 4, 8, 44, 0, 306468, 2140
317236, 4, 56, 4, 8, 44, 0, 306468, 2140
317236, 4, 56, 4, 8, 44, 0, 306468, 2140
317236, 4, 56, 4, 8, 44, 0, 306468, 2140
317236, 4, 56, 4, 8, 44, 0, 306468, 2140
317236, 4, 56, 4, 8, 44, 0, 306468, 2140
317236, 4, 56, 4, 8, 44, 0, 306468, 2140
317236, 4, 56, 4, 8, 44, 0, 306468, 2140
317236, 4, 56, 4, 8, 44, 0, 306468, 2140
317236, 4, 56, 4, 8, 44, 0, 306468, 2140
317236, 4, 56, 0, 12, 44, 0, 306468, 2140
317236, 4, 52, 0, 12, 44, 0, 306472, 2140
317236, 4, 52, 0, 12, 40, 0, 306476, 2140
317236, 4, 52, 0, 12, 40, 0, 306476, 2140
317236, 4, 52, 0, 12, 40, 0, 306476, 2140
317236, 4, 52, 0, 12, 40, 0, 306476, 2140
317236, 4, 52, 0, 12, 40, 0, 306476, 2140
317236, 4, 52, 0, 12, 40, 0, 306476, 2140
317236, 4, 52, 0, 12, 40, 0, 306476, 2140
317236, 4, 52, 0, 12, 40, 0, 306476, 2140
317236, 4, 52, 0, 12, 40, 0, 306476, 2140
317236, 4, 52, 0, 12, 40, 0, 306476, 2140
317236, 4, 52, 0, 12, 40, 0, 306476, 2140
317236, 4, 52, 0, 12, 40, 0, 306476, 2140
317236, 4, 52, 0, 12, 40, 0, 306476, 2140
317236, 4, 52, 0, 12, 40, 0, 306476, 2140
317236, 4, 52, 0, 12, 40, 0, 306476, 2140
317236, 4, 52, 0, 12, 40, 0, 306476, 2140
317236, 4, 52, 0, 12, 40, 0, 306476, 2140
317236, 4, 52, 0, 12, 40, 0, 306476, 2140
317236, 4, 52, 0, 12, 40, 0, 306476, 2140
317236, 4, 52, 0, 12, 40, 0, 306476, 2140
317236, 4, 52, 0, 12, 40, 0, 306476, 2140
317236, 4, 52, 0, 12, 40, 0, 306476, 2140
317236, 4, 52, 0, 12, 40, 0, 306476, 2140
317236, 4, 52, 0, 12, 40, 0, 306476, 2140
317236, 4, 52, 0, 12, 40, 0, 306476, 2140
317236, 4, 52, 0, 12, 40, 0, 306476, 2140
317236, 4, 52, 0, 12, 40, 0, 306476, 2140
317236, 4, 52, 0, 12, 40, 0, 306476, 2140
317236, 4, 52, 0, 12, 40, 0, 306476, 2140
317236, 4, 52, 0, 12, 40, 0, 306476, 2140
317236, 4, 52, 0, 12, 36, 0, 306480, 2140
317236, 4, 52, 0, 12, 36, 0, 306480, 2140
317236, 4, 52, 0, 12, 36, 0, 306480, 2140
317236, 4, 52, 0, 12, 36, 0, 306480, 2140
317236, 4, 52, 0, 12, 36, 0, 306480, 2140
317236, 4, 52, 0, 12, 36, 0, 306480, 2140
317236, 4, 52, 0, 12, 36, 0, 306480, 2140
317236, 4, 52, 0, 12, 36, 0, 306480, 2140
317236, 4, 52, 0, 12, 36, 0, 306480, 2140
317236, 4, 52, 0, 12, 36, 0, 306480, 2140
317236, 4, 52, 0, 12, 36, 0, 306480, 2140
317236, 4, 52, 0, 12, 36, 0, 306480, 2140
317236, 4, 52, 0, 12, 36, 0, 306480, 2140
317236, 4, 52, 0, 12, 36, 0, 306480, 2140
317236, 4, 52, 0, 12, 36, 0, 306480, 2140
317236, 4, 52, 0, 12, 36, 0, 306480, 2140
317236, 4, 52, 0, 12, 36, 0, 306480, 2140
317236, 4, 52, 0, 12, 36, 0, 306480, 2140
317236, 4, 52, 0, 12, 36, 0, 306480, 2140
317236, 4, 52, 0, 12, 36, 0, 306480, 2140
317236, 4, 52, 0, 12, 36, 0, 306480, 2140
317236, 4, 52, 0, 12, 36, 0, 306480, 2140
317236, 4, 52, 0, 12, 36, 0, 306480, 2140
317236, 4, 52, 0, 12, 36, 0, 306480, 2140
317236, 4, 52, 0, 12, 36, 0, 306480, 2140
317236, 4, 52, 0, 12, 36, 0, 306480, 2140
317236, 4, 52, 0, 12, 36, 0, 306480, 2140
317236, 4, 52, 0, 12, 36, 0, 306480, 2140
317236, 4, 52, 0, 12, 36, 0, 306480, 2140
317236, 4, 52, 0, 12, 36, 0, 306480, 2140
317236, 4, 52, 0, 12, 36, 0, 306480, 2140
317236, 4, 52, 0, 12, 36, 0, 306480, 2140
317236, 4, 52, 0, 12, 36, 0, 306480, 2140
317236, 4, 48, 0, 12, 36, 0, 306484, 2140
317236, 4, 48, 0, 12, 36, 0, 306484, 2140
317236, 4, 48, 0, 12, 36, 0, 306484, 2140
317236, 4, 48, 0, 12, 36, 0, 306484, 2140
317236, 4, 48, 0, 12, 36, 0, 306484, 2140
317236, 4, 48, 0, 12, 36, 0, 306484, 2140
317236, 4, 48, 0, 12, 36, 0, 306484, 2140
317236, 4, 48, 0, 12, 36, 0, 306484, 2140
317236, 4, 48, 0, 12, 36, 0, 306484, 2140
317236, 4, 48, 0, 12, 36, 0, 306484, 2140
317236, 4, 48, 0, 12, 36, 0, 306484, 2140
317236, 4, 48, 0, 12, 36, 0, 306484, 2140
317236, 4, 48, 0, 12, 36, 0, 306484, 2140
317236, 4, 48, 0, 12, 36, 0, 306484, 2140
317236, 4, 48, 0, 12, 36, 0, 306484, 2140
317236, 4, 48, 0, 12, 36, 0, 306484, 2140
317236, 4, 48, 0, 12, 36, 0, 306484, 2140
317236, 4, 48, 0, 12, 36, 0, 306484, 2140
317236, 4, 48, 0, 12, 36, 0, 306484, 2140
317236, 4, 48, 0, 12, 36, 0, 306484, 2140
317236, 4, 48, 0, 12, 36, 0, 306484, 2140
317236, 4, 48, 0, 12, 36, 0, 306484, 2140
317236, 4, 48, 0, 12, 36, 0, 306484, 2140
317236, 4, 48, 0, 12, 36, 0, 306484, 2140
317236, 4, 48, 0, 12, 36, 0, 306484, 2140
317236, 4, 48, 0, 12, 36, 0, 306484, 2140
317236, 4, 48, 0, 12, 36, 0, 306484, 2140
317236, 4, 48, 0, 12, 36, 0, 306484, 2140
317236, 4, 48, 0, 12, 36, 0, 306484, 2140
317236, 4, 48, 0, 12, 36, 0, 306484, 2140
317236, 4, 48, 0, 12, 36, 0, 306484, 2140
317236, 4, 48, 0, 12, 36, 0, 306484, 2140
317236, 4, 48, 0, 12, 36, 0, 306484, 2140
317236, 4, 48, 0, 12, 36, 0, 306484, 2140
317236, 4, 48, 0, 12, 36, 0, 306484, 2140
317236, 4, 48, 0, 12, 36, 0, 306484, 2140
317236, 4, 48, 0, 12, 36, 0, 306484, 2140
317236, 4, 48, 0, 12, 36, 0, 306484, 2140
317236, 4, 48, 0, 12, 36, 0, 306484, 2140
317236, 4, 48, 0, 12, 36, 0, 306484, 2140
317236, 4, 48, 0, 12, 36, 0, 306484, 2140
317236, 4, 48, 0, 12, 36, 0, 306484, 2140
317236, 4, 48, 0, 12, 36, 0, 306484, 2140
317236, 4, 48, 0, 12, 36, 0, 306484, 2140
317236, 4, 48, 0, 12, 36, 0, 306484, 2140
317236, 4, 48, 0, 12, 36, 0, 306484, 2140
317236, 4, 48, 0, 12, 36, 0, 306484, 2140
317236, 4, 48, 0, 12, 36, 0, 306484, 2140
317236, 4, 48, 0, 12, 36, 0, 306484, 2140
317236, 4, 48, 0, 12, 36, 0, 306484, 2140
317236, 4, 48, 0, 12, 36, 0, 306484, 2140
317236, 4, 48, 0, 12, 36, 0, 306484, 2140
317236, 4, 48, 0, 12, 36, 0, 306484, 2140
317236, 4, 48, 0, 12, 36, 0, 306484, 2140
317236, 4, 48, 0, 12, 36, 0, 306484, 2140
317236, 4, 48, 0, 12, 36, 0, 306484, 2140
317236, 4, 48, 0, 12, 36, 0, 306484, 2140
317236, 4, 48, 0, 12, 36, 0, 306484, 2140
317236, 4, 48, 0, 12, 36, 0, 306484, 2140
317236, 4, 48, 0, 12, 36, 0, 306484, 2140
317236, 4, 48, 0, 12, 36, 0, 306484, 2140
317236, 4, 48, 0, 12, 36, 0, 306484, 2140
317236, 4, 48, 0, 12, 36, 0, 306484, 2140
317236, 4, 48, 0, 12, 36, 0, 306484, 2140
317236, 4, 48, 0, 12, 36, 0, 306484, 2140
317236, 4, 48, 0, 12, 36, 0, 306484, 2140
317236, 4, 48, 0, 12, 36, 0, 306484, 2140
317236, 4, 48, 0, 12, 36, 0, 306484, 2140
317236, 4, 48, 0, 12, 36, 0, 306484, 2140
317236, 4, 48, 0, 12, 36, 0, 306484, 2140
317236, 4, 48, 0, 12, 36, 0, 306484, 2140
317236, 4, 48, 0, 12, 32, 0, 306488, 2140
317236, 4, 48, 0, 12, 32, 0, 306488, 2140
317236, 4, 48, 0, 12, 32, 0, 306488, 2140
317236, 4, 48, 0, 12, 32, 0, 306488, 2140
317236, 4, 48, 0, 12, 32, 0, 306488, 2140
317236, 4, 48, 0, 12, 32, 0, 306488, 2140
317236, 4, 48, 0, 12, 32, 0, 306488, 2140
317236, 4, 48, 0, 12, 32, 0, 306488, 2140
317236, 4, 48, 0, 12, 32, 0, 306488, 2140
317236, 4, 48, 0, 12, 32, 0, 306488, 2140
317236, 4, 48, 0, 12, 32, 0, 306488, 2140
317236, 4, 48, 0, 12, 32, 0, 306488, 2140
317236, 4, 48, 0, 12, 32, 0, 306488, 2140
317236, 4, 48, 0, 12, 32, 0, 306488, 2140
317236, 4, 48, 0, 12, 32, 0, 306488, 2140
317236, 4, 48, 0, 12, 32, 0, 306488, 2140
317236, 4, 48, 0, 12, 32, 0, 306488, 2140
317236, 0, 52, 0, 12, 32, 0, 306488, 2140
317236, 0, 52, 0, 12, 32, 0, 306488, 2140
317236, 0, 52, 0, 12, 32, 0, 306488, 2140
317236, 0, 52, 0, 12, 32, 0, 306488, 2140
317236, 0, 52, 0, 12, 32, 0, 306488, 2140
317236, 0, 52, 0, 12, 32, 0, 306488, 2140
317236, 0, 52, 0, 12, 32, 0, 306488, 2140
317236, 0, 52, 0, 12, 32, 0, 306488, 2140
317236, 0, 52, 0, 12, 32, 0, 306488, 2140
317236, 0, 52, 0, 12, 32, 0, 306488, 2140
317236, 0, 52, 0, 12, 32, 0, 306488, 2140
317236, 0, 52, 0, 12, 32, 0, 306488, 2140
317236, 0, 52, 0, 12, 32, 0, 306488, 2140
317236, 0, 52, 0, 12, 32, 0, 306488, 2140
317236, 0, 52, 0, 12, 32, 0, 306488, 2140
317236, 0, 48, 0, 12, 32, 0, 306492, 2140
317236, 0, 48, 0, 12, 32, 0, 306492, 2140
317236, 0, 48, 0, 12, 32, 0, 306492, 2140
317236, 0, 48, 0, 12, 32, 0, 306492, 2140
317236, 0, 48, 0, 12, 32, 0, 306492, 2140
317236, 0, 48, 0, 12, 32, 0, 306492, 2140
317236, 0, 48, 0, 12, 32, 0, 306492, 2140
317236, 0, 48, 0, 12, 32, 0, 306492, 2140
317236, 0, 48, 0, 12, 32, 0, 306492, 2140
317236, 0, 48, 0, 12, 32, 0, 306492, 2140
317236, 0, 48, 0, 12, 32, 0, 306492, 2140
317236, 0, 48, 0, 12, 32, 0, 306492, 2140
317236, 0, 48, 0, 12, 32, 0, 306492, 2140
317236, 0, 48, 0, 12, 32, 0, 306492, 2140
317236, 0, 48, 0, 12, 32, 0, 306492, 2140
317236, 0, 48, 0, 12, 32, 0, 306492, 2140
317236, 0, 48, 0, 12, 32, 0, 306492, 2140
317236, 0, 48, 0, 12, 32, 0, 306492, 2140
317236, 0, 48, 0, 12, 32, 0, 306492, 2140
317236, 0, 48, 0, 12, 32, 0, 306492, 2140
317236, 0, 48, 0, 12, 32, 0, 306492, 2140
317236, 0, 48, 0, 12, 32, 0, 306492, 2140
317236, 0, 48, 0, 12, 32, 0, 306492, 2140
317236, 0, 48, 0, 12, 32, 0, 306492, 2140
317236, 0, 48, 0, 12, 32, 0, 306492, 2140
317236, 0, 48, 0, 12, 32, 0, 306492, 2140
317236, 0, 48, 0, 12, 32, 0, 306492, 2140
317236, 0, 48, 0, 12, 32, 0, 306492, 2140
317236, 0, 48, 0, 12, 32, 0, 306492, 2140
317236, 0, 48, 0, 12, 32, 0, 306492, 2140
317236, 0, 48, 0, 12, 32, 0, 306492, 2140
317236, 0, 48, 0, 12, 32, 0, 306492, 2140
317236, 0, 48, 0, 12, 32, 0, 306492, 2140
317236, 0, 48, 0, 12, 32, 0, 306492, 2140
317236, 0, 48, 0, 12, 32, 0, 306492, 2140
317236, 0, 48, 0, 12, 32, 0, 306492, 2140
317236, 0, 48, 0, 12, 32, 0, 306492, 2140
317236, 0, 48, 0, 12, 32, 0, 306492, 2140
317236, 0, 48, 0, 12, 32, 0, 306492, 2140
317236, 0, 48, 0, 12, 32, 0, 306492, 2140
317236, 0, 48, 0, 12, 32, 0, 306492, 2140
317236, 0, 48, 0, 12, 32, 0, 306492, 2140
317236, 0, 48, 0, 12, 32, 0, 306492, 2140
317236, 0, 48, 0, 12, 32, 0, 306492, 2140
317236, 0, 48, 0, 12, 32, 0, 306492, 2140
317236, 0, 48, 0, 12, 32, 0, 306492, 2140
317236, 0, 48, 0, 12, 32, 0, 306492, 2140
317236, 0, 48, 0, 8, 36, 0, 306492, 2140
317236, 0, 48, 0, 8, 36, 0, 306492, 2140
317236, 0, 48, 0, 8, 36, 0, 306492, 2140
317236, 0, 48, 0, 8, 36, 0, 306492, 2140
317236, 0, 48, 0, 8, 36, 0, 306492, 2140
317236, 0, 48, 0, 8, 36, 0, 306492, 2140
317236, 0, 48, 0, 8, 36, 0, 306492, 2140
317236, 0, 48, 0, 8, 36, 0, 306492, 2140
317236, 0, 48, 0, 8, 36, 0, 306492, 2140
317236, 0, 48, 0, 8, 36, 0, 306492, 2140
317236, 0, 48, 0, 8, 36, 0, 306492, 2140
317236, 0, 48, 0, 8, 36, 0, 306492, 2140
317236, 0, 48, 0, 8, 36, 0, 306492, 2140
317236, 0, 48, 0, 8, 36, 0, 306492, 2140
317236, 0, 48, 0, 8, 36, 0, 306492, 2140
317236, 0, 48, 0, 8, 36, 0, 306492, 2140
317236, 0, 48, 0, 8, 36, 0, 306492, 2140
317236, 0, 48, 0, 4, 36, 0, 306496, 2140
317236, 0, 48, 0, 4, 36, 0, 306496, 2140
317236, 0, 48, 0, 4, 36, 0, 306496, 2140
317236, 0, 48, 0, 4, 36, 0, 306496, 2140
317236, 0, 48, 0, 4, 36, 0, 306496, 2140
317236, 0, 48, 0, 4, 36, 0, 306496, 2140
317236, 0, 48, 0, 4, 36, 0, 306496, 2140
317236, 0, 48, 0, 4, 36, 0, 306496, 2140
317236, 0, 48, 0, 4, 36, 0, 306496, 2140
317236, 0, 48, 0, 4, 36, 0, 306496, 2140
317236, 0, 48, 0, 4, 36, 0, 306496, 2140
317236, 0, 48, 0, 4, 36, 0, 306496, 2140
317236, 0, 48, 0, 4, 36, 0, 306496, 2140
317236, 0, 48, 0, 4, 36, 0, 306496, 2140
317236, 0, 48, 0, 4, 36, 0, 306496, 2140
317236, 0, 48, 0, 4, 36, 0, 306496, 2140
317236, 0, 48, 0, 4, 36, 0, 306496, 2140
317236, 0, 48, 0, 4, 36, 0, 306496, 2140
317236, 0, 48, 0, 4, 36, 0, 306496, 2140
317236, 0, 48, 0, 4, 36, 0, 306496, 2140
317236, 0, 48, 0, 4, 36, 0, 306496, 2140
317236, 0, 48, 0, 4, 36, 0, 306496, 2140
317236, 0, 48, 0, 4, 36, 0, 306496, 2140
317236, 0, 48, 0, 4, 36, 0, 306496, 2140
317236, 0, 48, 0, 4, 36, 0, 306496, 2140
317236, 0, 48, 0, 4, 36, 0, 306496, 2140
317236, 0, 48, 0, 4, 36, 0, 306496, 2140
317236, 0, 48, 0, 4, 36, 0, 306496, 2140
317236, 0, 48, 0, 4, 36, 0, 306496, 2140
317236, 0, 48, 0, 4, 36, 0, 306496, 2140
317236, 0, 48, 0, 4, 36, 0, 306496, 2140
317236, 0, 48, 0, 4, 36, 0, 306496, 2140
317236, 0, 48, 0, 4, 36, 0, 306496, 2140
317236, 0, 48, 0, 4, 36, 0, 306496, 2140
317236, 0, 48, 0, 4, 36, 0, 306496, 2140
317236, 0, 48, 0, 4, 36, 0, 306496, 2140
317236, 0, 48, 0, 4, 36, 0, 306496, 2140
317236, 0, 48, 0, 4, 36, 0, 306496, 2140
317236, 0, 48, 0, 4, 36, 0, 306496, 2140
317236, 0, 48, 0, 4, 36, 0, 306496, 2140
317236, 0, 48, 0, 4, 36, 0, 306496, 2140
317236, 0, 48, 0, 4, 36, 0, 306496, 2140
317236, 0, 48, 0, 4, 36, 0, 306496, 2140
317236, 0, 48, 0, 4, 36, 0, 306496, 2140
317236, 0, 48, 0, 4, 36, 0, 306496, 2140
317236, 0, 48, 0, 4, 36, 0, 306496, 2140
317236, 0, 48, 0, 4, 36, 0, 306496, 2140
317236, 0, 48, 0, 4, 36, 0, 306496, 2140
317236, 0, 48, 0, 4, 36, 0, 306496, 2140
317236, 0, 48, 0, 4, 36, 0, 306496, 2140
317236, 0, 48, 0, 4, 36, 0, 306496, 2140
317236, 0, 48, 0, 4, 36, 0, 306496, 2140
317236, 0, 48, 0, 4, 36, 0, 306496, 2140
317236, 0, 48, 0, 4, 36, 0, 306496, 2140
317236, 0, 48, 0, 4, 36, 0, 306496, 2140
317236, 0, 48, 0, 4, 36, 0, 306496, 2140
317236, 0, 48, 0, 4, 36, 0, 306496, 2140
317236, 0, 48, 0, 4, 36, 0, 306496, 2140
317236, 0, 48, 0, 4, 36, 0, 306496, 2140
317236, 0, 48, 0, 4, 36, 0, 306496, 2140
317236, 0, 48, 0, 4, 36, 0, 306496, 2140
317236, 0, 48, 0, 4, 36, 0, 306496, 2140
317236, 0, 48, 0, 4, 36, 0, 306496, 2140
317236, 0, 48, 0, 4, 36, 0, 306496, 2140
317236, 0, 48, 0, 4, 36, 0, 306496, 2140
317236, 0, 48, 0, 4, 36, 0, 306496, 2140
317236, 0, 48, 0, 4, 36, 0, 306496, 2140
317236, 0, 48, 0, 4, 36, 0, 306496, 2140
317236, 0, 48, 0, 4, 36, 0, 306496, 2140
317236, 0, 48, 0, 4, 36, 0, 306496, 2140
317236, 0, 48, 0, 4, 36, 0, 306496, 2140
317236, 0, 48, 0, 4, 36, 0, 306496, 2140
317236, 0, 48, 0, 4, 36, 0, 306496, 2140
317236, 0, 48, 0, 4, 36, 0, 306496, 2140
317236, 0, 48, 0, 4, 36, 0, 306496, 2140
317236, 0, 48, 0, 4, 36, 0, 306496, 2140
317236, 0, 48, 0, 4, 36, 0, 306496, 2140
317236, 0, 48, 0, 4, 36, 0, 306496, 2140
317236, 0, 48, 0, 4, 36, 0, 306496, 2140
317236, 0, 48, 0, 4, 36, 0, 306496, 2140
317236, 0, 48, 0, 4, 36, 0, 306496, 2140
317236, 0, 48, 0, 4, 36, 0, 306496, 2140
317236, 0, 48, 0, 4, 36, 0, 306496, 2140
317236, 0, 48, 0, 4, 36, 0, 306496, 2140
317236, 0, 48, 0, 4, 36, 0, 306496, 2140
317236, 0, 48, 0, 4, 36, 0, 306496, 2140
317236, 0, 48, 0, 4, 36, 0, 306496, 2140
317236, 0, 48, 0, 4, 36, 0, 306496, 2140
317236, 0, 48, 0, 4, 36, 0, 306496, 2140
317236, 0, 48, 0, 4, 36, 0, 306496, 2140
317236, 0, 48, 0, 4, 36, 0, 306496, 2140
317236, 0, 48, 0, 4, 36, 0, 306496, 2140
317236, 0, 48, 0, 4, 36, 0, 306496, 2140
317236, 0, 48, 0, 4, 36, 0, 306496, 2140
317236, 0, 48, 0, 4, 36, 0, 306496, 2140
317236, 0, 48, 0, 4, 36, 0, 306496, 2140
317236, 0, 48, 0, 4, 36, 0, 306496, 2140
317236, 0, 48, 0, 4, 36, 0, 306496, 2140
317236, 0, 48, 0, 4, 36, 0, 306496, 2140
317236, 0, 48, 0, 4, 36, 0, 306496, 2140
317236, 0, 48, 0, 4, 36, 0, 306496, 2140
317236, 0, 48, 0, 4, 36, 0, 306496, 2140
317236, 0, 48, 0, 4, 36, 0, 306496, 2140
317236, 0, 48, 0, 4, 36, 0, 306496, 2140
317236, 0, 48, 0, 4, 36, 0, 306496, 2140
317236, 0, 48, 0, 4, 36, 0, 306496, 2140
317236, 0, 48, 0, 4, 36, 0, 306496, 2140
317236, 0, 48, 0, 4, 36, 0, 306496, 2140
317236, 0, 48, 0, 4, 36, 0, 306496, 2140
317236, 0, 48, 0, 4, 36, 0, 306496, 2140
317236, 0, 48, 0, 4, 36, 0, 306496, 2140
317236, 0, 48, 0, 4, 36, 0, 306496, 2140
317236, 0, 48, 0, 4, 36, 0, 306496, 2140
317236, 0, 48, 0, 4, 36, 0, 306496, 2140
317236, 0, 48, 0, 4, 36, 0, 306496, 2140
317236, 0, 48, 0, 4, 36, 0, 306496, 2140
317236, 0, 48, 0, 4, 36, 0, 306496, 2140
317236, 0, 48, 0, 4, 36, 0, 306496, 2140
317236, 0, 48, 0, 4, 36, 0, 306496, 2140
317236, 0, 48, 0, 4, 36, 0, 306496, 2140
317236, 0, 48, 0, 4, 36, 0, 306496, 2140
317236, 0, 48, 0, 4, 36, 0, 306496, 2140
317236, 0, 48, 0, 4, 36, 0, 306496, 2140
317236, 0, 48, 0, 4, 36, 0, 306496, 2140
317236, 0, 48, 0, 4, 36, 0, 306496, 2140
317236, 0, 48, 0, 4, 36, 0, 306496, 2140
317236, 0, 48, 0, 4, 36, 0, 306496, 2140
317236, 0, 48, 0, 4, 36, 0, 306496, 2140
317236, 0, 48, 0, 4, 36, 0, 306496, 2140
317236, 0, 48, 0, 4, 36, 0, 306496, 2140
317236, 0, 48, 0, 4, 36, 0, 306496, 2140
317236, 0, 48, 0, 4, 36, 0, 306496, 2140
317236, 0, 48, 0, 4, 36, 0, 306496, 2140
317236, 0, 48, 0, 4, 36, 0, 306496, 2140
317236, 0, 48, 0, 4, 36, 0, 306496, 2140
317236, 0, 48, 0, 4, 36, 0, 306496, 2140
317236, 0, 48, 0, 4, 36, 0, 306496, 2140
317236, 0, 48, 0, 4, 36, 0, 306496, 2140
317236, 0, 48, 0, 4, 36, 0, 306496, 2140
317236, 0, 48, 0, 4, 36, 0, 306496, 2140
317236, 0, 48, 0, 4, 36, 0, 306496, 2140
317236, 0, 48, 0, 4, 36, 0, 306496, 2140
317236, 0, 48, 0, 4, 36, 0, 306496, 2140
317236, 0, 48, 0, 4, 36, 0, 306496, 2140
317236, 0, 48, 0, 4, 36, 0, 306496, 2140
317236, 0, 48, 0, 4, 36, 0, 306496, 2140
317236, 0, 48, 0, 4, 36, 0, 306496, 2140
317236, 0, 48, 0, 4, 36, 0, 306496, 2140
317236, 0, 48, 0, 4, 36, 0, 306496, 2140
317236, 0, 48, 0, 4, 36, 0, 306496, 2140
317236, 0, 48, 0, 4, 36, 0, 306496, 2140
317236, 0, 48, 0, 4, 36, 0, 306496, 2140
317236, 0, 48, 0, 4, 36, 0, 306496, 2140
317236, 0, 48, 0, 4, 36, 0, 306496, 2140
317236, 0, 48, 0, 4, 36, 0, 306496, 2140
317236, 0, 48, 0, 4, 36, 0, 306496, 2140
317236, 0, 48, 0, 4, 36, 0, 306496, 2140
317236, 0, 48, 0, 4, 36, 0, 306496, 2140
317236, 0, 48, 0, 4, 36, 0, 306496, 2140
317236, 0, 48, 0, 4, 36, 0, 306496, 2140
317236, 0, 48, 0, 4, 36, 0, 306496, 2140
317236, 0, 48, 0, 4, 36, 0, 306496, 2140
317236, 0, 48, 0, 4, 36, 0, 306496, 2140
317236, 0, 48, 0, 4, 36, 0, 306496, 2140
317236, 0, 48, 0, 4, 36, 0, 306496, 2140
317236, 0, 48, 0, 4, 36, 0, 306496, 2140
317236, 0, 48, 0, 4, 36, 0, 306496, 2140
317236, 0, 48, 0, 4, 36, 0, 306496, 2140
317236, 0, 48, 0, 4, 36, 0, 306496, 2140
317236, 0, 48, 0, 4, 36, 0, 306496, 2140
317236, 0, 48, 0, 4, 36, 0, 306496, 2140
317236, 0, 48, 0, 4, 36, 0, 306496, 2140
317236, 0, 48, 0, 4, 36, 0, 306496, 2140
317236, 0, 48, 0, 4, 36, 0, 306496, 2140
317236, 0, 48, 0, 4, 36, 0, 306496, 2140
317236, 0, 48, 0, 4, 36, 0, 306496, 2140
317236, 0, 48, 0, 4, 36, 0, 306496, 2140
317236, 0, 48, 0, 4, 36, 0, 306496, 2140
317236, 0, 48, 0, 4, 36, 0, 306496, 2140
317236, 0, 48, 0, 4, 36, 0, 306496, 2140
317236, 0, 48, 0, 4, 36, 0, 306496, 2140
317236, 0, 48, 0, 4, 36, 0, 306496, 2140
317236, 0, 48, 0, 4, 36, 0, 306496, 2140
317236, 0, 48, 0, 4, 36, 0, 306496, 2140
317236, 0, 48, 0, 4, 36, 0, 306496, 2140
317236, 0, 48, 0, 4, 36, 0, 306496, 2140
317236, 0, 48, 0, 4, 36, 0, 306496, 2140
317236, 0, 48, 0, 4, 36, 0, 306496, 2140
317236, 0, 48, 0, 4, 36, 0, 306496, 2140
317232, 4, 48, 0, 4, 36, 0, 306496, 2140
317232, 4, 48, 0, 4, 36, 0, 306496, 2140
317232, 4, 48, 0, 4, 36, 0, 306496, 2140
317232, 4, 48, 0, 4, 36, 0, 306496, 2140
317232, 4, 48, 0, 4, 36, 0, 306496, 2140
317232, 4, 48, 0, 4, 36, 0, 306496, 2140
317232, 4, 48, 0, 4, 36, 0, 306496, 2140
317232, 4, 48, 0, 4, 36, 0, 306496, 2140
317232, 4, 48, 0, 4, 36, 0, 306496, 2140
317232, 4, 48, 0, 4, 36, 0, 306496, 2140
317232, 4, 48, 0, 4, 36, 0, 306496, 2140
317232, 4, 48, 0, 4, 36, 0, 306496, 2140
317232, 4, 48, 0, 4, 36, 0, 306496, 2140
317232, 4, 48, 0, 4, 36, 0, 306496, 2140
317232, 4, 48, 0, 4, 36, 0, 306496, 2140
317232, 4, 48, 0, 4, 36, 0, 306496, 2140
317232, 4, 48, 0, 4, 36, 0, 306496, 2140
317232, 4, 48, 0, 4, 36, 0, 306496, 2140
317232, 4, 48, 0, 4, 36, 0, 306496, 2140
317232, 4, 48, 0, 4, 36, 0, 306496, 2140
317232, 4, 48, 0, 4, 36, 0, 306496, 2140
317232, 4, 48, 0, 4, 36, 0, 306496, 2140
317232, 4, 48, 0, 4, 36, 0, 306496, 2140
317232, 4, 48, 0, 4, 36, 0, 306496, 2140
317232, 4, 48, 0, 4, 36, 0, 306496, 2140
317232, 4, 48, 0, 4, 36, 0, 306496, 2140
317232, 4, 48, 0, 4, 36, 0, 306496, 2140
317232, 4, 48, 0, 4, 36, 0, 306496, 2140
317232, 4, 48, 0, 4, 36, 0, 306496, 2140
317232, 4, 48, 0, 4, 36, 0, 306496, 2140
317232, 4, 48, 0, 4, 36, 0, 306496, 2140
317232, 4, 48, 0, 4, 36, 0, 306496, 2140
317232, 4, 48, 0, 4, 36, 0, 306496, 2140
317232, 4, 48, 0, 4, 36, 0, 306496, 2140
317232, 4, 48, 0, 4, 36, 0, 306496, 2140
317232, 4, 48, 0, 4, 36, 0, 306496, 2140
317232, 4, 48, 0, 4, 36, 0, 306496, 2140
317232, 4, 48, 0, 4, 36, 0, 306496, 2140
317232, 4, 48, 0, 4, 36, 0, 306496, 2140
317232, 4, 48, 0, 4, 36, 0, 306496, 2140
317232, 4, 48, 0, 4, 36, 0, 306496, 2140
317232, 4, 48, 0, 4, 36, 0, 306496, 2140
317232, 4, 48, 0, 4, 36, 0, 306496, 2140
317232, 4, 48, 0, 4, 36, 0, 306496, 2140
317232, 4, 48, 0, 4, 36, 0, 306496, 2140
317232, 4, 48, 0, 4, 36, 0, 306496, 2140
317232, 4, 48, 0, 4, 36, 0, 306496, 2140
317232, 4, 48, 0, 4, 36, 0, 306496, 2140
317232, 4, 48, 0, 4, 36, 0, 306496, 2140
317232, 4, 48, 0, 4, 36, 0, 306496, 2140
317232, 4, 48, 0, 4, 36, 0, 306496, 2140
317232, 4, 48, 0, 4, 36, 0, 306496, 2140
317232, 4, 48, 0, 4, 36, 0, 306496, 2140
317232, 4, 48, 0, 4, 36, 0, 306496, 2140
317232, 4, 48, 0, 4, 36, 0, 306496, 2140
317232, 4, 48, 0, 4, 36, 0, 306496, 2140
317232, 4, 48, 0, 4, 36, 0, 306496, 2140
317232, 4, 48, 0, 4, 36, 0, 306496, 2140
317232, 4, 48, 0, 4, 36, 0, 306496, 2140
317232, 4, 48, 0, 4, 36, 0, 306496, 2140
317232, 4, 48, 0, 4, 36, 0, 306496, 2140
317232, 4, 48, 0, 4, 36, 0, 306496, 2140
317232, 4, 48, 0, 4, 36, 0, 306496, 2140
317232, 4, 48, 0, 4, 36, 0, 306496, 2140
317232, 4, 48, 0, 4, 36, 0, 306496, 2140
317232, 4, 48, 0, 4, 36, 0, 306496, 2140
317232, 4, 48, 0, 4, 36, 0, 306496, 2140
317232, 4, 48, 0, 4, 36, 0, 306496, 2140
317232, 4, 48, 0, 4, 36, 0, 306496, 2140
317232, 4, 48, 0, 4, 36, 0, 306496, 2140
317232, 4, 48, 0, 4, 36, 0, 306496, 2140
317232, 4, 48, 0, 4, 36, 0, 306496, 2140
317232, 4, 48, 0, 4, 36, 0, 306496, 2140
317232, 4, 48, 0, 4, 36, 0, 306496, 2140
317232, 4, 48, 0, 4, 36, 0, 306496, 2140
317232, 4, 48, 0, 4, 36, 0, 306496, 2140
317232, 4, 48, 0, 4, 36, 0, 306496, 2140
317232, 4, 48, 0, 4, 36, 0, 306496, 2140
317232, 4, 48, 0, 4, 36, 0, 306496, 2140
317232, 4, 48, 0, 4, 36, 0, 306496, 2140
317232, 4, 48, 0, 4, 36, 0, 306496, 2140
317232, 4, 48, 0, 4, 36, 0, 306496, 2140
317232, 4, 48, 0, 4, 36, 0, 306496, 2140
317232, 4, 48, 0, 4, 36, 0, 306496, 2140
317232, 4, 48, 0, 4, 36, 0, 306496, 2140
317232, 4, 48, 0, 4, 36, 0, 306496, 2140
317232, 4, 48, 0, 4, 36, 0, 306496, 2140
317232, 4, 48, 0, 4, 36, 0, 306496, 2140
317232, 4, 48, 0, 4, 36, 0, 306496, 2140
317232, 4, 48, 0, 4, 36, 0, 306496, 2140
317232, 4, 48, 0, 4, 36, 0, 306496, 2140
317232, 4, 48, 0, 4, 36, 0, 306496, 2140
317232, 4, 48, 0, 4, 36, 0, 306496, 2140
317232, 4, 48, 0, 4, 36, 0, 306496, 2140
317232, 4, 48, 0, 4, 36, 0, 306496, 2140
317232, 4, 48, 0, 4, 36, 0, 306496, 2140
317232, 4, 48, 0, 4, 36, 0, 306496, 2140
317232, 4, 48, 0, 4, 36, 0, 306496, 2140
317232, 4, 48, 0, 4, 36, 0, 306496, 2140
317232, 4, 48, 0, 4, 36, 0, 306496, 2140
317232, 4, 48, 0, 4, 36, 0, 306496, 2140
317232, 4, 48, 0, 0, 36, 0, 306500, 2140
317232, 4, 48, 0, 0, 36, 0, 306500, 2140
317232, 4, 48, 0, 0, 36, 0, 306500, 2140
317232, 4, 48, 0, 0, 36, 0, 306500, 2140
317232, 4, 48, 0, 0, 36, 0, 306500, 2140
317232, 4, 48, 0, 0, 36, 0, 306500, 2140
317232, 4, 48, 0, 0, 36, 0, 306500, 2140
317232, 4, 48, 0, 0, 36, 0, 306500, 2140
317232, 4, 48, 0, 0, 36, 0, 306500, 2140
317232, 4, 48, 0, 0, 36, 0, 306500, 2140
317232, 4, 48, 0, 0, 36, 0, 306500, 2140
317232, 4, 48, 0, 0, 36, 0, 306500, 2140
317232, 4, 48, 0, 0, 36, 0, 306500, 2140
317232, 4, 48, 0, 0, 36, 0, 306500, 2140
317232, 4, 48, 0, 0, 32, 0, 306504, 2140
317232, 4, 48, 0, 0, 32, 0, 306504, 2140
317232, 4, 48, 0, 0, 32, 0, 306504, 2140
317232, 4, 48, 0, 0, 32, 0, 306504, 2140
317232, 4, 48, 0, 0, 32, 0, 306504, 2140
317232, 4, 48, 0, 0, 32, 0, 306504, 2140
317232, 4, 48, 0, 0, 32, 0, 306504, 2140
317232, 4, 48, 0, 0, 32, 0, 306504, 2140
317232, 4, 48, 0, 0, 32, 0, 306504, 2140
317232, 4, 48, 0, 0, 32, 0, 306504, 2140
317232, 4, 48, 0, 0, 32, 0, 306504, 2140
317232, 4, 48, 0, 0, 32, 0, 306504, 2140
317232, 4, 48, 0, 0, 32, 0, 306504, 2140
317232, 4, 48, 0, 0, 32, 0, 306504, 2140
317232, 4, 48, 0, 0, 32, 0, 306504, 2140
317232, 4, 48, 0, 0, 32, 0, 306504, 2140
317232, 4, 48, 0, 0, 32, 0, 306504, 2140
317232, 4, 48, 0, 0, 32, 0, 306504, 2140
317232, 4, 48, 0, 0, 32, 0, 306504, 2140
317232, 4, 48, 0, 0, 32, 0, 306504, 2140
317232, 4, 48, 0, 0, 32, 0, 306504, 2140
317232, 4, 48, 0, 0, 32, 0, 306504, 2140
317232, 4, 48, 0, 0, 32, 0, 306504, 2140
317232, 4, 48, 0, 0, 32, 0, 306504, 2140
317232, 4, 48, 0, 0, 32, 0, 306504, 2140
317232, 4, 48, 0, 0, 32, 0, 306504, 2140
317232, 4, 48, 0, 0, 32, 0, 306504, 2140
317232, 4, 48, 0, 0, 32, 0, 306504, 2140
317232, 4, 48, 0, 0, 32, 0, 306504, 2140
317232, 4, 48, 0, 0, 32, 0, 306504, 2140
317232, 4, 48, 0, 0, 32, 0, 306504, 2140
317232, 4, 48, 0, 0, 32, 0, 306504, 2140
317232, 4, 48, 0, 0, 32, 0, 306504, 2140
317232, 4, 48, 0, 0, 32, 0, 306504, 2140
317232, 4, 48, 0, 0, 32, 0, 306504, 2140
317232, 4, 48, 0, 0, 32, 0, 306504, 2140
317232, 4, 48, 0, 0, 32, 0, 306504, 2140
317232, 4, 48, 0, 0, 32, 0, 306504, 2140
317232, 4, 48, 0, 0, 32, 0, 306504, 2140
317232, 4, 48, 0, 0, 32, 0, 306504, 2140
317232, 4, 48, 0, 0, 32, 0, 306504, 2140
317232, 4, 48, 0, 0, 32, 0, 306504, 2140
317232, 4, 48, 0, 0, 32, 0, 306504, 2140
317232, 4, 48, 0, 0, 32, 0, 306504, 2140
317232, 4, 48, 0, 0, 32, 0, 306504, 2140
317232, 4, 48, 0, 0, 32, 0, 306504, 2140
317232, 4, 48, 0, 0, 32, 0, 306504, 2140
317232, 4, 48, 0, 0, 32, 0, 306504, 2140
317232, 4, 48, 0, 0, 32, 0, 306504, 2140
317232, 4, 48, 0, 0, 32, 0, 306504, 2140
317232, 4, 48, 0, 0, 32, 0, 306504, 2140
317232, 4, 48, 0, 0, 32, 0, 306504, 2140
317232, 4, 48, 0, 0, 32, 0, 306504, 2140
317232, 4, 48, 0, 0, 32, 0, 306504, 2140
317232, 4, 48, 0, 0, 32, 0, 306504, 2140
317232, 4, 48, 0, 0, 32, 0, 306504, 2140
317232, 4, 48, 0, 0, 32, 0, 306504, 2140
317232, 4, 48, 0, 0, 32, 0, 306504, 2140
317232, 4, 48, 0, 0, 32, 0, 306504, 2140
317232, 4, 48, 0, 0, 32, 0, 306504, 2140
317232, 4, 48, 0, 0, 32, 0, 306504, 2140
317232, 4, 48, 0, 0, 32, 0, 306504, 2140
317232, 4, 48, 0, 0, 32, 0, 306504, 2140
317232, 4, 48, 0, 0, 32, 0, 306504, 2140
317232, 4, 48, 0, 0, 32, 0, 306504, 2140
317232, 4, 48, 0, 0, 32, 0, 306504, 2140
317232, 4, 48, 0, 0, 32, 0, 306504, 2140
317232, 4, 48, 0, 0, 32, 0, 306504, 2140
317232, 4, 48, 0, 0, 32, 0, 306504, 2140
317232, 4, 48, 0, 0, 32, 0, 306504, 2140
317232, 4, 48, 0, 0, 32, 0, 306504, 2140
317232, 4, 48, 0, 0, 32, 0, 306504, 2140
317232, 4, 48, 0, 0, 32, 0, 306504, 2140
317232, 4, 48, 0, 0, 32, 0, 306504, 2140
317232, 4, 48, 0, 0, 32, 0, 306504, 2140
317232, 4, 48, 0, 0, 32, 0, 306504, 2140
317232, 4, 48, 0, 0, 32, 0, 306504, 2140
317232, 4, 48, 0, 0, 32, 0, 306504, 2140
317232, 4, 48, 0, 0, 32, 0, 306504, 2140
317232, 4, 48, 0, 0, 32, 0, 306504, 2140
317232, 4, 48, 0, 0, 32, 0, 306504, 2140
317232, 4, 48, 0, 0, 32, 0, 306504, 2140
317232, 4, 48, 0, 0, 32, 0, 306504, 2140
317232, 4, 48, 0, 0, 32, 0, 306504, 2140
317232, 4, 48, 0, 0, 32, 0, 306504, 2140
317232, 4, 48, 0, 0, 32, 0, 306504, 2140
317232, 4, 48, 0, 0, 32, 0, 306504, 2140
317232, 4, 48, 0, 0, 32, 0, 306504, 2140
317232, 4, 48, 0, 0, 32, 0, 306504, 2140
317232, 4, 48, 0, 0, 32, 0, 306504, 2140
317232, 4, 48, 0, 0, 32, 0, 306504, 2140
317232, 0, 52, 0, 0, 32, 0, 306504, 2140
317232, 0, 52, 0, 0, 32, 0, 306504, 2140
317232, 0, 52, 0, 0, 32, 0, 306504, 2140
317232, 0, 52, 0, 0, 32, 0, 306504, 2140
317232, 0, 52, 0, 0, 32, 0, 306504, 2140
317232, 0, 52, 0, 0, 32, 0, 306504, 2140
317232, 0, 52, 0, 0, 32, 0, 306504, 2140
317232, 0, 52, 0, 0, 32, 0, 306504, 2140
317232, 0, 52, 0, 0, 32, 0, 306504, 2140
317232, 0, 52, 0, 0, 32, 0, 306504, 2140
317232, 0, 52, 0, 0, 32, 0, 306504, 2140
317232, 0, 52, 0, 0, 32, 0, 306504, 2140
317232, 0, 52, 0, 0, 32, 0, 306504, 2140
317232, 0, 52, 0, 0, 32, 0, 306504, 2140
317232, 0, 52, 0, 0, 32, 0, 306504, 2140
317232, 0, 52, 0, 0, 32, 0, 306504, 2140
317232, 0, 52, 0, 0, 28, 0, 306508, 2140
317232, 0, 52, 0, 0, 28, 0, 306508, 2140
317232, 0, 52, 0, 0, 28, 0, 306508, 2140
317232, 0, 52, 0, 0, 28, 0, 306508, 2140
317232, 0, 52, 0, 0, 28, 0, 306508, 2140
317232, 0, 52, 0, 0, 28, 0, 306508, 2140
317232, 0, 52, 0, 0, 28, 0, 306508, 2140
317232, 0, 52, 0, 0, 28, 0, 306508, 2140
317232, 0, 52, 0, 0, 28, 0, 306508, 2140
317232, 0, 52, 0, 0, 28, 0, 306508, 2140
317232, 0, 52, 0, 0, 28, 0, 306508, 2140
317232, 0, 52, 0, 0, 28, 0, 306508, 2140
317232, 0, 52, 0, 0, 28, 0, 306508, 2140
317232, 0, 52, 0, 0, 28, 0, 306508, 2140
317232, 0, 52, 0, 0, 28, 0, 306508, 2140
317232, 0, 52, 0, 0, 28, 0, 306508, 2140
317232, 0, 52, 0, 0, 28, 0, 306508, 2140
317232, 0, 52, 0, 0, 28, 0, 306508, 2140
317232, 0, 52, 0, 0, 28, 0, 306508, 2140
317232, 0, 52, 0, 0, 28, 0, 306508, 2140
317232, 0, 52, 0, 0, 28, 0, 306508, 2140
317232, 0, 52, 0, 0, 28, 0, 306508, 2140
317232, 0, 52, 0, 0, 28, 0, 306508, 2140
317232, 0, 52, 0, 0, 28, 0, 306508, 2140
317232, 0, 52, 0, 0, 28, 0, 306508, 2140
317232, 0, 52, 0, 0, 28, 0, 306508, 2140
317232, 0, 52, 0, 0, 28, 0, 306508, 2140
317232, 0, 52, 0, 0, 28, 0, 306508, 2140
317232, 0, 52, 0, 0, 28, 0, 306508, 2140
317232, 0, 52, 0, 0, 28, 0, 306508, 2140
317232, 0, 52, 0, 0, 28, 0, 306508, 2140
317232, 0, 52, 0, 0, 28, 0, 306508, 2140
317232, 0, 52, 0, 0, 28, 0, 306508, 2140
317232, 0, 52, 0, 0, 28, 0, 306508, 2140
317232, 0, 52, 0, 0, 28, 0, 306508, 2140
317232, 0, 52, 0, 0, 28, 0, 306508, 2140
317232, 0, 52, 0, 0, 28, 0, 306508, 2140
317232, 0, 52, 0, 0, 28, 0, 306508, 2140
317232, 0, 52, 0, 0, 28, 0, 306508, 2140
317232, 0, 52, 0, 0, 28, 0, 306508, 2140
317232, 0, 52, 0, 0, 28, 0, 306508, 2140
317232, 0, 52, 0, 0, 28, 0, 306508, 2140
317228, 4, 52, 0, 0, 28, 0, 306508, 2140
317228, 4, 52, 0, 0, 28, 0, 306508, 2140
317228, 4, 52, 0, 0, 28, 0, 306508, 2140
317228, 4, 52, 0, 0, 28, 0, 306508, 2140
317228, 4, 52, 0, 0, 28, 0, 306508, 2140
317228, 4, 52, 0, 0, 28, 0, 306508, 2140
317228, 4, 52, 0, 0, 28, 0, 306508, 2140
317228, 4, 52, 0, 0, 28, 0, 306508, 2140
317228, 4, 52, 0, 0, 28, 0, 306508, 2140
317228, 4, 52, 0, 0, 28, 0, 306508, 2140
317228, 4, 52, 0, 0, 28, 0, 306508, 2140
317228, 4, 52, 0, 0, 28, 0, 306508, 2140
317228, 4, 52, 0, 0, 28, 0, 306508, 2140
317228, 4, 52, 0, 0, 28, 0, 306508, 2140
317228, 4, 52, 0, 0, 28, 0, 306508, 2140
317228, 4, 52, 0, 0, 28, 0, 306508, 2140
317228, 4, 52, 0, 0, 28, 0, 306508, 2140
317228, 4, 52, 0, 0, 28, 0, 306508, 2140
317228, 4, 52, 0, 0, 28, 0, 306508, 2140
317228, 4, 52, 0, 0, 28, 0, 306508, 2140
317228, 4, 52, 0, 0, 28, 0, 306508, 2140
317228, 4, 52, 0, 0, 28, 0, 306508, 2140
317228, 4, 52, 0, 0, 28, 0, 306508, 2140
317228, 4, 52, 0, 0, 28, 0, 306508, 2140
317228, 4, 52, 0, 0, 28, 0, 306508, 2140
317228, 4, 52, 0, 0, 28, 0, 306508, 2140
317228, 4, 52, 0, 0, 28, 0, 306508, 2140
317228, 4, 52, 0, 0, 28, 0, 306508, 2140
317228, 4, 52, 0, 0, 28, 0, 306508, 2140
317228, 4, 52, 0, 0, 28, 0, 306508, 2140
317228, 4, 52, 0, 0, 28, 0, 306508, 2140
317228, 4, 52, 0, 0, 28, 0, 306508, 2140
317228, 4, 52, 0, 0, 28, 0, 306508, 2140
317228, 4, 52, 0, 0, 28, 0, 306508, 2140
317228, 4, 52, 0, 0, 28, 0, 306508, 2140
317228, 4, 52, 0, 0, 28, 0, 306508, 2140
317228, 4, 52, 0, 0, 28, 0, 306508, 2140
317228, 4, 52, 0, 0, 28, 0, 306508, 2140
317228, 4, 52, 0, 0, 28, 0, 306508, 2140
317228, 4, 52, 0, 0, 28, 0, 306508, 2140
317228, 4, 52, 0, 0, 28, 0, 306508, 2140
317228, 4, 52, 0, 0, 28, 0, 306508, 2140
317228, 4, 52, 0, 0, 28, 0, 306508, 2140
317228, 4, 52, 0, 0, 28, 0, 306508, 2140
317228, 4, 52, 0, 0, 28, 0, 306508, 2140
317228, 4, 52, 0, 0, 28, 0, 306508, 2140
317228, 4, 52, 0, 0, 28, 0, 306508, 2140
317228, 4, 52, 0, 0, 28, 0, 306508, 2140
317228, 4, 52, 0, 0, 28, 0, 306508, 2140
317228, 4, 52, 0, 0, 28, 0, 306508, 2140
317228, 4, 52, 0, 0, 28, 0, 306508, 2140
317228, 4, 52, 0, 0, 28, 0, 306508, 2140
317228, 4, 52, 0, 0, 28, 0, 306508, 2140
317228, 4, 52, 0, 0, 28, 0, 306508, 2140
317228, 4, 52, 0, 0, 28, 0, 306508, 2140
317228, 4, 52, 0, 0, 28, 0, 306508, 2140
317228, 4, 52, 0, 0, 28, 0, 306508, 2140
317224, 8, 52, 0, 0, 28, 0, 306508, 2140
317224, 8, 52, 0, 0, 28, 0, 306508, 2140
317224, 8, 52, 0, 0, 28, 0, 306508, 2140
317224, 8, 52, 0, 0, 28, 0, 306508, 2140
317224, 8, 52, 0, 0, 28, 0, 306508, 2140
317224, 8, 48, 0, 0, 28, 0, 306512, 2140
317224, 8, 48, 0, 0, 28, 0, 306512, 2140
317224, 8, 48, 0, 0, 28, 0, 306512, 2140
317224, 8, 48, 0, 0, 28, 0, 306512, 2140
317224, 8, 48, 0, 0, 28, 0, 306512, 2140
317224, 8, 48, 0, 0, 28, 0, 306512, 2140
317224, 8, 48, 0, 0, 28, 0, 306512, 2140
317224, 8, 48, 0, 0, 28, 0, 306512, 2140
317224, 8, 48, 0, 0, 28, 0, 306512, 2140
317224, 8, 48, 0, 0, 28, 0, 306512, 2140
317224, 8, 48, 0, 0, 28, 0, 306512, 2140
317224, 8, 48, 0, 0, 28, 0, 306512, 2140
317224, 8, 48, 0, 0, 28, 0, 306512, 2140
317224, 8, 48, 0, 0, 28, 0, 306512, 2140
317224, 8, 48, 0, 0, 28, 0, 306512, 2140
317224, 8, 48, 0, 0, 28, 0, 306512, 2140
317224, 8, 48, 0, 0, 28, 0, 306512, 2140
317224, 8, 48, 0, 0, 28, 0, 306512, 2140
317224, 8, 48, 0, 0, 28, 0, 306512, 2140
317224, 8, 48, 0, 0, 28, 0, 306512, 2140
317224, 8, 48, 0, 0, 28, 0, 306512, 2140
317224, 8, 48, 0, 0, 28, 0, 306512, 2140
317224, 8, 48, 0, 0, 28, 0, 306512, 2140
317224, 8, 48, 0, 0, 28, 0, 306512, 2140
317224, 8, 48, 0, 0, 28, 0, 306512, 2140
317224, 8, 48, 0, 0, 28, 0, 306512, 2140
317224, 8, 48, 0, 0, 28, 0, 306512, 2140
317224, 8, 48, 0, 0, 28, 0, 306512, 2140
317224, 8, 48, 0, 0, 28, 0, 306512, 2140
317224, 8, 48, 0, 0, 28, 0, 306512, 2140
317224, 8, 48, 0, 0, 28, 0, 306512, 2140
317224, 8, 48, 0, 0, 28, 0, 306512, 2140
317224, 8, 48, 0, 0, 28, 0, 306512, 2140
317224, 8, 48, 0, 0, 28, 0, 306512, 2140
317224, 8, 48, 0, 0, 28, 0, 306512, 2140
317224, 8, 48, 0, 0, 28, 0, 306512, 2140
317224, 8, 48, 0, 0, 28, 0, 306512, 2140
317224, 8, 48, 0, 0, 28, 0, 306512, 2140
317224, 8, 48, 0, 0, 28, 0, 306512, 2140
317224, 8, 48, 0, 0, 28, 0, 306512, 2140
317224, 8, 48, 0, 0, 28, 0, 306512, 2140
317224, 8, 48, 0, 0, 28, 0, 306512, 2140
317224, 8, 48, 0, 0, 28, 0, 306512, 2140
317224, 8, 48, 0, 0, 28, 0, 306512, 2140
317224, 8, 48, 0, 0, 28, 0, 306512, 2140
317224, 8, 48, 0, 0, 28, 0, 306512, 2140
317224, 8, 48, 0, 0, 28, 0, 306512, 2140
317224, 8, 48, 0, 0, 28, 0, 306512, 2140
317224, 8, 48, 0, 0, 28, 0, 306512, 2140
317224, 8, 48, 0, 0, 28, 0, 306512, 2140
317224, 8, 48, 0, 0, 28, 0, 306512, 2140
317224, 8, 48, 0, 0, 28, 0, 306512, 2140
317224, 8, 48, 0, 0, 28, 0, 306512, 2140
317224, 8, 48, 0, 0, 28, 0, 306512, 2140
317224, 8, 48, 0, 0, 28, 0, 306512, 2140
317224, 8, 48, 0, 0, 28, 0, 306512, 2140
317224, 8, 48, 0, 0, 28, 0, 306512, 2140
317224, 8, 48, 0, 0, 28, 0, 306512, 2140
317224, 8, 48, 0, 0, 28, 0, 306512, 2140
317224, 8, 48, 0, 0, 28, 0, 306512, 2140
317224, 8, 48, 0, 0, 28, 0, 306512, 2140
317224, 8, 48, 0, 0, 28, 0, 306512, 2140
317224, 8, 48, 0, 0, 28, 0, 306512, 2140
317224, 8, 48, 0, 0, 28, 0, 306512, 2140
317224, 8, 48, 0, 0, 28, 0, 306512, 2140
317224, 8, 48, 0, 0, 24, 0, 306516, 2140
317224, 8, 48, 0, 0, 24, 0, 306516, 2140
317224, 8, 48, 0, 0, 24, 0, 306516, 2140
317224, 8, 48, 0, 0, 24, 0, 306516, 2140
317224, 8, 48, 0, 0, 24, 0, 306516, 2140
317224, 8, 48, 0, 0, 24, 0, 306516, 2140
317224, 8, 48, 0, 0, 24, 0, 306516, 2140
317224, 8, 48, 0, 0, 24, 0, 306516, 2140
317224, 8, 48, 0, 0, 24, 0, 306516, 2140
317224, 8, 48, 0, 0, 24, 0, 306516, 2140
317224, 8, 48, 0, 0, 24, 0, 306516, 2140
317224, 8, 48, 0, 0, 24, 0, 306516, 2140
317224, 8, 48, 0, 0, 24, 0, 306516, 2140
317220, 12, 48, 0, 0, 24, 0, 306516, 2140
317220, 12, 48, 0, 0, 24, 0, 306516, 2140
317220, 12, 48, 0, 0, 24, 0, 306516, 2140
317220, 12, 48, 0, 0, 24, 0, 306516, 2140
317220, 12, 48, 0, 0, 24, 0, 306516, 2140
317220, 12, 48, 0, 0, 24, 0, 306516, 2140
317220, 12, 48, 0, 0, 24, 0, 306516, 2140
317220, 12, 48, 0, 0, 24, 0, 306516, 2140
317220, 12, 48, 0, 0, 24, 0, 306516, 2140
317220, 12, 48, 0, 0, 24, 0, 306516, 2140
317220, 12, 48, 0, 0, 24, 0, 306516, 2140
317220, 12, 48, 0, 0, 24, 0, 306516, 2140
317220, 12, 48, 0, 0, 24, 0, 306516, 2140
317220, 12, 48, 0, 0, 24, 0, 306516, 2140
317220, 12, 48, 0, 0, 24, 0, 306516, 2140
317220, 12, 48, 0, 0, 24, 0, 306516, 2140
317220, 12, 48, 0, 0, 24, 0, 306516, 2140
317220, 12, 48, 0, 0, 24, 0, 306516, 2140
317220, 12, 48, 0, 0, 24, 0, 306516, 2140
317220, 12, 48, 0, 0, 24, 0, 306516, 2140
317220, 12, 48, 0, 0, 24, 0, 306516, 2140
317220, 12, 48, 0, 0, 24, 0, 306516, 2140
317220, 12, 48, 0, 0, 24, 0, 306516, 2140
317220, 12, 48, 0, 0, 24, 0, 306516, 2140
317220, 12, 48, 0, 0, 24, 0, 306516, 2140
317220, 12, 48, 0, 0, 24, 0, 306516, 2140
317220, 12, 48, 0, 0, 24, 0, 306516, 2140
317220, 12, 48, 0, 0, 24, 0, 306516, 2140
317220, 12, 48, 0, 0, 24, 0, 306516, 2140
317220, 12, 48, 0, 0, 24, 0, 306516, 2140
317220, 12, 48, 0, 0, 24, 0, 306516, 2140
317220, 12, 48, 0, 0, 24, 0, 306516, 2140
317220, 12, 48, 0, 0, 24, 0, 306516, 2140
317220, 12, 48, 0, 0, 24, 0, 306516, 2140
317220, 12, 48, 0, 0, 24, 0, 306516, 2140
317220, 12, 48, 0, 0, 24, 0, 306516, 2140
317220, 12, 48, 0, 0, 24, 0, 306516, 2140
317220, 12, 48, 0, 0, 24, 0, 306516, 2140
317220, 12, 48, 0, 0, 24, 0, 306516, 2140
317220, 12, 48, 0, 0, 24, 0, 306516, 2140
317220, 12, 48, 0, 0, 24, 0, 306516, 2140
317220, 12, 48, 0, 0, 24, 0, 306516, 2140
317220, 12, 44, 0, 0, 24, 0, 306520, 2140
317220, 12, 44, 0, 0, 24, 0, 306520, 2140
317220, 12, 44, 0, 0, 24, 0, 306520, 2140
317220, 12, 44, 0, 0, 24, 0, 306520, 2140
317220, 12, 44, 0, 0, 24, 0, 306520, 2140
317220, 12, 44, 0, 0, 24, 0, 306520, 2140
317220, 12, 44, 0, 0, 24, 0, 306520, 2140
317220, 12, 44, 0, 0, 24, 0, 306520, 2140
317220, 12, 44, 0, 0, 24, 0, 306520, 2140
317220, 12, 44, 0, 0, 24, 0, 306520, 2140
317220, 12, 44, 0, 0, 24, 0, 306520, 2140
317220, 12, 44, 0, 0, 24, 0, 306520, 2140
317220, 12, 44, 0, 0, 24, 0, 306520, 2140
317220, 12, 44, 0, 0, 24, 0, 306520, 2140
317220, 12, 44, 0, 0, 24, 0, 306520, 2140
317220, 12, 44, 0, 0, 24, 0, 306520, 2140
317220, 12, 44, 0, 0, 24, 0, 306520, 2140
317220, 12, 44, 0, 0, 24, 0, 306520, 2140
317220, 12, 44, 0, 0, 24, 0, 306520, 2140
317220, 12, 44, 0, 0, 24, 0, 306520, 2140
317220, 12, 44, 0, 0, 24, 0, 306520, 2140
317220, 12, 44, 0, 0, 24, 0, 306520, 2140
317220, 12, 44, 0, 0, 24, 0, 306520, 2140
317220, 12, 44, 0, 0, 24, 0, 306520, 2140
317220, 12, 44, 0, 0, 24, 0, 306520, 2140
317220, 12, 44, 0, 0, 24, 0, 306520, 2140
317220, 12, 44, 0, 0, 24, 0, 306520, 2140
317220, 12, 44, 0, 0, 24, 0, 306520, 2140
317220, 12, 44, 0, 0, 24, 0, 306520, 2140
317220, 12, 44, 0, 0, 24, 0, 306520, 2140
317220, 12, 44, 0, 0, 24, 0, 306520, 2140
317220, 12, 44, 0, 0, 24, 0, 306520, 2140
317220, 12, 44, 0, 0, 24, 0, 306520, 2140
317220, 12, 44, 0, 0, 24, 0, 306520, 2140
317220, 12, 44, 0, 0, 24, 0, 306520, 2140
317220, 12, 44, 0, 0, 24, 0, 306520, 2140
317220, 12, 44, 0, 0, 24, 0, 306520, 2140
317220, 12, 44, 0, 0, 24, 0, 306520, 2140
317220, 12, 44, 0, 0, 24, 0, 306520, 2140
317220, 12, 44, 0, 0, 24, 0, 306520, 2140
317220, 12, 44, 0, 0, 24, 0, 306520, 2140
317220, 12, 44, 0, 0, 24, 0, 306520, 2140
317220, 12, 44, 0, 0, 24, 0, 306520, 2140
317220, 12, 44, 0, 0, 24, 0, 306520, 2140
317220, 12, 44, 0, 0, 24, 0, 306520, 2140
317220, 12, 44, 0, 0, 24, 0, 306520, 2140
317220, 12, 44, 0, 0, 24, 0, 306520, 2140
317220, 12, 44, 0, 0, 24, 0, 306520, 2140
317220, 12, 44, 0, 0, 24, 0, 306520, 2140
317220, 12, 40, 0, 0, 24, 0, 306524, 2140
317220, 12, 40, 0, 0, 24, 0, 306524, 2140
317220, 12, 40, 0, 0, 24, 0, 306524, 2140
317220, 12, 40, 0, 0, 24, 0, 306524, 2140
317220, 12, 40, 0, 0, 24, 0, 306524, 2140
317220, 12, 40, 0, 0, 24, 0, 306524, 2140
317220, 12, 40, 0, 0, 24, 0, 306524, 2140
317220, 12, 40, 0, 0, 24, 0, 306524, 2140
317220, 12, 40, 0, 0, 24, 0, 306524, 2140
317220, 12, 40, 0, 0, 24, 0, 306524, 2140
317220, 12, 40, 0, 0, 24, 0, 306524, 2140
317220, 12, 40, 0, 0, 24, 0, 306524, 2140
317220, 12, 40, 0, 0, 24, 0, 306524, 2140
317220, 12, 40, 0, 0, 24, 0, 306524, 2140
317220, 12, 40, 0, 0, 24, 0, 306524, 2140
317220, 12, 40, 0, 0, 24, 0, 306524, 2140
317220, 12, 40, 0, 0, 24, 0, 306524, 2140
317220, 12, 40, 0, 0, 24, 0, 306524, 2140
317220, 12, 40, 0, 0, 24, 0, 306524, 2140
317220, 12, 40, 0, 0, 24, 0, 306524, 2140
317220, 12, 40, 0, 0, 24, 0, 306524, 2140
317220, 12, 40, 0, 0, 24, 0, 306524, 2140
317220, 12, 40, 0, 0, 24, 0, 306524, 2140
317220, 12, 40, 0, 0, 24, 0, 306524, 2140
317220, 12, 40, 0, 0, 24, 0, 306524, 2140
317220, 12, 40, 0, 0, 24, 0, 306524, 2140
317220, 12, 40, 0, 0, 24, 0, 306524, 2140
317220, 12, 40, 0, 0, 24, 0, 306524, 2140
317220, 12, 40, 0, 0, 24, 0, 306524, 2140
317220, 12, 40, 0, 0, 24, 0, 306524, 2140
317220, 12, 40, 0, 0, 24, 0, 306524, 2140
317220, 12, 40, 0, 0, 24, 0, 306524, 2140
317220, 12, 40, 0, 0, 24, 0, 306524, 2140
317220, 12, 40, 0, 0, 24, 0, 306524, 2140
317220, 12, 40, 0, 0, 24, 0, 306524, 2140
317220, 12, 40, 0, 0, 24, 0, 306524, 2140
317220, 12, 40, 0, 0, 24, 0, 306524, 2140
317220, 12, 40, 0, 0, 24, 0, 306524, 2140
317220, 12, 40, 0, 0, 24, 0, 306524, 2140
317220, 12, 40, 0, 0, 24, 0, 306524, 2140
317220, 12, 40, 0, 0, 24, 0, 306524, 2140
317220, 12, 40, 0, 0, 24, 0, 306524, 2140
317220, 12, 40, 0, 0, 24, 0, 306524, 2140
317220, 12, 40, 0, 0, 24, 0, 306524, 2140
317220, 12, 40, 0, 0, 24, 0, 306524, 2140
317220, 12, 40, 0, 0, 24, 0, 306524, 2140
317220, 12, 40, 0, 0, 24, 0, 306524, 2140
317220, 12, 40, 0, 0, 24, 0, 306524, 2140
317220, 12, 40, 0, 0, 24, 0, 306524, 2140
317220, 12, 40, 0, 0, 24, 0, 306524, 2140
317220, 12, 40, 0, 0, 24, 0, 306524, 2140
317220, 12, 40, 0, 0, 24, 0, 306524, 2140
317220, 12, 40, 0, 0, 24, 0, 306524, 2140
317220, 12, 40, 0, 0, 24, 0, 306524, 2140
317220, 12, 40, 0, 0, 24, 0, 306524, 2140
317220, 12, 40, 0, 0, 24, 0, 306524, 2140
317220, 12, 40, 0, 0, 24, 0, 306524, 2140
317220, 12, 40, 0, 0, 24, 0, 306524, 2140
317220, 12, 40, 0, 0, 24, 0, 306524, 2140
317220, 12, 40, 0, 0, 24, 0, 306524, 2140
317220, 12, 40, 0, 0, 24, 0, 306524, 2140
317220, 12, 40, 0, 0, 24, 0, 306524, 2140
317220, 12, 40, 0, 0, 24, 0, 306524, 2140
317220, 12, 40, 0, 0, 24, 0, 306524, 2140
317220, 12, 40, 0, 0, 24, 0, 306524, 2140
317220, 12, 40, 0, 0, 24, 0, 306524, 2140
317220, 12, 40, 0, 0, 24, 0, 306524, 2140
317220, 12, 40, 0, 0, 24, 0, 306524, 2140
317220, 12, 40, 0, 0, 24, 0, 306524, 2140
317220, 12, 40, 0, 0, 24, 0, 306524, 2140
317220, 12, 40, 0, 0, 24, 0, 306524, 2140
317220, 12, 40, 0, 0, 24, 0, 306524, 2140
317220, 12, 40, 0, 0, 24, 0, 306524, 2140
317220, 12, 40, 0, 0, 24, 0, 306524, 2140
317220, 12, 40, 0, 0, 24, 0, 306524, 2140
317220, 12, 40, 0, 0, 24, 0, 306524, 2140
317220, 12, 40, 0, 0, 24, 0, 306524, 2140
317220, 12, 40, 0, 0, 24, 0, 306524, 2140
317220, 12, 40, 0, 0, 24, 0, 306524, 2140
317220, 12, 40, 0, 0, 24, 0, 306524, 2140
317220, 12, 40, 0, 0, 24, 0, 306524, 2140
317220, 12, 40, 0, 0, 24, 0, 306524, 2140
317220, 12, 40, 0, 0, 24, 0, 306524, 2140
317220, 12, 40, 0, 0, 24, 0, 306524, 2140
317220, 12, 40, 0, 0, 24, 0, 306524, 2140
317220, 12, 40, 0, 0, 24, 0, 306524, 2140
317220, 12, 40, 0, 0, 24, 0, 306524, 2140
317220, 12, 40, 0, 0, 24, 0, 306524, 2140
317220, 12, 40, 0, 0, 24, 0, 306524, 2140
317220, 12, 40, 0, 0, 24, 0, 306524, 2140
317220, 12, 40, 0, 0, 24, 0, 306524, 2140
317220, 12, 40, 0, 0, 24, 0, 306524, 2140
317216, 16, 40, 0, 0, 24, 0, 306524, 2140
317216, 16, 40, 0, 0, 24, 0, 306524, 2140
317216, 16, 40, 0, 0, 24, 0, 306524, 2140
317216, 16, 40, 0, 0, 24, 0, 306524, 2140
317216, 16, 40, 0, 0, 24, 0, 306524, 2140
317216, 16, 40, 0, 0, 24, 0, 306524, 2140
317216, 16, 40, 0, 0, 24, 0, 306524, 2140
317216, 16, 40, 0, 0, 24, 0, 306524, 2140
317216, 16, 40, 0, 0, 24, 0, 306524, 2140
317216, 16, 40, 0, 0, 24, 0, 306524, 2140
317216, 16, 40, 0, 0, 24, 0, 306524, 2140
317216, 16, 40, 0, 0, 24, 0, 306524, 2140
317216, 16, 40, 0, 0, 24, 0, 306524, 2140
317216, 16, 40, 0, 0, 24, 0, 306524, 2140
317216, 16, 40, 0, 0, 24, 0, 306524, 2140
317216, 16, 40, 0, 0, 24, 0, 306524, 2140
317216, 16, 40, 0, 0, 24, 0, 306524, 2140
317216, 16, 40, 0, 0, 24, 0, 306524, 2140
317216, 16, 40, 0, 0, 24, 0, 306524, 2140
317216, 16, 40, 0, 0, 24, 0, 306524, 2140
317216, 16, 40, 0, 0, 24, 0, 306524, 2140
317216, 16, 40, 0, 0, 24, 0, 306524, 2140
317216, 16, 40, 0, 0, 24, 0, 306524, 2140
317216, 16, 40, 0, 0, 24, 0, 306524, 2140
317216, 16, 40, 0, 0, 24, 0, 306524, 2140
317216, 16, 40, 0, 0, 24, 0, 306524, 2140
317216, 16, 40, 0, 0, 24, 0, 306524, 2140
317216, 16, 40, 0, 0, 24, 0, 306524, 2140
317216, 16, 40, 0, 0, 24, 0, 306524, 2140
317216, 16, 40, 0, 0, 24, 0, 306524, 2140
317216, 16, 40, 0, 0, 24, 0, 306524, 2140
317216, 16, 40, 0, 0, 24, 0, 306524, 2140
317216, 16, 40, 0, 0, 24, 0, 306524, 2140
317216, 16, 40, 0, 0, 24, 0, 306524, 2140
317216, 16, 40, 0, 0, 24, 0, 306524, 2140
317216, 16, 40, 0, 0, 24, 0, 306524, 2140
317216, 16, 40, 0, 0, 24, 0, 306524, 2140
317216, 16, 40, 0, 0, 24, 0, 306524, 2140
317216, 16, 40, 0, 0, 24, 0, 306524, 2140
317216, 16, 40, 0, 0, 24, 0, 306524, 2140
317216, 16, 40, 0, 0, 24, 0, 306524, 2140
317216, 16, 40, 0, 0, 24, 0, 306524, 2140
317216, 16, 40, 0, 0, 24, 0, 306524, 2140
317216, 16, 40, 0, 0, 24, 0, 306524, 2140
317216, 16, 40, 0, 0, 24, 0, 306524, 2140
317216, 16, 40, 0, 0, 24, 0, 306524, 2140
317216, 16, 40, 0, 0, 24, 0, 306524, 2140
317216, 16, 40, 0, 0, 24, 0, 306524, 2140
317216, 16, 40, 0, 0, 24, 0, 306524, 2140
317212, 20, 40, 0, 0, 24, 0, 306524, 2140
317212, 20, 40, 0, 0, 24, 0, 306524, 2140
317212, 20, 40, 0, 0, 24, 0, 306524, 2140
317212, 20, 40, 0, 0, 24, 0, 306524, 2140
317212, 20, 40, 0, 0, 24, 0, 306524, 2140
317212, 20, 40, 0, 0, 24, 0, 306524, 2140
317212, 20, 40, 0, 0, 24, 0, 306524, 2140
317212, 20, 40, 0, 0, 24, 0, 306524, 2140
317212, 20, 40, 0, 0, 24, 0, 306524, 2140
317212, 20, 40, 0, 0, 24, 0, 306524, 2140
317212, 20, 40, 0, 0, 24, 0, 306524, 2140
317212, 20, 40, 0, 0, 24, 0, 306524, 2140
317212, 20, 40, 0, 0, 24, 0, 306524, 2140
317212, 20, 40, 0, 0, 24, 0, 306524, 2140
317212, 20, 40, 0, 0, 24, 0, 306524, 2140
317212, 20, 40, 0, 0, 24, 0, 306524, 2140
317212, 20, 40, 0, 0, 24, 0, 306524, 2140
317212, 20, 40, 0, 0, 24, 0, 306524, 2140
317212, 20, 40, 0, 0, 24, 0, 306524, 2140
317212, 20, 40, 0, 0, 24, 0, 306524, 2140
317212, 20, 40, 0, 0, 24, 0, 306524, 2140
317212, 20, 40, 0, 0, 24, 0, 306524, 2140
317212, 20, 40, 0, 0, 24, 0, 306524, 2140
317212, 20, 40, 0, 0, 24, 0, 306524, 2140
317212, 20, 40, 0, 0, 24, 0, 306524, 2140
317212, 20, 40, 0, 0, 24, 0, 306524, 2140
317212, 20, 40, 0, 0, 24, 0, 306524, 2140
317212, 20, 40, 0, 0, 24, 0, 306524, 2140
317212, 20, 40, 0, 0, 24, 0, 306524, 2140
317212, 20, 40, 0, 0, 24, 0, 306524, 2140
317212, 20, 40, 0, 0, 24, 0, 306524, 2140
317212, 20, 40, 0, 0, 24, 0, 306524, 2140
317212, 20, 40, 0, 0, 24, 0, 306524, 2140
317212, 20, 40, 0, 0, 24, 0, 306524, 2140
317212, 20, 40, 0, 0, 24, 0, 306524, 2140
317212, 20, 40, 0, 0, 24, 0, 306524, 2140
317208, 24, 40, 0, 0, 24, 0, 306524, 2140
317208, 24, 40, 0, 0, 24, 0, 306524, 2140
317208, 24, 40, 0, 0, 24, 0, 306524, 2140
317208, 24, 40, 0, 0, 24, 0, 306524, 2140
317208, 24, 40, 0, 0, 24, 0, 306524, 2140
317208, 24, 40, 0, 0, 24, 0, 306524, 2140
317208, 24, 40, 0, 0, 24, 0, 306524, 2140
317208, 24, 40, 0, 0, 24, 0, 306524, 2140
317208, 24, 40, 0, 0, 24, 0, 306524, 2140
317208, 24, 40, 0, 0, 24, 0, 306524, 2140
317208, 24, 40, 0, 0, 24, 0, 306524, 2140
317208, 24, 36, 0, 0, 24, 0, 306528, 2140
317208, 24, 36, 0, 0, 24, 0, 306528, 2140
317208, 24, 36, 0, 0, 24, 0, 306528, 2140
317208, 24, 36, 0, 0, 24, 0, 306528, 2140
317208, 24, 36, 0, 0, 24, 0, 306528, 2140
317208, 24, 36, 0, 0, 24, 0, 306528, 2140
317208, 24, 36, 0, 0, 24, 0, 306528, 2140
317208, 24, 36, 0, 0, 24, 0, 306528, 2140
317208, 24, 36, 0, 0, 24, 0, 306528, 2140
317208, 24, 36, 0, 0, 24, 0, 306528, 2140
317208, 24, 36, 0, 0, 24, 0, 306528, 2140
317208, 24, 36, 0, 0, 24, 0, 306528, 2140
317208, 24, 36, 0, 0, 24, 0, 306528, 2140
317208, 24, 36, 0, 0, 24, 0, 306528, 2140
317208, 24, 36, 0, 0, 24, 0, 306528, 2140
317208, 24, 36, 0, 0, 24, 0, 306528, 2140
317208, 24, 36, 0, 0, 24, 0, 306528, 2140
317208, 24, 36, 0, 0, 24, 0, 306528, 2140
317208, 24, 36, 0, 0, 24, 0, 306528, 2140
317208, 24, 36, 0, 0, 24, 0, 306528, 2140
317208, 24, 36, 0, 0, 24, 0, 306528, 2140
317208, 24, 36, 0, 0, 24, 0, 306528, 2140
317208, 24, 36, 0, 0, 24, 0, 306528, 2140
317208, 24, 36, 0, 0, 24, 0, 306528, 2140
317208, 24, 36, 0, 0, 24, 0, 306528, 2140
317208, 24, 36, 0, 0, 24, 0, 306528, 2140
317208, 24, 36, 0, 0, 24, 0, 306528, 2140
317208, 24, 36, 0, 0, 24, 0, 306528, 2140
317208, 24, 36, 0, 0, 24, 0, 306528, 2140
317208, 24, 36, 0, 0, 24, 0, 306528, 2140
317208, 24, 36, 0, 0, 24, 0, 306528, 2140
317208, 24, 36, 0, 0, 24, 0, 306528, 2140
317208, 24, 36, 0, 0, 24, 0, 306528, 2140
317208, 24, 36, 0, 0, 24, 0, 306528, 2140
317208, 24, 36, 0, 0, 24, 0, 306528, 2140
317208, 24, 36, 0, 0, 24, 0, 306528, 2140
317208, 24, 36, 0, 0, 24, 0, 306528, 2140
317208, 24, 36, 0, 0, 24, 0, 306528, 2140
317208, 24, 36, 0, 0, 24, 0, 306528, 2140
317208, 24, 36, 0, 0, 24, 0, 306528, 2140
317208, 24, 36, 0, 0, 24, 0, 306528, 2140
317208, 24, 36, 0, 0, 24, 0, 306528, 2140
317208, 24, 36, 0, 0, 24, 0, 306528, 2140
317208, 24, 36, 0, 0, 24, 0, 306528, 2140
317208, 24, 36, 0, 0, 24, 0, 306528, 2140
317208, 24, 36, 0, 0, 24, 0, 306528, 2140
317208, 24, 36, 0, 0, 24, 0, 306528, 2140
317208, 24, 36, 0, 0, 24, 0, 306528, 2140
317208, 24, 36, 0, 0, 24, 0, 306528, 2140
317208, 24, 36, 0, 0, 24, 0, 306528, 2140
317208, 24, 36, 0, 0, 24, 0, 306528, 2140
317208, 24, 36, 0, 0, 24, 0, 306528, 2140
317208, 24, 36, 0, 0, 24, 0, 306528, 2140
317208, 24, 36, 0, 0, 24, 0, 306528, 2140
317208, 24, 36, 0, 0, 24, 0, 306528, 2140
317208, 24, 36, 0, 0, 24, 0, 306528, 2140
317208, 24, 36, 0, 0, 24, 0, 306528, 2140
317208, 24, 36, 0, 0, 24, 0, 306528, 2140
317208, 24, 36, 0, 0, 24, 0, 306528, 2140
317208, 24, 36, 0, 0, 24, 0, 306528, 2140
317208, 24, 36, 0, 0, 24, 0, 306528, 2140
317208, 24, 36, 0, 0, 24, 0, 306528, 2140
317208, 24, 36, 0, 0, 24, 0, 306528, 2140
317208, 24, 36, 0, 0, 24, 0, 306528, 2140
317208, 24, 36, 0, 0, 24, 0, 306528, 2140
317208, 24, 36, 0, 0, 24, 0, 306528, 2140
317208, 24, 36, 0, 0, 24, 0, 306528, 2140
317208, 24, 36, 0, 0, 24, 0, 306528, 2140
317208, 24, 36, 0, 0, 24, 0, 306528, 2140
317208, 24, 36, 0, 0, 24, 0, 306528, 2140
317208, 24, 36, 0, 0, 24, 0, 306528, 2140
317208, 24, 36, 0, 0, 24, 0, 306528, 2140
317208, 24, 36, 0, 0, 24, 0, 306528, 2140
317208, 24, 36, 0, 0, 24, 0, 306528, 2140
317208, 24, 36, 0, 0, 24, 0, 306528, 2140
317208, 24, 36, 0, 0, 24, 0, 306528, 2140
317208, 24, 36, 0, 0, 24, 0, 306528, 2140
317208, 24, 36, 0, 0, 24, 0, 306528, 2140
317208, 24, 36, 0, 0, 24, 0, 306528, 2140
317208, 24, 36, 0, 0, 24, 0, 306528, 2140
317208, 24, 36, 0, 0, 24, 0, 306528, 2140
317208, 24, 36, 0, 0, 24, 0, 306528, 2140
317208, 24, 36, 0, 0, 24, 0, 306528, 2140
317208, 24, 36, 0, 0, 24, 0, 306528, 2140
317208, 24, 36, 0, 0, 24, 0, 306528, 2140
317208, 24, 36, 0, 0, 24, 0, 306528, 2140
317208, 24, 36, 0, 0, 24, 0, 306528, 2140
317208, 24, 36, 0, 0, 24, 0, 306528, 2140
317208, 24, 36, 0, 0, 24, 0, 306528, 2140
317208, 24, 36, 0, 0, 24, 0, 306528, 2140
317208, 24, 36, 0, 0, 24, 0, 306528, 2140
317208, 24, 36, 0, 0, 24, 0, 306528, 2140
317208, 24, 36, 0, 0, 24, 0, 306528, 2140
317208, 24, 36, 0, 0, 24, 0, 306528, 2140
317208, 24, 36, 0, 0, 24, 0, 306528, 2140
317208, 24, 36, 0, 0, 24, 0, 306528, 2140
317208, 24, 36, 0, 0, 24, 0, 306528, 2140
317208, 24, 36, 0, 0, 24, 0, 306528, 2140
317208, 24, 36, 0, 0, 24, 0, 306528, 2140
317208, 24, 36, 0, 0, 24, 0, 306528, 2140
317208, 24, 36, 0, 0, 24, 0, 306528, 2140
317208, 24, 36, 0, 0, 24, 0, 306528, 2140
317208, 24, 36, 0, 0, 24, 0, 306528, 2140
317208, 24, 36, 0, 0, 24, 0, 306528, 2140
317208, 24, 36, 0, 0, 24, 0, 306528, 2140
317208, 24, 36, 0, 0, 24, 0, 306528, 2140
317208, 24, 36, 0, 0, 24, 0, 306528, 2140
317208, 24, 36, 0, 0, 24, 0, 306528, 2140
317208, 24, 36, 0, 0, 24, 0, 306528, 2140
317208, 24, 36, 0, 0, 24, 0, 306528, 2140
317208, 20, 40, 0, 0, 24, 0, 306528, 2140
317208, 20, 40, 0, 0, 24, 0, 306528, 2140
317208, 20, 40, 0, 0, 24, 0, 306528, 2140
317208, 20, 40, 0, 0, 24, 0, 306528, 2140
317208, 20, 40, 0, 0, 24, 0, 306528, 2140
317208, 16, 44, 0, 0, 24, 0, 306528, 2140
317208, 16, 44, 0, 0, 24, 0, 306528, 2140
317208, 16, 44, 0, 0, 24, 0, 306528, 2140
317208, 16, 44, 0, 0, 24, 0, 306528, 2140
317208, 16, 44, 0, 0, 24, 0, 306528, 2140
317208, 16, 44, 0, 0, 24, 0, 306528, 2140
317208, 16, 44, 0, 0, 24, 0, 306528, 2140
317208, 16, 44, 0, 0, 24, 0, 306528, 2140
317208, 16, 44, 0, 0, 24, 0, 306528, 2140
317208, 16, 44, 0, 0, 24, 0, 306528, 2140
317208, 16, 44, 0, 0, 24, 0, 306528, 2140
317208, 16, 44, 0, 0, 24, 0, 306528, 2140
317208, 16, 44, 0, 0, 24, 0, 306528, 2140
317208, 16, 44, 0, 0, 24, 0, 306528, 2140
317208, 16, 44, 0, 0, 24, 0, 306528, 2140
317208, 16, 44, 0, 0, 24, 0, 306528, 2140
317208, 16, 44, 0, 0, 24, 0, 306528, 2140
317208, 16, 44, 0, 0, 24, 0, 306528, 2140
317208, 16, 44, 0, 0, 24, 0, 306528, 2140
317208, 16, 44, 0, 0, 24, 0, 306528, 2140
317208, 16, 44, 0, 0, 24, 0, 306528, 2140
317208, 16, 44, 0, 0, 24, 0, 306528, 2140
317208, 16, 44, 0, 0, 24, 0, 306528, 2140
317208, 16, 44, 0, 0, 24, 0, 306528, 2140
317208, 16, 44, 0, 0, 24, 0, 306528, 2140
317208, 16, 44, 0, 0, 24, 0, 306528, 2140
317208, 16, 44, 0, 0, 24, 0, 306528, 2140
317208, 16, 44, 0, 0, 24, 0, 306528, 2140
317208, 16, 44, 0, 0, 24, 0, 306528, 2140
317208, 16, 44, 0, 0, 24, 0, 306528, 2140
317208, 16, 44, 0, 0, 24, 0, 306528, 2140
317208, 16, 44, 0, 0, 24, 0, 306528, 2140
317208, 16, 44, 0, 0, 24, 0, 306528, 2140
317208, 16, 44, 0, 0, 24, 0, 306528, 2140
317208, 16, 44, 0, 0, 24, 0, 306528, 2140
317208, 16, 44, 0, 0, 24, 0, 306528, 2140
317208, 16, 44, 0, 0, 24, 0, 306528, 2140
317208, 16, 44, 0, 0, 24, 0, 306528, 2140
317208, 16, 44, 0, 0, 24, 0, 306528, 2140
317208, 16, 44, 0, 0, 24, 0, 306528, 2140
317208, 16, 44, 0, 0, 24, 0, 306528, 2140
317208, 16, 44, 0, 0, 24, 0, 306528, 2140
317208, 16, 44, 0, 0, 24, 0, 306528, 2140
317208, 16, 44, 0, 0, 24, 0, 306528, 2140
317208, 16, 44, 0, 0, 24, 0, 306528, 2140
317208, 16, 44, 0, 0, 24, 0, 306528, 2140
317208, 16, 44, 0, 0, 24, 0, 306528, 2140
317208, 16, 44, 0, 0, 24, 0, 306528, 2140
317208, 16, 44, 0, 0, 24, 0, 306528, 2140
317208, 16, 44, 0, 0, 24, 0, 306528, 2140
317208, 16, 44, 0, 0, 24, 0, 306528, 2140
317208, 16, 44, 0, 0, 24, 0, 306528, 2140
317208, 16, 44, 0, 0, 24, 0, 306528, 2140
317208, 16, 44, 0, 0, 24, 0, 306528, 2140
317208, 16, 44, 0, 0, 24, 0, 306528, 2140
317208, 16, 44, 0, 0, 24, 0, 306528, 2140
317208, 16, 44, 0, 0, 24, 0, 306528, 2140
317208, 16, 44, 0, 0, 24, 0, 306528, 2140
317208, 16, 44, 0, 0, 24, 0, 306528, 2140
317208, 16, 44, 0, 0, 24, 0, 306528, 2140
317208, 16, 44, 0, 0, 24, 0, 306528, 2140
317208, 16, 44, 0, 0, 24, 0, 306528, 2140
317208, 16, 44, 0, 0, 24, 0, 306528, 2140
317208, 16, 44, 0, 0, 24, 0, 306528, 2140
317208, 16, 44, 0, 0, 24, 0, 306528, 2140
317208, 16, 44, 0, 0, 24, 0, 306528, 2140
317208, 16, 44, 0, 0, 24, 0, 306528, 2140
317208, 16, 44, 0, 0, 24, 0, 306528, 2140
317208, 16, 44, 0, 0, 24, 0, 306528, 2140
317208, 12, 48, 0, 0, 24, 0, 306528, 2140
317208, 12, 48, 0, 0, 24, 0, 306528, 2140
317208, 12, 48, 0, 0, 24, 0, 306528, 2140
317208, 12, 48, 0, 0, 24, 0, 306528, 2140
317208, 12, 48, 0, 0, 24, 0, 306528, 2140
317208, 12, 48, 0, 0, 24, 0, 306528, 2140
317208, 12, 48, 0, 0, 24, 0, 306528, 2140
317208, 12, 48, 0, 0, 24, 0, 306528, 2140
317208, 12, 48, 0, 0, 24, 0, 306528, 2140
317208, 12, 48, 0, 0, 24, 0, 306528, 2140
317208, 12, 48, 0, 0, 24, 0, 306528, 2140
317208, 12, 48, 0, 0, 24, 0, 306528, 2140
317208, 12, 48, 0, 0, 24, 0, 306528, 2140
317208, 12, 48, 0, 0, 24, 0, 306528, 2140
317208, 12, 48, 0, 0, 24, 0, 306528, 2140
317208, 12, 48, 0, 0, 24, 0, 306528, 2140
317208, 12, 48, 0, 0, 24, 0, 306528, 2140
317208, 12, 48, 0, 0, 24, 0, 306528, 2140
317208, 12, 48, 0, 0, 24, 0, 306528, 2140
317208, 12, 48, 0, 0, 24, 0, 306528, 2140
317208, 12, 48, 0, 0, 24, 0, 306528, 2140
317208, 12, 48, 0, 0, 24, 0, 306528, 2140
317208, 12, 48, 0, 0, 24, 0, 306528, 2140
317208, 12, 48, 0, 0, 24, 0, 306528, 2140
317208, 12, 48, 0, 0, 24, 0, 306528, 2140
317208, 12, 48, 0, 0, 24, 0, 306528, 2140
317208, 12, 48, 0, 0, 24, 0, 306528, 2140
317208, 12, 48, 0, 0, 24, 0, 306528, 2140
317208, 12, 48, 0, 0, 24, 0, 306528, 2140
317208, 12, 48, 0, 0, 24, 0, 306528, 2140
317208, 8, 52, 0, 0, 24, 0, 306528, 2140
317208, 8, 52, 0, 0, 24, 0, 306528, 2140
317208, 8, 52, 0, 0, 24, 0, 306528, 2140
317208, 8, 52, 0, 0, 24, 0, 306528, 2140
317208, 8, 52, 0, 0, 24, 0, 306528, 2140
317208, 8, 52, 0, 0, 24, 0, 306528, 2140
317208, 8, 52, 0, 0, 24, 0, 306528, 2140
317208, 8, 52, 0, 0, 24, 0, 306528, 2140
317208, 8, 52, 0, 0, 24, 0, 306528, 2140
317208, 8, 52, 0, 0, 24, 0, 306528, 2140
317208, 8, 52, 0, 0, 24, 0, 306528, 2140
317208, 8, 52, 0, 0, 24, 0, 306528, 2140
317208, 8, 52, 0, 0, 24, 0, 306528, 2140
317208, 8, 52, 0, 0, 24, 0, 306528, 2140
317208, 8, 52, 0, 0, 24, 0, 306528, 2140
317208, 8, 52, 0, 0, 24, 0, 306528, 2140
317208, 8, 52, 0, 0, 24, 0, 306528, 2140
317208, 8, 52, 0, 0, 24, 0, 306528, 2140
317208, 8, 52, 0, 0, 24, 0, 306528, 2140
317208, 8, 52, 0, 0, 24, 0, 306528, 2140
317208, 8, 52, 0, 0, 24, 0, 306528, 2140
317208, 8, 52, 0, 0, 24, 0, 306528, 2140
317208, 8, 52, 0, 0, 24, 0, 306528, 2140
317208, 8, 52, 0, 0, 24, 0, 306528, 2140
317208, 8, 52, 0, 0, 24, 0, 306528, 2140
317208, 8, 52, 0, 0, 24, 0, 306528, 2140
317208, 8, 52, 0, 0, 24, 0, 306528, 2140
317208, 8, 52, 0, 0, 24, 0, 306528, 2140
317208, 8, 52, 0, 0, 24, 0, 306528, 2140
317208, 8, 52, 0, 0, 24, 0, 306528, 2140
317208, 8, 52, 0, 0, 24, 0, 306528, 2140
317208, 8, 52, 0, 0, 24, 0, 306528, 2140
317208, 8, 52, 0, 0, 24, 0, 306528, 2140
317208, 8, 52, 0, 0, 24, 0, 306528, 2140
317208, 8, 52, 0, 0, 24, 0, 306528, 2140
317208, 8, 52, 0, 0, 24, 0, 306528, 2140
317208, 8, 52, 0, 0, 24, 0, 306528, 2140
317208, 8, 52, 0, 0, 24, 0, 306528, 2140
317208, 8, 52, 0, 0, 24, 0, 306528, 2140
317208, 8, 52, 0, 0, 24, 0, 306528, 2140
317208, 8, 52, 0, 0, 24, 0, 306528, 2140
317208, 8, 52, 0, 0, 24, 0, 306528, 2140
317208, 8, 52, 0, 0, 24, 0, 306528, 2140
317208, 8, 52, 0, 0, 24, 0, 306528, 2140
317208, 8, 52, 0, 0, 24, 0, 306528, 2140
317208, 8, 52, 0, 0, 24, 0, 306528, 2140
317208, 8, 52, 0, 0, 24, 0, 306528, 2140
317208, 8, 52, 0, 0, 24, 0, 306528, 2140
317208, 8, 52, 0, 0, 24, 0, 306528, 2140
317208, 8, 52, 0, 0, 24, 0, 306528, 2140
317208, 8, 52, 0, 0, 24, 0, 306528, 2140
317208, 8, 52, 0, 0, 24, 0, 306528, 2140
317208, 8, 52, 0, 0, 24, 0, 306528, 2140
317208, 8, 52, 0, 0, 24, 0, 306528, 2140
317208, 8, 52, 0, 0, 24, 0, 306528, 2140
317208, 8, 52, 0, 0, 24, 0, 306528, 2140
317208, 8, 52, 0, 0, 24, 0, 306528, 2140
317208, 8, 52, 0, 0, 24, 0, 306528, 2140
317208, 8, 52, 0, 0, 24, 0, 306528, 2140
317208, 8, 52, 0, 0, 24, 0, 306528, 2140
317208, 8, 52, 0, 0, 24, 0, 306528, 2140
317208, 8, 52, 0, 0, 24, 0, 306528, 2140
317208, 8, 52, 0, 0, 24, 0, 306528, 2140
317208, 8, 52, 0, 0, 24, 0, 306528, 2140
317208, 8, 52, 0, 0, 24, 0, 306528, 2140
317208, 8, 52, 0, 0, 24, 0, 306528, 2140
317208, 8, 52, 0, 0, 24, 0, 306528, 2140
317208, 8, 52, 0, 0, 24, 0, 306528, 2140
317208, 8, 52, 0, 0, 24, 0, 306528, 2140
317208, 8, 52, 0, 0, 24, 0, 306528, 2140
317208, 8, 52, 0, 0, 24, 0, 306528, 2140
317208, 8, 52, 0, 0, 24, 0, 306528, 2140
317208, 8, 52, 0, 0, 24, 0, 306528, 2140
317208, 8, 52, 0, 0, 24, 0, 306528, 2140
317208, 8, 52, 0, 0, 24, 0, 306528, 2140
317208, 8, 52, 0, 0, 24, 0, 306528, 2140
317208, 8, 52, 0, 0, 24, 0, 306528, 2140
317208, 8, 52, 0, 0, 24, 0, 306528, 2140
317208, 8, 52, 0, 0, 24, 0, 306528, 2140
317208, 8, 52, 0, 0, 24, 0, 306528, 2140
317208, 8, 52, 0, 0, 24, 0, 306528, 2140
317208, 8, 52, 0, 0, 24, 0, 306528, 2140
317208, 8, 52, 0, 0, 24, 0, 306528, 2140
317208, 8, 52, 0, 0, 24, 0, 306528, 2140
317208, 4, 56, 0, 0, 24, 0, 306528, 2140
317208, 4, 56, 0, 0, 24, 0, 306528, 2140
317208, 4, 56, 0, 0, 24, 0, 306528, 2140
317208, 4, 56, 0, 0, 24, 0, 306528, 2140
317208, 4, 56, 0, 0, 24, 0, 306528, 2140
317208, 4, 56, 0, 0, 24, 0, 306528, 2140
317208, 4, 56, 0, 0, 24, 0, 306528, 2140
317208, 4, 56, 0, 0, 24, 0, 306528, 2140
317208, 4, 56, 0, 0, 24, 0, 306528, 2140
317208, 4, 56, 0, 0, 24, 0, 306528, 2140
317208, 4, 56, 0, 0, 24, 0, 306528, 2140
317208, 4, 56, 0, 0, 24, 0, 306528, 2140
317208, 4, 56, 0, 0, 24, 0, 306528, 2140
317208, 4, 56, 0, 0, 24, 0, 306528, 2140
317208, 4, 56, 0, 0, 24, 0, 306528, 2140
317208, 4, 56, 0, 0, 24, 0, 306528, 2140
317208, 4, 56, 0, 0, 24, 0, 306528, 2140
317208, 4, 56, 0, 0, 24, 0, 306528, 2140
317208, 4, 56, 0, 0, 24, 0, 306528, 2140
317208, 4, 56, 0, 0, 24, 0, 306528, 2140
317208, 4, 52, 0, 0, 24, 0, 306532, 2140
317208, 4, 52, 0, 0, 24, 0, 306532, 2140
317208, 4, 52, 0, 0, 24, 0, 306532, 2140
317208, 4, 52, 0, 0, 24, 0, 306532, 2140
317208, 4, 52, 0, 0, 24, 0, 306532, 2140
317208, 4, 52, 0, 0, 24, 0, 306532, 2140
317208, 4, 52, 0, 0, 24, 0, 306532, 2140
317208, 4, 52, 0, 0, 24, 0, 306532, 2140
317208, 4, 52, 0, 0, 24, 0, 306532, 2140
317208, 4, 52, 0, 0, 24, 0, 306532, 2140
317208, 4, 52, 0, 0, 24, 0, 306532, 2140
317208, 4, 52, 0, 0, 24, 0, 306532, 2140
317208, 4, 52, 0, 0, 24, 0, 306532, 2140
317204, 8, 52, 0, 0, 24, 0, 306532, 2140
317204, 8, 52, 0, 0, 24, 0, 306532, 2140
317204, 8, 52, 0, 0, 24, 0, 306532, 2140
317204, 8, 52, 0, 0, 24, 0, 306532, 2140
317204, 8, 52, 0, 0, 24, 0, 306532, 2140
317204, 8, 52, 0, 0, 24, 0, 306532, 2140
317200, 12, 52, 0, 0, 24, 0, 306532, 2140
317200, 12, 52, 0, 0, 24, 0, 306532, 2140
317200, 12, 52, 0, 0, 24, 0, 306532, 2140
317200, 12, 52, 0, 0, 24, 0, 306532, 2140
317200, 12, 52, 0, 0, 24, 0, 306532, 2140
317200, 12, 52, 0, 0, 24, 0, 306532, 2140
317200, 12, 52, 0, 0, 24, 0, 306532, 2140
317200, 12, 52, 0, 0, 24, 0, 306532, 2140
317200, 12, 52, 0, 0, 24, 0, 306532, 2140
317200, 12, 52, 0, 0, 24, 0, 306532, 2140
317200, 12, 52, 0, 0, 24, 0, 306532, 2140
317200, 12, 52, 0, 0, 24, 0, 306532, 2140
317200, 12, 52, 0, 0, 24, 0, 306532, 2140
317200, 12, 52, 0, 0, 24, 0, 306532, 2140
317200, 12, 52, 0, 0, 24, 0, 306532, 2140
317200, 12, 48, 0, 0, 24, 0, 306536, 2140
317200, 12, 48, 0, 0, 24, 0, 306536, 2140
317200, 12, 48, 0, 0, 24, 0, 306536, 2140
317200, 12, 48, 0, 0, 24, 0, 306536, 2140
317200, 12, 48, 0, 0, 24, 0, 306536, 2140
317200, 12, 48, 0, 0, 24, 0, 306536, 2140
317200, 12, 48, 0, 0, 24, 0, 306536, 2140
317200, 12, 48, 0, 0, 24, 0, 306536, 2140
317200, 12, 48, 0, 0, 24, 0, 306536, 2140
317200, 12, 48, 0, 0, 24, 0, 306536, 2140
317200, 12, 48, 0, 0, 24, 0, 306536, 2140
317200, 12, 48, 0, 0, 24, 0, 306536, 2140
317200, 12, 48, 0, 0, 24, 0, 306536, 2140
317200, 12, 48, 0, 0, 24, 0, 306536, 2140
317200, 12, 48, 0, 0, 24, 0, 306536, 2140
317200, 12, 48, 0, 0, 24, 0, 306536, 2140
317200, 12, 48, 0, 0, 24, 0, 306536, 2140
317200, 12, 48, 0, 0, 24, 0, 306536, 2140
317200, 12, 48, 0, 0, 24, 0, 306536, 2140
317200, 12, 48, 0, 0, 24, 0, 306536, 2140
317200, 12, 48, 0, 0, 24, 0, 306536, 2140
317200, 12, 48, 0, 0, 24, 0, 306536, 2140
317200, 12, 48, 0, 0, 24, 0, 306536, 2140
317200, 12, 48, 0, 0, 24, 0, 306536, 2140
317200, 12, 48, 0, 0, 24, 0, 306536, 2140
317200, 12, 48, 0, 0, 24, 0, 306536, 2140
317200, 12, 48, 0, 0, 24, 0, 306536, 2140
317200, 12, 48, 0, 0, 24, 0, 306536, 2140
317200, 12, 48, 0, 0, 24, 0, 306536, 2140
317200, 12, 48, 0, 0, 24, 0, 306536, 2140
317200, 12, 48, 0, 0, 24, 0, 306536, 2140
317200, 12, 48, 0, 0, 24, 0, 306536, 2140
317200, 12, 48, 0, 0, 24, 0, 306536, 2140
317200, 12, 48, 0, 0, 24, 0, 306536, 2140
317200, 12, 48, 0, 0, 24, 0, 306536, 2140
317200, 12, 48, 0, 0, 24, 0, 306536, 2140
317200, 12, 48, 0, 0, 24, 0, 306536, 2140
317200, 12, 48, 0, 0, 24, 0, 306536, 2140
317200, 12, 48, 0, 0, 24, 0, 306536, 2140
317200, 12, 48, 0, 0, 24, 0, 306536, 2140
317200, 12, 48, 0, 0, 24, 0, 306536, 2140
317200, 12, 48, 0, 0, 24, 0, 306536, 2140
317200, 12, 48, 0, 0, 24, 0, 306536, 2140
317200, 12, 48, 0, 0, 24, 0, 306536, 2140
317200, 12, 48, 0, 0, 24, 0, 306536, 2140
317200, 12, 48, 0, 0, 24, 0, 306536, 2140
317200, 12, 48, 0, 0, 24, 0, 306536, 2140
317200, 12, 48, 0, 0, 24, 0, 306536, 2140
317200, 12, 48, 0, 0, 24, 0, 306536, 2140
317200, 12, 48, 0, 0, 24, 0, 306536, 2140
317200, 12, 48, 0, 0, 24, 0, 306536, 2140
317200, 12, 48, 0, 0, 24, 0, 306536, 2140
317200, 12, 48, 0, 0, 24, 0, 306536, 2140
317200, 12, 48, 0, 0, 24, 0, 306536, 2140
317200, 12, 48, 0, 0, 24, 0, 306536, 2140
317200, 12, 48, 0, 0, 24, 0, 306536, 2140
317200, 12, 48, 0, 0, 24, 0, 306536, 2140
317200, 12, 48, 0, 0, 24, 0, 306536, 2140
317200, 12, 48, 0, 0, 24, 0, 306536, 2140
317200, 12, 48, 0, 0, 24, 0, 306536, 2140
317200, 12, 48, 0, 0, 24, 0, 306536, 2140
317196, 16, 48, 0, 0, 24, 0, 306536, 2140
317196, 16, 48, 0, 0, 24, 0, 306536, 2140
317196, 16, 44, 0, 0, 24, 0, 306540, 2140
317196, 16, 44, 0, 0, 24, 0, 306540, 2140
317196, 16, 44, 0, 0, 24, 0, 306540, 2140
317196, 16, 44, 0, 0, 24, 0, 306540, 2140
317196, 16, 44, 0, 0, 24, 0, 306540, 2140
317196, 16, 44, 0, 0, 24, 0, 306540, 2140
317196, 16, 44, 0, 0, 24, 0, 306540, 2140
317196, 16, 44, 0, 0, 24, 0, 306540, 2140
317196, 16, 44, 0, 0, 24, 0, 306540, 2140
317196, 16, 44, 0, 0, 24, 0, 306540, 2140
317196, 16, 44, 0, 0, 24, 0, 306540, 2140
317196, 16, 44, 0, 0, 24, 0, 306540, 2140
317196, 16, 44, 0, 0, 24, 0, 306540, 2140
317196, 16, 44, 0, 0, 24, 0, 306540, 2140
317196, 16, 44, 0, 0, 24, 0, 306540, 2140
317196, 16, 44, 0, 0, 24, 0, 306540, 2140
317196, 16, 44, 0, 0, 24, 0, 306540, 2140
317196, 16, 44, 0, 0, 24, 0, 306540, 2140
317196, 16, 44, 0, 0, 24, 0, 306540, 2140
317196, 16, 44, 0, 0, 24, 0, 306540, 2140
317196, 16, 44, 0, 0, 24, 0, 306540, 2140
317196, 16, 44, 0, 0, 24, 0, 306540, 2140
317196, 16, 44, 0, 0, 24, 0, 306540, 2140
317196, 16, 44, 0, 0, 24, 0, 306540, 2140
317196, 16, 44, 0, 0, 24, 0, 306540, 2140
317196, 16, 44, 0, 0, 24, 0, 306540, 2140
317196, 16, 44, 0, 0, 24, 0, 306540, 2140
317192, 20, 44, 0, 0, 24, 0, 306540, 2140
317192, 20, 44, 0, 0, 24, 0, 306540, 2140
317192, 20, 44, 0, 0, 24, 0, 306540, 2140
317192, 20, 44, 0, 0, 24, 0, 306540, 2140
317192, 20, 44, 0, 0, 24, 0, 306540, 2140
317192, 20, 44, 0, 0, 24, 0, 306540, 2140
317192, 20, 44, 0, 0, 24, 0, 306540, 2140
317192, 20, 44, 0, 0, 24, 0, 306540, 2140
317192, 20, 44, 0, 0, 24, 0, 306540, 2140
317192, 20, 44, 0, 0, 24, 0, 306540, 2140
317192, 20, 44, 0, 0, 24, 0, 306540, 2140
317192, 20, 44, 0, 0, 24, 0, 306540, 2140
317192, 20, 44, 0, 0, 24, 0, 306540, 2140
317192, 20, 44, 0, 0, 24, 0, 306540, 2140
317192, 20, 44, 0, 0, 24, 0, 306540, 2140
317192, 20, 44, 0, 0, 24, 0, 306540, 2140
317192, 20, 44, 0, 0, 24, 0, 306540, 2140
317192, 20, 44, 0, 0, 24, 0, 306540, 2140
317192, 20, 44, 0, 0, 24, 0, 306540, 2140
317192, 20, 44, 0, 0, 24, 0, 306540, 2140
317192, 20, 44, 0, 0, 24, 0, 306540, 2140
317192, 20, 44, 0, 0, 24, 0, 306540, 2140
317192, 20, 44, 0, 0, 24, 0, 306540, 2140
317192, 20, 44, 0, 0, 24, 0, 306540, 2140
317192, 20, 44, 0, 0, 24, 0, 306540, 2140
317192, 20, 44, 0, 0, 24, 0, 306540, 2140
317192, 20, 44, 0, 0, 24, 0, 306540, 2140
317192, 20, 44, 0, 0, 24, 0, 306540, 2140
317192, 20, 44, 0, 0, 24, 0, 306540, 2140
317192, 20, 44, 0, 0, 24, 0, 306540, 2140
317192, 20, 44, 0, 0, 24, 0, 306540, 2140
317192, 20, 44, 0, 0, 24, 0, 306540, 2140
317192, 20, 44, 0, 0, 24, 0, 306540, 2140
317192, 20, 40, 0, 0, 24, 0, 306544, 2140
317192, 20, 40, 0, 0, 24, 0, 306544, 2140
317192, 20, 40, 0, 0, 24, 0, 306544, 2140
317192, 20, 40, 0, 0, 24, 0, 306544, 2140
317192, 20, 40, 0, 0, 20, 0, 306548, 2140
317192, 20, 40, 0, 0, 20, 0, 306548, 2140
317192, 20, 40, 0, 0, 20, 0, 306548, 2140
317192, 20, 40, 0, 0, 20, 0, 306548, 2140
317192, 20, 40, 0, 0, 20, 0, 306548, 2140
317192, 20, 40, 0, 0, 20, 0, 306548, 2140
317192, 20, 40, 0, 0, 20, 0, 306548, 2140
317192, 20, 40, 0, 0, 20, 0, 306548, 2140
317192, 20, 36, 0, 0, 20, 0, 306552, 2140
317192, 20, 36, 0, 0, 20, 0, 306552, 2140
317192, 20, 36, 0, 0, 20, 0, 306552, 2140
317192, 20, 36, 0, 0, 20, 0, 306552, 2140
317192, 20, 36, 0, 0, 20, 0, 306552, 2140
317192, 20, 36, 0, 0, 20, 0, 306552, 2140
317192, 20, 36, 0, 0, 20, 0, 306552, 2140
317192, 20, 36, 0, 0, 20, 0, 306552, 2140
317192, 20, 36, 0, 0, 20, 0, 306552, 2140
317192, 20, 36, 0, 0, 20, 0, 306552, 2140
317192, 20, 36, 0, 0, 20, 0, 306552, 2140
317192, 20, 36, 0, 0, 20, 0, 306552, 2140
317192, 20, 36, 0, 0, 20, 0, 306552, 2140
317192, 20, 36, 0, 0, 20, 0, 306552, 2140
317192, 20, 36, 0, 0, 20, 0, 306552, 2140
317192, 20, 36, 0, 0, 20, 0, 306552, 2140
317192, 20, 36, 0, 0, 20, 0, 306552, 2140
317192, 20, 36, 0, 0, 20, 0, 306552, 2140
317192, 20, 36, 0, 0, 20, 0, 306552, 2140
317192, 20, 36, 0, 0, 20, 0, 306552, 2140
317192, 20, 36, 0, 0, 20, 0, 306552, 2140
317192, 20, 36, 0, 0, 20, 0, 306552, 2140
317192, 20, 36, 0, 0, 20, 0, 306552, 2140
317192, 20, 36, 0, 0, 20, 0, 306552, 2140
317192, 20, 36, 0, 0, 20, 0, 306552, 2140
317192, 16, 40, 0, 0, 20, 0, 306552, 2140
317192, 16, 40, 0, 0, 20, 0, 306552, 2140
317192, 16, 40, 0, 0, 20, 0, 306552, 2140
317192, 16, 40, 0, 0, 20, 0, 306552, 2140
317192, 16, 40, 0, 0, 20, 0, 306552, 2140
317192, 16, 40, 0, 0, 20, 0, 306552, 2140
317192, 16, 40, 0, 0, 20, 0, 306552, 2140
317192, 16, 40, 0, 0, 20, 0, 306552, 2140
317192, 16, 40, 0, 0, 20, 0, 306552, 2140
317192, 16, 40, 0, 0, 20, 0, 306552, 2140
317192, 16, 40, 0, 0, 20, 0, 306552, 2140
317192, 16, 40, 0, 0, 20, 0, 306552, 2140
317192, 16, 40, 0, 0, 20, 0, 306552, 2140
317192, 16, 40, 0, 0, 20, 0, 306552, 2140
317192, 16, 40, 0, 0, 20, 0, 306552, 2140
317192, 16, 40, 0, 0, 20, 0, 306552, 2140
317192, 16, 40, 0, 0, 20, 0, 306552, 2140
317192, 16, 40, 0, 0, 20, 0, 306552, 2140
317192, 16, 40, 0, 0, 20, 0, 306552, 2140
317192, 16, 40, 0, 0, 20, 0, 306552, 2140
317192, 16, 40, 0, 0, 20, 0, 306552, 2140
317192, 16, 40, 0, 0, 20, 0, 306552, 2140
317192, 16, 40, 0, 0, 20, 0, 306552, 2140
317192, 16, 40, 0, 0, 20, 0, 306552, 2140
317192, 16, 40, 0, 0, 20, 0, 306552, 2140
317192, 16, 40, 0, 0, 20, 0, 306552, 2140
317192, 16, 40, 0, 0, 20, 0, 306552, 2140
317192, 16, 40, 0, 0, 20, 0, 306552, 2140
317192, 16, 40, 0, 0, 20, 0, 306552, 2140
317192, 16, 40, 0, 0, 20, 0, 306552, 2140
317192, 16, 40, 0, 0, 20, 0, 306552, 2140
317192, 16, 40, 0, 0, 20, 0, 306552, 2140
317192, 16, 40, 0, 0, 20, 0, 306552, 2140
317192, 16, 40, 0, 0, 20, 0, 306552, 2140
317192, 16, 40, 0, 0, 20, 0, 306552, 2140
317192, 16, 40, 0, 0, 20, 0, 306552, 2140
317192, 16, 40, 0, 0, 20, 0, 306552, 2140
317192, 16, 40, 0, 0, 20, 0, 306552, 2140
317192, 16, 40, 0, 0, 20, 0, 306552, 2140
317192, 16, 40, 0, 0, 20, 0, 306552, 2140
317192, 16, 40, 0, 0, 20, 0, 306552, 2140
317192, 16, 40, 0, 0, 20, 0, 306552, 2140
317192, 16, 36, 0, 0, 20, 0, 306556, 2140
317192, 16, 36, 0, 0, 20, 0, 306556, 2140
317192, 16, 36, 0, 0, 20, 0, 306556, 2140
317192, 16, 36, 0, 0, 20, 0, 306556, 2140
317192, 16, 36, 0, 0, 20, 0, 306556, 2140
317192, 16, 36, 0, 0, 20, 0, 306556, 2140
317192, 16, 36, 0, 0, 20, 0, 306556, 2140
317192, 16, 36, 0, 0, 20, 0, 306556, 2140
317192, 16, 36, 0, 0, 20, 0, 306556, 2140
317192, 16, 36, 0, 0, 20, 0, 306556, 2140
317192, 16, 36, 0, 0, 20, 0, 306556, 2140
317192, 16, 36, 0, 0, 20, 0, 306556, 2140
317192, 16, 36, 0, 0, 20, 0, 306556, 2140
317192, 16, 36, 0, 0, 20, 0, 306556, 2140
317192, 16, 36, 0, 0, 20, 0, 306556, 2140
317192, 16, 36, 0, 0, 20, 0, 306556, 2140
317192, 16, 36, 0, 0, 20, 0, 306556, 2140
317192, 16, 36, 0, 0, 20, 0, 306556, 2140
317192, 16, 36, 0, 0, 20, 0, 306556, 2140
317192, 16, 36, 0, 0, 20, 0, 306556, 2140
317192, 16, 36, 0, 0, 20, 0, 306556, 2140
317192, 16, 36, 0, 0, 20, 0, 306556, 2140
317192, 16, 36, 0, 0, 20, 0, 306556, 2140
317192, 16, 36, 0, 0, 20, 0, 306556, 2140
317192, 16, 36, 0, 0, 20, 0, 306556, 2140
317192, 16, 36, 0, 0, 20, 0, 306556, 2140
317192, 16, 36, 0, 0, 20, 0, 306556, 2140
317192, 16, 36, 0, 0, 20, 0, 306556, 2140
317192, 16, 36, 0, 0, 20, 0, 306556, 2140
317192, 16, 36, 0, 0, 20, 0, 306556, 2140
317192, 16, 36, 0, 0, 20, 0, 306556, 2140
317192, 12, 40, 0, 0, 20, 0, 306556, 2140
317192, 12, 40, 0, 0, 20, 0, 306556, 2140
317192, 12, 40, 0, 0, 20, 0, 306556, 2140
317192, 12, 40, 0, 0, 20, 0, 306556, 2140
317192, 12, 40, 0, 0, 20, 0, 306556, 2140
317192, 12, 40, 0, 0, 20, 0, 306556, 2140
317192, 12, 40, 0, 0, 20, 0, 306556, 2140
317192, 12, 40, 0, 0, 20, 0, 306556, 2140
317192, 12, 40, 0, 0, 20, 0, 306556, 2140
317192, 12, 40, 0, 0, 20, 0, 306556, 2140
317192, 12, 40, 0, 0, 20, 0, 306556, 2140
317192, 12, 40, 0, 0, 20, 0, 306556, 2140
317192, 12, 40, 0, 0, 20, 0, 306556, 2140
317192, 12, 40, 0, 0, 20, 0, 306556, 2140
317192, 12, 40, 0, 0, 20, 0, 306556, 2140
317192, 12, 40, 0, 0, 20, 0, 306556, 2140
317192, 12, 40, 0, 0, 20, 0, 306556, 2140
317192, 12, 40, 0, 0, 20, 0, 306556, 2140
317192, 12, 40, 0, 0, 20, 0, 306556, 2140
317192, 12, 40, 0, 0, 20, 0, 306556, 2140
317192, 12, 40, 0, 0, 20, 0, 306556, 2140
317188, 16, 40, 0, 0, 20, 0, 306556, 2140
317188, 16, 40, 0, 0, 20, 0, 306556, 2140
317188, 16, 40, 0, 0, 20, 0, 306556, 2140
317188, 16, 40, 0, 0, 20, 0, 306556, 2140
317188, 16, 40, 0, 0, 20, 0, 306556, 2140
317188, 16, 40, 0, 0, 20, 0, 306556, 2140
317188, 16, 40, 0, 0, 20, 0, 306556, 2140
317188, 16, 40, 0, 0, 20, 0, 306556, 2140
317188, 16, 40, 0, 0, 20, 0, 306556, 2140
317188, 16, 40, 0, 0, 20, 0, 306556, 2140
317188, 16, 40, 0, 0, 20, 0, 306556, 2140
317188, 16, 40, 0, 0, 20, 0, 306556, 2140
317188, 16, 40, 0, 0, 20, 0, 306556, 2140
317188, 16, 40, 0, 0, 20, 0, 306556, 2140
317188, 16, 40, 0, 0, 20, 0, 306556, 2140
317188, 16, 40, 0, 0, 20, 0, 306556, 2140
317188, 16, 40, 0, 0, 20, 0, 306556, 2140
317188, 16, 40, 0, 0, 20, 0, 306556, 2140
317188, 16, 40, 0, 0, 20, 0, 306556, 2140
317188, 16, 40, 0, 0, 20, 0, 306556, 2140
317188, 16, 40, 0, 0, 20, 0, 306556, 2140
317188, 16, 40, 0, 0, 20, 0, 306556, 2140
317188, 16, 40, 0, 0, 20, 0, 306556, 2140
317188, 16, 40, 0, 0, 20, 0, 306556, 2140
317188, 16, 40, 0, 0, 20, 0, 306556, 2140
317188, 16, 40, 0, 0, 20, 0, 306556, 2140
317188, 16, 40, 0, 0, 20, 0, 306556, 2140
317188, 16, 40, 0, 0, 20, 0, 306556, 2140
317188, 16, 40, 0, 0, 20, 0, 306556, 2140
317188, 16, 40, 0, 0, 16, 0, 306560, 2140
317188, 16, 40, 0, 0, 16, 0, 306560, 2140
317188, 16, 40, 0, 0, 16, 0, 306560, 2140
317188, 16, 40, 0, 0, 16, 0, 306560, 2140
317188, 16, 40, 0, 0, 16, 0, 306560, 2140
317188, 16, 40, 0, 0, 16, 0, 306560, 2140
317188, 16, 40, 0, 0, 16, 0, 306560, 2140
317188, 16, 40, 0, 0, 16, 0, 306560, 2140
317188, 16, 40, 0, 0, 16, 0, 306560, 2140
317188, 16, 40, 0, 0, 16, 0, 306560, 2140
317188, 16, 40, 0, 0, 16, 0, 306560, 2140
317188, 16, 40, 0, 0, 16, 0, 306560, 2140
317188, 16, 40, 0, 0, 16, 0, 306560, 2140
317188, 16, 40, 0, 0, 16, 0, 306560, 2140
317188, 16, 40, 0, 0, 16, 0, 306560, 2140
317188, 16, 40, 0, 0, 16, 0, 306560, 2140
317188, 16, 40, 0, 0, 16, 0, 306560, 2140
317188, 16, 40, 0, 0, 16, 0, 306560, 2140
317188, 16, 40, 0, 0, 16, 0, 306560, 2140
317188, 16, 40, 0, 0, 16, 0, 306560, 2140
317188, 16, 40, 0, 0, 16, 0, 306560, 2140
317188, 16, 40, 0, 0, 16, 0, 306560, 2140
317188, 16, 40, 0, 0, 16, 0, 306560, 2140
317188, 16, 40, 0, 0, 16, 0, 306560, 2140
317188, 16, 40, 0, 0, 16, 0, 306560, 2140
317188, 16, 40, 0, 0, 16, 0, 306560, 2140
317188, 16, 40, 0, 0, 16, 0, 306560, 2140
317188, 16, 40, 0, 0, 16, 0, 306560, 2140
317188, 16, 40, 0, 0, 16, 0, 306560, 2140
317188, 16, 40, 0, 0, 16, 0, 306560, 2140
317188, 16, 40, 0, 0, 16, 0, 306560, 2140
317188, 16, 40, 0, 0, 16, 0, 306560, 2140
317188, 16, 40, 0, 0, 16, 0, 306560, 2140
317188, 16, 40, 0, 0, 16, 0, 306560, 2140
317188, 16, 40, 0, 0, 16, 0, 306560, 2140
317188, 16, 40, 0, 0, 16, 0, 306560, 2140
317188, 16, 40, 0, 0, 16, 0, 306560, 2140
317188, 16, 40, 0, 0, 16, 0, 306560, 2140
317188, 16, 40, 0, 0, 16, 0, 306560, 2140
317188, 16, 40, 0, 0, 16, 0, 306560, 2140
317188, 16, 40, 0, 0, 16, 0, 306560, 2140
317188, 16, 40, 0, 0, 16, 0, 306560, 2140
317188, 16, 40, 0, 0, 16, 0, 306560, 2140
317188, 16, 40, 0, 0, 16, 0, 306560, 2140
317188, 16, 40, 0, 0, 16, 0, 306560, 2140
317188, 16, 40, 0, 0, 16, 0, 306560, 2140
317188, 16, 40, 0, 0, 16, 0, 306560, 2140
317188, 16, 40, 0, 0, 16, 0, 306560, 2140
317188, 16, 40, 0, 0, 16, 0, 306560, 2140
317188, 16, 40, 0, 0, 16, 0, 306560, 2140
317188, 16, 40, 0, 0, 16, 0, 306560, 2140
317188, 16, 40, 0, 0, 16, 0, 306560, 2140
317188, 16, 40, 0, 0, 16, 0, 306560, 2140
317188, 16, 40, 0, 0, 16, 0, 306560, 2140
317188, 16, 40, 0, 0, 16, 0, 306560, 2140
317188, 16, 40, 0, 0, 16, 0, 306560, 2140
317188, 16, 40, 0, 0, 16, 0, 306560, 2140
317188, 16, 40, 0, 0, 16, 0, 306560, 2140
317188, 16, 40, 0, 0, 16, 0, 306560, 2140
317188, 16, 40, 0, 0, 16, 0, 306560, 2140
317188, 16, 40, 0, 0, 16, 0, 306560, 2140
317188, 16, 40, 0, 0, 16, 0, 306560, 2140
317188, 16, 40, 0, 0, 16, 0, 306560, 2140
317188, 16, 40, 0, 0, 16, 0, 306560, 2140
317188, 16, 40, 0, 0, 16, 0, 306560, 2140
317188, 16, 40, 0, 0, 16, 0, 306560, 2140
317188, 16, 40, 0, 0, 16, 0, 306560, 2140
317188, 16, 40, 0, 0, 16, 0, 306560, 2140
317188, 16, 40, 0, 0, 16, 0, 306560, 2140
317188, 16, 40, 0, 0, 16, 0, 306560, 2140
317188, 16, 40, 0, 0, 16, 0, 306560, 2140
317188, 16, 40, 0, 0, 16, 0, 306560, 2140
317188, 16, 40, 0, 0, 16, 0, 306560, 2140
317188, 16, 40, 0, 0, 16, 0, 306560, 2140
317188, 16, 40, 0, 0, 16, 0, 306560, 2140
317188, 16, 40, 0, 0, 16, 0, 306560, 2140
317188, 16, 40, 0, 0, 16, 0, 306560, 2140
317188, 16, 40, 0, 0, 16, 0, 306560, 2140
317188, 16, 40, 0, 0, 16, 0, 306560, 2140
317188, 16, 40, 0, 0, 16, 0, 306560, 2140
317188, 16, 40, 0, 0, 16, 0, 306560, 2140
317188, 16, 40, 0, 0, 16, 0, 306560, 2140
317188, 16, 40, 0, 0, 16, 0, 306560, 2140
317188, 16, 40, 0, 0, 16, 0, 306560, 2140
317188, 16, 40, 0, 0, 16, 0, 306560, 2140
317188, 16, 40, 0, 0, 16, 0, 306560, 2140
317188, 16, 40, 0, 0, 16, 0, 306560, 2140
317188, 16, 40, 0, 0, 16, 0, 306560, 2140
317188, 16, 40, 0, 0, 16, 0, 306560, 2140
317188, 16, 40, 0, 0, 16, 0, 306560, 2140
317188, 16, 40, 0, 0, 16, 0, 306560, 2140
317188, 16, 40, 0, 0, 16, 0, 306560, 2140
317188, 16, 40, 0, 0, 16, 0, 306560, 2140
317188, 16, 40, 0, 0, 16, 0, 306560, 2140
317188, 16, 36, 0, 0, 16, 0, 306564, 2140
317188, 16, 36, 0, 0, 16, 0, 306564, 2140
317188, 16, 36, 0, 0, 16, 0, 306564, 2140
317188, 16, 36, 0, 0, 16, 0, 306564, 2140
317188, 16, 36, 0, 0, 16, 0, 306564, 2140
317188, 16, 36, 0, 0, 16, 0, 306564, 2140
317188, 16, 36, 0, 0, 16, 0, 306564, 2140
317188, 16, 36, 0, 0, 16, 0, 306564, 2140
317188, 16, 36, 0, 0, 16, 0, 306564, 2140
317188, 16, 36, 0, 0, 16, 0, 306564, 2140
317188, 16, 36, 0, 0, 16, 0, 306564, 2140
317188, 16, 36, 0, 0, 16, 0, 306564, 2140
317188, 16, 36, 0, 0, 16, 0, 306564, 2140
317188, 16, 36, 0, 0, 16, 0, 306564, 2140
317188, 16, 36, 0, 0, 16, 0, 306564, 2140
317188, 16, 36, 0, 0, 16, 0, 306564, 2140
317188, 16, 36, 0, 0, 16, 0, 306564, 2140
317188, 16, 36, 0, 0, 16, 0, 306564, 2140
317188, 16, 36, 0, 0, 16, 0, 306564, 2140
317188, 16, 36, 0, 0, 16, 0, 306564, 2140
317188, 16, 36, 0, 0, 16, 0, 306564, 2140
317188, 16, 36, 0, 0, 16, 0, 306564, 2140
317188, 16, 36, 0, 0, 16, 0, 306564, 2140
317188, 16, 36, 0, 0, 16, 0, 306564, 2140
317188, 16, 36, 0, 0, 16, 0, 306564, 2140
317188, 16, 36, 0, 0, 16, 0, 306564, 2140
317188, 16, 36, 0, 0, 16, 0, 306564, 2140
317188, 16, 36, 0, 0, 16, 0, 306564, 2140
317188, 16, 36, 0, 0, 16, 0, 306564, 2140
317188, 16, 36, 0, 0, 16, 0, 306564, 2140
317188, 16, 36, 0, 0, 16, 0, 306564, 2140
317188, 16, 36, 0, 0, 16, 0, 306564, 2140
317188, 16, 36, 0, 0, 16, 0, 306564, 2140
317188, 16, 36, 0, 0, 16, 0, 306564, 2140
317188, 16, 36, 0, 0, 16, 0, 306564, 2140
317188, 16, 36, 0, 0, 16, 0, 306564, 2140
317188, 16, 36, 0, 0, 16, 0, 306564, 2140
317188, 16, 36, 0, 0, 16, 0, 306564, 2140
317188, 16, 36, 0, 0, 16, 0, 306564, 2140
317188, 16, 36, 0, 0, 16, 0, 306564, 2140
317188, 16, 36, 0, 0, 16, 0, 306564, 2140
317188, 16, 36, 0, 0, 16, 0, 306564, 2140
317188, 16, 36, 0, 0, 16, 0, 306564, 2140
317188, 16, 36, 0, 0, 16, 0, 306564, 2140
317188, 16, 36, 0, 0, 16, 0, 306564, 2140
317188, 16, 36, 0, 0, 16, 0, 306564, 2140
317188, 16, 36, 0, 0, 16, 0, 306564, 2140
317188, 16, 36, 0, 0, 16, 0, 306564, 2140
317188, 16, 36, 0, 0, 16, 0, 306564, 2140
317188, 16, 36, 0, 0, 16, 0, 306564, 2140
317188, 16, 36, 0, 0, 16, 0, 306564, 2140
317188, 16, 36, 0, 0, 16, 0, 306564, 2140
317188, 16, 36, 0, 0, 16, 0, 306564, 2140
317188, 16, 36, 0, 0, 16, 0, 306564, 2140
317188, 16, 36, 0, 0, 16, 0, 306564, 2140
317188, 16, 36, 0, 0, 16, 0, 306564, 2140
317188, 16, 36, 0, 0, 16, 0, 306564, 2140
317188, 16, 36, 0, 0, 16, 0, 306564, 2140
317188, 16, 36, 0, 0, 16, 0, 306564, 2140
317188, 16, 36, 0, 0, 16, 0, 306564, 2140
317188, 16, 36, 0, 0, 16, 0, 306564, 2140
317188, 16, 36, 0, 0, 16, 0, 306564, 2140
317188, 16, 36, 0, 0, 16, 0, 306564, 2140
317188, 16, 36, 0, 0, 16, 0, 306564, 2140
317188, 16, 36, 0, 0, 16, 0, 306564, 2140
317188, 16, 36, 0, 0, 16, 0, 306564, 2140
317188, 16, 36, 0, 0, 16, 0, 306564, 2140
317188, 16, 36, 0, 0, 16, 0, 306564, 2140
317188, 16, 36, 0, 0, 16, 0, 306564, 2140
317188, 16, 36, 0, 0, 16, 0, 306564, 2140
317188, 16, 36, 0, 0, 16, 0, 306564, 2140
317188, 16, 36, 0, 0, 16, 0, 306564, 2140
317188, 16, 36, 0, 0, 16, 0, 306564, 2140
317188, 16, 36, 0, 0, 16, 0, 306564, 2140
317188, 16, 36, 0, 0, 16, 0, 306564, 2140
317188, 16, 36, 0, 0, 16, 0, 306564, 2140
317188, 16, 36, 0, 0, 16, 0, 306564, 2140
317188, 16, 36, 0, 0, 16, 0, 306564, 2140
317188, 16, 36, 0, 0, 16, 0, 306564, 2140
317188, 16, 36, 0, 0, 16, 0, 306564, 2140
317188, 16, 36, 0, 0, 16, 0, 306564, 2140
317188, 16, 36, 0, 0, 16, 0, 306564, 2140
317188, 16, 36, 0, 0, 16, 0, 306564, 2140
317188, 16, 36, 0, 0, 16, 0, 306564, 2140
317188, 16, 36, 0, 0, 16, 0, 306564, 2140
317188, 16, 36, 0, 0, 16, 0, 306564, 2140
317188, 16, 36, 0, 0, 16, 0, 306564, 2140
317188, 16, 36, 0, 0, 16, 0, 306564, 2140
317188, 16, 36, 0, 0, 16, 0, 306564, 2140
317188, 16, 36, 0, 0, 16, 0, 306564, 2140
317188, 16, 36, 0, 0, 16, 0, 306564, 2140
317188, 16, 36, 0, 0, 16, 0, 306564, 2140
317188, 16, 36, 0, 0, 16, 0, 306564, 2140
317188, 16, 36, 0, 0, 16, 0, 306564, 2140
317188, 16, 36, 0, 0, 16, 0, 306564, 2140
317188, 16, 32, 0, 0, 16, 0, 306568, 2140
317188, 16, 32, 0, 0, 16, 0, 306568, 2140
317188, 16, 32, 0, 0, 16, 0, 306568, 2140
317188, 16, 32, 0, 0, 16, 0, 306568, 2140
317188, 16, 32, 0, 0, 16, 0, 306568, 2140
317188, 16, 32, 0, 0, 16, 0, 306568, 2140
317188, 16, 32, 0, 0, 16, 0, 306568, 2140
317188, 16, 32, 0, 0, 16, 0, 306568, 2140
317188, 12, 36, 0, 0, 16, 0, 306568, 2140
317188, 12, 36, 0, 0, 16, 0, 306568, 2140
317188, 12, 36, 0, 0, 16, 0, 306568, 2140
317188, 12, 36, 0, 0, 16, 0, 306568, 2140
317188, 12, 36, 0, 0, 16, 0, 306568, 2140
317188, 12, 36, 0, 0, 16, 0, 306568, 2140
317188, 12, 36, 0, 0, 16, 0, 306568, 2140
317188, 12, 36, 0, 0, 16, 0, 306568, 2140
317188, 12, 36, 0, 0, 16, 0, 306568, 2140
317188, 12, 36, 0, 0, 16, 0, 306568, 2140
317188, 12, 36, 0, 0, 16, 0, 306568, 2140
317188, 12, 36, 0, 0, 16, 0, 306568, 2140
317188, 12, 36, 0, 0, 16, 0, 306568, 2140
317188, 12, 36, 0, 0, 16, 0, 306568, 2140
317188, 12, 36, 0, 0, 16, 0, 306568, 2140
317188, 12, 36, 0, 0, 16, 0, 306568, 2140
317188, 12, 36, 0, 0, 16, 0, 306568, 2140
317188, 12, 36, 0, 0, 16, 0, 306568, 2140
317188, 12, 36, 0, 0, 16, 0, 306568, 2140
317188, 12, 36, 0, 0, 16, 0, 306568, 2140
317188, 12, 36, 0, 0, 16, 0, 306568, 2140
317188, 12, 36, 0, 0, 16, 0, 306568, 2140
317188, 12, 36, 0, 0, 16, 0, 306568, 2140
317188, 12, 36, 0, 0, 16, 0, 306568, 2140
317188, 12, 36, 0, 0, 16, 0, 306568, 2140
317188, 12, 36, 0, 0, 16, 0, 306568, 2140
317188, 12, 36, 0, 0, 16, 0, 306568, 2140
317188, 12, 36, 0, 0, 16, 0, 306568, 2140
317188, 12, 36, 0, 0, 16, 0, 306568, 2140
317188, 12, 36, 0, 0, 16, 0, 306568, 2140
317188, 12, 36, 0, 0, 16, 0, 306568, 2140
317188, 12, 36, 0, 0, 16, 0, 306568, 2140
317188, 12, 36, 0, 0, 16, 0, 306568, 2140
317188, 12, 36, 0, 0, 16, 0, 306568, 2140
317188, 12, 36, 0, 0, 16, 0, 306568, 2140
317188, 12, 36, 0, 0, 16, 0, 306568, 2140
317188, 12, 36, 0, 0, 16, 0, 306568, 2140
317188, 12, 36, 0, 0, 16, 0, 306568, 2140
317188, 12, 36, 0, 0, 16, 0, 306568, 2140
317188, 12, 36, 0, 0, 16, 0, 306568, 2140
317188, 12, 36, 0, 0, 16, 0, 306568, 2140
317188, 12, 36, 0, 0, 16, 0, 306568, 2140
317188, 12, 36, 0, 0, 16, 0, 306568, 2140
317188, 12, 36, 0, 0, 16, 0, 306568, 2140
317188, 12, 36, 0, 0, 16, 0, 306568, 2140
317188, 12, 36, 0, 0, 16, 0, 306568, 2140
317188, 12, 36, 0, 0, 16, 0, 306568, 2140
317188, 12, 36, 0, 0, 16, 0, 306568, 2140
317188, 12, 36, 0, 0, 16, 0, 306568, 2140
317188, 12, 36, 0, 0, 16, 0, 306568, 2140
317188, 12, 36, 0, 0, 16, 0, 306568, 2140
317188, 12, 36, 0, 0, 16, 0, 306568, 2140
317188, 12, 36, 0, 0, 16, 0, 306568, 2140
317188, 12, 36, 0, 0, 16, 0, 306568, 2140
317188, 12, 36, 0, 0, 16, 0, 306568, 2140
317188, 12, 36, 0, 0, 16, 0, 306568, 2140
317188, 12, 36, 0, 0, 16, 0, 306568, 2140
317188, 12, 36, 0, 0, 16, 0, 306568, 2140
317188, 12, 36, 0, 0, 16, 0, 306568, 2140
317188, 12, 36, 0, 0, 16, 0, 306568, 2140
317188, 12, 36, 0, 0, 16, 0, 306568, 2140
317188, 12, 36, 0, 0, 16, 0, 306568, 2140
317188, 12, 36, 0, 0, 16, 0, 306568, 2140
317188, 12, 36, 0, 0, 16, 0, 306568, 2140
317188, 8, 40, 0, 0, 16, 0, 306568, 2140
317188, 8, 40, 0, 0, 16, 0, 306568, 2140
317188, 8, 40, 0, 0, 16, 0, 306568, 2140
317188, 8, 40, 0, 0, 16, 0, 306568, 2140
317188, 8, 40, 0, 0, 16, 0, 306568, 2140
317188, 8, 40, 0, 0, 16, 0, 306568, 2140
317188, 8, 40, 0, 0, 16, 0, 306568, 2140
317188, 8, 40, 0, 0, 16, 0, 306568, 2140
317188, 8, 40, 0, 0, 16, 0, 306568, 2140
317188, 8, 40, 0, 0, 16, 0, 306568, 2140
317188, 8, 40, 0, 0, 16, 0, 306568, 2140
317188, 8, 40, 0, 0, 16, 0, 306568, 2140
317188, 8, 40, 0, 0, 16, 0, 306568, 2140
317188, 8, 40, 0, 0, 16, 0, 306568, 2140
317188, 8, 40, 0, 0, 16, 0, 306568, 2140
317188, 8, 40, 0, 0, 16, 0, 306568, 2140
317188, 8, 40, 0, 0, 16, 0, 306568, 2140
317188, 8, 40, 0, 0, 16, 0, 306568, 2140
317188, 8, 40, 0, 0, 16, 0, 306568, 2140
317188, 8, 40, 0, 0, 16, 0, 306568, 2140
317188, 8, 40, 0, 0, 16, 0, 306568, 2140
317188, 8, 40, 0, 0, 16, 0, 306568, 2140
317188, 8, 40, 0, 0, 16, 0, 306568, 2140
317188, 8, 40, 0, 0, 16, 0, 306568, 2140
317188, 8, 40, 0, 0, 16, 0, 306568, 2140
317188, 8, 40, 0, 0, 16, 0, 306568, 2140
317188, 8, 40, 0, 0, 16, 0, 306568, 2140
317188, 8, 40, 0, 0, 16, 0, 306568, 2140
317188, 8, 40, 0, 0, 16, 0, 306568, 2140
317188, 8, 40, 0, 0, 16, 0, 306568, 2140
317188, 8, 40, 0, 0, 16, 0, 306568, 2140
317188, 8, 40, 0, 0, 16, 0, 306568, 2140
317188, 8, 40, 0, 0, 16, 0, 306568, 2140
317188, 8, 40, 0, 0, 16, 0, 306568, 2140
317188, 8, 40, 0, 0, 16, 0, 306568, 2140
317188, 8, 40, 0, 0, 16, 0, 306568, 2140
317188, 8, 40, 0, 0, 16, 0, 306568, 2140
317188, 8, 40, 0, 0, 16, 0, 306568, 2140
317188, 8, 40, 0, 0, 16, 0, 306568, 2140
317188, 8, 40, 0, 0, 16, 0, 306568, 2140
317188, 8, 36, 0, 0, 16, 0, 306572, 2140
317188, 8, 36, 0, 0, 16, 0, 306572, 2140
317188, 8, 36, 0, 0, 16, 0, 306572, 2140
317188, 8, 36, 0, 0, 16, 0, 306572, 2140
317188, 8, 36, 0, 0, 16, 0, 306572, 2140
317188, 8, 36, 0, 0, 16, 0, 306572, 2140
317188, 4, 36, 4, 0, 16, 0, 306572, 2140
317188, 4, 36, 4, 0, 16, 0, 306572, 2140
317188, 4, 36, 4, 0, 16, 0, 306572, 2140
317188, 4, 36, 4, 0, 16, 0, 306572, 2140
317188, 4, 36, 4, 0, 16, 0, 306572, 2140
317188, 4, 36, 4, 0, 16, 0, 306572, 2140
317188, 4, 36, 4, 0, 16, 0, 306572, 2140
317188, 4, 36, 4, 0, 16, 0, 306572, 2140
317188, 4, 36, 4, 0, 16, 0, 306572, 2140
317188, 4, 36, 4, 0, 16, 0, 306572, 2140
317188, 4, 36, 4, 0, 16, 0, 306572, 2140
317188, 4, 36, 4, 0, 16, 0, 306572, 2140
317188, 4, 36, 4, 0, 16, 0, 306572, 2140
317188, 4, 36, 4, 0, 16, 0, 306572, 2140
317188, 4, 36, 4, 0, 16, 0, 306572, 2140
317188, 4, 36, 4, 0, 16, 0, 306572, 2140
317188, 4, 36, 4, 0, 16, 0, 306572, 2140
317188, 4, 36, 4, 0, 16, 0, 306572, 2140
317188, 4, 36, 4, 0, 16, 0, 306572, 2140
317188, 4, 36, 4, 0, 16, 0, 306572, 2140
317188, 4, 36, 4, 0, 16, 0, 306572, 2140
317188, 4, 36, 4, 0, 16, 0, 306572, 2140
317188, 4, 36, 4, 0, 16, 0, 306572, 2140
317188, 4, 36, 4, 0, 16, 0, 306572, 2140
317188, 4, 36, 4, 0, 16, 0, 306572, 2140
317188, 4, 36, 4, 0, 16, 0, 306572, 2140
317188, 4, 36, 4, 0, 16, 0, 306572, 2140
317188, 4, 36, 4, 0, 16, 0, 306572, 2140
317188, 4, 36, 4, 0, 16, 0, 306572, 2140
317188, 4, 36, 4, 0, 16, 0, 306572, 2140
317188, 4, 36, 4, 0, 16, 0, 306572, 2140
317188, 4, 36, 4, 0, 16, 0, 306572, 2140
317188, 4, 36, 4, 0, 16, 0, 306572, 2140
317188, 4, 36, 4, 0, 16, 0, 306572, 2140
317188, 4, 36, 4, 0, 16, 0, 306572, 2140
317188, 4, 36, 4, 0, 16, 0, 306572, 2140
317188, 4, 36, 4, 0, 16, 0, 306572, 2140
317188, 4, 36, 4, 0, 16, 0, 306572, 2140
317188, 4, 36, 4, 0, 16, 0, 306572, 2140
317188, 4, 36, 4, 0, 16, 0, 306572, 2140
317188, 4, 36, 4, 0, 16, 0, 306572, 2140
317188, 4, 36, 4, 0, 16, 0, 306572, 2140
317188, 4, 36, 4, 0, 16, 0, 306572, 2140
317188, 4, 36, 4, 0, 16, 0, 306572, 2140
317188, 4, 36, 4, 0, 16, 0, 306572, 2140
317188, 4, 36, 4, 0, 16, 0, 306572, 2140
317188, 4, 36, 4, 0, 16, 0, 306572, 2140
317188, 4, 36, 4, 0, 16, 0, 306572, 2140
317188, 4, 36, 4, 0, 16, 0, 306572, 2140
317188, 4, 36, 4, 0, 16, 0, 306572, 2140
317188, 4, 36, 4, 0, 16, 0, 306572, 2140
317188, 4, 36, 4, 0, 16, 0, 306572, 2140
317188, 4, 36, 4, 0, 16, 0, 306572, 2140
317188, 4, 36, 4, 0, 16, 0, 306572, 2140
317188, 4, 36, 4, 0, 16, 0, 306572, 2140
317188, 4, 36, 4, 0, 16, 0, 306572, 2140
317188, 4, 36, 4, 0, 16, 0, 306572, 2140
317188, 4, 36, 4, 0, 16, 0, 306572, 2140
317188, 4, 36, 4, 0, 16, 0, 306572, 2140
317188, 4, 36, 4, 0, 16, 0, 306572, 2140
317188, 4, 36, 4, 0, 16, 0, 306572, 2140
317188, 4, 36, 4, 0, 12, 0, 306576, 2140
317188, 4, 36, 4, 0, 12, 0, 306576, 2140
317188, 4, 36, 4, 0, 12, 0, 306576, 2140
317188, 4, 36, 4, 0, 12, 0, 306576, 2140
317188, 4, 36, 4, 0, 12, 0, 306576, 2140
317188, 4, 36, 4, 0, 12, 0, 306576, 2140
317188, 4, 36, 4, 0, 12, 0, 306576, 2140
317188, 4, 36, 4, 0, 12, 0, 306576, 2140
317188, 4, 36, 4, 0, 12, 0, 306576, 2140
317188, 4, 36, 4, 0, 12, 0, 306576, 2140
317188, 4, 36, 4, 0, 12, 0, 306576, 2140
317188, 4, 36, 4, 0, 12, 0, 306576, 2140
317188, 4, 36, 4, 0, 12, 0, 306576, 2140
317188, 4, 36, 4, 0, 12, 0, 306576, 2140
317188, 4, 36, 4, 0, 12, 0, 306576, 2140
317188, 4, 36, 4, 0, 12, 0, 306576, 2140
317188, 4, 36, 4, 0, 12, 0, 306576, 2140
317188, 4, 36, 4, 0, 12, 0, 306576, 2140
317188, 4, 36, 4, 0, 12, 0, 306576, 2140
317188, 4, 36, 4, 0, 12, 0, 306576, 2140
317188, 4, 36, 4, 0, 12, 0, 306576, 2140
317188, 4, 36, 4, 0, 12, 0, 306576, 2140
317188, 4, 36, 4, 0, 12, 0, 306576, 2140
317188, 4, 36, 4, 0, 12, 0, 306576, 2140
317188, 4, 36, 4, 0, 12, 0, 306576, 2140
317188, 4, 36, 4, 0, 12, 0, 306576, 2140
317188, 4, 36, 4, 0, 12, 0, 306576, 2140
317188, 4, 36, 4, 0, 12, 0, 306576, 2140
317188, 4, 36, 4, 0, 12, 0, 306576, 2140
317188, 4, 36, 4, 0, 12, 0, 306576, 2140
317188, 4, 36, 4, 0, 12, 0, 306576, 2140
317188, 4, 36, 4, 0, 12, 0, 306576, 2140
317188, 4, 36, 4, 0, 12, 0, 306576, 2140
317188, 4, 36, 4, 0, 12, 0, 306576, 2140
317188, 4, 36, 4, 0, 12, 0, 306576, 2140
317188, 4, 36, 4, 0, 12, 0, 306576, 2140
317188, 4, 36, 4, 0, 12, 0, 306576, 2140
317188, 4, 36, 4, 0, 12, 0, 306576, 2140
317188, 4, 36, 4, 0, 12, 0, 306576, 2140
317188, 4, 36, 4, 0, 12, 0, 306576, 2140
317188, 4, 36, 4, 0, 12, 0, 306576, 2140
317188, 4, 36, 4, 0, 12, 0, 306576, 2140
317188, 4, 36, 4, 0, 12, 0, 306576, 2140
317188, 4, 36, 4, 0, 12, 0, 306576, 2140
317188, 4, 36, 4, 0, 12, 0, 306576, 2140
317188, 4, 36, 4, 0, 12, 0, 306576, 2140
317188, 0, 40, 4, 0, 12, 0, 306576, 2140
317188, 0, 40, 4, 0, 12, 0, 306576, 2140
317188, 0, 40, 4, 0, 12, 0, 306576, 2140
317188, 0, 40, 4, 0, 12, 0, 306576, 2140
317188, 0, 40, 4, 0, 12, 0, 306576, 2140
317188, 0, 40, 4, 0, 12, 0, 306576, 2140
317188, 0, 40, 4, 0, 12, 0, 306576, 2140
317188, 0, 40, 4, 0, 12, 0, 306576, 2140
317188, 0, 40, 4, 0, 12, 0, 306576, 2140
317188, 0, 40, 4, 0, 12, 0, 306576, 2140
317188, 0, 40, 4, 0, 12, 0, 306576, 2140
317188, 0, 40, 4, 0, 12, 0, 306576, 2140
317188, 0, 40, 4, 0, 12, 0, 306576, 2140
317188, 0, 40, 4, 0, 12, 0, 306576, 2140
317188, 0, 40, 4, 0, 12, 0, 306576, 2140
317188, 0, 40, 4, 0, 12, 0, 306576, 2140
317188, 0, 40, 4, 0, 12, 0, 306576, 2140
317188, 0, 40, 4, 0, 12, 0, 306576, 2140
317188, 0, 40, 4, 0, 12, 0, 306576, 2140
317188, 0, 40, 4, 0, 12, 0, 306576, 2140
317188, 0, 40, 4, 0, 12, 0, 306576, 2140
317188, 0, 40, 4, 0, 12, 0, 306576, 2140
317188, 0, 40, 4, 0, 12, 0, 306576, 2140
317188, 0, 40, 4, 0, 12, 0, 306576, 2140
317184, 4, 40, 4, 0, 12, 0, 306576, 2140
317184, 4, 40, 4, 0, 12, 0, 306576, 2140
317184, 4, 40, 4, 0, 12, 0, 306576, 2140
317184, 4, 40, 4, 0, 12, 0, 306576, 2140
317184, 4, 40, 4, 0, 12, 0, 306576, 2140
317184, 4, 40, 4, 0, 12, 0, 306576, 2140
317184, 4, 40, 4, 0, 12, 0, 306576, 2140
317184, 4, 40, 4, 0, 12, 0, 306576, 2140
317184, 4, 40, 4, 0, 12, 0, 306576, 2140
317184, 4, 40, 4, 0, 12, 0, 306576, 2140
317184, 4, 40, 4, 0, 12, 0, 306576, 2140
317184, 4, 40, 4, 0, 12, 0, 306576, 2140
317184, 4, 40, 4, 0, 12, 0, 306576, 2140
317184, 4, 40, 4, 0, 12, 0, 306576, 2140
317184, 4, 36, 4, 0, 12, 0, 306580, 2140
317184, 4, 36, 4, 0, 12, 0, 306580, 2140
317184, 4, 36, 4, 0, 12, 0, 306580, 2140
317184, 4, 36, 4, 0, 12, 0, 306580, 2140
317184, 4, 36, 4, 0, 12, 0, 306580, 2140
317184, 4, 36, 4, 0, 12, 0, 306580, 2140
317184, 4, 36, 4, 0, 12, 0, 306580, 2140
317184, 4, 36, 4, 0, 12, 0, 306580, 2140
317184, 4, 36, 4, 0, 12, 0, 306580, 2140
317184, 4, 36, 4, 0, 12, 0, 306580, 2140
317184, 4, 36, 4, 0, 12, 0, 306580, 2140
317184, 4, 36, 4, 0, 12, 0, 306580, 2140
317184, 4, 36, 4, 0, 12, 0, 306580, 2140
317184, 4, 36, 4, 0, 12, 0, 306580, 2140
317184, 4, 36, 4, 0, 12, 0, 306580, 2140
317184, 4, 36, 4, 0, 12, 0, 306580, 2140
317184, 4, 36, 4, 0, 12, 0, 306580, 2140
317184, 4, 36, 4, 0, 12, 0, 306580, 2140
317184, 4, 36, 4, 0, 12, 0, 306580, 2140
317184, 4, 36, 4, 0, 12, 0, 306580, 2140
317184, 4, 36, 4, 0, 12, 0, 306580, 2140
317184, 4, 36, 4, 0, 12, 0, 306580, 2140
317184, 4, 36, 4, 0, 12, 0, 306580, 2140
317184, 4, 36, 4, 0, 12, 0, 306580, 2140
317184, 4, 36, 4, 0, 12, 0, 306580, 2140
317184, 4, 36, 4, 0, 12, 0, 306580, 2140
317184, 4, 36, 4, 0, 12, 0, 306580, 2140
317184, 4, 36, 4, 0, 12, 0, 306580, 2140
317184, 4, 36, 4, 0, 12, 0, 306580, 2140
317184, 4, 36, 4, 0, 12, 0, 306580, 2140
317184, 4, 36, 4, 0, 12, 0, 306580, 2140
317184, 4, 36, 4, 0, 12, 0, 306580, 2140
317184, 4, 36, 4, 0, 12, 0, 306580, 2140
317184, 4, 36, 4, 0, 12, 0, 306580, 2140
317184, 4, 36, 4, 0, 12, 0, 306580, 2140
317184, 4, 36, 4, 0, 12, 0, 306580, 2140
317184, 4, 36, 4, 0, 12, 0, 306580, 2140
317184, 4, 36, 4, 0, 12, 0, 306580, 2140
317184, 4, 36, 4, 0, 12, 0, 306580, 2140
317184, 4, 36, 4, 0, 12, 0, 306580, 2140
317184, 4, 36, 4, 0, 12, 0, 306580, 2140
317184, 4, 36, 4, 0, 12, 0, 306580, 2140
317184, 4, 36, 4, 0, 12, 0, 306580, 2140
317184, 4, 36, 4, 0, 12, 0, 306580, 2140
317184, 4, 36, 4, 0, 12, 0, 306580, 2140
317184, 4, 36, 4, 0, 12, 0, 306580, 2140
317184, 4, 36, 4, 0, 12, 0, 306580, 2140
317184, 4, 36, 4, 0, 12, 0, 306580, 2140
317184, 4, 36, 4, 0, 12, 0, 306580, 2140
317184, 4, 36, 4, 0, 12, 0, 306580, 2140
317184, 4, 36, 4, 0, 12, 0, 306580, 2140
317184, 4, 36, 4, 0, 12, 0, 306580, 2140
317184, 4, 36, 4, 0, 12, 0, 306580, 2140
317184, 4, 36, 4, 0, 12, 0, 306580, 2140
317184, 4, 36, 4, 0, 12, 0, 306580, 2140
317184, 4, 36, 4, 0, 12, 0, 306580, 2140
317184, 4, 36, 4, 0, 12, 0, 306580, 2140
317184, 4, 36, 4, 0, 12, 0, 306580, 2140
317184, 4, 36, 4, 0, 12, 0, 306580, 2140
317184, 4, 36, 4, 0, 12, 0, 306580, 2140
317184, 4, 36, 4, 0, 12, 0, 306580, 2140
317184, 4, 36, 4, 0, 12, 0, 306580, 2140
317184, 4, 36, 4, 0, 12, 0, 306580, 2140
317184, 4, 36, 4, 0, 12, 0, 306580, 2140
317184, 4, 36, 4, 0, 12, 0, 306580, 2140
317184, 4, 36, 4, 0, 12, 0, 306580, 2140
317184, 4, 36, 4, 0, 12, 0, 306580, 2140
317184, 4, 36, 4, 0, 12, 0, 306580, 2140
317184, 4, 36, 4, 0, 12, 0, 306580, 2140
317184, 4, 36, 4, 0, 12, 0, 306580, 2140
317184, 4, 36, 4, 0, 12, 0, 306580, 2140
317184, 4, 36, 4, 0, 12, 0, 306580, 2140
317184, 4, 36, 4, 0, 12, 0, 306580, 2140
317184, 4, 36, 4, 0, 12, 0, 306580, 2140
317184, 4, 36, 4, 0, 12, 0, 306580, 2140
317184, 4, 36, 4, 0, 12, 0, 306580, 2140
317184, 4, 36, 4, 0, 12, 0, 306580, 2140
317184, 4, 36, 4, 0, 12, 0, 306580, 2140
317184, 4, 36, 4, 0, 12, 0, 306580, 2140
317184, 4, 36, 4, 0, 12, 0, 306580, 2140
317184, 4, 36, 4, 0, 12, 0, 306580, 2140
317184, 4, 36, 4, 0, 12, 0, 306580, 2140
317184, 4, 36, 4, 0, 12, 0, 306580, 2140
317184, 4, 36, 4, 0, 12, 0, 306580, 2140
317184, 4, 36, 4, 0, 12, 0, 306580, 2140
317184, 4, 36, 4, 0, 12, 0, 306580, 2140
317184, 4, 36, 4, 0, 12, 0, 306580, 2140
317184, 4, 36, 4, 0, 12, 0, 306580, 2140
317184, 4, 36, 4, 0, 12, 0, 306580, 2140
317184, 4, 36, 4, 0, 12, 0, 306580, 2140
317184, 4, 36, 4, 0, 12, 0, 306580, 2140
317184, 4, 36, 4, 0, 12, 0, 306580, 2140
317184, 4, 36, 4, 0, 12, 0, 306580, 2140
317184, 4, 36, 4, 0, 12, 0, 306580, 2140
317184, 4, 36, 4, 0, 12, 0, 306580, 2140
317184, 4, 36, 4, 0, 12, 0, 306580, 2140
317184, 4, 36, 4, 0, 12, 0, 306580, 2140
317184, 4, 36, 4, 0, 12, 0, 306580, 2140
317184, 4, 36, 4, 0, 12, 0, 306580, 2140
317184, 4, 36, 4, 0, 12, 0, 306580, 2140
317184, 4, 36, 4, 0, 12, 0, 306580, 2140
317184, 4, 36, 4, 0, 12, 0, 306580, 2140
317184, 4, 36, 4, 0, 12, 0, 306580, 2140
317184, 4, 36, 4, 0, 12, 0, 306580, 2140
317184, 4, 36, 4, 0, 12, 0, 306580, 2140
317184, 4, 36, 4, 0, 12, 0, 306580, 2140
317184, 4, 36, 4, 0, 12, 0, 306580, 2140
317184, 4, 36, 4, 0, 12, 0, 306580, 2140
317184, 4, 36, 4, 0, 12, 0, 306580, 2140
317184, 4, 36, 4, 0, 12, 0, 306580, 2140
317184, 4, 36, 4, 0, 12, 0, 306580, 2140
317184, 4, 36, 4, 0, 12, 0, 306580, 2140
317184, 4, 36, 4, 0, 12, 0, 306580, 2140
317184, 4, 36, 4, 0, 12, 0, 306580, 2140
317184, 4, 36, 4, 0, 12, 0, 306580, 2140
317184, 4, 36, 4, 0, 12, 0, 306580, 2140
317184, 4, 36, 4, 0, 12, 0, 306580, 2140
317184, 4, 36, 4, 0, 12, 0, 306580, 2140
317184, 4, 36, 4, 0, 12, 0, 306580, 2140
317184, 4, 36, 4, 0, 12, 0, 306580, 2140
317184, 4, 36, 4, 0, 12, 0, 306580, 2140
317184, 4, 36, 4, 0, 12, 0, 306580, 2140
317184, 4, 36, 4, 0, 12, 0, 306580, 2140
317184, 4, 36, 4, 0, 12, 0, 306580, 2140
317184, 4, 36, 4, 0, 12, 0, 306580, 2140
317184, 4, 36, 4, 0, 12, 0, 306580, 2140
317184, 4, 36, 4, 0, 12, 0, 306580, 2140
317184, 4, 36, 4, 0, 12, 0, 306580, 2140
317184, 4, 36, 4, 0, 12, 0, 306580, 2140
317184, 4, 36, 4, 0, 12, 0, 306580, 2140
317184, 4, 36, 4, 0, 12, 0, 306580, 2140
317184, 4, 36, 4, 0, 12, 0, 306580, 2140
317184, 4, 36, 4, 0, 12, 0, 306580, 2140
317184, 4, 36, 4, 0, 12, 0, 306580, 2140
317184, 4, 36, 4, 0, 12, 0, 306580, 2140
317184, 4, 36, 4, 0, 12, 0, 306580, 2140
317184, 4, 36, 4, 0, 12, 0, 306580, 2140
317184, 4, 36, 4, 0, 12, 0, 306580, 2140
317184, 4, 36, 4, 0, 12, 0, 306580, 2140
317184, 4, 36, 4, 0, 12, 0, 306580, 2140
317184, 4, 36, 4, 0, 12, 0, 306580, 2140
317184, 4, 36, 4, 0, 12, 0, 306580, 2140
317184, 4, 36, 4, 0, 12, 0, 306580, 2140
317184, 4, 36, 4, 0, 12, 0, 306580, 2140
317184, 4, 36, 4, 0, 12, 0, 306580, 2140
317184, 4, 36, 4, 0, 12, 0, 306580, 2140
317184, 4, 36, 4, 0, 12, 0, 306580, 2140
317184, 4, 36, 4, 0, 12, 0, 306580, 2140
317184, 4, 36, 4, 0, 12, 0, 306580, 2140
317184, 4, 36, 4, 0, 12, 0, 306580, 2140
317184, 4, 36, 4, 0, 12, 0, 306580, 2140
317184, 4, 36, 4, 0, 12, 0, 306580, 2140
317184, 4, 36, 4, 0, 12, 0, 306580, 2140
317184, 4, 36, 4, 0, 12, 0, 306580, 2140
317184, 4, 36, 4, 0, 12, 0, 306580, 2140
317184, 4, 36, 4, 0, 12, 0, 306580, 2140
317184, 4, 36, 4, 0, 12, 0, 306580, 2140
317184, 4, 36, 4, 0, 12, 0, 306580, 2140
317184, 4, 36, 4, 0, 12, 0, 306580, 2140
317184, 4, 36, 4, 0, 12, 0, 306580, 2140
317184, 4, 36, 4, 0, 12, 0, 306580, 2140
317184, 4, 36, 4, 0, 12, 0, 306580, 2140
317184, 4, 36, 4, 0, 12, 0, 306580, 2140
317184, 4, 36, 4, 0, 12, 0, 306580, 2140
317184, 4, 36, 4, 0, 12, 0, 306580, 2140
317184, 4, 36, 4, 0, 12, 0, 306580, 2140
317184, 4, 36, 4, 0, 12, 0, 306580, 2140
317184, 4, 36, 4, 0, 12, 0, 306580, 2140
317184, 4, 36, 4, 0, 12, 0, 306580, 2140
317184, 4, 36, 4, 0, 12, 0, 306580, 2140
317184, 4, 36, 4, 0, 12, 0, 306580, 2140
317184, 4, 36, 4, 0, 12, 0, 306580, 2140
317184, 4, 36, 4, 0, 12, 0, 306580, 2140
317184, 4, 36, 4, 0, 12, 0, 306580, 2140
317184, 4, 36, 4, 0, 12, 0, 306580, 2140
317184, 4, 36, 4, 0, 12, 0, 306580, 2140
317184, 4, 36, 4, 0, 12, 0, 306580, 2140
317184, 4, 36, 4, 0, 12, 0, 306580, 2140
317184, 4, 36, 4, 0, 12, 0, 306580, 2140
317184, 4, 36, 4, 0, 12, 0, 306580, 2140
317184, 4, 36, 4, 0, 12, 0, 306580, 2140
317184, 4, 36, 4, 0, 12, 0, 306580, 2140
317184, 4, 36, 4, 0, 12, 0, 306580, 2140
317184, 4, 36, 4, 0, 12, 0, 306580, 2140
317184, 4, 36, 4, 0, 12, 0, 306580, 2140
317184, 4, 36, 4, 0, 12, 0, 306580, 2140
317184, 4, 36, 4, 0, 12, 0, 306580, 2140
317184, 4, 36, 4, 0, 12, 0, 306580, 2140
317184, 4, 36, 4, 0, 12, 0, 306580, 2140
317184, 4, 36, 4, 0, 12, 0, 306580, 2140
317184, 4, 36, 4, 0, 12, 0, 306580, 2140
317184, 4, 36, 4, 0, 12, 0, 306580, 2140
317184, 4, 36, 4, 0, 12, 0, 306580, 2140
317184, 4, 36, 4, 0, 12, 0, 306580, 2140
317184, 4, 36, 4, 0, 12, 0, 306580, 2140
317184, 4, 36, 4, 0, 12, 0, 306580, 2140
317184, 4, 36, 4, 0, 12, 0, 306580, 2140
317184, 4, 36, 4, 0, 12, 0, 306580, 2140
317184, 4, 36, 4, 0, 12, 0, 306580, 2140
317184, 4, 36, 4, 0, 12, 0, 306580, 2140
317184, 4, 36, 4, 0, 12, 0, 306580, 2140
317184, 4, 36, 4, 0, 12, 0, 306580, 2140
317184, 4, 36, 4, 0, 12, 0, 306580, 2140
317184, 4, 36, 4, 0, 12, 0, 306580, 2140
317184, 4, 36, 4, 0, 12, 0, 306580, 2140
317184, 4, 36, 4, 0, 12, 0, 306580, 2140
317184, 4, 36, 4, 0, 12, 0, 306580, 2140
317184, 4, 36, 4, 0, 12, 0, 306580, 2140
317184, 4, 36, 4, 0, 12, 0, 306580, 2140
317184, 4, 36, 4, 0, 12, 0, 306580, 2140
317184, 4, 36, 4, 0, 12, 0, 306580, 2140
317184, 4, 36, 4, 0, 12, 0, 306580, 2140
317184, 4, 36, 4, 0, 12, 0, 306580, 2140
317184, 4, 36, 4, 0, 12, 0, 306580, 2140
317184, 4, 36, 4, 0, 12, 0, 306580, 2140
317184, 4, 36, 4, 0, 12, 0, 306580, 2140
317184, 4, 36, 4, 0, 12, 0, 306580, 2140
317184, 4, 36, 4, 0, 12, 0, 306580, 2140
317184, 4, 32, 4, 0, 12, 0, 306584, 2140
317184, 4, 32, 4, 0, 12, 0, 306584, 2140
317184, 4, 32, 4, 0, 12, 0, 306584, 2140
317184, 4, 32, 4, 0, 12, 0, 306584, 2140
317184, 4, 32, 4, 0, 12, 0, 306584, 2140
317184, 4, 32, 4, 0, 12, 0, 306584, 2140
317184, 4, 32, 4, 0, 12, 0, 306584, 2140
317184, 4, 32, 4, 0, 12, 0, 306584, 2140
317184, 4, 28, 4, 0, 12, 0, 306588, 2140
317184, 4, 28, 4, 0, 12, 0, 306588, 2140
317184, 4, 28, 4, 0, 12, 0, 306588, 2140
317184, 4, 28, 4, 0, 12, 0, 306588, 2140
317184, 4, 28, 4, 0, 12, 0, 306588, 2140
317184, 4, 28, 4, 0, 12, 0, 306588, 2140
317184, 4, 28, 4, 0, 12, 0, 306588, 2140
317184, 4, 28, 4, 0, 12, 0, 306588, 2140
317184, 4, 28, 4, 0, 12, 0, 306588, 2140
317184, 4, 28, 4, 0, 12, 0, 306588, 2140
317184, 4, 28, 4, 0, 12, 0, 306588, 2140
317184, 4, 28, 4, 0, 12, 0, 306588, 2140
317184, 4, 28, 4, 0, 12, 0, 306588, 2140
317184, 4, 28, 4, 0, 12, 0, 306588, 2140
317184, 4, 28, 4, 0, 12, 0, 306588, 2140
317184, 4, 28, 4, 0, 12, 0, 306588, 2140
317184, 4, 28, 4, 0, 12, 0, 306588, 2140
317184, 4, 28, 4, 0, 12, 0, 306588, 2140
317184, 4, 28, 4, 0, 12, 0, 306588, 2140
317184, 4, 28, 4, 0, 12, 0, 306588, 2140
317184, 4, 28, 4, 0, 12, 0, 306588, 2140
317184, 4, 24, 4, 0, 12, 0, 306592, 2140
317184, 4, 24, 4, 0, 12, 0, 306592, 2140
317184, 4, 24, 4, 0, 12, 0, 306592, 2140
317184, 4, 24, 4, 0, 12, 0, 306592, 2140
317180, 8, 24, 4, 0, 12, 0, 306592, 2140
317180, 8, 24, 4, 0, 12, 0, 306592, 2140
317180, 8, 24, 4, 0, 12, 0, 306592, 2140
317180, 8, 24, 4, 0, 12, 0, 306592, 2140
317180, 8, 24, 4, 0, 12, 0, 306592, 2140
317180, 8, 24, 4, 0, 12, 0, 306592, 2140
317180, 8, 24, 4, 0, 12, 0, 306592, 2140
317180, 8, 24, 4, 0, 12, 0, 306592, 2140
317180, 8, 24, 4, 0, 12, 0, 306592, 2140
317180, 8, 24, 4, 0, 12, 0, 306592, 2140
317180, 8, 24, 4, 0, 12, 0, 306592, 2140
317180, 8, 24, 4, 0, 12, 0, 306592, 2140
317180, 8, 24, 4, 0, 12, 0, 306592, 2140
317180, 8, 24, 4, 0, 12, 0, 306592, 2140
317180, 8, 24, 4, 0, 12, 0, 306592, 2140
317180, 8, 24, 4, 0, 12, 0, 306592, 2140
317180, 8, 24, 4, 0, 12, 0, 306592, 2140
317180, 8, 24, 4, 0, 12, 0, 306592, 2140
317180, 8, 24, 4, 0, 12, 0, 306592, 2140
317180, 8, 24, 4, 0, 12, 0, 306592, 2140
317180, 8, 24, 4, 0, 12, 0, 306592, 2140
317180, 8, 24, 4, 0, 12, 0, 306592, 2140
317180, 8, 24, 4, 0, 12, 0, 306592, 2140
317180, 8, 24, 4, 0, 12, 0, 306592, 2140
317180, 8, 24, 4, 0, 12, 0, 306592, 2140
317180, 8, 24, 4, 0, 12, 0, 306592, 2140
317180, 8, 24, 4, 0, 12, 0, 306592, 2140
317180, 8, 24, 4, 0, 12, 0, 306592, 2140
317180, 8, 24, 4, 0, 12, 0, 306592, 2140
317180, 8, 24, 4, 0, 12, 0, 306592, 2140
317180, 8, 24, 4, 0, 12, 0, 306592, 2140
317180, 8, 24, 4, 0, 12, 0, 306592, 2140
317180, 8, 24, 4, 0, 12, 0, 306592, 2140
317180, 8, 24, 4, 0, 12, 0, 306592, 2140
317180, 8, 24, 4, 0, 12, 0, 306592, 2140
317180, 8, 24, 4, 0, 12, 0, 306592, 2140
317180, 8, 24, 4, 0, 12, 0, 306592, 2140
317180, 8, 24, 4, 0, 12, 0, 306592, 2140
317180, 8, 24, 4, 0, 12, 0, 306592, 2140
317180, 8, 24, 4, 0, 12, 0, 306592, 2140
317180, 8, 24, 4, 0, 12, 0, 306592, 2140
317180, 8, 24, 4, 0, 12, 0, 306592, 2140
317180, 8, 24, 4, 0, 12, 0, 306592, 2140
317180, 8, 24, 4, 0, 12, 0, 306592, 2140
317180, 8, 24, 4, 0, 12, 0, 306592, 2140
317180, 8, 24, 4, 0, 12, 0, 306592, 2140
317180, 8, 24, 4, 0, 12, 0, 306592, 2140
317180, 8, 24, 4, 0, 12, 0, 306592, 2140
317180, 8, 24, 4, 0, 12, 0, 306592, 2140
317180, 8, 24, 4, 0, 12, 0, 306592, 2140
317180, 8, 24, 4, 0, 12, 0, 306592, 2140
317180, 8, 24, 4, 0, 12, 0, 306592, 2140
317180, 8, 24, 4, 0, 12, 0, 306592, 2140
317180, 8, 24, 4, 0, 12, 0, 306592, 2140
317180, 8, 24, 4, 0, 12, 0, 306592, 2140
317180, 8, 24, 4, 0, 12, 0, 306592, 2140
317180, 8, 24, 4, 0, 12, 0, 306592, 2140
317180, 8, 24, 4, 0, 12, 0, 306592, 2140
317180, 8, 24, 4, 0, 12, 0, 306592, 2140
317180, 8, 24, 4, 0, 12, 0, 306592, 2140
317180, 8, 24, 4, 0, 12, 0, 306592, 2140
317180, 8, 24, 4, 0, 12, 0, 306592, 2140
317180, 8, 24, 4, 0, 12, 0, 306592, 2140
317180, 8, 24, 4, 0, 12, 0, 306592, 2140
317180, 8, 24, 4, 0, 12, 0, 306592, 2140
317180, 8, 24, 4, 0, 12, 0, 306592, 2140
317180, 8, 24, 4, 0, 12, 0, 306592, 2140
317180, 8, 24, 4, 0, 12, 0, 306592, 2140
317180, 8, 24, 4, 0, 12, 0, 306592, 2140
317180, 8, 24, 4, 0, 12, 0, 306592, 2140
317180, 8, 24, 4, 0, 12, 0, 306592, 2140
317180, 8, 24, 4, 0, 12, 0, 306592, 2140
317180, 8, 24, 4, 0, 12, 0, 306592, 2140
317180, 8, 24, 4, 0, 12, 0, 306592, 2140
317180, 8, 24, 4, 0, 12, 0, 306592, 2140
317180, 8, 24, 4, 0, 12, 0, 306592, 2140
317180, 8, 24, 4, 0, 12, 0, 306592, 2140
317180, 8, 24, 4, 0, 12, 0, 306592, 2140
317180, 8, 24, 4, 0, 12, 0, 306592, 2140
317180, 8, 24, 4, 0, 12, 0, 306592, 2140
317180, 8, 24, 4, 0, 12, 0, 306592, 2140
317180, 8, 24, 4, 0, 12, 0, 306592, 2140
317180, 8, 24, 4, 0, 12, 0, 306592, 2140
317180, 8, 24, 4, 0, 12, 0, 306592, 2140
317180, 8, 24, 4, 0, 12, 0, 306592, 2140
317180, 8, 24, 4, 0, 12, 0, 306592, 2140
317180, 8, 24, 4, 0, 12, 0, 306592, 2140
317180, 8, 24, 4, 0, 12, 0, 306592, 2140
317180, 8, 24, 4, 0, 12, 0, 306592, 2140
317180, 8, 24, 4, 0, 12, 0, 306592, 2140
317180, 8, 24, 4, 0, 12, 0, 306592, 2140
317180, 8, 24, 4, 0, 12, 0, 306592, 2140
317180, 8, 24, 4, 0, 12, 0, 306592, 2140
317180, 8, 24, 4, 0, 12, 0, 306592, 2140
317180, 8, 24, 4, 0, 12, 0, 306592, 2140
317180, 8, 24, 4, 0, 12, 0, 306592, 2140
317180, 8, 24, 4, 0, 12, 0, 306592, 2140
317180, 8, 24, 4, 0, 12, 0, 306592, 2140
317180, 8, 24, 4, 0, 12, 0, 306592, 2140
317180, 8, 24, 4, 0, 12, 0, 306592, 2140
317180, 8, 24, 4, 0, 12, 0, 306592, 2140
317180, 8, 24, 4, 0, 12, 0, 306592, 2140
317180, 8, 24, 4, 0, 12, 0, 306592, 2140
317180, 8, 24, 4, 0, 12, 0, 306592, 2140
317180, 8, 24, 4, 0, 12, 0, 306592, 2140
317180, 8, 24, 4, 0, 12, 0, 306592, 2140
317180, 8, 24, 4, 0, 12, 0, 306592, 2140
317180, 8, 24, 4, 0, 12, 0, 306592, 2140
317180, 8, 24, 4, 0, 12, 0, 306592, 2140
317180, 8, 24, 4, 0, 12, 0, 306592, 2140
317180, 8, 24, 4, 0, 12, 0, 306592, 2140
317180, 8, 24, 4, 0, 12, 0, 306592, 2140
317180, 8, 24, 4, 0, 12, 0, 306592, 2140
317180, 8, 24, 4, 0, 12, 0, 306592, 2140
317180, 8, 24, 4, 0, 12, 0, 306592, 2140
317180, 8, 24, 4, 0, 12, 0, 306592, 2140
317180, 8, 24, 4, 0, 12, 0, 306592, 2140
317180, 8, 24, 4, 0, 12, 0, 306592, 2140
317180, 8, 24, 4, 0, 12, 0, 306592, 2140
317180, 8, 24, 4, 0, 12, 0, 306592, 2140
317180, 8, 24, 4, 0, 12, 0, 306592, 2140
317180, 8, 24, 4, 0, 12, 0, 306592, 2140
317180, 8, 24, 4, 0, 12, 0, 306592, 2140
317180, 4, 28, 4, 0, 12, 0, 306592, 2140
317180, 4, 28, 4, 0, 12, 0, 306592, 2140
317180, 4, 28, 4, 0, 12, 0, 306592, 2140
317180, 4, 28, 4, 0, 12, 0, 306592, 2140
317180, 4, 28, 4, 0, 12, 0, 306592, 2140
317180, 4, 28, 4, 0, 12, 0, 306592, 2140
317180, 4, 28, 4, 0, 12, 0, 306592, 2140
317180, 4, 28, 4, 0, 12, 0, 306592, 2140
317180, 4, 28, 4, 0, 12, 0, 306592, 2140
317180, 4, 28, 4, 0, 12, 0, 306592, 2140
317180, 4, 28, 4, 0, 12, 0, 306592, 2140
317180, 4, 28, 4, 0, 12, 0, 306592, 2140
317180, 4, 28, 4, 0, 12, 0, 306592, 2140
317180, 4, 28, 4, 0, 12, 0, 306592, 2140
317180, 4, 28, 4, 0, 12, 0, 306592, 2140
317180, 4, 28, 4, 0, 12, 0, 306592, 2140
317180, 4, 28, 4, 0, 12, 0, 306592, 2140
317180, 4, 28, 4, 0, 12, 0, 306592, 2140
317180, 4, 28, 4, 0, 12, 0, 306592, 2140
317180, 4, 28, 4, 0, 12, 0, 306592, 2140
317180, 4, 28, 4, 0, 12, 0, 306592, 2140
317180, 4, 28, 4, 0, 12, 0, 306592, 2140
317180, 4, 28, 4, 0, 12, 0, 306592, 2140
317180, 4, 28, 4, 0, 12, 0, 306592, 2140
317180, 4, 28, 4, 0, 12, 0, 306592, 2140
317180, 4, 28, 4, 0, 12, 0, 306592, 2140
317180, 4, 28, 4, 0, 12, 0, 306592, 2140
317180, 4, 28, 4, 0, 12, 0, 306592, 2140
317180, 4, 28, 4, 0, 12, 0, 306592, 2140
317180, 4, 28, 4, 0, 12, 0, 306592, 2140
317180, 4, 28, 4, 0, 12, 0, 306592, 2140
317180, 4, 28, 4, 0, 12, 0, 306592, 2140
317180, 4, 28, 4, 0, 12, 0, 306592, 2140
317180, 4, 28, 4, 0, 12, 0, 306592, 2140
317180, 4, 28, 4, 0, 12, 0, 306592, 2140
317180, 4, 28, 4, 0, 12, 0, 306592, 2140
317180, 4, 28, 4, 0, 12, 0, 306592, 2140
317180, 4, 28, 4, 0, 12, 0, 306592, 2140
317180, 4, 28, 4, 0, 12, 0, 306592, 2140
317180, 4, 28, 4, 0, 12, 0, 306592, 2140
317180, 4, 28, 4, 0, 12, 0, 306592, 2140
317180, 4, 28, 4, 0, 12, 0, 306592, 2140
317180, 4, 28, 4, 0, 12, 0, 306592, 2140
317180, 4, 28, 4, 0, 12, 0, 306592, 2140
317180, 4, 28, 4, 0, 12, 0, 306592, 2140
317180, 4, 28, 4, 0, 12, 0, 306592, 2140
317180, 4, 28, 4, 0, 12, 0, 306592, 2140
317180, 4, 28, 4, 0, 12, 0, 306592, 2140
317180, 4, 28, 4, 0, 12, 0, 306592, 2140
317180, 4, 28, 4, 0, 12, 0, 306592, 2140
317180, 4, 28, 4, 0, 12, 0, 306592, 2140
317180, 4, 28, 4, 0, 12, 0, 306592, 2140
317180, 4, 28, 4, 0, 12, 0, 306592, 2140
317180, 4, 28, 4, 0, 12, 0, 306592, 2140
317180, 4, 28, 4, 0, 12, 0, 306592, 2140
317180, 4, 28, 4, 0, 12, 0, 306592, 2140
317180, 4, 28, 4, 0, 12, 0, 306592, 2140
317180, 4, 28, 4, 0, 12, 0, 306592, 2140
317180, 4, 28, 4, 0, 12, 0, 306592, 2140
317180, 4, 28, 4, 0, 12, 0, 306592, 2140
317180, 4, 28, 4, 0, 12, 0, 306592, 2140
317180, 4, 28, 4, 0, 12, 0, 306592, 2140
317180, 4, 28, 4, 0, 12, 0, 306592, 2140
317180, 4, 28, 4, 0, 12, 0, 306592, 2140
317180, 4, 28, 4, 0, 12, 0, 306592, 2140
317180, 4, 28, 4, 0, 12, 0, 306592, 2140
317180, 4, 28, 4, 0, 12, 0, 306592, 2140
317180, 4, 28, 4, 0, 12, 0, 306592, 2140
317180, 4, 28, 4, 0, 12, 0, 306592, 2140
317180, 4, 28, 4, 0, 12, 0, 306592, 2140
317180, 4, 28, 4, 0, 12, 0, 306592, 2140
317180, 4, 28, 4, 0, 12, 0, 306592, 2140
317180, 4, 28, 4, 0, 12, 0, 306592, 2140
317180, 4, 28, 4, 0, 12, 0, 306592, 2140
317180, 4, 28, 4, 0, 12, 0, 306592, 2140
317180, 4, 28, 4, 0, 12, 0, 306592, 2140
317180, 4, 28, 4, 0, 12, 0, 306592, 2140
317180, 4, 28, 4, 0, 12, 0, 306592, 2140
317180, 4, 28, 4, 0, 12, 0, 306592, 2140
317180, 4, 28, 4, 0, 12, 0, 306592, 2140
317180, 4, 28, 4, 0, 12, 0, 306592, 2140
317180, 4, 28, 4, 0, 12, 0, 306592, 2140
317180, 4, 28, 0, 4, 12, 0, 306592, 2140
317180, 4, 28, 0, 4, 12, 0, 306592, 2140
317180, 4, 28, 0, 4, 12, 0, 306592, 2140
317180, 4, 28, 0, 4, 12, 0, 306592, 2140
317180, 4, 28, 0, 4, 12, 0, 306592, 2140
317180, 4, 28, 0, 4, 12, 0, 306592, 2140
317180, 4, 28, 0, 4, 12, 0, 306592, 2140
317180, 4, 28, 0, 4, 12, 0, 306592, 2140
317180, 4, 28, 0, 4, 12, 0, 306592, 2140
317180, 4, 28, 0, 4, 12, 0, 306592, 2140
317180, 4, 28, 0, 4, 12, 0, 306592, 2140
317180, 4, 28, 0, 4, 12, 0, 306592, 2140
317180, 4, 28, 0, 4, 12, 0, 306592, 2140
317180, 4, 28, 0, 4, 12, 0, 306592, 2140
317180, 4, 28, 0, 4, 12, 0, 306592, 2140
317180, 4, 28, 0, 4, 12, 0, 306592, 2140
317180, 4, 28, 0, 4, 12, 0, 306592, 2140
317180, 4, 28, 0, 4, 12, 0, 306592, 2140
317180, 4, 28, 0, 4, 12, 0, 306592, 2140
317180, 4, 28, 0, 4, 12, 0, 306592, 2140
317180, 4, 28, 0, 4, 12, 0, 306592, 2140
317180, 4, 28, 0, 4, 12, 0, 306592, 2140
317180, 4, 28, 0, 4, 12, 0, 306592, 2140
317180, 4, 28, 0, 4, 12, 0, 306592, 2140
317180, 4, 28, 0, 4, 12, 0, 306592, 2140
317180, 4, 28, 0, 4, 12, 0, 306592, 2140
317180, 4, 28, 0, 4, 12, 0, 306592, 2140
317180, 4, 28, 0, 4, 12, 0, 306592, 2140
317180, 4, 28, 0, 4, 12, 0, 306592, 2140
317180, 4, 28, 0, 4, 12, 0, 306592, 2140
317180, 4, 28, 0, 4, 12, 0, 306592, 2140
317180, 4, 28, 0, 4, 12, 0, 306592, 2140
317180, 4, 28, 0, 4, 12, 0, 306592, 2140
317180, 4, 28, 0, 4, 12, 0, 306592, 2140
317180, 4, 28, 0, 4, 12, 0, 306592, 2140
317180, 4, 28, 0, 4, 12, 0, 306592, 2140
317180, 4, 28, 0, 4, 12, 0, 306592, 2140
317180, 4, 28, 0, 4, 12, 0, 306592, 2140
317180, 4, 28, 0, 4, 12, 0, 306592, 2140
317180, 4, 28, 0, 4, 12, 0, 306592, 2140
317180, 4, 28, 0, 4, 12, 0, 306592, 2140
317180, 4, 28, 0, 4, 12, 0, 306592, 2140
317180, 4, 28, 0, 4, 12, 0, 306592, 2140
317180, 4, 28, 0, 4, 12, 0, 306592, 2140
317180, 4, 28, 0, 4, 12, 0, 306592, 2140
317180, 4, 28, 0, 4, 12, 0, 306592, 2140
317180, 4, 28, 0, 4, 12, 0, 306592, 2140
317180, 4, 28, 0, 4, 12, 0, 306592, 2140
317180, 4, 28, 0, 4, 12, 0, 306592, 2140
317180, 4, 28, 0, 4, 12, 0, 306592, 2140
317180, 4, 28, 0, 4, 12, 0, 306592, 2140
317180, 4, 28, 0, 4, 12, 0, 306592, 2140
317180, 4, 28, 0, 4, 12, 0, 306592, 2140
317180, 4, 28, 0, 4, 12, 0, 306592, 2140
317180, 4, 28, 0, 4, 12, 0, 306592, 2140
317180, 4, 28, 0, 4, 12, 0, 306592, 2140
317180, 4, 28, 0, 4, 12, 0, 306592, 2140
317180, 4, 28, 0, 4, 12, 0, 306592, 2140
317180, 4, 28, 0, 4, 12, 0, 306592, 2140
317180, 4, 28, 0, 4, 12, 0, 306592, 2140
317180, 4, 28, 0, 4, 12, 0, 306592, 2140
317180, 4, 28, 0, 4, 12, 0, 306592, 2140
317180, 4, 28, 0, 4, 12, 0, 306592, 2140
317180, 4, 28, 0, 4, 12, 0, 306592, 2140
317180, 4, 28, 0, 4, 12, 0, 306592, 2140
317180, 4, 28, 0, 4, 12, 0, 306592, 2140
317180, 4, 28, 0, 4, 12, 0, 306592, 2140
317180, 4, 28, 0, 4, 12, 0, 306592, 2140
317180, 4, 28, 0, 4, 12, 0, 306592, 2140
317180, 4, 28, 0, 4, 12, 0, 306592, 2140
317180, 4, 28, 0, 4, 12, 0, 306592, 2140
317180, 4, 28, 0, 4, 12, 0, 306592, 2140
317180, 4, 28, 0, 4, 12, 0, 306592, 2140
317180, 4, 28, 0, 4, 12, 0, 306592, 2140
317180, 4, 28, 0, 4, 12, 0, 306592, 2140
317180, 4, 28, 0, 4, 12, 0, 306592, 2140
317180, 4, 28, 0, 4, 12, 0, 306592, 2140
317180, 4, 28, 0, 4, 12, 0, 306592, 2140
317180, 4, 28, 0, 4, 12, 0, 306592, 2140
317180, 4, 28, 0, 4, 12, 0, 306592, 2140
317180, 4, 28, 0, 4, 12, 0, 306592, 2140
317180, 4, 28, 0, 4, 12, 0, 306592, 2140
317180, 4, 28, 0, 4, 12, 0, 306592, 2140
317180, 4, 28, 0, 4, 12, 0, 306592, 2140
317180, 4, 28, 0, 4, 12, 0, 306592, 2140
317180, 4, 28, 0, 4, 12, 0, 306592, 2140
317180, 4, 28, 0, 4, 12, 0, 306592, 2140
317180, 4, 28, 0, 4, 12, 0, 306592, 2140
317180, 4, 28, 0, 4, 12, 0, 306592, 2140
317180, 4, 28, 0, 4, 12, 0, 306592, 2140
317180, 4, 28, 0, 4, 12, 0, 306592, 2140
317180, 4, 28, 0, 4, 12, 0, 306592, 2140
317180, 4, 28, 0, 4, 12, 0, 306592, 2140
317180, 4, 28, 0, 4, 12, 0, 306592, 2140
317180, 4, 28, 0, 4, 12, 0, 306592, 2140
317180, 4, 28, 0, 4, 12, 0, 306592, 2140
317180, 4, 28, 0, 4, 12, 0, 306592, 2140
317180, 4, 28, 0, 4, 12, 0, 306592, 2140
317180, 4, 28, 0, 4, 12, 0, 306592, 2140
317180, 4, 28, 0, 4, 12, 0, 306592, 2140
317180, 4, 28, 0, 4, 12, 0, 306592, 2140
317180, 4, 28, 0, 4, 12, 0, 306592, 2140
317180, 4, 28, 0, 4, 12, 0, 306592, 2140
317180, 4, 28, 0, 4, 12, 0, 306592, 2140
317180, 4, 28, 0, 4, 12, 0, 306592, 2140
317180, 4, 28, 0, 4, 12, 0, 306592, 2140
317180, 4, 28, 0, 4, 12, 0, 306592, 2140
317180, 4, 28, 0, 4, 12, 0, 306592, 2140
317180, 4, 28, 0, 4, 12, 0, 306592, 2140
317180, 4, 28, 0, 4, 12, 0, 306592, 2140
317180, 4, 28, 0, 4, 12, 0, 306592, 2140
317180, 4, 28, 0, 4, 12, 0, 306592, 2140
317180, 4, 28, 0, 4, 12, 0, 306592, 2140
317180, 4, 28, 0, 4, 12, 0, 306592, 2140
317180, 4, 28, 0, 4, 12, 0, 306592, 2140
317180, 4, 28, 0, 4, 12, 0, 306592, 2140
317180, 4, 24, 0, 4, 12, 0, 306596, 2140
317180, 4, 24, 0, 4, 12, 0, 306596, 2140
317180, 4, 24, 0, 4, 12, 0, 306596, 2140
317180, 4, 24, 0, 4, 12, 0, 306596, 2140
317180, 4, 24, 0, 4, 12, 0, 306596, 2140
317180, 4, 24, 0, 4, 12, 0, 306596, 2140
317180, 4, 24, 0, 4, 12, 0, 306596, 2140
317180, 4, 24, 0, 4, 12, 0, 306596, 2140
317180, 4, 24, 0, 4, 12, 0, 306596, 2140
317180, 4, 24, 0, 4, 12, 0, 306596, 2140
317180, 4, 24, 0, 4, 12, 0, 306596, 2140
317180, 4, 24, 0, 4, 12, 0, 306596, 2140
317180, 4, 24, 0, 4, 12, 0, 306596, 2140
317180, 4, 24, 0, 4, 12, 0, 306596, 2140
317180, 4, 24, 0, 4, 12, 0, 306596, 2140
317180, 4, 24, 0, 4, 12, 0, 306596, 2140
317180, 4, 24, 0, 4, 12, 0, 306596, 2140
317180, 4, 24, 0, 4, 12, 0, 306596, 2140
317180, 4, 24, 0, 4, 12, 0, 306596, 2140
317180, 4, 24, 0, 4, 12, 0, 306596, 2140
317180, 4, 24, 0, 4, 12, 0, 306596, 2140
317180, 4, 24, 0, 4, 12, 0, 306596, 2140
317180, 4, 24, 0, 4, 12, 0, 306596, 2140
317180, 4, 24, 0, 4, 12, 0, 306596, 2140
317180, 4, 24, 0, 4, 12, 0, 306596, 2140
317180, 4, 24, 0, 4, 12, 0, 306596, 2140
317180, 4, 24, 0, 4, 12, 0, 306596, 2140
317180, 4, 24, 0, 4, 12, 0, 306596, 2140
317180, 4, 24, 0, 4, 12, 0, 306596, 2140
317180, 4, 24, 0, 4, 12, 0, 306596, 2140
317180, 4, 24, 0, 4, 12, 0, 306596, 2140
317180, 4, 24, 0, 4, 12, 0, 306596, 2140
317180, 4, 24, 0, 4, 12, 0, 306596, 2140
317180, 4, 24, 0, 4, 12, 0, 306596, 2140
317180, 4, 24, 0, 4, 12, 0, 306596, 2140
317180, 4, 24, 0, 4, 12, 0, 306596, 2140
317180, 4, 24, 0, 4, 12, 0, 306596, 2140
317180, 4, 24, 0, 4, 12, 0, 306596, 2140
317180, 4, 24, 0, 4, 12, 0, 306596, 2140
317180, 4, 24, 0, 4, 12, 0, 306596, 2140
317180, 4, 24, 0, 4, 12, 0, 306596, 2140
317180, 4, 24, 0, 4, 12, 0, 306596, 2140
317180, 4, 24, 0, 4, 12, 0, 306596, 2140
317180, 4, 24, 0, 4, 12, 0, 306596, 2140
317180, 4, 24, 0, 4, 12, 0, 306596, 2140
317180, 4, 24, 0, 4, 12, 0, 306596, 2140
317180, 4, 24, 0, 4, 12, 0, 306596, 2140
317180, 4, 24, 0, 4, 12, 0, 306596, 2140
317180, 4, 24, 0, 4, 12, 0, 306596, 2140
317180, 4, 24, 0, 4, 12, 0, 306596, 2140
317180, 4, 24, 0, 4, 12, 0, 306596, 2140
317180, 4, 24, 0, 4, 12, 0, 306596, 2140
317180, 4, 24, 0, 4, 12, 0, 306596, 2140
317180, 4, 24, 0, 4, 12, 0, 306596, 2140
317180, 4, 24, 0, 4, 12, 0, 306596, 2140
317180, 4, 24, 0, 4, 12, 0, 306596, 2140
317180, 4, 24, 0, 4, 12, 0, 306596, 2140
317180, 4, 24, 0, 4, 12, 0, 306596, 2140
317180, 4, 24, 0, 4, 12, 0, 306596, 2140
317180, 4, 24, 0, 4, 12, 0, 306596, 2140
317180, 4, 24, 0, 4, 12, 0, 306596, 2140
317180, 4, 24, 0, 4, 12, 0, 306596, 2140
317180, 4, 24, 0, 4, 12, 0, 306596, 2140
317180, 4, 24, 0, 4, 12, 0, 306596, 2140
317180, 4, 24, 0, 4, 12, 0, 306596, 2140
317180, 4, 24, 0, 4, 12, 0, 306596, 2140
317180, 4, 24, 0, 4, 12, 0, 306596, 2140
317180, 4, 24, 0, 4, 12, 0, 306596, 2140
317180, 4, 24, 0, 4, 12, 0, 306596, 2140
317180, 4, 24, 0, 4, 12, 0, 306596, 2140
317180, 4, 24, 0, 4, 12, 0, 306596, 2140
317180, 4, 24, 0, 4, 12, 0, 306596, 2140
317180, 4, 24, 0, 4, 12, 0, 306596, 2140
317180, 4, 24, 0, 4, 12, 0, 306596, 2140
317180, 4, 24, 0, 4, 12, 0, 306596, 2140
317180, 4, 24, 0, 4, 12, 0, 306596, 2140
317180, 4, 24, 0, 4, 12, 0, 306596, 2140
317180, 4, 24, 0, 4, 12, 0, 306596, 2140
317180, 4, 24, 0, 4, 12, 0, 306596, 2140
317180, 4, 24, 0, 4, 12, 0, 306596, 2140
317180, 4, 24, 0, 4, 12, 0, 306596, 2140
317180, 4, 24, 0, 4, 12, 0, 306596, 2140
317180, 4, 24, 0, 4, 12, 0, 306596, 2140
317180, 4, 24, 0, 4, 12, 0, 306596, 2140
317180, 4, 24, 0, 4, 12, 0, 306596, 2140
317180, 4, 24, 0, 4, 12, 0, 306596, 2140
317180, 4, 24, 0, 4, 12, 0, 306596, 2140
317180, 4, 24, 0, 4, 12, 0, 306596, 2140
317180, 4, 24, 0, 4, 12, 0, 306596, 2140
317180, 4, 24, 0, 4, 12, 0, 306596, 2140
317180, 0, 24, 4, 4, 12, 0, 306596, 2140
317180, 0, 24, 4, 4, 12, 0, 306596, 2140
317180, 0, 24, 4, 4, 12, 0, 306596, 2140
317180, 0, 24, 4, 4, 12, 0, 306596, 2140
317180, 0, 24, 4, 4, 12, 0, 306596, 2140
317180, 0, 24, 4, 4, 12, 0, 306596, 2140
317180, 0, 24, 4, 4, 12, 0, 306596, 2140
317180, 0, 24, 4, 4, 12, 0, 306596, 2140
317180, 0, 24, 4, 4, 12, 0, 306596, 2140
317180, 0, 24, 4, 4, 12, 0, 306596, 2140
317180, 0, 24, 4, 4, 12, 0, 306596, 2140
317180, 0, 24, 4, 4, 12, 0, 306596, 2140
317180, 0, 24, 4, 4, 12, 0, 306596, 2140
317180, 0, 24, 4, 4, 12, 0, 306596, 2140
317180, 0, 24, 4, 4, 12, 0, 306596, 2140
317180, 0, 24, 4, 4, 12, 0, 306596, 2140
317180, 0, 24, 4, 4, 12, 0, 306596, 2140
317180, 0, 24, 4, 4, 12, 0, 306596, 2140
317180, 0, 24, 4, 4, 12, 0, 306596, 2140
317180, 0, 24, 4, 4, 12, 0, 306596, 2140
317180, 0, 24, 4, 4, 12, 0, 306596, 2140
317180, 0, 24, 4, 4, 12, 0, 306596, 2140
317180, 0, 24, 4, 4, 12, 0, 306596, 2140
317180, 0, 24, 4, 4, 12, 0, 306596, 2140
317180, 0, 24, 4, 4, 12, 0, 306596, 2140
317180, 0, 24, 4, 4, 12, 0, 306596, 2140
317180, 0, 24, 4, 4, 12, 0, 306596, 2140
317180, 0, 24, 4, 4, 12, 0, 306596, 2140
317180, 0, 24, 4, 4, 12, 0, 306596, 2140
317180, 0, 24, 4, 4, 12, 0, 306596, 2140
317180, 0, 24, 4, 4, 12, 0, 306596, 2140
317180, 0, 24, 4, 4, 12, 0, 306596, 2140
317180, 0, 24, 4, 4, 12, 0, 306596, 2140
317180, 0, 24, 4, 4, 12, 0, 306596, 2140
317180, 0, 24, 4, 4, 12, 0, 306596, 2140
317180, 0, 24, 4, 4, 12, 0, 306596, 2140
317180, 0, 24, 4, 4, 12, 0, 306596, 2140
317180, 0, 24, 4, 4, 12, 0, 306596, 2140
317180, 0, 24, 4, 4, 12, 0, 306596, 2140
317180, 0, 24, 4, 4, 12, 0, 306596, 2140
317180, 0, 24, 4, 4, 12, 0, 306596, 2140
317180, 0, 24, 4, 4, 12, 0, 306596, 2140
317180, 0, 24, 4, 4, 12, 0, 306596, 2140
317180, 0, 24, 4, 4, 12, 0, 306596, 2140
317180, 0, 24, 4, 4, 12, 0, 306596, 2140
317180, 0, 24, 4, 4, 12, 0, 306596, 2140
317180, 0, 24, 4, 4, 12, 0, 306596, 2140
317180, 0, 24, 4, 4, 12, 0, 306596, 2140
317180, 0, 24, 4, 4, 12, 0, 306596, 2140
317180, 0, 24, 4, 4, 12, 0, 306596, 2140
317180, 0, 24, 4, 4, 12, 0, 306596, 2140
317180, 0, 24, 4, 4, 12, 0, 306596, 2140
317180, 0, 24, 4, 4, 12, 0, 306596, 2140
317180, 0, 24, 4, 4, 12, 0, 306596, 2140
317180, 0, 24, 4, 4, 12, 0, 306596, 2140
317180, 0, 24, 4, 4, 12, 0, 306596, 2140
317180, 0, 24, 4, 4, 12, 0, 306596, 2140
317180, 0, 24, 4, 4, 12, 0, 306596, 2140
317180, 0, 24, 4, 4, 12, 0, 306596, 2140
317180, 0, 24, 4, 4, 12, 0, 306596, 2140
317180, 0, 24, 4, 4, 12, 0, 306596, 2140
317180, 0, 24, 4, 4, 12, 0, 306596, 2140
317180, 0, 24, 4, 4, 12, 0, 306596, 2140
317180, 0, 24, 4, 4, 12, 0, 306596, 2140
317180, 0, 24, 4, 4, 12, 0, 306596, 2140
317180, 0, 24, 4, 4, 12, 0, 306596, 2140
317180, 0, 24, 4, 4, 12, 0, 306596, 2140
317180, 0, 24, 4, 4, 12, 0, 306596, 2140
317180, 0, 24, 4, 4, 12, 0, 306596, 2140
317180, 0, 24, 4, 4, 12, 0, 306596, 2140
317180, 0, 24, 4, 4, 12, 0, 306596, 2140
317180, 0, 24, 4, 4, 12, 0, 306596, 2140
317180, 0, 24, 4, 4, 12, 0, 306596, 2140
317180, 0, 24, 4, 4, 12, 0, 306596, 2140
317180, 0, 24, 4, 4, 12, 0, 306596, 2140
317180, 0, 24, 4, 4, 12, 0, 306596, 2140
317180, 0, 24, 4, 4, 12, 0, 306596, 2140
317180, 0, 24, 4, 4, 12, 0, 306596, 2140
317180, 0, 24, 4, 4, 12, 0, 306596, 2140
317180, 0, 24, 4, 4, 12, 0, 306596, 2140
317180, 0, 24, 4, 4, 12, 0, 306596, 2140
317180, 0, 24, 4, 4, 12, 0, 306596, 2140
317180, 0, 24, 4, 4, 12, 0, 306596, 2140
317180, 0, 24, 4, 4, 12, 0, 306596, 2140
317180, 0, 24, 4, 4, 12, 0, 306596, 2140
317180, 0, 24, 4, 4, 12, 0, 306596, 2140
317180, 0, 24, 4, 4, 12, 0, 306596, 2140
317180, 0, 24, 4, 4, 12, 0, 306596, 2140
317180, 0, 24, 4, 4, 12, 0, 306596, 2140
317180, 0, 24, 4, 4, 12, 0, 306596, 2140
317180, 0, 24, 4, 4, 12, 0, 306596, 2140
317180, 0, 24, 4, 4, 12, 0, 306596, 2140
317180, 0, 24, 4, 4, 12, 0, 306596, 2140
317180, 0, 24, 4, 4, 12, 0, 306596, 2140
317180, 0, 24, 4, 4, 12, 0, 306596, 2140
317180, 0, 24, 4, 4, 12, 0, 306596, 2140
317180, 0, 24, 4, 4, 12, 0, 306596, 2140
317180, 0, 24, 4, 4, 12, 0, 306596, 2140
317180, 0, 24, 4, 4, 12, 0, 306596, 2140
317180, 0, 24, 4, 4, 12, 0, 306596, 2140
317180, 0, 24, 4, 4, 12, 0, 306596, 2140
317180, 0, 24, 4, 4, 12, 0, 306596, 2140
317180, 0, 24, 4, 4, 12, 0, 306596, 2140
317180, 0, 24, 4, 4, 12, 0, 306596, 2140
317180, 0, 24, 4, 4, 12, 0, 306596, 2140
317180, 0, 24, 4, 4, 12, 0, 306596, 2140
317180, 0, 24, 4, 4, 12, 0, 306596, 2140
317180, 0, 24, 4, 4, 12, 0, 306596, 2140
317180, 0, 24, 4, 4, 12, 0, 306596, 2140
317180, 0, 24, 4, 4, 12, 0, 306596, 2140
317180, 0, 24, 4, 4, 12, 0, 306596, 2140
317180, 0, 24, 4, 4, 12, 0, 306596, 2140
317180, 0, 24, 4, 4, 12, 0, 306596, 2140
317180, 0, 24, 4, 4, 12, 0, 306596, 2140
317180, 0, 24, 4, 4, 12, 0, 306596, 2140
317180, 0, 24, 4, 4, 12, 0, 306596, 2140
317180, 0, 24, 4, 4, 12, 0, 306596, 2140
317180, 0, 24, 4, 4, 12, 0, 306596, 2140
317180, 0, 24, 4, 4, 12, 0, 306596, 2140
317180, 0, 24, 4, 4, 12, 0, 306596, 2140
317180, 0, 24, 4, 4, 12, 0, 306596, 2140
317180, 0, 24, 4, 4, 12, 0, 306596, 2140
317180, 0, 24, 4, 4, 12, 0, 306596, 2140
317180, 0, 24, 4, 4, 12, 0, 306596, 2140
317180, 0, 24, 4, 4, 12, 0, 306596, 2140
317180, 0, 24, 4, 4, 12, 0, 306596, 2140
317180, 0, 24, 4, 4, 12, 0, 306596, 2140
317180, 0, 24, 4, 4, 12, 0, 306596, 2140
317180, 0, 24, 4, 4, 12, 0, 306596, 2140
317180, 0, 24, 4, 4, 12, 0, 306596, 2140
317180, 0, 24, 4, 4, 12, 0, 306596, 2140
317180, 0, 24, 4, 4, 12, 0, 306596, 2140
317180, 0, 24, 4, 4, 12, 0, 306596, 2140
317180, 0, 24, 4, 4, 12, 0, 306596, 2140
317180, 0, 24, 4, 4, 12, 0, 306596, 2140
317180, 0, 24, 4, 4, 12, 0, 306596, 2140
317180, 0, 24, 4, 4, 12, 0, 306596, 2140
317180, 0, 24, 4, 4, 12, 0, 306596, 2140
317180, 0, 24, 4, 4, 12, 0, 306596, 2140
317180, 0, 24, 4, 4, 12, 0, 306596, 2140
317180, 0, 24, 4, 4, 12, 0, 306596, 2140
317180, 0, 24, 4, 4, 12, 0, 306596, 2140
317180, 0, 24, 4, 4, 12, 0, 306596, 2140
317180, 0, 24, 4, 4, 12, 0, 306596, 2140
317180, 0, 24, 4, 4, 12, 0, 306596, 2140
317180, 0, 24, 4, 4, 12, 0, 306596, 2140
317180, 0, 24, 4, 4, 12, 0, 306596, 2140
317180, 0, 24, 4, 4, 12, 0, 306596, 2140
317180, 0, 24, 4, 4, 12, 0, 306596, 2140
317180, 0, 24, 4, 4, 12, 0, 306596, 2140
317180, 0, 24, 4, 4, 12, 0, 306596, 2140
317180, 0, 24, 4, 4, 12, 0, 306596, 2140
317180, 0, 24, 4, 4, 12, 0, 306596, 2140
317180, 0, 24, 4, 4, 12, 0, 306596, 2140
317180, 0, 24, 4, 4, 12, 0, 306596, 2140
317180, 0, 24, 4, 4, 12, 0, 306596, 2140
317180, 0, 24, 4, 4, 12, 0, 306596, 2140
317180, 0, 24, 4, 4, 12, 0, 306596, 2140
317180, 0, 24, 4, 4, 12, 0, 306596, 2140
317180, 0, 24, 4, 4, 12, 0, 306596, 2140
317180, 0, 24, 4, 4, 12, 0, 306596, 2140
317180, 0, 24, 4, 4, 12, 0, 306596, 2140
317180, 0, 24, 4, 4, 12, 0, 306596, 2140
317180, 0, 24, 4, 4, 12, 0, 306596, 2140
317180, 0, 24, 4, 4, 12, 0, 306596, 2140
317180, 0, 24, 4, 4, 12, 0, 306596, 2140
317180, 0, 24, 4, 4, 12, 0, 306596, 2140
317180, 0, 24, 4, 4, 12, 0, 306596, 2140
317180, 0, 24, 4, 4, 12, 0, 306596, 2140
317180, 0, 24, 4, 4, 12, 0, 306596, 2140
317180, 0, 24, 4, 4, 12, 0, 306596, 2140
317180, 0, 24, 4, 4, 12, 0, 306596, 2140
317180, 0, 24, 4, 4, 12, 0, 306596, 2140
317180, 0, 24, 4, 4, 12, 0, 306596, 2140
317180, 0, 24, 4, 4, 12, 0, 306596, 2140
317180, 0, 24, 4, 4, 12, 0, 306596, 2140
317180, 0, 24, 4, 4, 12, 0, 306596, 2140
317180, 0, 24, 4, 4, 12, 0, 306596, 2140
317180, 0, 24, 4, 4, 12, 0, 306596, 2140
317180, 0, 24, 4, 4, 12, 0, 306596, 2140
317180, 0, 24, 4, 4, 12, 0, 306596, 2140
317180, 0, 24, 4, 4, 12, 0, 306596, 2140
317180, 0, 24, 4, 4, 12, 0, 306596, 2140
317180, 0, 24, 4, 4, 12, 0, 306596, 2140
317180, 0, 24, 4, 4, 12, 0, 306596, 2140
317180, 0, 24, 4, 4, 12, 0, 306596, 2140
317180, 0, 24, 4, 4, 12, 0, 306596, 2140
317180, 0, 24, 4, 4, 12, 0, 306596, 2140
317180, 0, 24, 4, 4, 12, 0, 306596, 2140
317180, 0, 24, 4, 4, 12, 0, 306596, 2140
317180, 0, 24, 4, 4, 12, 0, 306596, 2140
317180, 0, 24, 4, 4, 12, 0, 306596, 2140
317180, 0, 24, 4, 4, 12, 0, 306596, 2140
317180, 0, 24, 4, 4, 12, 0, 306596, 2140
317180, 0, 24, 4, 4, 12, 0, 306596, 2140
317180, 0, 24, 4, 4, 12, 0, 306596, 2140
317180, 0, 24, 4, 4, 12, 0, 306596, 2140
317180, 0, 24, 4, 4, 12, 0, 306596, 2140
317180, 0, 24, 4, 4, 12, 0, 306596, 2140
317180, 0, 24, 4, 4, 12, 0, 306596, 2140
317180, 0, 24, 4, 4, 12, 0, 306596, 2140
317180, 0, 24, 4, 4, 12, 0, 306596, 2140
317180, 0, 24, 4, 4, 12, 0, 306596, 2140
317180, 0, 24, 4, 4, 12, 0, 306596, 2140
317180, 0, 24, 4, 4, 12, 0, 306596, 2140
317180, 0, 24, 4, 4, 12, 0, 306596, 2140
317180, 0, 24, 4, 4, 12, 0, 306596, 2140
317180, 0, 24, 4, 4, 12, 0, 306596, 2140
317180, 0, 24, 4, 4, 12, 0, 306596, 2140
317180, 0, 24, 4, 4, 12, 0, 306596, 2140
317180, 0, 24, 4, 4, 12, 0, 306596, 2140
317180, 0, 24, 4, 4, 12, 0, 306596, 2140
317180, 0, 24, 4, 4, 12, 0, 306596, 2140
317180, 0, 24, 4, 4, 12, 0, 306596, 2140
317180, 0, 24, 4, 4, 12, 0, 306596, 2140
317180, 0, 24, 4, 4, 12, 0, 306596, 2140
317180, 0, 24, 4, 4, 12, 0, 306596, 2140
317180, 0, 24, 4, 4, 12, 0, 306596, 2140
317180, 0, 24, 4, 4, 12, 0, 306596, 2140
317180, 0, 24, 4, 4, 12, 0, 306596, 2140
317180, 0, 24, 4, 4, 12, 0, 306596, 2140
317180, 0, 24, 4, 4, 12, 0, 306596, 2140
317180, 0, 24, 4, 4, 12, 0, 306596, 2140
317180, 0, 24, 4, 4, 12, 0, 306596, 2140
317180, 0, 24, 4, 4, 12, 0, 306596, 2140
317180, 0, 24, 4, 4, 12, 0, 306596, 2140
317180, 0, 24, 4, 4, 12, 0, 306596, 2140
317180, 0, 24, 4, 4, 12, 0, 306596, 2140
317180, 0, 24, 4, 4, 12, 0, 306596, 2140
317180, 0, 24, 4, 4, 12, 0, 306596, 2140
317180, 0, 24, 4, 4, 12, 0, 306596, 2140
317180, 0, 24, 4, 4, 12, 0, 306596, 2140
317180, 0, 24, 4, 4, 12, 0, 306596, 2140
317180, 0, 24, 4, 4, 12, 0, 306596, 2140
317180, 0, 24, 4, 4, 12, 0, 306596, 2140
317180, 0, 24, 4, 4, 12, 0, 306596, 2140
317180, 0, 24, 4, 4, 12, 0, 306596, 2140
317180, 0, 24, 4, 4, 12, 0, 306596, 2140
317180, 0, 24, 4, 4, 12, 0, 306596, 2140
317180, 0, 24, 4, 4, 12, 0, 306596, 2140
317180, 0, 24, 4, 4, 12, 0, 306596, 2140
317180, 0, 24, 4, 4, 12, 0, 306596, 2140
317180, 0, 24, 4, 4, 12, 0, 306596, 2140
317180, 0, 24, 4, 4, 12, 0, 306596, 2140
317180, 0, 24, 4, 4, 12, 0, 306596, 2140
317180, 0, 24, 4, 4, 12, 0, 306596, 2140
317180, 0, 24, 4, 4, 12, 0, 306596, 2140
317180, 0, 24, 4, 4, 12, 0, 306596, 2140
317180, 0, 24, 4, 4, 12, 0, 306596, 2140
317180, 0, 24, 4, 4, 12, 0, 306596, 2140
317180, 0, 24, 4, 4, 12, 0, 306596, 2140
317180, 0, 24, 4, 4, 12, 0, 306596, 2140
317180, 0, 24, 4, 4, 12, 0, 306596, 2140
317180, 0, 24, 4, 4, 12, 0, 306596, 2140
317180, 0, 24, 4, 4, 12, 0, 306596, 2140
317180, 0, 24, 4, 4, 12, 0, 306596, 2140
317180, 0, 24, 4, 4, 12, 0, 306596, 2140
317180, 0, 24, 4, 4, 12, 0, 306596, 2140
317180, 0, 24, 4, 4, 12, 0, 306596, 2140
317180, 0, 24, 4, 4, 12, 0, 306596, 2140
317180, 0, 24, 4, 4, 12, 0, 306596, 2140
317180, 0, 24, 4, 4, 12, 0, 306596, 2140
317180, 0, 24, 4, 4, 12, 0, 306596, 2140
317180, 0, 24, 4, 4, 12, 0, 306596, 2140
317180, 0, 24, 4, 4, 12, 0, 306596, 2140
317180, 0, 24, 4, 4, 12, 0, 306596, 2140
317180, 0, 24, 4, 4, 12, 0, 306596, 2140
317180, 0, 24, 4, 4, 12, 0, 306596, 2140
317180, 0, 24, 4, 4, 12, 0, 306596, 2140
317180, 0, 24, 4, 4, 12, 0, 306596, 2140
317180, 0, 20, 4, 4, 12, 0, 306600, 2140
317180, 0, 20, 4, 4, 12, 0, 306600, 2140
317180, 0, 20, 4, 4, 12, 0, 306600, 2140
317180, 0, 20, 4, 4, 12, 0, 306600, 2140
317180, 0, 20, 4, 4, 12, 0, 306600, 2140
317180, 0, 20, 4, 4, 12, 0, 306600, 2140
317180, 0, 20, 4, 4, 12, 0, 306600, 2140
317180, 0, 20, 4, 4, 12, 0, 306600, 2140
317180, 0, 20, 4, 4, 12, 0, 306600, 2140
317180, 0, 20, 4, 4, 12, 0, 306600, 2140
317180, 0, 20, 4, 4, 12, 0, 306600, 2140
317180, 0, 20, 4, 4, 12, 0, 306600, 2140
317180, 0, 20, 4, 4, 12, 0, 306600, 2140
317180, 0, 20, 4, 4, 12, 0, 306600, 2140
317180, 0, 20, 4, 4, 12, 0, 306600, 2140
317180, 0, 20, 4, 4, 12, 0, 306600, 2140
317180, 0, 20, 4, 4, 12, 0, 306600, 2140
317180, 0, 20, 4, 4, 12, 0, 306600, 2140
317180, 0, 20, 4, 4, 12, 0, 306600, 2140
317180, 0, 20, 4, 4, 12, 0, 306600, 2140
317180, 0, 16, 4, 4, 12, 0, 306604, 2140
317180, 0, 16, 4, 4, 12, 0, 306604, 2140
317180, 0, 16, 4, 4, 12, 0, 306604, 2140
317180, 0, 16, 4, 4, 12, 0, 306604, 2140
317180, 0, 16, 4, 4, 12, 0, 306604, 2140
317180, 0, 16, 4, 4, 12, 0, 306604, 2140
317180, 0, 16, 4, 4, 12, 0, 306604, 2140
317180, 0, 16, 4, 4, 12, 0, 306604, 2140
317180, 0, 16, 4, 4, 12, 0, 306604, 2140
317180, 0, 16, 4, 4, 12, 0, 306604, 2140
317180, 0, 16, 4, 4, 12, 0, 306604, 2140
317180, 0, 16, 4, 4, 12, 0, 306604, 2140
317180, 0, 16, 4, 4, 12, 0, 306604, 2140
317180, 0, 16, 4, 4, 12, 0, 306604, 2140
317180, 0, 16, 4, 4, 12, 0, 306604, 2140
317180, 0, 16, 4, 4, 12, 0, 306604, 2140
317180, 0, 16, 4, 4, 12, 0, 306604, 2140
317180, 0, 16, 4, 4, 12, 0, 306604, 2140
317180, 0, 16, 4, 4, 12, 0, 306604, 2140
317180, 0, 16, 4, 4, 12, 0, 306604, 2140
317180, 0, 16, 4, 4, 12, 0, 306604, 2140
317180, 0, 16, 4, 4, 12, 0, 306604, 2140
317180, 0, 16, 4, 4, 12, 0, 306604, 2140
317180, 0, 16, 4, 4, 12, 0, 306604, 2140
317180, 0, 16, 4, 4, 12, 0, 306604, 2140
317180, 0, 16, 4, 4, 12, 0, 306604, 2140
317180, 0, 16, 4, 4, 12, 0, 306604, 2140
317180, 0, 16, 4, 4, 12, 0, 306604, 2140
317180, 0, 16, 4, 4, 12, 0, 306604, 2140
317180, 0, 16, 4, 4, 12, 0, 306604, 2140
317180, 0, 16, 4, 4, 12, 0, 306604, 2140
317180, 0, 16, 4, 4, 12, 0, 306604, 2140
317180, 0, 16, 4, 4, 12, 0, 306604, 2140
317180, 0, 16, 4, 4, 12, 0, 306604, 2140
317180, 0, 16, 4, 4, 12, 0, 306604, 2140
317180, 0, 16, 4, 4, 12, 0, 306604, 2140
317180, 0, 16, 4, 4, 12, 0, 306604, 2140
317180, 0, 16, 4, 4, 12, 0, 306604, 2140
317180, 0, 16, 4, 4, 12, 0, 306604, 2140
317180, 0, 16, 4, 4, 12, 0, 306604, 2140
317180, 0, 16, 4, 4, 12, 0, 306604, 2140
317180, 0, 16, 4, 4, 12, 0, 306604, 2140
317180, 0, 16, 4, 4, 12, 0, 306604, 2140
317180, 0, 16, 4, 4, 12, 0, 306604, 2140
317180, 0, 16, 4, 4, 12, 0, 306604, 2140
317180, 0, 16, 4, 4, 12, 0, 306604, 2140
317180, 0, 16, 4, 4, 12, 0, 306604, 2140
317180, 0, 16, 4, 4, 12, 0, 306604, 2140
317180, 0, 16, 4, 4, 12, 0, 306604, 2140
317180, 0, 16, 4, 4, 12, 0, 306604, 2140
317180, 0, 16, 4, 4, 12, 0, 306604, 2140
317180, 0, 16, 4, 4, 12, 0, 306604, 2140
317180, 0, 16, 4, 4, 12, 0, 306604, 2140
317180, 0, 16, 4, 4, 12, 0, 306604, 2140
317180, 0, 16, 4, 4, 12, 0, 306604, 2140
317180, 0, 16, 4, 4, 12, 0, 306604, 2140
317180, 0, 16, 4, 4, 12, 0, 306604, 2140
317180, 0, 16, 4, 4, 12, 0, 306604, 2140
317180, 0, 16, 4, 4, 12, 0, 306604, 2140
317180, 0, 16, 4, 4, 12, 0, 306604, 2140
317180, 0, 16, 4, 4, 12, 0, 306604, 2140
317180, 0, 16, 4, 4, 12, 0, 306604, 2140
317180, 0, 16, 4, 4, 12, 0, 306604, 2140
317180, 0, 16, 4, 4, 12, 0, 306604, 2140
317180, 0, 16, 4, 4, 12, 0, 306604, 2140
317180, 0, 16, 4, 4, 12, 0, 306604, 2140
317180, 0, 16, 4, 4, 12, 0, 306604, 2140
317180, 0, 16, 4, 4, 12, 0, 306604, 2140
317180, 0, 16, 4, 4, 12, 0, 306604, 2140
317180, 0, 16, 4, 4, 12, 0, 306604, 2140
317180, 0, 16, 4, 4, 12, 0, 306604, 2140
317180, 0, 16, 4, 4, 12, 0, 306604, 2140
317180, 0, 16, 4, 4, 12, 0, 306604, 2140
317180, 0, 16, 4, 4, 12, 0, 306604, 2140
317180, 0, 16, 4, 4, 12, 0, 306604, 2140
317180, 0, 16, 4, 4, 12, 0, 306604, 2140
317180, 0, 16, 4, 4, 12, 0, 306604, 2140
317180, 0, 16, 4, 4, 12, 0, 306604, 2140
317180, 0, 16, 4, 4, 12, 0, 306604, 2140
317180, 0, 16, 4, 4, 12, 0, 306604, 2140
317180, 0, 16, 4, 4, 12, 0, 306604, 2140
317180, 0, 16, 4, 4, 12, 0, 306604, 2140
317180, 0, 16, 4, 4, 12, 0, 306604, 2140
317180, 0, 16, 4, 4, 12, 0, 306604, 2140
317180, 0, 16, 4, 4, 12, 0, 306604, 2140
317180, 0, 16, 4, 4, 12, 0, 306604, 2140
317180, 0, 16, 4, 4, 12, 0, 306604, 2140
317180, 0, 16, 4, 4, 12, 0, 306604, 2140
317180, 0, 16, 4, 4, 12, 0, 306604, 2140
317180, 0, 16, 4, 4, 12, 0, 306604, 2140
317180, 0, 16, 4, 4, 12, 0, 306604, 2140
317180, 0, 16, 4, 4, 12, 0, 306604, 2140
317180, 0, 16, 4, 4, 12, 0, 306604, 2140
317180, 0, 16, 4, 4, 12, 0, 306604, 2140
317180, 0, 16, 4, 4, 12, 0, 306604, 2140
317180, 0, 16, 4, 4, 12, 0, 306604, 2140
317180, 0, 16, 4, 4, 12, 0, 306604, 2140
317180, 0, 16, 4, 4, 12, 0, 306604, 2140
317180, 0, 16, 4, 4, 12, 0, 306604, 2140
317180, 0, 16, 4, 4, 12, 0, 306604, 2140
317180, 0, 16, 4, 4, 12, 0, 306604, 2140
317180, 0, 16, 4, 4, 12, 0, 306604, 2140
317180, 0, 16, 4, 4, 12, 0, 306604, 2140
317180, 0, 16, 4, 4, 12, 0, 306604, 2140
317180, 0, 16, 4, 4, 12, 0, 306604, 2140
317180, 0, 16, 4, 4, 12, 0, 306604, 2140
317180, 0, 16, 4, 4, 12, 0, 306604, 2140
317180, 0, 16, 4, 4, 12, 0, 306604, 2140
317180, 0, 16, 4, 4, 12, 0, 306604, 2140
317180, 0, 16, 4, 4, 12, 0, 306604, 2140
317180, 0, 16, 4, 4, 12, 0, 306604, 2140
317180, 0, 16, 4, 4, 12, 0, 306604, 2140
317180, 0, 16, 4, 4, 12, 0, 306604, 2140
317180, 0, 16, 4, 4, 12, 0, 306604, 2140
317180, 0, 16, 4, 4, 12, 0, 306604, 2140
317180, 0, 16, 4, 4, 12, 0, 306604, 2140
317180, 0, 16, 4, 4, 12, 0, 306604, 2140
317180, 0, 16, 4, 4, 12, 0, 306604, 2140
317180, 0, 16, 4, 4, 12, 0, 306604, 2140
317180, 0, 16, 4, 4, 12, 0, 306604, 2140
317180, 0, 16, 4, 4, 12, 0, 306604, 2140
317180, 0, 16, 4, 4, 12, 0, 306604, 2140
317180, 0, 16, 4, 4, 12, 0, 306604, 2140
317180, 0, 16, 4, 4, 12, 0, 306604, 2140
317180, 0, 16, 4, 4, 12, 0, 306604, 2140
317180, 0, 16, 4, 4, 12, 0, 306604, 2140
317180, 0, 16, 4, 4, 12, 0, 306604, 2140
317180, 0, 16, 4, 4, 12, 0, 306604, 2140
317180, 0, 16, 4, 4, 12, 0, 306604, 2140
317180, 0, 16, 4, 4, 12, 0, 306604, 2140
317180, 0, 16, 4, 4, 12, 0, 306604, 2140
317180, 0, 16, 4, 4, 12, 0, 306604, 2140
317180, 0, 16, 4, 4, 12, 0, 306604, 2140
317180, 0, 16, 4, 4, 12, 0, 306604, 2140
317180, 0, 16, 4, 4, 12, 0, 306604, 2140
317180, 0, 16, 4, 4, 12, 0, 306604, 2140
317180, 0, 16, 4, 4, 12, 0, 306604, 2140
317180, 0, 16, 4, 4, 12, 0, 306604, 2140
317180, 0, 16, 4, 4, 12, 0, 306604, 2140
317180, 0, 16, 4, 4, 12, 0, 306604, 2140
317180, 0, 16, 4, 4, 12, 0, 306604, 2140
317180, 0, 16, 4, 4, 12, 0, 306604, 2140
317180, 0, 16, 4, 4, 12, 0, 306604, 2140
317180, 0, 16, 4, 4, 12, 0, 306604, 2140
317180, 0, 16, 4, 4, 12, 0, 306604, 2140
317180, 0, 16, 4, 4, 12, 0, 306604, 2140
317180, 0, 16, 4, 4, 12, 0, 306604, 2140
317180, 0, 16, 4, 4, 12, 0, 306604, 2140
317180, 0, 16, 4, 4, 12, 0, 306604, 2140
317180, 0, 16, 4, 4, 12, 0, 306604, 2140
317180, 0, 16, 4, 4, 12, 0, 306604, 2140
317180, 0, 16, 4, 4, 12, 0, 306604, 2140
317180, 0, 16, 4, 4, 12, 0, 306604, 2140
317180, 0, 16, 4, 4, 12, 0, 306604, 2140
317180, 0, 16, 4, 4, 12, 0, 306604, 2140
317180, 0, 16, 4, 4, 12, 0, 306604, 2140
317180, 0, 16, 4, 4, 12, 0, 306604, 2140
317180, 0, 16, 4, 4, 12, 0, 306604, 2140
317180, 0, 16, 4, 4, 12, 0, 306604, 2140
317180, 0, 16, 4, 4, 12, 0, 306604, 2140
317180, 0, 16, 4, 4, 12, 0, 306604, 2140
317180, 0, 16, 4, 4, 12, 0, 306604, 2140
317180, 0, 16, 4, 4, 12, 0, 306604, 2140
317180, 0, 16, 4, 4, 12, 0, 306604, 2140
317180, 0, 16, 4, 4, 12, 0, 306604, 2140
317180, 0, 16, 4, 4, 12, 0, 306604, 2140
317180, 0, 16, 4, 4, 12, 0, 306604, 2140
317180, 0, 16, 4, 4, 12, 0, 306604, 2140
317180, 0, 16, 4, 4, 12, 0, 306604, 2140
317180, 0, 16, 4, 4, 12, 0, 306604, 2140
317180, 0, 16, 4, 4, 12, 0, 306604, 2140
317180, 0, 16, 4, 4, 12, 0, 306604, 2140
317180, 0, 16, 4, 4, 12, 0, 306604, 2140
317180, 0, 16, 4, 4, 12, 0, 306604, 2140
317180, 0, 16, 4, 4, 12, 0, 306604, 2140
317180, 0, 16, 4, 4, 12, 0, 306604, 2140
317180, 0, 16, 4, 4, 12, 0, 306604, 2140
317180, 0, 16, 4, 4, 12, 0, 306604, 2140
317180, 0, 16, 4, 4, 12, 0, 306604, 2140
317180, 0, 16, 4, 4, 12, 0, 306604, 2140
317180, 0, 16, 4, 4, 12, 0, 306604, 2140
317180, 0, 16, 4, 4, 12, 0, 306604, 2140
317180, 0, 16, 4, 4, 12, 0, 306604, 2140
317180, 0, 16, 4, 4, 12, 0, 306604, 2140
317180, 0, 16, 4, 4, 12, 0, 306604, 2140
317180, 0, 16, 4, 4, 12, 0, 306604, 2140
317180, 0, 16, 4, 4, 12, 0, 306604, 2140
317180, 0, 16, 4, 4, 12, 0, 306604, 2140
317180, 0, 16, 4, 4, 12, 0, 306604, 2140
317180, 0, 16, 4, 4, 12, 0, 306604, 2140
317180, 0, 16, 4, 4, 12, 0, 306604, 2140
317180, 0, 16, 4, 4, 12, 0, 306604, 2140
317180, 0, 16, 4, 4, 12, 0, 306604, 2140
317180, 0, 16, 4, 4, 12, 0, 306604, 2140
317180, 0, 16, 4, 4, 12, 0, 306604, 2140
317180, 0, 16, 4, 4, 12, 0, 306604, 2140
317180, 0, 16, 4, 4, 12, 0, 306604, 2140
317180, 0, 16, 4, 4, 12, 0, 306604, 2140
317180, 0, 16, 4, 4, 12, 0, 306604, 2140
317180, 0, 16, 4, 4, 12, 0, 306604, 2140
317180, 0, 16, 4, 4, 12, 0, 306604, 2140
317180, 0, 16, 4, 4, 12, 0, 306604, 2140
317180, 0, 12, 4, 4, 12, 0, 306608, 2140
317180, 0, 12, 4, 4, 12, 0, 306608, 2140
317180, 0, 12, 4, 4, 12, 0, 306608, 2140
317180, 0, 12, 4, 4, 12, 0, 306608, 2140
317180, 0, 12, 4, 4, 12, 0, 306608, 2140
317180, 0, 12, 4, 4, 12, 0, 306608, 2140
317180, 0, 12, 4, 4, 12, 0, 306608, 2140
317180, 0, 12, 4, 4, 12, 0, 306608, 2140
317180, 0, 12, 4, 4, 12, 0, 306608, 2140
317180, 0, 12, 4, 4, 12, 0, 306608, 2140
317180, 0, 12, 4, 4, 12, 0, 306608, 2140
317180, 0, 12, 4, 4, 12, 0, 306608, 2140
317180, 0, 12, 4, 4, 12, 0, 306608, 2140
317180, 0, 12, 4, 4, 12, 0, 306608, 2140
317180, 0, 12, 4, 4, 12, 0, 306608, 2140
317180, 0, 12, 4, 4, 12, 0, 306608, 2140
317180, 0, 12, 4, 4, 12, 0, 306608, 2140
317180, 0, 12, 4, 4, 12, 0, 306608, 2140
317180, 0, 12, 4, 4, 12, 0, 306608, 2140
317180, 0, 12, 4, 4, 12, 0, 306608, 2140
317180, 0, 12, 4, 4, 12, 0, 306608, 2140
317180, 0, 12, 4, 4, 12, 0, 306608, 2140
317180, 0, 12, 4, 4, 12, 0, 306608, 2140
317180, 0, 12, 4, 4, 12, 0, 306608, 2140
317180, 0, 12, 4, 4, 12, 0, 306608, 2140
317180, 0, 12, 4, 4, 12, 0, 306608, 2140
317180, 0, 12, 4, 4, 12, 0, 306608, 2140
317180, 0, 12, 4, 4, 12, 0, 306608, 2140
317180, 0, 12, 4, 4, 12, 0, 306608, 2140
317180, 0, 12, 4, 4, 12, 0, 306608, 2140
317180, 0, 12, 4, 4, 12, 0, 306608, 2140
317180, 0, 12, 4, 4, 12, 0, 306608, 2140
317180, 0, 12, 4, 4, 12, 0, 306608, 2140
317180, 0, 12, 4, 4, 12, 0, 306608, 2140
317180, 0, 12, 4, 4, 12, 0, 306608, 2140
317180, 0, 12, 4, 4, 12, 0, 306608, 2140
317180, 0, 12, 4, 4, 12, 0, 306608, 2140
317180, 0, 12, 4, 4, 12, 0, 306608, 2140
317180, 0, 12, 4, 4, 8, 0, 306612, 2140
317180, 0, 12, 4, 4, 8, 0, 306612, 2140
317180, 0, 12, 4, 4, 8, 0, 306612, 2140
317180, 0, 12, 4, 4, 8, 0, 306612, 2140
317180, 0, 12, 4, 4, 8, 0, 306612, 2140
317180, 0, 12, 4, 4, 8, 0, 306612, 2140
317180, 0, 12, 4, 4, 8, 0, 306612, 2140
317180, 0, 12, 4, 4, 8, 0, 306612, 2140
317180, 0, 12, 4, 4, 8, 0, 306612, 2140
317180, 0, 12, 4, 4, 8, 0, 306612, 2140
317180, 0, 12, 4, 4, 8, 0, 306612, 2140
317180, 0, 12, 4, 4, 8, 0, 306612, 2140
317180, 0, 12, 4, 4, 8, 0, 306612, 2140
317180, 0, 12, 4, 4, 8, 0, 306612, 2140
317180, 0, 12, 4, 4, 8, 0, 306612, 2140
317180, 0, 12, 4, 4, 8, 0, 306612, 2140
317180, 0, 12, 4, 4, 8, 0, 306612, 2140
317180, 0, 12, 4, 4, 8, 0, 306612, 2140
317180, 0, 12, 4, 4, 8, 0, 306612, 2140
317180, 0, 12, 4, 4, 8, 0, 306612, 2140
317180, 0, 12, 4, 4, 8, 0, 306612, 2140
317180, 0, 12, 4, 4, 8, 0, 306612, 2140
317180, 0, 12, 4, 4, 8, 0, 306612, 2140
317180, 0, 12, 4, 4, 8, 0, 306612, 2140
317180, 0, 12, 4, 4, 8, 0, 306612, 2140
317180, 0, 12, 4, 4, 8, 0, 306612, 2140
317180, 0, 12, 4, 4, 8, 0, 306612, 2140
317180, 0, 12, 4, 4, 8, 0, 306612, 2140
317180, 0, 12, 4, 4, 8, 0, 306612, 2140
317180, 0, 12, 4, 4, 8, 0, 306612, 2140
317180, 0, 12, 4, 4, 8, 0, 306612, 2140
317180, 0, 12, 4, 4, 8, 0, 306612, 2140
317180, 0, 12, 4, 4, 8, 0, 306612, 2140
317180, 0, 12, 4, 4, 8, 0, 306612, 2140
317180, 0, 12, 4, 4, 8, 0, 306612, 2140
317180, 0, 12, 4, 4, 8, 0, 306612, 2140
317180, 0, 12, 4, 4, 8, 0, 306612, 2140
317180, 0, 12, 4, 4, 8, 0, 306612, 2140
317180, 0, 12, 4, 4, 8, 0, 306612, 2140
317180, 0, 12, 4, 4, 8, 0, 306612, 2140
317180, 0, 12, 4, 4, 8, 0, 306612, 2140
317180, 0, 12, 4, 4, 8, 0, 306612, 2140
317180, 0, 12, 4, 4, 8, 0, 306612, 2140
317180, 0, 12, 4, 4, 8, 0, 306612, 2140
317180, 0, 12, 4, 4, 8, 0, 306612, 2140
317180, 0, 12, 4, 4, 8, 0, 306612, 2140
317180, 0, 12, 4, 4, 8, 0, 306612, 2140
317180, 0, 12, 4, 4, 8, 0, 306612, 2140
317180, 0, 12, 4, 4, 8, 0, 306612, 2140
317180, 0, 12, 4, 4, 8, 0, 306612, 2140
317180, 0, 12, 4, 4, 8, 0, 306612, 2140
317180, 0, 12, 4, 4, 8, 0, 306612, 2140
317180, 0, 12, 4, 4, 8, 0, 306612, 2140
317180, 0, 12, 4, 4, 8, 0, 306612, 2140
317180, 0, 12, 4, 4, 8, 0, 306612, 2140
317180, 0, 12, 4, 4, 8, 0, 306612, 2140
317180, 0, 12, 4, 4, 8, 0, 306612, 2140
317180, 0, 12, 4, 4, 8, 0, 306612, 2140
317180, 0, 12, 0, 8, 8, 0, 306612, 2140
317180, 0, 12, 0, 8, 8, 0, 306612, 2140
317180, 0, 12, 0, 8, 8, 0, 306612, 2140
317180, 0, 12, 0, 8, 8, 0, 306612, 2140
317180, 0, 12, 0, 8, 8, 0, 306612, 2140
317180, 0, 12, 0, 8, 8, 0, 306612, 2140
317180, 0, 12, 0, 8, 8, 0, 306612, 2140
317180, 0, 12, 0, 8, 8, 0, 306612, 2140
317180, 0, 12, 0, 8, 8, 0, 306612, 2140
317180, 0, 12, 0, 8, 8, 0, 306612, 2140
317180, 0, 12, 0, 8, 8, 0, 306612, 2140
317180, 0, 12, 0, 8, 8, 0, 306612, 2140
317180, 0, 12, 0, 8, 8, 0, 306612, 2140
317180, 0, 12, 0, 8, 8, 0, 306612, 2140
317180, 0, 12, 0, 8, 8, 0, 306612, 2140
317180, 0, 12, 0, 8, 8, 0, 306612, 2140
317180, 0, 12, 0, 8, 8, 0, 306612, 2140
317180, 0, 12, 0, 8, 8, 0, 306612, 2140
317180, 0, 12, 0, 8, 8, 0, 306612, 2140
317180, 0, 12, 0, 8, 8, 0, 306612, 2140
317180, 0, 12, 0, 8, 8, 0, 306612, 2140
317180, 0, 12, 0, 8, 8, 0, 306612, 2140
317180, 0, 12, 0, 8, 8, 0, 306612, 2140
317180, 0, 12, 0, 8, 8, 0, 306612, 2140
317180, 0, 12, 0, 8, 8, 0, 306612, 2140
317180, 0, 12, 0, 8, 8, 0, 306612, 2140
317180, 0, 12, 0, 8, 8, 0, 306612, 2140
317180, 0, 12, 0, 8, 8, 0, 306612, 2140
317180, 0, 12, 0, 8, 8, 0, 306612, 2140
317180, 0, 12, 0, 8, 8, 0, 306612, 2140
317180, 0, 12, 0, 8, 8, 0, 306612, 2140
317180, 0, 12, 0, 8, 8, 0, 306612, 2140
317180, 0, 12, 0, 8, 8, 0, 306612, 2140
317180, 0, 12, 0, 8, 8, 0, 306612, 2140
317180, 0, 12, 0, 8, 8, 0, 306612, 2140
317180, 0, 12, 0, 8, 8, 0, 306612, 2140
317180, 0, 12, 0, 8, 8, 0, 306612, 2140
317180, 0, 12, 0, 8, 8, 0, 306612, 2140
317180, 0, 12, 0, 8, 8, 0, 306612, 2140
317180, 0, 12, 0, 8, 8, 0, 306612, 2140
317180, 0, 12, 0, 8, 8, 0, 306612, 2140
317180, 0, 12, 0, 8, 8, 0, 306612, 2140
317180, 0, 12, 0, 8, 8, 0, 306612, 2140
317180, 0, 12, 0, 8, 8, 0, 306612, 2140
317180, 0, 12, 0, 8, 8, 0, 306612, 2140
317180, 0, 12, 0, 8, 8, 0, 306612, 2140
317180, 0, 12, 0, 8, 8, 0, 306612, 2140
317180, 0, 12, 0, 8, 8, 0, 306612, 2140
317180, 0, 12, 0, 8, 8, 0, 306612, 2140
317180, 0, 12, 0, 8, 8, 0, 306612, 2140
317180, 0, 12, 0, 8, 8, 0, 306612, 2140
317180, 0, 12, 0, 8, 8, 0, 306612, 2140
317180, 0, 12, 0, 8, 8, 0, 306612, 2140
317180, 0, 12, 0, 8, 8, 0, 306612, 2140
317180, 0, 12, 0, 8, 8, 0, 306612, 2140
317180, 0, 12, 0, 8, 8, 0, 306612, 2140
317180, 0, 12, 0, 8, 8, 0, 306612, 2140
317180, 0, 12, 0, 8, 8, 0, 306612, 2140
317180, 0, 12, 0, 8, 8, 0, 306612, 2140
317180, 0, 12, 0, 8, 8, 0, 306612, 2140
317180, 0, 12, 0, 8, 8, 0, 306612, 2140
317180, 0, 12, 0, 8, 8, 0, 306612, 2140
317180, 0, 12, 0, 8, 8, 0, 306612, 2140
317180, 0, 12, 0, 8, 8, 0, 306612, 2140
317180, 0, 12, 0, 8, 8, 0, 306612, 2140
317180, 0, 12, 0, 8, 8, 0, 306612, 2140
317180, 0, 12, 0, 8, 8, 0, 306612, 2140
317180, 0, 12, 0, 8, 8, 0, 306612, 2140
317180, 0, 12, 0, 8, 8, 0, 306612, 2140
317180, 0, 12, 0, 8, 8, 0, 306612, 2140
317180, 0, 12, 0, 8, 8, 0, 306612, 2140
317180, 0, 12, 0, 8, 8, 0, 306612, 2140
317180, 0, 12, 0, 8, 8, 0, 306612, 2140
317180, 0, 12, 0, 8, 8, 0, 306612, 2140
317180, 0, 12, 0, 8, 8, 0, 306612, 2140
317180, 0, 12, 0, 8, 8, 0, 306612, 2140
317180, 0, 12, 0, 8, 8, 0, 306612, 2140
317180, 0, 12, 0, 8, 8, 0, 306612, 2140
317180, 0, 12, 0, 8, 8, 0, 306612, 2140
317180, 0, 12, 0, 8, 8, 0, 306612, 2140
317180, 0, 12, 0, 8, 8, 0, 306612, 2140
317180, 0, 12, 0, 8, 8, 0, 306612, 2140
317180, 0, 12, 0, 8, 8, 0, 306612, 2140
317180, 0, 12, 0, 8, 8, 0, 306612, 2140
317180, 0, 12, 0, 8, 8, 0, 306612, 2140
317180, 0, 12, 0, 8, 8, 0, 306612, 2140
317180, 0, 12, 0, 8, 8, 0, 306612, 2140
317180, 0, 12, 0, 8, 8, 0, 306612, 2140
317180, 0, 12, 0, 8, 8, 0, 306612, 2140
317180, 0, 12, 0, 8, 8, 0, 306612, 2140
317180, 0, 12, 0, 8, 8, 0, 306612, 2140
317180, 0, 12, 0, 8, 8, 0, 306612, 2140
317180, 0, 12, 0, 8, 8, 0, 306612, 2140
317180, 0, 12, 0, 8, 8, 0, 306612, 2140
317180, 0, 12, 0, 8, 8, 0, 306612, 2140
317180, 0, 12, 0, 8, 8, 0, 306612, 2140
317180, 0, 12, 0, 8, 8, 0, 306612, 2140
317180, 0, 12, 0, 8, 8, 0, 306612, 2140
317180, 0, 12, 0, 8, 8, 0, 306612, 2140
317180, 0, 12, 0, 8, 8, 0, 306612, 2140
317180, 0, 12, 0, 8, 8, 0, 306612, 2140
317180, 0, 12, 0, 8, 8, 0, 306612, 2140
317180, 0, 12, 0, 4, 8, 0, 306616, 2140
317180, 0, 12, 0, 4, 8, 0, 306616, 2140
317180, 0, 12, 0, 4, 8, 0, 306616, 2140
317180, 0, 12, 0, 4, 8, 0, 306616, 2140
317180, 0, 12, 0, 4, 8, 0, 306616, 2140
317180, 0, 12, 0, 4, 8, 0, 306616, 2140
317180, 0, 12, 0, 4, 8, 0, 306616, 2140
317180, 0, 12, 0, 4, 8, 0, 306616, 2140
317180, 0, 12, 0, 4, 8, 0, 306616, 2140
317180, 0, 12, 0, 4, 8, 0, 306616, 2140
317180, 0, 12, 0, 4, 8, 0, 306616, 2140
317180, 0, 12, 0, 4, 8, 0, 306616, 2140
317180, 0, 12, 0, 4, 8, 0, 306616, 2140
317180, 0, 12, 0, 4, 8, 0, 306616, 2140
317180, 0, 12, 0, 4, 8, 0, 306616, 2140
317180, 0, 12, 0, 4, 8, 0, 306616, 2140
317180, 0, 12, 0, 4, 8, 0, 306616, 2140
317180, 0, 12, 0, 4, 8, 0, 306616, 2140
317180, 0, 12, 0, 4, 8, 0, 306616, 2140
317180, 0, 12, 0, 4, 8, 0, 306616, 2140
317180, 0, 12, 0, 4, 8, 0, 306616, 2140
317180, 0, 12, 0, 4, 8, 0, 306616, 2140
317180, 0, 12, 0, 4, 8, 0, 306616, 2140
317180, 0, 12, 0, 4, 8, 0, 306616, 2140
317180, 0, 12, 0, 4, 8, 0, 306616, 2140
317180, 0, 12, 0, 4, 8, 0, 306616, 2140
317180, 0, 12, 0, 4, 8, 0, 306616, 2140
317180, 0, 12, 0, 4, 8, 0, 306616, 2140
317180, 0, 12, 0, 4, 8, 0, 306616, 2140
317180, 0, 12, 0, 4, 8, 0, 306616, 2140
317180, 0, 12, 0, 4, 8, 0, 306616, 2140
317180, 0, 12, 0, 4, 8, 0, 306616, 2140
317180, 0, 12, 0, 4, 8, 0, 306616, 2140
317180, 0, 12, 0, 4, 8, 0, 306616, 2140
317180, 0, 12, 0, 4, 8, 0, 306616, 2140
317180, 0, 12, 0, 4, 8, 0, 306616, 2140
317180, 0, 12, 0, 4, 8, 0, 306616, 2140
317180, 0, 12, 0, 4, 8, 0, 306616, 2140
317180, 0, 12, 0, 4, 8, 0, 306616, 2140
317180, 0, 12, 0, 4, 8, 0, 306616, 2140
317180, 0, 12, 0, 4, 8, 0, 306616, 2140
317180, 0, 12, 0, 4, 8, 0, 306616, 2140
317180, 0, 12, 0, 4, 8, 0, 306616, 2140
317180, 0, 12, 0, 4, 8, 0, 306616, 2140
317180, 0, 12, 0, 4, 8, 0, 306616, 2140
317180, 0, 12, 0, 4, 8, 0, 306616, 2140
317180, 0, 12, 0, 4, 8, 0, 306616, 2140
317180, 0, 12, 0, 4, 8, 0, 306616, 2140
317180, 0, 12, 0, 4, 8, 0, 306616, 2140
317180, 0, 12, 0, 4, 8, 0, 306616, 2140
317180, 0, 12, 0, 4, 8, 0, 306616, 2140
317180, 0, 12, 0, 4, 8, 0, 306616, 2140
317180, 0, 12, 0, 4, 8, 0, 306616, 2140
317180, 0, 12, 0, 4, 8, 0, 306616, 2140
317180, 0, 12, 0, 4, 8, 0, 306616, 2140
317180, 0, 12, 0, 4, 8, 0, 306616, 2140
317180, 0, 12, 0, 4, 8, 0, 306616, 2140
317180, 0, 12, 0, 4, 8, 0, 306616, 2140
317180, 0, 12, 0, 4, 8, 0, 306616, 2140
317180, 0, 12, 0, 4, 8, 0, 306616, 2140
317180, 0, 12, 0, 4, 8, 0, 306616, 2140
317180, 0, 12, 0, 4, 8, 0, 306616, 2140
317180, 0, 12, 0, 4, 8, 0, 306616, 2140
317180, 0, 12, 0, 4, 8, 0, 306616, 2140
317180, 0, 12, 0, 4, 8, 0, 306616, 2140
317180, 0, 12, 0, 4, 8, 0, 306616, 2140
317180, 0, 12, 0, 4, 8, 0, 306616, 2140
317180, 0, 12, 0, 4, 8, 0, 306616, 2140
317180, 0, 12, 0, 4, 8, 0, 306616, 2140
317180, 0, 12, 0, 4, 8, 0, 306616, 2140
317180, 0, 12, 0, 4, 8, 0, 306616, 2140
317180, 0, 12, 0, 4, 8, 0, 306616, 2140
317180, 0, 12, 0, 4, 8, 0, 306616, 2140
317180, 0, 12, 0, 4, 8, 0, 306616, 2140
317180, 0, 12, 0, 4, 8, 0, 306616, 2140
317180, 0, 12, 0, 4, 8, 0, 306616, 2140
317180, 0, 12, 0, 4, 8, 0, 306616, 2140
317180, 0, 12, 0, 4, 8, 0, 306616, 2140
317180, 0, 12, 0, 4, 8, 0, 306616, 2140
317180, 0, 12, 0, 4, 8, 0, 306616, 2140
317180, 0, 12, 0, 4, 8, 0, 306616, 2140
317180, 0, 12, 0, 4, 8, 0, 306616, 2140
317180, 0, 12, 0, 4, 8, 0, 306616, 2140
317180, 0, 12, 0, 4, 8, 0, 306616, 2140
317180, 0, 12, 0, 4, 8, 0, 306616, 2140
317180, 0, 12, 0, 4, 8, 0, 306616, 2140
317180, 0, 12, 0, 4, 8, 0, 306616, 2140
317180, 0, 12, 0, 4, 8, 0, 306616, 2140
317180, 0, 12, 0, 4, 8, 0, 306616, 2140
317180, 0, 12, 0, 4, 8, 0, 306616, 2140
317180, 0, 12, 0, 4, 8, 0, 306616, 2140
317180, 0, 12, 0, 4, 8, 0, 306616, 2140
317180, 0, 12, 0, 4, 8, 0, 306616, 2140
317180, 0, 12, 0, 4, 8, 0, 306616, 2140
317180, 0, 12, 0, 4, 8, 0, 306616, 2140
317180, 0, 12, 0, 4, 8, 0, 306616, 2140
317180, 0, 12, 0, 4, 8, 0, 306616, 2140
317180, 0, 12, 0, 4, 8, 0, 306616, 2140
317180, 0, 12, 0, 4, 8, 0, 306616, 2140
317180, 0, 12, 0, 4, 8, 0, 306616, 2140
317180, 0, 12, 0, 4, 8, 0, 306616, 2140
317180, 0, 12, 0, 4, 8, 0, 306616, 2140
317180, 0, 12, 0, 4, 8, 0, 306616, 2140
317180, 0, 12, 0, 4, 8, 0, 306616, 2140
317180, 0, 12, 0, 4, 8, 0, 306616, 2140
317180, 0, 12, 0, 4, 8, 0, 306616, 2140
317180, 0, 12, 0, 4, 8, 0, 306616, 2140
317180, 0, 12, 0, 4, 8, 0, 306616, 2140
317180, 0, 12, 0, 4, 8, 0, 306616, 2140
317180, 0, 12, 0, 4, 8, 0, 306616, 2140
317180, 0, 12, 0, 4, 8, 0, 306616, 2140
317180, 0, 12, 0, 4, 8, 0, 306616, 2140
317180, 0, 12, 0, 4, 8, 0, 306616, 2140
317180, 0, 12, 0, 4, 8, 0, 306616, 2140
317180, 0, 12, 0, 4, 8, 0, 306616, 2140
317180, 0, 12, 0, 4, 8, 0, 306616, 2140
317180, 0, 12, 0, 4, 8, 0, 306616, 2140
317180, 0, 12, 0, 4, 8, 0, 306616, 2140
317180, 0, 12, 0, 4, 8, 0, 306616, 2140
317180, 0, 12, 0, 4, 8, 0, 306616, 2140
317180, 0, 12, 0, 4, 8, 0, 306616, 2140
317180, 0, 12, 0, 4, 8, 0, 306616, 2140
317180, 0, 12, 0, 4, 8, 0, 306616, 2140
317180, 0, 12, 0, 4, 8, 0, 306616, 2140
317180, 0, 12, 0, 4, 8, 0, 306616, 2140
317180, 0, 12, 0, 4, 8, 0, 306616, 2140
317180, 0, 12, 0, 4, 8, 0, 306616, 2140
317180, 0, 12, 0, 4, 8, 0, 306616, 2140
317180, 0, 12, 0, 4, 8, 0, 306616, 2140
317180, 0, 12, 0, 4, 8, 0, 306616, 2140
317180, 0, 12, 0, 4, 8, 0, 306616, 2140
317180, 0, 12, 0, 4, 8, 0, 306616, 2140
317180, 0, 12, 0, 4, 8, 0, 306616, 2140
317180, 0, 12, 0, 4, 8, 0, 306616, 2140
317180, 0, 12, 0, 4, 8, 0, 306616, 2140
317180, 0, 12, 0, 4, 8, 0, 306616, 2140
317180, 0, 12, 0, 4, 8, 0, 306616, 2140
317180, 0, 12, 0, 4, 8, 0, 306616, 2140
317180, 0, 12, 0, 4, 8, 0, 306616, 2140
317180, 0, 12, 0, 4, 8, 0, 306616, 2140
317180, 0, 12, 0, 4, 8, 0, 306616, 2140
317180, 0, 12, 0, 4, 8, 0, 306616, 2140
317176, 4, 12, 0, 4, 8, 0, 306616, 2140
317176, 4, 12, 0, 4, 8, 0, 306616, 2140
317176, 4, 12, 0, 4, 8, 0, 306616, 2140
317176, 4, 12, 0, 4, 8, 0, 306616, 2140
317176, 4, 12, 0, 4, 8, 0, 306616, 2140
317176, 4, 12, 0, 4, 8, 0, 306616, 2140
317176, 4, 12, 0, 4, 8, 0, 306616, 2140
317176, 4, 12, 0, 4, 8, 0, 306616, 2140
317176, 4, 12, 0, 4, 8, 0, 306616, 2140
317176, 4, 12, 0, 4, 8, 0, 306616, 2140
317176, 4, 12, 0, 4, 8, 0, 306616, 2140
317176, 4, 12, 0, 4, 8, 0, 306616, 2140
317176, 4, 12, 0, 4, 8, 0, 306616, 2140
317176, 4, 12, 0, 4, 8, 0, 306616, 2140
317176, 4, 12, 0, 4, 8, 0, 306616, 2140
317176, 4, 12, 0, 4, 8, 0, 306616, 2140
317176, 4, 12, 0, 4, 8, 0, 306616, 2140
317176, 4, 12, 0, 4, 8, 0, 306616, 2140
317176, 4, 12, 0, 4, 8, 0, 306616, 2140
317176, 4, 12, 0, 4, 8, 0, 306616, 2140
317176, 4, 12, 0, 4, 8, 0, 306616, 2140
317176, 4, 12, 0, 4, 8, 0, 306616, 2140
317176, 4, 12, 0, 4, 8, 0, 306616, 2140
317176, 4, 12, 0, 4, 8, 0, 306616, 2140
317176, 4, 12, 0, 4, 8, 0, 306616, 2140
317176, 4, 12, 0, 4, 8, 0, 306616, 2140
317176, 4, 12, 0, 4, 8, 0, 306616, 2140
317176, 4, 12, 0, 4, 8, 0, 306616, 2140
317176, 4, 12, 0, 4, 8, 0, 306616, 2140
317176, 4, 12, 0, 4, 8, 0, 306616, 2140
317176, 4, 12, 0, 4, 8, 0, 306616, 2140
317176, 4, 12, 0, 4, 8, 0, 306616, 2140
317176, 4, 12, 0, 4, 8, 0, 306616, 2140
317176, 4, 12, 0, 4, 8, 0, 306616, 2140
317176, 4, 12, 0, 4, 8, 0, 306616, 2140
317176, 4, 12, 0, 4, 8, 0, 306616, 2140
317176, 4, 12, 0, 4, 8, 0, 306616, 2140
317176, 4, 12, 0, 4, 8, 0, 306616, 2140
317176, 4, 12, 0, 4, 8, 0, 306616, 2140
317176, 4, 12, 0, 4, 8, 0, 306616, 2140
317176, 4, 12, 0, 4, 8, 0, 306616, 2140
317176, 4, 12, 0, 4, 8, 0, 306616, 2140
317176, 4, 12, 0, 4, 8, 0, 306616, 2140
317176, 4, 12, 0, 4, 8, 0, 306616, 2140
317176, 4, 12, 0, 4, 8, 0, 306616, 2140
317176, 4, 12, 0, 4, 8, 0, 306616, 2140
317176, 4, 12, 0, 4, 8, 0, 306616, 2140
317176, 4, 12, 0, 4, 8, 0, 306616, 2140
317176, 4, 12, 0, 4, 8, 0, 306616, 2140
317176, 4, 12, 0, 4, 8, 0, 306616, 2140
317176, 4, 12, 0, 4, 8, 0, 306616, 2140
317176, 4, 12, 0, 4, 8, 0, 306616, 2140
317176, 4, 12, 0, 4, 8, 0, 306616, 2140
317176, 4, 12, 0, 4, 8, 0, 306616, 2140
317176, 4, 12, 0, 4, 8, 0, 306616, 2140
317176, 4, 12, 0, 4, 8, 0, 306616, 2140
317176, 4, 12, 0, 4, 8, 0, 306616, 2140
317176, 4, 12, 0, 4, 8, 0, 306616, 2140
317176, 4, 12, 0, 4, 8, 0, 306616, 2140
317176, 4, 12, 0, 4, 8, 0, 306616, 2140
317176, 4, 12, 0, 4, 8, 0, 306616, 2140
317176, 4, 12, 0, 4, 8, 0, 306616, 2140
317176, 4, 12, 0, 4, 8, 0, 306616, 2140
317176, 4, 12, 0, 4, 8, 0, 306616, 2140
317176, 4, 12, 0, 4, 8, 0, 306616, 2140
317176, 4, 12, 0, 4, 8, 0, 306616, 2140
317176, 4, 12, 0, 4, 8, 0, 306616, 2140
317176, 4, 12, 0, 4, 8, 0, 306616, 2140
317176, 4, 12, 0, 4, 8, 0, 306616, 2140
317176, 4, 12, 0, 4, 8, 0, 306616, 2140
317176, 4, 12, 0, 4, 8, 0, 306616, 2140
317176, 4, 12, 0, 4, 8, 0, 306616, 2140
317176, 4, 12, 0, 4, 8, 0, 306616, 2140
317176, 4, 12, 0, 4, 8, 0, 306616, 2140
317176, 4, 12, 0, 4, 8, 0, 306616, 2140
317176, 4, 12, 0, 4, 8, 0, 306616, 2140
317176, 4, 12, 0, 4, 8, 0, 306616, 2140
317176, 4, 12, 0, 4, 8, 0, 306616, 2140
317176, 4, 12, 0, 4, 8, 0, 306616, 2140
317176, 4, 12, 0, 4, 8, 0, 306616, 2140
317176, 4, 12, 0, 4, 8, 0, 306616, 2140
317176, 4, 12, 0, 4, 8, 0, 306616, 2140
317176, 4, 12, 0, 4, 8, 0, 306616, 2140
317176, 4, 12, 0, 4, 8, 0, 306616, 2140
317176, 4, 12, 0, 4, 8, 0, 306616, 2140
317176, 4, 12, 0, 4, 8, 0, 306616, 2140
317176, 4, 12, 0, 4, 8, 0, 306616, 2140
317176, 4, 12, 0, 4, 8, 0, 306616, 2140
317176, 4, 12, 0, 4, 8, 0, 306616, 2140
317176, 4, 12, 0, 4, 8, 0, 306616, 2140
317176, 4, 12, 0, 4, 8, 0, 306616, 2140
317176, 4, 12, 0, 4, 8, 0, 306616, 2140
317176, 4, 12, 0, 4, 8, 0, 306616, 2140
317176, 4, 12, 0, 4, 8, 0, 306616, 2140
317176, 4, 12, 0, 4, 8, 0, 306616, 2140
317176, 4, 12, 0, 4, 8, 0, 306616, 2140
317176, 4, 12, 0, 4, 8, 0, 306616, 2140
317176, 4, 12, 0, 4, 8, 0, 306616, 2140
317176, 4, 12, 0, 4, 8, 0, 306616, 2140
317176, 4, 12, 0, 4, 8, 0, 306616, 2140
317176, 4, 12, 0, 4, 8, 0, 306616, 2140
317176, 4, 12, 0, 4, 8, 0, 306616, 2140
317176, 4, 12, 0, 4, 8, 0, 306616, 2140
317176, 4, 12, 0, 4, 8, 0, 306616, 2140
317176, 4, 12, 0, 4, 8, 0, 306616, 2140
317176, 4, 12, 0, 4, 8, 0, 306616, 2140
317176, 4, 12, 0, 4, 8, 0, 306616, 2140
317176, 4, 12, 0, 4, 8, 0, 306616, 2140
317176, 4, 12, 0, 4, 8, 0, 306616, 2140
317176, 4, 12, 0, 4, 8, 0, 306616, 2140
317176, 4, 12, 0, 4, 8, 0, 306616, 2140
317176, 4, 12, 0, 4, 8, 0, 306616, 2140
317176, 4, 12, 0, 4, 8, 0, 306616, 2140
317176, 4, 12, 0, 4, 8, 0, 306616, 2140
317176, 4, 12, 0, 4, 8, 0, 306616, 2140
317176, 4, 12, 0, 4, 8, 0, 306616, 2140
317176, 4, 12, 0, 4, 8, 0, 306616, 2140
317176, 4, 12, 0, 4, 8, 0, 306616, 2140
317176, 4, 12, 0, 4, 8, 0, 306616, 2140
317176, 4, 12, 0, 4, 8, 0, 306616, 2140
317176, 4, 12, 0, 4, 8, 0, 306616, 2140
317176, 4, 12, 0, 4, 8, 0, 306616, 2140
317176, 4, 12, 0, 4, 8, 0, 306616, 2140
317176, 4, 12, 0, 4, 8, 0, 306616, 2140
317176, 4, 12, 0, 4, 8, 0, 306616, 2140
317176, 4, 12, 0, 4, 8, 0, 306616, 2140
317176, 4, 12, 0, 4, 8, 0, 306616, 2140
317176, 4, 12, 0, 4, 8, 0, 306616, 2140
317176, 4, 12, 0, 4, 8, 0, 306616, 2140
317176, 4, 12, 0, 4, 8, 0, 306616, 2140
317176, 4, 12, 0, 4, 8, 0, 306616, 2140
317176, 4, 12, 0, 4, 8, 0, 306616, 2140
317176, 4, 12, 0, 4, 8, 0, 306616, 2140
317176, 4, 12, 0, 4, 8, 0, 306616, 2140
317176, 4, 12, 0, 4, 8, 0, 306616, 2140
317176, 4, 12, 0, 4, 8, 0, 306616, 2140
317176, 4, 12, 0, 4, 8, 0, 306616, 2140
317176, 4, 12, 0, 4, 8, 0, 306616, 2140
317176, 4, 12, 0, 4, 8, 0, 306616, 2140
317176, 4, 12, 0, 4, 8, 0, 306616, 2140
317176, 4, 12, 0, 4, 8, 0, 306616, 2140
317176, 4, 12, 0, 4, 8, 0, 306616, 2140
317176, 4, 12, 0, 4, 8, 0, 306616, 2140
317176, 4, 12, 0, 4, 8, 0, 306616, 2140
317176, 4, 12, 0, 4, 8, 0, 306616, 2140
317176, 4, 12, 0, 4, 8, 0, 306616, 2140
317176, 4, 12, 0, 4, 8, 0, 306616, 2140
317176, 4, 12, 0, 4, 8, 0, 306616, 2140
317176, 4, 12, 0, 4, 8, 0, 306616, 2140
317176, 4, 12, 0, 4, 8, 0, 306616, 2140
317176, 4, 12, 0, 4, 8, 0, 306616, 2140
317176, 4, 12, 0, 4, 8, 0, 306616, 2140
317176, 4, 12, 0, 4, 8, 0, 306616, 2140
317176, 4, 12, 0, 4, 8, 0, 306616, 2140
317176, 4, 12, 0, 4, 8, 0, 306616, 2140
317176, 4, 12, 0, 4, 8, 0, 306616, 2140
317176, 4, 12, 0, 4, 8, 0, 306616, 2140
317176, 4, 12, 0, 4, 8, 0, 306616, 2140
317176, 4, 12, 0, 4, 8, 0, 306616, 2140
317176, 4, 12, 0, 4, 8, 0, 306616, 2140
317176, 4, 12, 0, 4, 8, 0, 306616, 2140
317176, 4, 12, 0, 4, 8, 0, 306616, 2140
317176, 4, 12, 0, 4, 8, 0, 306616, 2140
317176, 4, 12, 0, 4, 8, 0, 306616, 2140
317176, 4, 12, 0, 4, 8, 0, 306616, 2140
317176, 4, 12, 0, 4, 8, 0, 306616, 2140
317176, 4, 12, 0, 4, 8, 0, 306616, 2140
317176, 4, 12, 0, 4, 8, 0, 306616, 2140
317176, 4, 12, 0, 4, 8, 0, 306616, 2140
317176, 4, 12, 0, 4, 8, 0, 306616, 2140
317176, 4, 12, 0, 4, 8, 0, 306616, 2140
317176, 4, 12, 0, 4, 8, 0, 306616, 2140
317176, 4, 12, 0, 4, 8, 0, 306616, 2140
317176, 4, 12, 0, 4, 8, 0, 306616, 2140
317176, 4, 12, 0, 4, 8, 0, 306616, 2140
317176, 4, 12, 0, 4, 8, 0, 306616, 2140
317176, 4, 12, 0, 4, 8, 0, 306616, 2140
317176, 4, 12, 0, 4, 8, 0, 306616, 2140
317176, 4, 12, 0, 4, 8, 0, 306616, 2140
317176, 4, 12, 0, 4, 8, 0, 306616, 2140
317176, 4, 12, 0, 4, 8, 0, 306616, 2140
317176, 4, 12, 0, 4, 8, 0, 306616, 2140
317176, 4, 12, 0, 4, 8, 0, 306616, 2140
317176, 4, 12, 0, 4, 8, 0, 306616, 2140
317176, 4, 12, 0, 4, 8, 0, 306616, 2140
317176, 4, 12, 0, 4, 8, 0, 306616, 2140
317176, 4, 12, 0, 4, 8, 0, 306616, 2140
317176, 4, 12, 0, 4, 8, 0, 306616, 2140
317176, 4, 12, 0, 4, 8, 0, 306616, 2140
317176, 4, 12, 0, 4, 8, 0, 306616, 2140
317176, 4, 12, 0, 4, 8, 0, 306616, 2140
317176, 4, 12, 0, 4, 8, 0, 306616, 2140
317176, 4, 12, 0, 4, 8, 0, 306616, 2140
317176, 4, 12, 0, 4, 8, 0, 306616, 2140
317176, 4, 12, 0, 4, 8, 0, 306616, 2140
317176, 4, 12, 0, 4, 8, 0, 306616, 2140
317176, 4, 12, 0, 4, 8, 0, 306616, 2140
317176, 4, 12, 0, 4, 8, 0, 306616, 2140
317176, 4, 12, 0, 4, 8, 0, 306616, 2140
317176, 4, 12, 0, 4, 8, 0, 306616, 2140
317176, 4, 12, 0, 4, 8, 0, 306616, 2140
317176, 4, 12, 0, 4, 8, 0, 306616, 2140
317176, 4, 12, 0, 4, 8, 0, 306616, 2140
317176, 4, 12, 0, 4, 8, 0, 306616, 2140
317176, 4, 12, 0, 4, 8, 0, 306616, 2140
317176, 4, 12, 0, 4, 8, 0, 306616, 2140
317176, 4, 12, 0, 4, 8, 0, 306616, 2140
317176, 4, 12, 0, 4, 8, 0, 306616, 2140
317176, 4, 12, 0, 4, 8, 0, 306616, 2140
317176, 4, 12, 0, 4, 8, 0, 306616, 2140
317176, 4, 12, 0, 4, 8, 0, 306616, 2140
317176, 4, 12, 0, 4, 8, 0, 306616, 2140
317176, 4, 12, 0, 4, 8, 0, 306616, 2140
317176, 4, 12, 0, 4, 8, 0, 306616, 2140
317176, 4, 12, 0, 4, 8, 0, 306616, 2140
317176, 4, 12, 0, 4, 8, 0, 306616, 2140
317176, 4, 12, 0, 4, 8, 0, 306616, 2140
317176, 4, 12, 0, 4, 8, 0, 306616, 2140
317176, 4, 12, 0, 4, 8, 0, 306616, 2140
317176, 4, 12, 0, 4, 8, 0, 306616, 2140
317176, 4, 12, 0, 4, 8, 0, 306616, 2140
317176, 4, 12, 0, 4, 8, 0, 306616, 2140
317176, 4, 12, 0, 4, 8, 0, 306616, 2140
317176, 4, 12, 0, 4, 8, 0, 306616, 2140
317176, 4, 12, 0, 4, 8, 0, 306616, 2140
317176, 4, 12, 0, 4, 8, 0, 306616, 2140
317176, 4, 12, 0, 4, 8, 0, 306616, 2140
317176, 4, 12, 0, 4, 8, 0, 306616, 2140
317176, 4, 12, 0, 4, 8, 0, 306616, 2140
317176, 4, 12, 0, 4, 8, 0, 306616, 2140
317176, 4, 12, 0, 4, 8, 0, 306616, 2140
317176, 4, 12, 0, 4, 8, 0, 306616, 2140
317176, 4, 12, 0, 4, 8, 0, 306616, 2140
317176, 4, 12, 0, 4, 8, 0, 306616, 2140
317176, 4, 12, 0, 4, 8, 0, 306616, 2140
317176, 4, 12, 0, 4, 8, 0, 306616, 2140
317176, 4, 12, 0, 4, 8, 0, 306616, 2140
317176, 4, 12, 0, 4, 8, 0, 306616, 2140
317176, 4, 12, 0, 4, 8, 0, 306616, 2140
317176, 4, 12, 0, 4, 8, 0, 306616, 2140
317176, 4, 12, 0, 4, 8, 0, 306616, 2140
317176, 4, 12, 0, 4, 8, 0, 306616, 2140
317176, 4, 12, 0, 4, 8, 0, 306616, 2140
317176, 4, 12, 0, 4, 8, 0, 306616, 2140
317176, 4, 12, 0, 4, 8, 0, 306616, 2140
317176, 4, 12, 0, 4, 8, 0, 306616, 2140
317176, 4, 12, 0, 4, 8, 0, 306616, 2140
317176, 4, 12, 0, 4, 8, 0, 306616, 2140
317176, 4, 12, 0, 4, 8, 0, 306616, 2140
317176, 4, 12, 0, 4, 8, 0, 306616, 2140
317176, 4, 12, 0, 4, 8, 0, 306616, 2140
317176, 4, 12, 0, 4, 8, 0, 306616, 2140
317176, 4, 12, 0, 4, 8, 0, 306616, 2140
317176, 4, 12, 0, 4, 8, 0, 306616, 2140
317176, 4, 12, 0, 4, 8, 0, 306616, 2140
317176, 4, 12, 0, 4, 8, 0, 306616, 2140
317176, 4, 12, 0, 4, 8, 0, 306616, 2140
317176, 4, 12, 0, 4, 8, 0, 306616, 2140
317176, 4, 12, 0, 4, 8, 0, 306616, 2140
317176, 4, 12, 0, 4, 8, 0, 306616, 2140
317176, 4, 12, 0, 4, 8, 0, 306616, 2140
317176, 4, 12, 0, 4, 8, 0, 306616, 2140
317176, 4, 12, 0, 4, 8, 0, 306616, 2140
317176, 4, 12, 0, 4, 8, 0, 306616, 2140
317176, 4, 12, 0, 4, 8, 0, 306616, 2140
317176, 4, 12, 0, 4, 8, 0, 306616, 2140
317176, 4, 12, 0, 4, 8, 0, 306616, 2140
317176, 4, 12, 0, 4, 8, 0, 306616, 2140
317176, 4, 12, 0, 4, 8, 0, 306616, 2140
317176, 4, 12, 0, 4, 8, 0, 306616, 2140
317176, 4, 12, 0, 4, 8, 0, 306616, 2140
317176, 4, 12, 0, 4, 8, 0, 306616, 2140
317176, 4, 12, 0, 4, 8, 0, 306616, 2140
317176, 4, 12, 0, 4, 8, 0, 306616, 2140
317176, 4, 12, 0, 4, 8, 0, 306616, 2140
317176, 4, 12, 0, 4, 8, 0, 306616, 2140
317176, 4, 12, 0, 4, 8, 0, 306616, 2140
317176, 4, 12, 0, 4, 8, 0, 306616, 2140
317176, 4, 12, 0, 4, 8, 0, 306616, 2140
317176, 4, 12, 0, 4, 8, 0, 306616, 2140
317176, 4, 12, 0, 4, 8, 0, 306616, 2140
317176, 4, 12, 0, 4, 8, 0, 306616, 2140
317176, 4, 12, 0, 4, 8, 0, 306616, 2140
317176, 4, 12, 0, 4, 8, 0, 306616, 2140
317176, 4, 12, 0, 4, 8, 0, 306616, 2140
317176, 4, 12, 0, 4, 8, 0, 306616, 2140
317176, 4, 12, 0, 4, 8, 0, 306616, 2140
317176, 4, 12, 0, 4, 8, 0, 306616, 2140
317176, 4, 12, 0, 4, 8, 0, 306616, 2140
317176, 4, 12, 0, 4, 8, 0, 306616, 2140
317176, 4, 12, 0, 4, 8, 0, 306616, 2140
317176, 4, 12, 0, 4, 8, 0, 306616, 2140
317176, 4, 12, 0, 4, 8, 0, 306616, 2140
317176, 4, 12, 0, 4, 8, 0, 306616, 2140
317176, 4, 12, 0, 4, 8, 0, 306616, 2140
317176, 4, 12, 0, 4, 8, 0, 306616, 2140
317176, 4, 12, 0, 4, 8, 0, 306616, 2140
317176, 4, 12, 0, 4, 8, 0, 306616, 2140
317176, 4, 12, 0, 4, 8, 0, 306616, 2140
317176, 4, 12, 0, 4, 8, 0, 306616, 2140
317172, 8, 12, 0, 4, 8, 0, 306616, 2140
317172, 8, 12, 0, 4, 8, 0, 306616, 2140
317172, 8, 12, 0, 4, 8, 0, 306616, 2140
317172, 8, 12, 0, 4, 8, 0, 306616, 2140
317172, 8, 12, 0, 4, 8, 0, 306616, 2140
317172, 8, 12, 0, 4, 8, 0, 306616, 2140
317172, 8, 12, 0, 4, 8, 0, 306616, 2140
317172, 8, 12, 0, 4, 8, 0, 306616, 2140
317172, 8, 12, 0, 4, 8, 0, 306616, 2140
317172, 8, 12, 0, 4, 8, 0, 306616, 2140
317172, 8, 12, 0, 4, 8, 0, 306616, 2140
317172, 8, 12, 0, 4, 8, 0, 306616, 2140
317172, 8, 12, 0, 4, 8, 0, 306616, 2140
317172, 8, 12, 0, 4, 8, 0, 306616, 2140
317172, 8, 12, 0, 4, 8, 0, 306616, 2140
317172, 8, 12, 0, 4, 8, 0, 306616, 2140
317172, 8, 12, 0, 4, 8, 0, 306616, 2140
317172, 8, 12, 0, 4, 8, 0, 306616, 2140
317172, 8, 12, 0, 4, 8, 0, 306616, 2140
317172, 8, 12, 0, 4, 8, 0, 306616, 2140
317172, 8, 12, 0, 4, 8, 0, 306616, 2140
317172, 8, 12, 0, 4, 8, 0, 306616, 2140
317172, 8, 12, 0, 4, 8, 0, 306616, 2140
317172, 8, 12, 0, 4, 8, 0, 306616, 2140
317172, 8, 12, 0, 4, 8, 0, 306616, 2140
317172, 8, 12, 0, 4, 8, 0, 306616, 2140
317172, 8, 12, 0, 4, 8, 0, 306616, 2140
317172, 8, 12, 0, 4, 8, 0, 306616, 2140
317172, 8, 12, 0, 4, 8, 0, 306616, 2140
317172, 8, 12, 0, 4, 8, 0, 306616, 2140
317172, 8, 12, 0, 4, 8, 0, 306616, 2140
317172, 8, 12, 0, 4, 8, 0, 306616, 2140
317172, 8, 12, 0, 4, 4, 0, 306620, 2140
317172, 8, 12, 0, 4, 4, 0, 306620, 2140
317172, 8, 12, 0, 4, 4, 0, 306620, 2140
317172, 8, 12, 0, 4, 4, 0, 306620, 2140
317172, 8, 12, 0, 4, 4, 0, 306620, 2140
317172, 8, 12, 0, 4, 4, 0, 306620, 2140
317172, 8, 12, 0, 4, 4, 0, 306620, 2140
317172, 8, 12, 0, 4, 4, 0, 306620, 2140
317172, 8, 12, 0, 4, 4, 0, 306620, 2140
317172, 8, 12, 0, 4, 4, 0, 306620, 2140
317172, 8, 12, 0, 4, 4, 0, 306620, 2140
317172, 8, 12, 0, 4, 4, 0, 306620, 2140
317172, 8, 12, 0, 4, 4, 0, 306620, 2140
317172, 8, 12, 0, 4, 4, 0, 306620, 2140
317172, 8, 12, 0, 4, 4, 0, 306620, 2140
317172, 8, 12, 0, 4, 4, 0, 306620, 2140
317172, 8, 12, 0, 4, 4, 0, 306620, 2140
317172, 8, 12, 0, 4, 4, 0, 306620, 2140
317172, 8, 12, 0, 4, 0, 0, 306624, 2140
317172, 8, 12, 0, 4, 0, 0, 306624, 2140
317172, 8, 12, 0, 4, 0, 0, 306624, 2140
317172, 8, 12, 0, 4, 0, 0, 306624, 2140
317172, 8, 12, 0, 4, 0, 0, 306624, 2140
317172, 8, 12, 0, 4, 0, 0, 306624, 2140
317172, 8, 12, 0, 4, 0, 0, 306624, 2140
317172, 8, 12, 0, 4, 0, 0, 306624, 2140
317172, 8, 12, 0, 4, 0, 0, 306624, 2140
317172, 8, 12, 0, 4, 0, 0, 306624, 2140
317172, 8, 12, 0, 4, 0, 0, 306624, 2140
317172, 8, 12, 0, 4, 0, 0, 306624, 2140
317172, 8, 12, 0, 4, 0, 0, 306624, 2140
317172, 8, 12, 0, 4, 0, 0, 306624, 2140
317172, 8, 12, 0, 4, 0, 0, 306624, 2140
317172, 8, 12, 0, 4, 0, 0, 306624, 2140
317172, 8, 12, 0, 4, 0, 0, 306624, 2140
317172, 8, 12, 0, 4, 0, 0, 306624, 2140
317172, 8, 12, 0, 4, 0, 0, 306624, 2140
317172, 8, 12, 0, 4, 0, 0, 306624, 2140
317172, 8, 12, 0, 4, 0, 0, 306624, 2140
317172, 8, 12, 0, 4, 0, 0, 306624, 2140
317172, 8, 12, 0, 4, 0, 0, 306624, 2140
317172, 8, 12, 0, 4, 0, 0, 306624, 2140
317172, 8, 12, 0, 4, 0, 0, 306624, 2140
317172, 8, 12, 0, 4, 0, 0, 306624, 2140
317172, 8, 12, 0, 4, 0, 0, 306624, 2140
317172, 8, 12, 0, 4, 0, 0, 306624, 2140
317172, 8, 12, 0, 4, 0, 0, 306624, 2140
317172, 8, 12, 0, 4, 0, 0, 306624, 2140
317172, 8, 12, 0, 4, 0, 0, 306624, 2140
317172, 8, 12, 0, 4, 0, 0, 306624, 2140
317172, 8, 12, 0, 4, 0, 0, 306624, 2140
317172, 8, 12, 0, 4, 0, 0, 306624, 2140
317172, 8, 12, 0, 4, 0, 0, 306624, 2140
317172, 8, 12, 0, 4, 0, 0, 306624, 2140
317172, 8, 12, 0, 4, 0, 0, 306624, 2140
317172, 8, 12, 0, 4, 0, 0, 306624, 2140
317172, 8, 12, 0, 4, 0, 0, 306624, 2140
317172, 8, 12, 0, 4, 0, 0, 306624, 2140
317172, 8, 12, 0, 4, 0, 0, 306624, 2140
317172, 8, 12, 0, 4, 0, 0, 306624, 2140
317172, 8, 12, 0, 4, 0, 0, 306624, 2140
317172, 8, 12, 0, 4, 0, 0, 306624, 2140
317172, 8, 12, 0, 4, 0, 0, 306624, 2140
317172, 8, 12, 0, 4, 0, 0, 306624, 2140
317172, 8, 12, 0, 4, 0, 0, 306624, 2140
317172, 8, 12, 0, 4, 0, 0, 306624, 2140
317172, 8, 12, 0, 4, 0, 0, 306624, 2140
317172, 8, 12, 0, 4, 0, 0, 306624, 2140
317172, 8, 12, 0, 4, 0, 0, 306624, 2140
317172, 8, 12, 0, 4, 0, 0, 306624, 2140
317172, 8, 12, 0, 4, 0, 0, 306624, 2140
317172, 8, 12, 0, 4, 0, 0, 306624, 2140
317172, 8, 12, 0, 4, 0, 0, 306624, 2140
317172, 8, 12, 0, 4, 0, 0, 306624, 2140
317172, 8, 12, 0, 4, 0, 0, 306624, 2140
317172, 8, 12, 0, 4, 0, 0, 306624, 2140
317172, 8, 12, 0, 4, 0, 0, 306624, 2140
317172, 8, 12, 0, 4, 0, 0, 306624, 2140
317172, 8, 12, 0, 0, 0, 0, 306628, 2140
317172, 8, 12, 0, 0, 0, 0, 306628, 2140
317172, 8, 12, 0, 0, 0, 0, 306628, 2140
317172, 8, 12, 0, 0, 0, 0, 306628, 2140
317172, 8, 12, 0, 0, 0, 0, 306628, 2140
317172, 8, 12, 0, 0, 0, 0, 306628, 2140
317172, 8, 8, 0, 0, 0, 0, 306632, 2140
317172, 8, 8, 0, 0, 0, 0, 306632, 2140
317172, 8, 8, 0, 0, 0, 0, 306632, 2140
317172, 8, 8, 0, 0, 0, 0, 306632, 2140
317172, 8, 8, 0, 0, 0, 0, 306632, 2140
317172, 8, 8, 0, 0, 0, 0, 306632, 2140
317172, 8, 8, 0, 0, 0, 0, 306632, 2140
317172, 8, 8, 0, 0, 0, 0, 306632, 2140
317172, 8, 8, 0, 0, 0, 0, 306632, 2140
317172, 8, 8, 0, 0, 0, 0, 306632, 2140
317172, 8, 8, 0, 0, 0, 0, 306632, 2140
317172, 8, 8, 0, 0, 0, 0, 306632, 2140
317172, 8, 8, 0, 0, 0, 0, 306632, 2140
317172, 8, 8, 0, 0, 0, 0, 306632, 2140
317172, 8, 8, 0, 0, 0, 0, 306632, 2140
317172, 8, 8, 0, 0, 0, 0, 306632, 2140
317172, 8, 8, 0, 0, 0, 0, 306632, 2140
317172, 8, 8, 0, 0, 0, 0, 306632, 2140
317172, 8, 8, 0, 0, 0, 0, 306632, 2140
317172, 8, 8, 0, 0, 0, 0, 306632, 2140
317172, 8, 8, 0, 0, 0, 0, 306632, 2140
317172, 8, 8, 0, 0, 0, 0, 306632, 2140
317172, 8, 8, 0, 0, 0, 0, 306632, 2140
317172, 8, 8, 0, 0, 0, 0, 306632, 2140
317172, 8, 8, 0, 0, 0, 0, 306632, 2140
317172, 8, 8, 0, 0, 0, 0, 306632, 2140
317172, 8, 8, 0, 0, 0, 0, 306632, 2140
317172, 8, 8, 0, 0, 0, 0, 306632, 2140
317172, 8, 8, 0, 0, 0, 0, 306632, 2140
317172, 8, 8, 0, 0, 0, 0, 306632, 2140
317172, 8, 8, 0, 0, 0, 0, 306632, 2140
317172, 8, 8, 0, 0, 0, 0, 306632, 2140
317172, 8, 8, 0, 0, 0, 0, 306632, 2140
317172, 8, 8, 0, 0, 0, 0, 306632, 2140
317172, 8, 8, 0, 0, 0, 0, 306632, 2140
317172, 8, 8, 0, 0, 0, 0, 306632, 2140
317172, 8, 8, 0, 0, 0, 0, 306632, 2140
317172, 8, 8, 0, 0, 0, 0, 306632, 2140
317172, 8, 8, 0, 0, 0, 0, 306632, 2140
317172, 8, 8, 0, 0, 0, 0, 306632, 2140
317172, 8, 8, 0, 0, 0, 0, 306632, 2140
317172, 8, 8, 0, 0, 0, 0, 306632, 2140
317172, 8, 8, 0, 0, 0, 0, 306632, 2140
317172, 8, 8, 0, 0, 0, 0, 306632, 2140
317172, 8, 8, 0, 0, 0, 0, 306632, 2140
317172, 8, 8, 0, 0, 0, 0, 306632, 2140
317172, 8, 8, 0, 0, 0, 0, 306632, 2140
317172, 8, 8, 0, 0, 0, 0, 306632, 2140
317172, 8, 8, 0, 0, 0, 0, 306632, 2140
317172, 8, 8, 0, 0, 0, 0, 306632, 2140
317172, 8, 8, 0, 0, 0, 0, 306632, 2140
317172, 8, 8, 0, 0, 0, 0, 306632, 2140
317172, 8, 8, 0, 0, 0, 0, 306632, 2140
317172, 8, 8, 0, 0, 0, 0, 306632, 2140
317172, 8, 8, 0, 0, 0, 0, 306632, 2140
317172, 8, 8, 0, 0, 0, 0, 306632, 2140
317172, 8, 8, 0, 0, 0, 0, 306632, 2140
317172, 8, 8, 0, 0, 0, 0, 306632, 2140
317172, 8, 8, 0, 0, 0, 0, 306632, 2140
317172, 8, 8, 0, 0, 0, 0, 306632, 2140
317172, 8, 8, 0, 0, 0, 0, 306632, 2140
317172, 8, 8, 0, 0, 0, 0, 306632, 2140
317172, 8, 8, 0, 0, 0, 0, 306632, 2140
317172, 8, 8, 0, 0, 0, 0, 306632, 2140
317172, 8, 8, 0, 0, 0, 0, 306632, 2140
317172, 8, 8, 0, 0, 0, 0, 306632, 2140
317172, 8, 8, 0, 0, 0, 0, 306632, 2140
317172, 8, 8, 0, 0, 0, 0, 306632, 2140
317172, 8, 8, 0, 0, 0, 0, 306632, 2140
317172, 8, 8, 0, 0, 0, 0, 306632, 2140
317172, 8, 8, 0, 0, 0, 0, 306632, 2140
317172, 8, 8, 0, 0, 0, 0, 306632, 2140
317172, 8, 8, 0, 0, 0, 0, 306632, 2140
317172, 8, 8, 0, 0, 0, 0, 306632, 2140
317172, 8, 8, 0, 0, 0, 0, 306632, 2140
317172, 8, 8, 0, 0, 0, 0, 306632, 2140
317172, 8, 8, 0, 0, 0, 0, 306632, 2140
317172, 8, 8, 0, 0, 0, 0, 306632, 2140
317172, 8, 8, 0, 0, 0, 0, 306632, 2140
317172, 8, 8, 0, 0, 0, 0, 306632, 2140
317172, 8, 8, 0, 0, 0, 0, 306632, 2140
317172, 8, 8, 0, 0, 0, 0, 306632, 2140
317172, 8, 8, 0, 0, 0, 0, 306632, 2140
317172, 8, 8, 0, 0, 0, 0, 306632, 2140
317172, 8, 8, 0, 0, 0, 0, 306632, 2140
317172, 8, 8, 0, 0, 0, 0, 306632, 2140
317172, 8, 8, 0, 0, 0, 0, 306632, 2140
317172, 8, 8, 0, 0, 0, 0, 306632, 2140
317172, 8, 8, 0, 0, 0, 0, 306632, 2140
317172, 8, 8, 0, 0, 0, 0, 306632, 2140
317172, 8, 8, 0, 0, 0, 0, 306632, 2140
317172, 8, 8, 0, 0, 0, 0, 306632, 2140
317172, 8, 8, 0, 0, 0, 0, 306632, 2140
317172, 8, 8, 0, 0, 0, 0, 306632, 2140
317172, 8, 8, 0, 0, 0, 0, 306632, 2140
317172, 8, 8, 0, 0, 0, 0, 306632, 2140
317172, 8, 8, 0, 0, 0, 0, 306632, 2140
317172, 8, 8, 0, 0, 0, 0, 306632, 2140
317172, 8, 8, 0, 0, 0, 0, 306632, 2140
317172, 8, 8, 0, 0, 0, 0, 306632, 2140
317172, 8, 8, 0, 0, 0, 0, 306632, 2140
317172, 8, 8, 0, 0, 0, 0, 306632, 2140
317172, 8, 8, 0, 0, 0, 0, 306632, 2140
317172, 8, 8, 0, 0, 0, 0, 306632, 2140
317172, 8, 8, 0, 0, 0, 0, 306632, 2140
317172, 8, 8, 0, 0, 0, 0, 306632, 2140
317172, 8, 8, 0, 0, 0, 0, 306632, 2140
317172, 8, 8, 0, 0, 0, 0, 306632, 2140
317172, 8, 8, 0, 0, 0, 0, 306632, 2140
317172, 8, 8, 0, 0, 0, 0, 306632, 2140
317172, 8, 8, 0, 0, 0, 0, 306632, 2140
317172, 8, 8, 0, 0, 0, 0, 306632, 2140
317172, 8, 8, 0, 0, 0, 0, 306632, 2140
317172, 8, 8, 0, 0, 0, 0, 306632, 2140
317172, 8, 8, 0, 0, 0, 0, 306632, 2140
317172, 8, 8, 0, 0, 0, 0, 306632, 2140
317172, 8, 8, 0, 0, 0, 0, 306632, 2140
317172, 8, 8, 0, 0, 0, 0, 306632, 2140
317172, 8, 8, 0, 0, 0, 0, 306632, 2140
317172, 8, 8, 0, 0, 0, 0, 306632, 2140
317172, 8, 8, 0, 0, 0, 0, 306632, 2140
317172, 8, 8, 0, 0, 0, 0, 306632, 2140
317172, 8, 8, 0, 0, 0, 0, 306632, 2140
317172, 8, 8, 0, 0, 0, 0, 306632, 2140
317172, 8, 8, 0, 0, 0, 0, 306632, 2140
317172, 8, 8, 0, 0, 0, 0, 306632, 2140
317172, 8, 8, 0, 0, 0, 0, 306632, 2140
317172, 8, 8, 0, 0, 0, 0, 306632, 2140
317172, 8, 8, 0, 0, 0, 0, 306632, 2140
317172, 8, 8, 0, 0, 0, 0, 306632, 2140
317172, 8, 8, 0, 0, 0, 0, 306632, 2140
317172, 8, 8, 0, 0, 0, 0, 306632, 2140
317172, 8, 8, 0, 0, 0, 0, 306632, 2140
317172, 8, 8, 0, 0, 0, 0, 306632, 2140
317172, 8, 8, 0, 0, 0, 0, 306632, 2140
317172, 8, 8, 0, 0, 0, 0, 306632, 2140
317172, 8, 8, 0, 0, 0, 0, 306632, 2140
317172, 8, 8, 0, 0, 0, 0, 306632, 2140
317172, 8, 8, 0, 0, 0, 0, 306632, 2140
317172, 8, 8, 0, 0, 0, 0, 306632, 2140
317172, 8, 8, 0, 0, 0, 0, 306632, 2140
317172, 8, 8, 0, 0, 0, 0, 306632, 2140
317172, 8, 8, 0, 0, 0, 0, 306632, 2140
317172, 8, 8, 0, 0, 0, 0, 306632, 2140
317172, 8, 8, 0, 0, 0, 0, 306632, 2140
317172, 8, 8, 0, 0, 0, 0, 306632, 2140
317172, 8, 8, 0, 0, 0, 0, 306632, 2140
317172, 8, 8, 0, 0, 0, 0, 306632, 2140
317172, 8, 8, 0, 0, 0, 0, 306632, 2140
317172, 8, 8, 0, 0, 0, 0, 306632, 2140
317172, 8, 8, 0, 0, 0, 0, 306632, 2140
317172, 8, 8, 0, 0, 0, 0, 306632, 2140
317172, 8, 8, 0, 0, 0, 0, 306632, 2140
317172, 8, 8, 0, 0, 0, 0, 306632, 2140
317172, 8, 8, 0, 0, 0, 0, 306632, 2140
317172, 8, 8, 0, 0, 0, 0, 306632, 2140
317172, 8, 8, 0, 0, 0, 0, 306632, 2140
317172, 8, 8, 0, 0, 0, 0, 306632, 2140
317172, 8, 8, 0, 0, 0, 0, 306632, 2140
317172, 8, 8, 0, 0, 0, 0, 306632, 2140
317172, 8, 8, 0, 0, 0, 0, 306632, 2140
317172, 8, 8, 0, 0, 0, 0, 306632, 2140
317172, 8, 8, 0, 0, 0, 0, 306632, 2140
317172, 8, 8, 0, 0, 0, 0, 306632, 2140
317172, 8, 8, 0, 0, 0, 0, 306632, 2140
317172, 8, 8, 0, 0, 0, 0, 306632, 2140
317172, 8, 8, 0, 0, 0, 0, 306632, 2140
317172, 8, 8, 0, 0, 0, 0, 306632, 2140
317172, 8, 8, 0, 0, 0, 0, 306632, 2140
317172, 8, 8, 0, 0, 0, 0, 306632, 2140
317172, 8, 8, 0, 0, 0, 0, 306632, 2140
317172, 8, 8, 0, 0, 0, 0, 306632, 2140
317172, 8, 8, 0, 0, 0, 0, 306632, 2140
317172, 8, 8, 0, 0, 0, 0, 306632, 2140
317172, 8, 8, 0, 0, 0, 0, 306632, 2140
317172, 8, 8, 0, 0, 0, 0, 306632, 2140
317172, 8, 8, 0, 0, 0, 0, 306632, 2140
317172, 8, 8, 0, 0, 0, 0, 306632, 2140
317172, 8, 8, 0, 0, 0, 0, 306632, 2140
317172, 8, 8, 0, 0, 0, 0, 306632, 2140
317172, 8, 8, 0, 0, 0, 0, 306632, 2140
317172, 8, 8, 0, 0, 0, 0, 306632, 2140
317172, 8, 4, 0, 0, 0, 0, 306636, 2140
317172, 8, 4, 0, 0, 0, 0, 306636, 2140
317172, 8, 4, 0, 0, 0, 0, 306636, 2140
317172, 8, 4, 0, 0, 0, 0, 306636, 2140
317172, 8, 4, 0, 0, 0, 0, 306636, 2140
317172, 8, 4, 0, 0, 0, 0, 306636, 2140
317172, 8, 4, 0, 0, 0, 0, 306636, 2140
317172, 8, 4, 0, 0, 0, 0, 306636, 2140
317172, 8, 4, 0, 0, 0, 0, 306636, 2140
317172, 8, 4, 0, 0, 0, 0, 306636, 2140
317172, 8, 4, 0, 0, 0, 0, 306636, 2140
317172, 8, 4, 0, 0, 0, 0, 306636, 2140
317172, 8, 4, 0, 0, 0, 0, 306636, 2140
317172, 8, 4, 0, 0, 0, 0, 306636, 2140
317172, 8, 4, 0, 0, 0, 0, 306636, 2140
317172, 8, 4, 0, 0, 0, 0, 306636, 2140
317172, 8, 4, 0, 0, 0, 0, 306636, 2140
317172, 8, 4, 0, 0, 0, 0, 306636, 2140
317172, 8, 4, 0, 0, 0, 0, 306636, 2140
317172, 8, 4, 0, 0, 0, 0, 306636, 2140
317172, 8, 4, 0, 0, 0, 0, 306636, 2140
317172, 8, 4, 0, 0, 0, 0, 306636, 2140
317172, 4, 8, 0, 0, 0, 0, 306636, 2140
317172, 4, 8, 0, 0, 0, 0, 306636, 2140
317172, 4, 8, 0, 0, 0, 0, 306636, 2140
317172, 4, 8, 0, 0, 0, 0, 306636, 2140
317172, 0, 12, 0, 0, 0, 0, 306636, 2140
317172, 0, 12, 0, 0, 0, 0, 306636, 2140
317172, 0, 12, 0, 0, 0, 0, 306636, 2140
317172, 0, 12, 0, 0, 0, 0, 306636, 2140
317172, 0, 12, 0, 0, 0, 0, 306636, 2140
317172, 0, 12, 0, 0, 0, 0, 306636, 2140
317172, 0, 12, 0, 0, 0, 0, 306636, 2140
317172, 0, 12, 0, 0, 0, 0, 306636, 2140
317172, 0, 12, 0, 0, 0, 0, 306636, 2140
317172, 0, 12, 0, 0, 0, 0, 306636, 2140
317172, 0, 12, 0, 0, 0, 0, 306636, 2140
317172, 0, 12, 0, 0, 0, 0, 306636, 2140
317172, 0, 12, 0, 0, 0, 0, 306636, 2140
317172, 0, 12, 0, 0, 0, 0, 306636, 2140
317172, 0, 12, 0, 0, 0, 0, 306636, 2140
317172, 0, 12, 0, 0, 0, 0, 306636, 2140
317172, 0, 12, 0, 0, 0, 0, 306636, 2140
317172, 0, 12, 0, 0, 0, 0, 306636, 2140
317172, 0, 12, 0, 0, 0, 0, 306636, 2140
317172, 0, 12, 0, 0, 0, 0, 306636, 2140
317172, 0, 12, 0, 0, 0, 0, 306636, 2140
317172, 0, 12, 0, 0, 0, 0, 306636, 2140
317172, 0, 12, 0, 0, 0, 0, 306636, 2140
317172, 0, 12, 0, 0, 0, 0, 306636, 2140
317172, 0, 12, 0, 0, 0, 0, 306636, 2140
317172, 0, 12, 0, 0, 0, 0, 306636, 2140
317172, 0, 12, 0, 0, 0, 0, 306636, 2140
317172, 0, 12, 0, 0, 0, 0, 306636, 2140
317172, 0, 12, 0, 0, 0, 0, 306636, 2140
317172, 0, 12, 0, 0, 0, 0, 306636, 2140
317172, 0, 12, 0, 0, 0, 0, 306636, 2140
317172, 0, 12, 0, 0, 0, 0, 306636, 2140
317172, 0, 12, 0, 0, 0, 0, 306636, 2140
317172, 0, 12, 0, 0, 0, 0, 306636, 2140
317172, 0, 12, 0, 0, 0, 0, 306636, 2140
317172, 0, 12, 0, 0, 0, 0, 306636, 2140
317172, 0, 12, 0, 0, 0, 0, 306636, 2140
317172, 0, 12, 0, 0, 0, 0, 306636, 2140
317172, 0, 12, 0, 0, 0, 0, 306636, 2140
317172, 0, 8, 0, 0, 0, 0, 306640, 2140
317172, 0, 8, 0, 0, 0, 0, 306640, 2140
317172, 0, 8, 0, 0, 0, 0, 306640, 2140
317172, 0, 8, 0, 0, 0, 0, 306640, 2140
317172, 0, 8, 0, 0, 0, 0, 306640, 2140
317172, 0, 8, 0, 0, 0, 0, 306640, 2140
317172, 0, 8, 0, 0, 0, 0, 306640, 2140
317172, 0, 8, 0, 0, 0, 0, 306640, 2140
317172, 0, 8, 0, 0, 0, 0, 306640, 2140
317172, 0, 8, 0, 0, 0, 0, 306640, 2140
317172, 0, 8, 0, 0, 0, 0, 306640, 2140
317172, 0, 8, 0, 0, 0, 0, 306640, 2140
317172, 0, 8, 0, 0, 0, 0, 306640, 2140
317172, 0, 8, 0, 0, 0, 0, 306640, 2140
317172, 0, 8, 0, 0, 0, 0, 306640, 2140
317172, 0, 8, 0, 0, 0, 0, 306640, 2140
317172, 0, 8, 0, 0, 0, 0, 306640, 2140
317172, 0, 8, 0, 0, 0, 0, 306640, 2140
317172, 0, 8, 0, 0, 0, 0, 306640, 2140
317172, 0, 8, 0, 0, 0, 0, 306640, 2140
317172, 0, 8, 0, 0, 0, 0, 306640, 2140
317172, 0, 8, 0, 0, 0, 0, 306640, 2140
317172, 0, 8, 0, 0, 0, 0, 306640, 2140
317172, 0, 8, 0, 0, 0, 0, 306640, 2140
317172, 0, 8, 0, 0, 0, 0, 306640, 2140
317172, 0, 8, 0, 0, 0, 0, 306640, 2140
317172, 0, 8, 0, 0, 0, 0, 306640, 2140
317172, 0, 8, 0, 0, 0, 0, 306640, 2140
317172, 0, 8, 0, 0, 0, 0, 306640, 2140
317172, 0, 8, 0, 0, 0, 0, 306640, 2140
317172, 0, 8, 0, 0, 0, 0, 306640, 2140
317172, 0, 8, 0, 0, 0, 0, 306640, 2140
317172, 0, 8, 0, 0, 0, 0, 306640, 2140
317172, 0, 8, 0, 0, 0, 0, 306640, 2140
317172, 0, 8, 0, 0, 0, 0, 306640, 2140
317172, 0, 8, 0, 0, 0, 0, 306640, 2140
317172, 0, 8, 0, 0, 0, 0, 306640, 2140
317172, 0, 8, 0, 0, 0, 0, 306640, 2140
317172, 0, 8, 0, 0, 0, 0, 306640, 2140
317172, 0, 8, 0, 0, 0, 0, 306640, 2140
317172, 0, 8, 0, 0, 0, 0, 306640, 2140
317172, 0, 8, 0, 0, 0, 0, 306640, 2140
317172, 0, 8, 0, 0, 0, 0, 306640, 2140
317172, 0, 8, 0, 0, 0, 0, 306640, 2140
317172, 0, 8, 0, 0, 0, 0, 306640, 2140
317172, 0, 8, 0, 0, 0, 0, 306640, 2140
317172, 0, 8, 0, 0, 0, 0, 306640, 2140
317172, 0, 8, 0, 0, 0, 0, 306640, 2140
317172, 0, 8, 0, 0, 0, 0, 306640, 2140
317172, 0, 8, 0, 0, 0, 0, 306640, 2140
317172, 0, 8, 0, 0, 0, 0, 306640, 2140
317172, 0, 8, 0, 0, 0, 0, 306640, 2140
317172, 0, 8, 0, 0, 0, 0, 306640, 2140
317172, 0, 8, 0, 0, 0, 0, 306640, 2140
317172, 0, 8, 0, 0, 0, 0, 306640, 2140
317172, 0, 8, 0, 0, 0, 0, 306640, 2140
317172, 0, 8, 0, 0, 0, 0, 306640, 2140
317172, 0, 8, 0, 0, 0, 0, 306640, 2140
317172, 0, 8, 0, 0, 0, 0, 306640, 2140
317172, 0, 8, 0, 0, 0, 0, 306640, 2140
317172, 0, 8, 0, 0, 0, 0, 306640, 2140
317172, 0, 8, 0, 0, 0, 0, 306640, 2140
317172, 0, 8, 0, 0, 0, 0, 306640, 2140
317172, 0, 8, 0, 0, 0, 0, 306640, 2140
317172, 0, 8, 0, 0, 0, 0, 306640, 2140
317172, 0, 8, 0, 0, 0, 0, 306640, 2140
317172, 0, 8, 0, 0, 0, 0, 306640, 2140
317172, 0, 8, 0, 0, 0, 0, 306640, 2140
317172, 0, 8, 0, 0, 0, 0, 306640, 2140
317172, 0, 8, 0, 0, 0, 0, 306640, 2140
317172, 0, 8, 0, 0, 0, 0, 306640, 2140
317172, 0, 8, 0, 0, 0, 0, 306640, 2140
317172, 0, 8, 0, 0, 0, 0, 306640, 2140
317172, 0, 8, 0, 0, 0, 0, 306640, 2140
317172, 0, 8, 0, 0, 0, 0, 306640, 2140
317172, 0, 8, 0, 0, 0, 0, 306640, 2140
317172, 0, 8, 0, 0, 0, 0, 306640, 2140
317172, 0, 8, 0, 0, 0, 0, 306640, 2140
317172, 0, 8, 0, 0, 0, 0, 306640, 2140
317172, 0, 8, 0, 0, 0, 0, 306640, 2140
317172, 0, 8, 0, 0, 0, 0, 306640, 2140
317172, 0, 8, 0, 0, 0, 0, 306640, 2140
317172, 0, 8, 0, 0, 0, 0, 306640, 2140
317172, 0, 8, 0, 0, 0, 0, 306640, 2140
317172, 0, 8, 0, 0, 0, 0, 306640, 2140
317172, 0, 8, 0, 0, 0, 0, 306640, 2140
317172, 0, 8, 0, 0, 0, 0, 306640, 2140
317172, 0, 8, 0, 0, 0, 0, 306640, 2140
317172, 0, 8, 0, 0, 0, 0, 306640, 2140
317172, 0, 8, 0, 0, 0, 0, 306640, 2140
317172, 0, 8, 0, 0, 0, 0, 306640, 2140
317172, 0, 8, 0, 0, 0, 0, 306640, 2140
317172, 0, 8, 0, 0, 0, 0, 306640, 2140
317172, 0, 8, 0, 0, 0, 0, 306640, 2140
317172, 0, 8, 0, 0, 0, 0, 306640, 2140
317172, 0, 8, 0, 0, 0, 0, 306640, 2140
317172, 0, 8, 0, 0, 0, 0, 306640, 2140
317172, 0, 8, 0, 0, 0, 0, 306640, 2140
317172, 0, 8, 0, 0, 0, 0, 306640, 2140
317172, 0, 8, 0, 0, 0, 0, 306640, 2140
317172, 0, 8, 0, 0, 0, 0, 306640, 2140
317172, 0, 8, 0, 0, 0, 0, 306640, 2140
317172, 0, 8, 0, 0, 0, 0, 306640, 2140
317172, 0, 8, 0, 0, 0, 0, 306640, 2140
317172, 0, 8, 0, 0, 0, 0, 306640, 2140
317172, 0, 8, 0, 0, 0, 0, 306640, 2140
317172, 0, 8, 0, 0, 0, 0, 306640, 2140
317172, 0, 8, 0, 0, 0, 0, 306640, 2140
317172, 0, 8, 0, 0, 0, 0, 306640, 2140
317172, 0, 8, 0, 0, 0, 0, 306640, 2140
317172, 0, 8, 0, 0, 0, 0, 306640, 2140
317172, 0, 8, 0, 0, 0, 0, 306640, 2140
317172, 0, 8, 0, 0, 0, 0, 306640, 2140
317172, 0, 8, 0, 0, 0, 0, 306640, 2140
317172, 0, 8, 0, 0, 0, 0, 306640, 2140
317172, 0, 8, 0, 0, 0, 0, 306640, 2140
317172, 0, 8, 0, 0, 0, 0, 306640, 2140
317172, 0, 8, 0, 0, 0, 0, 306640, 2140
317172, 0, 8, 0, 0, 0, 0, 306640, 2140
317172, 0, 8, 0, 0, 0, 0, 306640, 2140
317172, 0, 8, 0, 0, 0, 0, 306640, 2140
317172, 0, 8, 0, 0, 0, 0, 306640, 2140
317172, 0, 8, 0, 0, 0, 0, 306640, 2140
317172, 0, 8, 0, 0, 0, 0, 306640, 2140
317172, 0, 8, 0, 0, 0, 0, 306640, 2140
317172, 0, 8, 0, 0, 0, 0, 306640, 2140
317172, 0, 8, 0, 0, 0, 0, 306640, 2140
317172, 0, 8, 0, 0, 0, 0, 306640, 2140
317172, 0, 8, 0, 0, 0, 0, 306640, 2140
317172, 0, 8, 0, 0, 0, 0, 306640, 2140
317172, 0, 8, 0, 0, 0, 0, 306640, 2140
317172, 0, 8, 0, 0, 0, 0, 306640, 2140
317172, 0, 8, 0, 0, 0, 0, 306640, 2140
317172, 0, 8, 0, 0, 0, 0, 306640, 2140
317172, 0, 8, 0, 0, 0, 0, 306640, 2140
317172, 0, 8, 0, 0, 0, 0, 306640, 2140
317172, 0, 8, 0, 0, 0, 0, 306640, 2140
317172, 0, 8, 0, 0, 0, 0, 306640, 2140
317172, 0, 8, 0, 0, 0, 0, 306640, 2140
317172, 0, 8, 0, 0, 0, 0, 306640, 2140
317172, 0, 8, 0, 0, 0, 0, 306640, 2140
317172, 0, 8, 0, 0, 0, 0, 306640, 2140
317172, 0, 8, 0, 0, 0, 0, 306640, 2140
317172, 0, 8, 0, 0, 0, 0, 306640, 2140
317172, 0, 8, 0, 0, 0, 0, 306640, 2140
317172, 0, 8, 0, 0, 0, 0, 306640, 2140
317172, 0, 8, 0, 0, 0, 0, 306640, 2140
317172, 0, 8, 0, 0, 0, 0, 306640, 2140
317172, 0, 8, 0, 0, 0, 0, 306640, 2140
317172, 0, 8, 0, 0, 0, 0, 306640, 2140
317172, 0, 8, 0, 0, 0, 0, 306640, 2140
317172, 0, 8, 0, 0, 0, 0, 306640, 2140
317172, 0, 8, 0, 0, 0, 0, 306640, 2140
317172, 0, 8, 0, 0, 0, 0, 306640, 2140
317172, 0, 8, 0, 0, 0, 0, 306640, 2140
317172, 0, 8, 0, 0, 0, 0, 306640, 2140
317172, 0, 8, 0, 0, 0, 0, 306640, 2140
317172, 0, 8, 0, 0, 0, 0, 306640, 2140
317172, 0, 8, 0, 0, 0, 0, 306640, 2140
317172, 0, 8, 0, 0, 0, 0, 306640, 2140
317172, 0, 8, 0, 0, 0, 0, 306640, 2140
317172, 0, 8, 0, 0, 0, 0, 306640, 2140
317172, 0, 8, 0, 0, 0, 0, 306640, 2140
317172, 0, 8, 0, 0, 0, 0, 306640, 2140
317172, 0, 8, 0, 0, 0, 0, 306640, 2140
317172, 0, 8, 0, 0, 0, 0, 306640, 2140
317172, 0, 8, 0, 0, 0, 0, 306640, 2140
317172, 0, 8, 0, 0, 0, 0, 306640, 2140
317172, 0, 8, 0, 0, 0, 0, 306640, 2140
317172, 0, 8, 0, 0, 0, 0, 306640, 2140
317172, 0, 8, 0, 0, 0, 0, 306640, 2140
317172, 0, 8, 0, 0, 0, 0, 306640, 2140
317172, 0, 8, 0, 0, 0, 0, 306640, 2140
317172, 0, 8, 0, 0, 0, 0, 306640, 2140
317172, 0, 8, 0, 0, 0, 0, 306640, 2140
317172, 0, 8, 0, 0, 0, 0, 306640, 2140
317172, 0, 8, 0, 0, 0, 0, 306640, 2140
317172, 0, 8, 0, 0, 0, 0, 306640, 2140
317172, 0, 8, 0, 0, 0, 0, 306640, 2140
317172, 0, 8, 0, 0, 0, 0, 306640, 2140
317172, 0, 8, 0, 0, 0, 0, 306640, 2140
317172, 0, 8, 0, 0, 0, 0, 306640, 2140
317172, 0, 8, 0, 0, 0, 0, 306640, 2140
317172, 0, 8, 0, 0, 0, 0, 306640, 2140
317172, 0, 8, 0, 0, 0, 0, 306640, 2140
317172, 0, 8, 0, 0, 0, 0, 306640, 2140
317172, 0, 8, 0, 0, 0, 0, 306640, 2140
317172, 0, 8, 0, 0, 0, 0, 306640, 2140
317172, 0, 8, 0, 0, 0, 0, 306640, 2140
317172, 0, 8, 0, 0, 0, 0, 306640, 2140
317172, 0, 8, 0, 0, 0, 0, 306640, 2140
317172, 0, 8, 0, 0, 0, 0, 306640, 2140
317172, 0, 8, 0, 0, 0, 0, 306640, 2140
317172, 0, 8, 0, 0, 0, 0, 306640, 2140
317172, 0, 8, 0, 0, 0, 0, 306640, 2140
317172, 0, 8, 0, 0, 0, 0, 306640, 2140
317172, 0, 8, 0, 0, 0, 0, 306640, 2140
317172, 0, 8, 0, 0, 0, 0, 306640, 2140
317172, 0, 8, 0, 0, 0, 0, 306640, 2140
317172, 0, 8, 0, 0, 0, 0, 306640, 2140
317172, 0, 8, 0, 0, 0, 0, 306640, 2140
317172, 0, 8, 0, 0, 0, 0, 306640, 2140
317172, 0, 8, 0, 0, 0, 0, 306640, 2140
317172, 0, 8, 0, 0, 0, 0, 306640, 2140
317172, 0, 8, 0, 0, 0, 0, 306640, 2140
317172, 0, 8, 0, 0, 0, 0, 306640, 2140
317172, 0, 8, 0, 0, 0, 0, 306640, 2140
317172, 0, 8, 0, 0, 0, 0, 306640, 2140
317172, 0, 8, 0, 0, 0, 0, 306640, 2140
317172, 0, 8, 0, 0, 0, 0, 306640, 2140
317172, 0, 8, 0, 0, 0, 0, 306640, 2140
317172, 0, 8, 0, 0, 0, 0, 306640, 2140
317172, 0, 8, 0, 0, 0, 0, 306640, 2140
317172, 0, 8, 0, 0, 0, 0, 306640, 2140
317172, 0, 8, 0, 0, 0, 0, 306640, 2140
317172, 0, 8, 0, 0, 0, 0, 306640, 2140
317172, 0, 8, 0, 0, 0, 0, 306640, 2140
317172, 0, 8, 0, 0, 0, 0, 306640, 2140
317172, 0, 8, 0, 0, 0, 0, 306640, 2140
317172, 0, 8, 0, 0, 0, 0, 306640, 2140
317172, 0, 8, 0, 0, 0, 0, 306640, 2140
317172, 0, 8, 0, 0, 0, 0, 306640, 2140
317172, 0, 8, 0, 0, 0, 0, 306640, 2140
317172, 0, 8, 0, 0, 0, 0, 306640, 2140
317172, 0, 8, 0, 0, 0, 0, 306640, 2140
317172, 0, 8, 0, 0, 0, 0, 306640, 2140
317172, 0, 8, 0, 0, 0, 0, 306640, 2140
317172, 0, 8, 0, 0, 0, 0, 306640, 2140
317172, 0, 8, 0, 0, 0, 0, 306640, 2140
317172, 0, 8, 0, 0, 0, 0, 306640, 2140
317172, 0, 8, 0, 0, 0, 0, 306640, 2140
317172, 0, 8, 0, 0, 0, 0, 306640, 2140
317172, 0, 8, 0, 0, 0, 0, 306640, 2140
317172, 0, 8, 0, 0, 0, 0, 306640, 2140
317172, 0, 8, 0, 0, 0, 0, 306640, 2140
317172, 0, 8, 0, 0, 0, 0, 306640, 2140
317172, 0, 8, 0, 0, 0, 0, 306640, 2140
317172, 0, 8, 0, 0, 0, 0, 306640, 2140
317172, 0, 8, 0, 0, 0, 0, 306640, 2140
317172, 0, 8, 0, 0, 0, 0, 306640, 2140
317172, 0, 8, 0, 0, 0, 0, 306640, 2140
317172, 0, 8, 0, 0, 0, 0, 306640, 2140
317172, 0, 8, 0, 0, 0, 0, 306640, 2140
317172, 0, 8, 0, 0, 0, 0, 306640, 2140
317172, 0, 8, 0, 0, 0, 0, 306640, 2140
317172, 0, 8, 0, 0, 0, 0, 306640, 2140
317172, 0, 8, 0, 0, 0, 0, 306640, 2140
317172, 0, 8, 0, 0, 0, 0, 306640, 2140
317172, 0, 8, 0, 0, 0, 0, 306640, 2140
317172, 0, 8, 0, 0, 0, 0, 306640, 2140
317172, 0, 8, 0, 0, 0, 0, 306640, 2140
317172, 0, 8, 0, 0, 0, 0, 306640, 2140
317172, 0, 8, 0, 0, 0, 0, 306640, 2140
317172, 0, 8, 0, 0, 0, 0, 306640, 2140
317172, 0, 8, 0, 0, 0, 0, 306640, 2140
317172, 0, 8, 0, 0, 0, 0, 306640, 2140
317172, 0, 8, 0, 0, 0, 0, 306640, 2140
317172, 0, 8, 0, 0, 0, 0, 306640, 2140
317172, 0, 8, 0, 0, 0, 0, 306640, 2140
317172, 0, 8, 0, 0, 0, 0, 306640, 2140
317172, 0, 8, 0, 0, 0, 0, 306640, 2140
317172, 0, 8, 0, 0, 0, 0, 306640, 2140
317172, 0, 8, 0, 0, 0, 0, 306640, 2140
317172, 0, 8, 0, 0, 0, 0, 306640, 2140
317172, 0, 8, 0, 0, 0, 0, 306640, 2140
317172, 0, 8, 0, 0, 0, 0, 306640, 2140
317172, 0, 8, 0, 0, 0, 0, 306640, 2140
317172, 0, 8, 0, 0, 0, 0, 306640, 2140
317172, 0, 8, 0, 0, 0, 0, 306640, 2140
317172, 0, 8, 0, 0, 0, 0, 306640, 2140
317172, 0, 8, 0, 0, 0, 0, 306640, 2140
317172, 0, 8, 0, 0, 0, 0, 306640, 2140
317172, 0, 8, 0, 0, 0, 0, 306640, 2140
317172, 0, 8, 0, 0, 0, 0, 306640, 2140
317172, 0, 8, 0, 0, 0, 0, 306640, 2140
317172, 0, 8, 0, 0, 0, 0, 306640, 2140
317172, 0, 8, 0, 0, 0, 0, 306640, 2140
317172, 0, 8, 0, 0, 0, 0, 306640, 2140
317172, 0, 8, 0, 0, 0, 0, 306640, 2140
317172, 0, 8, 0, 0, 0, 0, 306640, 2140
317172, 0, 8, 0, 0, 0, 0, 306640, 2140
317172, 0, 8, 0, 0, 0, 0, 306640, 2140
317172, 0, 8, 0, 0, 0, 0, 306640, 2140
317172, 0, 8, 0, 0, 0, 0, 306640, 2140
317172, 0, 8, 0, 0, 0, 0, 306640, 2140
317172, 0, 8, 0, 0, 0, 0, 306640, 2140
317172, 0, 8, 0, 0, 0, 0, 306640, 2140
317172, 0, 8, 0, 0, 0, 0, 306640, 2140
317172, 0, 8, 0, 0, 0, 0, 306640, 2140
317172, 0, 8, 0, 0, 0, 0, 306640, 2140
317172, 0, 8, 0, 0, 0, 0, 306640, 2140
317172, 0, 8, 0, 0, 0, 0, 306640, 2140
317172, 0, 8, 0, 0, 0, 0, 306640, 2140
317172, 0, 8, 0, 0, 0, 0, 306640, 2140
317172, 0, 8, 0, 0, 0, 0, 306640, 2140
317172, 0, 8, 0, 0, 0, 0, 306640, 2140
317172, 0, 8, 0, 0, 0, 0, 306640, 2140
317172, 0, 8, 0, 0, 0, 0, 306640, 2140
317172, 0, 8, 0, 0, 0, 0, 306640, 2140
317172, 0, 8, 0, 0, 0, 0, 306640, 2140
317172, 0, 8, 0, 0, 0, 0, 306640, 2140
317172, 0, 8, 0, 0, 0, 0, 306640, 2140
317172, 0, 8, 0, 0, 0, 0, 306640, 2140
317172, 0, 8, 0, 0, 0, 0, 306640, 2140
317172, 0, 8, 0, 0, 0, 0, 306640, 2140
317172, 0, 8, 0, 0, 0, 0, 306640, 2140
317172, 0, 8, 0, 0, 0, 0, 306640, 2140
317172, 0, 8, 0, 0, 0, 0, 306640, 2140
317172, 0, 8, 0, 0, 0, 0, 306640, 2140
317172, 0, 8, 0, 0, 0, 0, 306640, 2140
317172, 0, 8, 0, 0, 0, 0, 306640, 2140
317172, 0, 8, 0, 0, 0, 0, 306640, 2140
317172, 0, 8, 0, 0, 0, 0, 306640, 2140
317172, 0, 8, 0, 0, 0, 0, 306640, 2140
317172, 0, 8, 0, 0, 0, 0, 306640, 2140
317172, 0, 8, 0, 0, 0, 0, 306640, 2140
317172, 0, 8, 0, 0, 0, 0, 306640, 2140
317172, 0, 8, 0, 0, 0, 0, 306640, 2140
317172, 0, 8, 0, 0, 0, 0, 306640, 2140
317172, 0, 8, 0, 0, 0, 0, 306640, 2140
317172, 0, 8, 0, 0, 0, 0, 306640, 2140
317172, 0, 8, 0, 0, 0, 0, 306640, 2140
317172, 0, 8, 0, 0, 0, 0, 306640, 2140
317172, 0, 8, 0, 0, 0, 0, 306640, 2140
317172, 0, 8, 0, 0, 0, 0, 306640, 2140
317172, 0, 8, 0, 0, 0, 0, 306640, 2140
317172, 0, 8, 0, 0, 0, 0, 306640, 2140
317172, 0, 8, 0, 0, 0, 0, 306640, 2140
317172, 0, 8, 0, 0, 0, 0, 306640, 2140
317172, 0, 8, 0, 0, 0, 0, 306640, 2140
317172, 0, 8, 0, 0, 0, 0, 306640, 2140
317172, 0, 8, 0, 0, 0, 0, 306640, 2140
317172, 0, 8, 0, 0, 0, 0, 306640, 2140
317172, 0, 8, 0, 0, 0, 0, 306640, 2140
317172, 0, 8, 0, 0, 0, 0, 306640, 2140
317172, 0, 8, 0, 0, 0, 0, 306640, 2140
317172, 0, 8, 0, 0, 0, 0, 306640, 2140
317172, 0, 8, 0, 0, 0, 0, 306640, 2140
317172, 0, 8, 0, 0, 0, 0, 306640, 2140
317172, 0, 8, 0, 0, 0, 0, 306640, 2140
317172, 0, 8, 0, 0, 0, 0, 306640, 2140
317172, 0, 8, 0, 0, 0, 0, 306640, 2140
317172, 0, 8, 0, 0, 0, 0, 306640, 2140
317172, 0, 8, 0, 0, 0, 0, 306640, 2140
317172, 0, 8, 0, 0, 0, 0, 306640, 2140
317172, 0, 8, 0, 0, 0, 0, 306640, 2140
317172, 0, 8, 0, 0, 0, 0, 306640, 2140
317172, 0, 8, 0, 0, 0, 0, 306640, 2140
317172, 0, 8, 0, 0, 0, 0, 306640, 2140
317172, 0, 8, 0, 0, 0, 0, 306640, 2140
317172, 0, 8, 0, 0, 0, 0, 306640, 2140
317172, 0, 8, 0, 0, 0, 0, 306640, 2140
317172, 0, 8, 0, 0, 0, 0, 306640, 2140
317172, 0, 8, 0, 0, 0, 0, 306640, 2140
317172, 0, 8, 0, 0, 0, 0, 306640, 2140
317172, 0, 8, 0, 0, 0, 0, 306640, 2140
317172, 0, 8, 0, 0, 0, 0, 306640, 2140
317172, 0, 8, 0, 0, 0, 0, 306640, 2140
317172, 0, 8, 0, 0, 0, 0, 306640, 2140
317172, 0, 8, 0, 0, 0, 0, 306640, 2140
317172, 0, 8, 0, 0, 0, 0, 306640, 2140
317172, 0, 8, 0, 0, 0, 0, 306640, 2140
317172, 0, 8, 0, 0, 0, 0, 306640, 2140
317172, 0, 8, 0, 0, 0, 0, 306640, 2140
317172, 0, 8, 0, 0, 0, 0, 306640, 2140
317172, 0, 8, 0, 0, 0, 0, 306640, 2140
317172, 0, 8, 0, 0, 0, 0, 306640, 2140
317172, 0, 8, 0, 0, 0, 0, 306640, 2140
317172, 0, 8, 0, 0, 0, 0, 306640, 2140
317172, 0, 8, 0, 0, 0, 0, 306640, 2140
317172, 0, 8, 0, 0, 0, 0, 306640, 2140
317172, 0, 8, 0, 0, 0, 0, 306640, 2140
317172, 0, 8, 0, 0, 0, 0, 306640, 2140
317172, 0, 8, 0, 0, 0, 0, 306640, 2140
317172, 0, 8, 0, 0, 0, 0, 306640, 2140
317172, 0, 8, 0, 0, 0, 0, 306640, 2140
317172, 0, 8, 0, 0, 0, 0, 306640, 2140
317172, 0, 8, 0, 0, 0, 0, 306640, 2140
317172, 0, 8, 0, 0, 0, 0, 306640, 2140
317172, 0, 8, 0, 0, 0, 0, 306640, 2140
317172, 0, 8, 0, 0, 0, 0, 306640, 2140
317172, 0, 8, 0, 0, 0, 0, 306640, 2140
317172, 0, 8, 0, 0, 0, 0, 306640, 2140
317172, 0, 8, 0, 0, 0, 0, 306640, 2140
317172, 0, 8, 0, 0, 0, 0, 306640, 2140
317172, 0, 8, 0, 0, 0, 0, 306640, 2140
317172, 0, 8, 0, 0, 0, 0, 306640, 2140
317172, 0, 8, 0, 0, 0, 0, 306640, 2140
317172, 0, 8, 0, 0, 0, 0, 306640, 2140
317172, 0, 8, 0, 0, 0, 0, 306640, 2140
317172, 0, 8, 0, 0, 0, 0, 306640, 2140
317172, 0, 8, 0, 0, 0, 0, 306640, 2140
317172, 0, 8, 0, 0, 0, 0, 306640, 2140
317172, 0, 8, 0, 0, 0, 0, 306640, 2140
317172, 0, 8, 0, 0, 0, 0, 306640, 2140
317172, 0, 8, 0, 0, 0, 0, 306640, 2140
317172, 0, 8, 0, 0, 0, 0, 306640, 2140
317172, 0, 8, 0, 0, 0, 0, 306640, 2140
317172, 0, 8, 0, 0, 0, 0, 306640, 2140
317172, 0, 8, 0, 0, 0, 0, 306640, 2140
317172, 0, 8, 0, 0, 0, 0, 306640, 2140
317172, 0, 8, 0, 0, 0, 0, 306640, 2140
317172, 0, 8, 0, 0, 0, 0, 306640, 2140
317172, 0, 8, 0, 0, 0, 0, 306640, 2140
317172, 0, 8, 0, 0, 0, 0, 306640, 2140
317172, 0, 8, 0, 0, 0, 0, 306640, 2140
317172, 0, 8, 0, 0, 0, 0, 306640, 2140
317172, 0, 8, 0, 0, 0, 0, 306640, 2140
317172, 0, 8, 0, 0, 0, 0, 306640, 2140
317172, 0, 8, 0, 0, 0, 0, 306640, 2140
317172, 0, 8, 0, 0, 0, 0, 306640, 2140
317172, 0, 8, 0, 0, 0, 0, 306640, 2140
317172, 0, 8, 0, 0, 0, 0, 306640, 2140
317172, 0, 8, 0, 0, 0, 0, 306640, 2140
317172, 0, 8, 0, 0, 0, 0, 306640, 2140
317172, 0, 8, 0, 0, 0, 0, 306640, 2140
317172, 0, 8, 0, 0, 0, 0, 306640, 2140
317172, 0, 8, 0, 0, 0, 0, 306640, 2140
317172, 0, 8, 0, 0, 0, 0, 306640, 2140
317172, 0, 8, 0, 0, 0, 0, 306640, 2140
317172, 0, 8, 0, 0, 0, 0, 306640, 2140
317172, 0, 8, 0, 0, 0, 0, 306640, 2140
317172, 0, 8, 0, 0, 0, 0, 306640, 2140
317172, 0, 8, 0, 0, 0, 0, 306640, 2140
317172, 0, 8, 0, 0, 0, 0, 306640, 2140
317172, 0, 8, 0, 0, 0, 0, 306640, 2140
317172, 0, 8, 0, 0, 0, 0, 306640, 2140
317172, 0, 8, 0, 0, 0, 0, 306640, 2140
317172, 0, 8, 0, 0, 0, 0, 306640, 2140
317172, 0, 8, 0, 0, 0, 0, 306640, 2140
317172, 0, 8, 0, 0, 0, 0, 306640, 2140
317172, 0, 8, 0, 0, 0, 0, 306640, 2140
317172, 0, 8, 0, 0, 0, 0, 306640, 2140
317172, 0, 8, 0, 0, 0, 0, 306640, 2140
317172, 0, 8, 0, 0, 0, 0, 306640, 2140
317172, 0, 8, 0, 0, 0, 0, 306640, 2140
317172, 0, 8, 0, 0, 0, 0, 306640, 2140
317172, 0, 8, 0, 0, 0, 0, 306640, 2140
317172, 0, 8, 0, 0, 0, 0, 306640, 2140
317172, 0, 8, 0, 0, 0, 0, 306640, 2140
317172, 0, 8, 0, 0, 0, 0, 306640, 2140
317172, 0, 8, 0, 0, 0, 0, 306640, 2140
317172, 0, 8, 0, 0, 0, 0, 306640, 2140
317172, 0, 8, 0, 0, 0, 0, 306640, 2140
317172, 0, 8, 0, 0, 0, 0, 306640, 2140
317172, 0, 8, 0, 0, 0, 0, 306640, 2140
317172, 0, 8, 0, 0, 0, 0, 306640, 2140
317172, 0, 8, 0, 0, 0, 0, 306640, 2140
317172, 0, 8, 0, 0, 0, 0, 306640, 2140
317172, 0, 8, 0, 0, 0, 0, 306640, 2140
317172, 0, 8, 0, 0, 0, 0, 306640, 2140
317172, 0, 8, 0, 0, 0, 0, 306640, 2140
317172, 0, 8, 0, 0, 0, 0, 306640, 2140
317172, 0, 8, 0, 0, 0, 0, 306640, 2140
317172, 0, 8, 0, 0, 0, 0, 306640, 2140
317172, 0, 8, 0, 0, 0, 0, 306640, 2140
317172, 0, 8, 0, 0, 0, 0, 306640, 2140
317172, 0, 8, 0, 0, 0, 0, 306640, 2140
317172, 0, 8, 0, 0, 0, 0, 306640, 2140
317172, 0, 8, 0, 0, 0, 0, 306640, 2140
317172, 0, 8, 0, 0, 0, 0, 306640, 2140
317172, 0, 8, 0, 0, 0, 0, 306640, 2140
317172, 0, 8, 0, 0, 0, 0, 306640, 2140
317172, 0, 8, 0, 0, 0, 0, 306640, 2140
317172, 0, 8, 0, 0, 0, 0, 306640, 2140
317172, 0, 8, 0, 0, 0, 0, 306640, 2140
317172, 0, 8, 0, 0, 0, 0, 306640, 2140
317172, 0, 8, 0, 0, 0, 0, 306640, 2140
317172, 0, 8, 0, 0, 0, 0, 306640, 2140
317172, 0, 8, 0, 0, 0, 0, 306640, 2140
317172, 0, 8, 0, 0, 0, 0, 306640, 2140
317172, 0, 8, 0, 0, 0, 0, 306640, 2140
317172, 0, 8, 0, 0, 0, 0, 306640, 2140
317172, 0, 8, 0, 0, 0, 0, 306640, 2140
317172, 0, 8, 0, 0, 0, 0, 306640, 2140
317172, 0, 8, 0, 0, 0, 0, 306640, 2140
317172, 0, 8, 0, 0, 0, 0, 306640, 2140
317172, 0, 8, 0, 0, 0, 0, 306640, 2140
317172, 0, 8, 0, 0, 0, 0, 306640, 2140
317172, 0, 8, 0, 0, 0, 0, 306640, 2140
317172, 0, 8, 0, 0, 0, 0, 306640, 2140
317172, 0, 8, 0, 0, 0, 0, 306640, 2140
317172, 0, 8, 0, 0, 0, 0, 306640, 2140
317172, 0, 8, 0, 0, 0, 0, 306640, 2140
317172, 0, 8, 0, 0, 0, 0, 306640, 2140
317172, 0, 8, 0, 0, 0, 0, 306640, 2140
317172, 0, 8, 0, 0, 0, 0, 306640, 2140
317172, 0, 8, 0, 0, 0, 0, 306640, 2140
317172, 0, 8, 0, 0, 0, 0, 306640, 2140
317172, 0, 8, 0, 0, 0, 0, 306640, 2140
317172, 0, 8, 0, 0, 0, 0, 306640, 2140
317172, 0, 8, 0, 0, 0, 0, 306640, 2140
317172, 0, 8, 0, 0, 0, 0, 306640, 2140
317172, 0, 8, 0, 0, 0, 0, 306640, 2140
317172, 0, 8, 0, 0, 0, 0, 306640, 2140
317172, 0, 8, 0, 0, 0, 0, 306640, 2140
317172, 0, 8, 0, 0, 0, 0, 306640, 2140
317172, 0, 8, 0, 0, 0, 0, 306640, 2140
317172, 0, 8, 0, 0, 0, 0, 306640, 2140
317172, 0, 8, 0, 0, 0, 0, 306640, 2140
317172, 0, 8, 0, 0, 0, 0, 306640, 2140
317172, 0, 8, 0, 0, 0, 0, 306640, 2140
317172, 0, 8, 0, 0, 0, 0, 306640, 2140
317172, 0, 8, 0, 0, 0, 0, 306640, 2140
317172, 0, 8, 0, 0, 0, 0, 306640, 2140
317172, 0, 8, 0, 0, 0, 0, 306640, 2140
317172, 0, 8, 0, 0, 0, 0, 306640, 2140
317172, 0, 8, 0, 0, 0, 0, 306640, 2140
317172, 0, 8, 0, 0, 0, 0, 306640, 2140
317172, 0, 8, 0, 0, 0, 0, 306640, 2140
317172, 0, 8, 0, 0, 0, 0, 306640, 2140
317172, 0, 8, 0, 0, 0, 0, 306640, 2140
317172, 0, 8, 0, 0, 0, 0, 306640, 2140
317172, 0, 8, 0, 0, 0, 0, 306640, 2140
317172, 0, 8, 0, 0, 0, 0, 306640, 2140
317172, 0, 8, 0, 0, 0, 0, 306640, 2140
317172, 0, 8, 0, 0, 0, 0, 306640, 2140
317172, 0, 8, 0, 0, 0, 0, 306640, 2140
317172, 0, 8, 0, 0, 0, 0, 306640, 2140
317172, 0, 8, 0, 0, 0, 0, 306640, 2140
317172, 0, 8, 0, 0, 0, 0, 306640, 2140
317172, 0, 8, 0, 0, 0, 0, 306640, 2140
317172, 0, 8, 0, 0, 0, 0, 306640, 2140
317172, 0, 8, 0, 0, 0, 0, 306640, 2140
317172, 0, 8, 0, 0, 0, 0, 306640, 2140
317172, 0, 8, 0, 0, 0, 0, 306640, 2140
317172, 0, 8, 0, 0, 0, 0, 306640, 2140
317172, 0, 8, 0, 0, 0, 0, 306640, 2140
317172, 0, 8, 0, 0, 0, 0, 306640, 2140
317172, 0, 8, 0, 0, 0, 0, 306640, 2140
317172, 0, 8, 0, 0, 0, 0, 306640, 2140
317172, 0, 8, 0, 0, 0, 0, 306640, 2140
317172, 0, 8, 0, 0, 0, 0, 306640, 2140
317172, 0, 8, 0, 0, 0, 0, 306640, 2140
317172, 0, 8, 0, 0, 0, 0, 306640, 2140
317172, 0, 8, 0, 0, 0, 0, 306640, 2140
317172, 0, 8, 0, 0, 0, 0, 306640, 2140
317172, 0, 8, 0, 0, 0, 0, 306640, 2140
317172, 0, 8, 0, 0, 0, 0, 306640, 2140
317172, 0, 8, 0, 0, 0, 0, 306640, 2140
317172, 0, 8, 0, 0, 0, 0, 306640, 2140
317172, 0, 8, 0, 0, 0, 0, 306640, 2140
317172, 0, 8, 0, 0, 0, 0, 306640, 2140
317172, 0, 8, 0, 0, 0, 0, 306640, 2140
317172, 0, 8, 0, 0, 0, 0, 306640, 2140
317172, 0, 8, 0, 0, 0, 0, 306640, 2140
317172, 0, 8, 0, 0, 0, 0, 306640, 2140
317172, 0, 8, 0, 0, 0, 0, 306640, 2140
317172, 0, 8, 0, 0, 0, 0, 306640, 2140
317172, 0, 8, 0, 0, 0, 0, 306640, 2140
317172, 0, 8, 0, 0, 0, 0, 306640, 2140
317172, 0, 8, 0, 0, 0, 0, 306640, 2140
317172, 0, 8, 0, 0, 0, 0, 306640, 2140
317172, 0, 8, 0, 0, 0, 0, 306640, 2140
317172, 0, 8, 0, 0, 0, 0, 306640, 2140
317172, 0, 8, 0, 0, 0, 0, 306640, 2140
317172, 0, 8, 0, 0, 0, 0, 306640, 2140
317172, 0, 8, 0, 0, 0, 0, 306640, 2140
317172, 0, 8, 0, 0, 0, 0, 306640, 2140
317172, 0, 8, 0, 0, 0, 0, 306640, 2140
317172, 0, 8, 0, 0, 0, 0, 306640, 2140
317172, 0, 8, 0, 0, 0, 0, 306640, 2140
317172, 0, 8, 0, 0, 0, 0, 306640, 2140
317172, 0, 8, 0, 0, 0, 0, 306640, 2140
317172, 0, 8, 0, 0, 0, 0, 306640, 2140
317172, 0, 8, 0, 0, 0, 0, 306640, 2140
317172, 0, 8, 0, 0, 0, 0, 306640, 2140
317172, 0, 8, 0, 0, 0, 0, 306640, 2140
317172, 0, 8, 0, 0, 0, 0, 306640, 2140
317172, 0, 8, 0, 0, 0, 0, 306640, 2140
317172, 0, 8, 0, 0, 0, 0, 306640, 2140
317172, 0, 8, 0, 0, 0, 0, 306640, 2140
317172, 0, 8, 0, 0, 0, 0, 306640, 2140
317172, 0, 8, 0, 0, 0, 0, 306640, 2140
317172, 0, 8, 0, 0, 0, 0, 306640, 2140
317172, 0, 8, 0, 0, 0, 0, 306640, 2140
317172, 0, 8, 0, 0, 0, 0, 306640, 2140
317172, 0, 8, 0, 0, 0, 0, 306640, 2140
317172, 0, 8, 0, 0, 0, 0, 306640, 2140
317172, 0, 8, 0, 0, 0, 0, 306640, 2140
317172, 0, 8, 0, 0, 0, 0, 306640, 2140
317172, 0, 8, 0, 0, 0, 0, 306640, 2140
317172, 0, 8, 0, 0, 0, 0, 306640, 2140
317172, 0, 8, 0, 0, 0, 0, 306640, 2140
317172, 0, 8, 0, 0, 0, 0, 306640, 2140
317172, 0, 8, 0, 0, 0, 0, 306640, 2140
317172, 0, 8, 0, 0, 0, 0, 306640, 2140
317172, 0, 8, 0, 0, 0, 0, 306640, 2140
317172, 0, 8, 0, 0, 0, 0, 306640, 2140
317172, 0, 8, 0, 0, 0, 0, 306640, 2140
317172, 0, 8, 0, 0, 0, 0, 306640, 2140
317172, 0, 8, 0, 0, 0, 0, 306640, 2140
317172, 0, 8, 0, 0, 0, 0, 306640, 2140
317172, 0, 8, 0, 0, 0, 0, 306640, 2140
317172, 0, 8, 0, 0, 0, 0, 306640, 2140
317172, 0, 8, 0, 0, 0, 0, 306640, 2140
317172, 0, 8, 0, 0, 0, 0, 306640, 2140
317172, 0, 8, 0, 0, 0, 0, 306640, 2140
317172, 0, 8, 0, 0, 0, 0, 306640, 2140
317172, 0, 8, 0, 0, 0, 0, 306640, 2140
317172, 0, 8, 0, 0, 0, 0, 306640, 2140
317172, 0, 8, 0, 0, 0, 0, 306640, 2140
317172, 0, 8, 0, 0, 0, 0, 306640, 2140
317172, 0, 8, 0, 0, 0, 0, 306640, 2140
317172, 0, 8, 0, 0, 0, 0, 306640, 2140
317172, 0, 8, 0, 0, 0, 0, 306640, 2140
317172, 0, 8, 0, 0, 0, 0, 306640, 2140
317172, 0, 8, 0, 0, 0, 0, 306640, 2140
317172, 0, 8, 0, 0, 0, 0, 306640, 2140
317172, 0, 8, 0, 0, 0, 0, 306640, 2140
317172, 0, 8, 0, 0, 0, 0, 306640, 2140
317172, 0, 8, 0, 0, 0, 0, 306640, 2140
317172, 0, 8, 0, 0, 0, 0, 306640, 2140
317172, 0, 8, 0, 0, 0, 0, 306640, 2140
317172, 0, 8, 0, 0, 0, 0, 306640, 2140
317172, 0, 8, 0, 0, 0, 0, 306640, 2140
317172, 0, 8, 0, 0, 0, 0, 306640, 2140
317172, 0, 8, 0, 0, 0, 0, 306640, 2140
317172, 0, 8, 0, 0, 0, 0, 306640, 2140
317172, 0, 8, 0, 0, 0, 0, 306640, 2140
317172, 0, 8, 0, 0, 0, 0, 306640, 2140
317172, 0, 8, 0, 0, 0, 0, 306640, 2140
317172, 0, 8, 0, 0, 0, 0, 306640, 2140
317172, 0, 8, 0, 0, 0, 0, 306640, 2140
317172, 0, 8, 0, 0, 0, 0, 306640, 2140
317172, 0, 8, 0, 0, 0, 0, 306640, 2140
317172, 0, 8, 0, 0, 0, 0, 306640, 2140
317172, 0, 8, 0, 0, 0, 0, 306640, 2140
317172, 0, 8, 0, 0, 0, 0, 306640, 2140
317172, 0, 8, 0, 0, 0, 0, 306640, 2140
317172, 0, 8, 0, 0, 0, 0, 306640, 2140
317172, 0, 8, 0, 0, 0, 0, 306640, 2140
317172, 0, 8, 0, 0, 0, 0, 306640, 2140
317172, 0, 8, 0, 0, 0, 0, 306640, 2140
317172, 0, 8, 0, 0, 0, 0, 306640, 2140
317172, 0, 8, 0, 0, 0, 0, 306640, 2140
317172, 0, 8, 0, 0, 0, 0, 306640, 2140
317172, 0, 8, 0, 0, 0, 0, 306640, 2140
317172, 0, 8, 0, 0, 0, 0, 306640, 2140
317172, 0, 8, 0, 0, 0, 0, 306640, 2140
317172, 0, 8, 0, 0, 0, 0, 306640, 2140
317172, 0, 8, 0, 0, 0, 0, 306640, 2140
317172, 0, 8, 0, 0, 0, 0, 306640, 2140
317172, 0, 8, 0, 0, 0, 0, 306640, 2140
317172, 0, 8, 0, 0, 0, 0, 306640, 2140
317172, 0, 8, 0, 0, 0, 0, 306640, 2140
317172, 0, 8, 0, 0, 0, 0, 306640, 2140
317172, 0, 8, 0, 0, 0, 0, 306640, 2140
317172, 0, 8, 0, 0, 0, 0, 306640, 2140
317172, 0, 8, 0, 0, 0, 0, 306640, 2140
317172, 0, 8, 0, 0, 0, 0, 306640, 2140
317172, 0, 8, 0, 0, 0, 0, 306640, 2140
317172, 0, 8, 0, 0, 0, 0, 306640, 2140
317172, 0, 8, 0, 0, 0, 0, 306640, 2140
317172, 0, 8, 0, 0, 0, 0, 306640, 2140
317172, 0, 8, 0, 0, 0, 0, 306640, 2140
317172, 0, 8, 0, 0, 0, 0, 306640, 2140
317172, 0, 8, 0, 0, 0, 0, 306640, 2140
317172, 0, 8, 0, 0, 0, 0, 306640, 2140
317172, 0, 8, 0, 0, 0, 0, 306640, 2140
317172, 0, 8, 0, 0, 0, 0, 306640, 2140
317172, 0, 8, 0, 0, 0, 0, 306640, 2140
317172, 0, 8, 0, 0, 0, 0, 306640, 2140
317172, 0, 8, 0, 0, 0, 0, 306640, 2140
317172, 0, 8, 0, 0, 0, 0, 306640, 2140
317172, 0, 8, 0, 0, 0, 0, 306640, 2140
317172, 0, 8, 0, 0, 0, 0, 306640, 2140
317172, 0, 8, 0, 0, 0, 0, 306640, 2140
317172, 0, 8, 0, 0, 0, 0, 306640, 2140
317172, 0, 8, 0, 0, 0, 0, 306640, 2140
317172, 0, 8, 0, 0, 0, 0, 306640, 2140
317172, 0, 8, 0, 0, 0, 0, 306640, 2140
317172, 0, 8, 0, 0, 0, 0, 306640, 2140
317172, 0, 8, 0, 0, 0, 0, 306640, 2140
317172, 0, 8, 0, 0, 0, 0, 306640, 2140
317172, 0, 8, 0, 0, 0, 0, 306640, 2140
317172, 0, 8, 0, 0, 0, 0, 306640, 2140
317172, 0, 8, 0, 0, 0, 0, 306640, 2140
317172, 0, 8, 0, 0, 0, 0, 306640, 2140
317172, 0, 8, 0, 0, 0, 0, 306640, 2140
317172, 0, 8, 0, 0, 0, 0, 306640, 2140
317172, 0, 8, 0, 0, 0, 0, 306640, 2140
317172, 0, 8, 0, 0, 0, 0, 306640, 2140
317172, 0, 8, 0, 0, 0, 0, 306640, 2140
317172, 0, 8, 0, 0, 0, 0, 306640, 2140
317172, 0, 8, 0, 0, 0, 0, 306640, 2140
317172, 0, 8, 0, 0, 0, 0, 306640, 2140
317172, 0, 8, 0, 0, 0, 0, 306640, 2140
317172, 0, 8, 0, 0, 0, 0, 306640, 2140
317172, 0, 8, 0, 0, 0, 0, 306640, 2140
317172, 0, 8, 0, 0, 0, 0, 306640, 2140
317172, 0, 8, 0, 0, 0, 0, 306640, 2140
317172, 0, 8, 0, 0, 0, 0, 306640, 2140
317172, 0, 8, 0, 0, 0, 0, 306640, 2140
317172, 0, 8, 0, 0, 0, 0, 306640, 2140
317172, 0, 8, 0, 0, 0, 0, 306640, 2140
317172, 0, 8, 0, 0, 0, 0, 306640, 2140
317172, 0, 8, 0, 0, 0, 0, 306640, 2140
317172, 0, 8, 0, 0, 0, 0, 306640, 2140
317172, 0, 8, 0, 0, 0, 0, 306640, 2140
317172, 0, 8, 0, 0, 0, 0, 306640, 2140
317172, 0, 8, 0, 0, 0, 0, 306640, 2140
317172, 0, 8, 0, 0, 0, 0, 306640, 2140
317172, 0, 8, 0, 0, 0, 0, 306640, 2140
317172, 0, 8, 0, 0, 0, 0, 306640, 2140
317172, 0, 8, 0, 0, 0, 0, 306640, 2140
317172, 0, 8, 0, 0, 0, 0, 306640, 2140
317172, 0, 8, 0, 0, 0, 0, 306640, 2140
317172, 0, 8, 0, 0, 0, 0, 306640, 2140
317172, 0, 8, 0, 0, 0, 0, 306640, 2140
317172, 0, 8, 0, 0, 0, 0, 306640, 2140
317172, 0, 8, 0, 0, 0, 0, 306640, 2140
317172, 0, 8, 0, 0, 0, 0, 306640, 2140
317172, 0, 8, 0, 0, 0, 0, 306640, 2140
317172, 0, 8, 0, 0, 0, 0, 306640, 2140
317172, 0, 8, 0, 0, 0, 0, 306640, 2140
317172, 0, 8, 0, 0, 0, 0, 306640, 2140
317172, 0, 8, 0, 0, 0, 0, 306640, 2140
317172, 0, 8, 0, 0, 0, 0, 306640, 2140
317172, 0, 8, 0, 0, 0, 0, 306640, 2140
317172, 0, 8, 0, 0, 0, 0, 306640, 2140
317172, 0, 8, 0, 0, 0, 0, 306640, 2140
317172, 0, 8, 0, 0, 0, 0, 306640, 2140
317172, 0, 8, 0, 0, 0, 0, 306640, 2140
317172, 0, 8, 0, 0, 0, 0, 306640, 2140
317172, 0, 8, 0, 0, 0, 0, 306640, 2140
317172, 0, 8, 0, 0, 0, 0, 306640, 2140
317172, 0, 8, 0, 0, 0, 0, 306640, 2140
317172, 0, 8, 0, 0, 0, 0, 306640, 2140
317172, 0, 8, 0, 0, 0, 0, 306640, 2140
317172, 0, 8, 0, 0, 0, 0, 306640, 2140
317172, 0, 8, 0, 0, 0, 0, 306640, 2140
317172, 0, 8, 0, 0, 0, 0, 306640, 2140
317172, 0, 8, 0, 0, 0, 0, 306640, 2140
317172, 0, 8, 0, 0, 0, 0, 306640, 2140
317172, 0, 8, 0, 0, 0, 0, 306640, 2140
317172, 0, 8, 0, 0, 0, 0, 306640, 2140
317172, 0, 8, 0, 0, 0, 0, 306640, 2140
317172, 0, 8, 0, 0, 0, 0, 306640, 2140
317172, 0, 8, 0, 0, 0, 0, 306640, 2140
317172, 0, 8, 0, 0, 0, 0, 306640, 2140
317172, 0, 8, 0, 0, 0, 0, 306640, 2140
317172, 0, 8, 0, 0, 0, 0, 306640, 2140
317172, 0, 8, 0, 0, 0, 0, 306640, 2140
317172, 0, 8, 0, 0, 0, 0, 306640, 2140
317172, 0, 8, 0, 0, 0, 0, 306640, 2140
317172, 0, 8, 0, 0, 0, 0, 306640, 2140
317172, 0, 8, 0, 0, 0, 0, 306640, 2140
317172, 0, 8, 0, 0, 0, 0, 306640, 2140
317172, 0, 8, 0, 0, 0, 0, 306640, 2140
317172, 0, 8, 0, 0, 0, 0, 306640, 2140
317172, 0, 8, 0, 0, 0, 0, 306640, 2140
317172, 0, 8, 0, 0, 0, 0, 306640, 2140
317172, 0, 8, 0, 0, 0, 0, 306640, 2140
317172, 0, 8, 0, 0, 0, 0, 306640, 2140
317172, 0, 8, 0, 0, 0, 0, 306640, 2140
317172, 0, 8, 0, 0, 0, 0, 306640, 2140
317172, 0, 8, 0, 0, 0, 0, 306640, 2140
317172, 0, 8, 0, 0, 0, 0, 306640, 2140
317172, 0, 8, 0, 0, 0, 0, 306640, 2140
317172, 0, 8, 0, 0, 0, 0, 306640, 2140
317172, 0, 8, 0, 0, 0, 0, 306640, 2140
317172, 0, 8, 0, 0, 0, 0, 306640, 2140
317172, 0, 8, 0, 0, 0, 0, 306640, 2140
317172, 0, 8, 0, 0, 0, 0, 306640, 2140
317172, 0, 8, 0, 0, 0, 0, 306640, 2140
317172, 0, 8, 0, 0, 0, 0, 306640, 2140
317172, 0, 8, 0, 0, 0, 0, 306640, 2140
317172, 0, 8, 0, 0, 0, 0, 306640, 2140
317172, 0, 8, 0, 0, 0, 0, 306640, 2140
317172, 0, 8, 0, 0, 0, 0, 306640, 2140
317172, 0, 8, 0, 0, 0, 0, 306640, 2140
317172, 0, 8, 0, 0, 0, 0, 306640, 2140
317172, 0, 8, 0, 0, 0, 0, 306640, 2140
317172, 0, 8, 0, 0, 0, 0, 306640, 2140
317172, 0, 8, 0, 0, 0, 0, 306640, 2140
317172, 0, 8, 0, 0, 0, 0, 306640, 2140
317172, 0, 8, 0, 0, 0, 0, 306640, 2140
317172, 0, 8, 0, 0, 0, 0, 306640, 2140
317172, 0, 8, 0, 0, 0, 0, 306640, 2140
317172, 0, 8, 0, 0, 0, 0, 306640, 2140
317172, 0, 8, 0, 0, 0, 0, 306640, 2140
317172, 0, 8, 0, 0, 0, 0, 306640, 2140
317172, 0, 8, 0, 0, 0, 0, 306640, 2140
317172, 0, 8, 0, 0, 0, 0, 306640, 2140
317172, 0, 8, 0, 0, 0, 0, 306640, 2140
317172, 0, 8, 0, 0, 0, 0, 306640, 2140
317172, 0, 8, 0, 0, 0, 0, 306640, 2140
317172, 0, 8, 0, 0, 0, 0, 306640, 2140
317172, 0, 8, 0, 0, 0, 0, 306640, 2140
317172, 0, 8, 0, 0, 0, 0, 306640, 2140
317172, 0, 8, 0, 0, 0, 0, 306640, 2140
317172, 0, 8, 0, 0, 0, 0, 306640, 2140
317172, 0, 8, 0, 0, 0, 0, 306640, 2140
317172, 0, 8, 0, 0, 0, 0, 306640, 2140
317172, 0, 8, 0, 0, 0, 0, 306640, 2140
317172, 0, 8, 0, 0, 0, 0, 306640, 2140
317172, 0, 8, 0, 0, 0, 0, 306640, 2140
317172, 0, 8, 0, 0, 0, 0, 306640, 2140
317172, 0, 8, 0, 0, 0, 0, 306640, 2140
317172, 0, 8, 0, 0, 0, 0, 306640, 2140
317172, 0, 8, 0, 0, 0, 0, 306640, 2140
317172, 0, 8, 0, 0, 0, 0, 306640, 2140
317172, 0, 8, 0, 0, 0, 0, 306640, 2140
317172, 0, 8, 0, 0, 0, 0, 306640, 2140
317172, 0, 8, 0, 0, 0, 0, 306640, 2140
317172, 0, 8, 0, 0, 0, 0, 306640, 2140
317172, 0, 8, 0, 0, 0, 0, 306640, 2140
317172, 0, 8, 0, 0, 0, 0, 306640, 2140
317172, 0, 8, 0, 0, 0, 0, 306640, 2140
317172, 0, 8, 0, 0, 0, 0, 306640, 2140
317172, 0, 8, 0, 0, 0, 0, 306640, 2140
317172, 0, 8, 0, 0, 0, 0, 306640, 2140
317172, 0, 8, 0, 0, 0, 0, 306640, 2140
317172, 0, 8, 0, 0, 0, 0, 306640, 2140
317172, 0, 8, 0, 0, 0, 0, 306640, 2140
317172, 0, 8, 0, 0, 0, 0, 306640, 2140
317172, 0, 8, 0, 0, 0, 0, 306640, 2140
317172, 0, 8, 0, 0, 0, 0, 306640, 2140
317172, 0, 8, 0, 0, 0, 0, 306640, 2140
317172, 0, 8, 0, 0, 0, 0, 306640, 2140
317172, 0, 8, 0, 0, 0, 0, 306640, 2140
317172, 0, 8, 0, 0, 0, 0, 306640, 2140
317172, 0, 8, 0, 0, 0, 0, 306640, 2140
317172, 0, 8, 0, 0, 0, 0, 306640, 2140
317172, 0, 8, 0, 0, 0, 0, 306640, 2140
317172, 0, 8, 0, 0, 0, 0, 306640, 2140
317172, 0, 8, 0, 0, 0, 0, 306640, 2140
317172, 0, 8, 0, 0, 0, 0, 306640, 2140
317172, 0, 8, 0, 0, 0, 0, 306640, 2140
317172, 0, 8, 0, 0, 0, 0, 306640, 2140
317172, 0, 8, 0, 0, 0, 0, 306640, 2140
317172, 0, 8, 0, 0, 0, 0, 306640, 2140
317172, 0, 8, 0, 0, 0, 0, 306640, 2140
317172, 0, 8, 0, 0, 0, 0, 306640, 2140
317172, 0, 8, 0, 0, 0, 0, 306640, 2140
317172, 0, 8, 0, 0, 0, 0, 306640, 2140
317172, 0, 8, 0, 0, 0, 0, 306640, 2140
317172, 0, 8, 0, 0, 0, 0, 306640, 2140
317172, 0, 8, 0, 0, 0, 0, 306640, 2140
317172, 0, 8, 0, 0, 0, 0, 306640, 2140
317172, 0, 8, 0, 0, 0, 0, 306640, 2140
317172, 0, 8, 0, 0, 0, 0, 306640, 2140
317172, 0, 8, 0, 0, 0, 0, 306640, 2140
317172, 0, 8, 0, 0, 0, 0, 306640, 2140
317172, 0, 8, 0, 0, 0, 0, 306640, 2140
317172, 0, 8, 0, 0, 0, 0, 306640, 2140
317172, 0, 8, 0, 0, 0, 0, 306640, 2140
317172, 0, 8, 0, 0, 0, 0, 306640, 2140
317172, 0, 8, 0, 0, 0, 0, 306640, 2140
317172, 0, 8, 0, 0, 0, 0, 306640, 2140
317172, 0, 8, 0, 0, 0, 0, 306640, 2140
317172, 0, 8, 0, 0, 0, 0, 306640, 2140
317172, 0, 8, 0, 0, 0, 0, 306640, 2140
317172, 0, 8, 0, 0, 0, 0, 306640, 2140
317172, 0, 8, 0, 0, 0, 0, 306640, 2140
317172, 0, 8, 0, 0, 0, 0, 306640, 2140
317172, 0, 8, 0, 0, 0, 0, 306640, 2140
317172, 0, 8, 0, 0, 0, 0, 306640, 2140
317172, 0, 8, 0, 0, 0, 0, 306640, 2140
317172, 0, 8, 0, 0, 0, 0, 306640, 2140
317172, 0, 8, 0, 0, 0, 0, 306640, 2140
317172, 0, 8, 0, 0, 0, 0, 306640, 2140
317172, 0, 8, 0, 0, 0, 0, 306640, 2140
317172, 0, 8, 0, 0, 0, 0, 306640, 2140
317172, 0, 8, 0, 0, 0, 0, 306640, 2140
317172, 0, 8, 0, 0, 0, 0, 306640, 2140
317172, 0, 8, 0, 0, 0, 0, 306640, 2140
317172, 0, 8, 0, 0, 0, 0, 306640, 2140
317172, 0, 8, 0, 0, 0, 0, 306640, 2140
317172, 0, 8, 0, 0, 0, 0, 306640, 2140
317172, 0, 8, 0, 0, 0, 0, 306640, 2140
317172, 0, 8, 0, 0, 0, 0, 306640, 2140
317172, 0, 8, 0, 0, 0, 0, 306640, 2140
317172, 0, 8, 0, 0, 0, 0, 306640, 2140
317172, 0, 8, 0, 0, 0, 0, 306640, 2140
317172, 0, 8, 0, 0, 0, 0, 306640, 2140
317172, 0, 8, 0, 0, 0, 0, 306640, 2140
317172, 0, 8, 0, 0, 0, 0, 306640, 2140
317172, 0, 8, 0, 0, 0, 0, 306640, 2140
317172, 0, 8, 0, 0, 0, 0, 306640, 2140
317172, 0, 8, 0, 0, 0, 0, 306640, 2140
317172, 0, 8, 0, 0, 0, 0, 306640, 2140
317172, 0, 8, 0, 0, 0, 0, 306640, 2140
317172, 0, 8, 0, 0, 0, 0, 306640, 2140
317172, 0, 8, 0, 0, 0, 0, 306640, 2140
317172, 0, 8, 0, 0, 0, 0, 306640, 2140
317172, 0, 8, 0, 0, 0, 0, 306640, 2140
317172, 0, 8, 0, 0, 0, 0, 306640, 2140
317172, 0, 8, 0, 0, 0, 0, 306640, 2140
317172, 0, 8, 0, 0, 0, 0, 306640, 2140
317172, 0, 8, 0, 0, 0, 0, 306640, 2140
317172, 0, 8, 0, 0, 0, 0, 306640, 2140
317172, 0, 8, 0, 0, 0, 0, 306640, 2140
317172, 0, 8, 0, 0, 0, 0, 306640, 2140
317172, 0, 8, 0, 0, 0, 0, 306640, 2140
317172, 0, 8, 0, 0, 0, 0, 306640, 2140
317172, 0, 8, 0, 0, 0, 0, 306640, 2140
317172, 0, 8, 0, 0, 0, 0, 306640, 2140
317172, 0, 8, 0, 0, 0, 0, 306640, 2140
317172, 0, 8, 0, 0, 0, 0, 306640, 2140
317172, 0, 8, 0, 0, 0, 0, 306640, 2140
317172, 0, 8, 0, 0, 0, 0, 306640, 2140
317172, 0, 8, 0, 0, 0, 0, 306640, 2140
317172, 0, 8, 0, 0, 0, 0, 306640, 2140
317172, 0, 8, 0, 0, 0, 0, 306640, 2140
317172, 0, 8, 0, 0, 0, 0, 306640, 2140
317172, 0, 8, 0, 0, 0, 0, 306640, 2140
317172, 0, 8, 0, 0, 0, 0, 306640, 2140
317172, 0, 8, 0, 0, 0, 0, 306640, 2140
317172, 0, 8, 0, 0, 0, 0, 306640, 2140
317172, 0, 8, 0, 0, 0, 0, 306640, 2140
317172, 0, 8, 0, 0, 0, 0, 306640, 2140
317172, 0, 8, 0, 0, 0, 0, 306640, 2140
317172, 0, 8, 0, 0, 0, 0, 306640, 2140
317172, 0, 8, 0, 0, 0, 0, 306640, 2140
317172, 0, 8, 0, 0, 0, 0, 306640, 2140
317172, 0, 8, 0, 0, 0, 0, 306640, 2140
317172, 0, 8, 0, 0, 0, 0, 306640, 2140
317172, 0, 8, 0, 0, 0, 0, 306640, 2140
317172, 0, 8, 0, 0, 0, 0, 306640, 2140
317172, 0, 8, 0, 0, 0, 0, 306640, 2140
317172, 0, 8, 0, 0, 0, 0, 306640, 2140
317172, 0, 8, 0, 0, 0, 0, 306640, 2140
317172, 0, 8, 0, 0, 0, 0, 306640, 2140
317172, 0, 8, 0, 0, 0, 0, 306640, 2140
317172, 0, 8, 0, 0, 0, 0, 306640, 2140
317172, 0, 8, 0, 0, 0, 0, 306640, 2140
317172, 0, 8, 0, 0, 0, 0, 306640, 2140
317172, 0, 8, 0, 0, 0, 0, 306640, 2140
317172, 0, 8, 0, 0, 0, 0, 306640, 2140
317172, 0, 8, 0, 0, 0, 0, 306640, 2140
317172, 0, 8, 0, 0, 0, 0, 306640, 2140
317172, 0, 8, 0, 0, 0, 0, 306640, 2140
317172, 0, 8, 0, 0, 0, 0, 306640, 2140
317172, 0, 8, 0, 0, 0, 0, 306640, 2140
317172, 0, 8, 0, 0, 0, 0, 306640, 2140
317172, 0, 8, 0, 0, 0, 0, 306640, 2140
317172, 0, 8, 0, 0, 0, 0, 306640, 2140
317172, 0, 8, 0, 0, 0, 0, 306640, 2140
317172, 0, 8, 0, 0, 0, 0, 306640, 2140
317172, 0, 8, 0, 0, 0, 0, 306640, 2140
317172, 0, 8, 0, 0, 0, 0, 306640, 2140
317172, 0, 8, 0, 0, 0, 0, 306640, 2140
317172, 0, 8, 0, 0, 0, 0, 306640, 2140
317172, 0, 8, 0, 0, 0, 0, 306640, 2140
317172, 0, 8, 0, 0, 0, 0, 306640, 2140
317172, 0, 8, 0, 0, 0, 0, 306640, 2140
317172, 0, 8, 0, 0, 0, 0, 306640, 2140
317172, 0, 8, 0, 0, 0, 0, 306640, 2140
317172, 0, 8, 0, 0, 0, 0, 306640, 2140
317172, 0, 8, 0, 0, 0, 0, 306640, 2140
317172, 0, 8, 0, 0, 0, 0, 306640, 2140
317172, 0, 8, 0, 0, 0, 0, 306640, 2140
317172, 0, 8, 0, 0, 0, 0, 306640, 2140
317172, 0, 8, 0, 0, 0, 0, 306640, 2140
317172, 0, 8, 0, 0, 0, 0, 306640, 2140
317172, 0, 8, 0, 0, 0, 0, 306640, 2140
317172, 0, 8, 0, 0, 0, 0, 306640, 2140
317172, 0, 8, 0, 0, 0, 0, 306640, 2140
317172, 0, 8, 0, 0, 0, 0, 306640, 2140
317172, 0, 8, 0, 0, 0, 0, 306640, 2140
317172, 0, 8, 0, 0, 0, 0, 306640, 2140
317172, 0, 8, 0, 0, 0, 0, 306640, 2140
317172, 0, 8, 0, 0, 0, 0, 306640, 2140
317172, 0, 8, 0, 0, 0, 0, 306640, 2140
317172, 0, 8, 0, 0, 0, 0, 306640, 2140
317172, 0, 8, 0, 0, 0, 0, 306640, 2140
317172, 0, 8, 0, 0, 0, 0, 306640, 2140
317172, 0, 8, 0, 0, 0, 0, 306640, 2140
317172, 0, 8, 0, 0, 0, 0, 306640, 2140
317172, 0, 8, 0, 0, 0, 0, 306640, 2140
317172, 0, 8, 0, 0, 0, 0, 306640, 2140
317172, 0, 8, 0, 0, 0, 0, 306640, 2140
317172, 0, 8, 0, 0, 0, 0, 306640, 2140
317172, 0, 8, 0, 0, 0, 0, 306640, 2140
317172, 0, 8, 0, 0, 0, 0, 306640, 2140
317172, 0, 8, 0, 0, 0, 0, 306640, 2140
317172, 0, 8, 0, 0, 0, 0, 306640, 2140
317172, 0, 8, 0, 0, 0, 0, 306640, 2140
317172, 0, 8, 0, 0, 0, 0, 306640, 2140
317172, 0, 8, 0, 0, 0, 0, 306640, 2140
317172, 0, 8, 0, 0, 0, 0, 306640, 2140
317172, 0, 8, 0, 0, 0, 0, 306640, 2140
317172, 0, 8, 0, 0, 0, 0, 306640, 2140
317172, 0, 8, 0, 0, 0, 0, 306640, 2140
317172, 0, 8, 0, 0, 0, 0, 306640, 2140
317172, 0, 8, 0, 0, 0, 0, 306640, 2140
317172, 0, 8, 0, 0, 0, 0, 306640, 2140
317172, 0, 8, 0, 0, 0, 0, 306640, 2140
317172, 0, 8, 0, 0, 0, 0, 306640, 2140
317172, 0, 8, 0, 0, 0, 0, 306640, 2140
317172, 0, 8, 0, 0, 0, 0, 306640, 2140
317172, 0, 8, 0, 0, 0, 0, 306640, 2140
317172, 0, 8, 0, 0, 0, 0, 306640, 2140
317172, 0, 8, 0, 0, 0, 0, 306640, 2140
317172, 0, 8, 0, 0, 0, 0, 306640, 2140
317172, 0, 8, 0, 0, 0, 0, 306640, 2140
317172, 0, 8, 0, 0, 0, 0, 306640, 2140
317172, 0, 8, 0, 0, 0, 0, 306640, 2140
317172, 0, 8, 0, 0, 0, 0, 306640, 2140
317172, 0, 8, 0, 0, 0, 0, 306640, 2140
317172, 0, 8, 0, 0, 0, 0, 306640, 2140
317172, 0, 8, 0, 0, 0, 0, 306640, 2140
317172, 0, 8, 0, 0, 0, 0, 306640, 2140
317172, 0, 8, 0, 0, 0, 0, 306640, 2140
317172, 0, 8, 0, 0, 0, 0, 306640, 2140
317172, 0, 8, 0, 0, 0, 0, 306640, 2140
317172, 0, 8, 0, 0, 0, 0, 306640, 2140
317172, 0, 8, 0, 0, 0, 0, 306640, 2140
317172, 0, 8, 0, 0, 0, 0, 306640, 2140
317172, 0, 8, 0, 0, 0, 0, 306640, 2140
317172, 0, 8, 0, 0, 0, 0, 306640, 2140
317172, 0, 8, 0, 0, 0, 0, 306640, 2140
317172, 0, 8, 0, 0, 0, 0, 306640, 2140
317172, 0, 8, 0, 0, 0, 0, 306640, 2140
317172, 0, 8, 0, 0, 0, 0, 306640, 2140
317172, 0, 8, 0, 0, 0, 0, 306640, 2140
317172, 0, 8, 0, 0, 0, 0, 306640, 2140
317172, 0, 8, 0, 0, 0, 0, 306640, 2140
317172, 0, 8, 0, 0, 0, 0, 306640, 2140
317172, 0, 8, 0, 0, 0, 0, 306640, 2140
317172, 0, 8, 0, 0, 0, 0, 306640, 2140
317172, 0, 8, 0, 0, 0, 0, 306640, 2140
317172, 0, 8, 0, 0, 0, 0, 306640, 2140
317172, 0, 8, 0, 0, 0, 0, 306640, 2140
317172, 0, 8, 0, 0, 0, 0, 306640, 2140
317172, 0, 8, 0, 0, 0, 0, 306640, 2140
317172, 0, 8, 0, 0, 0, 0, 306640, 2140
317172, 0, 8, 0, 0, 0, 0, 306640, 2140
317172, 0, 8, 0, 0, 0, 0, 306640, 2140
317172, 0, 8, 0, 0, 0, 0, 306640, 2140
317172, 0, 8, 0, 0, 0, 0, 306640, 2140
317172, 0, 8, 0, 0, 0, 0, 306640, 2140
317172, 0, 8, 0, 0, 0, 0, 306640, 2140
317172, 0, 8, 0, 0, 0, 0, 306640, 2140
317172, 0, 8, 0, 0, 0, 0, 306640, 2140
317172, 0, 8, 0, 0, 0, 0, 306640, 2140
317172, 0, 8, 0, 0, 0, 0, 306640, 2140
317172, 0, 8, 0, 0, 0, 0, 306640, 2140
317172, 0, 8, 0, 0, 0, 0, 306640, 2140
317172, 0, 8, 0, 0, 0, 0, 306640, 2140
317172, 0, 8, 0, 0, 0, 0, 306640, 2140
317172, 0, 8, 0, 0, 0, 0, 306640, 2140
317172, 0, 8, 0, 0, 0, 0, 306640, 2140
317172, 0, 8, 0, 0, 0, 0, 306640, 2140
317172, 0, 8, 0, 0, 0, 0, 306640, 2140
317172, 0, 8, 0, 0, 0, 0, 306640, 2140
317172, 0, 8, 0, 0, 0, 0, 306640, 2140
317172, 0, 8, 0, 0, 0, 0, 306640, 2140
317172, 0, 8, 0, 0, 0, 0, 306640, 2140
317172, 0, 4, 0, 0, 0, 0, 306644, 2140
317172, 0, 4, 0, 0, 0, 0, 306644, 2140
317172, 0, 4, 0, 0, 0, 0, 306644, 2140
317172, 0, 4, 0, 0, 0, 0, 306644, 2140
317172, 0, 4, 0, 0, 0, 0, 306644, 2140
317172, 0, 4, 0, 0, 0, 0, 306644, 2140
317172, 0, 4, 0, 0, 0, 0, 306644, 2140
317172, 0, 4, 0, 0, 0, 0, 306644, 2140
317172, 0, 4, 0, 0, 0, 0, 306644, 2140
317172, 0, 4, 0, 0, 0, 0, 306644, 2140
317172, 0, 4, 0, 0, 0, 0, 306644, 2140
317172, 0, 4, 0, 0, 0, 0, 306644, 2140
317172, 0, 4, 0, 0, 0, 0, 306644, 2140
317172, 0, 4, 0, 0, 0, 0, 306644, 2140
317172, 0, 4, 0, 0, 0, 0, 306644, 2140
317172, 0, 4, 0, 0, 0, 0, 306644, 2140
317172, 0, 4, 0, 0, 0, 0, 306644, 2140
317172, 0, 4, 0, 0, 0, 0, 306644, 2140
317172, 0, 4, 0, 0, 0, 0, 306644, 2140
317172, 0, 4, 0, 0, 0, 0, 306644, 2140
317172, 0, 4, 0, 0, 0, 0, 306644, 2140
317172, 0, 4, 0, 0, 0, 0, 306644, 2140
317172, 0, 4, 0, 0, 0, 0, 306644, 2140
317172, 0, 4, 0, 0, 0, 0, 306644, 2140
317172, 0, 4, 0, 0, 0, 0, 306644, 2140
317172, 0, 4, 0, 0, 0, 0, 306644, 2140
317172, 0, 4, 0, 0, 0, 0, 306644, 2140
317172, 0, 4, 0, 0, 0, 0, 306644, 2140
317172, 0, 4, 0, 0, 0, 0, 306644, 2140
317172, 0, 4, 0, 0, 0, 0, 306644, 2140
317172, 0, 4, 0, 0, 0, 0, 306644, 2140
317172, 0, 4, 0, 0, 0, 0, 306644, 2140
317172, 0, 4, 0, 0, 0, 0, 306644, 2140
317172, 0, 4, 0, 0, 0, 0, 306644, 2140
317172, 0, 4, 0, 0, 0, 0, 306644, 2140
317172, 0, 4, 0, 0, 0, 0, 306644, 2140
317172, 0, 4, 0, 0, 0, 0, 306644, 2140
317172, 0, 4, 0, 0, 0, 0, 306644, 2140
317172, 0, 4, 0, 0, 0, 0, 306644, 2140
317172, 0, 4, 0, 0, 0, 0, 306644, 2140
317172, 0, 4, 0, 0, 0, 0, 306644, 2140
317172, 0, 4, 0, 0, 0, 0, 306644, 2140
317172, 0, 4, 0, 0, 0, 0, 306644, 2140
317172, 0, 4, 0, 0, 0, 0, 306644, 2140
317172, 0, 4, 0, 0, 0, 0, 306644, 2140
317172, 0, 4, 0, 0, 0, 0, 306644, 2140
317172, 0, 4, 0, 0, 0, 0, 306644, 2140
317172, 0, 4, 0, 0, 0, 0, 306644, 2140
317172, 0, 4, 0, 0, 0, 0, 306644, 2140
317172, 0, 4, 0, 0, 0, 0, 306644, 2140
317172, 0, 4, 0, 0, 0, 0, 306644, 2140
317172, 0, 4, 0, 0, 0, 0, 306644, 2140
317172, 0, 4, 0, 0, 0, 0, 306644, 2140
317172, 0, 4, 0, 0, 0, 0, 306644, 2140
317172, 0, 4, 0, 0, 0, 0, 306644, 2140
317172, 0, 4, 0, 0, 0, 0, 306644, 2140
317172, 0, 4, 0, 0, 0, 0, 306644, 2140
317172, 0, 4, 0, 0, 0, 0, 306644, 2140
317172, 0, 4, 0, 0, 0, 0, 306644, 2140
317172, 0, 4, 0, 0, 0, 0, 306644, 2140
317172, 0, 4, 0, 0, 0, 0, 306644, 2140
317172, 0, 4, 0, 0, 0, 0, 306644, 2140
317172, 0, 4, 0, 0, 0, 0, 306644, 2140
317172, 0, 4, 0, 0, 0, 0, 306644, 2140
317172, 0, 4, 0, 0, 0, 0, 306644, 2140
317172, 0, 4, 0, 0, 0, 0, 306644, 2140
317172, 0, 4, 0, 0, 0, 0, 306644, 2140
317172, 0, 4, 0, 0, 0, 0, 306644, 2140
317172, 0, 4, 0, 0, 0, 0, 306644, 2140
317172, 0, 4, 0, 0, 0, 0, 306644, 2140
317172, 0, 4, 0, 0, 0, 0, 306644, 2140
317172, 0, 4, 0, 0, 0, 0, 306644, 2140
317172, 0, 4, 0, 0, 0, 0, 306644, 2140
317172, 0, 4, 0, 0, 0, 0, 306644, 2140
317172, 0, 4, 0, 0, 0, 0, 306644, 2140
317172, 0, 4, 0, 0, 0, 0, 306644, 2140
317172, 0, 4, 0, 0, 0, 0, 306644, 2140
317172, 0, 4, 0, 0, 0, 0, 306644, 2140
317172, 0, 4, 0, 0, 0, 0, 306644, 2140
317172, 0, 4, 0, 0, 0, 0, 306644, 2140
317172, 0, 4, 0, 0, 0, 0, 306644, 2140
317172, 0, 4, 0, 0, 0, 0, 306644, 2140
317172, 0, 4, 0, 0, 0, 0, 306644, 2140
317172, 0, 4, 0, 0, 0, 0, 306644, 2140
317172, 0, 4, 0, 0, 0, 0, 306644, 2140
317172, 0, 4, 0, 0, 0, 0, 306644, 2140
317172, 0, 4, 0, 0, 0, 0, 306644, 2140
317172, 0, 4, 0, 0, 0, 0, 306644, 2140
317172, 0, 4, 0, 0, 0, 0, 306644, 2140
317172, 0, 4, 0, 0, 0, 0, 306644, 2140
317172, 0, 4, 0, 0, 0, 0, 306644, 2140
317172, 0, 4, 0, 0, 0, 0, 306644, 2140
317172, 0, 4, 0, 0, 0, 0, 306644, 2140
317172, 0, 4, 0, 0, 0, 0, 306644, 2140
317172, 0, 4, 0, 0, 0, 0, 306644, 2140
317172, 0, 4, 0, 0, 0, 0, 306644, 2140
317172, 0, 4, 0, 0, 0, 0, 306644, 2140
317172, 0, 4, 0, 0, 0, 0, 306644, 2140
317172, 0, 4, 0, 0, 0, 0, 306644, 2140
317172, 0, 4, 0, 0, 0, 0, 306644, 2140
317172, 0, 4, 0, 0, 0, 0, 306644, 2140
317172, 0, 4, 0, 0, 0, 0, 306644, 2140
317172, 0, 4, 0, 0, 0, 0, 306644, 2140
317172, 0, 4, 0, 0, 0, 0, 306644, 2140
317172, 0, 4, 0, 0, 0, 0, 306644, 2140
317172, 0, 4, 0, 0, 0, 0, 306644, 2140
317172, 0, 4, 0, 0, 0, 0, 306644, 2140
317172, 0, 4, 0, 0, 0, 0, 306644, 2140
317172, 0, 4, 0, 0, 0, 0, 306644, 2140
317172, 0, 4, 0, 0, 0, 0, 306644, 2140
317172, 0, 4, 0, 0, 0, 0, 306644, 2140
317172, 0, 4, 0, 0, 0, 0, 306644, 2140
317172, 0, 4, 0, 0, 0, 0, 306644, 2140
317172, 0, 4, 0, 0, 0, 0, 306644, 2140
317172, 0, 4, 0, 0, 0, 0, 306644, 2140
317172, 0, 4, 0, 0, 0, 0, 306644, 2140
317172, 0, 4, 0, 0, 0, 0, 306644, 2140
317172, 0, 4, 0, 0, 0, 0, 306644, 2140
317172, 0, 4, 0, 0, 0, 0, 306644, 2140
317172, 0, 4, 0, 0, 0, 0, 306644, 2140
317172, 0, 4, 0, 0, 0, 0, 306644, 2140
317172, 0, 4, 0, 0, 0, 0, 306644, 2140
317172, 0, 4, 0, 0, 0, 0, 306644, 2140
317172, 0, 4, 0, 0, 0, 0, 306644, 2140
317172, 0, 4, 0, 0, 0, 0, 306644, 2140
317172, 0, 4, 0, 0, 0, 0, 306644, 2140
317172, 0, 4, 0, 0, 0, 0, 306644, 2140
317172, 0, 4, 0, 0, 0, 0, 306644, 2140
317172, 0, 4, 0, 0, 0, 0, 306644, 2140
317172, 0, 4, 0, 0, 0, 0, 306644, 2140
317172, 0, 4, 0, 0, 0, 0, 306644, 2140
317172, 0, 4, 0, 0, 0, 0, 306644, 2140
317172, 0, 4, 0, 0, 0, 0, 306644, 2140
317172, 0, 4, 0, 0, 0, 0, 306644, 2140
317172, 0, 4, 0, 0, 0, 0, 306644, 2140
317172, 0, 4, 0, 0, 0, 0, 306644, 2140
317172, 0, 4, 0, 0, 0, 0, 306644, 2140
317172, 0, 4, 0, 0, 0, 0, 306644, 2140
317172, 0, 4, 0, 0, 0, 0, 306644, 2140
317172, 0, 4, 0, 0, 0, 0, 306644, 2140
317172, 0, 4, 0, 0, 0, 0, 306644, 2140
317172, 0, 4, 0, 0, 0, 0, 306644, 2140
317172, 0, 4, 0, 0, 0, 0, 306644, 2140
317172, 0, 4, 0, 0, 0, 0, 306644, 2140
317172, 0, 4, 0, 0, 0, 0, 306644, 2140
317172, 0, 4, 0, 0, 0, 0, 306644, 2140
317172, 0, 4, 0, 0, 0, 0, 306644, 2140
317172, 0, 4, 0, 0, 0, 0, 306644, 2140
317172, 0, 4, 0, 0, 0, 0, 306644, 2140
317172, 0, 4, 0, 0, 0, 0, 306644, 2140
317172, 0, 4, 0, 0, 0, 0, 306644, 2140
317172, 0, 4, 0, 0, 0, 0, 306644, 2140
317172, 0, 4, 0, 0, 0, 0, 306644, 2140
317172, 0, 4, 0, 0, 0, 0, 306644, 2140
317172, 0, 4, 0, 0, 0, 0, 306644, 2140
317172, 0, 4, 0, 0, 0, 0, 306644, 2140
317172, 0, 4, 0, 0, 0, 0, 306644, 2140
317172, 0, 4, 0, 0, 0, 0, 306644, 2140
317172, 0, 4, 0, 0, 0, 0, 306644, 2140
317172, 0, 4, 0, 0, 0, 0, 306644, 2140
317172, 0, 4, 0, 0, 0, 0, 306644, 2140
317172, 0, 4, 0, 0, 0, 0, 306644, 2140
317172, 0, 4, 0, 0, 0, 0, 306644, 2140
317172, 0, 4, 0, 0, 0, 0, 306644, 2140
317172, 0, 4, 0, 0, 0, 0, 306644, 2140
317172, 0, 4, 0, 0, 0, 0, 306644, 2140
317172, 0, 4, 0, 0, 0, 0, 306644, 2140
317172, 0, 4, 0, 0, 0, 0, 306644, 2140
317172, 0, 4, 0, 0, 0, 0, 306644, 2140
317172, 0, 4, 0, 0, 0, 0, 306644, 2140
317172, 0, 4, 0, 0, 0, 0, 306644, 2140
317172, 0, 4, 0, 0, 0, 0, 306644, 2140
317172, 0, 4, 0, 0, 0, 0, 306644, 2140
317172, 0, 4, 0, 0, 0, 0, 306644, 2140
317172, 0, 4, 0, 0, 0, 0, 306644, 2140
317172, 0, 4, 0, 0, 0, 0, 306644, 2140
317172, 0, 4, 0, 0, 0, 0, 306644, 2140
317172, 0, 4, 0, 0, 0, 0, 306644, 2140
317172, 0, 4, 0, 0, 0, 0, 306644, 2140
317172, 0, 4, 0, 0, 0, 0, 306644, 2140
317172, 0, 4, 0, 0, 0, 0, 306644, 2140
317172, 0, 4, 0, 0, 0, 0, 306644, 2140
317172, 0, 4, 0, 0, 0, 0, 306644, 2140
317172, 0, 4, 0, 0, 0, 0, 306644, 2140
317172, 0, 4, 0, 0, 0, 0, 306644, 2140
317172, 0, 4, 0, 0, 0, 0, 306644, 2140
317172, 0, 4, 0, 0, 0, 0, 306644, 2140
317172, 0, 4, 0, 0, 0, 0, 306644, 2140
317172, 0, 4, 0, 0, 0, 0, 306644, 2140
317172, 0, 4, 0, 0, 0, 0, 306644, 2140
317172, 0, 4, 0, 0, 0, 0, 306644, 2140
317172, 0, 4, 0, 0, 0, 0, 306644, 2140
317172, 0, 4, 0, 0, 0, 0, 306644, 2140
317172, 0, 4, 0, 0, 0, 0, 306644, 2140
317172, 0, 4, 0, 0, 0, 0, 306644, 2140
317172, 0, 4, 0, 0, 0, 0, 306644, 2140
317172, 0, 4, 0, 0, 0, 0, 306644, 2140
317172, 0, 4, 0, 0, 0, 0, 306644, 2140
317172, 0, 4, 0, 0, 0, 0, 306644, 2140
317172, 0, 4, 0, 0, 0, 0, 306644, 2140
317172, 0, 4, 0, 0, 0, 0, 306644, 2140
317172, 0, 4, 0, 0, 0, 0, 306644, 2140
317172, 0, 4, 0, 0, 0, 0, 306644, 2140
317172, 0, 4, 0, 0, 0, 0, 306644, 2140
317172, 0, 4, 0, 0, 0, 0, 306644, 2140
317172, 0, 4, 0, 0, 0, 0, 306644, 2140
317172, 0, 4, 0, 0, 0, 0, 306644, 2140
317172, 0, 4, 0, 0, 0, 0, 306644, 2140
317172, 0, 4, 0, 0, 0, 0, 306644, 2140
317172, 0, 4, 0, 0, 0, 0, 306644, 2140
317172, 0, 4, 0, 0, 0, 0, 306644, 2140
317172, 0, 4, 0, 0, 0, 0, 306644, 2140
317172, 0, 4, 0, 0, 0, 0, 306644, 2140
317172, 0, 4, 0, 0, 0, 0, 306644, 2140
317172, 0, 4, 0, 0, 0, 0, 306644, 2140
317172, 0, 4, 0, 0, 0, 0, 306644, 2140
317172, 0, 4, 0, 0, 0, 0, 306644, 2140
317172, 0, 4, 0, 0, 0, 0, 306644, 2140
317172, 0, 4, 0, 0, 0, 0, 306644, 2140
317172, 0, 4, 0, 0, 0, 0, 306644, 2140
317172, 0, 4, 0, 0, 0, 0, 306644, 2140
317172, 0, 4, 0, 0, 0, 0, 306644, 2140
317172, 0, 4, 0, 0, 0, 0, 306644, 2140
317172, 0, 4, 0, 0, 0, 0, 306644, 2140
317172, 0, 4, 0, 0, 0, 0, 306644, 2140
317172, 0, 4, 0, 0, 0, 0, 306644, 2140
317172, 0, 4, 0, 0, 0, 0, 306644, 2140
317172, 0, 4, 0, 0, 0, 0, 306644, 2140
317172, 0, 4, 0, 0, 0, 0, 306644, 2140
317172, 0, 4, 0, 0, 0, 0, 306644, 2140
317172, 0, 4, 0, 0, 0, 0, 306644, 2140
317172, 0, 4, 0, 0, 0, 0, 306644, 2140
317172, 0, 4, 0, 0, 0, 0, 306644, 2140
317172, 0, 4, 0, 0, 0, 0, 306644, 2140
317172, 0, 4, 0, 0, 0, 0, 306644, 2140
317172, 0, 4, 0, 0, 0, 0, 306644, 2140
317172, 0, 4, 0, 0, 0, 0, 306644, 2140
317172, 0, 4, 0, 0, 0, 0, 306644, 2140
317172, 0, 4, 0, 0, 0, 0, 306644, 2140
317172, 0, 4, 0, 0, 0, 0, 306644, 2140
317172, 0, 4, 0, 0, 0, 0, 306644, 2140
317172, 0, 4, 0, 0, 0, 0, 306644, 2140
317172, 0, 4, 0, 0, 0, 0, 306644, 2140
317172, 0, 4, 0, 0, 0, 0, 306644, 2140
317172, 0, 4, 0, 0, 0, 0, 306644, 2140
317172, 0, 4, 0, 0, 0, 0, 306644, 2140
317172, 0, 4, 0, 0, 0, 0, 306644, 2140
317172, 0, 4, 0, 0, 0, 0, 306644, 2140
317172, 0, 4, 0, 0, 0, 0, 306644, 2140
317172, 0, 4, 0, 0, 0, 0, 306644, 2140
317172, 0, 4, 0, 0, 0, 0, 306644, 2140
317172, 0, 4, 0, 0, 0, 0, 306644, 2140
317172, 0, 4, 0, 0, 0, 0, 306644, 2140
317172, 0, 4, 0, 0, 0, 0, 306644, 2140
317172, 0, 4, 0, 0, 0, 0, 306644, 2140
317172, 0, 4, 0, 0, 0, 0, 306644, 2140
317172, 0, 4, 0, 0, 0, 0, 306644, 2140
317172, 0, 4, 0, 0, 0, 0, 306644, 2140
317172, 0, 4, 0, 0, 0, 0, 306644, 2140
317172, 0, 4, 0, 0, 0, 0, 306644, 2140
317172, 0, 4, 0, 0, 0, 0, 306644, 2140
317172, 0, 4, 0, 0, 0, 0, 306644, 2140
317172, 0, 4, 0, 0, 0, 0, 306644, 2140
317172, 0, 4, 0, 0, 0, 0, 306644, 2140
317172, 0, 4, 0, 0, 0, 0, 306644, 2140
317172, 0, 4, 0, 0, 0, 0, 306644, 2140
317172, 0, 4, 0, 0, 0, 0, 306644, 2140
317172, 0, 4, 0, 0, 0, 0, 306644, 2140
317172, 0, 4, 0, 0, 0, 0, 306644, 2140
317172, 0, 4, 0, 0, 0, 0, 306644, 2140
317172, 0, 4, 0, 0, 0, 0, 306644, 2140
317172, 0, 4, 0, 0, 0, 0, 306644, 2140
317172, 0, 4, 0, 0, 0, 0, 306644, 2140
317172, 0, 4, 0, 0, 0, 0, 306644, 2140
317172, 0, 4, 0, 0, 0, 0, 306644, 2140
317172, 0, 4, 0, 0, 0, 0, 306644, 2140
317172, 0, 4, 0, 0, 0, 0, 306644, 2140
317172, 0, 4, 0, 0, 0, 0, 306644, 2140
317172, 0, 4, 0, 0, 0, 0, 306644, 2140
317172, 0, 4, 0, 0, 0, 0, 306644, 2140
317172, 0, 4, 0, 0, 0, 0, 306644, 2140
317172, 0, 4, 0, 0, 0, 0, 306644, 2140
317172, 0, 4, 0, 0, 0, 0, 306644, 2140
317172, 0, 4, 0, 0, 0, 0, 306644, 2140
317172, 0, 4, 0, 0, 0, 0, 306644, 2140
317172, 0, 4, 0, 0, 0, 0, 306644, 2140
317172, 0, 4, 0, 0, 0, 0, 306644, 2140
317172, 0, 4, 0, 0, 0, 0, 306644, 2140
317172, 0, 4, 0, 0, 0, 0, 306644, 2140
317172, 0, 4, 0, 0, 0, 0, 306644, 2140
317172, 0, 4, 0, 0, 0, 0, 306644, 2140
317172, 0, 4, 0, 0, 0, 0, 306644, 2140
317172, 0, 4, 0, 0, 0, 0, 306644, 2140
317172, 0, 4, 0, 0, 0, 0, 306644, 2140
317172, 0, 4, 0, 0, 0, 0, 306644, 2140
317172, 0, 4, 0, 0, 0, 0, 306644, 2140
317172, 0, 4, 0, 0, 0, 0, 306644, 2140
317172, 0, 4, 0, 0, 0, 0, 306644, 2140
317172, 0, 4, 0, 0, 0, 0, 306644, 2140
317172, 0, 4, 0, 0, 0, 0, 306644, 2140
317172, 0, 4, 0, 0, 0, 0, 306644, 2140
317172, 0, 4, 0, 0, 0, 0, 306644, 2140
317172, 0, 4, 0, 0, 0, 0, 306644, 2140
317172, 0, 4, 0, 0, 0, 0, 306644, 2140
317172, 0, 4, 0, 0, 0, 0, 306644, 2140
317172, 0, 4, 0, 0, 0, 0, 306644, 2140
317172, 0, 4, 0, 0, 0, 0, 306644, 2140
317172, 0, 4, 0, 0, 0, 0, 306644, 2140
317172, 0, 4, 0, 0, 0, 0, 306644, 2140
317172, 0, 4, 0, 0, 0, 0, 306644, 2140
317172, 0, 4, 0, 0, 0, 0, 306644, 2140
317172, 0, 4, 0, 0, 0, 0, 306644, 2140
317172, 0, 4, 0, 0, 0, 0, 306644, 2140
317172, 0, 4, 0, 0, 0, 0, 306644, 2140
317172, 0, 4, 0, 0, 0, 0, 306644, 2140
317172, 0, 4, 0, 0, 0, 0, 306644, 2140
317172, 0, 4, 0, 0, 0, 0, 306644, 2140
317172, 0, 4, 0, 0, 0, 0, 306644, 2140
317172, 0, 4, 0, 0, 0, 0, 306644, 2140
317172, 0, 4, 0, 0, 0, 0, 306644, 2140
317172, 0, 4, 0, 0, 0, 0, 306644, 2140
317172, 0, 4, 0, 0, 0, 0, 306644, 2140
317172, 0, 4, 0, 0, 0, 0, 306644, 2140
317172, 0, 4, 0, 0, 0, 0, 306644, 2140
317172, 0, 4, 0, 0, 0, 0, 306644, 2140
317172, 0, 4, 0, 0, 0, 0, 306644, 2140
317172, 0, 4, 0, 0, 0, 0, 306644, 2140
317172, 0, 4, 0, 0, 0, 0, 306644, 2140
317172, 0, 4, 0, 0, 0, 0, 306644, 2140
317172, 0, 4, 0, 0, 0, 0, 306644, 2140
317172, 0, 4, 0, 0, 0, 0, 306644, 2140
317172, 0, 4, 0, 0, 0, 0, 306644, 2140
317172, 0, 4, 0, 0, 0, 0, 306644, 2140
317172, 0, 4, 0, 0, 0, 0, 306644, 2140
317172, 0, 4, 0, 0, 0, 0, 306644, 2140
317172, 0, 4, 0, 0, 0, 0, 306644, 2140
317172, 0, 4, 0, 0, 0, 0, 306644, 2140
317172, 0, 4, 0, 0, 0, 0, 306644, 2140
317172, 0, 4, 0, 0, 0, 0, 306644, 2140
317172, 0, 4, 0, 0, 0, 0, 306644, 2140
317172, 0, 4, 0, 0, 0, 0, 306644, 2140
317172, 0, 4, 0, 0, 0, 0, 306644, 2140
317172, 0, 4, 0, 0, 0, 0, 306644, 2140
317172, 0, 4, 0, 0, 0, 0, 306644, 2140
317172, 0, 4, 0, 0, 0, 0, 306644, 2140
317172, 0, 4, 0, 0, 0, 0, 306644, 2140
317172, 0, 4, 0, 0, 0, 0, 306644, 2140
317172, 0, 4, 0, 0, 0, 0, 306644, 2140
317172, 0, 4, 0, 0, 0, 0, 306644, 2140
317172, 0, 4, 0, 0, 0, 0, 306644, 2140
317172, 0, 4, 0, 0, 0, 0, 306644, 2140
317172, 0, 4, 0, 0, 0, 0, 306644, 2140
317172, 0, 4, 0, 0, 0, 0, 306644, 2140
317172, 0, 4, 0, 0, 0, 0, 306644, 2140
317172, 0, 4, 0, 0, 0, 0, 306644, 2140
317172, 0, 4, 0, 0, 0, 0, 306644, 2140
317172, 0, 4, 0, 0, 0, 0, 306644, 2140
317172, 0, 4, 0, 0, 0, 0, 306644, 2140
317172, 0, 4, 0, 0, 0, 0, 306644, 2140
317172, 0, 4, 0, 0, 0, 0, 306644, 2140
317172, 0, 4, 0, 0, 0, 0, 306644, 2140
317172, 0, 4, 0, 0, 0, 0, 306644, 2140
317172, 0, 4, 0, 0, 0, 0, 306644, 2140
317172, 0, 4, 0, 0, 0, 0, 306644, 2140
317172, 0, 4, 0, 0, 0, 0, 306644, 2140
317172, 0, 4, 0, 0, 0, 0, 306644, 2140
317172, 0, 4, 0, 0, 0, 0, 306644, 2140
317172, 0, 4, 0, 0, 0, 0, 306644, 2140
317172, 0, 4, 0, 0, 0, 0, 306644, 2140
317172, 0, 4, 0, 0, 0, 0, 306644, 2140
317172, 0, 4, 0, 0, 0, 0, 306644, 2140
317172, 0, 4, 0, 0, 0, 0, 306644, 2140
317172, 0, 4, 0, 0, 0, 0, 306644, 2140
317172, 0, 4, 0, 0, 0, 0, 306644, 2140
317172, 0, 4, 0, 0, 0, 0, 306644, 2140
317172, 0, 4, 0, 0, 0, 0, 306644, 2140
317172, 0, 4, 0, 0, 0, 0, 306644, 2140
317172, 0, 4, 0, 0, 0, 0, 306644, 2140
317172, 0, 4, 0, 0, 0, 0, 306644, 2140
317172, 0, 4, 0, 0, 0, 0, 306644, 2140
317172, 0, 4, 0, 0, 0, 0, 306644, 2140
317172, 0, 4, 0, 0, 0, 0, 306644, 2140
317172, 0, 4, 0, 0, 0, 0, 306644, 2140
317172, 0, 4, 0, 0, 0, 0, 306644, 2140
317172, 0, 4, 0, 0, 0, 0, 306644, 2140
317172, 0, 4, 0, 0, 0, 0, 306644, 2140
317172, 0, 4, 0, 0, 0, 0, 306644, 2140
317172, 0, 4, 0, 0, 0, 0, 306644, 2140
317172, 0, 4, 0, 0, 0, 0, 306644, 2140
317172, 0, 4, 0, 0, 0, 0, 306644, 2140
317172, 0, 4, 0, 0, 0, 0, 306644, 2140
317172, 0, 4, 0, 0, 0, 0, 306644, 2140
317172, 0, 4, 0, 0, 0, 0, 306644, 2140
317172, 0, 4, 0, 0, 0, 0, 306644, 2140
317172, 0, 4, 0, 0, 0, 0, 306644, 2140
317172, 0, 4, 0, 0, 0, 0, 306644, 2140
317172, 0, 4, 0, 0, 0, 0, 306644, 2140
317172, 0, 4, 0, 0, 0, 0, 306644, 2140
317172, 0, 4, 0, 0, 0, 0, 306644, 2140
317172, 0, 4, 0, 0, 0, 0, 306644, 2140
317172, 0, 4, 0, 0, 0, 0, 306644, 2140
317172, 0, 4, 0, 0, 0, 0, 306644, 2140
317172, 0, 4, 0, 0, 0, 0, 306644, 2140
317172, 0, 4, 0, 0, 0, 0, 306644, 2140
317172, 0, 4, 0, 0, 0, 0, 306644, 2140
317172, 0, 4, 0, 0, 0, 0, 306644, 2140
317172, 0, 4, 0, 0, 0, 0, 306644, 2140
317172, 0, 4, 0, 0, 0, 0, 306644, 2140
317172, 0, 4, 0, 0, 0, 0, 306644, 2140
317172, 0, 4, 0, 0, 0, 0, 306644, 2140
317172, 0, 4, 0, 0, 0, 0, 306644, 2140
317172, 0, 4, 0, 0, 0, 0, 306644, 2140
317172, 0, 4, 0, 0, 0, 0, 306644, 2140
317172, 0, 4, 0, 0, 0, 0, 306644, 2140
317172, 0, 4, 0, 0, 0, 0, 306644, 2140
317172, 0, 4, 0, 0, 0, 0, 306644, 2140
317172, 0, 4, 0, 0, 0, 0, 306644, 2140
317172, 0, 4, 0, 0, 0, 0, 306644, 2140
317172, 0, 4, 0, 0, 0, 0, 306644, 2140
317172, 0, 4, 0, 0, 0, 0, 306644, 2140
317172, 0, 4, 0, 0, 0, 0, 306644, 2140
317172, 0, 4, 0, 0, 0, 0, 306644, 2140
317172, 0, 4, 0, 0, 0, 0, 306644, 2140
317172, 0, 4, 0, 0, 0, 0, 306644, 2140
317172, 0, 4, 0, 0, 0, 0, 306644, 2140
317172, 0, 4, 0, 0, 0, 0, 306644, 2140
317172, 0, 4, 0, 0, 0, 0, 306644, 2140
317172, 0, 4, 0, 0, 0, 0, 306644, 2140
317172, 0, 4, 0, 0, 0, 0, 306644, 2140
317172, 0, 4, 0, 0, 0, 0, 306644, 2140
317172, 0, 4, 0, 0, 0, 0, 306644, 2140
317172, 0, 4, 0, 0, 0, 0, 306644, 2140
317172, 0, 4, 0, 0, 0, 0, 306644, 2140
317172, 0, 4, 0, 0, 0, 0, 306644, 2140
317172, 0, 4, 0, 0, 0, 0, 306644, 2140
317172, 0, 4, 0, 0, 0, 0, 306644, 2140
317172, 0, 4, 0, 0, 0, 0, 306644, 2140
317172, 0, 4, 0, 0, 0, 0, 306644, 2140
317172, 0, 4, 0, 0, 0, 0, 306644, 2140
317172, 0, 4, 0, 0, 0, 0, 306644, 2140
317172, 0, 4, 0, 0, 0, 0, 306644, 2140
317172, 0, 4, 0, 0, 0, 0, 306644, 2140
317172, 0, 4, 0, 0, 0, 0, 306644, 2140
317172, 0, 4, 0, 0, 0, 0, 306644, 2140
317172, 0, 4, 0, 0, 0, 0, 306644, 2140
317172, 0, 4, 0, 0, 0, 0, 306644, 2140
317172, 0, 4, 0, 0, 0, 0, 306644, 2140
317172, 0, 4, 0, 0, 0, 0, 306644, 2140
317172, 0, 4, 0, 0, 0, 0, 306644, 2140
317172, 0, 4, 0, 0, 0, 0, 306644, 2140
317172, 0, 4, 0, 0, 0, 0, 306644, 2140
317172, 0, 4, 0, 0, 0, 0, 306644, 2140
317172, 0, 4, 0, 0, 0, 0, 306644, 2140
317172, 0, 4, 0, 0, 0, 0, 306644, 2140
317172, 0, 4, 0, 0, 0, 0, 306644, 2140
317172, 0, 4, 0, 0, 0, 0, 306644, 2140
317172, 0, 4, 0, 0, 0, 0, 306644, 2140
317172, 0, 4, 0, 0, 0, 0, 306644, 2140
317172, 0, 4, 0, 0, 0, 0, 306644, 2140
317172, 0, 4, 0, 0, 0, 0, 306644, 2140
317172, 0, 4, 0, 0, 0, 0, 306644, 2140
317172, 0, 4, 0, 0, 0, 0, 306644, 2140
317172, 0, 4, 0, 0, 0, 0, 306644, 2140
317172, 0, 4, 0, 0, 0, 0, 306644, 2140
317172, 0, 4, 0, 0, 0, 0, 306644, 2140
317172, 0, 4, 0, 0, 0, 0, 306644, 2140
317172, 0, 4, 0, 0, 0, 0, 306644, 2140
317172, 0, 4, 0, 0, 0, 0, 306644, 2140
317172, 0, 4, 0, 0, 0, 0, 306644, 2140
317172, 0, 4, 0, 0, 0, 0, 306644, 2140
317172, 0, 4, 0, 0, 0, 0, 306644, 2140
317172, 0, 4, 0, 0, 0, 0, 306644, 2140
317172, 0, 4, 0, 0, 0, 0, 306644, 2140
317172, 0, 4, 0, 0, 0, 0, 306644, 2140
317172, 0, 4, 0, 0, 0, 0, 306644, 2140
317172, 0, 4, 0, 0, 0, 0, 306644, 2140
317172, 0, 4, 0, 0, 0, 0, 306644, 2140
317172, 0, 4, 0, 0, 0, 0, 306644, 2140
317172, 0, 4, 0, 0, 0, 0, 306644, 2140
317172, 0, 4, 0, 0, 0, 0, 306644, 2140
317172, 0, 4, 0, 0, 0, 0, 306644, 2140
317172, 0, 4, 0, 0, 0, 0, 306644, 2140
317172, 0, 4, 0, 0, 0, 0, 306644, 2140
317172, 0, 4, 0, 0, 0, 0, 306644, 2140
317172, 0, 4, 0, 0, 0, 0, 306644, 2140
317172, 0, 4, 0, 0, 0, 0, 306644, 2140
317172, 0, 4, 0, 0, 0, 0, 306644, 2140
317172, 0, 4, 0, 0, 0, 0, 306644, 2140
317172, 0, 4, 0, 0, 0, 0, 306644, 2140
317172, 0, 4, 0, 0, 0, 0, 306644, 2140
317172, 0, 4, 0, 0, 0, 0, 306644, 2140
317172, 0, 4, 0, 0, 0, 0, 306644, 2140
317172, 0, 4, 0, 0, 0, 0, 306644, 2140
317172, 0, 4, 0, 0, 0, 0, 306644, 2140
317172, 0, 4, 0, 0, 0, 0, 306644, 2140
317172, 0, 4, 0, 0, 0, 0, 306644, 2140
317172, 0, 4, 0, 0, 0, 0, 306644, 2140
317172, 0, 4, 0, 0, 0, 0, 306644, 2140
317172, 0, 4, 0, 0, 0, 0, 306644, 2140
317172, 0, 4, 0, 0, 0, 0, 306644, 2140
317172, 0, 4, 0, 0, 0, 0, 306644, 2140
317172, 0, 4, 0, 0, 0, 0, 306644, 2140
317172, 0, 4, 0, 0, 0, 0, 306644, 2140
317172, 0, 4, 0, 0, 0, 0, 306644, 2140
317172, 0, 4, 0, 0, 0, 0, 306644, 2140
317172, 0, 4, 0, 0, 0, 0, 306644, 2140
317172, 0, 4, 0, 0, 0, 0, 306644, 2140
317172, 0, 4, 0, 0, 0, 0, 306644, 2140
317172, 0, 4, 0, 0, 0, 0, 306644, 2140
317172, 0, 4, 0, 0, 0, 0, 306644, 2140
317172, 0, 4, 0, 0, 0, 0, 306644, 2140
317172, 0, 4, 0, 0, 0, 0, 306644, 2140
317172, 0, 4, 0, 0, 0, 0, 306644, 2140
317172, 0, 4, 0, 0, 0, 0, 306644, 2140
317172, 0, 4, 0, 0, 0, 0, 306644, 2140
317172, 0, 4, 0, 0, 0, 0, 306644, 2140
317172, 0, 4, 0, 0, 0, 0, 306644, 2140
317172, 0, 4, 0, 0, 0, 0, 306644, 2140
317172, 0, 4, 0, 0, 0, 0, 306644, 2140
317172, 0, 4, 0, 0, 0, 0, 306644, 2140
317172, 0, 4, 0, 0, 0, 0, 306644, 2140
317172, 0, 4, 0, 0, 0, 0, 306644, 2140
317172, 0, 4, 0, 0, 0, 0, 306644, 2140
317172, 0, 4, 0, 0, 0, 0, 306644, 2140
317172, 0, 4, 0, 0, 0, 0, 306644, 2140
317172, 0, 4, 0, 0, 0, 0, 306644, 2140
317172, 0, 4, 0, 0, 0, 0, 306644, 2140
317172, 0, 4, 0, 0, 0, 0, 306644, 2140
317172, 0, 4, 0, 0, 0, 0, 306644, 2140
317172, 0, 4, 0, 0, 0, 0, 306644, 2140
317172, 0, 4, 0, 0, 0, 0, 306644, 2140
317172, 0, 4, 0, 0, 0, 0, 306644, 2140
317172, 0, 4, 0, 0, 0, 0, 306644, 2140
317172, 0, 4, 0, 0, 0, 0, 306644, 2140
317172, 0, 4, 0, 0, 0, 0, 306644, 2140
317172, 0, 4, 0, 0, 0, 0, 306644, 2140
317172, 0, 4, 0, 0, 0, 0, 306644, 2140
317172, 0, 4, 0, 0, 0, 0, 306644, 2140
317172, 0, 4, 0, 0, 0, 0, 306644, 2140
317172, 0, 4, 0, 0, 0, 0, 306644, 2140
317172, 0, 4, 0, 0, 0, 0, 306644, 2140
317172, 0, 4, 0, 0, 0, 0, 306644, 2140
317172, 0, 4, 0, 0, 0, 0, 306644, 2140
317172, 0, 4, 0, 0, 0, 0, 306644, 2140
317172, 0, 4, 0, 0, 0, 0, 306644, 2140
317172, 0, 4, 0, 0, 0, 0, 306644, 2140
317172, 0, 4, 0, 0, 0, 0, 306644, 2140
317172, 0, 4, 0, 0, 0, 0, 306644, 2140
317172, 0, 4, 0, 0, 0, 0, 306644, 2140
317172, 0, 4, 0, 0, 0, 0, 306644, 2140
317172, 0, 4, 0, 0, 0, 0, 306644, 2140
317172, 0, 4, 0, 0, 0, 0, 306644, 2140
317172, 0, 4, 0, 0, 0, 0, 306644, 2140
317172, 0, 4, 0, 0, 0, 0, 306644, 2140
317172, 0, 4, 0, 0, 0, 0, 306644, 2140
317172, 0, 4, 0, 0, 0, 0, 306644, 2140
317172, 0, 4, 0, 0, 0, 0, 306644, 2140
317172, 0, 4, 0, 0, 0, 0, 306644, 2140
317172, 0, 4, 0, 0, 0, 0, 306644, 2140
317172, 0, 4, 0, 0, 0, 0, 306644, 2140
317172, 0, 4, 0, 0, 0, 0, 306644, 2140
317172, 0, 4, 0, 0, 0, 0, 306644, 2140
317172, 0, 4, 0, 0, 0, 0, 306644, 2140
317172, 0, 4, 0, 0, 0, 0, 306644, 2140
317172, 0, 4, 0, 0, 0, 0, 306644, 2140
317172, 0, 4, 0, 0, 0, 0, 306644, 2140
317172, 0, 4, 0, 0, 0, 0, 306644, 2140
317172, 0, 4, 0, 0, 0, 0, 306644, 2140
317172, 0, 4, 0, 0, 0, 0, 306644, 2140
317172, 0, 4, 0, 0, 0, 0, 306644, 2140
317172, 0, 4, 0, 0, 0, 0, 306644, 2140
317172, 0, 4, 0, 0, 0, 0, 306644, 2140
317172, 0, 4, 0, 0, 0, 0, 306644, 2140
317172, 0, 4, 0, 0, 0, 0, 306644, 2140
317172, 0, 4, 0, 0, 0, 0, 306644, 2140
317172, 0, 4, 0, 0, 0, 0, 306644, 2140
317172, 0, 4, 0, 0, 0, 0, 306644, 2140
317172, 0, 4, 0, 0, 0, 0, 306644, 2140
317172, 0, 4, 0, 0, 0, 0, 306644, 2140
317172, 0, 4, 0, 0, 0, 0, 306644, 2140
317172, 0, 4, 0, 0, 0, 0, 306644, 2140
317172, 0, 4, 0, 0, 0, 0, 306644, 2140
317172, 0, 4, 0, 0, 0, 0, 306644, 2140
317172, 0, 4, 0, 0, 0, 0, 306644, 2140
317172, 0, 4, 0, 0, 0, 0, 306644, 2140
317172, 0, 4, 0, 0, 0, 0, 306644, 2140
317172, 0, 4, 0, 0, 0, 0, 306644, 2140
317172, 0, 4, 0, 0, 0, 0, 306644, 2140
317172, 0, 4, 0, 0, 0, 0, 306644, 2140
317172, 0, 4, 0, 0, 0, 0, 306644, 2140
317172, 0, 4, 0, 0, 0, 0, 306644, 2140
317172, 0, 4, 0, 0, 0, 0, 306644, 2140
317172, 0, 4, 0, 0, 0, 0, 306644, 2140
317172, 0, 4, 0, 0, 0, 0, 306644, 2140
317172, 0, 4, 0, 0, 0, 0, 306644, 2140
317172, 0, 4, 0, 0, 0, 0, 306644, 2140
317172, 0, 4, 0, 0, 0, 0, 306644, 2140
317172, 0, 4, 0, 0, 0, 0, 306644, 2140
317172, 0, 4, 0, 0, 0, 0, 306644, 2140
317172, 0, 4, 0, 0, 0, 0, 306644, 2140
317172, 0, 4, 0, 0, 0, 0, 306644, 2140
317172, 0, 4, 0, 0, 0, 0, 306644, 2140
317172, 0, 4, 0, 0, 0, 0, 306644, 2140
317172, 0, 4, 0, 0, 0, 0, 306644, 2140
317172, 0, 4, 0, 0, 0, 0, 306644, 2140
317172, 0, 4, 0, 0, 0, 0, 306644, 2140
317172, 0, 4, 0, 0, 0, 0, 306644, 2140
317172, 0, 4, 0, 0, 0, 0, 306644, 2140
317172, 0, 4, 0, 0, 0, 0, 306644, 2140
317172, 0, 4, 0, 0, 0, 0, 306644, 2140
317172, 0, 4, 0, 0, 0, 0, 306644, 2140
317172, 0, 4, 0, 0, 0, 0, 306644, 2140
317172, 0, 4, 0, 0, 0, 0, 306644, 2140
317172, 0, 4, 0, 0, 0, 0, 306644, 2140
317172, 0, 4, 0, 0, 0, 0, 306644, 2140
317172, 0, 4, 0, 0, 0, 0, 306644, 2140
317172, 0, 4, 0, 0, 0, 0, 306644, 2140
317172, 0, 4, 0, 0, 0, 0, 306644, 2140
317172, 0, 4, 0, 0, 0, 0, 306644, 2140
317172, 0, 4, 0, 0, 0, 0, 306644, 2140
317172, 0, 4, 0, 0, 0, 0, 306644, 2140
317172, 0, 4, 0, 0, 0, 0, 306644, 2140
317172, 0, 4, 0, 0, 0, 0, 306644, 2140
317172, 0, 4, 0, 0, 0, 0, 306644, 2140
317172, 0, 4, 0, 0, 0, 0, 306644, 2140
317172, 0, 4, 0, 0, 0, 0, 306644, 2140
317172, 0, 4, 0, 0, 0, 0, 306644, 2140
317172, 0, 4, 0, 0, 0, 0, 306644, 2140
317172, 0, 4, 0, 0, 0, 0, 306644, 2140
317172, 0, 4, 0, 0, 0, 0, 306644, 2140
317172, 0, 4, 0, 0, 0, 0, 306644, 2140
317172, 0, 4, 0, 0, 0, 0, 306644, 2140
317172, 0, 4, 0, 0, 0, 0, 306644, 2140
317172, 0, 4, 0, 0, 0, 0, 306644, 2140
317172, 0, 4, 0, 0, 0, 0, 306644, 2140
317172, 0, 4, 0, 0, 0, 0, 306644, 2140
317172, 0, 4, 0, 0, 0, 0, 306644, 2140
317172, 0, 4, 0, 0, 0, 0, 306644, 2140
317172, 0, 4, 0, 0, 0, 0, 306644, 2140
317172, 0, 4, 0, 0, 0, 0, 306644, 2140
317172, 0, 4, 0, 0, 0, 0, 306644, 2140
317172, 0, 4, 0, 0, 0, 0, 306644, 2140
317172, 0, 4, 0, 0, 0, 0, 306644, 2140
317172, 0, 4, 0, 0, 0, 0, 306644, 2140
317172, 0, 4, 0, 0, 0, 0, 306644, 2140
317172, 0, 4, 0, 0, 0, 0, 306644, 2140
317172, 0, 4, 0, 0, 0, 0, 306644, 2140
317172, 0, 4, 0, 0, 0, 0, 306644, 2140
317172, 0, 4, 0, 0, 0, 0, 306644, 2140
317172, 0, 4, 0, 0, 0, 0, 306644, 2140
317172, 0, 4, 0, 0, 0, 0, 306644, 2140
317172, 0, 4, 0, 0, 0, 0, 306644, 2140
317172, 0, 4, 0, 0, 0, 0, 306644, 2140
317172, 0, 4, 0, 0, 0, 0, 306644, 2140
317172, 0, 4, 0, 0, 0, 0, 306644, 2140
317172, 0, 4, 0, 0, 0, 0, 306644, 2140
317172, 0, 4, 0, 0, 0, 0, 306644, 2140
317172, 0, 4, 0, 0, 0, 0, 306644, 2140
317172, 0, 4, 0, 0, 0, 0, 306644, 2140
317172, 0, 4, 0, 0, 0, 0, 306644, 2140
317172, 0, 4, 0, 0, 0, 0, 306644, 2140
317172, 0, 4, 0, 0, 0, 0, 306644, 2140
317172, 0, 4, 0, 0, 0, 0, 306644, 2140
317172, 0, 4, 0, 0, 0, 0, 306644, 2140
317172, 0, 4, 0, 0, 0, 0, 306644, 2140
317172, 0, 4, 0, 0, 0, 0, 306644, 2140
317172, 0, 4, 0, 0, 0, 0, 306644, 2140
317172, 0, 4, 0, 0, 0, 0, 306644, 2140
317172, 0, 4, 0, 0, 0, 0, 306644, 2140
317172, 0, 4, 0, 0, 0, 0, 306644, 2140
317172, 0, 4, 0, 0, 0, 0, 306644, 2140
317172, 0, 4, 0, 0, 0, 0, 306644, 2140
317172, 0, 4, 0, 0, 0, 0, 306644, 2140
317172, 0, 4, 0, 0, 0, 0, 306644, 2140
317172, 0, 4, 0, 0, 0, 0, 306644, 2140
317172, 0, 4, 0, 0, 0, 0, 306644, 2140
317172, 0, 4, 0, 0, 0, 0, 306644, 2140
317172, 0, 4, 0, 0, 0, 0, 306644, 2140
317172, 0, 4, 0, 0, 0, 0, 306644, 2140
317172, 0, 4, 0, 0, 0, 0, 306644, 2140
317172, 0, 4, 0, 0, 0, 0, 306644, 2140
317172, 0, 4, 0, 0, 0, 0, 306644, 2140
317172, 0, 4, 0, 0, 0, 0, 306644, 2140
317172, 0, 4, 0, 0, 0, 0, 306644, 2140
317172, 0, 4, 0, 0, 0, 0, 306644, 2140
317172, 0, 4, 0, 0, 0, 0, 306644, 2140
317172, 0, 4, 0, 0, 0, 0, 306644, 2140
317172, 0, 4, 0, 0, 0, 0, 306644, 2140
317172, 0, 4, 0, 0, 0, 0, 306644, 2140
317172, 0, 4, 0, 0, 0, 0, 306644, 2140
317172, 0, 4, 0, 0, 0, 0, 306644, 2140
317172, 0, 4, 0, 0, 0, 0, 306644, 2140
317172, 0, 4, 0, 0, 0, 0, 306644, 2140
317172, 0, 4, 0, 0, 0, 0, 306644, 2140
317172, 0, 4, 0, 0, 0, 0, 306644, 2140
317172, 0, 4, 0, 0, 0, 0, 306644, 2140
317172, 0, 4, 0, 0, 0, 0, 306644, 2140
317172, 0, 4, 0, 0, 0, 0, 306644, 2140
317172, 0, 4, 0, 0, 0, 0, 306644, 2140
317172, 0, 4, 0, 0, 0, 0, 306644, 2140
317172, 0, 4, 0, 0, 0, 0, 306644, 2140
317172, 0, 4, 0, 0, 0, 0, 306644, 2140
317172, 0, 4, 0, 0, 0, 0, 306644, 2140
317172, 0, 4, 0, 0, 0, 0, 306644, 2140
317172, 0, 4, 0, 0, 0, 0, 306644, 2140
317172, 0, 4, 0, 0, 0, 0, 306644, 2140
317172, 0, 4, 0, 0, 0, 0, 306644, 2140
317172, 0, 4, 0, 0, 0, 0, 306644, 2140
317172, 0, 4, 0, 0, 0, 0, 306644, 2140
317172, 0, 4, 0, 0, 0, 0, 306644, 2140
317172, 0, 4, 0, 0, 0, 0, 306644, 2140
317172, 0, 4, 0, 0, 0, 0, 306644, 2140
317172, 0, 4, 0, 0, 0, 0, 306644, 2140
317172, 0, 4, 0, 0, 0, 0, 306644, 2140
317172, 0, 4, 0, 0, 0, 0, 306644, 2140
317172, 0, 4, 0, 0, 0, 0, 306644, 2140
317172, 0, 4, 0, 0, 0, 0, 306644, 2140
317172, 0, 4, 0, 0, 0, 0, 306644, 2140
317172, 0, 4, 0, 0, 0, 0, 306644, 2140
317172, 0, 4, 0, 0, 0, 0, 306644, 2140
317172, 0, 4, 0, 0, 0, 0, 306644, 2140
317172, 0, 4, 0, 0, 0, 0, 306644, 2140
317172, 0, 4, 0, 0, 0, 0, 306644, 2140
317172, 0, 4, 0, 0, 0, 0, 306644, 2140
317172, 0, 4, 0, 0, 0, 0, 306644, 2140
317172, 0, 4, 0, 0, 0, 0, 306644, 2140
317172, 0, 4, 0, 0, 0, 0, 306644, 2140
317172, 0, 4, 0, 0, 0, 0, 306644, 2140
317172, 0, 4, 0, 0, 0, 0, 306644, 2140
317172, 0, 4, 0, 0, 0, 0, 306644, 2140
317172, 0, 4, 0, 0, 0, 0, 306644, 2140
317172, 0, 4, 0, 0, 0, 0, 306644, 2140
317172, 0, 4, 0, 0, 0, 0, 306644, 2140
317172, 0, 4, 0, 0, 0, 0, 306644, 2140
317172, 0, 4, 0, 0, 0, 0, 306644, 2140
317172, 0, 4, 0, 0, 0, 0, 306644, 2140
317172, 0, 4, 0, 0, 0, 0, 306644, 2140
317172, 0, 4, 0, 0, 0, 0, 306644, 2140
317172, 0, 4, 0, 0, 0, 0, 306644, 2140
317172, 0, 4, 0, 0, 0, 0, 306644, 2140
317172, 0, 4, 0, 0, 0, 0, 306644, 2140
317172, 0, 4, 0, 0, 0, 0, 306644, 2140
317172, 0, 4, 0, 0, 0, 0, 306644, 2140
317172, 0, 4, 0, 0, 0, 0, 306644, 2140
317172, 0, 4, 0, 0, 0, 0, 306644, 2140
317172, 0, 4, 0, 0, 0, 0, 306644, 2140
317172, 0, 4, 0, 0, 0, 0, 306644, 2140
317172, 0, 4, 0, 0, 0, 0, 306644, 2140
317172, 0, 4, 0, 0, 0, 0, 306644, 2140
317172, 0, 4, 0, 0, 0, 0, 306644, 2140
317172, 0, 4, 0, 0, 0, 0, 306644, 2140
317172, 0, 4, 0, 0, 0, 0, 306644, 2140
317172, 0, 4, 0, 0, 0, 0, 306644, 2140
317172, 0, 4, 0, 0, 0, 0, 306644, 2140
317172, 0, 4, 0, 0, 0, 0, 306644, 2140
317172, 0, 4, 0, 0, 0, 0, 306644, 2140
317172, 0, 4, 0, 0, 0, 0, 306644, 2140
317172, 0, 4, 0, 0, 0, 0, 306644, 2140
317172, 0, 4, 0, 0, 0, 0, 306644, 2140
317172, 0, 4, 0, 0, 0, 0, 306644, 2140
317172, 0, 4, 0, 0, 0, 0, 306644, 2140
317172, 0, 4, 0, 0, 0, 0, 306644, 2140
317172, 0, 4, 0, 0, 0, 0, 306644, 2140
317172, 0, 4, 0, 0, 0, 0, 306644, 2140
317172, 0, 4, 0, 0, 0, 0, 306644, 2140
317172, 0, 4, 0, 0, 0, 0, 306644, 2140
317172, 0, 4, 0, 0, 0, 0, 306644, 2140
317172, 0, 4, 0, 0, 0, 0, 306644, 2140
317172, 0, 4, 0, 0, 0, 0, 306644, 2140
317172, 0, 4, 0, 0, 0, 0, 306644, 2140
317172, 0, 4, 0, 0, 0, 0, 306644, 2140
317172, 0, 4, 0, 0, 0, 0, 306644, 2140
317172, 0, 4, 0, 0, 0, 0, 306644, 2140
317172, 0, 4, 0, 0, 0, 0, 306644, 2140
317172, 0, 4, 0, 0, 0, 0, 306644, 2140
317172, 0, 4, 0, 0, 0, 0, 306644, 2140
317172, 0, 4, 0, 0, 0, 0, 306644, 2140
317172, 0, 4, 0, 0, 0, 0, 306644, 2140
317172, 0, 4, 0, 0, 0, 0, 306644, 2140
317172, 0, 4, 0, 0, 0, 0, 306644, 2140
317172, 0, 4, 0, 0, 0, 0, 306644, 2140
317172, 0, 4, 0, 0, 0, 0, 306644, 2140
317172, 0, 4, 0, 0, 0, 0, 306644, 2140
317172, 0, 4, 0, 0, 0, 0, 306644, 2140
317172, 0, 4, 0, 0, 0, 0, 306644, 2140
317172, 0, 4, 0, 0, 0, 0, 306644, 2140
317172, 0, 4, 0, 0, 0, 0, 306644, 2140
317172, 0, 4, 0, 0, 0, 0, 306644, 2140
317172, 0, 4, 0, 0, 0, 0, 306644, 2140
317172, 0, 4, 0, 0, 0, 0, 306644, 2140
317172, 0, 4, 0, 0, 0, 0, 306644, 2140
317172, 0, 4, 0, 0, 0, 0, 306644, 2140
317172, 0, 4, 0, 0, 0, 0, 306644, 2140
317172, 0, 4, 0, 0, 0, 0, 306644, 2140
317172, 0, 4, 0, 0, 0, 0, 306644, 2140
317172, 0, 4, 0, 0, 0, 0, 306644, 2140
317172, 0, 4, 0, 0, 0, 0, 306644, 2140
317172, 0, 4, 0, 0, 0, 0, 306644, 2140
317172, 0, 4, 0, 0, 0, 0, 306644, 2140
317172, 0, 4, 0, 0, 0, 0, 306644, 2140
317172, 0, 4, 0, 0, 0, 0, 306644, 2140
317172, 0, 4, 0, 0, 0, 0, 306644, 2140
317172, 0, 4, 0, 0, 0, 0, 306644, 2140
317172, 0, 4, 0, 0, 0, 0, 306644, 2140
317172, 0, 4, 0, 0, 0, 0, 306644, 2140
317172, 0, 4, 0, 0, 0, 0, 306644, 2140
317172, 0, 4, 0, 0, 0, 0, 306644, 2140
317172, 0, 4, 0, 0, 0, 0, 306644, 2140
317172, 0, 4, 0, 0, 0, 0, 306644, 2140
317172, 0, 4, 0, 0, 0, 0, 306644, 2140
317172, 0, 4, 0, 0, 0, 0, 306644, 2140
317172, 0, 4, 0, 0, 0, 0, 306644, 2140
317172, 0, 4, 0, 0, 0, 0, 306644, 2140
317172, 0, 4, 0, 0, 0, 0, 306644, 2140
317172, 0, 4, 0, 0, 0, 0, 306644, 2140
317172, 0, 4, 0, 0, 0, 0, 306644, 2140
317172, 0, 4, 0, 0, 0, 0, 306644, 2140
317172, 0, 4, 0, 0, 0, 0, 306644, 2140
317172, 0, 4, 0, 0, 0, 0, 306644, 2140
317172, 0, 4, 0, 0, 0, 0, 306644, 2140
317172, 0, 4, 0, 0, 0, 0, 306644, 2140
317172, 0, 4, 0, 0, 0, 0, 306644, 2140
317172, 0, 4, 0, 0, 0, 0, 306644, 2140
317172, 0, 4, 0, 0, 0, 0, 306644, 2140
317172, 0, 4, 0, 0, 0, 0, 306644, 2140
317172, 0, 4, 0, 0, 0, 0, 306644, 2140
317172, 0, 4, 0, 0, 0, 0, 306644, 2140
317172, 0, 4, 0, 0, 0, 0, 306644, 2140
317172, 0, 4, 0, 0, 0, 0, 306644, 2140
317172, 0, 4, 0, 0, 0, 0, 306644, 2140
317172, 0, 4, 0, 0, 0, 0, 306644, 2140
317172, 0, 4, 0, 0, 0, 0, 306644, 2140
317172, 0, 4, 0, 0, 0, 0, 306644, 2140
317172, 0, 4, 0, 0, 0, 0, 306644, 2140
317172, 0, 4, 0, 0, 0, 0, 306644, 2140
317172, 0, 4, 0, 0, 0, 0, 306644, 2140
317172, 0, 4, 0, 0, 0, 0, 306644, 2140
317172, 0, 4, 0, 0, 0, 0, 306644, 2140
317172, 0, 4, 0, 0, 0, 0, 306644, 2140
317172, 0, 4, 0, 0, 0, 0, 306644, 2140
317172, 0, 4, 0, 0, 0, 0, 306644, 2140
317172, 0, 4, 0, 0, 0, 0, 306644, 2140
317172, 0, 4, 0, 0, 0, 0, 306644, 2140
317172, 0, 4, 0, 0, 0, 0, 306644, 2140
317172, 0, 4, 0, 0, 0, 0, 306644, 2140
317172, 0, 4, 0, 0, 0, 0, 306644, 2140
317172, 0, 4, 0, 0, 0, 0, 306644, 2140
317172, 0, 4, 0, 0, 0, 0, 306644, 2140
317172, 0, 4, 0, 0, 0, 0, 306644, 2140
317172, 0, 4, 0, 0, 0, 0, 306644, 2140
317172, 0, 4, 0, 0, 0, 0, 306644, 2140
317172, 0, 4, 0, 0, 0, 0, 306644, 2140
317172, 0, 4, 0, 0, 0, 0, 306644, 2140
317172, 0, 4, 0, 0, 0, 0, 306644, 2140
317172, 0, 4, 0, 0, 0, 0, 306644, 2140
317172, 0, 4, 0, 0, 0, 0, 306644, 2140
317172, 0, 4, 0, 0, 0, 0, 306644, 2140
317172, 0, 4, 0, 0, 0, 0, 306644, 2140
317172, 0, 4, 0, 0, 0, 0, 306644, 2140
317172, 0, 4, 0, 0, 0, 0, 306644, 2140
317172, 0, 4, 0, 0, 0, 0, 306644, 2140
317172, 0, 4, 0, 0, 0, 0, 306644, 2140
317172, 0, 4, 0, 0, 0, 0, 306644, 2140
317172, 0, 4, 0, 0, 0, 0, 306644, 2140
317172, 0, 4, 0, 0, 0, 0, 306644, 2140
317172, 0, 4, 0, 0, 0, 0, 306644, 2140
317172, 0, 4, 0, 0, 0, 0, 306644, 2140
317172, 0, 4, 0, 0, 0, 0, 306644, 2140
317172, 0, 4, 0, 0, 0, 0, 306644, 2140
317172, 0, 4, 0, 0, 0, 0, 306644, 2140
317172, 0, 4, 0, 0, 0, 0, 306644, 2140
317172, 0, 4, 0, 0, 0, 0, 306644, 2140
317172, 0, 4, 0, 0, 0, 0, 306644, 2140
317172, 0, 4, 0, 0, 0, 0, 306644, 2140
317172, 0, 4, 0, 0, 0, 0, 306644, 2140
317172, 0, 4, 0, 0, 0, 0, 306644, 2140
317172, 0, 4, 0, 0, 0, 0, 306644, 2140
317172, 0, 4, 0, 0, 0, 0, 306644, 2140
317172, 0, 4, 0, 0, 0, 0, 306644, 2140
317172, 0, 4, 0, 0, 0, 0, 306644, 2140
317172, 0, 4, 0, 0, 0, 0, 306644, 2140
317172, 0, 4, 0, 0, 0, 0, 306644, 2140
317172, 0, 4, 0, 0, 0, 0, 306644, 2140
317172, 0, 4, 0, 0, 0, 0, 306644, 2140
317172, 0, 4, 0, 0, 0, 0, 306644, 2140
317172, 0, 4, 0, 0, 0, 0, 306644, 2140
317172, 0, 4, 0, 0, 0, 0, 306644, 2140
317172, 0, 4, 0, 0, 0, 0, 306644, 2140
317172, 0, 4, 0, 0, 0, 0, 306644, 2140
317172, 0, 4, 0, 0, 0, 0, 306644, 2140
317172, 0, 4, 0, 0, 0, 0, 306644, 2140
317172, 0, 4, 0, 0, 0, 0, 306644, 2140
317172, 0, 4, 0, 0, 0, 0, 306644, 2140
317172, 0, 4, 0, 0, 0, 0, 306644, 2140
317172, 0, 4, 0, 0, 0, 0, 306644, 2140
317172, 0, 4, 0, 0, 0, 0, 306644, 2140
317172, 0, 4, 0, 0, 0, 0, 306644, 2140
317172, 0, 4, 0, 0, 0, 0, 306644, 2140
317172, 0, 4, 0, 0, 0, 0, 306644, 2140
317172, 0, 4, 0, 0, 0, 0, 306644, 2140
317172, 0, 4, 0, 0, 0, 0, 306644, 2140
317172, 0, 4, 0, 0, 0, 0, 306644, 2140
317172, 0, 4, 0, 0, 0, 0, 306644, 2140
317172, 0, 4, 0, 0, 0, 0, 306644, 2140
317172, 0, 4, 0, 0, 0, 0, 306644, 2140
317172, 0, 4, 0, 0, 0, 0, 306644, 2140
317172, 0, 4, 0, 0, 0, 0, 306644, 2140
317172, 0, 4, 0, 0, 0, 0, 306644, 2140
317172, 0, 4, 0, 0, 0, 0, 306644, 2140
317172, 0, 4, 0, 0, 0, 0, 306644, 2140
317172, 0, 4, 0, 0, 0, 0, 306644, 2140
317172, 0, 4, 0, 0, 0, 0, 306644, 2140
317172, 0, 4, 0, 0, 0, 0, 306644, 2140
317172, 0, 4, 0, 0, 0, 0, 306644, 2140
317172, 0, 4, 0, 0, 0, 0, 306644, 2140
317172, 0, 4, 0, 0, 0, 0, 306644, 2140
317172, 0, 4, 0, 0, 0, 0, 306644, 2140
317172, 0, 4, 0, 0, 0, 0, 306644, 2140
317172, 0, 4, 0, 0, 0, 0, 306644, 2140
317172, 0, 4, 0, 0, 0, 0, 306644, 2140
317172, 0, 4, 0, 0, 0, 0, 306644, 2140
317172, 0, 4, 0, 0, 0, 0, 306644, 2140
317172, 0, 4, 0, 0, 0, 0, 306644, 2140
317172, 0, 4, 0, 0, 0, 0, 306644, 2140
317172, 0, 4, 0, 0, 0, 0, 306644, 2140
317172, 0, 4, 0, 0, 0, 0, 306644, 2140
317172, 0, 4, 0, 0, 0, 0, 306644, 2140
317172, 0, 4, 0, 0, 0, 0, 306644, 2140
317172, 0, 4, 0, 0, 0, 0, 306644, 2140
317172, 0, 4, 0, 0, 0, 0, 306644, 2140
317172, 0, 4, 0, 0, 0, 0, 306644, 2140
317172, 0, 4, 0, 0, 0, 0, 306644, 2140
317172, 0, 4, 0, 0, 0, 0, 306644, 2140
317172, 0, 4, 0, 0, 0, 0, 306644, 2140
317172, 0, 4, 0, 0, 0, 0, 306644, 2140
317172, 0, 4, 0, 0, 0, 0, 306644, 2140
317172, 0, 4, 0, 0, 0, 0, 306644, 2140
317172, 0, 4, 0, 0, 0, 0, 306644, 2140
317172, 0, 4, 0, 0, 0, 0, 306644, 2140
317172, 0, 4, 0, 0, 0, 0, 306644, 2140
317172, 0, 4, 0, 0, 0, 0, 306644, 2140
317172, 0, 4, 0, 0, 0, 0, 306644, 2140
317172, 0, 4, 0, 0, 0, 0, 306644, 2140
317172, 0, 4, 0, 0, 0, 0, 306644, 2140
317172, 0, 4, 0, 0, 0, 0, 306644, 2140
317172, 0, 4, 0, 0, 0, 0, 306644, 2140
317172, 0, 4, 0, 0, 0, 0, 306644, 2140
317172, 0, 4, 0, 0, 0, 0, 306644, 2140
317172, 0, 4, 0, 0, 0, 0, 306644, 2140
317172, 0, 4, 0, 0, 0, 0, 306644, 2140
317172, 0, 4, 0, 0, 0, 0, 306644, 2140
317172, 0, 4, 0, 0, 0, 0, 306644, 2140
317172, 0, 4, 0, 0, 0, 0, 306644, 2140
317172, 0, 4, 0, 0, 0, 0, 306644, 2140
317172, 0, 4, 0, 0, 0, 0, 306644, 2140
317172, 0, 4, 0, 0, 0, 0, 306644, 2140
317172, 0, 4, 0, 0, 0, 0, 306644, 2140
317172, 0, 4, 0, 0, 0, 0, 306644, 2140
317172, 0, 4, 0, 0, 0, 0, 306644, 2140
317172, 0, 4, 0, 0, 0, 0, 306644, 2140
317172, 0, 4, 0, 0, 0, 0, 306644, 2140
317172, 0, 4, 0, 0, 0, 0, 306644, 2140
317172, 0, 4, 0, 0, 0, 0, 306644, 2140
317172, 0, 4, 0, 0, 0, 0, 306644, 2140
317172, 0, 4, 0, 0, 0, 0, 306644, 2140
317172, 0, 4, 0, 0, 0, 0, 306644, 2140
317172, 0, 4, 0, 0, 0, 0, 306644, 2140
317172, 0, 4, 0, 0, 0, 0, 306644, 2140
317172, 0, 4, 0, 0, 0, 0, 306644, 2140
317172, 0, 4, 0, 0, 0, 0, 306644, 2140
317172, 0, 4, 0, 0, 0, 0, 306644, 2140
317172, 0, 4, 0, 0, 0, 0, 306644, 2140
317172, 0, 4, 0, 0, 0, 0, 306644, 2140
317172, 0, 4, 0, 0, 0, 0, 306644, 2140
317172, 0, 4, 0, 0, 0, 0, 306644, 2140
317172, 0, 4, 0, 0, 0, 0, 306644, 2140
317172, 0, 4, 0, 0, 0, 0, 306644, 2140
317172, 0, 4, 0, 0, 0, 0, 306644, 2140
317172, 0, 4, 0, 0, 0, 0, 306644, 2140
317172, 0, 4, 0, 0, 0, 0, 306644, 2140
317172, 0, 4, 0, 0, 0, 0, 306644, 2140
317172, 0, 4, 0, 0, 0, 0, 306644, 2140
317172, 0, 4, 0, 0, 0, 0, 306644, 2140
317172, 0, 4, 0, 0, 0, 0, 306644, 2140
317172, 0, 4, 0, 0, 0, 0, 306644, 2140
317172, 0, 4, 0, 0, 0, 0, 306644, 2140
317172, 0, 4, 0, 0, 0, 0, 306644, 2140
317172, 0, 4, 0, 0, 0, 0, 306644, 2140
317172, 0, 4, 0, 0, 0, 0, 306644, 2140
317172, 0, 4, 0, 0, 0, 0, 306644, 2140
317172, 0, 4, 0, 0, 0, 0, 306644, 2140
317172, 0, 4, 0, 0, 0, 0, 306644, 2140
317172, 0, 4, 0, 0, 0, 0, 306644, 2140
317172, 0, 4, 0, 0, 0, 0, 306644, 2140
317172, 0, 4, 0, 0, 0, 0, 306644, 2140
317172, 0, 4, 0, 0, 0, 0, 306644, 2140
317172, 0, 4, 0, 0, 0, 0, 306644, 2140
317172, 0, 4, 0, 0, 0, 0, 306644, 2140
317172, 0, 4, 0, 0, 0, 0, 306644, 2140
317172, 0, 4, 0, 0, 0, 0, 306644, 2140
317172, 0, 4, 0, 0, 0, 0, 306644, 2140
317172, 0, 4, 0, 0, 0, 0, 306644, 2140
317172, 0, 4, 0, 0, 0, 0, 306644, 2140
317172, 0, 4, 0, 0, 0, 0, 306644, 2140
317172, 0, 4, 0, 0, 0, 0, 306644, 2140
317172, 0, 4, 0, 0, 0, 0, 306644, 2140
317172, 0, 4, 0, 0, 0, 0, 306644, 2140
317172, 0, 4, 0, 0, 0, 0, 306644, 2140
317172, 0, 4, 0, 0, 0, 0, 306644, 2140
317172, 0, 4, 0, 0, 0, 0, 306644, 2140
317172, 0, 4, 0, 0, 0, 0, 306644, 2140
317172, 0, 4, 0, 0, 0, 0, 306644, 2140
317172, 0, 4, 0, 0, 0, 0, 306644, 2140
317172, 0, 4, 0, 0, 0, 0, 306644, 2140
317172, 0, 4, 0, 0, 0, 0, 306644, 2140
317172, 0, 4, 0, 0, 0, 0, 306644, 2140
317172, 0, 4, 0, 0, 0, 0, 306644, 2140
317172, 0, 4, 0, 0, 0, 0, 306644, 2140
317172, 0, 4, 0, 0, 0, 0, 306644, 2140
317172, 0, 4, 0, 0, 0, 0, 306644, 2140
317172, 0, 4, 0, 0, 0, 0, 306644, 2140
317172, 0, 4, 0, 0, 0, 0, 306644, 2140
317172, 0, 4, 0, 0, 0, 0, 306644, 2140
317172, 0, 4, 0, 0, 0, 0, 306644, 2140
317172, 0, 4, 0, 0, 0, 0, 306644, 2140
317172, 0, 4, 0, 0, 0, 0, 306644, 2140
317172, 0, 4, 0, 0, 0, 0, 306644, 2140
317172, 0, 4, 0, 0, 0, 0, 306644, 2140
317172, 0, 4, 0, 0, 0, 0, 306644, 2140
317172, 0, 4, 0, 0, 0, 0, 306644, 2140
317172, 0, 4, 0, 0, 0, 0, 306644, 2140
317172, 0, 4, 0, 0, 0, 0, 306644, 2140
317172, 0, 4, 0, 0, 0, 0, 306644, 2140
317172, 0, 4, 0, 0, 0, 0, 306644, 2140
317172, 0, 4, 0, 0, 0, 0, 306644, 2140
317172, 0, 4, 0, 0, 0, 0, 306644, 2140
317172, 0, 4, 0, 0, 0, 0, 306644, 2140
317172, 0, 4, 0, 0, 0, 0, 306644, 2140
317172, 0, 4, 0, 0, 0, 0, 306644, 2140
317172, 0, 4, 0, 0, 0, 0, 306644, 2140
317172, 0, 4, 0, 0, 0, 0, 306644, 2140
317172, 0, 4, 0, 0, 0, 0, 306644, 2140
317172, 0, 4, 0, 0, 0, 0, 306644, 2140
317172, 0, 4, 0, 0, 0, 0, 306644, 2140
317172, 0, 4, 0, 0, 0, 0, 306644, 2140
317172, 0, 4, 0, 0, 0, 0, 306644, 2140
317172, 0, 4, 0, 0, 0, 0, 306644, 2140
317172, 0, 4, 0, 0, 0, 0, 306644, 2140
317172, 0, 4, 0, 0, 0, 0, 306644, 2140
317172, 0, 4, 0, 0, 0, 0, 306644, 2140
317172, 0, 4, 0, 0, 0, 0, 306644, 2140
317172, 0, 4, 0, 0, 0, 0, 306644, 2140
317172, 0, 4, 0, 0, 0, 0, 306644, 2140
317172, 0, 4, 0, 0, 0, 0, 306644, 2140
317172, 0, 4, 0, 0, 0, 0, 306644, 2140
317172, 0, 4, 0, 0, 0, 0, 306644, 2140
317172, 0, 4, 0, 0, 0, 0, 306644, 2140
317172, 0, 4, 0, 0, 0, 0, 306644, 2140
317172, 0, 4, 0, 0, 0, 0, 306644, 2140
317172, 0, 4, 0, 0, 0, 0, 306644, 2140
317172, 0, 4, 0, 0, 0, 0, 306644, 2140
317172, 0, 4, 0, 0, 0, 0, 306644, 2140
317172, 0, 4, 0, 0, 0, 0, 306644, 2140
317172, 0, 4, 0, 0, 0, 0, 306644, 2140
317172, 0, 4, 0, 0, 0, 0, 306644, 2140
317172, 0, 4, 0, 0, 0, 0, 306644, 2140
317172, 0, 4, 0, 0, 0, 0, 306644, 2140
317172, 0, 4, 0, 0, 0, 0, 306644, 2140
317172, 0, 4, 0, 0, 0, 0, 306644, 2140
317172, 0, 4, 0, 0, 0, 0, 306644, 2140
317172, 0, 4, 0, 0, 0, 0, 306644, 2140
317172, 0, 4, 0, 0, 0, 0, 306644, 2140
317172, 0, 4, 0, 0, 0, 0, 306644, 2140
317172, 0, 4, 0, 0, 0, 0, 306644, 2140
317172, 0, 4, 0, 0, 0, 0, 306644, 2140
317172, 0, 4, 0, 0, 0, 0, 306644, 2140
317172, 0, 4, 0, 0, 0, 0, 306644, 2140
317172, 0, 4, 0, 0, 0, 0, 306644, 2140
317172, 0, 4, 0, 0, 0, 0, 306644, 2140
317172, 0, 4, 0, 0, 0, 0, 306644, 2140
317172, 0, 4, 0, 0, 0, 0, 306644, 2140
317172, 0, 4, 0, 0, 0, 0, 306644, 2140
317172, 0, 4, 0, 0, 0, 0, 306644, 2140
317172, 0, 4, 0, 0, 0, 0, 306644, 2140
317172, 0, 4, 0, 0, 0, 0, 306644, 2140
317172, 0, 4, 0, 0, 0, 0, 306644, 2140
317172, 0, 4, 0, 0, 0, 0, 306644, 2140
317172, 0, 4, 0, 0, 0, 0, 306644, 2140
317172, 0, 4, 0, 0, 0, 0, 306644, 2140
317172, 0, 4, 0, 0, 0, 0, 306644, 2140
317172, 0, 4, 0, 0, 0, 0, 306644, 2140
317172, 0, 4, 0, 0, 0, 0, 306644, 2140
317172, 0, 4, 0, 0, 0, 0, 306644, 2140
317172, 0, 4, 0, 0, 0, 0, 306644, 2140
317172, 0, 4, 0, 0, 0, 0, 306644, 2140
317172, 0, 4, 0, 0, 0, 0, 306644, 2140
317172, 0, 4, 0, 0, 0, 0, 306644, 2140
317172, 0, 4, 0, 0, 0, 0, 306644, 2140
317172, 0, 4, 0, 0, 0, 0, 306644, 2140
317172, 0, 4, 0, 0, 0, 0, 306644, 2140
317172, 0, 4, 0, 0, 0, 0, 306644, 2140
317172, 0, 4, 0, 0, 0, 0, 306644, 2140
317172, 0, 4, 0, 0, 0, 0, 306644, 2140
317172, 0, 4, 0, 0, 0, 0, 306644, 2140
317172, 0, 4, 0, 0, 0, 0, 306644, 2140
317172, 0, 4, 0, 0, 0, 0, 306644, 2140
317172, 0, 4, 0, 0, 0, 0, 306644, 2140
317172, 0, 4, 0, 0, 0, 0, 306644, 2140
317172, 0, 4, 0, 0, 0, 0, 306644, 2140
317172, 0, 4, 0, 0, 0, 0, 306644, 2140
317172, 0, 4, 0, 0, 0, 0, 306644, 2140
317172, 0, 4, 0, 0, 0, 0, 306644, 2140
317172, 0, 4, 0, 0, 0, 0, 306644, 2140
317172, 0, 4, 0, 0, 0, 0, 306644, 2140
317172, 0, 4, 0, 0, 0, 0, 306644, 2140
317172, 0, 4, 0, 0, 0, 0, 306644, 2140
317172, 0, 4, 0, 0, 0, 0, 306644, 2140
317172, 0, 4, 0, 0, 0, 0, 306644, 2140
317172, 0, 4, 0, 0, 0, 0, 306644, 2140
317172, 0, 4, 0, 0, 0, 0, 306644, 2140
317172, 0, 4, 0, 0, 0, 0, 306644, 2140
317172, 0, 4, 0, 0, 0, 0, 306644, 2140
317172, 0, 4, 0, 0, 0, 0, 306644, 2140
317172, 0, 4, 0, 0, 0, 0, 306644, 2140
317172, 0, 4, 0, 0, 0, 0, 306644, 2140
317172, 0, 4, 0, 0, 0, 0, 306644, 2140
317172, 0, 4, 0, 0, 0, 0, 306644, 2140
317172, 0, 4, 0, 0, 0, 0, 306644, 2140
317172, 0, 4, 0, 0, 0, 0, 306644, 2140
317172, 0, 4, 0, 0, 0, 0, 306644, 2140
317172, 0, 4, 0, 0, 0, 0, 306644, 2140
317172, 0, 4, 0, 0, 0, 0, 306644, 2140
317172, 0, 4, 0, 0, 0, 0, 306644, 2140
317172, 0, 4, 0, 0, 0, 0, 306644, 2140
317172, 0, 4, 0, 0, 0, 0, 306644, 2140
317172, 0, 4, 0, 0, 0, 0, 306644, 2140
317172, 0, 4, 0, 0, 0, 0, 306644, 2140
317172, 0, 4, 0, 0, 0, 0, 306644, 2140
317172, 0, 4, 0, 0, 0, 0, 306644, 2140
317172, 0, 4, 0, 0, 0, 0, 306644, 2140
317172, 0, 4, 0, 0, 0, 0, 306644, 2140
317172, 0, 4, 0, 0, 0, 0, 306644, 2140
317172, 0, 4, 0, 0, 0, 0, 306644, 2140
317172, 0, 4, 0, 0, 0, 0, 306644, 2140
317172, 0, 4, 0, 0, 0, 0, 306644, 2140
317172, 0, 4, 0, 0, 0, 0, 306644, 2140
317172, 0, 4, 0, 0, 0, 0, 306644, 2140
317172, 0, 4, 0, 0, 0, 0, 306644, 2140
317172, 0, 4, 0, 0, 0, 0, 306644, 2140
317172, 0, 4, 0, 0, 0, 0, 306644, 2140
317172, 0, 4, 0, 0, 0, 0, 306644, 2140
317172, 0, 4, 0, 0, 0, 0, 306644, 2140
317172, 0, 4, 0, 0, 0, 0, 306644, 2140
317172, 0, 4, 0, 0, 0, 0, 306644, 2140
317172, 0, 4, 0, 0, 0, 0, 306644, 2140
317172, 0, 4, 0, 0, 0, 0, 306644, 2140
317172, 0, 4, 0, 0, 0, 0, 306644, 2140
317172, 0, 4, 0, 0, 0, 0, 306644, 2140
317172, 0, 4, 0, 0, 0, 0, 306644, 2140
317172, 0, 4, 0, 0, 0, 0, 306644, 2140
317172, 0, 4, 0, 0, 0, 0, 306644, 2140
317172, 0, 4, 0, 0, 0, 0, 306644, 2140
317172, 0, 4, 0, 0, 0, 0, 306644, 2140
317172, 0, 4, 0, 0, 0, 0, 306644, 2140
317172, 0, 4, 0, 0, 0, 0, 306644, 2140
317172, 0, 4, 0, 0, 0, 0, 306644, 2140
317172, 0, 4, 0, 0, 0, 0, 306644, 2140
317172, 0, 4, 0, 0, 0, 0, 306644, 2140
317172, 0, 4, 0, 0, 0, 0, 306644, 2140
317172, 0, 4, 0, 0, 0, 0, 306644, 2140
317172, 0, 4, 0, 0, 0, 0, 306644, 2140
317172, 0, 4, 0, 0, 0, 0, 306644, 2140
317172, 0, 4, 0, 0, 0, 0, 306644, 2140
317172, 0, 4, 0, 0, 0, 0, 306644, 2140
317172, 0, 4, 0, 0, 0, 0, 306644, 2140
317172, 0, 4, 0, 0, 0, 0, 306644, 2140
317172, 0, 4, 0, 0, 0, 0, 306644, 2140
317172, 0, 4, 0, 0, 0, 0, 306644, 2140
317172, 0, 4, 0, 0, 0, 0, 306644, 2140
317172, 0, 4, 0, 0, 0, 0, 306644, 2140
317172, 0, 4, 0, 0, 0, 0, 306644, 2140
317172, 0, 4, 0, 0, 0, 0, 306644, 2140
317172, 0, 4, 0, 0, 0, 0, 306644, 2140
317172, 0, 4, 0, 0, 0, 0, 306644, 2140
317172, 0, 4, 0, 0, 0, 0, 306644, 2140
317172, 0, 4, 0, 0, 0, 0, 306644, 2140
317172, 0, 4, 0, 0, 0, 0, 306644, 2140
317172, 0, 4, 0, 0, 0, 0, 306644, 2140
317172, 0, 4, 0, 0, 0, 0, 306644, 2140
317172, 0, 4, 0, 0, 0, 0, 306644, 2140
317172, 0, 4, 0, 0, 0, 0, 306644, 2140
317172, 0, 4, 0, 0, 0, 0, 306644, 2140
317172, 0, 4, 0, 0, 0, 0, 306644, 2140
317172, 0, 4, 0, 0, 0, 0, 306644, 2140
317172, 0, 4, 0, 0, 0, 0, 306644, 2140
317172, 0, 4, 0, 0, 0, 0, 306644, 2140
317172, 0, 4, 0, 0, 0, 0, 306644, 2140
317172, 0, 4, 0, 0, 0, 0, 306644, 2140
317172, 0, 4, 0, 0, 0, 0, 306644, 2140
317172, 0, 4, 0, 0, 0, 0, 306644, 2140
317172, 0, 4, 0, 0, 0, 0, 306644, 2140
317172, 0, 4, 0, 0, 0, 0, 306644, 2140
317172, 0, 4, 0, 0, 0, 0, 306644, 2140
317172, 0, 4, 0, 0, 0, 0, 306644, 2140
317172, 0, 4, 0, 0, 0, 0, 306644, 2140
317172, 0, 4, 0, 0, 0, 0, 306644, 2140
317172, 0, 4, 0, 0, 0, 0, 306644, 2140
317172, 0, 4, 0, 0, 0, 0, 306644, 2140
317172, 0, 4, 0, 0, 0, 0, 306644, 2140
317172, 0, 4, 0, 0, 0, 0, 306644, 2140
317172, 0, 4, 0, 0, 0, 0, 306644, 2140
317172, 0, 4, 0, 0, 0, 0, 306644, 2140
317172, 0, 4, 0, 0, 0, 0, 306644, 2140
317172, 0, 4, 0, 0, 0, 0, 306644, 2140
317172, 0, 4, 0, 0, 0, 0, 306644, 2140
317172, 0, 4, 0, 0, 0, 0, 306644, 2140
317172, 0, 4, 0, 0, 0, 0, 306644, 2140
317172, 0, 4, 0, 0, 0, 0, 306644, 2140
317172, 0, 4, 0, 0, 0, 0, 306644, 2140
317172, 0, 4, 0, 0, 0, 0, 306644, 2140
317172, 0, 4, 0, 0, 0, 0, 306644, 2140
317172, 0, 4, 0, 0, 0, 0, 306644, 2140
317172, 0, 4, 0, 0, 0, 0, 306644, 2140
317172, 0, 4, 0, 0, 0, 0, 306644, 2140
317172, 0, 4, 0, 0, 0, 0, 306644, 2140
317172, 0, 4, 0, 0, 0, 0, 306644, 2140
317172, 0, 4, 0, 0, 0, 0, 306644, 2140
317172, 0, 4, 0, 0, 0, 0, 306644, 2140
317172, 0, 4, 0, 0, 0, 0, 306644, 2140
317172, 0, 4, 0, 0, 0, 0, 306644, 2140
317172, 0, 4, 0, 0, 0, 0, 306644, 2140
317172, 0, 4, 0, 0, 0, 0, 306644, 2140
317172, 0, 4, 0, 0, 0, 0, 306644, 2140
317172, 0, 4, 0, 0, 0, 0, 306644, 2140
317172, 0, 4, 0, 0, 0, 0, 306644, 2140
317172, 0, 4, 0, 0, 0, 0, 306644, 2140
317172, 0, 4, 0, 0, 0, 0, 306644, 2140
317172, 0, 4, 0, 0, 0, 0, 306644, 2140
317172, 0, 4, 0, 0, 0, 0, 306644, 2140
317172, 0, 4, 0, 0, 0, 0, 306644, 2140
317172, 0, 4, 0, 0, 0, 0, 306644, 2140
317172, 0, 4, 0, 0, 0, 0, 306644, 2140
317172, 0, 4, 0, 0, 0, 0, 306644, 2140
317172, 0, 4, 0, 0, 0, 0, 306644, 2140
317172, 0, 4, 0, 0, 0, 0, 306644, 2140
317172, 0, 4, 0, 0, 0, 0, 306644, 2140
317172, 0, 4, 0, 0, 0, 0, 306644, 2140
317172, 0, 4, 0, 0, 0, 0, 306644, 2140
317172, 0, 4, 0, 0, 0, 0, 306644, 2140
317172, 0, 4, 0, 0, 0, 0, 306644, 2140
317172, 0, 4, 0, 0, 0, 0, 306644, 2140
317172, 0, 4, 0, 0, 0, 0, 306644, 2140
317172, 0, 4, 0, 0, 0, 0, 306644, 2140
317172, 0, 4, 0, 0, 0, 0, 306644, 2140
317172, 0, 4, 0, 0, 0, 0, 306644, 2140
317172, 0, 4, 0, 0, 0, 0, 306644, 2140
317172, 0, 4, 0, 0, 0, 0, 306644, 2140
317172, 0, 4, 0, 0, 0, 0, 306644, 2140
317172, 0, 4, 0, 0, 0, 0, 306644, 2140
317172, 0, 4, 0, 0, 0, 0, 306644, 2140
317172, 0, 4, 0, 0, 0, 0, 306644, 2140
317172, 0, 4, 0, 0, 0, 0, 306644, 2140
317172, 0, 4, 0, 0, 0, 0, 306644, 2140
317172, 0, 4, 0, 0, 0, 0, 306644, 2140
317172, 0, 4, 0, 0, 0, 0, 306644, 2140
317172, 0, 4, 0, 0, 0, 0, 306644, 2140
317172, 0, 4, 0, 0, 0, 0, 306644, 2140
317172, 0, 4, 0, 0, 0, 0, 306644, 2140
317172, 0, 4, 0, 0, 0, 0, 306644, 2140
317172, 0, 4, 0, 0, 0, 0, 306644, 2140
317172, 0, 4, 0, 0, 0, 0, 306644, 2140
317172, 0, 4, 0, 0, 0, 0, 306644, 2140
317172, 0, 4, 0, 0, 0, 0, 306644, 2140
317172, 0, 4, 0, 0, 0, 0, 306644, 2140
317172, 0, 4, 0, 0, 0, 0, 306644, 2140
317172, 0, 4, 0, 0, 0, 0, 306644, 2140
317172, 0, 4, 0, 0, 0, 0, 306644, 2140
317172, 0, 4, 0, 0, 0, 0, 306644, 2140
317172, 0, 4, 0, 0, 0, 0, 306644, 2140
317172, 0, 4, 0, 0, 0, 0, 306644, 2140
317172, 0, 4, 0, 0, 0, 0, 306644, 2140
317172, 0, 4, 0, 0, 0, 0, 306644, 2140
317172, 0, 4, 0, 0, 0, 0, 306644, 2140
317172, 0, 4, 0, 0, 0, 0, 306644, 2140
317172, 0, 4, 0, 0, 0, 0, 306644, 2140
317172, 0, 4, 0, 0, 0, 0, 306644, 2140
317172, 0, 4, 0, 0, 0, 0, 306644, 2140
317172, 0, 4, 0, 0, 0, 0, 306644, 2140
317172, 0, 4, 0, 0, 0, 0, 306644, 2140
317172, 0, 4, 0, 0, 0, 0, 306644, 2140
317172, 0, 4, 0, 0, 0, 0, 306644, 2140
317172, 0, 4, 0, 0, 0, 0, 306644, 2140
317172, 0, 4, 0, 0, 0, 0, 306644, 2140
317172, 0, 4, 0, 0, 0, 0, 306644, 2140
317172, 0, 4, 0, 0, 0, 0, 306644, 2140
317172, 0, 4, 0, 0, 0, 0, 306644, 2140
317172, 0, 4, 0, 0, 0, 0, 306644, 2140
317172, 0, 4, 0, 0, 0, 0, 306644, 2140
317172, 0, 4, 0, 0, 0, 0, 306644, 2140
317172, 0, 4, 0, 0, 0, 0, 306644, 2140
317172, 0, 4, 0, 0, 0, 0, 306644, 2140
317172, 0, 4, 0, 0, 0, 0, 306644, 2140
317172, 0, 4, 0, 0, 0, 0, 306644, 2140
317172, 0, 4, 0, 0, 0, 0, 306644, 2140
317172, 0, 4, 0, 0, 0, 0, 306644, 2140
317172, 0, 4, 0, 0, 0, 0, 306644, 2140
317172, 0, 4, 0, 0, 0, 0, 306644, 2140
317172, 0, 4, 0, 0, 0, 0, 306644, 2140
317172, 0, 4, 0, 0, 0, 0, 306644, 2140
317172, 0, 4, 0, 0, 0, 0, 306644, 2140
317172, 0, 4, 0, 0, 0, 0, 306644, 2140
317172, 0, 4, 0, 0, 0, 0, 306644, 2140
317172, 0, 4, 0, 0, 0, 0, 306644, 2140
317172, 0, 4, 0, 0, 0, 0, 306644, 2140
317172, 0, 4, 0, 0, 0, 0, 306644, 2140
317172, 0, 4, 0, 0, 0, 0, 306644, 2140
317172, 0, 4, 0, 0, 0, 0, 306644, 2140
317172, 0, 4, 0, 0, 0, 0, 306644, 2140
317172, 0, 4, 0, 0, 0, 0, 306644, 2140
317172, 0, 4, 0, 0, 0, 0, 306644, 2140
317172, 0, 4, 0, 0, 0, 0, 306644, 2140
317172, 0, 4, 0, 0, 0, 0, 306644, 2140
317172, 0, 4, 0, 0, 0, 0, 306644, 2140
317172, 0, 4, 0, 0, 0, 0, 306644, 2140
317172, 0, 4, 0, 0, 0, 0, 306644, 2140
317172, 0, 4, 0, 0, 0, 0, 306644, 2140
317172, 0, 4, 0, 0, 0, 0, 306644, 2140
317172, 0, 4, 0, 0, 0, 0, 306644, 2140
317172, 0, 4, 0, 0, 0, 0, 306644, 2140
317172, 0, 4, 0, 0, 0, 0, 306644, 2140
317172, 0, 4, 0, 0, 0, 0, 306644, 2140
317172, 0, 4, 0, 0, 0, 0, 306644, 2140
317172, 0, 4, 0, 0, 0, 0, 306644, 2140
317172, 0, 4, 0, 0, 0, 0, 306644, 2140
317172, 0, 4, 0, 0, 0, 0, 306644, 2140
317172, 0, 4, 0, 0, 0, 0, 306644, 2140
317172, 0, 4, 0, 0, 0, 0, 306644, 2140
317172, 0, 4, 0, 0, 0, 0, 306644, 2140
317172, 0, 4, 0, 0, 0, 0, 306644, 2140
317172, 0, 4, 0, 0, 0, 0, 306644, 2140
317172, 0, 4, 0, 0, 0, 0, 306644, 2140
317172, 0, 4, 0, 0, 0, 0, 306644, 2140
317172, 0, 4, 0, 0, 0, 0, 306644, 2140
317172, 0, 4, 0, 0, 0, 0, 306644, 2140
317172, 0, 4, 0, 0, 0, 0, 306644, 2140
317172, 0, 4, 0, 0, 0, 0, 306644, 2140
317172, 0, 4, 0, 0, 0, 0, 306644, 2140
317172, 0, 4, 0, 0, 0, 0, 306644, 2140
317172, 0, 4, 0, 0, 0, 0, 306644, 2140
317172, 0, 4, 0, 0, 0, 0, 306644, 2140
317172, 0, 4, 0, 0, 0, 0, 306644, 2140
317172, 0, 4, 0, 0, 0, 0, 306644, 2140
317172, 0, 4, 0, 0, 0, 0, 306644, 2140
317172, 0, 4, 0, 0, 0, 0, 306644, 2140
317172, 0, 4, 0, 0, 0, 0, 306644, 2140
317172, 0, 4, 0, 0, 0, 0, 306644, 2140
317172, 0, 4, 0, 0, 0, 0, 306644, 2140
317172, 0, 4, 0, 0, 0, 0, 306644, 2140
317172, 0, 4, 0, 0, 0, 0, 306644, 2140
317172, 0, 4, 0, 0, 0, 0, 306644, 2140
317172, 0, 4, 0, 0, 0, 0, 306644, 2140
317172, 0, 4, 0, 0, 0, 0, 306644, 2140
317172, 0, 4, 0, 0, 0, 0, 306644, 2140
317172, 0, 4, 0, 0, 0, 0, 306644, 2140
317172, 0, 4, 0, 0, 0, 0, 306644, 2140
317172, 0, 4, 0, 0, 0, 0, 306644, 2140
317172, 0, 4, 0, 0, 0, 0, 306644, 2140
317172, 0, 4, 0, 0, 0, 0, 306644, 2140
317172, 0, 4, 0, 0, 0, 0, 306644, 2140
317172, 0, 4, 0, 0, 0, 0, 306644, 2140
317172, 0, 4, 0, 0, 0, 0, 306644, 2140
317172, 0, 4, 0, 0, 0, 0, 306644, 2140
317172, 0, 4, 0, 0, 0, 0, 306644, 2140
317172, 0, 4, 0, 0, 0, 0, 306644, 2140
317172, 0, 4, 0, 0, 0, 0, 306644, 2140
317172, 0, 4, 0, 0, 0, 0, 306644, 2140
317172, 0, 4, 0, 0, 0, 0, 306644, 2140
317172, 0, 4, 0, 0, 0, 0, 306644, 2140
317172, 0, 4, 0, 0, 0, 0, 306644, 2140
317172, 0, 4, 0, 0, 0, 0, 306644, 2140
317172, 0, 4, 0, 0, 0, 0, 306644, 2140
317172, 0, 4, 0, 0, 0, 0, 306644, 2140
317172, 0, 4, 0, 0, 0, 0, 306644, 2140
317172, 0, 4, 0, 0, 0, 0, 306644, 2140
317172, 0, 4, 0, 0, 0, 0, 306644, 2140
317172, 0, 4, 0, 0, 0, 0, 306644, 2140
317172, 0, 4, 0, 0, 0, 0, 306644, 2140
317172, 0, 4, 0, 0, 0, 0, 306644, 2140
317172, 0, 4, 0, 0, 0, 0, 306644, 2140
317172, 0, 4, 0, 0, 0, 0, 306644, 2140
317172, 0, 4, 0, 0, 0, 0, 306644, 2140
317172, 0, 4, 0, 0, 0, 0, 306644, 2140
317172, 0, 4, 0, 0, 0, 0, 306644, 2140
317172, 0, 4, 0, 0, 0, 0, 306644, 2140
317172, 0, 4, 0, 0, 0, 0, 306644, 2140
317172, 0, 4, 0, 0, 0, 0, 306644, 2140
317172, 0, 4, 0, 0, 0, 0, 306644, 2140
317172, 0, 4, 0, 0, 0, 0, 306644, 2140
317172, 0, 4, 0, 0, 0, 0, 306644, 2140
317172, 0, 4, 0, 0, 0, 0, 306644, 2140
317172, 0, 4, 0, 0, 0, 0, 306644, 2140
317172, 0, 4, 0, 0, 0, 0, 306644, 2140
317172, 0, 4, 0, 0, 0, 0, 306644, 2140
317172, 0, 4, 0, 0, 0, 0, 306644, 2140
317172, 0, 4, 0, 0, 0, 0, 306644, 2140
317172, 0, 4, 0, 0, 0, 0, 306644, 2140
317172, 0, 4, 0, 0, 0, 0, 306644, 2140
317172, 0, 4, 0, 0, 0, 0, 306644, 2140
317172, 0, 4, 0, 0, 0, 0, 306644, 2140
317172, 0, 4, 0, 0, 0, 0, 306644, 2140
317172, 0, 4, 0, 0, 0, 0, 306644, 2140
317172, 0, 4, 0, 0, 0, 0, 306644, 2140
317172, 0, 4, 0, 0, 0, 0, 306644, 2140
317172, 0, 4, 0, 0, 0, 0, 306644, 2140
317172, 0, 4, 0, 0, 0, 0, 306644, 2140
317172, 0, 4, 0, 0, 0, 0, 306644, 2140
317172, 0, 4, 0, 0, 0, 0, 306644, 2140
317172, 0, 4, 0, 0, 0, 0, 306644, 2140
317172, 0, 4, 0, 0, 0, 0, 306644, 2140
317172, 0, 4, 0, 0, 0, 0, 306644, 2140
317172, 0, 4, 0, 0, 0, 0, 306644, 2140
317172, 0, 4, 0, 0, 0, 0, 306644, 2140
317172, 0, 4, 0, 0, 0, 0, 306644, 2140
317172, 0, 4, 0, 0, 0, 0, 306644, 2140
317172, 0, 4, 0, 0, 0, 0, 306644, 2140
317172, 0, 4, 0, 0, 0, 0, 306644, 2140
317172, 0, 4, 0, 0, 0, 0, 306644, 2140
317172, 0, 4, 0, 0, 0, 0, 306644, 2140
317172, 0, 4, 0, 0, 0, 0, 306644, 2140
317172, 0, 4, 0, 0, 0, 0, 306644, 2140
317172, 0, 4, 0, 0, 0, 0, 306644, 2140
317172, 0, 4, 0, 0, 0, 0, 306644, 2140
317172, 0, 4, 0, 0, 0, 0, 306644, 2140
317172, 0, 4, 0, 0, 0, 0, 306644, 2140
317172, 0, 4, 0, 0, 0, 0, 306644, 2140
317172, 0, 4, 0, 0, 0, 0, 306644, 2140
317172, 0, 4, 0, 0, 0, 0, 306644, 2140
317172, 0, 4, 0, 0, 0, 0, 306644, 2140
317172, 0, 4, 0, 0, 0, 0, 306644, 2140
317172, 0, 4, 0, 0, 0, 0, 306644, 2140
317172, 0, 4, 0, 0, 0, 0, 306644, 2140
317172, 0, 4, 0, 0, 0, 0, 306644, 2140
317172, 0, 4, 0, 0, 0, 0, 306644, 2140
317172, 0, 4, 0, 0, 0, 0, 306644, 2140
317172, 0, 4, 0, 0, 0, 0, 306644, 2140
317172, 0, 4, 0, 0, 0, 0, 306644, 2140
317172, 0, 4, 0, 0, 0, 0, 306644, 2140
317172, 0, 4, 0, 0, 0, 0, 306644, 2140
317172, 0, 4, 0, 0, 0, 0, 306644, 2140
317172, 0, 4, 0, 0, 0, 0, 306644, 2140
317172, 0, 4, 0, 0, 0, 0, 306644, 2140
317172, 0, 4, 0, 0, 0, 0, 306644, 2140
317172, 0, 4, 0, 0, 0, 0, 306644, 2140
317172, 0, 4, 0, 0, 0, 0, 306644, 2140
317172, 0, 4, 0, 0, 0, 0, 306644, 2140
317172, 0, 4, 0, 0, 0, 0, 306644, 2140
317172, 0, 4, 0, 0, 0, 0, 306644, 2140
317172, 0, 4, 0, 0, 0, 0, 306644, 2140
317172, 0, 4, 0, 0, 0, 0, 306644, 2140
317172, 0, 4, 0, 0, 0, 0, 306644, 2140
317172, 0, 4, 0, 0, 0, 0, 306644, 2140
317172, 0, 4, 0, 0, 0, 0, 306644, 2140
317172, 0, 4, 0, 0, 0, 0, 306644, 2140
317172, 0, 4, 0, 0, 0, 0, 306644, 2140
317172, 0, 4, 0, 0, 0, 0, 306644, 2140
317172, 0, 4, 0, 0, 0, 0, 306644, 2140
317172, 0, 4, 0, 0, 0, 0, 306644, 2140
317172, 0, 4, 0, 0, 0, 0, 306644, 2140
317172, 0, 4, 0, 0, 0, 0, 306644, 2140
317172, 0, 4, 0, 0, 0, 0, 306644, 2140
317172, 0, 4, 0, 0, 0, 0, 306644, 2140
317172, 0, 4, 0, 0, 0, 0, 306644, 2140
317172, 0, 4, 0, 0, 0, 0, 306644, 2140
317172, 0, 4, 0, 0, 0, 0, 306644, 2140
317172, 0, 4, 0, 0, 0, 0, 306644, 2140
317172, 0, 4, 0, 0, 0, 0, 306644, 2140
317172, 0, 4, 0, 0, 0, 0, 306644, 2140
317172, 0, 4, 0, 0, 0, 0, 306644, 2140
317172, 0, 4, 0, 0, 0, 0, 306644, 2140
317172, 0, 4, 0, 0, 0, 0, 306644, 2140
317172, 0, 4, 0, 0, 0, 0, 306644, 2140
317172, 0, 4, 0, 0, 0, 0, 306644, 2140
317172, 0, 4, 0, 0, 0, 0, 306644, 2140
317172, 0, 4, 0, 0, 0, 0, 306644, 2140
317172, 0, 4, 0, 0, 0, 0, 306644, 2140
317172, 0, 4, 0, 0, 0, 0, 306644, 2140
317172, 0, 4, 0, 0, 0, 0, 306644, 2140
317172, 0, 4, 0, 0, 0, 0, 306644, 2140
317172, 0, 4, 0, 0, 0, 0, 306644, 2140
317172, 0, 4, 0, 0, 0, 0, 306644, 2140
317172, 0, 4, 0, 0, 0, 0, 306644, 2140
317172, 0, 4, 0, 0, 0, 0, 306644, 2140
317172, 0, 4, 0, 0, 0, 0, 306644, 2140
317172, 0, 4, 0, 0, 0, 0, 306644, 2140
317172, 0, 4, 0, 0, 0, 0, 306644, 2140
317172, 0, 4, 0, 0, 0, 0, 306644, 2140
317172, 0, 4, 0, 0, 0, 0, 306644, 2140
317172, 0, 4, 0, 0, 0, 0, 306644, 2140
317172, 0, 4, 0, 0, 0, 0, 306644, 2140
317172, 0, 4, 0, 0, 0, 0, 306644, 2140
317172, 0, 4, 0, 0, 0, 0, 306644, 2140
317172, 0, 4, 0, 0, 0, 0, 306644, 2140
317172, 0, 4, 0, 0, 0, 0, 306644, 2140
317172, 0, 4, 0, 0, 0, 0, 306644, 2140
317172, 0, 4, 0, 0, 0, 0, 306644, 2140
317172, 0, 4, 0, 0, 0, 0, 306644, 2140
317172, 0, 4, 0, 0, 0, 0, 306644, 2140
317172, 0, 4, 0, 0, 0, 0, 306644, 2140
317172, 0, 4, 0, 0, 0, 0, 306644, 2140
317172, 0, 4, 0, 0, 0, 0, 306644, 2140
317172, 0, 4, 0, 0, 0, 0, 306644, 2140
317172, 0, 4, 0, 0, 0, 0, 306644, 2140
317172, 0, 4, 0, 0, 0, 0, 306644, 2140
317172, 0, 4, 0, 0, 0, 0, 306644, 2140
317172, 0, 4, 0, 0, 0, 0, 306644, 2140
317172, 0, 4, 0, 0, 0, 0, 306644, 2140
317172, 0, 4, 0, 0, 0, 0, 306644, 2140
317172, 0, 4, 0, 0, 0, 0, 306644, 2140
317172, 0, 4, 0, 0, 0, 0, 306644, 2140
317172, 0, 4, 0, 0, 0, 0, 306644, 2140
317172, 0, 4, 0, 0, 0, 0, 306644, 2140
317172, 0, 4, 0, 0, 0, 0, 306644, 2140
317172, 0, 4, 0, 0, 0, 0, 306644, 2140
317172, 0, 4, 0, 0, 0, 0, 306644, 2140
317172, 0, 4, 0, 0, 0, 0, 306644, 2140
317172, 0, 4, 0, 0, 0, 0, 306644, 2140
317172, 0, 4, 0, 0, 0, 0, 306644, 2140
317172, 0, 4, 0, 0, 0, 0, 306644, 2140
317172, 0, 4, 0, 0, 0, 0, 306644, 2140
317172, 0, 4, 0, 0, 0, 0, 306644, 2140
317172, 0, 4, 0, 0, 0, 0, 306644, 2140
317172, 0, 4, 0, 0, 0, 0, 306644, 2140
317172, 0, 4, 0, 0, 0, 0, 306644, 2140
317172, 0, 4, 0, 0, 0, 0, 306644, 2140
317172, 0, 4, 0, 0, 0, 0, 306644, 2140
317172, 0, 4, 0, 0, 0, 0, 306644, 2140
317172, 0, 4, 0, 0, 0, 0, 306644, 2140
317172, 0, 4, 0, 0, 0, 0, 306644, 2140
317172, 0, 4, 0, 0, 0, 0, 306644, 2140
317172, 0, 4, 0, 0, 0, 0, 306644, 2140
317172, 0, 4, 0, 0, 0, 0, 306644, 2140
317172, 0, 4, 0, 0, 0, 0, 306644, 2140
317172, 0, 4, 0, 0, 0, 0, 306644, 2140
317172, 0, 4, 0, 0, 0, 0, 306644, 2140
317172, 0, 4, 0, 0, 0, 0, 306644, 2140
317172, 0, 4, 0, 0, 0, 0, 306644, 2140
317172, 0, 4, 0, 0, 0, 0, 306644, 2140
317172, 0, 4, 0, 0, 0, 0, 306644, 2140
317172, 0, 4, 0, 0, 0, 0, 306644, 2140
317172, 0, 4, 0, 0, 0, 0, 306644, 2140
317172, 0, 4, 0, 0, 0, 0, 306644, 2140
317172, 0, 4, 0, 0, 0, 0, 306644, 2140
317172, 0, 4, 0, 0, 0, 0, 306644, 2140
317172, 0, 4, 0, 0, 0, 0, 306644, 2140
317172, 0, 4, 0, 0, 0, 0, 306644, 2140
317172, 0, 4, 0, 0, 0, 0, 306644, 2140
317172, 0, 4, 0, 0, 0, 0, 306644, 2140
317172, 0, 4, 0, 0, 0, 0, 306644, 2140
317172, 0, 4, 0, 0, 0, 0, 306644, 2140
317172, 0, 4, 0, 0, 0, 0, 306644, 2140
317172, 0, 4, 0, 0, 0, 0, 306644, 2140
317172, 0, 4, 0, 0, 0, 0, 306644, 2140
317172, 0, 4, 0, 0, 0, 0, 306644, 2140
317172, 0, 4, 0, 0, 0, 0, 306644, 2140
317172, 0, 4, 0, 0, 0, 0, 306644, 2140
317172, 0, 4, 0, 0, 0, 0, 306644, 2140
317172, 0, 4, 0, 0, 0, 0, 306644, 2140
317172, 0, 4, 0, 0, 0, 0, 306644, 2140
317172, 0, 4, 0, 0, 0, 0, 306644, 2140
317172, 0, 4, 0, 0, 0, 0, 306644, 2140
317172, 0, 4, 0, 0, 0, 0, 306644, 2140
317172, 0, 4, 0, 0, 0, 0, 306644, 2140
317172, 0, 4, 0, 0, 0, 0, 306644, 2140
317172, 0, 4, 0, 0, 0, 0, 306644, 2140
317172, 0, 4, 0, 0, 0, 0, 306644, 2140
317172, 0, 4, 0, 0, 0, 0, 306644, 2140
317172, 0, 4, 0, 0, 0, 0, 306644, 2140
317172, 0, 4, 0, 0, 0, 0, 306644, 2140
317172, 0, 4, 0, 0, 0, 0, 306644, 2140
317172, 0, 4, 0, 0, 0, 0, 306644, 2140
317172, 0, 4, 0, 0, 0, 0, 306644, 2140
317172, 0, 4, 0, 0, 0, 0, 306644, 2140
317172, 0, 4, 0, 0, 0, 0, 306644, 2140
317172, 0, 4, 0, 0, 0, 0, 306644, 2140
317172, 0, 4, 0, 0, 0, 0, 306644, 2140
317172, 0, 4, 0, 0, 0, 0, 306644, 2140
317172, 0, 4, 0, 0, 0, 0, 306644, 2140
317172, 0, 4, 0, 0, 0, 0, 306644, 2140
317172, 0, 4, 0, 0, 0, 0, 306644, 2140
317172, 0, 4, 0, 0, 0, 0, 306644, 2140
317172, 0, 4, 0, 0, 0, 0, 306644, 2140
317172, 0, 4, 0, 0, 0, 0, 306644, 2140
317172, 0, 4, 0, 0, 0, 0, 306644, 2140
317172, 0, 4, 0, 0, 0, 0, 306644, 2140
317172, 0, 4, 0, 0, 0, 0, 306644, 2140
317172, 0, 4, 0, 0, 0, 0, 306644, 2140
317172, 0, 4, 0, 0, 0, 0, 306644, 2140
317172, 0, 4, 0, 0, 0, 0, 306644, 2140
317172, 0, 4, 0, 0, 0, 0, 306644, 2140
317172, 0, 4, 0, 0, 0, 0, 306644, 2140
317172, 0, 4, 0, 0, 0, 0, 306644, 2140
317172, 0, 4, 0, 0, 0, 0, 306644, 2140
317172, 0, 4, 0, 0, 0, 0, 306644, 2140
317172, 0, 4, 0, 0, 0, 0, 306644, 2140
317172, 0, 4, 0, 0, 0, 0, 306644, 2140
317172, 0, 4, 0, 0, 0, 0, 306644, 2140
317172, 0, 4, 0, 0, 0, 0, 306644, 2140
317172, 0, 4, 0, 0, 0, 0, 306644, 2140
317172, 0, 4, 0, 0, 0, 0, 306644, 2140
317172, 0, 4, 0, 0, 0, 0, 306644, 2140
317172, 0, 4, 0, 0, 0, 0, 306644, 2140
317172, 0, 4, 0, 0, 0, 0, 306644, 2140
317172, 0, 4, 0, 0, 0, 0, 306644, 2140
317172, 0, 4, 0, 0, 0, 0, 306644, 2140
317172, 0, 4, 0, 0, 0, 0, 306644, 2140
317172, 0, 4, 0, 0, 0, 0, 306644, 2140
317172, 0, 4, 0, 0, 0, 0, 306644, 2140
317172, 0, 4, 0, 0, 0, 0, 306644, 2140
317172, 0, 4, 0, 0, 0, 0, 306644, 2140
317172, 0, 4, 0, 0, 0, 0, 306644, 2140
317172, 0, 4, 0, 0, 0, 0, 306644, 2140
317172, 0, 4, 0, 0, 0, 0, 306644, 2140
317172, 0, 4, 0, 0, 0, 0, 306644, 2140
317172, 0, 4, 0, 0, 0, 0, 306644, 2140
317172, 0, 4, 0, 0, 0, 0, 306644, 2140
317172, 0, 4, 0, 0, 0, 0, 306644, 2140
317172, 0, 4, 0, 0, 0, 0, 306644, 2140
317172, 0, 4, 0, 0, 0, 0, 306644, 2140
317172, 0, 4, 0, 0, 0, 0, 306644, 2140
317172, 0, 4, 0, 0, 0, 0, 306644, 2140
317172, 0, 4, 0, 0, 0, 0, 306644, 2140
317172, 0, 4, 0, 0, 0, 0, 306644, 2140
317172, 0, 4, 0, 0, 0, 0, 306644, 2140
317172, 0, 4, 0, 0, 0, 0, 306644, 2140
317172, 0, 4, 0, 0, 0, 0, 306644, 2140
317172, 0, 4, 0, 0, 0, 0, 306644, 2140
317172, 0, 4, 0, 0, 0, 0, 306644, 2140
317172, 0, 4, 0, 0, 0, 0, 306644, 2140
317172, 0, 4, 0, 0, 0, 0, 306644, 2140
317172, 0, 4, 0, 0, 0, 0, 306644, 2140
317172, 0, 4, 0, 0, 0, 0, 306644, 2140
317172, 0, 4, 0, 0, 0, 0, 306644, 2140
317172, 0, 4, 0, 0, 0, 0, 306644, 2140
317172, 0, 4, 0, 0, 0, 0, 306644, 2140
317172, 0, 4, 0, 0, 0, 0, 306644, 2140
317172, 0, 4, 0, 0, 0, 0, 306644, 2140
317172, 0, 4, 0, 0, 0, 0, 306644, 2140
317172, 0, 4, 0, 0, 0, 0, 306644, 2140
317172, 0, 4, 0, 0, 0, 0, 306644, 2140
317172, 0, 4, 0, 0, 0, 0, 306644, 2140
317172, 0, 4, 0, 0, 0, 0, 306644, 2140
317172, 0, 4, 0, 0, 0, 0, 306644, 2140
317172, 0, 4, 0, 0, 0, 0, 306644, 2140
317172, 0, 4, 0, 0, 0, 0, 306644, 2140
317172, 0, 4, 0, 0, 0, 0, 306644, 2140
317172, 0, 4, 0, 0, 0, 0, 306644, 2140
317172, 0, 4, 0, 0, 0, 0, 306644, 2140
317172, 0, 4, 0, 0, 0, 0, 306644, 2140
317172, 0, 4, 0, 0, 0, 0, 306644, 2140
317172, 0, 4, 0, 0, 0, 0, 306644, 2140
317172, 0, 4, 0, 0, 0, 0, 306644, 2140
317172, 0, 4, 0, 0, 0, 0, 306644, 2140
317172, 0, 4, 0, 0, 0, 0, 306644, 2140
317172, 0, 4, 0, 0, 0, 0, 306644, 2140
317172, 0, 4, 0, 0, 0, 0, 306644, 2140
317172, 0, 4, 0, 0, 0, 0, 306644, 2140
317172, 0, 4, 0, 0, 0, 0, 306644, 2140
317172, 0, 4, 0, 0, 0, 0, 306644, 2140
317172, 0, 4, 0, 0, 0, 0, 306644, 2140
317172, 0, 4, 0, 0, 0, 0, 306644, 2140
317172, 0, 4, 0, 0, 0, 0, 306644, 2140
317172, 0, 4, 0, 0, 0, 0, 306644, 2140
317172, 0, 4, 0, 0, 0, 0, 306644, 2140
317172, 0, 4, 0, 0, 0, 0, 306644, 2140
317172, 0, 4, 0, 0, 0, 0, 306644, 2140
317172, 0, 4, 0, 0, 0, 0, 306644, 2140
317172, 0, 4, 0, 0, 0, 0, 306644, 2140
317172, 0, 4, 0, 0, 0, 0, 306644, 2140
317172, 0, 4, 0, 0, 0, 0, 306644, 2140
317172, 0, 4, 0, 0, 0, 0, 306644, 2140
317172, 0, 4, 0, 0, 0, 0, 306644, 2140
317172, 0, 4, 0, 0, 0, 0, 306644, 2140
317172, 0, 4, 0, 0, 0, 0, 306644, 2140
317172, 0, 4, 0, 0, 0, 0, 306644, 2140
317172, 0, 4, 0, 0, 0, 0, 306644, 2140
317172, 0, 4, 0, 0, 0, 0, 306644, 2140
317172, 0, 4, 0, 0, 0, 0, 306644, 2140
317172, 0, 4, 0, 0, 0, 0, 306644, 2140
317172, 0, 4, 0, 0, 0, 0, 306644, 2140
317172, 0, 4, 0, 0, 0, 0, 306644, 2140
317172, 0, 4, 0, 0, 0, 0, 306644, 2140
317172, 0, 4, 0, 0, 0, 0, 306644, 2140
317172, 0, 4, 0, 0, 0, 0, 306644, 2140
317172, 0, 4, 0, 0, 0, 0, 306644, 2140
317172, 0, 4, 0, 0, 0, 0, 306644, 2140
317172, 0, 4, 0, 0, 0, 0, 306644, 2140
317172, 0, 4, 0, 0, 0, 0, 306644, 2140
317172, 0, 4, 0, 0, 0, 0, 306644, 2140
317172, 0, 4, 0, 0, 0, 0, 306644, 2140
317172, 0, 4, 0, 0, 0, 0, 306644, 2140
317172, 0, 4, 0, 0, 0, 0, 306644, 2140
317172, 0, 4, 0, 0, 0, 0, 306644, 2140
317172, 0, 4, 0, 0, 0, 0, 306644, 2140
317172, 0, 4, 0, 0, 0, 0, 306644, 2140
317172, 0, 4, 0, 0, 0, 0, 306644, 2140
317172, 0, 4, 0, 0, 0, 0, 306644, 2140
317172, 0, 4, 0, 0, 0, 0, 306644, 2140
317172, 0, 4, 0, 0, 0, 0, 306644, 2140
317172, 0, 4, 0, 0, 0, 0, 306644, 2140
317172, 0, 4, 0, 0, 0, 0, 306644, 2140
317172, 0, 4, 0, 0, 0, 0, 306644, 2140
317172, 0, 4, 0, 0, 0, 0, 306644, 2140
317172, 0, 4, 0, 0, 0, 0, 306644, 2140
317172, 0, 4, 0, 0, 0, 0, 306644, 2140
317172, 0, 4, 0, 0, 0, 0, 306644, 2140
317172, 0, 4, 0, 0, 0, 0, 306644, 2140
317172, 0, 4, 0, 0, 0, 0, 306644, 2140
317172, 0, 4, 0, 0, 0, 0, 306644, 2140
317172, 0, 4, 0, 0, 0, 0, 306644, 2140
317172, 0, 4, 0, 0, 0, 0, 306644, 2140
317172, 0, 4, 0, 0, 0, 0, 306644, 2140
317172, 0, 4, 0, 0, 0, 0, 306644, 2140
317172, 0, 4, 0, 0, 0, 0, 306644, 2140
317172, 0, 4, 0, 0, 0, 0, 306644, 2140
317172, 0, 4, 0, 0, 0, 0, 306644, 2140
317172, 0, 4, 0, 0, 0, 0, 306644, 2140
317172, 0, 4, 0, 0, 0, 0, 306644, 2140
317172, 0, 4, 0, 0, 0, 0, 306644, 2140
317172, 0, 4, 0, 0, 0, 0, 306644, 2140
317172, 0, 4, 0, 0, 0, 0, 306644, 2140
317172, 0, 4, 0, 0, 0, 0, 306644, 2140
317172, 0, 4, 0, 0, 0, 0, 306644, 2140
317172, 0, 4, 0, 0, 0, 0, 306644, 2140
317172, 0, 4, 0, 0, 0, 0, 306644, 2140
317172, 0, 4, 0, 0, 0, 0, 306644, 2140
317172, 0, 4, 0, 0, 0, 0, 306644, 2140
317172, 0, 4, 0, 0, 0, 0, 306644, 2140
317172, 0, 4, 0, 0, 0, 0, 306644, 2140
317172, 0, 4, 0, 0, 0, 0, 306644, 2140
317172, 0, 4, 0, 0, 0, 0, 306644, 2140
317172, 0, 4, 0, 0, 0, 0, 306644, 2140
317172, 0, 4, 0, 0, 0, 0, 306644, 2140
317172, 0, 4, 0, 0, 0, 0, 306644, 2140
317172, 0, 4, 0, 0, 0, 0, 306644, 2140
317172, 0, 4, 0, 0, 0, 0, 306644, 2140
317172, 0, 4, 0, 0, 0, 0, 306644, 2140
317172, 0, 4, 0, 0, 0, 0, 306644, 2140
317172, 0, 4, 0, 0, 0, 0, 306644, 2140
317172, 0, 4, 0, 0, 0, 0, 306644, 2140
317172, 0, 4, 0, 0, 0, 0, 306644, 2140
317172, 0, 4, 0, 0, 0, 0, 306644, 2140
317172, 0, 4, 0, 0, 0, 0, 306644, 2140
317172, 0, 4, 0, 0, 0, 0, 306644, 2140
317172, 0, 4, 0, 0, 0, 0, 306644, 2140
317172, 0, 4, 0, 0, 0, 0, 306644, 2140
317172, 0, 4, 0, 0, 0, 0, 306644, 2140
317172, 0, 4, 0, 0, 0, 0, 306644, 2140
317172, 0, 4, 0, 0, 0, 0, 306644, 2140
317172, 0, 4, 0, 0, 0, 0, 306644, 2140
317172, 0, 4, 0, 0, 0, 0, 306644, 2140
317172, 0, 4, 0, 0, 0, 0, 306644, 2140
317172, 0, 4, 0, 0, 0, 0, 306644, 2140
317172, 0, 4, 0, 0, 0, 0, 306644, 2140
317172, 0, 4, 0, 0, 0, 0, 306644, 2140
317172, 0, 4, 0, 0, 0, 0, 306644, 2140
317172, 0, 4, 0, 0, 0, 0, 306644, 2140
317172, 0, 4, 0, 0, 0, 0, 306644, 2140
317172, 0, 4, 0, 0, 0, 0, 306644, 2140
317172, 0, 4, 0, 0, 0, 0, 306644, 2140
317172, 0, 4, 0, 0, 0, 0, 306644, 2140
317172, 0, 4, 0, 0, 0, 0, 306644, 2140
317172, 0, 4, 0, 0, 0, 0, 306644, 2140
317172, 0, 4, 0, 0, 0, 0, 306644, 2140
317172, 0, 4, 0, 0, 0, 0, 306644, 2140
317172, 0, 4, 0, 0, 0, 0, 306644, 2140
317172, 0, 4, 0, 0, 0, 0, 306644, 2140
317172, 0, 4, 0, 0, 0, 0, 306644, 2140
317172, 0, 4, 0, 0, 0, 0, 306644, 2140
317172, 0, 4, 0, 0, 0, 0, 306644, 2140
317172, 0, 4, 0, 0, 0, 0, 306644, 2140
317172, 0, 4, 0, 0, 0, 0, 306644, 2140
317172, 0, 4, 0, 0, 0, 0, 306644, 2140
317172, 0, 4, 0, 0, 0, 0, 306644, 2140
317172, 0, 4, 0, 0, 0, 0, 306644, 2140
317172, 0, 4, 0, 0, 0, 0, 306644, 2140
317172, 0, 4, 0, 0, 0, 0, 306644, 2140
317172, 0, 4, 0, 0, 0, 0, 306644, 2140
317172, 0, 4, 0, 0, 0, 0, 306644, 2140
317172, 0, 4, 0, 0, 0, 0, 306644, 2140
317172, 0, 4, 0, 0, 0, 0, 306644, 2140
317172, 0, 4, 0, 0, 0, 0, 306644, 2140
317172, 0, 4, 0, 0, 0, 0, 306644, 2140
317172, 0, 4, 0, 0, 0, 0, 306644, 2140
317172, 0, 4, 0, 0, 0, 0, 306644, 2140
317172, 0, 4, 0, 0, 0, 0, 306644, 2140
317172, 0, 4, 0, 0, 0, 0, 306644, 2140
317172, 0, 4, 0, 0, 0, 0, 306644, 2140
317172, 0, 4, 0, 0, 0, 0, 306644, 2140
317172, 0, 4, 0, 0, 0, 0, 306644, 2140
317172, 0, 4, 0, 0, 0, 0, 306644, 2140
317172, 0, 4, 0, 0, 0, 0, 306644, 2140
317172, 0, 4, 0, 0, 0, 0, 306644, 2140
317172, 0, 4, 0, 0, 0, 0, 306644, 2140
317172, 0, 4, 0, 0, 0, 0, 306644, 2140
317172, 0, 4, 0, 0, 0, 0, 306644, 2140
317172, 0, 4, 0, 0, 0, 0, 306644, 2140
317172, 0, 4, 0, 0, 0, 0, 306644, 2140
317172, 0, 4, 0, 0, 0, 0, 306644, 2140
317172, 0, 4, 0, 0, 0, 0, 306644, 2140
317172, 0, 4, 0, 0, 0, 0, 306644, 2140
317172, 0, 4, 0, 0, 0, 0, 306644, 2140
317172, 0, 4, 0, 0, 0, 0, 306644, 2140
317172, 0, 4, 0, 0, 0, 0, 306644, 2140
317172, 0, 4, 0, 0, 0, 0, 306644, 2140
317172, 0, 4, 0, 0, 0, 0, 306644, 2140
317172, 0, 4, 0, 0, 0, 0, 306644, 2140
317172, 0, 4, 0, 0, 0, 0, 306644, 2140
317172, 0, 4, 0, 0, 0, 0, 306644, 2140
317172, 0, 4, 0, 0, 0, 0, 306644, 2140
317172, 0, 4, 0, 0, 0, 0, 306644, 2140
317172, 0, 4, 0, 0, 0, 0, 306644, 2140
317172, 0, 4, 0, 0, 0, 0, 306644, 2140
317172, 0, 4, 0, 0, 0, 0, 306644, 2140
317172, 0, 4, 0, 0, 0, 0, 306644, 2140
317172, 0, 4, 0, 0, 0, 0, 306644, 2140
317172, 0, 4, 0, 0, 0, 0, 306644, 2140
317172, 0, 4, 0, 0, 0, 0, 306644, 2140
317172, 0, 4, 0, 0, 0, 0, 306644, 2140
317172, 0, 4, 0, 0, 0, 0, 306644, 2140
317172, 0, 4, 0, 0, 0, 0, 306644, 2140
317172, 0, 4, 0, 0, 0, 0, 306644, 2140
317172, 0, 4, 0, 0, 0, 0, 306644, 2140
317172, 0, 4, 0, 0, 0, 0, 306644, 2140
317172, 0, 4, 0, 0, 0, 0, 306644, 2140
317172, 0, 4, 0, 0, 0, 0, 306644, 2140
317172, 0, 4, 0, 0, 0, 0, 306644, 2140
317172, 0, 4, 0, 0, 0, 0, 306644, 2140
317172, 0, 4, 0, 0, 0, 0, 306644, 2140
317172, 0, 4, 0, 0, 0, 0, 306644, 2140
317172, 0, 4, 0, 0, 0, 0, 306644, 2140
317172, 0, 4, 0, 0, 0, 0, 306644, 2140
317172, 0, 4, 0, 0, 0, 0, 306644, 2140
317172, 0, 4, 0, 0, 0, 0, 306644, 2140
317172, 0, 4, 0, 0, 0, 0, 306644, 2140
317172, 0, 4, 0, 0, 0, 0, 306644, 2140
317172, 0, 4, 0, 0, 0, 0, 306644, 2140
317172, 0, 4, 0, 0, 0, 0, 306644, 2140
317172, 0, 4, 0, 0, 0, 0, 306644, 2140
317172, 0, 4, 0, 0, 0, 0, 306644, 2140
317172, 0, 4, 0, 0, 0, 0, 306644, 2140
317172, 0, 4, 0, 0, 0, 0, 306644, 2140
317172, 0, 4, 0, 0, 0, 0, 306644, 2140
317172, 0, 4, 0, 0, 0, 0, 306644, 2140
317172, 0, 4, 0, 0, 0, 0, 306644, 2140
317172, 0, 4, 0, 0, 0, 0, 306644, 2140
317172, 0, 4, 0, 0, 0, 0, 306644, 2140
317172, 0, 4, 0, 0, 0, 0, 306644, 2140
317172, 0, 4, 0, 0, 0, 0, 306644, 2140
317172, 0, 4, 0, 0, 0, 0, 306644, 2140
317172, 0, 4, 0, 0, 0, 0, 306644, 2140
317172, 0, 4, 0, 0, 0, 0, 306644, 2140
317172, 0, 4, 0, 0, 0, 0, 306644, 2140
317172, 0, 4, 0, 0, 0, 0, 306644, 2140
317172, 0, 4, 0, 0, 0, 0, 306644, 2140
317172, 0, 4, 0, 0, 0, 0, 306644, 2140
317172, 0, 4, 0, 0, 0, 0, 306644, 2140
317172, 0, 4, 0, 0, 0, 0, 306644, 2140
317172, 0, 4, 0, 0, 0, 0, 306644, 2140
317172, 0, 4, 0, 0, 0, 0, 306644, 2140
317172, 0, 4, 0, 0, 0, 0, 306644, 2140
317172, 0, 4, 0, 0, 0, 0, 306644, 2140
317172, 0, 4, 0, 0, 0, 0, 306644, 2140
317172, 0, 4, 0, 0, 0, 0, 306644, 2140
317172, 0, 4, 0, 0, 0, 0, 306644, 2140
317172, 0, 4, 0, 0, 0, 0, 306644, 2140
317172, 0, 4, 0, 0, 0, 0, 306644, 2140
317172, 0, 4, 0, 0, 0, 0, 306644, 2140
317172, 0, 4, 0, 0, 0, 0, 306644, 2140
317172, 0, 4, 0, 0, 0, 0, 306644, 2140
317172, 0, 4, 0, 0, 0, 0, 306644, 2140
317172, 0, 4, 0, 0, 0, 0, 306644, 2140
317172, 0, 4, 0, 0, 0, 0, 306644, 2140
317172, 0, 4, 0, 0, 0, 0, 306644, 2140
317172, 0, 4, 0, 0, 0, 0, 306644, 2140
317172, 0, 4, 0, 0, 0, 0, 306644, 2140
317172, 0, 4, 0, 0, 0, 0, 306644, 2140
317172, 0, 4, 0, 0, 0, 0, 306644, 2140
317172, 0, 4, 0, 0, 0, 0, 306644, 2140
317172, 0, 4, 0, 0, 0, 0, 306644, 2140
317172, 0, 4, 0, 0, 0, 0, 306644, 2140
317172, 0, 4, 0, 0, 0, 0, 306644, 2140
317172, 0, 4, 0, 0, 0, 0, 306644, 2140
317172, 0, 0, 0, 0, 0, 0, 306648, 2140
317172, 0, 0, 0, 0, 0, 0, 306648, 2140
317172, 0, 0, 0, 0, 0, 0, 306648, 2140
317172, 0, 0, 0, 0, 0, 0, 306648, 2140
317172, 0, 0, 0, 0, 0, 0, 306648, 2140
317172, 0, 0, 0, 0, 0, 0, 306648, 2140
317172, 0, 0, 0, 0, 0, 0, 306648, 2140
317172, 0, 0, 0, 0, 0, 0, 306648, 2140
317172, 0, 0, 0, 0, 0, 0, 306648, 2140
317172, 0, 0, 0, 0, 0, 0, 306648, 2140
317172, 0, 0, 0, 0, 0, 0, 306648, 2140
317172, 0, 0, 0, 0, 0, 0, 306648, 2140
317172, 0, 0, 0, 0, 0, 0, 306648, 2140
317172, 0, 0, 0, 0, 0, 0, 306648, 2140
317172, 0, 0, 0, 0, 0, 0, 306648, 2140
317172, 0, 0, 0, 0, 0, 0, 306648, 2140
317172, 0, 0, 0, 0, 0, 0, 306648, 2140
317172, 0, 0, 0, 0, 0, 0, 306648, 2140
317172, 0, 0, 0, 0, 0, 0, 306648, 2140
317172, 0, 0, 0, 0, 0, 0, 306648, 2140
317172, 0, 0, 0, 0, 0, 0, 306648, 2140
317172, 0, 0, 0, 0, 0, 0, 306648, 2140
317172, 0, 0, 0, 0, 0, 0, 306648, 2140
317172, 0, 0, 0, 0, 0, 0, 306648, 2140
317172, 0, 0, 0, 0, 0, 0, 306648, 2140
317172, 0, 0, 0, 0, 0, 0, 306648, 2140
317172, 0, 0, 0, 0, 0, 0, 306648, 2140
317172, 0, 0, 0, 0, 0, 0, 306648, 2140
317172, 0, 0, 0, 0, 0, 0, 306648, 2140
317172, 0, 0, 0, 0, 0, 0, 306648, 2140
317172, 0, 0, 0, 0, 0, 0, 306648, 2140
317172, 0, 0, 0, 0, 0, 0, 306648, 2140
317172, 0, 0, 0, 0, 0, 0, 306648, 2140
317172, 0, 0, 0, 0, 0, 0, 306648, 2140
317172, 0, 0, 0, 0, 0, 0, 306648, 2140
317172, 0, 0, 0, 0, 0, 0, 306648, 2140
317172, 0, 0, 0, 0, 0, 0, 306648, 2140
317172, 0, 0, 0, 0, 0, 0, 306648, 2140
317172, 0, 0, 0, 0, 0, 0, 306648, 2140
317172, 0, 0, 0, 0, 0, 0, 306648, 2140
317172, 0, 0, 0, 0, 0, 0, 306648, 2140
317172, 0, 0, 0, 0, 0, 0, 306648, 2140
317172, 0, 0, 0, 0, 0, 0, 306648, 2140
317172, 0, 0, 0, 0, 0, 0, 306648, 2140
317172, 0, 0, 0, 0, 0, 0, 306648, 2140
317172, 0, 0, 0, 0, 0, 0, 306648, 2140
317172, 0, 0, 0, 0, 0, 0, 306648, 2140
317172, 0, 0, 0, 0, 0, 0, 306648, 2140
317172, 0, 0, 0, 0, 0, 0, 306648, 2140
317172, 0, 0, 0, 0, 0, 0, 306648, 2140
317172, 0, 0, 0, 0, 0, 0, 306648, 2140
317172, 0, 0, 0, 0, 0, 0, 306648, 2140
317172, 0, 0, 0, 0, 0, 0, 306648, 2140
317172, 0, 0, 0, 0, 0, 0, 306648, 2140
317172, 0, 0, 0, 0, 0, 0, 306648, 2140
317172, 0, 0, 0, 0, 0, 0, 306648, 2140
317172, 0, 0, 0, 0, 0, 0, 306648, 2140
317172, 0, 0, 0, 0, 0, 0, 306648, 2140
317172, 0, 0, 0, 0, 0, 0, 306648, 2140
317172, 0, 0, 0, 0, 0, 0, 306648, 2140
317172, 0, 0, 0, 0, 0, 0, 306648, 2140
317172, 0, 0, 0, 0, 0, 0, 306648, 2140
317172, 0, 0, 0, 0, 0, 0, 306648, 2140
317172, 0, 0, 0, 0, 0, 0, 306648, 2140
317172, 0, 0, 0, 0, 0, 0, 306648, 2140
317172, 0, 0, 0, 0, 0, 0, 306648, 2140
317172, 0, 0, 0, 0, 0, 0, 306648, 2140
317172, 0, 0, 0, 0, 0, 0, 306648, 2140
317172, 0, 0, 0, 0, 0, 0, 306648, 2140
317172, 0, 0, 0, 0, 0, 0, 306648, 2140
317172, 0, 0, 0, 0, 0, 0, 306648, 2140
317172, 0, 0, 0, 0, 0, 0, 306648, 2140
317172, 0, 0, 0, 0, 0, 0, 306648, 2140
317172, 0, 0, 0, 0, 0, 0, 306648, 2140
317172, 0, 0, 0, 0, 0, 0, 306648, 2140
317172, 0, 0, 0, 0, 0, 0, 306648, 2140
317172, 0, 0, 0, 0, 0, 0, 306648, 2140
317172, 0, 0, 0, 0, 0, 0, 306648, 2140
317172, 0, 0, 0, 0, 0, 0, 306648, 2140
317172, 0, 0, 0, 0, 0, 0, 306648, 2140
317172, 0, 0, 0, 0, 0, 0, 306648, 2140
317172, 0, 0, 0, 0, 0, 0, 306648, 2140
317172, 0, 0, 0, 0, 0, 0, 306648, 2140
317172, 0, 0, 0, 0, 0, 0, 306648, 2140
317172, 0, 0, 0, 0, 0, 0, 306648, 2140
317172, 0, 0, 0, 0, 0, 0, 306648, 2140
317172, 0, 0, 0, 0, 0, 0, 306648, 2140
317172, 0, 0, 0, 0, 0, 0, 306648, 2140
317172, 0, 0, 0, 0, 0, 0, 306648, 2140
317172, 0, 0, 0, 0, 0, 0, 306648, 2140
317172, 0, 0, 0, 0, 0, 0, 306648, 2140
317172, 0, 0, 0, 0, 0, 0, 306648, 2140
317172, 0, 0, 0, 0, 0, 0, 306648, 2140
317172, 0, 0, 0, 0, 0, 0, 306648, 2140
317172, 0, 0, 0, 0, 0, 0, 306648, 2140
317172, 0, 0, 0, 0, 0, 0, 306648, 2140
317172, 0, 0, 0, 0, 0, 0, 306648, 2140
317172, 0, 0, 0, 0, 0, 0, 306648, 2140
317172, 0, 0, 0, 0, 0, 0, 306648, 2140
317172, 0, 0, 0, 0, 0, 0, 306648, 2140
317172, 0, 0, 0, 0, 0, 0, 306648, 2140
317172, 0, 0, 0, 0, 0, 0, 306648, 2140
317172, 0, 0, 0, 0, 0, 0, 306648, 2140
317172, 0, 0, 0, 0, 0, 0, 306648, 2140
317172, 0, 0, 0, 0, 0, 0, 306648, 2140
317172, 0, 0, 0, 0, 0, 0, 306648, 2140
317172, 0, 0, 0, 0, 0, 0, 306648, 2140
317172, 0, 0, 0, 0, 0, 0, 306648, 2140
317172, 0, 0, 0, 0, 0, 0, 306648, 2140
317172, 0, 0, 0, 0, 0, 0, 306648, 2140
317172, 0, 0, 0, 0, 0, 0, 306648, 2140
317172, 0, 0, 0, 0, 0, 0, 306648, 2140
317172, 0, 0, 0, 0, 0, 0, 306648, 2140
317172, 0, 0, 0, 0, 0, 0, 306648, 2140
317172, 0, 0, 0, 0, 0, 0, 306648, 2140
317172, 0, 0, 0, 0, 0, 0, 306648, 2140
317172, 0, 0, 0, 0, 0, 0, 306648, 2140
317172, 0, 0, 0, 0, 0, 0, 306648, 2140
317172, 0, 0, 0, 0, 0, 0, 306648, 2140
317172, 0, 0, 0, 0, 0, 0, 306648, 2140
317172, 0, 0, 0, 0, 0, 0, 306648, 2140
317172, 0, 0, 0, 0, 0, 0, 306648, 2140
317172, 0, 0, 0, 0, 0, 0, 306648, 2140
317172, 0, 0, 0, 0, 0, 0, 306648, 2140
317172, 0, 0, 0, 0, 0, 0, 306648, 2140
317172, 0, 0, 0, 0, 0, 0, 306648, 2140
317172, 0, 0, 0, 0, 0, 0, 306648, 2140
317172, 0, 0, 0, 0, 0, 0, 306648, 2140
317172, 0, 0, 0, 0, 0, 0, 306648, 2140
317172, 0, 0, 0, 0, 0, 0, 306648, 2140
317172, 0, 0, 0, 0, 0, 0, 306648, 2140
317172, 0, 0, 0, 0, 0, 0, 306648, 2140
317172, 0, 0, 0, 0, 0, 0, 306648, 2140
317172, 0, 0, 0, 0, 0, 0, 306648, 2140
317172, 0, 0, 0, 0, 0, 0, 306648, 2140
317172, 0, 0, 0, 0, 0, 0, 306648, 2140
317172, 0, 0, 0, 0, 0, 0, 306648, 2140
317172, 0, 0, 0, 0, 0, 0, 306648, 2140
317172, 0, 0, 0, 0, 0, 0, 306648, 2140
317172, 0, 0, 0, 0, 0, 0, 306648, 2140
317172, 0, 0, 0, 0, 0, 0, 306648, 2140
317172, 0, 0, 0, 0, 0, 0, 306648, 2140
317172, 0, 0, 0, 0, 0, 0, 306648, 2140
317172, 0, 0, 0, 0, 0, 0, 306648, 2140
317172, 0, 0, 0, 0, 0, 0, 306648, 2140
317172, 0, 0, 0, 0, 0, 0, 306648, 2140
317172, 0, 0, 0, 0, 0, 0, 306648, 2140
317172, 0, 0, 0, 0, 0, 0, 306648, 2140
317172, 0, 0, 0, 0, 0, 0, 306648, 2140
317172, 0, 0, 0, 0, 0, 0, 306648, 2140
317172, 0, 0, 0, 0, 0, 0, 306648, 2140
317172, 0, 0, 0, 0, 0, 0, 306648, 2140
317172, 0, 0, 0, 0, 0, 0, 306648, 2140
317172, 0, 0, 0, 0, 0, 0, 306648, 2140
317172, 0, 0, 0, 0, 0, 0, 306648, 2140
317172, 0, 0, 0, 0, 0, 0, 306648, 2140
317172, 0, 0, 0, 0, 0, 0, 306648, 2140
317172, 0, 0, 0, 0, 0, 0, 306648, 2140
317172, 0, 0, 0, 0, 0, 0, 306648, 2140
317172, 0, 0, 0, 0, 0, 0, 306648, 2140
317172, 0, 0, 0, 0, 0, 0, 306648, 2140
317172, 0, 0, 0, 0, 0, 0, 306648, 2140
317172, 0, 0, 0, 0, 0, 0, 306648, 2140
317172, 0, 0, 0, 0, 0, 0, 306648, 2140
317172, 0, 0, 0, 0, 0, 0, 306648, 2140
317172, 0, 0, 0, 0, 0, 0, 306648, 2140
317172, 0, 0, 0, 0, 0, 0, 306648, 2140
317172, 0, 0, 0, 0, 0, 0, 306648, 2140
317172, 0, 0, 0, 0, 0, 0, 306648, 2140
317172, 0, 0, 0, 0, 0, 0, 306648, 2140
317172, 0, 0, 0, 0, 0, 0, 306648, 2140
317172, 0, 0, 0, 0, 0, 0, 306648, 2140
317172, 0, 0, 0, 0, 0, 0, 306648, 2140
317172, 0, 0, 0, 0, 0, 0, 306648, 2140
317172, 0, 0, 0, 0, 0, 0, 306648, 2140
317172, 0, 0, 0, 0, 0, 0, 306648, 2140
317172, 0, 0, 0, 0, 0, 0, 306648, 2140
317172, 0, 0, 0, 0, 0, 0, 306648, 2140
317172, 0, 0, 0, 0, 0, 0, 306648, 2140
317172, 0, 0, 0, 0, 0, 0, 306648, 2140
317172, 0, 0, 0, 0, 0, 0, 306648, 2140
317172, 0, 0, 0, 0, 0, 0, 306648, 2140
317172, 0, 0, 0, 0, 0, 0, 306648, 2140
317172, 0, 0, 0, 0, 0, 0, 306648, 2140
317172, 0, 0, 0, 0, 0, 0, 306648, 2140
317172, 0, 0, 0, 0, 0, 0, 306648, 2140
317172, 0, 0, 0, 0, 0, 0, 306648, 2140
317172, 0, 0, 0, 0, 0, 0, 306648, 2140
317172, 0, 0, 0, 0, 0, 0, 306648, 2140
317172, 0, 0, 0, 0, 0, 0, 306648, 2140
317172, 0, 0, 0, 0, 0, 0, 306648, 2140
317172, 0, 0, 0, 0, 0, 0, 306648, 2140
317172, 0, 0, 0, 0, 0, 0, 306648, 2140
317172, 0, 0, 0, 0, 0, 0, 306648, 2140
317172, 0, 0, 0, 0, 0, 0, 306648, 2140
317172, 0, 0, 0, 0, 0, 0, 306648, 2140
317172, 0, 0, 0, 0, 0, 0, 306648, 2140
317172, 0, 0, 0, 0, 0, 0, 306648, 2140
317172, 0, 0, 0, 0, 0, 0, 306648, 2140
317172, 0, 0, 0, 0, 0, 0, 306648, 2140
317172, 0, 0, 0, 0, 0, 0, 306648, 2140
317172, 0, 0, 0, 0, 0, 0, 306648, 2140
317172, 0, 0, 0, 0, 0, 0, 306648, 2140
317172, 0, 0, 0, 0, 0, 0, 306648, 2140
317172, 0, 0, 0, 0, 0, 0, 306648, 2140
317172, 0, 0, 0, 0, 0, 0, 306648, 2140
317172, 0, 0, 0, 0, 0, 0, 306648, 2140
317172, 0, 0, 0, 0, 0, 0, 306648, 2140
317172, 0, 0, 0, 0, 0, 0, 306648, 2140
317172, 0, 0, 0, 0, 0, 0, 306648, 2140
317172, 0, 0, 0, 0, 0, 0, 306648, 2140
317172, 0, 0, 0, 0, 0, 0, 306648, 2140
317172, 0, 0, 0, 0, 0, 0, 306648, 2140
317172, 0, 0, 0, 0, 0, 0, 306648, 2140
317172, 0, 0, 0, 0, 0, 0, 306648, 2140
317172, 0, 0, 0, 0, 0, 0, 306648, 2140
317172, 0, 0, 0, 0, 0, 0, 306648, 2140
317172, 0, 0, 0, 0, 0, 0, 306648, 2140
317172, 0, 0, 0, 0, 0, 0, 306648, 2140
317172, 0, 0, 0, 0, 0, 0, 306648, 2140
317172, 0, 0, 0, 0, 0, 0, 306648, 2140
317172, 0, 0, 0, 0, 0, 0, 306648, 2140
317172, 0, 0, 0, 0, 0, 0, 306648, 2140
317172, 0, 0, 0, 0, 0, 0, 306648, 2140
317172, 0, 0, 0, 0, 0, 0, 306648, 2140
317172, 0, 0, 0, 0, 0, 0, 306648, 2140
317172, 0, 0, 0, 0, 0, 0, 306648, 2140
317172, 0, 0, 0, 0, 0, 0, 306648, 2140
317172, 0, 0, 0, 0, 0, 0, 306648, 2140
317172, 0, 0, 0, 0, 0, 0, 306648, 2140
317172, 0, 0, 0, 0, 0, 0, 306648, 2140
317172, 0, 0, 0, 0, 0, 0, 306648, 2140
317172, 0, 0, 0, 0, 0, 0, 306648, 2140
317172, 0, 0, 0, 0, 0, 0, 306648, 2140
317172, 0, 0, 0, 0, 0, 0, 306648, 2140
317172, 0, 0, 0, 0, 0, 0, 306648, 2140
317172, 0, 0, 0, 0, 0, 0, 306648, 2140
317172, 0, 0, 0, 0, 0, 0, 306648, 2140
317172, 0, 0, 0, 0, 0, 0, 306648, 2140
317172, 0, 0, 0, 0, 0, 0, 306648, 2140
317172, 0, 0, 0, 0, 0, 0, 306648, 2140
317172, 0, 0, 0, 0, 0, 0, 306648, 2140
317172, 0, 0, 0, 0, 0, 0, 306648, 2140
317172, 0, 0, 0, 0, 0, 0, 306648, 2140
317172, 0, 0, 0, 0, 0, 0, 306648, 2140
317172, 0, 0, 0, 0, 0, 0, 306648, 2140
317172, 0, 0, 0, 0, 0, 0, 306648, 2140
317172, 0, 0, 0, 0, 0, 0, 306648, 2140
317172, 0, 0, 0, 0, 0, 0, 306648, 2140
317172, 0, 0, 0, 0, 0, 0, 306648, 2140
317172, 0, 0, 0, 0, 0, 0, 306648, 2140
317172, 0, 0, 0, 0, 0, 0, 306648, 2140
317172, 0, 0, 0, 0, 0, 0, 306648, 2140
317172, 0, 0, 0, 0, 0, 0, 306648, 2140
317172, 0, 0, 0, 0, 0, 0, 306648, 2140
317172, 0, 0, 0, 0, 0, 0, 306648, 2140
317172, 0, 0, 0, 0, 0, 0, 306648, 2140
317172, 0, 0, 0, 0, 0, 0, 306648, 2140
317172, 0, 0, 0, 0, 0, 0, 306648, 2140
317172, 0, 0, 0, 0, 0, 0, 306648, 2140
317172, 0, 0, 0, 0, 0, 0, 306648, 2140
317172, 0, 0, 0, 0, 0, 0, 306648, 2140
317172, 0, 0, 0, 0, 0, 0, 306648, 2140
317172, 0, 0, 0, 0, 0, 0, 306648, 2140
317172, 0, 0, 0, 0, 0, 0, 306648, 2140
317172, 0, 0, 0, 0, 0, 0, 306648, 2140
317172, 0, 0, 0, 0, 0, 0, 306648, 2140
317172, 0, 0, 0, 0, 0, 0, 306648, 2140
317172, 0, 0, 0, 0, 0, 0, 306648, 2140
317172, 0, 0, 0, 0, 0, 0, 306648, 2140
317172, 0, 0, 0, 0, 0, 0, 306648, 2140
317172, 0, 0, 0, 0, 0, 0, 306648, 2140
317172, 0, 0, 0, 0, 0, 0, 306648, 2140
317172, 0, 0, 0, 0, 0, 0, 306648, 2140
317172, 0, 0, 0, 0, 0, 0, 306648, 2140
317172, 0, 0, 0, 0, 0, 0, 306648, 2140
317172, 0, 0, 0, 0, 0, 0, 306648, 2140
317172, 0, 0, 0, 0, 0, 0, 306648, 2140
317172, 0, 0, 0, 0, 0, 0, 306648, 2140
317172, 0, 0, 0, 0, 0, 0, 306648, 2140
317172, 0, 0, 0, 0, 0, 0, 306648, 2140
317172, 0, 0, 0, 0, 0, 0, 306648, 2140
317172, 0, 0, 0, 0, 0, 0, 306648, 2140
317172, 0, 0, 0, 0, 0, 0, 306648, 2140
317172, 0, 0, 0, 0, 0, 0, 306648, 2140
317172, 0, 0, 0, 0, 0, 0, 306648, 2140
317172, 0, 0, 0, 0, 0, 0, 306648, 2140
317172, 0, 0, 0, 0, 0, 0, 306648, 2140
317172, 0, 0, 0, 0, 0, 0, 306648, 2140
317172, 0, 0, 0, 0, 0, 0, 306648, 2140
317172, 0, 0, 0, 0, 0, 0, 306648, 2140
317172, 0, 0, 0, 0, 0, 0, 306648, 2140
317172, 0, 0, 0, 0, 0, 0, 306648, 2140
317172, 0, 0, 0, 0, 0, 0, 306648, 2140
317172, 0, 0, 0, 0, 0, 0, 306648, 2140
317172, 0, 0, 0, 0, 0, 0, 306648, 2140
317172, 0, 0, 0, 0, 0, 0, 306648, 2140
317172, 0, 0, 0, 0, 0, 0, 306648, 2140
317172, 0, 0, 0, 0, 0, 0, 306648, 2140
317172, 0, 0, 0, 0, 0, 0, 306648, 2140
317172, 0, 0, 0, 0, 0, 0, 306648, 2140
317172, 0, 0, 0, 0, 0, 0, 306648, 2140
317172, 0, 0, 0, 0, 0, 0, 306648, 2140
317172, 0, 0, 0, 0, 0, 0, 306648, 2140
317172, 0, 0, 0, 0, 0, 0, 306648, 2140
317172, 0, 0, 0, 0, 0, 0, 306648, 2140
317172, 0, 0, 0, 0, 0, 0, 306648, 2140
317172, 0, 0, 0, 0, 0, 0, 306648, 2140
317172, 0, 0, 0, 0, 0, 0, 306648, 2140
317172, 0, 0, 0, 0, 0, 0, 306648, 2140
317172, 0, 0, 0, 0, 0, 0, 306648, 2140
317172, 0, 0, 0, 0, 0, 0, 306648, 2140
317172, 0, 0, 0, 0, 0, 0, 306648, 2140
317172, 0, 0, 0, 0, 0, 0, 306648, 2140
317172, 0, 0, 0, 0, 0, 0, 306648, 2140
317172, 0, 0, 0, 0, 0, 0, 306648, 2140
317172, 0, 0, 0, 0, 0, 0, 306648, 2140
317172, 0, 0, 0, 0, 0, 0, 306648, 2140
317172, 0, 0, 0, 0, 0, 0, 306648, 2140
317172, 0, 0, 0, 0, 0, 0, 306648, 2140
317172, 0, 0, 0, 0, 0, 0, 306648, 2140
317172, 0, 0, 0, 0, 0, 0, 306648, 2140
317172, 0, 0, 0, 0, 0, 0, 306648, 2140
317172, 0, 0, 0, 0, 0, 0, 306648, 2140
317172, 0, 0, 0, 0, 0, 0, 306648, 2140
317172, 0, 0, 0, 0, 0, 0, 306648, 2140
317172, 0, 0, 0, 0, 0, 0, 306648, 2140
317172, 0, 0, 0, 0, 0, 0, 306648, 2140
317172, 0, 0, 0, 0, 0, 0, 306648, 2140
317172, 0, 0, 0, 0, 0, 0, 306648, 2140
317172, 0, 0, 0, 0, 0, 0, 306648, 2140
317172, 0, 0, 0, 0, 0, 0, 306648, 2140
317172, 0, 0, 0, 0, 0, 0, 306648, 2140
317172, 0, 0, 0, 0, 0, 0, 306648, 2140
317172, 0, 0, 0, 0, 0, 0, 306648, 2140
317172, 0, 0, 0, 0, 0, 0, 306648, 2140
317172, 0, 0, 0, 0, 0, 0, 306648, 2140
317172, 0, 0, 0, 0, 0, 0, 306648, 2140
317172, 0, 0, 0, 0, 0, 0, 306648, 2140
317172, 0, 0, 0, 0, 0, 0, 306648, 2140
317172, 0, 0, 0, 0, 0, 0, 306648, 2140
317172, 0, 0, 0, 0, 0, 0, 306648, 2140
317172, 0, 0, 0, 0, 0, 0, 306648, 2140
317172, 0, 0, 0, 0, 0, 0, 306648, 2140
317172, 0, 0, 0, 0, 0, 0, 306648, 2140
317172, 0, 0, 0, 0, 0, 0, 306648, 2140
317172, 0, 0, 0, 0, 0, 0, 306648, 2140
317172, 0, 0, 0, 0, 0, 0, 306648, 2140
317172, 0, 0, 0, 0, 0, 0, 306648, 2140
317172, 0, 0, 0, 0, 0, 0, 306648, 2140
317172, 0, 0, 0, 0, 0, 0, 306648, 2140
317172, 0, 0, 0, 0, 0, 0, 306648, 2140
317172, 0, 0, 0, 0, 0, 0, 306648, 2140
317172, 0, 0, 0, 0, 0, 0, 306648, 2140
317172, 0, 0, 0, 0, 0, 0, 306648, 2140
317172, 0, 0, 0, 0, 0, 0, 306648, 2140
317172, 0, 0, 0, 0, 0, 0, 306648, 2140
317172, 0, 0, 0, 0, 0, 0, 306648, 2140
317172, 0, 0, 0, 0, 0, 0, 306648, 2140
317172, 0, 0, 0, 0, 0, 0, 306648, 2140
317172, 0, 0, 0, 0, 0, 0, 306648, 2140
317172, 0, 0, 0, 0, 0, 0, 306648, 2140
317172, 0, 0, 0, 0, 0, 0, 306648, 2140
317172, 0, 0, 0, 0, 0, 0, 306648, 2140
317172, 0, 0, 0, 0, 0, 0, 306648, 2140
317172, 0, 0, 0, 0, 0, 0, 306648, 2140
317172, 0, 0, 0, 0, 0, 0, 306648, 2140
317172, 0, 0, 0, 0, 0, 0, 306648, 2140
317172, 0, 0, 0, 0, 0, 0, 306648, 2140
317172, 0, 0, 0, 0, 0, 0, 306648, 2140
317172, 0, 0, 0, 0, 0, 0, 306648, 2140
317172, 0, 0, 0, 0, 0, 0, 306648, 2140
317172, 0, 0, 0, 0, 0, 0, 306648, 2140
317172, 0, 0, 0, 0, 0, 0, 306648, 2140
317172, 0, 0, 0, 0, 0, 0, 306648, 2140
317172, 0, 0, 0, 0, 0, 0, 306648, 2140
317172, 0, 0, 0, 0, 0, 0, 306648, 2140
317172, 0, 0, 0, 0, 0, 0, 306648, 2140
317172, 0, 0, 0, 0, 0, 0, 306648, 2140
317172, 0, 0, 0, 0, 0, 0, 306648, 2140
317172, 0, 0, 0, 0, 0, 0, 306648, 2140
317172, 0, 0, 0, 0, 0, 0, 306648, 2140
317172, 0, 0, 0, 0, 0, 0, 306648, 2140
317172, 0, 0, 0, 0, 0, 0, 306648, 2140
317172, 0, 0, 0, 0, 0, 0, 306648, 2140
317172, 0, 0, 0, 0, 0, 0, 306648, 2140
317172, 0, 0, 0, 0, 0, 0, 306648, 2140
317172, 0, 0, 0, 0, 0, 0, 306648, 2140
317172, 0, 0, 0, 0, 0, 0, 306648, 2140
317172, 0, 0, 0, 0, 0, 0, 306648, 2140
317172, 0, 0, 0, 0, 0, 0, 306648, 2140
317172, 0, 0, 0, 0, 0, 0, 306648, 2140
317172, 0, 0, 0, 0, 0, 0, 306648, 2140
317172, 0, 0, 0, 0, 0, 0, 306648, 2140
317172, 0, 0, 0, 0, 0, 0, 306648, 2140
317172, 0, 0, 0, 0, 0, 0, 306648, 2140
317172, 0, 0, 0, 0, 0, 0, 306648, 2140
317172, 0, 0, 0, 0, 0, 0, 306648, 2140
317172, 0, 0, 0, 0, 0, 0, 306648, 2140
317172, 0, 0, 0, 0, 0, 0, 306648, 2140
317172, 0, 0, 0, 0, 0, 0, 306648, 2140
317172, 0, 0, 0, 0, 0, 0, 306648, 2140
317172, 0, 0, 0, 0, 0, 0, 306648, 2140
317172, 0, 0, 0, 0, 0, 0, 306648, 2140
317172, 0, 0, 0, 0, 0, 0, 306648, 2140
317172, 0, 0, 0, 0, 0, 0, 306648, 2140
317172, 0, 0, 0, 0, 0, 0, 306648, 2140
317172, 0, 0, 0, 0, 0, 0, 306648, 2140
317172, 0, 0, 0, 0, 0, 0, 306648, 2140
317172, 0, 0, 0, 0, 0, 0, 306648, 2140
317172, 0, 0, 0, 0, 0, 0, 306648, 2140
317172, 0, 0, 0, 0, 0, 0, 306648, 2140
317172, 0, 0, 0, 0, 0, 0, 306648, 2140
317172, 0, 0, 0, 0, 0, 0, 306648, 2140
317172, 0, 0, 0, 0, 0, 0, 306648, 2140
317172, 0, 0, 0, 0, 0, 0, 306648, 2140
317172, 0, 0, 0, 0, 0, 0, 306648, 2140
317172, 0, 0, 0, 0, 0, 0, 306648, 2140
317172, 0, 0, 0, 0, 0, 0, 306648, 2140
317172, 0, 0, 0, 0, 0, 0, 306648, 2140
317172, 0, 0, 0, 0, 0, 0, 306648, 2140
317172, 0, 0, 0, 0, 0, 0, 306648, 2140
317172, 0, 0, 0, 0, 0, 0, 306648, 2140
317172, 0, 0, 0, 0, 0, 0, 306648, 2140
317172, 0, 0, 0, 0, 0, 0, 306648, 2140
317172, 0, 0, 0, 0, 0, 0, 306648, 2140
317172, 0, 0, 0, 0, 0, 0, 306648, 2140
317172, 0, 0, 0, 0, 0, 0, 306648, 2140
317172, 0, 0, 0, 0, 0, 0, 306648, 2140
317172, 0, 0, 0, 0, 0, 0, 306648, 2140
317172, 0, 0, 0, 0, 0, 0, 306648, 2140
317172, 0, 0, 0, 0, 0, 0, 306648, 2140
317172, 0, 0, 0, 0, 0, 0, 306648, 2140
317172, 0, 0, 0, 0, 0, 0, 306648, 2140
317172, 0, 0, 0, 0, 0, 0, 306648, 2140
317172, 0, 0, 0, 0, 0, 0, 306648, 2140
317172, 0, 0, 0, 0, 0, 0, 306648, 2140
317172, 0, 0, 0, 0, 0, 0, 306648, 2140
317172, 0, 0, 0, 0, 0, 0, 306648, 2140
317172, 0, 0, 0, 0, 0, 0, 306648, 2140
317172, 0, 0, 0, 0, 0, 0, 306648, 2140
317172, 0, 0, 0, 0, 0, 0, 306648, 2140
317172, 0, 0, 0, 0, 0, 0, 306648, 2140
317172, 0, 0, 0, 0, 0, 0, 306648, 2140
317172, 0, 0, 0, 0, 0, 0, 306648, 2140
317172, 0, 0, 0, 0, 0, 0, 306648, 2140
317172, 0, 0, 0, 0, 0, 0, 306648, 2140
317172, 0, 0, 0, 0, 0, 0, 306648, 2140
317172, 0, 0, 0, 0, 0, 0, 306648, 2140
317172, 0, 0, 0, 0, 0, 0, 306648, 2140
317172, 0, 0, 0, 0, 0, 0, 306648, 2140
317172, 0, 0, 0, 0, 0, 0, 306648, 2140
317172, 0, 0, 0, 0, 0, 0, 306648, 2140
317172, 0, 0, 0, 0, 0, 0, 306648, 2140
317172, 0, 0, 0, 0, 0, 0, 306648, 2140
317172, 0, 0, 0, 0, 0, 0, 306648, 2140
317172, 0, 0, 0, 0, 0, 0, 306648, 2140
317172, 0, 0, 0, 0, 0, 0, 306648, 2140
317172, 0, 0, 0, 0, 0, 0, 306648, 2140
317172, 0, 0, 0, 0, 0, 0, 306648, 2140
317172, 0, 0, 0, 0, 0, 0, 306648, 2140
317172, 0, 0, 0, 0, 0, 0, 306648, 2140
317172, 0, 0, 0, 0, 0, 0, 306648, 2140
317172, 0, 0, 0, 0, 0, 0, 306648, 2140
317172, 0, 0, 0, 0, 0, 0, 306648, 2140
317172, 0, 0, 0, 0, 0, 0, 306648, 2140
317172, 0, 0, 0, 0, 0, 0, 306648, 2140
317172, 0, 0, 0, 0, 0, 0, 306648, 2140
317172, 0, 0, 0, 0, 0, 0, 306648, 2140
317172, 0, 0, 0, 0, 0, 0, 306648, 2140
317172, 0, 0, 0, 0, 0, 0, 306648, 2140
317172, 0, 0, 0, 0, 0, 0, 306648, 2140
317172, 0, 0, 0, 0, 0, 0, 306648, 2140
317172, 0, 0, 0, 0, 0, 0, 306648, 2140
317172, 0, 0, 0, 0, 0, 0, 306648, 2140
317172, 0, 0, 0, 0, 0, 0, 306648, 2140
317172, 0, 0, 0, 0, 0, 0, 306648, 2140
317172, 0, 0, 0, 0, 0, 0, 306648, 2140
317172, 0, 0, 0, 0, 0, 0, 306648, 2140
317172, 0, 0, 0, 0, 0, 0, 306648, 2140
317172, 0, 0, 0, 0, 0, 0, 306648, 2140
317172, 0, 0, 0, 0, 0, 0, 306648, 2140
317172, 0, 0, 0, 0, 0, 0, 306648, 2140
317172, 0, 0, 0, 0, 0, 0, 306648, 2140
317172, 0, 0, 0, 0, 0, 0, 306648, 2140
317172, 0, 0, 0, 0, 0, 0, 306648, 2140
317172, 0, 0, 0, 0, 0, 0, 306648, 2140
317172, 0, 0, 0, 0, 0, 0, 306648, 2140
317172, 0, 0, 0, 0, 0, 0, 306648, 2140
317172, 0, 0, 0, 0, 0, 0, 306648, 2140
317172, 0, 0, 0, 0, 0, 0, 306648, 2140
317172, 0, 0, 0, 0, 0, 0, 306648, 2140
317172, 0, 0, 0, 0, 0, 0, 306648, 2140
317172, 0, 0, 0, 0, 0, 0, 306648, 2140
317172, 0, 0, 0, 0, 0, 0, 306648, 2140
317172, 0, 0, 0, 0, 0, 0, 306648, 2140
317172, 0, 0, 0, 0, 0, 0, 306648, 2140
317172, 0, 0, 0, 0, 0, 0, 306648, 2140
317172, 0, 0, 0, 0, 0, 0, 306648, 2140
317172, 0, 0, 0, 0, 0, 0, 306648, 2140
317172, 0, 0, 0, 0, 0, 0, 306648, 2140
317172, 0, 0, 0, 0, 0, 0, 306648, 2140
317172, 0, 0, 0, 0, 0, 0, 306648, 2140
317172, 0, 0, 0, 0, 0, 0, 306648, 2140
317172, 0, 0, 0, 0, 0, 0, 306648, 2140
317172, 0, 0, 0, 0, 0, 0, 306648, 2140
317172, 0, 0, 0, 0, 0, 0, 306648, 2140
317172, 0, 0, 0, 0, 0, 0, 306648, 2140
317172, 0, 0, 0, 0, 0, 0, 306648, 2140
317172, 0, 0, 0, 0, 0, 0, 306648, 2140
317172, 0, 0, 0, 0, 0, 0, 306648, 2140
317172, 0, 0, 0, 0, 0, 0, 306648, 2140
317172, 0, 0, 0, 0, 0, 0, 306648, 2140
317172, 0, 0, 0, 0, 0, 0, 306648, 2140
317172, 0, 0, 0, 0, 0, 0, 306648, 2140
317172, 0, 0, 0, 0, 0, 0, 306648, 2140
317172, 0, 0, 0, 0, 0, 0, 306648, 2140
317172, 0, 0, 0, 0, 0, 0, 306648, 2140
317172, 0, 0, 0, 0, 0, 0, 306648, 2140
317172, 0, 0, 0, 0, 0, 0, 306648, 2140
317172, 0, 0, 0, 0, 0, 0, 306648, 2140
317172, 0, 0, 0, 0, 0, 0, 306648, 2140
317172, 0, 0, 0, 0, 0, 0, 306648, 2140
317172, 0, 0, 0, 0, 0, 0, 306648, 2140
317172, 0, 0, 0, 0, 0, 0, 306648, 2140
317172, 0, 0, 0, 0, 0, 0, 306648, 2140
317172, 0, 0, 0, 0, 0, 0, 306648, 2140
317172, 0, 0, 0, 0, 0, 0, 306648, 2140
317172, 0, 0, 0, 0, 0, 0, 306648, 2140
317172, 0, 0, 0, 0, 0, 0, 306648, 2140
317172, 0, 0, 0, 0, 0, 0, 306648, 2140
317172, 0, 0, 0, 0, 0, 0, 306648, 2140
317172, 0, 0, 0, 0, 0, 0, 306648, 2140
317172, 0, 0, 0, 0, 0, 0, 306648, 2140
317172, 0, 0, 0, 0, 0, 0, 306648, 2140
317172, 0, 0, 0, 0, 0, 0, 306648, 2140
317172, 0, 0, 0, 0, 0, 0, 306648, 2140
317172, 0, 0, 0, 0, 0, 0, 306648, 2140
317172, 0, 0, 0, 0, 0, 0, 306648, 2140
317172, 0, 0, 0, 0, 0, 0, 306648, 2140
317172, 0, 0, 0, 0, 0, 0, 306648, 2140
317172, 0, 0, 0, 0, 0, 0, 306648, 2140
317172, 0, 0, 0, 0, 0, 0, 306648, 2140
317172, 0, 0, 0, 0, 0, 0, 306648, 2140
317172, 0, 0, 0, 0, 0, 0, 306648, 2140
317172, 0, 0, 0, 0, 0, 0, 306648, 2140
317172, 0, 0, 0, 0, 0, 0, 306648, 2140
317172, 0, 0, 0, 0, 0, 0, 306648, 2140
317172, 0, 0, 0, 0, 0, 0, 306648, 2140
317172, 0, 0, 0, 0, 0, 0, 306648, 2140
317172, 0, 0, 0, 0, 0, 0, 306648, 2140
317172, 0, 0, 0, 0, 0, 0, 306648, 2140
317172, 0, 0, 0, 0, 0, 0, 306648, 2140
317172, 0, 0, 0, 0, 0, 0, 306648, 2140
317172, 0, 0, 0, 0, 0, 0, 306648, 2140
317172, 0, 0, 0, 0, 0, 0, 306648, 2140
317172, 0, 0, 0, 0, 0, 0, 306648, 2140
317172, 0, 0, 0, 0, 0, 0, 306648, 2140
317172, 0, 0, 0, 0, 0, 0, 306648, 2140
317172, 0, 0, 0, 0, 0, 0, 306648, 2140
317172, 0, 0, 0, 0, 0, 0, 306648, 2140
317172, 0, 0, 0, 0, 0, 0, 306648, 2140
317172, 0, 0, 0, 0, 0, 0, 306648, 2140
317172, 0, 0, 0, 0, 0, 0, 306648, 2140
317172, 0, 0, 0, 0, 0, 0, 306648, 2140
317172, 0, 0, 0, 0, 0, 0, 306648, 2140
317172, 0, 0, 0, 0, 0, 0, 306648, 2140
317172, 0, 0, 0, 0, 0, 0, 306648, 2140
317172, 0, 0, 0, 0, 0, 0, 306648, 2140
317172, 0, 0, 0, 0, 0, 0, 306648, 2140
317172, 0, 0, 0, 0, 0, 0, 306648, 2140
317172, 0, 0, 0, 0, 0, 0, 306648, 2140
317172, 0, 0, 0, 0, 0, 0, 306648, 2140
317172, 0, 0, 0, 0, 0, 0, 306648, 2140
317172, 0, 0, 0, 0, 0, 0, 306648, 2140
317172, 0, 0, 0, 0, 0, 0, 306648, 2140
317172, 0, 0, 0, 0, 0, 0, 306648, 2140
317172, 0, 0, 0, 0, 0, 0, 306648, 2140
317172, 0, 0, 0, 0, 0, 0, 306648, 2140
317172, 0, 0, 0, 0, 0, 0, 306648, 2140
317172, 0, 0, 0, 0, 0, 0, 306648, 2140
317172, 0, 0, 0, 0, 0, 0, 306648, 2140
317172, 0, 0, 0, 0, 0, 0, 306648, 2140
317172, 0, 0, 0, 0, 0, 0, 306648, 2140
317172, 0, 0, 0, 0, 0, 0, 306648, 2140
317172, 0, 0, 0, 0, 0, 0, 306648, 2140
317172, 0, 0, 0, 0, 0, 0, 306648, 2140
317172, 0, 0, 0, 0, 0, 0, 306648, 2140
317172, 0, 0, 0, 0, 0, 0, 306648, 2140
317172, 0, 0, 0, 0, 0, 0, 306648, 2140
317172, 0, 0, 0, 0, 0, 0, 306648, 2140
317172, 0, 0, 0, 0, 0, 0, 306648, 2140
317172, 0, 0, 0, 0, 0, 0, 306648, 2140
317172, 0, 0, 0, 0, 0, 0, 306648, 2140
317172, 0, 0, 0, 0, 0, 0, 306648, 2140
317172, 0, 0, 0, 0, 0, 0, 306648, 2140
317172, 0, 0, 0, 0, 0, 0, 306648, 2140
317172, 0, 0, 0, 0, 0, 0, 306648, 2140
317172, 0, 0, 0, 0, 0, 0, 306648, 2140
317172, 0, 0, 0, 0, 0, 0, 306648, 2140
317172, 0, 0, 0, 0, 0, 0, 306648, 2140
317172, 0, 0, 0, 0, 0, 0, 306648, 2140
317172, 0, 0, 0, 0, 0, 0, 306648, 2140
317172, 0, 0, 0, 0, 0, 0, 306648, 2140
317172, 0, 0, 0, 0, 0, 0, 306648, 2140
317172, 0, 0, 0, 0, 0, 0, 306648, 2140
317172, 0, 0, 0, 0, 0, 0, 306648, 2140
317172, 0, 0, 0, 0, 0, 0, 306648, 2140
317172, 0, 0, 0, 0, 0, 0, 306648, 2140
317172, 0, 0, 0, 0, 0, 0, 306648, 2140
317172, 0, 0, 0, 0, 0, 0, 306648, 2140
317172, 0, 0, 0, 0, 0, 0, 306648, 2140
317172, 0, 0, 0, 0, 0, 0, 306648, 2140
317172, 0, 0, 0, 0, 0, 0, 306648, 2140
317172, 0, 0, 0, 0, 0, 0, 306648, 2140
317172, 0, 0, 0, 0, 0, 0, 306648, 2140
317172, 0, 0, 0, 0, 0, 0, 306648, 2140
317172, 0, 0, 0, 0, 0, 0, 306648, 2140
317172, 0, 0, 0, 0, 0, 0, 306648, 2140
317172, 0, 0, 0, 0, 0, 0, 306648, 2140
317172, 0, 0, 0, 0, 0, 0, 306648, 2140
317172, 0, 0, 0, 0, 0, 0, 306648, 2140
317172, 0, 0, 0, 0, 0, 0, 306648, 2140
317172, 0, 0, 0, 0, 0, 0, 306648, 2140
317172, 0, 0, 0, 0, 0, 0, 306648, 2140
317172, 0, 0, 0, 0, 0, 0, 306648, 2140
317172, 0, 0, 0, 0, 0, 0, 306648, 2140
317172, 0, 0, 0, 0, 0, 0, 306648, 2140
317172, 0, 0, 0, 0, 0, 0, 306648, 2140
317172, 0, 0, 0, 0, 0, 0, 306648, 2140
317172, 0, 0, 0, 0, 0, 0, 306648, 2140
317172, 0, 0, 0, 0, 0, 0, 306648, 2140
317172, 0, 0, 0, 0, 0, 0, 306648, 2140
317172, 0, 0, 0, 0, 0, 0, 306648, 2140
317172, 0, 0, 0, 0, 0, 0, 306648, 2140
317172, 0, 0, 0, 0, 0, 0, 306648, 2140
317172, 0, 0, 0, 0, 0, 0, 306648, 2140
317172, 0, 0, 0, 0, 0, 0, 306648, 2140
317172, 0, 0, 0, 0, 0, 0, 306648, 2140
317172, 0, 0, 0, 0, 0, 0, 306648, 2140
317172, 0, 0, 0, 0, 0, 0, 306648, 2140
317172, 0, 0, 0, 0, 0, 0, 306648, 2140
317172, 0, 0, 0, 0, 0, 0, 306648, 2140
317172, 0, 0, 0, 0, 0, 0, 306648, 2140
317172, 0, 0, 0, 0, 0, 0, 306648, 2140
317172, 0, 0, 0, 0, 0, 0, 306648, 2140
317172, 0, 0, 0, 0, 0, 0, 306648, 2140
317172, 0, 0, 0, 0, 0, 0, 306648, 2140
317172, 0, 0, 0, 0, 0, 0, 306648, 2140
317172, 0, 0, 0, 0, 0, 0, 306648, 2140
317172, 0, 0, 0, 0, 0, 0, 306648, 2140
317172, 0, 0, 0, 0, 0, 0, 306648, 2140
317172, 0, 0, 0, 0, 0, 0, 306648, 2140
317172, 0, 0, 0, 0, 0, 0, 306648, 2140
317172, 0, 0, 0, 0, 0, 0, 306648, 2140
317172, 0, 0, 0, 0, 0, 0, 306648, 2140
317172, 0, 0, 0, 0, 0, 0, 306648, 2140
317172, 0, 0, 0, 0, 0, 0, 306648, 2140
317172, 0, 0, 0, 0, 0, 0, 306648, 2140
317172, 0, 0, 0, 0, 0, 0, 306648, 2140
317172, 0, 0, 0, 0, 0, 0, 306648, 2140
317172, 0, 0, 0, 0, 0, 0, 306648, 2140
317172, 0, 0, 0, 0, 0, 0, 306648, 2140
317172, 0, 0, 0, 0, 0, 0, 306648, 2140
317172, 0, 0, 0, 0, 0, 0, 306648, 2140
317172, 0, 0, 0, 0, 0, 0, 306648, 2140
317172, 0, 0, 0, 0, 0, 0, 306648, 2140
317172, 0, 0, 0, 0, 0, 0, 306648, 2140
317172, 0, 0, 0, 0, 0, 0, 306648, 2140
317172, 0, 0, 0, 0, 0, 0, 306648, 2140
317172, 0, 0, 0, 0, 0, 0, 306648, 2140
317172, 0, 0, 0, 0, 0, 0, 306648, 2140
317172, 0, 0, 0, 0, 0, 0, 306648, 2140
317172, 0, 0, 0, 0, 0, 0, 306648, 2140
317172, 0, 0, 0, 0, 0, 0, 306648, 2140
317172, 0, 0, 0, 0, 0, 0, 306648, 2140
317172, 0, 0, 0, 0, 0, 0, 306648, 2140
317172, 0, 0, 0, 0, 0, 0, 306648, 2140
317172, 0, 0, 0, 0, 0, 0, 306648, 2140
317172, 0, 0, 0, 0, 0, 0, 306648, 2140
317172, 0, 0, 0, 0, 0, 0, 306648, 2140
317172, 0, 0, 0, 0, 0, 0, 306648, 2140
317172, 0, 0, 0, 0, 0, 0, 306648, 2140
317172, 0, 0, 0, 0, 0, 0, 306648, 2140
317172, 0, 0, 0, 0, 0, 0, 306648, 2140
317172, 0, 0, 0, 0, 0, 0, 306648, 2140
317172, 0, 0, 0, 0, 0, 0, 306648, 2140
317172, 0, 0, 0, 0, 0, 0, 306648, 2140
317172, 0, 0, 0, 0, 0, 0, 306648, 2140
317172, 0, 0, 0, 0, 0, 0, 306648, 2140
317172, 0, 0, 0, 0, 0, 0, 306648, 2140
317172, 0, 0, 0, 0, 0, 0, 306648, 2140
317172, 0, 0, 0, 0, 0, 0, 306648, 2140
317172, 0, 0, 0, 0, 0, 0, 306648, 2140
317172, 0, 0, 0, 0, 0, 0, 306648, 2140
317172, 0, 0, 0, 0, 0, 0, 306648, 2140
317172, 0, 0, 0, 0, 0, 0, 306648, 2140
317172, 0, 0, 0, 0, 0, 0, 306648, 2140
317172, 0, 0, 0, 0, 0, 0, 306648, 2140
317172, 0, 0, 0, 0, 0, 0, 306648, 2140
317172, 0, 0, 0, 0, 0, 0, 306648, 2140
317172, 0, 0, 0, 0, 0, 0, 306648, 2140
317172, 0, 0, 0, 0, 0, 0, 306648, 2140
317172, 0, 0, 0, 0, 0, 0, 306648, 2140
317172, 0, 0, 0, 0, 0, 0, 306648, 2140
317172, 0, 0, 0, 0, 0, 0, 306648, 2140
317172, 0, 0, 0, 0, 0, 0, 306648, 2140
317172, 0, 0, 0, 0, 0, 0, 306648, 2140
317172, 0, 0, 0, 0, 0, 0, 306648, 2140
317172, 0, 0, 0, 0, 0, 0, 306648, 2140
317172, 0, 0, 0, 0, 0, 0, 306648, 2140
317172, 0, 0, 0, 0, 0, 0, 306648, 2140
317172, 0, 0, 0, 0, 0, 0, 306648, 2140
317172, 0, 0, 0, 0, 0, 0, 306648, 2140
317172, 0, 0, 0, 0, 0, 0, 306648, 2140
317172, 0, 0, 0, 0, 0, 0, 306648, 2140
317172, 0, 0, 0, 0, 0, 0, 306648, 2140
317172, 0, 0, 0, 0, 0, 0, 306648, 2140
317172, 0, 0, 0, 0, 0, 0, 306648, 2140
317172, 0, 0, 0, 0, 0, 0, 306648, 2140
317172, 0, 0, 0, 0, 0, 0, 306648, 2140
317172, 0, 0, 0, 0, 0, 0, 306648, 2140
317172, 0, 0, 0, 0, 0, 0, 306648, 2140
317172, 0, 0, 0, 0, 0, 0, 306648, 2140
317172, 0, 0, 0, 0, 0, 0, 306648, 2140
317172, 0, 0, 0, 0, 0, 0, 306648, 2140
317172, 0, 0, 0, 0, 0, 0, 306648, 2140
317172, 0, 0, 0, 0, 0, 0, 306648, 2140
317172, 0, 0, 0, 0, 0, 0, 306648, 2140
317172, 0, 0, 0, 0, 0, 0, 306648, 2140
317172, 0, 0, 0, 0, 0, 0, 306648, 2140
317172, 0, 0, 0, 0, 0, 0, 306648, 2140
317172, 0, 0, 0, 0, 0, 0, 306648, 2140
317172, 0, 0, 0, 0, 0, 0, 306648, 2140
317172, 0, 0, 0, 0, 0, 0, 306648, 2140
317172, 0, 0, 0, 0, 0, 0, 306648, 2140
317172, 0, 0, 0, 0, 0, 0, 306648, 2140
317172, 0, 0, 0, 0, 0, 0, 306648, 2140
317172, 0, 0, 0, 0, 0, 0, 306648, 2140
317172, 0, 0, 0, 0, 0, 0, 306648, 2140
317172, 0, 0, 0, 0, 0, 0, 306648, 2140
317172, 0, 0, 0, 0, 0, 0, 306648, 2140
317172, 0, 0, 0, 0, 0, 0, 306648, 2140
317172, 0, 0, 0, 0, 0, 0, 306648, 2140
317172, 0, 0, 0, 0, 0, 0, 306648, 2140
317172, 0, 0, 0, 0, 0, 0, 306648, 2140
317172, 0, 0, 0, 0, 0, 0, 306648, 2140
317172, 0, 0, 0, 0, 0, 0, 306648, 2140
317172, 0, 0, 0, 0, 0, 0, 306648, 2140
317172, 0, 0, 0, 0, 0, 0, 306648, 2140
317172, 0, 0, 0, 0, 0, 0, 306648, 2140
317172, 0, 0, 0, 0, 0, 0, 306648, 2140
317172, 0, 0, 0, 0, 0, 0, 306648, 2140
317172, 0, 0, 0, 0, 0, 0, 306648, 2140
317172, 0, 0, 0, 0, 0, 0, 306648, 2140
317172, 0, 0, 0, 0, 0, 0, 306648, 2140
317172, 0, 0, 0, 0, 0, 0, 306648, 2140
317172, 0, 0, 0, 0, 0, 0, 306648, 2140
317172, 0, 0, 0, 0, 0, 0, 306648, 2140
317172, 0, 0, 0, 0, 0, 0, 306648, 2140
317172, 0, 0, 0, 0, 0, 0, 306648, 2140
317172, 0, 0, 0, 0, 0, 0, 306648, 2140
317172, 0, 0, 0, 0, 0, 0, 306648, 2140
317172, 0, 0, 0, 0, 0, 0, 306648, 2140
317172, 0, 0, 0, 0, 0, 0, 306648, 2140
317172, 0, 0, 0, 0, 0, 0, 306648, 2140
317172, 0, 0, 0, 0, 0, 0, 306648, 2140
317172, 0, 0, 0, 0, 0, 0, 306648, 2140
317172, 0, 0, 0, 0, 0, 0, 306648, 2140
317172, 0, 0, 0, 0, 0, 0, 306648, 2140
317172, 0, 0, 0, 0, 0, 0, 306648, 2140
317172, 0, 0, 0, 0, 0, 0, 306648, 2140
317172, 0, 0, 0, 0, 0, 0, 306648, 2140
317172, 0, 0, 0, 0, 0, 0, 306648, 2140
317172, 0, 0, 0, 0, 0, 0, 306648, 2140
317172, 0, 0, 0, 0, 0, 0, 306648, 2140
317172, 0, 0, 0, 0, 0, 0, 306648, 2140
317172, 0, 0, 0, 0, 0, 0, 306648, 2140
317172, 0, 0, 0, 0, 0, 0, 306648, 2140
317172, 0, 0, 0, 0, 0, 0, 306648, 2140
317172, 0, 0, 0, 0, 0, 0, 306648, 2140
317172, 0, 0, 0, 0, 0, 0, 306648, 2140
317172, 0, 0, 0, 0, 0, 0, 306648, 2140
317172, 0, 0, 0, 0, 0, 0, 306648, 2140
317172, 0, 0, 0, 0, 0, 0, 306648, 2140
317172, 0, 0, 0, 0, 0, 0, 306648, 2140
317172, 0, 0, 0, 0, 0, 0, 306648, 2140
317172, 0, 0, 0, 0, 0, 0, 306648, 2140
317172, 0, 0, 0, 0, 0, 0, 306648, 2140
317172, 0, 0, 0, 0, 0, 0, 306648, 2140
317172, 0, 0, 0, 0, 0, 0, 306648, 2140
317172, 0, 0, 0, 0, 0, 0, 306648, 2140
317172, 0, 0, 0, 0, 0, 0, 306648, 2140
317172, 0, 0, 0, 0, 0, 0, 306648, 2140
317172, 0, 0, 0, 0, 0, 0, 306648, 2140
317172, 0, 0, 0, 0, 0, 0, 306648, 2140
317172, 0, 0, 0, 0, 0, 0, 306648, 2140
317172, 0, 0, 0, 0, 0, 0, 306648, 2140
317172, 0, 0, 0, 0, 0, 0, 306648, 2140
317172, 0, 0, 0, 0, 0, 0, 306648, 2140
317172, 0, 0, 0, 0, 0, 0, 306648, 2140
317172, 0, 0, 0, 0, 0, 0, 306648, 2140
317172, 0, 0, 0, 0, 0, 0, 306648, 2140
317172, 0, 0, 0, 0, 0, 0, 306648, 2140
317172, 0, 0, 0, 0, 0, 0, 306648, 2140
317172, 0, 0, 0, 0, 0, 0, 306648, 2140
317172, 0, 0, 0, 0, 0, 0, 306648, 2140
317172, 0, 0, 0, 0, 0, 0, 306648, 2140
317172, 0, 0, 0, 0, 0, 0, 306648, 2140
317172, 0, 0, 0, 0, 0, 0, 306648, 2140
317172, 0, 0, 0, 0, 0, 0, 306648, 2140
317172, 0, 0, 0, 0, 0, 0, 306648, 2140
317172, 0, 0, 0, 0, 0, 0, 306648, 2140
317172, 0, 0, 0, 0, 0, 0, 306648, 2140
317172, 0, 0, 0, 0, 0, 0, 306648, 2140
317172, 0, 0, 0, 0, 0, 0, 306648, 2140
317172, 0, 0, 0, 0, 0, 0, 306648, 2140
317172, 0, 0, 0, 0, 0, 0, 306648, 2140
317172, 0, 0, 0, 0, 0, 0, 306648, 2140
317172, 0, 0, 0, 0, 0, 0, 306648, 2140
317172, 0, 0, 0, 0, 0, 0, 306648, 2140
317172, 0, 0, 0, 0, 0, 0, 306648, 2140
317172, 0, 0, 0, 0, 0, 0, 306648, 2140
317172, 0, 0, 0, 0, 0, 0, 306648, 2140
317172, 0, 0, 0, 0, 0, 0, 306648, 2140
317172, 0, 0, 0, 0, 0, 0, 306648, 2140
317172, 0, 0, 0, 0, 0, 0, 306648, 2140
317172, 0, 0, 0, 0, 0, 0, 306648, 2140
317172, 0, 0, 0, 0, 0, 0, 306648, 2140
317172, 0, 0, 0, 0, 0, 0, 306648, 2140
317172, 0, 0, 0, 0, 0, 0, 306648, 2140
317172, 0, 0, 0, 0, 0, 0, 306648, 2140
317172, 0, 0, 0, 0, 0, 0, 306648, 2140
317172, 0, 0, 0, 0, 0, 0, 306648, 2140
317172, 0, 0, 0, 0, 0, 0, 306648, 2140
317172, 0, 0, 0, 0, 0, 0, 306648, 2140
317172, 0, 0, 0, 0, 0, 0, 306648, 2140
317172, 0, 0, 0, 0, 0, 0, 306648, 2140
317172, 0, 0, 0, 0, 0, 0, 306648, 2140
317172, 0, 0, 0, 0, 0, 0, 306648, 2140
317172, 0, 0, 0, 0, 0, 0, 306648, 2140
317172, 0, 0, 0, 0, 0, 0, 306648, 2140
317172, 0, 0, 0, 0, 0, 0, 306648, 2140
317172, 0, 0, 0, 0, 0, 0, 306648, 2140
317172, 0, 0, 0, 0, 0, 0, 306648, 2140
317172, 0, 0, 0, 0, 0, 0, 306648, 2140
317172, 0, 0, 0, 0, 0, 0, 306648, 2140
317172, 0, 0, 0, 0, 0, 0, 306648, 2140
317172, 0, 0, 0, 0, 0, 0, 306648, 2140
317172, 0, 0, 0, 0, 0, 0, 306648, 2140
317172, 0, 0, 0, 0, 0, 0, 306648, 2140
317172, 0, 0, 0, 0, 0, 0, 306648, 2140
317172, 0, 0, 0, 0, 0, 0, 306648, 2140
317172, 0, 0, 0, 0, 0, 0, 306648, 2140
317172, 0, 0, 0, 0, 0, 0, 306648, 2140
317172, 0, 0, 0, 0, 0, 0, 306648, 2140
317172, 0, 0, 0, 0, 0, 0, 306648, 2140
317172, 0, 0, 0, 0, 0, 0, 306648, 2140
317172, 0, 0, 0, 0, 0, 0, 306648, 2140
317172, 0, 0, 0, 0, 0, 0, 306648, 2140
317172, 0, 0, 0, 0, 0, 0, 306648, 2140
317172, 0, 0, 0, 0, 0, 0, 306648, 2140
317172, 0, 0, 0, 0, 0, 0, 306648, 2140
317172, 0, 0, 0, 0, 0, 0, 306648, 2140
317172, 0, 0, 0, 0, 0, 0, 306648, 2140
317172, 0, 0, 0, 0, 0, 0, 306648, 2140
317172, 0, 0, 0, 0, 0, 0, 306648, 2140
317172, 0, 0, 0, 0, 0, 0, 306648, 2140
317172, 0, 0, 0, 0, 0, 0, 306648, 2140
317172, 0, 0, 0, 0, 0, 0, 306648, 2140
317172, 0, 0, 0, 0, 0, 0, 306648, 2140
317172, 0, 0, 0, 0, 0, 0, 306648, 2140
317172, 0, 0, 0, 0, 0, 0, 306648, 2140
317172, 0, 0, 0, 0, 0, 0, 306648, 2140
317172, 0, 0, 0, 0, 0, 0, 306648, 2140
317172, 0, 0, 0, 0, 0, 0, 306648, 2140
317172, 0, 0, 0, 0, 0, 0, 306648, 2140
317172, 0, 0, 0, 0, 0, 0, 306648, 2140
317172, 0, 0, 0, 0, 0, 0, 306648, 2140
317172, 0, 0, 0, 0, 0, 0, 306648, 2140
317172, 0, 0, 0, 0, 0, 0, 306648, 2140
317172, 0, 0, 0, 0, 0, 0, 306648, 2140
317172, 0, 0, 0, 0, 0, 0, 306648, 2140
317172, 0, 0, 0, 0, 0, 0, 306648, 2140
317172, 0, 0, 0, 0, 0, 0, 306648, 2140
317172, 0, 0, 0, 0, 0, 0, 306648, 2140
317172, 0, 0, 0, 0, 0, 0, 306648, 2140
317172, 0, 0, 0, 0, 0, 0, 306648, 2140
317172, 0, 0, 0, 0, 0, 0, 306648, 2140
317172, 0, 0, 0, 0, 0, 0, 306648, 2140
317172, 0, 0, 0, 0, 0, 0, 306648, 2140
317172, 0, 0, 0, 0, 0, 0, 306648, 2140
317172, 0, 0, 0, 0, 0, 0, 306648, 2140
317172, 0, 0, 0, 0, 0, 0, 306648, 2140
317172, 0, 0, 0, 0, 0, 0, 306648, 2140
317172, 0, 0, 0, 0, 0, 0, 306648, 2140
317172, 0, 0, 0, 0, 0, 0, 306648, 2140
317172, 0, 0, 0, 0, 0, 0, 306648, 2140
317172, 0, 0, 0, 0, 0, 0, 306648, 2140
317172, 0, 0, 0, 0, 0, 0, 306648, 2140
317172, 0, 0, 0, 0, 0, 0, 306648, 2140
317172, 0, 0, 0, 0, 0, 0, 306648, 2140
317172, 0, 0, 0, 0, 0, 0, 306648, 2140
317172, 0, 0, 0, 0, 0, 0, 306648, 2140
317172, 0, 0, 0, 0, 0, 0, 306648, 2140
317172, 0, 0, 0, 0, 0, 0, 306648, 2140
317172, 0, 0, 0, 0, 0, 0, 306648, 2140
317172, 0, 0, 0, 0, 0, 0, 306648, 2140
317172, 0, 0, 0, 0, 0, 0, 306648, 2140
317172, 0, 0, 0, 0, 0, 0, 306648, 2140
317172, 0, 0, 0, 0, 0, 0, 306648, 2140
317172, 0, 0, 0, 0, 0, 0, 306648, 2140
317172, 0, 0, 0, 0, 0, 0, 306648, 2140
317172, 0, 0, 0, 0, 0, 0, 306648, 2140
317172, 0, 0, 0, 0, 0, 0, 306648, 2140
317172, 0, 0, 0, 0, 0, 0, 306648, 2140
317172, 0, 0, 0, 0, 0, 0, 306648, 2140
317172, 0, 0, 0, 0, 0, 0, 306648, 2140
317172, 0, 0, 0, 0, 0, 0, 306648, 2140
317172, 0, 0, 0, 0, 0, 0, 306648, 2140
317172, 0, 0, 0, 0, 0, 0, 306648, 2140
317172, 0, 0, 0, 0, 0, 0, 306648, 2140
317172, 0, 0, 0, 0, 0, 0, 306648, 2140
317172, 0, 0, 0, 0, 0, 0, 306648, 2140
317172, 0, 0, 0, 0, 0, 0, 306648, 2140
317172, 0, 0, 0, 0, 0, 0, 306648, 2140
317172, 0, 0, 0, 0, 0, 0, 306648, 2140
317172, 0, 0, 0, 0, 0, 0, 306648, 2140
317172, 0, 0, 0, 0, 0, 0, 306648, 2140
317172, 0, 0, 0, 0, 0, 0, 306648, 2140
317172, 0, 0, 0, 0, 0, 0, 306648, 2140
317172, 0, 0, 0, 0, 0, 0, 306648, 2140
317172, 0, 0, 0, 0, 0, 0, 306648, 2140
317172, 0, 0, 0, 0, 0, 0, 306648, 2140
317172, 0, 0, 0, 0, 0, 0, 306648, 2140
317172, 0, 0, 0, 0, 0, 0, 306648, 2140
317172, 0, 0, 0, 0, 0, 0, 306648, 2140
317172, 0, 0, 0, 0, 0, 0, 306648, 2140
317172, 0, 0, 0, 0, 0, 0, 306648, 2140
317172, 0, 0, 0, 0, 0, 0, 306648, 2140
317172, 0, 0, 0, 0, 0, 0, 306648, 2140
317172, 0, 0, 0, 0, 0, 0, 306648, 2140
317172, 0, 0, 0, 0, 0, 0, 306648, 2140
317172, 0, 0, 0, 0, 0, 0, 306648, 2140
317172, 0, 0, 0, 0, 0, 0, 306648, 2140
317172, 0, 0, 0, 0, 0, 0, 306648, 2140
317172, 0, 0, 0, 0, 0, 0, 306648, 2140
317172, 0, 0, 0, 0, 0, 0, 306648, 2140
317172, 0, 0, 0, 0, 0, 0, 306648, 2140
317172, 0, 0, 0, 0, 0, 0, 306648, 2140
317172, 0, 0, 0, 0, 0, 0, 306648, 2140
317172, 0, 0, 0, 0, 0, 0, 306648, 2140
317172, 0, 0, 0, 0, 0, 0, 306648, 2140
317172, 0, 0, 0, 0, 0, 0, 306648, 2140
317172, 0, 0, 0, 0, 0, 0, 306648, 2140
317172, 0, 0, 0, 0, 0, 0, 306648, 2140
317172, 0, 0, 0, 0, 0, 0, 306648, 2140
317172, 0, 0, 0, 0, 0, 0, 306648, 2140
317172, 0, 0, 0, 0, 0, 0, 306648, 2140
317172, 0, 0, 0, 0, 0, 0, 306648, 2140
317172, 0, 0, 0, 0, 0, 0, 306648, 2140
317172, 0, 0, 0, 0, 0, 0, 306648, 2140
317172, 0, 0, 0, 0, 0, 0, 306648, 2140
317172, 0, 0, 0, 0, 0, 0, 306648, 2140
317172, 0, 0, 0, 0, 0, 0, 306648, 2140
317172, 0, 0, 0, 0, 0, 0, 306648, 2140
317172, 0, 0, 0, 0, 0, 0, 306648, 2140
317172, 0, 0, 0, 0, 0, 0, 306648, 2140
317172, 0, 0, 0, 0, 0, 0, 306648, 2140
317172, 0, 0, 0, 0, 0, 0, 306648, 2140
317172, 0, 0, 0, 0, 0, 0, 306648, 2140
317172, 0, 0, 0, 0, 0, 0, 306648, 2140
317172, 0, 0, 0, 0, 0, 0, 306648, 2140
317172, 0, 0, 0, 0, 0, 0, 306648, 2140
317172, 0, 0, 0, 0, 0, 0, 306648, 2140
317172, 0, 0, 0, 0, 0, 0, 306648, 2140
317172, 0, 0, 0, 0, 0, 0, 306648, 2140
317172, 0, 0, 0, 0, 0, 0, 306648, 2140
317172, 0, 0, 0, 0, 0, 0, 306648, 2140
317172, 0, 0, 0, 0, 0, 0, 306648, 2140
317172, 0, 0, 0, 0, 0, 0, 306648, 2140
317172, 0, 0, 0, 0, 0, 0, 306648, 2140
317172, 0, 0, 0, 0, 0, 0, 306648, 2140
317172, 0, 0, 0, 0, 0, 0, 306648, 2140
317172, 0, 0, 0, 0, 0, 0, 306648, 2140
317172, 0, 0, 0, 0, 0, 0, 306648, 2140
317172, 0, 0, 0, 0, 0, 0, 306648, 2140
317172, 0, 0, 0, 0, 0, 0, 306648, 2140
317172, 0, 0, 0, 0, 0, 0, 306648, 2140
317172, 0, 0, 0, 0, 0, 0, 306648, 2140
317172, 0, 0, 0, 0, 0, 0, 306648, 2140
317172, 0, 0, 0, 0, 0, 0, 306648, 2140
317172, 0, 0, 0, 0, 0, 0, 306648, 2140
317172, 0, 0, 0, 0, 0, 0, 306648, 2140
317172, 0, 0, 0, 0, 0, 0, 306648, 2140
317172, 0, 0, 0, 0, 0, 0, 306648, 2140
317172, 0, 0, 0, 0, 0, 0, 306648, 2140
317172, 0, 0, 0, 0, 0, 0, 306648, 2140
317172, 0, 0, 0, 0, 0, 0, 306648, 2140
317172, 0, 0, 0, 0, 0, 0, 306648, 2140
317172, 0, 0, 0, 0, 0, 0, 306648, 2140
317172, 0, 0, 0, 0, 0, 0, 306648, 2140
317172, 0, 0, 0, 0, 0, 0, 306648, 2140
317172, 0, 0, 0, 0, 0, 0, 306648, 2140
317172, 0, 0, 0, 0, 0, 0, 306648, 2140
317172, 0, 0, 0, 0, 0, 0, 306648, 2140
317172, 0, 0, 0, 0, 0, 0, 306648, 2140
317172, 0, 0, 0, 0, 0, 0, 306648, 2140
317172, 0, 0, 0, 0, 0, 0, 306648, 2140
317172, 0, 0, 0, 0, 0, 0, 306648, 2140
317172, 0, 0, 0, 0, 0, 0, 306648, 2140
317172, 0, 0, 0, 0, 0, 0, 306648, 2140
317172, 0, 0, 0, 0, 0, 0, 306648, 2140
317172, 0, 0, 0, 0, 0, 0, 306648, 2140
317172, 0, 0, 0, 0, 0, 0, 306648, 2140
317172, 0, 0, 0, 0, 0, 0, 306648, 2140
317172, 0, 0, 0, 0, 0, 0, 306648, 2140
317172, 0, 0, 0, 0, 0, 0, 306648, 2140
317172, 0, 0, 0, 0, 0, 0, 306648, 2140
317172, 0, 0, 0, 0, 0, 0, 306648, 2140
317172, 0, 0, 0, 0, 0, 0, 306648, 2140
317172, 0, 0, 0, 0, 0, 0, 306648, 2140
317172, 0, 0, 0, 0, 0, 0, 306648, 2140
317172, 0, 0, 0, 0, 0, 0, 306648, 2140
317172, 0, 0, 0, 0, 0, 0, 306648, 2140
317172, 0, 0, 0, 0, 0, 0, 306648, 2140
317172, 0, 0, 0, 0, 0, 0, 306648, 2140
317172, 0, 0, 0, 0, 0, 0, 306648, 2140
317172, 0, 0, 0, 0, 0, 0, 306648, 2140
317172, 0, 0, 0, 0, 0, 0, 306648, 2140
317172, 0, 0, 0, 0, 0, 0, 306648, 2140
317172, 0, 0, 0, 0, 0, 0, 306648, 2140
317172, 0, 0, 0, 0, 0, 0, 306648, 2140
317172, 0, 0, 0, 0, 0, 0, 306648, 2140
317172, 0, 0, 0, 0, 0, 0, 306648, 2140
317172, 0, 0, 0, 0, 0, 0, 306648, 2140
317172, 0, 0, 0, 0, 0, 0, 306648, 2140
317172, 0, 0, 0, 0, 0, 0, 306648, 2140
317172, 0, 0, 0, 0, 0, 0, 306648, 2140
317172, 0, 0, 0, 0, 0, 0, 306648, 2140
317172, 0, 0, 0, 0, 0, 0, 306648, 2140
317172, 0, 0, 0, 0, 0, 0, 306648, 2140
317172, 0, 0, 0, 0, 0, 0, 306648, 2140
317172, 0, 0, 0, 0, 0, 0, 306648, 2140
317172, 0, 0, 0, 0, 0, 0, 306648, 2140
317172, 0, 0, 0, 0, 0, 0, 306648, 2140
317172, 0, 0, 0, 0, 0, 0, 306648, 2140
317172, 0, 0, 0, 0, 0, 0, 306648, 2140
317172, 0, 0, 0, 0, 0, 0, 306648, 2140
317172, 0, 0, 0, 0, 0, 0, 306648, 2140
317172, 0, 0, 0, 0, 0, 0, 306648, 2140
317172, 0, 0, 0, 0, 0, 0, 306648, 2140
317172, 0, 0, 0, 0, 0, 0, 306648, 2140
317172, 0, 0, 0, 0, 0, 0, 306648, 2140
317172, 0, 0, 0, 0, 0, 0, 306648, 2140
317172, 0, 0, 0, 0, 0, 0, 306648, 2140
317172, 0, 0, 0, 0, 0, 0, 306648, 2140
317172, 0, 0, 0, 0, 0, 0, 306648, 2140
317172, 0, 0, 0, 0, 0, 0, 306648, 2140
317172, 0, 0, 0, 0, 0, 0, 306648, 2140
317172, 0, 0, 0, 0, 0, 0, 306648, 2140
317172, 0, 0, 0, 0, 0, 0, 306648, 2140
317172, 0, 0, 0, 0, 0, 0, 306648, 2140
317172, 0, 0, 0, 0, 0, 0, 306648, 2140
317172, 0, 0, 0, 0, 0, 0, 306648, 2140
317172, 0, 0, 0, 0, 0, 0, 306648, 2140
317172, 0, 0, 0, 0, 0, 0, 306648, 2140
317172, 0, 0, 0, 0, 0, 0, 306648, 2140
317172, 0, 0, 0, 0, 0, 0, 306648, 2140
317172, 0, 0, 0, 0, 0, 0, 306648, 2140
317172, 0, 0, 0, 0, 0, 0, 306648, 2140
317172, 0, 0, 0, 0, 0, 0, 306648, 2140
317172, 0, 0, 0, 0, 0, 0, 306648, 2140
317172, 0, 0, 0, 0, 0, 0, 306648, 2140
317172, 0, 0, 0, 0, 0, 0, 306648, 2140
317172, 0, 0, 0, 0, 0, 0, 306648, 2140
317172, 0, 0, 0, 0, 0, 0, 306648, 2140
317172, 0, 0, 0, 0, 0, 0, 306648, 2140
317172, 0, 0, 0, 0, 0, 0, 306648, 2140
317172, 0, 0, 0, 0, 0, 0, 306648, 2140
317172, 0, 0, 0, 0, 0, 0, 306648, 2140
317172, 0, 0, 0, 0, 0, 0, 306648, 2140
317172, 0, 0, 0, 0, 0, 0, 306648, 2140
317172, 0, 0, 0, 0, 0, 0, 306648, 2140
317172, 0, 0, 0, 0, 0, 0, 306648, 2140
317172, 0, 0, 0, 0, 0, 0, 306648, 2140
317172, 0, 0, 0, 0, 0, 0, 306648, 2140
317172, 0, 0, 0, 0, 0, 0, 306648, 2140
317172, 0, 0, 0, 0, 0, 0, 306648, 2140
317172, 0, 0, 0, 0, 0, 0, 306648, 2140
317172, 0, 0, 0, 0, 0, 0, 306648, 2140
317172, 0, 0, 0, 0, 0, 0, 306648, 2140
317172, 0, 0, 0, 0, 0, 0, 306648, 2140
317172, 0, 0, 0, 0, 0, 0, 306648, 2140
317172, 0, 0, 0, 0, 0, 0, 306648, 2140
317172, 0, 0, 0, 0, 0, 0, 306648, 2140
317172, 0, 0, 0, 0, 0, 0, 306648, 2140
317172, 0, 0, 0, 0, 0, 0, 306648, 2140
317172, 0, 0, 0, 0, 0, 0, 306648, 2140
317172, 0, 0, 0, 0, 0, 0, 306648, 2140
317172, 0, 0, 0, 0, 0, 0, 306648, 2140
317172, 0, 0, 0, 0, 0, 0, 306648, 2140
317172, 0, 0, 0, 0, 0, 0, 306648, 2140
317172, 0, 0, 0, 0, 0, 0, 306648, 2140
317172, 0, 0, 0, 0, 0, 0, 306648, 2140
317172, 0, 0, 0, 0, 0, 0, 306648, 2140
317172, 0, 0, 0, 0, 0, 0, 306648, 2140
317172, 0, 0, 0, 0, 0, 0, 306648, 2140
317172, 0, 0, 0, 0, 0, 0, 306648, 2140
317172, 0, 0, 0, 0, 0, 0, 306648, 2140
317172, 0, 0, 0, 0, 0, 0, 306648, 2140
317172, 0, 0, 0, 0, 0, 0, 306648, 2140
317172, 0, 0, 0, 0, 0, 0, 306648, 2140
317172, 0, 0, 0, 0, 0, 0, 306648, 2140
317172, 0, 0, 0, 0, 0, 0, 306648, 2140
317172, 0, 0, 0, 0, 0, 0, 306648, 2140
317172, 0, 0, 0, 0, 0, 0, 306648, 2140
317172, 0, 0, 0, 0, 0, 0, 306648, 2140
317172, 0, 0, 0, 0, 0, 0, 306648, 2140
317172, 0, 0, 0, 0, 0, 0, 306648, 2140
317172, 0, 0, 0, 0, 0, 0, 306648, 2140
317172, 0, 0, 0, 0, 0, 0, 306648, 2140
317172, 0, 0, 0, 0, 0, 0, 306648, 2140
317172, 0, 0, 0, 0, 0, 0, 306648, 2140
317172, 0, 0, 0, 0, 0, 0, 306648, 2140
317172, 0, 0, 0, 0, 0, 0, 306648, 2140
317172, 0, 0, 0, 0, 0, 0, 306648, 2140
317172, 0, 0, 0, 0, 0, 0, 306648, 2140
317172, 0, 0, 0, 0, 0, 0, 306648, 2140
317172, 0, 0, 0, 0, 0, 0, 306648, 2140
317172, 0, 0, 0, 0, 0, 0, 306648, 2140
317172, 0, 0, 0, 0, 0, 0, 306648, 2140
317172, 0, 0, 0, 0, 0, 0, 306648, 2140
317172, 0, 0, 0, 0, 0, 0, 306648, 2140
317172, 0, 0, 0, 0, 0, 0, 306648, 2140
317172, 0, 0, 0, 0, 0, 0, 306648, 2140
317172, 0, 0, 0, 0, 0, 0, 306648, 2140
317172, 0, 0, 0, 0, 0, 0, 306648, 2140
317172, 0, 0, 0, 0, 0, 0, 306648, 2140
317172, 0, 0, 0, 0, 0, 0, 306648, 2140
317172, 0, 0, 0, 0, 0, 0, 306648, 2140
317172, 0, 0, 0, 0, 0, 0, 306648, 2140
317172, 0, 0, 0, 0, 0, 0, 306648, 2140
317172, 0, 0, 0, 0, 0, 0, 306648, 2140
317172, 0, 0, 0, 0, 0, 0, 306648, 2140
317172, 0, 0, 0, 0, 0, 0, 306648, 2140
317172, 0, 0, 0, 0, 0, 0, 306648, 2140
317172, 0, 0, 0, 0, 0, 0, 306648, 2140
317172, 0, 0, 0, 0, 0, 0, 306648, 2140
317172, 0, 0, 0, 0, 0, 0, 306648, 2140
317172, 0, 0, 0, 0, 0, 0, 306648, 2140
317172, 0, 0, 0, 0, 0, 0, 306648, 2140
317172, 0, 0, 0, 0, 0, 0, 306648, 2140
317172, 0, 0, 0, 0, 0, 0, 306648, 2140
317172, 0, 0, 0, 0, 0, 0, 306648, 2140
317172, 0, 0, 0, 0, 0, 0, 306648, 2140
317172, 0, 0, 0, 0, 0, 0, 306648, 2140
317172, 0, 0, 0, 0, 0, 0, 306648, 2140
317172, 0, 0, 0, 0, 0, 0, 306648, 2140
317172, 0, 0, 0, 0, 0, 0, 306648, 2140
317172, 0, 0, 0, 0, 0, 0, 306648, 2140
317172, 0, 0, 0, 0, 0, 0, 306648, 2140
317172, 0, 0, 0, 0, 0, 0, 306648, 2140
317172, 0, 0, 0, 0, 0, 0, 306648, 2140
317172, 0, 0, 0, 0, 0, 0, 306648, 2140
317172, 0, 0, 0, 0, 0, 0, 306648, 2140
317172, 0, 0, 0, 0, 0, 0, 306648, 2140
317172, 0, 0, 0, 0, 0, 0, 306648, 2140
317172, 0, 0, 0, 0, 0, 0, 306648, 2140
317172, 0, 0, 0, 0, 0, 0, 306648, 2140
317172, 0, 0, 0, 0, 0, 0, 306648, 2140
317172, 0, 0, 0, 0, 0, 0, 306648, 2140
317172, 0, 0, 0, 0, 0, 0, 306648, 2140
317172, 0, 0, 0, 0, 0, 0, 306648, 2140
317172, 0, 0, 0, 0, 0, 0, 306648, 2140
317172, 0, 0, 0, 0, 0, 0, 306648, 2140
317172, 0, 0, 0, 0, 0, 0, 306648, 2140
317172, 0, 0, 0, 0, 0, 0, 306648, 2140
317172, 0, 0, 0, 0, 0, 0, 306648, 2140
317172, 0, 0, 0, 0, 0, 0, 306648, 2140
317172, 0, 0, 0, 0, 0, 0, 306648, 2140
317172, 0, 0, 0, 0, 0, 0, 306648, 2140
317172, 0, 0, 0, 0, 0, 0, 306648, 2140
317172, 0, 0, 0, 0, 0, 0, 306648, 2140
317172, 0, 0, 0, 0, 0, 0, 306648, 2140
317172, 0, 0, 0, 0, 0, 0, 306648, 2140
317172, 0, 0, 0, 0, 0, 0, 306648, 2140
317172, 0, 0, 0, 0, 0, 0, 306648, 2140
317172, 0, 0, 0, 0, 0, 0, 306648, 2140
317172, 0, 0, 0, 0, 0, 0, 306648, 2140
317172, 0, 0, 0, 0, 0, 0, 306648, 2140
317172, 0, 0, 0, 0, 0, 0, 306648, 2140
317172, 0, 0, 0, 0, 0, 0, 306648, 2140
317172, 0, 0, 0, 0, 0, 0, 306648, 2140
317172, 0, 0, 0, 0, 0, 0, 306648, 2140
317172, 0, 0, 0, 0, 0, 0, 306648, 2140
317172, 0, 0, 0, 0, 0, 0, 306648, 2140
317172, 0, 0, 0, 0, 0, 0, 306648, 2140
317172, 0, 0, 0, 0, 0, 0, 306648, 2140
317172, 0, 0, 0, 0, 0, 0, 306648, 2140
317172, 0, 0, 0, 0, 0, 0, 306648, 2140
317172, 0, 0, 0, 0, 0, 0, 306648, 2140
317172, 0, 0, 0, 0, 0, 0, 306648, 2140
317172, 0, 0, 0, 0, 0, 0, 306648, 2140
317172, 0, 0, 0, 0, 0, 0, 306648, 2140
317172, 0, 0, 0, 0, 0, 0, 306648, 2140
317172, 0, 0, 0, 0, 0, 0, 306648, 2140
317172, 0, 0, 0, 0, 0, 0, 306648, 2140
317172, 0, 0, 0, 0, 0, 0, 306648, 2140
317172, 0, 0, 0, 0, 0, 0, 306648, 2140
317172, 0, 0, 0, 0, 0, 0, 306648, 2140
317172, 0, 0, 0, 0, 0, 0, 306648, 2140
317172, 0, 0, 0, 0, 0, 0, 306648, 2140
317172, 0, 0, 0, 0, 0, 0, 306648, 2140
317172, 0, 0, 0, 0, 0, 0, 306648, 2140
317172, 0, 0, 0, 0, 0, 0, 306648, 2140
317172, 0, 0, 0, 0, 0, 0, 306648, 2140
317172, 0, 0, 0, 0, 0, 0, 306648, 2140
317172, 0, 0, 0, 0, 0, 0, 306648, 2140
317172, 0, 0, 0, 0, 0, 0, 306648, 2140
317172, 0, 0, 0, 0, 0, 0, 306648, 2140
317172, 0, 0, 0, 0, 0, 0, 306648, 2140
317172, 0, 0, 0, 0, 0, 0, 306648, 2140
317172, 0, 0, 0, 0, 0, 0, 306648, 2140
317172, 0, 0, 0, 0, 0, 0, 306648, 2140
317172, 0, 0, 0, 0, 0, 0, 306648, 2140
317172, 0, 0, 0, 0, 0, 0, 306648, 2140
317172, 0, 0, 0, 0, 0, 0, 306648, 2140
317172, 0, 0, 0, 0, 0, 0, 306648, 2140
317172, 0, 0, 0, 0, 0, 0, 306648, 2140
317172, 0, 0, 0, 0, 0, 0, 306648, 2140
317172, 0, 0, 0, 0, 0, 0, 306648, 2140
317172, 0, 0, 0, 0, 0, 0, 306648, 2140
317172, 0, 0, 0, 0, 0, 0, 306648, 2140
317172, 0, 0, 0, 0, 0, 0, 306648, 2140
317172, 0, 0, 0, 0, 0, 0, 306648, 2140
317172, 0, 0, 0, 0, 0, 0, 306648, 2140
317172, 0, 0, 0, 0, 0, 0, 306648, 2140
317172, 0, 0, 0, 0, 0, 0, 306648, 2140
317172, 0, 0, 0, 0, 0, 0, 306648, 2140
317172, 0, 0, 0, 0, 0, 0, 306648, 2140
317172, 0, 0, 0, 0, 0, 0, 306648, 2140
317172, 0, 0, 0, 0, 0, 0, 306648, 2140
317172, 0, 0, 0, 0, 0, 0, 306648, 2140
317172, 0, 0, 0, 0, 0, 0, 306648, 2140
317172, 0, 0, 0, 0, 0, 0, 306648, 2140
317172, 0, 0, 0, 0, 0, 0, 306648, 2140
317172, 0, 0, 0, 0, 0, 0, 306648, 2140
317172, 0, 0, 0, 0, 0, 0, 306648, 2140
317172, 0, 0, 0, 0, 0, 0, 306648, 2140
317172, 0, 0, 0, 0, 0, 0, 306648, 2140
317172, 0, 0, 0, 0, 0, 0, 306648, 2140
317172, 0, 0, 0, 0, 0, 0, 306648, 2140
317172, 0, 0, 0, 0, 0, 0, 306648, 2140
317172, 0, 0, 0, 0, 0, 0, 306648, 2140
317172, 0, 0, 0, 0, 0, 0, 306648, 2140
317172, 0, 0, 0, 0, 0, 0, 306648, 2140
317172, 0, 0, 0, 0, 0, 0, 306648, 2140
317172, 0, 0, 0, 0, 0, 0, 306648, 2140
317172, 0, 0, 0, 0, 0, 0, 306648, 2140
317172, 0, 0, 0, 0, 0, 0, 306648, 2140
317172, 0, 0, 0, 0, 0, 0, 306648, 2140
317172, 0, 0, 0, 0, 0, 0, 306648, 2140
317172, 0, 0, 0, 0, 0, 0, 306648, 2140
317172, 0, 0, 0, 0, 0, 0, 306648, 2140
317172, 0, 0, 0, 0, 0, 0, 306648, 2140
317172, 0, 0, 0, 0, 0, 0, 306648, 2140
317172, 0, 0, 0, 0, 0, 0, 306648, 2140
317172, 0, 0, 0, 0, 0, 0, 306648, 2140
317172, 0, 0, 0, 0, 0, 0, 306648, 2140
317172, 0, 0, 0, 0, 0, 0, 306648, 2140
317172, 0, 0, 0, 0, 0, 0, 306648, 2140
317172, 0, 0, 0, 0, 0, 0, 306648, 2140
317172, 0, 0, 0, 0, 0, 0, 306648, 2140
317172, 0, 0, 0, 0, 0, 0, 306648, 2140
317172, 0, 0, 0, 0, 0, 0, 306648, 2140
317172, 0, 0, 0, 0, 0, 0, 306648, 2140
317172, 0, 0, 0, 0, 0, 0, 306648, 2140
317172, 0, 0, 0, 0, 0, 0, 306648, 2140
317172, 0, 0, 0, 0, 0, 0, 306648, 2140
317172, 0, 0, 0, 0, 0, 0, 306648, 2140
317172, 0, 0, 0, 0, 0, 0, 306648, 2140
317172, 0, 0, 0, 0, 0, 0, 306648, 2140
317172, 0, 0, 0, 0, 0, 0, 306648, 2140
317172, 0, 0, 0, 0, 0, 0, 306648, 2140
317172, 0, 0, 0, 0, 0, 0, 306648, 2140
317172, 0, 0, 0, 0, 0, 0, 306648, 2140
317172, 0, 0, 0, 0, 0, 0, 306648, 2140
317172, 0, 0, 0, 0, 0, 0, 306648, 2140
317172, 0, 0, 0, 0, 0, 0, 306648, 2140
317172, 0, 0, 0, 0, 0, 0, 306648, 2140
317172, 0, 0, 0, 0, 0, 0, 306648, 2140
317172, 0, 0, 0, 0, 0, 0, 306648, 2140
317172, 0, 0, 0, 0, 0, 0, 306648, 2140
317172, 0, 0, 0, 0, 0, 0, 306648, 2140
317172, 0, 0, 0, 0, 0, 0, 306648, 2140
317172, 0, 0, 0, 0, 0, 0, 306648, 2140
317172, 0, 0, 0, 0, 0, 0, 306648, 2140
317172, 0, 0, 0, 0, 0, 0, 306648, 2140
317172, 0, 0, 0, 0, 0, 0, 306648, 2140
317172, 0, 0, 0, 0, 0, 0, 306648, 2140
317172, 0, 0, 0, 0, 0, 0, 306648, 2140
317172, 0, 0, 0, 0, 0, 0, 306648, 2140
317172, 0, 0, 0, 0, 0, 0, 306648, 2140
317172, 0, 0, 0, 0, 0, 0, 306648, 2140
317172, 0, 0, 0, 0, 0, 0, 306648, 2140
317172, 0, 0, 0, 0, 0, 0, 306648, 2140
317172, 0, 0, 0, 0, 0, 0, 306648, 2140
317172, 0, 0, 0, 0, 0, 0, 306648, 2140
317172, 0, 0, 0, 0, 0, 0, 306648, 2140
317172, 0, 0, 0, 0, 0, 0, 306648, 2140
317172, 0, 0, 0, 0, 0, 0, 306648, 2140
317172, 0, 0, 0, 0, 0, 0, 306648, 2140
317172, 0, 0, 0, 0, 0, 0, 306648, 2140
317172, 0, 0, 0, 0, 0, 0, 306648, 2140
317172, 0, 0, 0, 0, 0, 0, 306648, 2140
317172, 0, 0, 0, 0, 0, 0, 306648, 2140
317172, 0, 0, 0, 0, 0, 0, 306648, 2140
317172, 0, 0, 0, 0, 0, 0, 306648, 2140
317172, 0, 0, 0, 0, 0, 0, 306648, 2140
317172, 0, 0, 0, 0, 0, 0, 306648, 2140
317172, 0, 0, 0, 0, 0, 0, 306648, 2140
317172, 0, 0, 0, 0, 0, 0, 306648, 2140
317172, 0, 0, 0, 0, 0, 0, 306648, 2140
317172, 0, 0, 0, 0, 0, 0, 306648, 2140
317172, 0, 0, 0, 0, 0, 0, 306648, 2140
317172, 0, 0, 0, 0, 0, 0, 306648, 2140
317172, 0, 0, 0, 0, 0, 0, 306648, 2140
317172, 0, 0, 0, 0, 0, 0, 306648, 2140
317172, 0, 0, 0, 0, 0, 0, 306648, 2140
317172, 0, 0, 0, 0, 0, 0, 306648, 2140
317172, 0, 0, 0, 0, 0, 0, 306648, 2140
317172, 0, 0, 0, 0, 0, 0, 306648, 2140
317172, 0, 0, 0, 0, 0, 0, 306648, 2140
317172, 0, 0, 0, 0, 0, 0, 306648, 2140
317172, 0, 0, 0, 0, 0, 0, 306648, 2140
317172, 0, 0, 0, 0, 0, 0, 306648, 2140
317172, 0, 0, 0, 0, 0, 0, 306648, 2140
317172, 0, 0, 0, 0, 0, 0, 306648, 2140
317172, 0, 0, 0, 0, 0, 0, 306648, 2140
317172, 0, 0, 0, 0, 0, 0, 306648, 2140
317172, 0, 0, 0, 0, 0, 0, 306648, 2140
317172, 0, 0, 0, 0, 0, 0, 306648, 2140
317172, 0, 0, 0, 0, 0, 0, 306648, 2140
317172, 0, 0, 0, 0, 0, 0, 306648, 2140
317172, 0, 0, 0, 0, 0, 0, 306648, 2140
317172, 0, 0, 0, 0, 0, 0, 306648, 2140
317172, 0, 0, 0, 0, 0, 0, 306648, 2140
317172, 0, 0, 0, 0, 0, 0, 306648, 2140
317172, 0, 0, 0, 0, 0, 0, 306648, 2140
317172, 0, 0, 0, 0, 0, 0, 306648, 2140
317172, 0, 0, 0, 0, 0, 0, 306648, 2140
317172, 0, 0, 0, 0, 0, 0, 306648, 2140
317172, 0, 0, 0, 0, 0, 0, 306648, 2140
317172, 0, 0, 0, 0, 0, 0, 306648, 2140
317172, 0, 0, 0, 0, 0, 0, 306648, 2140
317172, 0, 0, 0, 0, 0, 0, 306648, 2140
317172, 0, 0, 0, 0, 0, 0, 306648, 2140
317172, 0, 0, 0, 0, 0, 0, 306648, 2140
317172, 0, 0, 0, 0, 0, 0, 306648, 2140
317172, 0, 0, 0, 0, 0, 0, 306648, 2140
317172, 0, 0, 0, 0, 0, 0, 306648, 2140
317172, 0, 0, 0, 0, 0, 0, 306648, 2140
317172, 0, 0, 0, 0, 0, 0, 306648, 2140
317172, 0, 0, 0, 0, 0, 0, 306648, 2140
317172, 0, 0, 0, 0, 0, 0, 306648, 2140
317172, 0, 0, 0, 0, 0, 0, 306648, 2140
317172, 0, 0, 0, 0, 0, 0, 306648, 2140
317172, 0, 0, 0, 0, 0, 0, 306648, 2140
317172, 0, 0, 0, 0, 0, 0, 306648, 2140
317172, 0, 0, 0, 0, 0, 0, 306648, 2140
317172, 0, 0, 0, 0, 0, 0, 306648, 2140
317172, 0, 0, 0, 0, 0, 0, 306648, 2140
317172, 0, 0, 0, 0, 0, 0, 306648, 2140
317172, 0, 0, 0, 0, 0, 0, 306648, 2140
317172, 0, 0, 0, 0, 0, 0, 306648, 2140
317172, 0, 0, 0, 0, 0, 0, 306648, 2140
317172, 0, 0, 0, 0, 0, 0, 306648, 2140
317172, 0, 0, 0, 0, 0, 0, 306648, 2140
317172, 0, 0, 0, 0, 0, 0, 306648, 2140
317172, 0, 0, 0, 0, 0, 0, 306648, 2140
317172, 0, 0, 0, 0, 0, 0, 306648, 2140
317172, 0, 0, 0, 0, 0, 0, 306648, 2140
317172, 0, 0, 0, 0, 0, 0, 306648, 2140
317172, 0, 0, 0, 0, 0, 0, 306648, 2140
317172, 0, 0, 0, 0, 0, 0, 306648, 2140
317172, 0, 0, 0, 0, 0, 0, 306648, 2140
317172, 0, 0, 0, 0, 0, 0, 306648, 2140
317172, 0, 0, 0, 0, 0, 0, 306648, 2140
317172, 0, 0, 0, 0, 0, 0, 306648, 2140
317172, 0, 0, 0, 0, 0, 0, 306648, 2140
317172, 0, 0, 0, 0, 0, 0, 306648, 2140
317172, 0, 0, 0, 0, 0, 0, 306648, 2140
317172, 0, 0, 0, 0, 0, 0, 306648, 2140
317172, 0, 0, 0, 0, 0, 0, 306648, 2140
317172, 0, 0, 0, 0, 0, 0, 306648, 2140
317172, 0, 0, 0, 0, 0, 0, 306648, 2140
317172, 0, 0, 0, 0, 0, 0, 306648, 2140
317172, 0, 0, 0, 0, 0, 0, 306648, 2140
317172, 0, 0, 0, 0, 0, 0, 306648, 2140
317172, 0, 0, 0, 0, 0, 0, 306648, 2140
317172, 0, 0, 0, 0, 0, 0, 306648, 2140
317172, 0, 0, 0, 0, 0, 0, 306648, 2140
317172, 0, 0, 0, 0, 0, 0, 306648, 2140
317172, 0, 0, 0, 0, 0, 0, 306648, 2140
317172, 0, 0, 0, 0, 0, 0, 306648, 2140
317172, 0, 0, 0, 0, 0, 0, 306648, 2140
317172, 0, 0, 0, 0, 0, 0, 306648, 2140
317172, 0, 0, 0, 0, 0, 0, 306648, 2140
317172, 0, 0, 0, 0, 0, 0, 306648, 2140
317172, 0, 0, 0, 0, 0, 0, 306648, 2140
317172, 0, 0, 0, 0, 0, 0, 306648, 2140
317172, 0, 0, 0, 0, 0, 0, 306648, 2140
317172, 0, 0, 0, 0, 0, 0, 306648, 2140
317172, 0, 0, 0, 0, 0, 0, 306648, 2140
317172, 0, 0, 0, 0, 0, 0, 306648, 2140
317172, 0, 0, 0, 0, 0, 0, 306648, 2140
317172, 0, 0, 0, 0, 0, 0, 306648, 2140
317172, 0, 0, 0, 0, 0, 0, 306648, 2140
317172, 0, 0, 0, 0, 0, 0, 306648, 2140
317172, 0, 0, 0, 0, 0, 0, 306648, 2140
317172, 0, 0, 0, 0, 0, 0, 306648, 2140
317172, 0, 0, 0, 0, 0, 0, 306648, 2140
317172, 0, 0, 0, 0, 0, 0, 306648, 2140
317172, 0, 0, 0, 0, 0, 0, 306648, 2140
317172, 0, 0, 0, 0, 0, 0, 306648, 2140
317172, 0, 0, 0, 0, 0, 0, 306648, 2140
317172, 0, 0, 0, 0, 0, 0, 306648, 2140
317172, 0, 0, 0, 0, 0, 0, 306648, 2140
317172, 0, 0, 0, 0, 0, 0, 306648, 2140
317172, 0, 0, 0, 0, 0, 0, 306648, 2140
317172, 0, 0, 0, 0, 0, 0, 306648, 2140
317172, 0, 0, 0, 0, 0, 0, 306648, 2140
317172, 0, 0, 0, 0, 0, 0, 306648, 2140
317172, 0, 0, 0, 0, 0, 0, 306648, 2140
317172, 0, 0, 0, 0, 0, 0, 306648, 2140
317172, 0, 0, 0, 0, 0, 0, 306648, 2140
317172, 0, 0, 0, 0, 0, 0, 306648, 2140
317172, 0, 0, 0, 0, 0, 0, 306648, 2140
317172, 0, 0, 0, 0, 0, 0, 306648, 2140
317172, 0, 0, 0, 0, 0, 0, 306648, 2140
317172, 0, 0, 0, 0, 0, 0, 306648, 2140
317172, 0, 0, 0, 0, 0, 0, 306648, 2140
317172, 0, 0, 0, 0, 0, 0, 306648, 2140
317172, 0, 0, 0, 0, 0, 0, 306648, 2140
317172, 0, 0, 0, 0, 0, 0, 306648, 2140
317172, 0, 0, 0, 0, 0, 0, 306648, 2140
317172, 0, 0, 0, 0, 0, 0, 306648, 2140
317172, 0, 0, 0, 0, 0, 0, 306648, 2140
317172, 0, 0, 0, 0, 0, 0, 306648, 2140
317172, 0, 0, 0, 0, 0, 0, 306648, 2140
317172, 0, 0, 0, 0, 0, 0, 306648, 2140
317172, 0, 0, 0, 0, 0, 0, 306648, 2140
317172, 0, 0, 0, 0, 0, 0, 306648, 2140
317172, 0, 0, 0, 0, 0, 0, 306648, 2140
317172, 0, 0, 0, 0, 0, 0, 306648, 2140
317172, 0, 0, 0, 0, 0, 0, 306648, 2140
317172, 0, 0, 0, 0, 0, 0, 306648, 2140
317172, 0, 0, 0, 0, 0, 0, 306648, 2140
317172, 0, 0, 0, 0, 0, 0, 306648, 2140
317172, 0, 0, 0, 0, 0, 0, 306648, 2140
317172, 0, 0, 0, 0, 0, 0, 306648, 2140
317172, 0, 0, 0, 0, 0, 0, 306648, 2140
317172, 0, 0, 0, 0, 0, 0, 306648, 2140
317172, 0, 0, 0, 0, 0, 0, 306648, 2140
317172, 0, 0, 0, 0, 0, 0, 306648, 2140
317172, 0, 0, 0, 0, 0, 0, 306648, 2140
317172, 0, 0, 0, 0, 0, 0, 306648, 2140
317172, 0, 0, 0, 0, 0, 0, 306648, 2140
317172, 0, 0, 0, 0, 0, 0, 306648, 2140
317172, 0, 0, 0, 0, 0, 0, 306648, 2140
317172, 0, 0, 0, 0, 0, 0, 306648, 2140
317172, 0, 0, 0, 0, 0, 0, 306648, 2140
317172, 0, 0, 0, 0, 0, 0, 306648, 2140
317172, 0, 0, 0, 0, 0, 0, 306648, 2140
317172, 0, 0, 0, 0, 0, 0, 306648, 2140
317172, 0, 0, 0, 0, 0, 0, 306648, 2140
317172, 0, 0, 0, 0, 0, 0, 306648, 2140
317172, 0, 0, 0, 0, 0, 0, 306648, 2140
317172, 0, 0, 0, 0, 0, 0, 306648, 2140
317172, 0, 0, 0, 0, 0, 0, 306648, 2140
317172, 0, 0, 0, 0, 0, 0, 306648, 2140
317172, 0, 0, 0, 0, 0, 0, 306648, 2140
317172, 0, 0, 0, 0, 0, 0, 306648, 2140
317172, 0, 0, 0, 0, 0, 0, 306648, 2140
317172, 0, 0, 0, 0, 0, 0, 306648, 2140
317172, 0, 0, 0, 0, 0, 0, 306648, 2140
317172, 0, 0, 0, 0, 0, 0, 306648, 2140
317172, 0, 0, 0, 0, 0, 0, 306648, 2140
317172, 0, 0, 0, 0, 0, 0, 306648, 2140
317172, 0, 0, 0, 0, 0, 0, 306648, 2140
317172, 0, 0, 0, 0, 0, 0, 306648, 2140
317172, 0, 0, 0, 0, 0, 0, 306648, 2140
317172, 0, 0, 0, 0, 0, 0, 306648, 2140
317172, 0, 0, 0, 0, 0, 0, 306648, 2140
317172, 0, 0, 0, 0, 0, 0, 306648, 2140
317172, 0, 0, 0, 0, 0, 0, 306648, 2140
317172, 0, 0, 0, 0, 0, 0, 306648, 2140
317172, 0, 0, 0, 0, 0, 0, 306648, 2140
317172, 0, 0, 0, 0, 0, 0, 306648, 2140
317172, 0, 0, 0, 0, 0, 0, 306648, 2140
317172, 0, 0, 0, 0, 0, 0, 306648, 2140
317172, 0, 0, 0, 0, 0, 0, 306648, 2140
317172, 0, 0, 0, 0, 0, 0, 306648, 2140
317172, 0, 0, 0, 0, 0, 0, 306648, 2140
317172, 0, 0, 0, 0, 0, 0, 306648, 2140
317172, 0, 0, 0, 0, 0, 0, 306648, 2140
317172, 0, 0, 0, 0, 0, 0, 306648, 2140
317172, 0, 0, 0, 0, 0, 0, 306648, 2140
317172, 0, 0, 0, 0, 0, 0, 306648, 2140
317172, 0, 0, 0, 0, 0, 0, 306648, 2140
317172, 0, 0, 0, 0, 0, 0, 306648, 2140
317172, 0, 0, 0, 0, 0, 0, 306648, 2140
317172, 0, 0, 0, 0, 0, 0, 306648, 2140
317172, 0, 0, 0, 0, 0, 0, 306648, 2140
317172, 0, 0, 0, 0, 0, 0, 306648, 2140
317172, 0, 0, 0, 0, 0, 0, 306648, 2140
317172, 0, 0, 0, 0, 0, 0, 306648, 2140
317172, 0, 0, 0, 0, 0, 0, 306648, 2140
317172, 0, 0, 0, 0, 0, 0, 306648, 2140
317172, 0, 0, 0, 0, 0, 0, 306648, 2140
317172, 0, 0, 0, 0, 0, 0, 306648, 2140
317172, 0, 0, 0, 0, 0, 0, 306648, 2140
317172, 0, 0, 0, 0, 0, 0, 306648, 2140
317172, 0, 0, 0, 0, 0, 0, 306648, 2140
317172, 0, 0, 0, 0, 0, 0, 306648, 2140
317172, 0, 0, 0, 0, 0, 0, 306648, 2140
317172, 0, 0, 0, 0, 0, 0, 306648, 2140
317172, 0, 0, 0, 0, 0, 0, 306648, 2140
317172, 0, 0, 0, 0, 0, 0, 306648, 2140
317172, 0, 0, 0, 0, 0, 0, 306648, 2140
317172, 0, 0, 0, 0, 0, 0, 306648, 2140
317172, 0, 0, 0, 0, 0, 0, 306648, 2140
317172, 0, 0, 0, 0, 0, 0, 306648, 2140
317172, 0, 0, 0, 0, 0, 0, 306648, 2140
317172, 0, 0, 0, 0, 0, 0, 306648, 2140
317172, 0, 0, 0, 0, 0, 0, 306648, 2140
317172, 0, 0, 0, 0, 0, 0, 306648, 2140
317172, 0, 0, 0, 0, 0, 0, 306648, 2140
317172, 0, 0, 0, 0, 0, 0, 306648, 2140
317172, 0, 0, 0, 0, 0, 0, 306648, 2140
317172, 0, 0, 0, 0, 0, 0, 306648, 2140
317172, 0, 0, 0, 0, 0, 0, 306648, 2140
317172, 0, 0, 0, 0, 0, 0, 306648, 2140
317172, 0, 0, 0, 0, 0, 0, 306648, 2140
317172, 0, 0, 0, 0, 0, 0, 306648, 2140
317172, 0, 0, 0, 0, 0, 0, 306648, 2140
317172, 0, 0, 0, 0, 0, 0, 306648, 2140
317172, 0, 0, 0, 0, 0, 0, 306648, 2140
317172, 0, 0, 0, 0, 0, 0, 306648, 2140
317172, 0, 0, 0, 0, 0, 0, 306648, 2140
317172, 0, 0, 0, 0, 0, 0, 306648, 2140
317172, 0, 0, 0, 0, 0, 0, 306648, 2140
317172, 0, 0, 0, 0, 0, 0, 306648, 2140
317172, 0, 0, 0, 0, 0, 0, 306648, 2140
317172, 0, 0, 0, 0, 0, 0, 306648, 2140
317172, 0, 0, 0, 0, 0, 0, 306648, 2140
317172, 0, 0, 0, 0, 0, 0, 306648, 2140
317172, 0, 0, 0, 0, 0, 0, 306648, 2140
317172, 0, 0, 0, 0, 0, 0, 306648, 2140
317172, 0, 0, 0, 0, 0, 0, 306648, 2140
317172, 0, 0, 0, 0, 0, 0, 306648, 2140
317172, 0, 0, 0, 0, 0, 0, 306648, 2140
317172, 0, 0, 0, 0, 0, 0, 306648, 2140
317172, 0, 0, 0, 0, 0, 0, 306648, 2140
317172, 0, 0, 0, 0, 0, 0, 306648, 2140
317172, 0, 0, 0, 0, 0, 0, 306648, 2140
317172, 0, 0, 0, 0, 0, 0, 306648, 2140
317172, 0, 0, 0, 0, 0, 0, 306648, 2140
317172, 0, 0, 0, 0, 0, 0, 306648, 2140
317172, 0, 0, 0, 0, 0, 0, 306648, 2140
317172, 0, 0, 0, 0, 0, 0, 306648, 2140
317172, 0, 0, 0, 0, 0, 0, 306648, 2140
317172, 0, 0, 0, 0, 0, 0, 306648, 2140
317172, 0, 0, 0, 0, 0, 0, 306648, 2140
317172, 0, 0, 0, 0, 0, 0, 306648, 2140
317172, 0, 0, 0, 0, 0, 0, 306648, 2140
317172, 0, 0, 0, 0, 0, 0, 306648, 2140
317172, 0, 0, 0, 0, 0, 0, 306648, 2140
317172, 0, 0, 0, 0, 0, 0, 306648, 2140
317172, 0, 0, 0, 0, 0, 0, 306648, 2140
317172, 0, 0, 0, 0, 0, 0, 306648, 2140
317172, 0, 0, 0, 0, 0, 0, 306648, 2140
317172, 0, 0, 0, 0, 0, 0, 306648, 2140
317172, 0, 0, 0, 0, 0, 0, 306648, 2140
317172, 0, 0, 0, 0, 0, 0, 306648, 2140
317172, 0, 0, 0, 0, 0, 0, 306648, 2140
317172, 0, 0, 0, 0, 0, 0, 306648, 2140
317172, 0, 0, 0, 0, 0, 0, 306648, 2140
317172, 0, 0, 0, 0, 0, 0, 306648, 2140
317172, 0, 0, 0, 0, 0, 0, 306648, 2140
317172, 0, 0, 0, 0, 0, 0, 306648, 2140
317172, 0, 0, 0, 0, 0, 0, 306648, 2140
317172, 0, 0, 0, 0, 0, 0, 306648, 2140
317172, 0, 0, 0, 0, 0, 0, 306648, 2140
317172, 0, 0, 0, 0, 0, 0, 306648, 2140
317172, 0, 0, 0, 0, 0, 0, 306648, 2140
317172, 0, 0, 0, 0, 0, 0, 306648, 2140
317172, 0, 0, 0, 0, 0, 0, 306648, 2140
317172, 0, 0, 0, 0, 0, 0, 306648, 2140
317172, 0, 0, 0, 0, 0, 0, 306648, 2140
317172, 0, 0, 0, 0, 0, 0, 306648, 2140
317172, 0, 0, 0, 0, 0, 0, 306648, 2140
317172, 0, 0, 0, 0, 0, 0, 306648, 2140
317172, 0, 0, 0, 0, 0, 0, 306648, 2140
317172, 0, 0, 0, 0, 0, 0, 306648, 2140
317172, 0, 0, 0, 0, 0, 0, 306648, 2140
317172, 0, 0, 0, 0, 0, 0, 306648, 2140
317172, 0, 0, 0, 0, 0, 0, 306648, 2140
317172, 0, 0, 0, 0, 0, 0, 306648, 2140
317172, 0, 0, 0, 0, 0, 0, 306648, 2140
317172, 0, 0, 0, 0, 0, 0, 306648, 2140
317172, 0, 0, 0, 0, 0, 0, 306648, 2140
317172, 0, 0, 0, 0, 0, 0, 306648, 2140
317172, 0, 0, 0, 0, 0, 0, 306648, 2140
317172, 0, 0, 0, 0, 0, 0, 306648, 2140
317172, 0, 0, 0, 0, 0, 0, 306648, 2140
317172, 0, 0, 0, 0, 0, 0, 306648, 2140
317172, 0, 0, 0, 0, 0, 0, 306648, 2140
317172, 0, 0, 0, 0, 0, 0, 306648, 2140
317172, 0, 0, 0, 0, 0, 0, 306648, 2140
317172, 0, 0, 0, 0, 0, 0, 306648, 2140
317172, 0, 0, 0, 0, 0, 0, 306648, 2140
317172, 0, 0, 0, 0, 0, 0, 306648, 2140
317172, 0, 0, 0, 0, 0, 0, 306648, 2140
317172, 0, 0, 0, 0, 0, 0, 306648, 2140
317172, 0, 0, 0, 0, 0, 0, 306648, 2140
317172, 0, 0, 0, 0, 0, 0, 306648, 2140
317172, 0, 0, 0, 0, 0, 0, 306648, 2140
317172, 0, 0, 0, 0, 0, 0, 306648, 2140
317172, 0, 0, 0, 0, 0, 0, 306648, 2140
317172, 0, 0, 0, 0, 0, 0, 306648, 2140
317172, 0, 0, 0, 0, 0, 0, 306648, 2140
317172, 0, 0, 0, 0, 0, 0, 306648, 2140
317172, 0, 0, 0, 0, 0, 0, 306648, 2140
317172, 0, 0, 0, 0, 0, 0, 306648, 2140
317172, 0, 0, 0, 0, 0, 0, 306648, 2140
317172, 0, 0, 0, 0, 0, 0, 306648, 2140
317172, 0, 0, 0, 0, 0, 0, 306648, 2140
317172, 0, 0, 0, 0, 0, 0, 306648, 2140
317172, 0, 0, 0, 0, 0, 0, 306648, 2140
317172, 0, 0, 0, 0, 0, 0, 306648, 2140
317172, 0, 0, 0, 0, 0, 0, 306648, 2140
317172, 0, 0, 0, 0, 0, 0, 306648, 2140
317172, 0, 0, 0, 0, 0, 0, 306648, 2140
317172, 0, 0, 0, 0, 0, 0, 306648, 2140
317172, 0, 0, 0, 0, 0, 0, 306648, 2140
317172, 0, 0, 0, 0, 0, 0, 306648, 2140
317172, 0, 0, 0, 0, 0, 0, 306648, 2140
317172, 0, 0, 0, 0, 0, 0, 306648, 2140
317172, 0, 0, 0, 0, 0, 0, 306648, 2140
317172, 0, 0, 0, 0, 0, 0, 306648, 2140
317172, 0, 0, 0, 0, 0, 0, 306648, 2140
317172, 0, 0, 0, 0, 0, 0, 306648, 2140
317172, 0, 0, 0, 0, 0, 0, 306648, 2140
317172, 0, 0, 0, 0, 0, 0, 306648, 2140
317172, 0, 0, 0, 0, 0, 0, 306648, 2140
317172, 0, 0, 0, 0, 0, 0, 306648, 2140
317172, 0, 0, 0, 0, 0, 0, 306648, 2140
317172, 0, 0, 0, 0, 0, 0, 306648, 2140
317172, 0, 0, 0, 0, 0, 0, 306648, 2140
317172, 0, 0, 0, 0, 0, 0, 306648, 2140
317172, 0, 0, 0, 0, 0, 0, 306648, 2140
317172, 0, 0, 0, 0, 0, 0, 306648, 2140
317172, 0, 0, 0, 0, 0, 0, 306648, 2140
317172, 0, 0, 0, 0, 0, 0, 306648, 2140
317172, 0, 0, 0, 0, 0, 0, 306648, 2140
317172, 0, 0, 0, 0, 0, 0, 306648, 2140
317172, 0, 0, 0, 0, 0, 0, 306648, 2140
317172, 0, 0, 0, 0, 0, 0, 306648, 2140
317172, 0, 0, 0, 0, 0, 0, 306648, 2140
317172, 0, 0, 0, 0, 0, 0, 306648, 2140
317172, 0, 0, 0, 0, 0, 0, 306648, 2140
317172, 0, 0, 0, 0, 0, 0, 306648, 2140
317172, 0, 0, 0, 0, 0, 0, 306648, 2140
317172, 0, 0, 0, 0, 0, 0, 306648, 2140
317172, 0, 0, 0, 0, 0, 0, 306648, 2140
317172, 0, 0, 0, 0, 0, 0, 306648, 2140
317172, 0, 0, 0, 0, 0, 0, 306648, 2140
317172, 0, 0, 0, 0, 0, 0, 306648, 2140
317172, 0, 0, 0, 0, 0, 0, 306648, 2140
317172, 0, 0, 0, 0, 0, 0, 306648, 2140
317172, 0, 0, 0, 0, 0, 0, 306648, 2140
317172, 0, 0, 0, 0, 0, 0, 306648, 2140
317172, 0, 0, 0, 0, 0, 0, 306648, 2140
317172, 0, 0, 0, 0, 0, 0, 306648, 2140
317172, 0, 0, 0, 0, 0, 0, 306648, 2140
317172, 0, 0, 0, 0, 0, 0, 306648, 2140
317172, 0, 0, 0, 0, 0, 0, 306648, 2140
317172, 0, 0, 0, 0, 0, 0, 306648, 2140
317172, 0, 0, 0, 0, 0, 0, 306648, 2140
317172, 0, 0, 0, 0, 0, 0, 306648, 2140
317172, 0, 0, 0, 0, 0, 0, 306648, 2140
317172, 0, 0, 0, 0, 0, 0, 306648, 2140
317172, 0, 0, 0, 0, 0, 0, 306648, 2140
317172, 0, 0, 0, 0, 0, 0, 306648, 2140
317172, 0, 0, 0, 0, 0, 0, 306648, 2140
317172, 0, 0, 0, 0, 0, 0, 306648, 2140
317172, 0, 0, 0, 0, 0, 0, 306648, 2140
317172, 0, 0, 0, 0, 0, 0, 306648, 2140
317172, 0, 0, 0, 0, 0, 0, 306648, 2140
317172, 0, 0, 0, 0, 0, 0, 306648, 2140
317172, 0, 0, 0, 0, 0, 0, 306648, 2140
317172, 0, 0, 0, 0, 0, 0, 306648, 2140
317172, 0, 0, 0, 0, 0, 0, 306648, 2140
317172, 0, 0, 0, 0, 0, 0, 306648, 2140
317172, 0, 0, 0, 0, 0, 0, 306648, 2140
317172, 0, 0, 0, 0, 0, 0, 306648, 2140
317172, 0, 0, 0, 0, 0, 0, 306648, 2140
317172, 0, 0, 0, 0, 0, 0, 306648, 2140
317172, 0, 0, 0, 0, 0, 0, 306648, 2140
317172, 0, 0, 0, 0, 0, 0, 306648, 2140
317172, 0, 0, 0, 0, 0, 0, 306648, 2140
317172, 0, 0, 0, 0, 0, 0, 306648, 2140
317172, 0, 0, 0, 0, 0, 0, 306648, 2140
317172, 0, 0, 0, 0, 0, 0, 306648, 2140
317172, 0, 0, 0, 0, 0, 0, 306648, 2140
317172, 0, 0, 0, 0, 0, 0, 306648, 2140
317172, 0, 0, 0, 0, 0, 0, 306648, 2140
317172, 0, 0, 0, 0, 0, 0, 306648, 2140
317172, 0, 0, 0, 0, 0, 0, 306648, 2140
317172, 0, 0, 0, 0, 0, 0, 306648, 2140
317172, 0, 0, 0, 0, 0, 0, 306648, 2140
317172, 0, 0, 0, 0, 0, 0, 306648, 2140
317172, 0, 0, 0, 0, 0, 0, 306648, 2140
317172, 0, 0, 0, 0, 0, 0, 306648, 2140
317172, 0, 0, 0, 0, 0, 0, 306648, 2140
317172, 0, 0, 0, 0, 0, 0, 306648, 2140
317172, 0, 0, 0, 0, 0, 0, 306648, 2140
317172, 0, 0, 0, 0, 0, 0, 306648, 2140
317172, 0, 0, 0, 0, 0, 0, 306648, 2140
317172, 0, 0, 0, 0, 0, 0, 306648, 2140
317172, 0, 0, 0, 0, 0, 0, 306648, 2140
317172, 0, 0, 0, 0, 0, 0, 306648, 2140
317172, 0, 0, 0, 0, 0, 0, 306648, 2140
317172, 0, 0, 0, 0, 0, 0, 306648, 2140
317172, 0, 0, 0, 0, 0, 0, 306648, 2140
317172, 0, 0, 0, 0, 0, 0, 306648, 2140
317172, 0, 0, 0, 0, 0, 0, 306648, 2140
317172, 0, 0, 0, 0, 0, 0, 306648, 2140
317172, 0, 0, 0, 0, 0, 0, 306648, 2140
317172, 0, 0, 0, 0, 0, 0, 306648, 2140
317172, 0, 0, 0, 0, 0, 0, 306648, 2140
317172, 0, 0, 0, 0, 0, 0, 306648, 2140
317172, 0, 0, 0, 0, 0, 0, 306648, 2140
317172, 0, 0, 0, 0, 0, 0, 306648, 2140
317172, 0, 0, 0, 0, 0, 0, 306648, 2140
317172, 0, 0, 0, 0, 0, 0, 306648, 2140
317172, 0, 0, 0, 0, 0, 0, 306648, 2140
317172, 0, 0, 0, 0, 0, 0, 306648, 2140
317172, 0, 0, 0, 0, 0, 0, 306648, 2140
317172, 0, 0, 0, 0, 0, 0, 306648, 2140
317172, 0, 0, 0, 0, 0, 0, 306648, 2140
317172, 0, 0, 0, 0, 0, 0, 306648, 2140
317172, 0, 0, 0, 0, 0, 0, 306648, 2140
317172, 0, 0, 0, 0, 0, 0, 306648, 2140
317172, 0, 0, 0, 0, 0, 0, 306648, 2140
317172, 0, 0, 0, 0, 0, 0, 306648, 2140
317172, 0, 0, 0, 0, 0, 0, 306648, 2140
317172, 0, 0, 0, 0, 0, 0, 306648, 2140
317172, 0, 0, 0, 0, 0, 0, 306648, 2140
317172, 0, 0, 0, 0, 0, 0, 306648, 2140
317172, 0, 0, 0, 0, 0, 0, 306648, 2140
317172, 0, 0, 0, 0, 0, 0, 306648, 2140
317172, 0, 0, 0, 0, 0, 0, 306648, 2140
317172, 0, 0, 0, 0, 0, 0, 306648, 2140
317172, 0, 0, 0, 0, 0, 0, 306648, 2140
317172, 0, 0, 0, 0, 0, 0, 306648, 2140
317172, 0, 0, 0, 0, 0, 0, 306648, 2140
317172, 0, 0, 0, 0, 0, 0, 306648, 2140
317172, 0, 0, 0, 0, 0, 0, 306648, 2140
317172, 0, 0, 0, 0, 0, 0, 306648, 2140
317172, 0, 0, 0, 0, 0, 0, 306648, 2140
317172, 0, 0, 0, 0, 0, 0, 306648, 2140
317172, 0, 0, 0, 0, 0, 0, 306648, 2140
317172, 0, 0, 0, 0, 0, 0, 306648, 2140
317172, 0, 0, 0, 0, 0, 0, 306648, 2140
317172, 0, 0, 0, 0, 0, 0, 306648, 2140
317172, 0, 0, 0, 0, 0, 0, 306648, 2140
317172, 0, 0, 0, 0, 0, 0, 306648, 2140
317172, 0, 0, 0, 0, 0, 0, 306648, 2140
317172, 0, 0, 0, 0, 0, 0, 306648, 2140
317172, 0, 0, 0, 0, 0, 0, 306648, 2140
317172, 0, 0, 0, 0, 0, 0, 306648, 2140
317172, 0, 0, 0, 0, 0, 0, 306648, 2140
317172, 0, 0, 0, 0, 0, 0, 306648, 2140
317172, 0, 0, 0, 0, 0, 0, 306648, 2140
317172, 0, 0, 0, 0, 0, 0, 306648, 2140
317172, 0, 0, 0, 0, 0, 0, 306648, 2140
317172, 0, 0, 0, 0, 0, 0, 306648, 2140
317172, 0, 0, 0, 0, 0, 0, 306648, 2140
317172, 0, 0, 0, 0, 0, 0, 306648, 2140
317172, 0, 0, 0, 0, 0, 0, 306648, 2140
317172, 0, 0, 0, 0, 0, 0, 306648, 2140
317172, 0, 0, 0, 0, 0, 0, 306648, 2140
317172, 0, 0, 0, 0, 0, 0, 306648, 2140
317172, 0, 0, 0, 0, 0, 0, 306648, 2140
317172, 0, 0, 0, 0, 0, 0, 306648, 2140
317172, 0, 0, 0, 0, 0, 0, 306648, 2140
317172, 0, 0, 0, 0, 0, 0, 306648, 2140
317172, 0, 0, 0, 0, 0, 0, 306648, 2140
317172, 0, 0, 0, 0, 0, 0, 306648, 2140
317172, 0, 0, 0, 0, 0, 0, 306648, 2140
317172, 0, 0, 0, 0, 0, 0, 306648, 2140
317172, 0, 0, 0, 0, 0, 0, 306648, 2140
317172, 0, 0, 0, 0, 0, 0, 306648, 2140
317172, 0, 0, 0, 0, 0, 0, 306648, 2140
317172, 0, 0, 0, 0, 0, 0, 306648, 2140
317172, 0, 0, 0, 0, 0, 0, 306648, 2140
317172, 0, 0, 0, 0, 0, 0, 306648, 2140
317172, 0, 0, 0, 0, 0, 0, 306648, 2140
317172, 0, 0, 0, 0, 0, 0, 306648, 2140
317172, 0, 0, 0, 0, 0, 0, 306648, 2140
317172, 0, 0, 0, 0, 0, 0, 306648, 2140
317172, 0, 0, 0, 0, 0, 0, 306648, 2140
317172, 0, 0, 0, 0, 0, 0, 306648, 2140
317172, 0, 0, 0, 0, 0, 0, 306648, 2140
317172, 0, 0, 0, 0, 0, 0, 306648, 2140
317172, 0, 0, 0, 0, 0, 0, 306648, 2140
317172, 0, 0, 0, 0, 0, 0, 306648, 2140
317172, 0, 0, 0, 0, 0, 0, 306648, 2140
317172, 0, 0, 0, 0, 0, 0, 306648, 2140
317172, 0, 0, 0, 0, 0, 0, 306648, 2140
317172, 0, 0, 0, 0, 0, 0, 306648, 2140
317172, 0, 0, 0, 0, 0, 0, 306648, 2140
317172, 0, 0, 0, 0, 0, 0, 306648, 2140
317172, 0, 0, 0, 0, 0, 0, 306648, 2140
317172, 0, 0, 0, 0, 0, 0, 306648, 2140
317172, 0, 0, 0, 0, 0, 0, 306648, 2140
317172, 0, 0, 0, 0, 0, 0, 306648, 2140
317172, 0, 0, 0, 0, 0, 0, 306648, 2140
317172, 0, 0, 0, 0, 0, 0, 306648, 2140
317172, 0, 0, 0, 0, 0, 0, 306648, 2140
317172, 0, 0, 0, 0, 0, 0, 306648, 2140
317172, 0, 0, 0, 0, 0, 0, 306648, 2140
317172, 0, 0, 0, 0, 0, 0, 306648, 2140
317172, 0, 0, 0, 0, 0, 0, 306648, 2140
317172, 0, 0, 0, 0, 0, 0, 306648, 2140
317172, 0, 0, 0, 0, 0, 0, 306648, 2140
317172, 0, 0, 0, 0, 0, 0, 306648, 2140
317172, 0, 0, 0, 0, 0, 0, 306648, 2140
317172, 0, 0, 0, 0, 0, 0, 306648, 2140
317172, 0, 0, 0, 0, 0, 0, 306648, 2140
317172, 0, 0, 0, 0, 0, 0, 306648, 2140
317172, 0, 0, 0, 0, 0, 0, 306648, 2140
317172, 0, 0, 0, 0, 0, 0, 306648, 2140
317172, 0, 0, 0, 0, 0, 0, 306648, 2140
317172, 0, 0, 0, 0, 0, 0, 306648, 2140
317172, 0, 0, 0, 0, 0, 0, 306648, 2140
317172, 0, 0, 0, 0, 0, 0, 306648, 2140
317172, 0, 0, 0, 0, 0, 0, 306648, 2140
317172, 0, 0, 0, 0, 0, 0, 306648, 2140
317172, 0, 0, 0, 0, 0, 0, 306648, 2140
317172, 0, 0, 0, 0, 0, 0, 306648, 2140
317172, 0, 0, 0, 0, 0, 0, 306648, 2140
317172, 0, 0, 0, 0, 0, 0, 306648, 2140
317172, 0, 0, 0, 0, 0, 0, 306648, 2140
317172, 0, 0, 0, 0, 0, 0, 306648, 2140
317172, 0, 0, 0, 0, 0, 0, 306648, 2140
317172, 0, 0, 0, 0, 0, 0, 306648, 2140
317172, 0, 0, 0, 0, 0, 0, 306648, 2140
317172, 0, 0, 0, 0, 0, 0, 306648, 2140
317172, 0, 0, 0, 0, 0, 0, 306648, 2140
317172, 0, 0, 0, 0, 0, 0, 306648, 2140
317172, 0, 0, 0, 0, 0, 0, 306648, 2140
317172, 0, 0, 0, 0, 0, 0, 306648, 2140
317172, 0, 0, 0, 0, 0, 0, 306648, 2140
317172, 0, 0, 0, 0, 0, 0, 306648, 2140
317172, 0, 0, 0, 0, 0, 0, 306648, 2140
317172, 0, 0, 0, 0, 0, 0, 306648, 2140
317172, 0, 0, 0, 0, 0, 0, 306648, 2140
317172, 0, 0, 0, 0, 0, 0, 306648, 2140
317172, 0, 0, 0, 0, 0, 0, 306648, 2140
317172, 0, 0, 0, 0, 0, 0, 306648, 2140
317172, 0, 0, 0, 0, 0, 0, 306648, 2140
317172, 0, 0, 0, 0, 0, 0, 306648, 2140
317172, 0, 0, 0, 0, 0, 0, 306648, 2140
317172, 0, 0, 0, 0, 0, 0, 306648, 2140
317172, 0, 0, 0, 0, 0, 0, 306648, 2140
317172, 0, 0, 0, 0, 0, 0, 306648, 2140
317172, 0, 0, 0, 0, 0, 0, 306648, 2140
317172, 0, 0, 0, 0, 0, 0, 306648, 2140
317172, 0, 0, 0, 0, 0, 0, 306648, 2140
317172, 0, 0, 0, 0, 0, 0, 306648, 2140
317172, 0, 0, 0, 0, 0, 0, 306648, 2140
317172, 0, 0, 0, 0, 0, 0, 306648, 2140
317172, 0, 0, 0, 0, 0, 0, 306648, 2140
317172, 0, 0, 0, 0, 0, 0, 306648, 2140
317172, 0, 0, 0, 0, 0, 0, 306648, 2140
317172, 0, 0, 0, 0, 0, 0, 306648, 2140
317172, 0, 0, 0, 0, 0, 0, 306648, 2140
317172, 0, 0, 0, 0, 0, 0, 306648, 2140
317172, 0, 0, 0, 0, 0, 0, 306648, 2140
317172, 0, 0, 0, 0, 0, 0, 306648, 2140
317172, 0, 0, 0, 0, 0, 0, 306648, 2140
317172, 0, 0, 0, 0, 0, 0, 306648, 2140
317172, 0, 0, 0, 0, 0, 0, 306648, 2140
317172, 0, 0, 0, 0, 0, 0, 306648, 2140
317172, 0, 0, 0, 0, 0, 0, 306648, 2140
317172, 0, 0, 0, 0, 0, 0, 306648, 2140
317172, 0, 0, 0, 0, 0, 0, 306648, 2140
317172, 0, 0, 0, 0, 0, 0, 306648, 2140
317172, 0, 0, 0, 0, 0, 0, 306648, 2140
317172, 0, 0, 0, 0, 0, 0, 306648, 2140
317172, 0, 0, 0, 0, 0, 0, 306648, 2140
317172, 0, 0, 0, 0, 0, 0, 306648, 2140
317172, 0, 0, 0, 0, 0, 0, 306648, 2140
317172, 0, 0, 0, 0, 0, 0, 306648, 2140
317172, 0, 0, 0, 0, 0, 0, 306648, 2140
317172, 0, 0, 0, 0, 0, 0, 306648, 2140
317172, 0, 0, 0, 0, 0, 0, 306648, 2140
317172, 0, 0, 0, 0, 0, 0, 306648, 2140
317172, 0, 0, 0, 0, 0, 0, 306648, 2140
317172, 0, 0, 0, 0, 0, 0, 306648, 2140
317172, 0, 0, 0, 0, 0, 0, 306648, 2140
317172, 0, 0, 0, 0, 0, 0, 306648, 2140
317172, 0, 0, 0, 0, 0, 0, 306648, 2140
317172, 0, 0, 0, 0, 0, 0, 306648, 2140
317172, 0, 0, 0, 0, 0, 0, 306648, 2140
317172, 0, 0, 0, 0, 0, 0, 306648, 2140
317172, 0, 0, 0, 0, 0, 0, 306648, 2140
317172, 0, 0, 0, 0, 0, 0, 306648, 2140
317172, 0, 0, 0, 0, 0, 0, 306648, 2140
317172, 0, 0, 0, 0, 0, 0, 306648, 2140
317172, 0, 0, 0, 0, 0, 0, 306648, 2140
317172, 0, 0, 0, 0, 0, 0, 306648, 2140
317172, 0, 0, 0, 0, 0, 0, 306648, 2140
317172, 0, 0, 0, 0, 0, 0, 306648, 2140
317172, 0, 0, 0, 0, 0, 0, 306648, 2140
317172, 0, 0, 0, 0, 0, 0, 306648, 2140
317172, 0, 0, 0, 0, 0, 0, 306648, 2140
317172, 0, 0, 0, 0, 0, 0, 306648, 2140
317172, 0, 0, 0, 0, 0, 0, 306648, 2140
317172, 0, 0, 0, 0, 0, 0, 306648, 2140
317172, 0, 0, 0, 0, 0, 0, 306648, 2140
317172, 0, 0, 0, 0, 0, 0, 306648, 2140
317172, 0, 0, 0, 0, 0, 0, 306648, 2140
317172, 0, 0, 0, 0, 0, 0, 306648, 2140
317172, 0, 0, 0, 0, 0, 0, 306648, 2140
317172, 0, 0, 0, 0, 0, 0, 306648, 2140
317172, 0, 0, 0, 0, 0, 0, 306648, 2140
317172, 0, 0, 0, 0, 0, 0, 306648, 2140
317172, 0, 0, 0, 0, 0, 0, 306648, 2140
317172, 0, 0, 0, 0, 0, 0, 306648, 2140
317172, 0, 0, 0, 0, 0, 0, 306648, 2140
317172, 0, 0, 0, 0, 0, 0, 306648, 2140
317172, 0, 0, 0, 0, 0, 0, 306648, 2140
317172, 0, 0, 0, 0, 0, 0, 306648, 2140
317172, 0, 0, 0, 0, 0, 0, 306648, 2140
317172, 0, 0, 0, 0, 0, 0, 306648, 2140
317172, 0, 0, 0, 0, 0, 0, 306648, 2140
317172, 0, 0, 0, 0, 0, 0, 306648, 2140
317172, 0, 0, 0, 0, 0, 0, 306648, 2140
317172, 0, 0, 0, 0, 0, 0, 306648, 2140
317172, 0, 0, 0, 0, 0, 0, 306648, 2140
317172, 0, 0, 0, 0, 0, 0, 306648, 2140
317172, 0, 0, 0, 0, 0, 0, 306648, 2140
317172, 0, 0, 0, 0, 0, 0, 306648, 2140
317172, 0, 0, 0, 0, 0, 0, 306648, 2140
317172, 0, 0, 0, 0, 0, 0, 306648, 2140
317172, 0, 0, 0, 0, 0, 0, 306648, 2140
317172, 0, 0, 0, 0, 0, 0, 306648, 2140
317172, 0, 0, 0, 0, 0, 0, 306648, 2140
317172, 0, 0, 0, 0, 0, 0, 306648, 2140
317172, 0, 0, 0, 0, 0, 0, 306648, 2140
317172, 0, 0, 0, 0, 0, 0, 306648, 2140
317172, 0, 0, 0, 0, 0, 0, 306648, 2140
317172, 0, 0, 0, 0, 0, 0, 306648, 2140
317172, 0, 0, 0, 0, 0, 0, 306648, 2140
317172, 0, 0, 0, 0, 0, 0, 306648, 2140
317172, 0, 0, 0, 0, 0, 0, 306648, 2140
317172, 0, 0, 0, 0, 0, 0, 306648, 2140
317172, 0, 0, 0, 0, 0, 0, 306648, 2140
317172, 0, 0, 0, 0, 0, 0, 306648, 2140
317172, 0, 0, 0, 0, 0, 0, 306648, 2140
317172, 0, 0, 0, 0, 0, 0, 306648, 2140
317172, 0, 0, 0, 0, 0, 0, 306648, 2140
317172, 0, 0, 0, 0, 0, 0, 306648, 2140
317172, 0, 0, 0, 0, 0, 0, 306648, 2140
317172, 0, 0, 0, 0, 0, 0, 306648, 2140
317172, 0, 0, 0, 0, 0, 0, 306648, 2140
317172, 0, 0, 0, 0, 0, 0, 306648, 2140
317172, 0, 0, 0, 0, 0, 0, 306648, 2140
317172, 0, 0, 0, 0, 0, 0, 306648, 2140
317172, 0, 0, 0, 0, 0, 0, 306648, 2140
317172, 0, 0, 0, 0, 0, 0, 306648, 2140
317172, 0, 0, 0, 0, 0, 0, 306648, 2140
317172, 0, 0, 0, 0, 0, 0, 306648, 2140
317172, 0, 0, 0, 0, 0, 0, 306648, 2140
317172, 0, 0, 0, 0, 0, 0, 306648, 2140
317172, 0, 0, 0, 0, 0, 0, 306648, 2140
317172, 0, 0, 0, 0, 0, 0, 306648, 2140
317172, 0, 0, 0, 0, 0, 0, 306648, 2140
317172, 0, 0, 0, 0, 0, 0, 306648, 2140
317172, 0, 0, 0, 0, 0, 0, 306648, 2140
317172, 0, 0, 0, 0, 0, 0, 306648, 2140
317172, 0, 0, 0, 0, 0, 0, 306648, 2140
317172, 0, 0, 0, 0, 0, 0, 306648, 2140
317172, 0, 0, 0, 0, 0, 0, 306648, 2140
317172, 0, 0, 0, 0, 0, 0, 306648, 2140
317172, 0, 0, 0, 0, 0, 0, 306648, 2140
317172, 0, 0, 0, 0, 0, 0, 306648, 2140
317172, 0, 0, 0, 0, 0, 0, 306648, 2140
317172, 0, 0, 0, 0, 0, 0, 306648, 2140
317172, 0, 0, 0, 0, 0, 0, 306648, 2140
317172, 0, 0, 0, 0, 0, 0, 306648, 2140
317172, 0, 0, 0, 0, 0, 0, 306648, 2140
317172, 0, 0, 0, 0, 0, 0, 306648, 2140
317172, 0, 0, 0, 0, 0, 0, 306648, 2140
317172, 0, 0, 0, 0, 0, 0, 306648, 2140
317172, 0, 0, 0, 0, 0, 0, 306648, 2140
317172, 0, 0, 0, 0, 0, 0, 306648, 2140
317172, 0, 0, 0, 0, 0, 0, 306648, 2140
317172, 0, 0, 0, 0, 0, 0, 306648, 2140
317172, 0, 0, 0, 0, 0, 0, 306648, 2140
317172, 0, 0, 0, 0, 0, 0, 306648, 2140
317172, 0, 0, 0, 0, 0, 0, 306648, 2140
317172, 0, 0, 0, 0, 0, 0, 306648, 2140
317172, 0, 0, 0, 0, 0, 0, 306648, 2140
317172, 0, 0, 0, 0, 0, 0, 306648, 2140
317172, 0, 0, 0, 0, 0, 0, 306648, 2140
317172, 0, 0, 0, 0, 0, 0, 306648, 2140
317172, 0, 0, 0, 0, 0, 0, 306648, 2140
317172, 0, 0, 0, 0, 0, 0, 306648, 2140
317172, 0, 0, 0, 0, 0, 0, 306648, 2140
317172, 0, 0, 0, 0, 0, 0, 306648, 2140
317172, 0, 0, 0, 0, 0, 0, 306648, 2140
317172, 0, 0, 0, 0, 0, 0, 306648, 2140
317172, 0, 0, 0, 0, 0, 0, 306648, 2140
317172, 0, 0, 0, 0, 0, 0, 306648, 2140
317172, 0, 0, 0, 0, 0, 0, 306648, 2140
317172, 0, 0, 0, 0, 0, 0, 306648, 2140
317172, 0, 0, 0, 0, 0, 0, 306648, 2140
317172, 0, 0, 0, 0, 0, 0, 306648, 2140
317172, 0, 0, 0, 0, 0, 0, 306648, 2140
317172, 0, 0, 0, 0, 0, 0, 306648, 2140
317172, 0, 0, 0, 0, 0, 0, 306648, 2140
317172, 0, 0, 0, 0, 0, 0, 306648, 2140
317172, 0, 0, 0, 0, 0, 0, 306648, 2140
317172, 0, 0, 0, 0, 0, 0, 306648, 2140
317172, 0, 0, 0, 0, 0, 0, 306648, 2140
317172, 0, 0, 0, 0, 0, 0, 306648, 2140
317172, 0, 0, 0, 0, 0, 0, 306648, 2140
317172, 0, 0, 0, 0, 0, 0, 306648, 2140
317172, 0, 0, 0, 0, 0, 0, 306648, 2140
317172, 0, 0, 0, 0, 0, 0, 306648, 2140
317172, 0, 0, 0, 0, 0, 0, 306648, 2140
317172, 0, 0, 0, 0, 0, 0, 306648, 2140
317172, 0, 0, 0, 0, 0, 0, 306648, 2140
317172, 0, 0, 0, 0, 0, 0, 306648, 2140
317172, 0, 0, 0, 0, 0, 0, 306648, 2140
317172, 0, 0, 0, 0, 0, 0, 306648, 2140
317172, 0, 0, 0, 0, 0, 0, 306648, 2140
317172, 0, 0, 0, 0, 0, 0, 306648, 2140
317172, 0, 0, 0, 0, 0, 0, 306648, 2140
317172, 0, 0, 0, 0, 0, 0, 306648, 2140
317172, 0, 0, 0, 0, 0, 0, 306648, 2140
317172, 0, 0, 0, 0, 0, 0, 306648, 2140
317172, 0, 0, 0, 0, 0, 0, 306648, 2140
317172, 0, 0, 0, 0, 0, 0, 306648, 2140
317172, 0, 0, 0, 0, 0, 0, 306648, 2140
317172, 0, 0, 0, 0, 0, 0, 306648, 2140
317172, 0, 0, 0, 0, 0, 0, 306648, 2140
317172, 0, 0, 0, 0, 0, 0, 306648, 2140
317172, 0, 0, 0, 0, 0, 0, 306648, 2140
317172, 0, 0, 0, 0, 0, 0, 306648, 2140
317172, 0, 0, 0, 0, 0, 0, 306648, 2140
317172, 0, 0, 0, 0, 0, 0, 306648, 2140
317172, 0, 0, 0, 0, 0, 0, 306648, 2140
317172, 0, 0, 0, 0, 0, 0, 306648, 2140
317172, 0, 0, 0, 0, 0, 0, 306648, 2140
317172, 0, 0, 0, 0, 0, 0, 306648, 2140
317172, 0, 0, 0, 0, 0, 0, 306648, 2140
317172, 0, 0, 0, 0, 0, 0, 306648, 2140
317172, 0, 0, 0, 0, 0, 0, 306648, 2140
317172, 0, 0, 0, 0, 0, 0, 306648, 2140
317172, 0, 0, 0, 0, 0, 0, 306648, 2140
317172, 0, 0, 0, 0, 0, 0, 306648, 2140
317172, 0, 0, 0, 0, 0, 0, 306648, 2140
317172, 0, 0, 0, 0, 0, 0, 306648, 2140
317172, 0, 0, 0, 0, 0, 0, 306648, 2140
317172, 0, 0, 0, 0, 0, 0, 306648, 2140
317172, 0, 0, 0, 0, 0, 0, 306648, 2140
317172, 0, 0, 0, 0, 0, 0, 306648, 2140
317172, 0, 0, 0, 0, 0, 0, 306648, 2140
317172, 0, 0, 0, 0, 0, 0, 306648, 2140
317172, 0, 0, 0, 0, 0, 0, 306648, 2140
317172, 0, 0, 0, 0, 0, 0, 306648, 2140
317172, 0, 0, 0, 0, 0, 0, 306648, 2140
317172, 0, 0, 0, 0, 0, 0, 306648, 2140
317172, 0, 0, 0, 0, 0, 0, 306648, 2140
317172, 0, 0, 0, 0, 0, 0, 306648, 2140
317172, 0, 0, 0, 0, 0, 0, 306648, 2140
317172, 0, 0, 0, 0, 0, 0, 306648, 2140
317172, 0, 0, 0, 0, 0, 0, 306648, 2140
317172, 0, 0, 0, 0, 0, 0, 306648, 2140
317172, 0, 0, 0, 0, 0, 0, 306648, 2140
317172, 0, 0, 0, 0, 0, 0, 306648, 2140
317172, 0, 0, 0, 0, 0, 0, 306648, 2140
317172, 0, 0, 0, 0, 0, 0, 306648, 2140
317172, 0, 0, 0, 0, 0, 0, 306648, 2140
317172, 0, 0, 0, 0, 0, 0, 306648, 2140
317172, 0, 0, 0, 0, 0, 0, 306648, 2140
317172, 0, 0, 0, 0, 0, 0, 306648, 2140
317172, 0, 0, 0, 0, 0, 0, 306648, 2140
317172, 0, 0, 0, 0, 0, 0, 306648, 2140
317172, 0, 0, 0, 0, 0, 0, 306648, 2140
317172, 0, 0, 0, 0, 0, 0, 306648, 2140
317172, 0, 0, 0, 0, 0, 0, 306648, 2140
317172, 0, 0, 0, 0, 0, 0, 306648, 2140
317172, 0, 0, 0, 0, 0, 0, 306648, 2140
317172, 0, 0, 0, 0, 0, 0, 306648, 2140
317172, 0, 0, 0, 0, 0, 0, 306648, 2140
317172, 0, 0, 0, 0, 0, 0, 306648, 2140
317172, 0, 0, 0, 0, 0, 0, 306648, 2140
317172, 0, 0, 0, 0, 0, 0, 306648, 2140
317172, 0, 0, 0, 0, 0, 0, 306648, 2140
317172, 0, 0, 0, 0, 0, 0, 306648, 2140
317172, 0, 0, 0, 0, 0, 0, 306648, 2140
317172, 0, 0, 0, 0, 0, 0, 306648, 2140
317172, 0, 0, 0, 0, 0, 0, 306648, 2140
317172, 0, 0, 0, 0, 0, 0, 306648, 2140
317172, 0, 0, 0, 0, 0, 0, 306648, 2140
317172, 0, 0, 0, 0, 0, 0, 306648, 2140
317172, 0, 0, 0, 0, 0, 0, 306648, 2140
317172, 0, 0, 0, 0, 0, 0, 306648, 2140
317172, 0, 0, 0, 0, 0, 0, 306648, 2140
317172, 0, 0, 0, 0, 0, 0, 306648, 2140
317172, 0, 0, 0, 0, 0, 0, 306648, 2140
317172, 0, 0, 0, 0, 0, 0, 306648, 2140
317172, 0, 0, 0, 0, 0, 0, 306648, 2140
317172, 0, 0, 0, 0, 0, 0, 306648, 2140
317172, 0, 0, 0, 0, 0, 0, 306648, 2140
317172, 0, 0, 0, 0, 0, 0, 306648, 2140
317172, 0, 0, 0, 0, 0, 0, 306648, 2140
317172, 0, 0, 0, 0, 0, 0, 306648, 2140
317172, 0, 0, 0, 0, 0, 0, 306648, 2140
317172, 0, 0, 0, 0, 0, 0, 306648, 2140
317172, 0, 0, 0, 0, 0, 0, 306648, 2140
317172, 0, 0, 0, 0, 0, 0, 306648, 2140
317172, 0, 0, 0, 0, 0, 0, 306648, 2140
317172, 0, 0, 0, 0, 0, 0, 306648, 2140
317172, 0, 0, 0, 0, 0, 0, 306648, 2140
317172, 0, 0, 0, 0, 0, 0, 306648, 2140
317172, 0, 0, 0, 0, 0, 0, 306648, 2140
317172, 0, 0, 0, 0, 0, 0, 306648, 2140
317172, 0, 0, 0, 0, 0, 0, 306648, 2140
317172, 0, 0, 0, 0, 0, 0, 306648, 2140
317172, 0, 0, 0, 0, 0, 0, 306648, 2140
317172, 0, 0, 0, 0, 0, 0, 306648, 2140
317172, 0, 0, 0, 0, 0, 0, 306648, 2140
317172, 0, 0, 0, 0, 0, 0, 306648, 2140
317172, 0, 0, 0, 0, 0, 0, 306648, 2140
317172, 0, 0, 0, 0, 0, 0, 306648, 2140
317172, 0, 0, 0, 0, 0, 0, 306648, 2140
317172, 0, 0, 0, 0, 0, 0, 306648, 2140
317172, 0, 0, 0, 0, 0, 0, 306648, 2140
317172, 0, 0, 0, 0, 0, 0, 306648, 2140
317172, 0, 0, 0, 0, 0, 0, 306648, 2140
317172, 0, 0, 0, 0, 0, 0, 306648, 2140
317172, 0, 0, 0, 0, 0, 0, 306648, 2140
317172, 0, 0, 0, 0, 0, 0, 306648, 2140
317172, 0, 0, 0, 0, 0, 0, 306648, 2140
317172, 0, 0, 0, 0, 0, 0, 306648, 2140
317172, 0, 0, 0, 0, 0, 0, 306648, 2140
317172, 0, 0, 0, 0, 0, 0, 306648, 2140
317172, 0, 0, 0, 0, 0, 0, 306648, 2140
317172, 0, 0, 0, 0, 0, 0, 306648, 2140
317172, 0, 0, 0, 0, 0, 0, 306648, 2140
317172, 0, 0, 0, 0, 0, 0, 306648, 2140
317172, 0, 0, 0, 0, 0, 0, 306648, 2140
317172, 0, 0, 0, 0, 0, 0, 306648, 2140
317172, 0, 0, 0, 0, 0, 0, 306648, 2140
317172, 0, 0, 0, 0, 0, 0, 306648, 2140
317172, 0, 0, 0, 0, 0, 0, 306648, 2140
317172, 0, 0, 0, 0, 0, 0, 306648, 2140
317172, 0, 0, 0, 0, 0, 0, 306648, 2140
317172, 0, 0, 0, 0, 0, 0, 306648, 2140
317172, 0, 0, 0, 0, 0, 0, 306648, 2140
317172, 0, 0, 0, 0, 0, 0, 306648, 2140
317172, 0, 0, 0, 0, 0, 0, 306648, 2140
317172, 0, 0, 0, 0, 0, 0, 306648, 2140
317172, 0, 0, 0, 0, 0, 0, 306648, 2140
317172, 0, 0, 0, 0, 0, 0, 306648, 2140
317172, 0, 0, 0, 0, 0, 0, 306648, 2140
317172, 0, 0, 0, 0, 0, 0, 306648, 2140
317172, 0, 0, 0, 0, 0, 0, 306648, 2140
317172, 0, 0, 0, 0, 0, 0, 306648, 2140
317172, 0, 0, 0, 0, 0, 0, 306648, 2140
317172, 0, 0, 0, 0, 0, 0, 306648, 2140
317172, 0, 0, 0, 0, 0, 0, 306648, 2140
317172, 0, 0, 0, 0, 0, 0, 306648, 2140
317172, 0, 0, 0, 0, 0, 0, 306648, 2140
317172, 0, 0, 0, 0, 0, 0, 306648, 2140
317172, 0, 0, 0, 0, 0, 0, 306648, 2140
317172, 0, 0, 0, 0, 0, 0, 306648, 2140
317172, 0, 0, 0, 0, 0, 0, 306648, 2140
317172, 0, 0, 0, 0, 0, 0, 306648, 2140
317172, 0, 0, 0, 0, 0, 0, 306648, 2140
317172, 0, 0, 0, 0, 0, 0, 306648, 2140
317172, 0, 0, 0, 0, 0, 0, 306648, 2140
317172, 0, 0, 0, 0, 0, 0, 306648, 2140
317172, 0, 0, 0, 0, 0, 0, 306648, 2140
317172, 0, 0, 0, 0, 0, 0, 306648, 2140
317172, 0, 0, 0, 0, 0, 0, 306648, 2140
317172, 0, 0, 0, 0, 0, 0, 306648, 2140
317172, 0, 0, 0, 0, 0, 0, 306648, 2140
317172, 0, 0, 0, 0, 0, 0, 306648, 2140
317172, 0, 0, 0, 0, 0, 0, 306648, 2140
317172, 0, 0, 0, 0, 0, 0, 306648, 2140
317172, 0, 0, 0, 0, 0, 0, 306648, 2140
317172, 0, 0, 0, 0, 0, 0, 306648, 2140
317172, 0, 0, 0, 0, 0, 0, 306648, 2140
317172, 0, 0, 0, 0, 0, 0, 306648, 2140
317172, 0, 0, 0, 0, 0, 0, 306648, 2140
317172, 0, 0, 0, 0, 0, 0, 306648, 2140
317172, 0, 0, 0, 0, 0, 0, 306648, 2140
317172, 0, 0, 0, 0, 0, 0, 306648, 2140
317172, 0, 0, 0, 0, 0, 0, 306648, 2140
317172, 0, 0, 0, 0, 0, 0, 306648, 2140
317172, 0, 0, 0, 0, 0, 0, 306648, 2140
317172, 0, 0, 0, 0, 0, 0, 306648, 2140
317172, 0, 0, 0, 0, 0, 0, 306648, 2140
317172, 0, 0, 0, 0, 0, 0, 306648, 2140
317172, 0, 0, 0, 0, 0, 0, 306648, 2140
317172, 0, 0, 0, 0, 0, 0, 306648, 2140
317172, 0, 0, 0, 0, 0, 0, 306648, 2140
317172, 0, 0, 0, 0, 0, 0, 306648, 2140
317172, 0, 0, 0, 0, 0, 0, 306648, 2140
317172, 0, 0, 0, 0, 0, 0, 306648, 2140
317172, 0, 0, 0, 0, 0, 0, 306648, 2140
317172, 0, 0, 0, 0, 0, 0, 306648, 2140
317172, 0, 0, 0, 0, 0, 0, 306648, 2140
317172, 0, 0, 0, 0, 0, 0, 306648, 2140
317172, 0, 0, 0, 0, 0, 0, 306648, 2140
317172, 0, 0, 0, 0, 0, 0, 306648, 2140
317172, 0, 0, 0, 0, 0, 0, 306648, 2140
317172, 0, 0, 0, 0, 0, 0, 306648, 2140
317172, 0, 0, 0, 0, 0, 0, 306648, 2140
317172, 0, 0, 0, 0, 0, 0, 306648, 2140
317172, 0, 0, 0, 0, 0, 0, 306648, 2140
317172, 0, 0, 0, 0, 0, 0, 306648, 2140
317172, 0, 0, 0, 0, 0, 0, 306648, 2140
317172, 0, 0, 0, 0, 0, 0, 306648, 2140
317172, 0, 0, 0, 0, 0, 0, 306648, 2140
317172, 0, 0, 0, 0, 0, 0, 306648, 2140
317172, 0, 0, 0, 0, 0, 0, 306648, 2140
317172, 0, 0, 0, 0, 0, 0, 306648, 2140
317172, 0, 0, 0, 0, 0, 0, 306648, 2140
317172, 0, 0, 0, 0, 0, 0, 306648, 2140
317172, 0, 0, 0, 0, 0, 0, 306648, 2140
317172, 0, 0, 0, 0, 0, 0, 306648, 2140
317172, 0, 0, 0, 0, 0, 0, 306648, 2140
317172, 0, 0, 0, 0, 0, 0, 306648, 2140
317172, 0, 0, 0, 0, 0, 0, 306648, 2140
317172, 0, 0, 0, 0, 0, 0, 306648, 2140
317172, 0, 0, 0, 0, 0, 0, 306648, 2140
317172, 0, 0, 0, 0, 0, 0, 306648, 2140
317172, 0, 0, 0, 0, 0, 0, 306648, 2140
317172, 0, 0, 0, 0, 0, 0, 306648, 2140
317172, 0, 0, 0, 0, 0, 0, 306648, 2140
317172, 0, 0, 0, 0, 0, 0, 306648, 2140
317172, 0, 0, 0, 0, 0, 0, 306648, 2140
317172, 0, 0, 0, 0, 0, 0, 306648, 2140
317172, 0, 0, 0, 0, 0, 0, 306648, 2140
317172, 0, 0, 0, 0, 0, 0, 306648, 2140
317172, 0, 0, 0, 0, 0, 0, 306648, 2140
317172, 0, 0, 0, 0, 0, 0, 306648, 2140
317172, 0, 0, 0, 0, 0, 0, 306648, 2140
317172, 0, 0, 0, 0, 0, 0, 306648, 2140
317172, 0, 0, 0, 0, 0, 0, 306648, 2140
317172, 0, 0, 0, 0, 0, 0, 306648, 2140
317172, 0, 0, 0, 0, 0, 0, 306648, 2140
317172, 0, 0, 0, 0, 0, 0, 306648, 2140
317172, 0, 0, 0, 0, 0, 0, 306648, 2140
317172, 0, 0, 0, 0, 0, 0, 306648, 2140
317172, 0, 0, 0, 0, 0, 0, 306648, 2140
317172, 0, 0, 0, 0, 0, 0, 306648, 2140
317172, 0, 0, 0, 0, 0, 0, 306648, 2140
317172, 0, 0, 0, 0, 0, 0, 306648, 2140
317172, 0, 0, 0, 0, 0, 0, 306648, 2140
317172, 0, 0, 0, 0, 0, 0, 306648, 2140
317172, 0, 0, 0, 0, 0, 0, 306648, 2140
317172, 0, 0, 0, 0, 0, 0, 306648, 2140
317172, 0, 0, 0, 0, 0, 0, 306648, 2140
317172, 0, 0, 0, 0, 0, 0, 306648, 2140
317172, 0, 0, 0, 0, 0, 0, 306648, 2140
317172, 0, 0, 0, 0, 0, 0, 306648, 2140
317172, 0, 0, 0, 0, 0, 0, 306648, 2140
317172, 0, 0, 0, 0, 0, 0, 306648, 2140
317172, 0, 0, 0, 0, 0, 0, 306648, 2140
317172, 0, 0, 0, 0, 0, 0, 306648, 2140
317172, 0, 0, 0, 0, 0, 0, 306648, 2140
317172, 0, 0, 0, 0, 0, 0, 306648, 2140
317172, 0, 0, 0, 0, 0, 0, 306648, 2140
317172, 0, 0, 0, 0, 0, 0, 306648, 2140
317172, 0, 0, 0, 0, 0, 0, 306648, 2140
317172, 0, 0, 0, 0, 0, 0, 306648, 2140
317172, 0, 0, 0, 0, 0, 0, 306648, 2140
317172, 0, 0, 0, 0, 0, 0, 306648, 2140
317172, 0, 0, 0, 0, 0, 0, 306648, 2140
317172, 0, 0, 0, 0, 0, 0, 306648, 2140
317172, 0, 0, 0, 0, 0, 0, 306648, 2140
317172, 0, 0, 0, 0, 0, 0, 306648, 2140
317172, 0, 0, 0, 0, 0, 0, 306648, 2140
317172, 0, 0, 0, 0, 0, 0, 306648, 2140
317172, 0, 0, 0, 0, 0, 0, 306648, 2140
317172, 0, 0, 0, 0, 0, 0, 306648, 2140
317172, 0, 0, 0, 0, 0, 0, 306648, 2140
317172, 0, 0, 0, 0, 0, 0, 306648, 2140
317172, 0, 0, 0, 0, 0, 0, 306648, 2140
317172, 0, 0, 0, 0, 0, 0, 306648, 2140
317172, 0, 0, 0, 0, 0, 0, 306648, 2140
317172, 0, 0, 0, 0, 0, 0, 306648, 2140
317172, 0, 0, 0, 0, 0, 0, 306648, 2140
317172, 0, 0, 0, 0, 0, 0, 306648, 2140
317172, 0, 0, 0, 0, 0, 0, 306648, 2140
317172, 0, 0, 0, 0, 0, 0, 306648, 2140
317172, 0, 0, 0, 0, 0, 0, 306648, 2140
317172, 0, 0, 0, 0, 0, 0, 306648, 2140
317172, 0, 0, 0, 0, 0, 0, 306648, 2140
317172, 0, 0, 0, 0, 0, 0, 306648, 2140
317172, 0, 0, 0, 0, 0, 0, 306648, 2140
317172, 0, 0, 0, 0, 0, 0, 306648, 2140
317172, 0, 0, 0, 0, 0, 0, 306648, 2140
317172, 0, 0, 0, 0, 0, 0, 306648, 2140
317172, 0, 0, 0, 0, 0, 0, 306648, 2140
317172, 0, 0, 0, 0, 0, 0, 306648, 2140
317172, 0, 0, 0, 0, 0, 0, 306648, 2140
317172, 0, 0, 0, 0, 0, 0, 306648, 2140
317172, 0, 0, 0, 0, 0, 0, 306648, 2140
317172, 0, 0, 0, 0, 0, 0, 306648, 2140
317172, 0, 0, 0, 0, 0, 0, 306648, 2140
317172, 0, 0, 0, 0, 0, 0, 306648, 2140
317172, 0, 0, 0, 0, 0, 0, 306648, 2140
317172, 0, 0, 0, 0, 0, 0, 306648, 2140
317172, 0, 0, 0, 0, 0, 0, 306648, 2140
317172, 0, 0, 0, 0, 0, 0, 306648, 2140
317172, 0, 0, 0, 0, 0, 0, 306648, 2140
317172, 0, 0, 0, 0, 0, 0, 306648, 2140
317172, 0, 0, 0, 0, 0, 0, 306648, 2140
317172, 0, 0, 0, 0, 0, 0, 306648, 2140
317172, 0, 0, 0, 0, 0, 0, 306648, 2140
317172, 0, 0, 0, 0, 0, 0, 306648, 2140
317172, 0, 0, 0, 0, 0, 0, 306648, 2140
317172, 0, 0, 0, 0, 0, 0, 306648, 2140
317172, 0, 0, 0, 0, 0, 0, 306648, 2140
317172, 0, 0, 0, 0, 0, 0, 306648, 2140
317172, 0, 0, 0, 0, 0, 0, 306648, 2140
317172, 0, 0, 0, 0, 0, 0, 306648, 2140
317172, 0, 0, 0, 0, 0, 0, 306648, 2140
317172, 0, 0, 0, 0, 0, 0, 306648, 2140
317172, 0, 0, 0, 0, 0, 0, 306648, 2140
317172, 0, 0, 0, 0, 0, 0, 306648, 2140
317172, 0, 0, 0, 0, 0, 0, 306648, 2140
317172, 0, 0, 0, 0, 0, 0, 306648, 2140
317172, 0, 0, 0, 0, 0, 0, 306648, 2140
317172, 0, 0, 0, 0, 0, 0, 306648, 2140
317172, 0, 0, 0, 0, 0, 0, 306648, 2140
317172, 0, 0, 0, 0, 0, 0, 306648, 2140
317172, 0, 0, 0, 0, 0, 0, 306648, 2140
317172, 0, 0, 0, 0, 0, 0, 306648, 2140
317172, 0, 0, 0, 0, 0, 0, 306648, 2140
317172, 0, 0, 0, 0, 0, 0, 306648, 2140
317172, 0, 0, 0, 0, 0, 0, 306648, 2140
317172, 0, 0, 0, 0, 0, 0, 306648, 2140
317172, 0, 0, 0, 0, 0, 0, 306648, 2140
317172, 0, 0, 0, 0, 0, 0, 306648, 2140
317172, 0, 0, 0, 0, 0, 0, 306648, 2140
317172, 0, 0, 0, 0, 0, 0, 306648, 2140
317172, 0, 0, 0, 0, 0, 0, 306648, 2140
317172, 0, 0, 0, 0, 0, 0, 306648, 2140
317172, 0, 0, 0, 0, 0, 0, 306648, 2140
317172, 0, 0, 0, 0, 0, 0, 306648, 2140
317172, 0, 0, 0, 0, 0, 0, 306648, 2140
317172, 0, 0, 0, 0, 0, 0, 306648, 2140
317172, 0, 0, 0, 0, 0, 0, 306648, 2140
317172, 0, 0, 0, 0, 0, 0, 306648, 2140
317172, 0, 0, 0, 0, 0, 0, 306648, 2140
317172, 0, 0, 0, 0, 0, 0, 306648, 2140
317172, 0, 0, 0, 0, 0, 0, 306648, 2140
317172, 0, 0, 0, 0, 0, 0, 306648, 2140
317172, 0, 0, 0, 0, 0, 0, 306648, 2140
317172, 0, 0, 0, 0, 0, 0, 306648, 2140
317172, 0, 0, 0, 0, 0, 0, 306648, 2140
317172, 0, 0, 0, 0, 0, 0, 306648, 2140
317172, 0, 0, 0, 0, 0, 0, 306648, 2140
317172, 0, 0, 0, 0, 0, 0, 306648, 2140
317172, 0, 0, 0, 0, 0, 0, 306648, 2140
317172, 0, 0, 0, 0, 0, 0, 306648, 2140
317172, 0, 0, 0, 0, 0, 0, 306648, 2140
317172, 0, 0, 0, 0, 0, 0, 306648, 2140
317172, 0, 0, 0, 0, 0, 0, 306648, 2140
317172, 0, 0, 0, 0, 0, 0, 306648, 2140
317172, 0, 0, 0, 0, 0, 0, 306648, 2140
317172, 0, 0, 0, 0, 0, 0, 306648, 2140
317172, 0, 0, 0, 0, 0, 0, 306648, 2140
317172, 0, 0, 0, 0, 0, 0, 306648, 2140
317172, 0, 0, 0, 0, 0, 0, 306648, 2140
317172, 0, 0, 0, 0, 0, 0, 306648, 2140
317172, 0, 0, 0, 0, 0, 0, 306648, 2140
317172, 0, 0, 0, 0, 0, 0, 306648, 2140
317172, 0, 0, 0, 0, 0, 0, 306648, 2140
317172, 0, 0, 0, 0, 0, 0, 306648, 2140
317172, 0, 0, 0, 0, 0, 0, 306648, 2140
317172, 0, 0, 0, 0, 0, 0, 306648, 2140
317172, 0, 0, 0, 0, 0, 0, 306648, 2140
317172, 0, 0, 0, 0, 0, 0, 306648, 2140
317172, 0, 0, 0, 0, 0, 0, 306648, 2140
317172, 0, 0, 0, 0, 0, 0, 306648, 2140
317172, 0, 0, 0, 0, 0, 0, 306648, 2140
317172, 0, 0, 0, 0, 0, 0, 306648, 2140
317172, 0, 0, 0, 0, 0, 0, 306648, 2140
317172, 0, 0, 0, 0, 0, 0, 306648, 2140
317172, 0, 0, 0, 0, 0, 0, 306648, 2140
317172, 0, 0, 0, 0, 0, 0, 306648, 2140
317172, 0, 0, 0, 0, 0, 0, 306648, 2140
317172, 0, 0, 0, 0, 0, 0, 306648, 2140
317172, 0, 0, 0, 0, 0, 0, 306648, 2140
317172, 0, 0, 0, 0, 0, 0, 306648, 2140
317172, 0, 0, 0, 0, 0, 0, 306648, 2140
317172, 0, 0, 0, 0, 0, 0, 306648, 2140
317172, 0, 0, 0, 0, 0, 0, 306648, 2140
317172, 0, 0, 0, 0, 0, 0, 306648, 2140
317172, 0, 0, 0, 0, 0, 0, 306648, 2140
317172, 0, 0, 0, 0, 0, 0, 306648, 2140
317172, 0, 0, 0, 0, 0, 0, 306648, 2140
317172, 0, 0, 0, 0, 0, 0, 306648, 2140
317172, 0, 0, 0, 0, 0, 0, 306648, 2140
317172, 0, 0, 0, 0, 0, 0, 306648, 2140
317172, 0, 0, 0, 0, 0, 0, 306648, 2140
317172, 0, 0, 0, 0, 0, 0, 306648, 2140
317172, 0, 0, 0, 0, 0, 0, 306648, 2140
317172, 0, 0, 0, 0, 0, 0, 306648, 2140
317172, 0, 0, 0, 0, 0, 0, 306648, 2140
317172, 0, 0, 0, 0, 0, 0, 306648, 2140
317172, 0, 0, 0, 0, 0, 0, 306648, 2140
317172, 0, 0, 0, 0, 0, 0, 306648, 2140
317172, 0, 0, 0, 0, 0, 0, 306648, 2140
317172, 0, 0, 0, 0, 0, 0, 306648, 2140
317172, 0, 0, 0, 0, 0, 0, 306648, 2140
317172, 0, 0, 0, 0, 0, 0, 306648, 2140
317172, 0, 0, 0, 0, 0, 0, 306648, 2140
317172, 0, 0, 0, 0, 0, 0, 306648, 2140
317172, 0, 0, 0, 0, 0, 0, 306648, 2140
317172, 0, 0, 0, 0, 0, 0, 306648, 2140
317172, 0, 0, 0, 0, 0, 0, 306648, 2140
317172, 0, 0, 0, 0, 0, 0, 306648, 2140
317172, 0, 0, 0, 0, 0, 0, 306648, 2140
317172, 0, 0, 0, 0, 0, 0, 306648, 2140
317172, 0, 0, 0, 0, 0, 0, 306648, 2140
317172, 0, 0, 0, 0, 0, 0, 306648, 2140
317172, 0, 0, 0, 0, 0, 0, 306648, 2140
317172, 0, 0, 0, 0, 0, 0, 306648, 2140
317172, 0, 0, 0, 0, 0, 0, 306648, 2140
317172, 0, 0, 0, 0, 0, 0, 306648, 2140
317172, 0, 0, 0, 0, 0, 0, 306648, 2140
317172, 0, 0, 0, 0, 0, 0, 306648, 2140
317172, 0, 0, 0, 0, 0, 0, 306648, 2140
317172, 0, 0, 0, 0, 0, 0, 306648, 2140
317172, 0, 0, 0, 0, 0, 0, 306648, 2140
317172, 0, 0, 0, 0, 0, 0, 306648, 2140
317172, 0, 0, 0, 0, 0, 0, 306648, 2140
317172, 0, 0, 0, 0, 0, 0, 306648, 2140
317172, 0, 0, 0, 0, 0, 0, 306648, 2140
317172, 0, 0, 0, 0, 0, 0, 306648, 2140
317172, 0, 0, 0, 0, 0, 0, 306648, 2140
317172, 0, 0, 0, 0, 0, 0, 306648, 2140
317172, 0, 0, 0, 0, 0, 0, 306648, 2140
317172, 0, 0, 0, 0, 0, 0, 306648, 2140
317172, 0, 0, 0, 0, 0, 0, 306648, 2140
317172, 0, 0, 0, 0, 0, 0, 306648, 2140
317172, 0, 0, 0, 0, 0, 0, 306648, 2140
317172, 0, 0, 0, 0, 0, 0, 306648, 2140
317172, 0, 0, 0, 0, 0, 0, 306648, 2140
317172, 0, 0, 0, 0, 0, 0, 306648, 2140
317172, 0, 0, 0, 0, 0, 0, 306648, 2140
317172, 0, 0, 0, 0, 0, 0, 306648, 2140
317172, 0, 0, 0, 0, 0, 0, 306648, 2140
317172, 0, 0, 0, 0, 0, 0, 306648, 2140
317172, 0, 0, 0, 0, 0, 0, 306648, 2140
317172, 0, 0, 0, 0, 0, 0, 306648, 2140
317172, 0, 0, 0, 0, 0, 0, 306648, 2140
317172, 0, 0, 0, 0, 0, 0, 306648, 2140
317172, 0, 0, 0, 0, 0, 0, 306648, 2140
317172, 0, 0, 0, 0, 0, 0, 306648, 2140
317172, 0, 0, 0, 0, 0, 0, 306648, 2140
317172, 0, 0, 0, 0, 0, 0, 306648, 2140
317172, 0, 0, 0, 0, 0, 0, 306648, 2140
317172, 0, 0, 0, 0, 0, 0, 306648, 2140
317172, 0, 0, 0, 0, 0, 0, 306648, 2140
317172, 0, 0, 0, 0, 0, 0, 306648, 2140
317172, 0, 0, 0, 0, 0, 0, 306648, 2140
317172, 0, 0, 0, 0, 0, 0, 306648, 2140
317172, 0, 0, 0, 0, 0, 0, 306648, 2140
317172, 0, 0, 0, 0, 0, 0, 306648, 2140
317172, 0, 0, 0, 0, 0, 0, 306648, 2140
317172, 0, 0, 0, 0, 0, 0, 306648, 2140
317172, 0, 0, 0, 0, 0, 0, 306648, 2140
317172, 0, 0, 0, 0, 0, 0, 306648, 2140
317172, 0, 0, 0, 0, 0, 0, 306648, 2140
317172, 0, 0, 0, 0, 0, 0, 306648, 2140
317172, 0, 0, 0, 0, 0, 0, 306648, 2140
317172, 0, 0, 0, 0, 0, 0, 306648, 2140
317172, 0, 0, 0, 0, 0, 0, 306648, 2140
317172, 0, 0, 0, 0, 0, 0, 306648, 2140
317172, 0, 0, 0, 0, 0, 0, 306648, 2140
317172, 0, 0, 0, 0, 0, 0, 306648, 2140
317172, 0, 0, 0, 0, 0, 0, 306648, 2140
317172, 0, 0, 0, 0, 0, 0, 306648, 2140
317172, 0, 0, 0, 0, 0, 0, 306648, 2140
317172, 0, 0, 0, 0, 0, 0, 306648, 2140
317172, 0, 0, 0, 0, 0, 0, 306648, 2140
317172, 0, 0, 0, 0, 0, 0, 306648, 2140
317172, 0, 0, 0, 0, 0, 0, 306648, 2140
317172, 0, 0, 0, 0, 0, 0, 306648, 2140
317172, 0, 0, 0, 0, 0, 0, 306648, 2140
317172, 0, 0, 0, 0, 0, 0, 306648, 2140
317172, 0, 0, 0, 0, 0, 0, 306648, 2140
317172, 0, 0, 0, 0, 0, 0, 306648, 2140
317172, 0, 0, 0, 0, 0, 0, 306648, 2140
317172, 0, 0, 0, 0, 0, 0, 306648, 2140
317172, 0, 0, 0, 0, 0, 0, 306648, 2140
317172, 0, 0, 0, 0, 0, 0, 306648, 2140
317172, 0, 0, 0, 0, 0, 0, 306648, 2140
317172, 0, 0, 0, 0, 0, 0, 306648, 2140
317172, 0, 0, 0, 0, 0, 0, 306648, 2140
317172, 0, 0, 0, 0, 0, 0, 306648, 2140
317172, 0, 0, 0, 0, 0, 0, 306648, 2140
317172, 0, 0, 0, 0, 0, 0, 306648, 2140
317172, 0, 0, 0, 0, 0, 0, 306648, 2140
317172, 0, 0, 0, 0, 0, 0, 306648, 2140
317172, 0, 0, 0, 0, 0, 0, 306648, 2140
317172, 0, 0, 0, 0, 0, 0, 306648, 2140
317172, 0, 0, 0, 0, 0, 0, 306648, 2140
317172, 0, 0, 0, 0, 0, 0, 306648, 2140
317172, 0, 0, 0, 0, 0, 0, 306648, 2140
317172, 0, 0, 0, 0, 0, 0, 306648, 2140
317172, 0, 0, 0, 0, 0, 0, 306648, 2140
317172, 0, 0, 0, 0, 0, 0, 306648, 2140
317172, 0, 0, 0, 0, 0, 0, 306648, 2140
317172, 0, 0, 0, 0, 0, 0, 306648, 2140
317172, 0, 0, 0, 0, 0, 0, 306648, 2140
317172, 0, 0, 0, 0, 0, 0, 306648, 2140
317172, 0, 0, 0, 0, 0, 0, 306648, 2140
317172, 0, 0, 0, 0, 0, 0, 306648, 2140
317172, 0, 0, 0, 0, 0, 0, 306648, 2140
317172, 0, 0, 0, 0, 0, 0, 306648, 2140
317172, 0, 0, 0, 0, 0, 0, 306648, 2140
317172, 0, 0, 0, 0, 0, 0, 306648, 2140
317172, 0, 0, 0, 0, 0, 0, 306648, 2140
317172, 0, 0, 0, 0, 0, 0, 306648, 2140
317172, 0, 0, 0, 0, 0, 0, 306648, 2140
317172, 0, 0, 0, 0, 0, 0, 306648, 2140
317172, 0, 0, 0, 0, 0, 0, 306648, 2140
317172, 0, 0, 0, 0, 0, 0, 306648, 2140
317172, 0, 0, 0, 0, 0, 0, 306648, 2140
317172, 0, 0, 0, 0, 0, 0, 306648, 2140
317172, 0, 0, 0, 0, 0, 0, 306648, 2140
317172, 0, 0, 0, 0, 0, 0, 306648, 2140
317172, 0, 0, 0, 0, 0, 0, 306648, 2140
317172, 0, 0, 0, 0, 0, 0, 306648, 2140
317172, 0, 0, 0, 0, 0, 0, 306648, 2140
317172, 0, 0, 0, 0, 0, 0, 306648, 2140
317172, 0, 0, 0, 0, 0, 0, 306648, 2140
317172, 0, 0, 0, 0, 0, 0, 306648, 2140
317172, 0, 0, 0, 0, 0, 0, 306648, 2140
317172, 0, 0, 0, 0, 0, 0, 306648, 2140
317172, 0, 0, 0, 0, 0, 0, 306648, 2140
317172, 0, 0, 0, 0, 0, 0, 306648, 2140
317172, 0, 0, 0, 0, 0, 0, 306648, 2140
317172, 0, 0, 0, 0, 0, 0, 306648, 2140
317172, 0, 0, 0, 0, 0, 0, 306648, 2140
317172, 0, 0, 0, 0, 0, 0, 306648, 2140
317172, 0, 0, 0, 0, 0, 0, 306648, 2140
317172, 0, 0, 0, 0, 0, 0, 306648, 2140
317172, 0, 0, 0, 0, 0, 0, 306648, 2140
317172, 0, 0, 0, 0, 0, 0, 306648, 2140
317172, 0, 0, 0, 0, 0, 0, 306648, 2140
317172, 0, 0, 0, 0, 0, 0, 306648, 2140
317172, 0, 0, 0, 0, 0, 0, 306648, 2140
317172, 0, 0, 0, 0, 0, 0, 306648, 2140
317172, 0, 0, 0, 0, 0, 0, 306648, 2140
317172, 0, 0, 0, 0, 0, 0, 306648, 2140
317172, 0, 0, 0, 0, 0, 0, 306648, 2140
317172, 0, 0, 0, 0, 0, 0, 306648, 2140
317172, 0, 0, 0, 0, 0, 0, 306648, 2140
317172, 0, 0, 0, 0, 0, 0, 306648, 2140
317172, 0, 0, 0, 0, 0, 0, 306648, 2140
317172, 0, 0, 0, 0, 0, 0, 306648, 2140
317172, 0, 0, 0, 0, 0, 0, 306648, 2140
317172, 0, 0, 0, 0, 0, 0, 306648, 2140
317172, 0, 0, 0, 0, 0, 0, 306648, 2140
317172, 0, 0, 0, 0, 0, 0, 306648, 2140
317172, 0, 0, 0, 0, 0, 0, 306648, 2140
317172, 0, 0, 0, 0, 0, 0, 306648, 2140
317172, 0, 0, 0, 0, 0, 0, 306648, 2140
317172, 0, 0, 0, 0, 0, 0, 306648, 2140
317172, 0, 0, 0, 0, 0, 0, 306648, 2140
317172, 0, 0, 0, 0, 0, 0, 306648, 2140
317172, 0, 0, 0, 0, 0, 0, 306648, 2140
317172, 0, 0, 0, 0, 0, 0, 306648, 2140
317172, 0, 0, 0, 0, 0, 0, 306648, 2140
317172, 0, 0, 0, 0, 0, 0, 306648, 2140
317172, 0, 0, 0, 0, 0, 0, 306648, 2140
317172, 0, 0, 0, 0, 0, 0, 306648, 2140
317172, 0, 0, 0, 0, 0, 0, 306648, 2140
317172, 0, 0, 0, 0, 0, 0, 306648, 2140
317172, 0, 0, 0, 0, 0, 0, 306648, 2140
317172, 0, 0, 0, 0, 0, 0, 306648, 2140
317172, 0, 0, 0, 0, 0, 0, 306648, 2140
317172, 0, 0, 0, 0, 0, 0, 306648, 2140
317172, 0, 0, 0, 0, 0, 0, 306648, 2140
317172, 0, 0, 0, 0, 0, 0, 306648, 2140
317172, 0, 0, 0, 0, 0, 0, 306648, 2140
317172, 0, 0, 0, 0, 0, 0, 306648, 2140
317172, 0, 0, 0, 0, 0, 0, 306648, 2140
317172, 0, 0, 0, 0, 0, 0, 306648, 2140
317172, 0, 0, 0, 0, 0, 0, 306648, 2140
317172, 0, 0, 0, 0, 0, 0, 306648, 2140
317172, 0, 0, 0, 0, 0, 0, 306648, 2140
317172, 0, 0, 0, 0, 0, 0, 306648, 2140
317172, 0, 0, 0, 0, 0, 0, 306648, 2140
317172, 0, 0, 0, 0, 0, 0, 306648, 2140
317172, 0, 0, 0, 0, 0, 0, 306648, 2140
317172, 0, 0, 0, 0, 0, 0, 306648, 2140
317172, 0, 0, 0, 0, 0, 0, 306648, 2140
317172, 0, 0, 0, 0, 0, 0, 306648, 2140
317172, 0, 0, 0, 0, 0, 0, 306648, 2140
317172, 0, 0, 0, 0, 0, 0, 306648, 2140
317172, 0, 0, 0, 0, 0, 0, 306648, 2140
317172, 0, 0, 0, 0, 0, 0, 306648, 2140
317172, 0, 0, 0, 0, 0, 0, 306648, 2140
317172, 0, 0, 0, 0, 0, 0, 306648, 2140
317172, 0, 0, 0, 0, 0, 0, 306648, 2140
317172, 0, 0, 0, 0, 0, 0, 306648, 2140
317172, 0, 0, 0, 0, 0, 0, 306648, 2140
317172, 0, 0, 0, 0, 0, 0, 306648, 2140
317172, 0, 0, 0, 0, 0, 0, 306648, 2140
317172, 0, 0, 0, 0, 0, 0, 306648, 2140
317172, 0, 0, 0, 0, 0, 0, 306648, 2140
317172, 0, 0, 0, 0, 0, 0, 306648, 2140
317172, 0, 0, 0, 0, 0, 0, 306648, 2140
317172, 0, 0, 0, 0, 0, 0, 306648, 2140
317172, 0, 0, 0, 0, 0, 0, 306648, 2140
317172, 0, 0, 0, 0, 0, 0, 306648, 2140
317172, 0, 0, 0, 0, 0, 0, 306648, 2140
317172, 0, 0, 0, 0, 0, 0, 306648, 2140
317172, 0, 0, 0, 0, 0, 0, 306648, 2140
317172, 0, 0, 0, 0, 0, 0, 306648, 2140
317172, 0, 0, 0, 0, 0, 0, 306648, 2140
317172, 0, 0, 0, 0, 0, 0, 306648, 2140
317172, 0, 0, 0, 0, 0, 0, 306648, 2140
317172, 0, 0, 0, 0, 0, 0, 306648, 2140
317172, 0, 0, 0, 0, 0, 0, 306648, 2140
317172, 0, 0, 0, 0, 0, 0, 306648, 2140
317172, 0, 0, 0, 0, 0, 0, 306648, 2140
317172, 0, 0, 0, 0, 0, 0, 306648, 2140
317172, 0, 0, 0, 0, 0, 0, 306648, 2140
317172, 0, 0, 0, 0, 0, 0, 306648, 2140
317172, 0, 0, 0, 0, 0, 0, 306648, 2140
317172, 0, 0, 0, 0, 0, 0, 306648, 2140
317172, 0, 0, 0, 0, 0, 0, 306648, 2140
317172, 0, 0, 0, 0, 0, 0, 306648, 2140
317172, 0, 0, 0, 0, 0, 0, 306648, 2140
317172, 0, 0, 0, 0, 0, 0, 306648, 2140
317172, 0, 0, 0, 0, 0, 0, 306648, 2140
317172, 0, 0, 0, 0, 0, 0, 306648, 2140
317172, 0, 0, 0, 0, 0, 0, 306648, 2140
317172, 0, 0, 0, 0, 0, 0, 306648, 2140
317172, 0, 0, 0, 0, 0, 0, 306648, 2140
317172, 0, 0, 0, 0, 0, 0, 306648, 2140
317172, 0, 0, 0, 0, 0, 0, 306648, 2140
317172, 0, 0, 0, 0, 0, 0, 306648, 2140
317172, 0, 0, 0, 0, 0, 0, 306648, 2140
317172, 0, 0, 0, 0, 0, 0, 306648, 2140
317172, 0, 0, 0, 0, 0, 0, 306648, 2140
317172, 0, 0, 0, 0, 0, 0, 306648, 2140
317172, 0, 0, 0, 0, 0, 0, 306648, 2140
317172, 0, 0, 0, 0, 0, 0, 306648, 2140
317172, 0, 0, 0, 0, 0, 0, 306648, 2140
317172, 0, 0, 0, 0, 0, 0, 306648, 2140
317172, 0, 0, 0, 0, 0, 0, 306648, 2140
317172, 0, 0, 0, 0, 0, 0, 306648, 2140
317172, 0, 0, 0, 0, 0, 0, 306648, 2140
317172, 0, 0, 0, 0, 0, 0, 306648, 2140
317172, 0, 0, 0, 0, 0, 0, 306648, 2140
317172, 0, 0, 0, 0, 0, 0, 306648, 2140
317172, 0, 0, 0, 0, 0, 0, 306648, 2140
317172, 0, 0, 0, 0, 0, 0, 306648, 2140
317172, 0, 0, 0, 0, 0, 0, 306648, 2140
317172, 0, 0, 0, 0, 0, 0, 306648, 2140
317172, 0, 0, 0, 0, 0, 0, 306648, 2140
317172, 0, 0, 0, 0, 0, 0, 306648, 2140
317172, 0, 0, 0, 0, 0, 0, 306648, 2140
317172, 0, 0, 0, 0, 0, 0, 306648, 2140
317172, 0, 0, 0, 0, 0, 0, 306648, 2140
317172, 0, 0, 0, 0, 0, 0, 306648, 2140
317172, 0, 0, 0, 0, 0, 0, 306648, 2140
317172, 0, 0, 0, 0, 0, 0, 306648, 2140
317172, 0, 0, 0, 0, 0, 0, 306648, 2140
317172, 0, 0, 0, 0, 0, 0, 306648, 2140
317172, 0, 0, 0, 0, 0, 0, 306648, 2140
317172, 0, 0, 0, 0, 0, 0, 306648, 2140
317172, 0, 0, 0, 0, 0, 0, 306648, 2140
317172, 0, 0, 0, 0, 0, 0, 306648, 2140
317172, 0, 0, 0, 0, 0, 0, 306648, 2140
317172, 0, 0, 0, 0, 0, 0, 306648, 2140
317172, 0, 0, 0, 0, 0, 0, 306648, 2140
317172, 0, 0, 0, 0, 0, 0, 306648, 2140
317172, 0, 0, 0, 0, 0, 0, 306648, 2140
317172, 0, 0, 0, 0, 0, 0, 306648, 2140
317172, 0, 0, 0, 0, 0, 0, 306648, 2140
317172, 0, 0, 0, 0, 0, 0, 306648, 2140
317172, 0, 0, 0, 0, 0, 0, 306648, 2140
317172, 0, 0, 0, 0, 0, 0, 306648, 2140
317172, 0, 0, 0, 0, 0, 0, 306648, 2140
317172, 0, 0, 0, 0, 0, 0, 306648, 2140
317172, 0, 0, 0, 0, 0, 0, 306648, 2140
317172, 0, 0, 0, 0, 0, 0, 306648, 2140
317172, 0, 0, 0, 0, 0, 0, 306648, 2140
317172, 0, 0, 0, 0, 0, 0, 306648, 2140
317172, 0, 0, 0, 0, 0, 0, 306648, 2140
317172, 0, 0, 0, 0, 0, 0, 306648, 2140
317172, 0, 0, 0, 0, 0, 0, 306648, 2140
317172, 0, 0, 0, 0, 0, 0, 306648, 2140
317172, 0, 0, 0, 0, 0, 0, 306648, 2140
317172, 0, 0, 0, 0, 0, 0, 306648, 2140
317172, 0, 0, 0, 0, 0, 0, 306648, 2140
317172, 0, 0, 0, 0, 0, 0, 306648, 2140
317172, 0, 0, 0, 0, 0, 0, 306648, 2140
317172, 0, 0, 0, 0, 0, 0, 306648, 2140
317172, 0, 0, 0, 0, 0, 0, 306648, 2140
317172, 0, 0, 0, 0, 0, 0, 306648, 2140
317172, 0, 0, 0, 0, 0, 0, 306648, 2140
317172, 0, 0, 0, 0, 0, 0, 306648, 2140
317172, 0, 0, 0, 0, 0, 0, 306648, 2140
317172, 0, 0, 0, 0, 0, 0, 306648, 2140
317172, 0, 0, 0, 0, 0, 0, 306648, 2140
317172, 0, 0, 0, 0, 0, 0, 306648, 2140
317172, 0, 0, 0, 0, 0, 0, 306648, 2140
317172, 0, 0, 0, 0, 0, 0, 306648, 2140
317172, 0, 0, 0, 0, 0, 0, 306648, 2140
317172, 0, 0, 0, 0, 0, 0, 306648, 2140
317172, 0, 0, 0, 0, 0, 0, 306648, 2140
317172, 0, 0, 0, 0, 0, 0, 306648, 2140
317172, 0, 0, 0, 0, 0, 0, 306648, 2140
317172, 0, 0, 0, 0, 0, 0, 306648, 2140
317172, 0, 0, 0, 0, 0, 0, 306648, 2140
317172, 0, 0, 0, 0, 0, 0, 306648, 2140
317172, 0, 0, 0, 0, 0, 0, 306648, 2140
317172, 0, 0, 0, 0, 0, 0, 306648, 2140
317172, 0, 0, 0, 0, 0, 0, 306648, 2140
317172, 0, 0, 0, 0, 0, 0, 306648, 2140
317172, 0, 0, 0, 0, 0, 0, 306648, 2140
317172, 0, 0, 0, 0, 0, 0, 306648, 2140
317172, 0, 0, 0, 0, 0, 0, 306648, 2140
317172, 0, 0, 0, 0, 0, 0, 306648, 2140
317172, 0, 0, 0, 0, 0, 0, 306648, 2140
317172, 0, 0, 0, 0, 0, 0, 306648, 2140
317172, 0, 0, 0, 0, 0, 0, 306648, 2140
317172, 0, 0, 0, 0, 0, 0, 306648, 2140
317172, 0, 0, 0, 0, 0, 0, 306648, 2140
317172, 0, 0, 0, 0, 0, 0, 306648, 2140
317172, 0, 0, 0, 0, 0, 0, 306648, 2140
317172, 0, 0, 0, 0, 0, 0, 306648, 2140
317172, 0, 0, 0, 0, 0, 0, 306648, 2140
317172, 0, 0, 0, 0, 0, 0, 306648, 2140
317172, 0, 0, 0, 0, 0, 0, 306648, 2140
317172, 0, 0, 0, 0, 0, 0, 306648, 2140
317172, 0, 0, 0, 0, 0, 0, 306648, 2140
317172, 0, 0, 0, 0, 0, 0, 306648, 2140
317172, 0, 0, 0, 0, 0, 0, 306648, 2140
317172, 0, 0, 0, 0, 0, 0, 306648, 2140
317172, 0, 0, 0, 0, 0, 0, 306648, 2140
317172, 0, 0, 0, 0, 0, 0, 306648, 2140
317172, 0, 0, 0, 0, 0, 0, 306648, 2140
317172, 0, 0, 0, 0, 0, 0, 306648, 2140
317172, 0, 0, 0, 0, 0, 0, 306648, 2140
317172, 0, 0, 0, 0, 0, 0, 306648, 2140
317172, 0, 0, 0, 0, 0, 0, 306648, 2140
317172, 0, 0, 0, 0, 0, 0, 306648, 2140
317172, 0, 0, 0, 0, 0, 0, 306648, 2140
317172, 0, 0, 0, 0, 0, 0, 306648, 2140
317172, 0, 0, 0, 0, 0, 0, 306648, 2140
317172, 0, 0, 0, 0, 0, 0, 306648, 2140
317172, 0, 0, 0, 0, 0, 0, 306648, 2140
317172, 0, 0, 0, 0, 0, 0, 306648, 2140
317172, 0, 0, 0, 0, 0, 0, 306648, 2140
317172, 0, 0, 0, 0, 0, 0, 306648, 2140
317172, 0, 0, 0, 0, 0, 0, 306648, 2140
317172, 0, 0, 0, 0, 0, 0, 306648, 2140
317172, 0, 0, 0, 0, 0, 0, 306648, 2140
317172, 0, 0, 0, 0, 0, 0, 306648, 2140
317172, 0, 0, 0, 0, 0, 0, 306648, 2140
317172, 0, 0, 0, 0, 0, 0, 306648, 2140
317172, 0, 0, 0, 0, 0, 0, 306648, 2140
317172, 0, 0, 0, 0, 0, 0, 306648, 2140
317172, 0, 0, 0, 0, 0, 0, 306648, 2140
317172, 0, 0, 0, 0, 0, 0, 306648, 2140
317172, 0, 0, 0, 0, 0, 0, 306648, 2140
317172, 0, 0, 0, 0, 0, 0, 306648, 2140
317172, 0, 0, 0, 0, 0, 0, 306648, 2140
317172, 0, 0, 0, 0, 0, 0, 306648, 2140
317172, 0, 0, 0, 0, 0, 0, 306648, 2140
317172, 0, 0, 0, 0, 0, 0, 306648, 2140
317172, 0, 0, 0, 0, 0, 0, 306648, 2140
317172, 0, 0, 0, 0, 0, 0, 306648, 2140
317172, 0, 0, 0, 0, 0, 0, 306648, 2140
317172, 0, 0, 0, 0, 0, 0, 306648, 2140
317172, 0, 0, 0, 0, 0, 0, 306648, 2140
317172, 0, 0, 0, 0, 0, 0, 306648, 2140
317172, 0, 0, 0, 0, 0, 0, 306648, 2140
317172, 0, 0, 0, 0, 0, 0, 306648, 2140
317172, 0, 0, 0, 0, 0, 0, 306648, 2140
317172, 0, 0, 0, 0, 0, 0, 306648, 2140
317172, 0, 0, 0, 0, 0, 0, 306648, 2140
317172, 0, 0, 0, 0, 0, 0, 306648, 2140
317172, 0, 0, 0, 0, 0, 0, 306648, 2140
317172, 0, 0, 0, 0, 0, 0, 306648, 2140
317172, 0, 0, 0, 0, 0, 0, 306648, 2140
317172, 0, 0, 0, 0, 0, 0, 306648, 2140
317172, 0, 0, 0, 0, 0, 0, 306648, 2140
317172, 0, 0, 0, 0, 0, 0, 306648, 2140
317172, 0, 0, 0, 0, 0, 0, 306648, 2140
317172, 0, 0, 0, 0, 0, 0, 306648, 2140
317172, 0, 0, 0, 0, 0, 0, 306648, 2140
317172, 0, 0, 0, 0, 0, 0, 306648, 2140
317172, 0, 0, 0, 0, 0, 0, 306648, 2140
317172, 0, 0, 0, 0, 0, 0, 306648, 2140
317172, 0, 0, 0, 0, 0, 0, 306648, 2140
317172, 0, 0, 0, 0, 0, 0, 306648, 2140
317172, 0, 0, 0, 0, 0, 0, 306648, 2140
317172, 0, 0, 0, 0, 0, 0, 306648, 2140
317172, 0, 0, 0, 0, 0, 0, 306648, 2140
317172, 0, 0, 0, 0, 0, 0, 306648, 2140
317172, 0, 0, 0, 0, 0, 0, 306648, 2140
317172, 0, 0, 0, 0, 0, 0, 306648, 2140
317172, 0, 0, 0, 0, 0, 0, 306648, 2140
317172, 0, 0, 0, 0, 0, 0, 306648, 2140
317172, 0, 0, 0, 0, 0, 0, 306648, 2140
317172, 0, 0, 0, 0, 0, 0, 306648, 2140
317172, 0, 0, 0, 0, 0, 0, 306648, 2140
317172, 0, 0, 0, 0, 0, 0, 306648, 2140
317172, 0, 0, 0, 0, 0, 0, 306648, 2140
317172, 0, 0, 0, 0, 0, 0, 306648, 2140
317172, 0, 0, 0, 0, 0, 0, 306648, 2140
317172, 0, 0, 0, 0, 0, 0, 306648, 2140
317172, 0, 0, 0, 0, 0, 0, 306648, 2140
317172, 0, 0, 0, 0, 0, 0, 306648, 2140
317172, 0, 0, 0, 0, 0, 0, 306648, 2140
317172, 0, 0, 0, 0, 0, 0, 306648, 2140
317172, 0, 0, 0, 0, 0, 0, 306648, 2140
317172, 0, 0, 0, 0, 0, 0, 306648, 2140
317172, 0, 0, 0, 0, 0, 0, 306648, 2140
317172, 0, 0, 0, 0, 0, 0, 306648, 2140
317172, 0, 0, 0, 0, 0, 0, 306648, 2140
317172, 0, 0, 0, 0, 0, 0, 306648, 2140
317172, 0, 0, 0, 0, 0, 0, 306648, 2140
317172, 0, 0, 0, 0, 0, 0, 306648, 2140
317172, 0, 0, 0, 0, 0, 0, 306648, 2140
317172, 0, 0, 0, 0, 0, 0, 306648, 2140
317172, 0, 0, 0, 0, 0, 0, 306648, 2140
317172, 0, 0, 0, 0, 0, 0, 306648, 2140
317172, 0, 0, 0, 0, 0, 0, 306648, 2140
317172, 0, 0, 0, 0, 0, 0, 306648, 2140
317172, 0, 0, 0, 0, 0, 0, 306648, 2140
317172, 0, 0, 0, 0, 0, 0, 306648, 2140
317172, 0, 0, 0, 0, 0, 0, 306648, 2140
317172, 0, 0, 0, 0, 0, 0, 306648, 2140
317172, 0, 0, 0, 0, 0, 0, 306648, 2140
317172, 0, 0, 0, 0, 0, 0, 306648, 2140
317172, 0, 0, 0, 0, 0, 0, 306648, 2140
317172, 0, 0, 0, 0, 0, 0, 306648, 2140
317172, 0, 0, 0, 0, 0, 0, 306648, 2140
317172, 0, 0, 0, 0, 0, 0, 306648, 2140
317172, 0, 0, 0, 0, 0, 0, 306648, 2140
317172, 0, 0, 0, 0, 0, 0, 306648, 2140
317172, 0, 0, 0, 0, 0, 0, 306648, 2140
317172, 0, 0, 0, 0, 0, 0, 306648, 2140
317172, 0, 0, 0, 0, 0, 0, 306648, 2140
317172, 0, 0, 0, 0, 0, 0, 306648, 2140
317172, 0, 0, 0, 0, 0, 0, 306648, 2140
317172, 0, 0, 0, 0, 0, 0, 306648, 2140
317172, 0, 0, 0, 0, 0, 0, 306648, 2140
317172, 0, 0, 0, 0, 0, 0, 306648, 2140
317172, 0, 0, 0, 0, 0, 0, 306648, 2140
317172, 0, 0, 0, 0, 0, 0, 306648, 2140
317172, 0, 0, 0, 0, 0, 0, 306648, 2140
317172, 0, 0, 0, 0, 0, 0, 306648, 2140
317172, 0, 0, 0, 0, 0, 0, 306648, 2140
317172, 0, 0, 0, 0, 0, 0, 306648, 2140
317172, 0, 0, 0, 0, 0, 0, 306648, 2140
317172, 0, 0, 0, 0, 0, 0, 306648, 2140
317172, 0, 0, 0, 0, 0, 0, 306648, 2140
317172, 0, 0, 0, 0, 0, 0, 306648, 2140
317172, 0, 0, 0, 0, 0, 0, 306648, 2140
317172, 0, 0, 0, 0, 0, 0, 306648, 2140
317172, 0, 0, 0, 0, 0, 0, 306648, 2140
317172, 0, 0, 0, 0, 0, 0, 306648, 2140
317172, 0, 0, 0, 0, 0, 0, 306648, 2140
317172, 0, 0, 0, 0, 0, 0, 306648, 2140
317172, 0, 0, 0, 0, 0, 0, 306648, 2140
317172, 0, 0, 0, 0, 0, 0, 306648, 2140
317172, 0, 0, 0, 0, 0, 0, 306648, 2140
317172, 0, 0, 0, 0, 0, 0, 306648, 2140
317172, 0, 0, 0, 0, 0, 0, 306648, 2140
317172, 0, 0, 0, 0, 0, 0, 306648, 2140
317172, 0, 0, 0, 0, 0, 0, 306648, 2140
317172, 0, 0, 0, 0, 0, 0, 306648, 2140
317172, 0, 0, 0, 0, 0, 0, 306648, 2140
317172, 0, 0, 0, 0, 0, 0, 306648, 2140
317172, 0, 0, 0, 0, 0, 0, 306648, 2140
317172, 0, 0, 0, 0, 0, 0, 306648, 2140
317172, 0, 0, 0, 0, 0, 0, 306648, 2140
317172, 0, 0, 0, 0, 0, 0, 306648, 2140
317172, 0, 0, 0, 0, 0, 0, 306648, 2140
317172, 0, 0, 0, 0, 0, 0, 306648, 2140
317172, 0, 0, 0, 0, 0, 0, 306648, 2140
317172, 0, 0, 0, 0, 0, 0, 306648, 2140
317172, 0, 0, 0, 0, 0, 0, 306648, 2140
317172, 0, 0, 0, 0, 0, 0, 306648, 2140
317172, 0, 0, 0, 0, 0, 0, 306648, 2140
317172, 0, 0, 0, 0, 0, 0, 306648, 2140
317172, 0, 0, 0, 0, 0, 0, 306648, 2140
317172, 0, 0, 0, 0, 0, 0, 306648, 2140
317172, 0, 0, 0, 0, 0, 0, 306648, 2140
317172, 0, 0, 0, 0, 0, 0, 306648, 2140
317172, 0, 0, 0, 0, 0, 0, 306648, 2140
317172, 0, 0, 0, 0, 0, 0, 306648, 2140
317172, 0, 0, 0, 0, 0, 0, 306648, 2140
317172, 0, 0, 0, 0, 0, 0, 306648, 2140
317172, 0, 0, 0, 0, 0, 0, 306648, 2140
317172, 0, 0, 0, 0, 0, 0, 306648, 2140
317172, 0, 0, 0, 0, 0, 0, 306648, 2140
317172, 0, 0, 0, 0, 0, 0, 306648, 2140
317172, 0, 0, 0, 0, 0, 0, 306648, 2140
317172, 0, 0, 0, 0, 0, 0, 306648, 2140
317172, 0, 0, 0, 0, 0, 0, 306648, 2140
317172, 0, 0, 0, 0, 0, 0, 306648, 2140
317172, 0, 0, 0, 0, 0, 0, 306648, 2140
317172, 0, 0, 0, 0, 0, 0, 306648, 2140
317172, 0, 0, 0, 0, 0, 0, 306648, 2140
317172, 0, 0, 0, 0, 0, 0, 306648, 2140
317172, 0, 0, 0, 0, 0, 0, 306648, 2140
317172, 0, 0, 0, 0, 0, 0, 306648, 2140
317172, 0, 0, 0, 0, 0, 0, 306648, 2140
317172, 0, 0, 0, 0, 0, 0, 306648, 2140
317172, 0, 0, 0, 0, 0, 0, 306648, 2140
317172, 0, 0, 0, 0, 0, 0, 306648, 2140
317172, 0, 0, 0, 0, 0, 0, 306648, 2140
317172, 0, 0, 0, 0, 0, 0, 306648, 2140
317172, 0, 0, 0, 0, 0, 0, 306648, 2140
317172, 0, 0, 0, 0, 0, 0, 306648, 2140
317172, 0, 0, 0, 0, 0, 0, 306648, 2140
317172, 0, 0, 0, 0, 0, 0, 306648, 2140
317172, 0, 0, 0, 0, 0, 0, 306648, 2140
317172, 0, 0, 0, 0, 0, 0, 306648, 2140
317172, 0, 0, 0, 0, 0, 0, 306648, 2140
317172, 0, 0, 0, 0, 0, 0, 306648, 2140
317172, 0, 0, 0, 0, 0, 0, 306648, 2140
317172, 0, 0, 0, 0, 0, 0, 306648, 2140
317172, 0, 0, 0, 0, 0, 0, 306648, 2140
317172, 0, 0, 0, 0, 0, 0, 306648, 2140
317172, 0, 0, 0, 0, 0, 0, 306648, 2140
317172, 0, 0, 0, 0, 0, 0, 306648, 2140
317172, 0, 0, 0, 0, 0, 0, 306648, 2140
317172, 0, 0, 0, 0, 0, 0, 306648, 2140
317172, 0, 0, 0, 0, 0, 0, 306648, 2140
317172, 0, 0, 0, 0, 0, 0, 306648, 2140
317172, 0, 0, 0, 0, 0, 0, 306648, 2140
317172, 0, 0, 0, 0, 0, 0, 306648, 2140
317172, 0, 0, 0, 0, 0, 0, 306648, 2140
317172, 0, 0, 0, 0, 0, 0, 306648, 2140
317172, 0, 0, 0, 0, 0, 0, 306648, 2140
317172, 0, 0, 0, 0, 0, 0, 306648, 2140
317172, 0, 0, 0, 0, 0, 0, 306648, 2140
317172, 0, 0, 0, 0, 0, 0, 306648, 2140
317172, 0, 0, 0, 0, 0, 0, 306648, 2140
317172, 0, 0, 0, 0, 0, 0, 306648, 2140
317172, 0, 0, 0, 0, 0, 0, 306648, 2140
317172, 0, 0, 0, 0, 0, 0, 306648, 2140
317172, 0, 0, 0, 0, 0, 0, 306648, 2140
317172, 0, 0, 0, 0, 0, 0, 306648, 2140
317172, 0, 0, 0, 0, 0, 0, 306648, 2140
317172, 0, 0, 0, 0, 0, 0, 306648, 2140
317172, 0, 0, 0, 0, 0, 0, 306648, 2140
317172, 0, 0, 0, 0, 0, 0, 306648, 2140
317172, 0, 0, 0, 0, 0, 0, 306648, 2140
317172, 0, 0, 0, 0, 0, 0, 306648, 2140
317172, 0, 0, 0, 0, 0, 0, 306648, 2140
317172, 0, 0, 0, 0, 0, 0, 306648, 2140
317172, 0, 0, 0, 0, 0, 0, 306648, 2140
317172, 0, 0, 0, 0, 0, 0, 306648, 2140
317172, 0, 0, 0, 0, 0, 0, 306648, 2140
317172, 0, 0, 0, 0, 0, 0, 306648, 2140
317172, 0, 0, 0, 0, 0, 0, 306648, 2140
317172, 0, 0, 0, 0, 0, 0, 306648, 2140
317172, 0, 0, 0, 0, 0, 0, 306648, 2140
317172, 0, 0, 0, 0, 0, 0, 306648, 2140
317172, 0, 0, 0, 0, 0, 0, 306648, 2140
317172, 0, 0, 0, 0, 0, 0, 306648, 2140
317172, 0, 0, 0, 0, 0, 0, 306648, 2140
317172, 0, 0, 0, 0, 0, 0, 306648, 2140
317172, 0, 0, 0, 0, 0, 0, 306648, 2140
317172, 0, 0, 0, 0, 0, 0, 306648, 2140
317172, 0, 0, 0, 0, 0, 0, 306648, 2140
317172, 0, 0, 0, 0, 0, 0, 306648, 2140
317172, 0, 0, 0, 0, 0, 0, 306648, 2140
317172, 0, 0, 0, 0, 0, 0, 306648, 2140
317172, 0, 0, 0, 0, 0, 0, 306648, 2140
317172, 0, 0, 0, 0, 0, 0, 306648, 2140
317172, 0, 0, 0, 0, 0, 0, 306648, 2140
317172, 0, 0, 0, 0, 0, 0, 306648, 2140
317172, 0, 0, 0, 0, 0, 0, 306648, 2140
317172, 0, 0, 0, 0, 0, 0, 306648, 2140
317172, 0, 0, 0, 0, 0, 0, 306648, 2140
317172, 0, 0, 0, 0, 0, 0, 306648, 2140
317172, 0, 0, 0, 0, 0, 0, 306648, 2140
317172, 0, 0, 0, 0, 0, 0, 306648, 2140
317172, 0, 0, 0, 0, 0, 0, 306648, 2140
317172, 0, 0, 0, 0, 0, 0, 306648, 2140
317172, 0, 0, 0, 0, 0, 0, 306648, 2140
317172, 0, 0, 0, 0, 0, 0, 306648, 2140
317172, 0, 0, 0, 0, 0, 0, 306648, 2140
317172, 0, 0, 0, 0, 0, 0, 306648, 2140
317172, 0, 0, 0, 0, 0, 0, 306648, 2140
317172, 0, 0, 0, 0, 0, 0, 306648, 2140
317172, 0, 0, 0, 0, 0, 0, 306648, 2140
317172, 0, 0, 0, 0, 0, 0, 306648, 2140
317172, 0, 0, 0, 0, 0, 0, 306648, 2140
317172, 0, 0, 0, 0, 0, 0, 306648, 2140
317172, 0, 0, 0, 0, 0, 0, 306648, 2140
317172, 0, 0, 0, 0, 0, 0, 306648, 2140
317172, 0, 0, 0, 0, 0, 0, 306648, 2140
317172, 0, 0, 0, 0, 0, 0, 306648, 2140
317172, 0, 0, 0, 0, 0, 0, 306648, 2140
317172, 0, 0, 0, 0, 0, 0, 306648, 2140
317172, 0, 0, 0, 0, 0, 0, 306648, 2140
317172, 0, 0, 0, 0, 0, 0, 306648, 2140
317172, 0, 0, 0, 0, 0, 0, 306648, 2140
317172, 0, 0, 0, 0, 0, 0, 306648, 2140
317172, 0, 0, 0, 0, 0, 0, 306648, 2140
317172, 0, 0, 0, 0, 0, 0, 306648, 2140
317172, 0, 0, 0, 0, 0, 0, 306648, 2140
317172, 0, 0, 0, 0, 0, 0, 306648, 2140
317172, 0, 0, 0, 0, 0, 0, 306648, 2140
317172, 0, 0, 0, 0, 0, 0, 306648, 2140
317172, 0, 0, 0, 0, 0, 0, 306648, 2140
317172, 0, 0, 0, 0, 0, 0, 306648, 2140
317172, 0, 0, 0, 0, 0, 0, 306648, 2140
317172, 0, 0, 0, 0, 0, 0, 306648, 2140
317172, 0, 0, 0, 0, 0, 0, 306648, 2140
317172, 0, 0, 0, 0, 0, 0, 306648, 2140
317172, 0, 0, 0, 0, 0, 0, 306648, 2140
317172, 0, 0, 0, 0, 0, 0, 306648, 2140
317172, 0, 0, 0, 0, 0, 0, 306648, 2140
317172, 0, 0, 0, 0, 0, 0, 306648, 2140
317172, 0, 0, 0, 0, 0, 0, 306648, 2140
317172, 0, 0, 0, 0, 0, 0, 306648, 2140
317172, 0, 0, 0, 0, 0, 0, 306648, 2140
317172, 0, 0, 0, 0, 0, 0, 306648, 2140
317172, 0, 0, 0, 0, 0, 0, 306648, 2140
317172, 0, 0, 0, 0, 0, 0, 306648, 2140
317172, 0, 0, 0, 0, 0, 0, 306648, 2140
317172, 0, 0, 0, 0, 0, 0, 306648, 2140
317172, 0, 0, 0, 0, 0, 0, 306648, 2140
317172, 0, 0, 0, 0, 0, 0, 306648, 2140
317172, 0, 0, 0, 0, 0, 0, 306648, 2140
317172, 0, 0, 0, 0, 0, 0, 306648, 2140
317172, 0, 0, 0, 0, 0, 0, 306648, 2140
317172, 0, 0, 0, 0, 0, 0, 306648, 2140
317172, 0, 0, 0, 0, 0, 0, 306648, 2140
317172, 0, 0, 0, 0, 0, 0, 306648, 2140
317172, 0, 0, 0, 0, 0, 0, 306648, 2140
317172, 0, 0, 0, 0, 0, 0, 306648, 2140
317172, 0, 0, 0, 0, 0, 0, 306648, 2140
317172, 0, 0, 0, 0, 0, 0, 306648, 2140
317172, 0, 0, 0, 0, 0, 0, 306648, 2140
317172, 0, 0, 0, 0, 0, 0, 306648, 2140
317172, 0, 0, 0, 0, 0, 0, 306648, 2140
317172, 0, 0, 0, 0, 0, 0, 306648, 2140
317172, 0, 0, 0, 0, 0, 0, 306648, 2140
317172, 0, 0, 0, 0, 0, 0, 306648, 2140
317172, 0, 0, 0, 0, 0, 0, 306648, 2140
317172, 0, 0, 0, 0, 0, 0, 306648, 2140
317172, 0, 0, 0, 0, 0, 0, 306648, 2140
317172, 0, 0, 0, 0, 0, 0, 306648, 2140
317172, 0, 0, 0, 0, 0, 0, 306648, 2140
317172, 0, 0, 0, 0, 0, 0, 306648, 2140
317172, 0, 0, 0, 0, 0, 0, 306648, 2140
317172, 0, 0, 0, 0, 0, 0, 306648, 2140
317172, 0, 0, 0, 0, 0, 0, 306648, 2140
317172, 0, 0, 0, 0, 0, 0, 306648, 2140
317172, 0, 0, 0, 0, 0, 0, 306648, 2140
317172, 0, 0, 0, 0, 0, 0, 306648, 2140
317172, 0, 0, 0, 0, 0, 0, 306648, 2140
317172, 0, 0, 0, 0, 0, 0, 306648, 2140
317172, 0, 0, 0, 0, 0, 0, 306648, 2140
317172, 0, 0, 0, 0, 0, 0, 306648, 2140
317172, 0, 0, 0, 0, 0, 0, 306648, 2140
317172, 0, 0, 0, 0, 0, 0, 306648, 2140
317172, 0, 0, 0, 0, 0, 0, 306648, 2140
317172, 0, 0, 0, 0, 0, 0, 306648, 2140
317172, 0, 0, 0, 0, 0, 0, 306648, 2140
317172, 0, 0, 0, 0, 0, 0, 306648, 2140
317172, 0, 0, 0, 0, 0, 0, 306648, 2140
317172, 0, 0, 0, 0, 0, 0, 306648, 2140
317172, 0, 0, 0, 0, 0, 0, 306648, 2140
317172, 0, 0, 0, 0, 0, 0, 306648, 2140
317172, 0, 0, 0, 0, 0, 0, 306648, 2140
317172, 0, 0, 0, 0, 0, 0, 306648, 2140
317172, 0, 0, 0, 0, 0, 0, 306648, 2140
317172, 0, 0, 0, 0, 0, 0, 306648, 2140
317172, 0, 0, 0, 0, 0, 0, 306648, 2140
317172, 0, 0, 0, 0, 0, 0, 306648, 2140
317172, 0, 0, 0, 0, 0, 0, 306648, 2140
317172, 0, 0, 0, 0, 0, 0, 306648, 2140
317172, 0, 0, 0, 0, 0, 0, 306648, 2140
317172, 0, 0, 0, 0, 0, 0, 306648, 2140
317172, 0, 0, 0, 0, 0, 0, 306648, 2140
317172, 0, 0, 0, 0, 0, 0, 306648, 2140
317172, 0, 0, 0, 0, 0, 0, 306648, 2140
317172, 0, 0, 0, 0, 0, 0, 306648, 2140
317172, 0, 0, 0, 0, 0, 0, 306648, 2140
317172, 0, 0, 0, 0, 0, 0, 306648, 2140
317172, 0, 0, 0, 0, 0, 0, 306648, 2140
317172, 0, 0, 0, 0, 0, 0, 306648, 2140
317172, 0, 0, 0, 0, 0, 0, 306648, 2140
317172, 0, 0, 0, 0, 0, 0, 306648, 2140
317172, 0, 0, 0, 0, 0, 0, 306648, 2140
317172, 0, 0, 0, 0, 0, 0, 306648, 2140
317172, 0, 0, 0, 0, 0, 0, 306648, 2140
317172, 0, 0, 0, 0, 0, 0, 306648, 2140
317172, 0, 0, 0, 0, 0, 0, 306648, 2140
317172, 0, 0, 0, 0, 0, 0, 306648, 2140
317172, 0, 0, 0, 0, 0, 0, 306648, 2140
317172, 0, 0, 0, 0, 0, 0, 306648, 2140
317172, 0, 0, 0, 0, 0, 0, 306648, 2140
317172, 0, 0, 0, 0, 0, 0, 306648, 2140
317172, 0, 0, 0, 0, 0, 0, 306648, 2140
317172, 0, 0, 0, 0, 0, 0, 306648, 2140
317172, 0, 0, 0, 0, 0, 0, 306648, 2140
317172, 0, 0, 0, 0, 0, 0, 306648, 2140
317172, 0, 0, 0, 0, 0, 0, 306648, 2140
317172, 0, 0, 0, 0, 0, 0, 306648, 2140
317172, 0, 0, 0, 0, 0, 0, 306648, 2140
317172, 0, 0, 0, 0, 0, 0, 306648, 2140
317172, 0, 0, 0, 0, 0, 0, 306648, 2140
317172, 0, 0, 0, 0, 0, 0, 306648, 2140
317172, 0, 0, 0, 0, 0, 0, 306648, 2140
317172, 0, 0, 0, 0, 0, 0, 306648, 2140
317172, 0, 0, 0, 0, 0, 0, 306648, 2140
317172, 0, 0, 0, 0, 0, 0, 306648, 2140
317172, 0, 0, 0, 0, 0, 0, 306648, 2140
317172, 0, 0, 0, 0, 0, 0, 306648, 2140
317172, 0, 0, 0, 0, 0, 0, 306648, 2140
317172, 0, 0, 0, 0, 0, 0, 306648, 2140
317172, 0, 0, 0, 0, 0, 0, 306648, 2140
317172, 0, 0, 0, 0, 0, 0, 306648, 2140
317172, 0, 0, 0, 0, 0, 0, 306648, 2140
317172, 0, 0, 0, 0, 0, 0, 306648, 2140
317172, 0, 0, 0, 0, 0, 0, 306648, 2140
317172, 0, 0, 0, 0, 0, 0, 306648, 2140
317172, 0, 0, 0, 0, 0, 0, 306648, 2140
317172, 0, 0, 0, 0, 0, 0, 306648, 2140
317172, 0, 0, 0, 0, 0, 0, 306648, 2140
317172, 0, 0, 0, 0, 0, 0, 306648, 2140
317172, 0, 0, 0, 0, 0, 0, 306648, 2140
317172, 0, 0, 0, 0, 0, 0, 306648, 2140
317172, 0, 0, 0, 0, 0, 0, 306648, 2140
317172, 0, 0, 0, 0, 0, 0, 306648, 2140
317172, 0, 0, 0, 0, 0, 0, 306648, 2140
317172, 0, 0, 0, 0, 0, 0, 306648, 2140
317172, 0, 0, 0, 0, 0, 0, 306648, 2140
317172, 0, 0, 0, 0, 0, 0, 306648, 2140
317172, 0, 0, 0, 0, 0, 0, 306648, 2140
317172, 0, 0, 0, 0, 0, 0, 306648, 2140
317172, 0, 0, 0, 0, 0, 0, 306648, 2140
317172, 0, 0, 0, 0, 0, 0, 306648, 2140
317172, 0, 0, 0, 0, 0, 0, 306648, 2140
317172, 0, 0, 0, 0, 0, 0, 306648, 2140
317172, 0, 0, 0, 0, 0, 0, 306648, 2140
317172, 0, 0, 0, 0, 0, 0, 306648, 2140
317172, 0, 0, 0, 0, 0, 0, 306648, 2140
317172, 0, 0, 0, 0, 0, 0, 306648, 2140
317172, 0, 0, 0, 0, 0, 0, 306648, 2140
317172, 0, 0, 0, 0, 0, 0, 306648, 2140
317172, 0, 0, 0, 0, 0, 0, 306648, 2140
317172, 0, 0, 0, 0, 0, 0, 306648, 2140
317172, 0, 0, 0, 0, 0, 0, 306648, 2140
317172, 0, 0, 0, 0, 0, 0, 306648, 2140
317172, 0, 0, 0, 0, 0, 0, 306648, 2140
317172, 0, 0, 0, 0, 0, 0, 306648, 2140
317172, 0, 0, 0, 0, 0, 0, 306648, 2140
317172, 0, 0, 0, 0, 0, 0, 306648, 2140
317172, 0, 0, 0, 0, 0, 0, 306648, 2140
317172, 0, 0, 0, 0, 0, 0, 306648, 2140
317172, 0, 0, 0, 0, 0, 0, 306648, 2140
317172, 0, 0, 0, 0, 0, 0, 306648, 2140
317172, 0, 0, 0, 0, 0, 0, 306648, 2140
317172, 0, 0, 0, 0, 0, 0, 306648, 2140
317172, 0, 0, 0, 0, 0, 0, 306648, 2140
317172, 0, 0, 0, 0, 0, 0, 306648, 2140
317172, 0, 0, 0, 0, 0, 0, 306648, 2140
317172, 0, 0, 0, 0, 0, 0, 306648, 2140
317172, 0, 0, 0, 0, 0, 0, 306648, 2140
317172, 0, 0, 0, 0, 0, 0, 306648, 2140
317172, 0, 0, 0, 0, 0, 0, 306648, 2140
317172, 0, 0, 0, 0, 0, 0, 306648, 2140
317172, 0, 0, 0, 0, 0, 0, 306648, 2140
317172, 0, 0, 0, 0, 0, 0, 306648, 2140
317172, 0, 0, 0, 0, 0, 0, 306648, 2140
317172, 0, 0, 0, 0, 0, 0, 306648, 2140
317172, 0, 0, 0, 0, 0, 0, 306648, 2140
317172, 0, 0, 0, 0, 0, 0, 306648, 2140
317172, 0, 0, 0, 0, 0, 0, 306648, 2140
317172, 0, 0, 0, 0, 0, 0, 306648, 2140
317172, 0, 0, 0, 0, 0, 0, 306648, 2140
317172, 0, 0, 0, 0, 0, 0, 306648, 2140
317172, 0, 0, 0, 0, 0, 0, 306648, 2140
317172, 0, 0, 0, 0, 0, 0, 306648, 2140
317172, 0, 0, 0, 0, 0, 0, 306648, 2140
317172, 0, 0, 0, 0, 0, 0, 306648, 2140
317172, 0, 0, 0, 0, 0, 0, 306648, 2140
317172, 0, 0, 0, 0, 0, 0, 306648, 2140
317172, 0, 0, 0, 0, 0, 0, 306648, 2140
317172, 0, 0, 0, 0, 0, 0, 306648, 2140
317172, 0, 0, 0, 0, 0, 0, 306648, 2140
317172, 0, 0, 0, 0, 0, 0, 306648, 2140
317172, 0, 0, 0, 0, 0, 0, 306648, 2140
317172, 0, 0, 0, 0, 0, 0, 306648, 2140
317172, 0, 0, 0, 0, 0, 0, 306648, 2140
317172, 0, 0, 0, 0, 0, 0, 306648, 2140
317172, 0, 0, 0, 0, 0, 0, 306648, 2140
317172, 0, 0, 0, 0, 0, 0, 306648, 2140
317172, 0, 0, 0, 0, 0, 0, 306648, 2140
317172, 0, 0, 0, 0, 0, 0, 306648, 2140
317172, 0, 0, 0, 0, 0, 0, 306648, 2140
317172, 0, 0, 0, 0, 0, 0, 306648, 2140
317172, 0, 0, 0, 0, 0, 0, 306648, 2140
317172, 0, 0, 0, 0, 0, 0, 306648, 2140
317172, 0, 0, 0, 0, 0, 0, 306648, 2140
317172, 0, 0, 0, 0, 0, 0, 306648, 2140
317172, 0, 0, 0, 0, 0, 0, 306648, 2140
317172, 0, 0, 0, 0, 0, 0, 306648, 2140
317172, 0, 0, 0, 0, 0, 0, 306648, 2140
317172, 0, 0, 0, 0, 0, 0, 306648, 2140
317172, 0, 0, 0, 0, 0, 0, 306648, 2140
317172, 0, 0, 0, 0, 0, 0, 306648, 2140
317172, 0, 0, 0, 0, 0, 0, 306648, 2140
317172, 0, 0, 0, 0, 0, 0, 306648, 2140
317172, 0, 0, 0, 0, 0, 0, 306648, 2140
317172, 0, 0, 0, 0, 0, 0, 306648, 2140
317172, 0, 0, 0, 0, 0, 0, 306648, 2140
317172, 0, 0, 0, 0, 0, 0, 306648, 2140
317172, 0, 0, 0, 0, 0, 0, 306648, 2140
317172, 0, 0, 0, 0, 0, 0, 306648, 2140
317172, 0, 0, 0, 0, 0, 0, 306648, 2140
317172, 0, 0, 0, 0, 0, 0, 306648, 2140
317172, 0, 0, 0, 0, 0, 0, 306648, 2140
317172, 0, 0, 0, 0, 0, 0, 306648, 2140
317172, 0, 0, 0, 0, 0, 0, 306648, 2140
317172, 0, 0, 0, 0, 0, 0, 306648, 2140
317172, 0, 0, 0, 0, 0, 0, 306648, 2140
317172, 0, 0, 0, 0, 0, 0, 306648, 2140
317172, 0, 0, 0, 0, 0, 0, 306648, 2140
317172, 0, 0, 0, 0, 0, 0, 306648, 2140
317172, 0, 0, 0, 0, 0, 0, 306648, 2140
317172, 0, 0, 0, 0, 0, 0, 306648, 2140
317172, 0, 0, 0, 0, 0, 0, 306648, 2140
317172, 0, 0, 0, 0, 0, 0, 306648, 2140
317172, 0, 0, 0, 0, 0, 0, 306648, 2140
317172, 0, 0, 0, 0, 0, 0, 306648, 2140
317172, 0, 0, 0, 0, 0, 0, 306648, 2140
317172, 0, 0, 0, 0, 0, 0, 306648, 2140
317172, 0, 0, 0, 0, 0, 0, 306648, 2140
317172, 0, 0, 0, 0, 0, 0, 306648, 2140
317172, 0, 0, 0, 0, 0, 0, 306648, 2140
317172, 0, 0, 0, 0, 0, 0, 306648, 2140
317172, 0, 0, 0, 0, 0, 0, 306648, 2140
317172, 0, 0, 0, 0, 0, 0, 306648, 2140
317172, 0, 0, 0, 0, 0, 0, 306648, 2140
317172, 0, 0, 0, 0, 0, 0, 306648, 2140
317172, 0, 0, 0, 0, 0, 0, 306648, 2140
317172, 0, 0, 0, 0, 0, 0, 306648, 2140
317172, 0, 0, 0, 0, 0, 0, 306648, 2140
317172, 0, 0, 0, 0, 0, 0, 306648, 2140
317172, 0, 0, 0, 0, 0, 0, 306648, 2140
317172, 0, 0, 0, 0, 0, 0, 306648, 2140
317172, 0, 0, 0, 0, 0, 0, 306648, 2140
317172, 0, 0, 0, 0, 0, 0, 306648, 2140
317172, 0, 0, 0, 0, 0, 0, 306648, 2140
317172, 0, 0, 0, 0, 0, 0, 306648, 2140
317172, 0, 0, 0, 0, 0, 0, 306648, 2140
317172, 0, 0, 0, 0, 0, 0, 306648, 2140
317172, 0, 0, 0, 0, 0, 0, 306648, 2140
317172, 0, 0, 0, 0, 0, 0, 306648, 2140
317172, 0, 0, 0, 0, 0, 0, 306648, 2140
317172, 0, 0, 0, 0, 0, 0, 306648, 2140
317172, 0, 0, 0, 0, 0, 0, 306648, 2140
317172, 0, 0, 0, 0, 0, 0, 306648, 2140
317172, 0, 0, 0, 0, 0, 0, 306648, 2140
317172, 0, 0, 0, 0, 0, 0, 306648, 2140
317172, 0, 0, 0, 0, 0, 0, 306648, 2140
317172, 0, 0, 0, 0, 0, 0, 306648, 2140
317172, 0, 0, 0, 0, 0, 0, 306648, 2140
317172, 0, 0, 0, 0, 0, 0, 306648, 2140
317172, 0, 0, 0, 0, 0, 0, 306648, 2140
317172, 0, 0, 0, 0, 0, 0, 306648, 2140
317172, 0, 0, 0, 0, 0, 0, 306648, 2140
317172, 0, 0, 0, 0, 0, 0, 306648, 2140
317172, 0, 0, 0, 0, 0, 0, 306648, 2140
317172, 0, 0, 0, 0, 0, 0, 306648, 2140
317172, 0, 0, 0, 0, 0, 0, 306648, 2140
317172, 0, 0, 0, 0, 0, 0, 306648, 2140
317172, 0, 0, 0, 0, 0, 0, 306648, 2140
317172, 0, 0, 0, 0, 0, 0, 306648, 2140
317172, 0, 0, 0, 0, 0, 0, 306648, 2140
317172, 0, 0, 0, 0, 0, 0, 306648, 2140
317172, 0, 0, 0, 0, 0, 0, 306648, 2140
317172, 0, 0, 0, 0, 0, 0, 306648, 2140
317172, 0, 0, 0, 0, 0, 0, 306648, 2140
317172, 0, 0, 0, 0, 0, 0, 306648, 2140
317172, 0, 0, 0, 0, 0, 0, 306648, 2140
317172, 0, 0, 0, 0, 0, 0, 306648, 2140
317172, 0, 0, 0, 0, 0, 0, 306648, 2140
317172, 0, 0, 0, 0, 0, 0, 306648, 2140
317172, 0, 0, 0, 0, 0, 0, 306648, 2140
317172, 0, 0, 0, 0, 0, 0, 306648, 2140
317172, 0, 0, 0, 0, 0, 0, 306648, 2140
317172, 0, 0, 0, 0, 0, 0, 306648, 2140
317172, 0, 0, 0, 0, 0, 0, 306648, 2140
317172, 0, 0, 0, 0, 0, 0, 306648, 2140
317172, 0, 0, 0, 0, 0, 0, 306648, 2140
317172, 0, 0, 0, 0, 0, 0, 306648, 2140
317172, 0, 0, 0, 0, 0, 0, 306648, 2140
317172, 0, 0, 0, 0, 0, 0, 306648, 2140
317172, 0, 0, 0, 0, 0, 0, 306648, 2140
317172, 0, 0, 0, 0, 0, 0, 306648, 2140
317172, 0, 0, 0, 0, 0, 0, 306648, 2140
317172, 0, 0, 0, 0, 0, 0, 306648, 2140
317172, 0, 0, 0, 0, 0, 0, 306648, 2140
317172, 0, 0, 0, 0, 0, 0, 306648, 2140
317172, 0, 0, 0, 0, 0, 0, 306648, 2140
317172, 0, 0, 0, 0, 0, 0, 306648, 2140
317172, 0, 0, 0, 0, 0, 0, 306648, 2140
317172, 0, 0, 0, 0, 0, 0, 306648, 2140
317172, 0, 0, 0, 0, 0, 0, 306648, 2140
317172, 0, 0, 0, 0, 0, 0, 306648, 2140
317172, 0, 0, 0, 0, 0, 0, 306648, 2140
317172, 0, 0, 0, 0, 0, 0, 306648, 2140
317172, 0, 0, 0, 0, 0, 0, 306648, 2140
317172, 0, 0, 0, 0, 0, 0, 306648, 2140
317172, 0, 0, 0, 0, 0, 0, 306648, 2140
317172, 0, 0, 0, 0, 0, 0, 306648, 2140
317172, 0, 0, 0, 0, 0, 0, 306648, 2140
317172, 0, 0, 0, 0, 0, 0, 306648, 2140
317172, 0, 0, 0, 0, 0, 0, 306648, 2140
317172, 0, 0, 0, 0, 0, 0, 306648, 2140
317172, 0, 0, 0, 0, 0, 0, 306648, 2140
317172, 0, 0, 0, 0, 0, 0, 306648, 2140
317172, 0, 0, 0, 0, 0, 0, 306648, 2140
317172, 0, 0, 0, 0, 0, 0, 306648, 2140
317172, 0, 0, 0, 0, 0, 0, 306648, 2140
317172, 0, 0, 0, 0, 0, 0, 306648, 2140
317172, 0, 0, 0, 0, 0, 0, 306648, 2140
317172, 0, 0, 0, 0, 0, 0, 306648, 2140
317172, 0, 0, 0, 0, 0, 0, 306648, 2140
317172, 0, 0, 0, 0, 0, 0, 306648, 2140
317172, 0, 0, 0, 0, 0, 0, 306648, 2140
317172, 0, 0, 0, 0, 0, 0, 306648, 2140
317172, 0, 0, 0, 0, 0, 0, 306648, 2140
317172, 0, 0, 0, 0, 0, 0, 306648, 2140
317172, 0, 0, 0, 0, 0, 0, 306648, 2140
317172, 0, 0, 0, 0, 0, 0, 306648, 2140
317172, 0, 0, 0, 0, 0, 0, 306648, 2140
317172, 0, 0, 0, 0, 0, 0, 306648, 2140
317172, 0, 0, 0, 0, 0, 0, 306648, 2140
317172, 0, 0, 0, 0, 0, 0, 306648, 2140
317172, 0, 0, 0, 0, 0, 0, 306648, 2140
317172, 0, 0, 0, 0, 0, 0, 306648, 2140
317172, 0, 0, 0, 0, 0, 0, 306648, 2140
317172, 0, 0, 0, 0, 0, 0, 306648, 2140
317172, 0, 0, 0, 0, 0, 0, 306648, 2140
317172, 0, 0, 0, 0, 0, 0, 306648, 2140
317172, 0, 0, 0, 0, 0, 0, 306648, 2140
317172, 0, 0, 0, 0, 0, 0, 306648, 2140
317172, 0, 0, 0, 0, 0, 0, 306648, 2140
317172, 0, 0, 0, 0, 0, 0, 306648, 2140
317172, 0, 0, 0, 0, 0, 0, 306648, 2140
317172, 0, 0, 0, 0, 0, 0, 306648, 2140
317172, 0, 0, 0, 0, 0, 0, 306648, 2140
317172, 0, 0, 0, 0, 0, 0, 306648, 2140
317172, 0, 0, 0, 0, 0, 0, 306648, 2140
317172, 0, 0, 0, 0, 0, 0, 306648, 2140
317172, 0, 0, 0, 0, 0, 0, 306648, 2140
317172, 0, 0, 0, 0, 0, 0, 306648, 2140
317172, 0, 0, 0, 0, 0, 0, 306648, 2140
317172, 0, 0, 0, 0, 0, 0, 306648, 2140
317172, 0, 0, 0, 0, 0, 0, 306648, 2140
317172, 0, 0, 0, 0, 0, 0, 306648, 2140
317172, 0, 0, 0, 0, 0, 0, 306648, 2140
317172, 0, 0, 0, 0, 0, 0, 306648, 2140
317172, 0, 0, 0, 0, 0, 0, 306648, 2140
317172, 0, 0, 0, 0, 0, 0, 306648, 2140
317172, 0, 0, 0, 0, 0, 0, 306648, 2140
317172, 0, 0, 0, 0, 0, 0, 306648, 2140
317172, 0, 0, 0, 0, 0, 0, 306648, 2140
317172, 0, 0, 0, 0, 0, 0, 306648, 2140
317172, 0, 0, 0, 0, 0, 0, 306648, 2140
317172, 0, 0, 0, 0, 0, 0, 306648, 2140
317172, 0, 0, 0, 0, 0, 0, 306648, 2140
317172, 0, 0, 0, 0, 0, 0, 306648, 2140
317172, 0, 0, 0, 0, 0, 0, 306648, 2140
317172, 0, 0, 0, 0, 0, 0, 306648, 2140
317172, 0, 0, 0, 0, 0, 0, 306648, 2140
317172, 0, 0, 0, 0, 0, 0, 306648, 2140
317172, 0, 0, 0, 0, 0, 0, 306648, 2140
317172, 0, 0, 0, 0, 0, 0, 306648, 2140
317172, 0, 0, 0, 0, 0, 0, 306648, 2140
317172, 0, 0, 0, 0, 0, 0, 306648, 2140
317172, 0, 0, 0, 0, 0, 0, 306648, 2140
317172, 0, 0, 0, 0, 0, 0, 306648, 2140
317172, 0, 0, 0, 0, 0, 0, 306648, 2140
317172, 0, 0, 0, 0, 0, 0, 306648, 2140
317172, 0, 0, 0, 0, 0, 0, 306648, 2140
317172, 0, 0, 0, 0, 0, 0, 306648, 2140
317172, 0, 0, 0, 0, 0, 0, 306648, 2140
317172, 0, 0, 0, 0, 0, 0, 306648, 2140
317172, 0, 0, 0, 0, 0, 0, 306648, 2140
317172, 0, 0, 0, 0, 0, 0, 306648, 2140
317172, 0, 0, 0, 0, 0, 0, 306648, 2140
317172, 0, 0, 0, 0, 0, 0, 306648, 2140
317172, 0, 0, 0, 0, 0, 0, 306648, 2140
317172, 0, 0, 0, 0, 0, 0, 306648, 2140
317172, 0, 0, 0, 0, 0, 0, 306648, 2140
317172, 0, 0, 0, 0, 0, 0, 306648, 2140
317172, 0, 0, 0, 0, 0, 0, 306648, 2140
317172, 0, 0, 0, 0, 0, 0, 306648, 2140
317172, 0, 0, 0, 0, 0, 0, 306648, 2140
317172, 0, 0, 0, 0, 0, 0, 306648, 2140
317172, 0, 0, 0, 0, 0, 0, 306648, 2140
317172, 0, 0, 0, 0, 0, 0, 306648, 2140
317172, 0, 0, 0, 0, 0, 0, 306648, 2140
317172, 0, 0, 0, 0, 0, 0, 306648, 2140
317172, 0, 0, 0, 0, 0, 0, 306648, 2140
317172, 0, 0, 0, 0, 0, 0, 306648, 2140
317172, 0, 0, 0, 0, 0, 0, 306648, 2140
317172, 0, 0, 0, 0, 0, 0, 306648, 2140
317172, 0, 0, 0, 0, 0, 0, 306648, 2140
317172, 0, 0, 0, 0, 0, 0, 306648, 2140
317172, 0, 0, 0, 0, 0, 0, 306648, 2140
317172, 0, 0, 0, 0, 0, 0, 306648, 2140
317172, 0, 0, 0, 0, 0, 0, 306648, 2140
317172, 0, 0, 0, 0, 0, 0, 306648, 2140
317172, 0, 0, 0, 0, 0, 0, 306648, 2140
317172, 0, 0, 0, 0, 0, 0, 306648, 2140
317172, 0, 0, 0, 0, 0, 0, 306648, 2140
317172, 0, 0, 0, 0, 0, 0, 306648, 2140
317172, 0, 0, 0, 0, 0, 0, 306648, 2140
317172, 0, 0, 0, 0, 0, 0, 306648, 2140
317172, 0, 0, 0, 0, 0, 0, 306648, 2140
317172, 0, 0, 0, 0, 0, 0, 306648, 2140
317172, 0, 0, 0, 0, 0, 0, 306648, 2140
317172, 0, 0, 0, 0, 0, 0, 306648, 2140
317172, 0, 0, 0, 0, 0, 0, 306648, 2140
317172, 0, 0, 0, 0, 0, 0, 306648, 2140
317172, 0, 0, 0, 0, 0, 0, 306648, 2140
317172, 0, 0, 0, 0, 0, 0, 306648, 2140
317172, 0, 0, 0, 0, 0, 0, 306648, 2140
317172, 0, 0, 0, 0, 0, 0, 306648, 2140
317172, 0, 0, 0, 0, 0, 0, 306648, 2140
317172, 0, 0, 0, 0, 0, 0, 306648, 2140
317172, 0, 0, 0, 0, 0, 0, 306648, 2140
317172, 0, 0, 0, 0, 0, 0, 306648, 2140
317172, 0, 0, 0, 0, 0, 0, 306648, 2140
317172, 0, 0, 0, 0, 0, 0, 306648, 2140
317172, 0, 0, 0, 0, 0, 0, 306648, 2140
317172, 0, 0, 0, 0, 0, 0, 306648, 2140
317172, 0, 0, 0, 0, 0, 0, 306648, 2140
317172, 0, 0, 0, 0, 0, 0, 306648, 2140
317172, 0, 0, 0, 0, 0, 0, 306648, 2140
317172, 0, 0, 0, 0, 0, 0, 306648, 2140
317172, 0, 0, 0, 0, 0, 0, 306648, 2140
317172, 0, 0, 0, 0, 0, 0, 306648, 2140
317172, 0, 0, 0, 0, 0, 0, 306648, 2140
317172, 0, 0, 0, 0, 0, 0, 306648, 2140
317172, 0, 0, 0, 0, 0, 0, 306648, 2140
317172, 0, 0, 0, 0, 0, 0, 306648, 2140
317172, 0, 0, 0, 0, 0, 0, 306648, 2140
317172, 0, 0, 0, 0, 0, 0, 306648, 2140
317172, 0, 0, 0, 0, 0, 0, 306648, 2140
317172, 0, 0, 0, 0, 0, 0, 306648, 2140
317172, 0, 0, 0, 0, 0, 0, 306648, 2140
317172, 0, 0, 0, 0, 0, 0, 306648, 2140
317172, 0, 0, 0, 0, 0, 0, 306648, 2140
317172, 0, 0, 0, 0, 0, 0, 306648, 2140
317172, 0, 0, 0, 0, 0, 0, 306648, 2140
317172, 0, 0, 0, 0, 0, 0, 306648, 2140
317172, 0, 0, 0, 0, 0, 0, 306648, 2140
317172, 0, 0, 0, 0, 0, 0, 306648, 2140
317172, 0, 0, 0, 0, 0, 0, 306648, 2140
317172, 0, 0, 0, 0, 0, 0, 306648, 2140
317172, 0, 0, 0, 0, 0, 0, 306648, 2140
317172, 0, 0, 0, 0, 0, 0, 306648, 2140
317172, 0, 0, 0, 0, 0, 0, 306648, 2140
317172, 0, 0, 0, 0, 0, 0, 306648, 2140
317172, 0, 0, 0, 0, 0, 0, 306648, 2140
317172, 0, 0, 0, 0, 0, 0, 306648, 2140
317172, 0, 0, 0, 0, 0, 0, 306648, 2140
317172, 0, 0, 0, 0, 0, 0, 306648, 2140
317172, 0, 0, 0, 0, 0, 0, 306648, 2140
317172, 0, 0, 0, 0, 0, 0, 306648, 2140
317172, 0, 0, 0, 0, 0, 0, 306648, 2140
317172, 0, 0, 0, 0, 0, 0, 306648, 2140
317172, 0, 0, 0, 0, 0, 0, 306648, 2140
317172, 0, 0, 0, 0, 0, 0, 306648, 2140
317172, 0, 0, 0, 0, 0, 0, 306648, 2140
317172, 0, 0, 0, 0, 0, 0, 306648, 2140
317172, 0, 0, 0, 0, 0, 0, 306648, 2140
317172, 0, 0, 0, 0, 0, 0, 306648, 2140
317172, 0, 0, 0, 0, 0, 0, 306648, 2140
317172, 0, 0, 0, 0, 0, 0, 306648, 2140
317172, 0, 0, 0, 0, 0, 0, 306648, 2140
317172, 0, 0, 0, 0, 0, 0, 306648, 2140
317172, 0, 0, 0, 0, 0, 0, 306648, 2140
317172, 0, 0, 0, 0, 0, 0, 306648, 2140
317172, 0, 0, 0, 0, 0, 0, 306648, 2140
317172, 0, 0, 0, 0, 0, 0, 306648, 2140
317172, 0, 0, 0, 0, 0, 0, 306648, 2140
317172, 0, 0, 0, 0, 0, 0, 306648, 2140
317172, 0, 0, 0, 0, 0, 0, 306648, 2140
317172, 0, 0, 0, 0, 0, 0, 306648, 2140
317172, 0, 0, 0, 0, 0, 0, 306648, 2140
317172, 0, 0, 0, 0, 0, 0, 306648, 2140
317172, 0, 0, 0, 0, 0, 0, 306648, 2140
317172, 0, 0, 0, 0, 0, 0, 306648, 2140
317172, 0, 0, 0, 0, 0, 0, 306648, 2140
317172, 0, 0, 0, 0, 0, 0, 306648, 2140
317172, 0, 0, 0, 0, 0, 0, 306648, 2140
317172, 0, 0, 0, 0, 0, 0, 306648, 2140
317172, 0, 0, 0, 0, 0, 0, 306648, 2140
317172, 0, 0, 0, 0, 0, 0, 306648, 2140
317172, 0, 0, 0, 0, 0, 0, 306648, 2140
317172, 0, 0, 0, 0, 0, 0, 306648, 2140
317172, 0, 0, 0, 0, 0, 0, 306648, 2140
317172, 0, 0, 0, 0, 0, 0, 306648, 2140
317172, 0, 0, 0, 0, 0, 0, 306648, 2140
317172, 0, 0, 0, 0, 0, 0, 306648, 2140
317172, 0, 0, 0, 0, 0, 0, 306648, 2140
317172, 0, 0, 0, 0, 0, 0, 306648, 2140
317172, 0, 0, 0, 0, 0, 0, 306648, 2140
317172, 0, 0, 0, 0, 0, 0, 306648, 2140
317172, 0, 0, 0, 0, 0, 0, 306648, 2140
317172, 0, 0, 0, 0, 0, 0, 306648, 2140
317172, 0, 0, 0, 0, 0, 0, 306648, 2140
317172, 0, 0, 0, 0, 0, 0, 306648, 2140
317172, 0, 0, 0, 0, 0, 0, 306648, 2140
317172, 0, 0, 0, 0, 0, 0, 306648, 2140
317172, 0, 0, 0, 0, 0, 0, 306648, 2140
317172, 0, 0, 0, 0, 0, 0, 306648, 2140
317172, 0, 0, 0, 0, 0, 0, 306648, 2140
317172, 0, 0, 0, 0, 0, 0, 306648, 2140
317172, 0, 0, 0, 0, 0, 0, 306648, 2140
317172, 0, 0, 0, 0, 0, 0, 306648, 2140
317172, 0, 0, 0, 0, 0, 0, 306648, 2140
317172, 0, 0, 0, 0, 0, 0, 306648, 2140
317172, 0, 0, 0, 0, 0, 0, 306648, 2140
317172, 0, 0, 0, 0, 0, 0, 306648, 2140
317172, 0, 0, 0, 0, 0, 0, 306648, 2140
317172, 0, 0, 0, 0, 0, 0, 306648, 2140
317172, 0, 0, 0, 0, 0, 0, 306648, 2140
317172, 0, 0, 0, 0, 0, 0, 306648, 2140
317172, 0, 0, 0, 0, 0, 0, 306648, 2140
317172, 0, 0, 0, 0, 0, 0, 306648, 2140
317172, 0, 0, 0, 0, 0, 0, 306648, 2140
317172, 0, 0, 0, 0, 0, 0, 306648, 2140
317172, 0, 0, 0, 0, 0, 0, 306648, 2140
317172, 0, 0, 0, 0, 0, 0, 306648, 2140
317172, 0, 0, 0, 0, 0, 0, 306648, 2140
317172, 0, 0, 0, 0, 0, 0, 306648, 2140
317172, 0, 0, 0, 0, 0, 0, 306648, 2140
317172, 0, 0, 0, 0, 0, 0, 306648, 2140
317172, 0, 0, 0, 0, 0, 0, 306648, 2140
317172, 0, 0, 0, 0, 0, 0, 306648, 2140
317172, 0, 0, 0, 0, 0, 0, 306648, 2140
317172, 0, 0, 0, 0, 0, 0, 306648, 2140
317172, 0, 0, 0, 0, 0, 0, 306648, 2140
317172, 0, 0, 0, 0, 0, 0, 306648, 2140
317172, 0, 0, 0, 0, 0, 0, 306648, 2140
317172, 0, 0, 0, 0, 0, 0, 306648, 2140
317172, 0, 0, 0, 0, 0, 0, 306648, 2140
317172, 0, 0, 0, 0, 0, 0, 306648, 2140
317172, 0, 0, 0, 0, 0, 0, 306648, 2140
317172, 0, 0, 0, 0, 0, 0, 306648, 2140
317172, 0, 0, 0, 0, 0, 0, 306648, 2140
317172, 0, 0, 0, 0, 0, 0, 306648, 2140
317172, 0, 0, 0, 0, 0, 0, 306648, 2140
317172, 0, 0, 0, 0, 0, 0, 306648, 2140
317172, 0, 0, 0, 0, 0, 0, 306648, 2140
317172, 0, 0, 0, 0, 0, 0, 306648, 2140
317172, 0, 0, 0, 0, 0, 0, 306648, 2140
317172, 0, 0, 0, 0, 0, 0, 306648, 2140
317172, 0, 0, 0, 0, 0, 0, 306648, 2140
317172, 0, 0, 0, 0, 0, 0, 306648, 2140
317172, 0, 0, 0, 0, 0, 0, 306648, 2140
317172, 0, 0, 0, 0, 0, 0, 306648, 2140
317172, 0, 0, 0, 0, 0, 0, 306648, 2140
317172, 0, 0, 0, 0, 0, 0, 306648, 2140
317172, 0, 0, 0, 0, 0, 0, 306648, 2140
317172, 0, 0, 0, 0, 0, 0, 306648, 2140
317172, 0, 0, 0, 0, 0, 0, 306648, 2140
317172, 0, 0, 0, 0, 0, 0, 306648, 2140
317172, 0, 0, 0, 0, 0, 0, 306648, 2140
317172, 0, 0, 0, 0, 0, 0, 306648, 2140
317172, 0, 0, 0, 0, 0, 0, 306648, 2140
317172, 0, 0, 0, 0, 0, 0, 306648, 2140
317172, 0, 0, 0, 0, 0, 0, 306648, 2140
317172, 0, 0, 0, 0, 0, 0, 306648, 2140
317172, 0, 0, 0, 0, 0, 0, 306648, 2140
317172, 0, 0, 0, 0, 0, 0, 306648, 2140
317172, 0, 0, 0, 0, 0, 0, 306648, 2140
317172, 0, 0, 0, 0, 0, 0, 306648, 2140
317172, 0, 0, 0, 0, 0, 0, 306648, 2140
317172, 0, 0, 0, 0, 0, 0, 306648, 2140
317172, 0, 0, 0, 0, 0, 0, 306648, 2140
317172, 0, 0, 0, 0, 0, 0, 306648, 2140
317172, 0, 0, 0, 0, 0, 0, 306648, 2140
317172, 0, 0, 0, 0, 0, 0, 306648, 2140
317172, 0, 0, 0, 0, 0, 0, 306648, 2140
317172, 0, 0, 0, 0, 0, 0, 306648, 2140
317172, 0, 0, 0, 0, 0, 0, 306648, 2140
317172, 0, 0, 0, 0, 0, 0, 306648, 2140
317172, 0, 0, 0, 0, 0, 0, 306648, 2140
317172, 0, 0, 0, 0, 0, 0, 306648, 2140
317172, 0, 0, 0, 0, 0, 0, 306648, 2140
317172, 0, 0, 0, 0, 0, 0, 306648, 2140
317172, 0, 0, 0, 0, 0, 0, 306648, 2140
317172, 0, 0, 0, 0, 0, 0, 306648, 2140
317172, 0, 0, 0, 0, 0, 0, 306648, 2140
317172, 0, 0, 0, 0, 0, 0, 306648, 2140
317172, 0, 0, 0, 0, 0, 0, 306648, 2140
317172, 0, 0, 0, 0, 0, 0, 306648, 2140
317172, 0, 0, 0, 0, 0, 0, 306648, 2140
317172, 0, 0, 0, 0, 0, 0, 306648, 2140
317172, 0, 0, 0, 0, 0, 0, 306648, 2140
317172, 0, 0, 0, 0, 0, 0, 306648, 2140
317172, 0, 0, 0, 0, 0, 0, 306648, 2140
317172, 0, 0, 0, 0, 0, 0, 306648, 2140
317172, 0, 0, 0, 0, 0, 0, 306648, 2140
317172, 0, 0, 0, 0, 0, 0, 306648, 2140
317172, 0, 0, 0, 0, 0, 0, 306648, 2140
317172, 0, 0, 0, 0, 0, 0, 306648, 2140
317172, 0, 0, 0, 0, 0, 0, 306648, 2140
317172, 0, 0, 0, 0, 0, 0, 306648, 2140
317172, 0, 0, 0, 0, 0, 0, 306648, 2140
317172, 0, 0, 0, 0, 0, 0, 306648, 2140
317172, 0, 0, 0, 0, 0, 0, 306648, 2140
317172, 0, 0, 0, 0, 0, 0, 306648, 2140
317172, 0, 0, 0, 0, 0, 0, 306648, 2140
317172, 0, 0, 0, 0, 0, 0, 306648, 2140
317172, 0, 0, 0, 0, 0, 0, 306648, 2140
317172, 0, 0, 0, 0, 0, 0, 306648, 2140
317172, 0, 0, 0, 0, 0, 0, 306648, 2140
317172, 0, 0, 0, 0, 0, 0, 306648, 2140
317172, 0, 0, 0, 0, 0, 0, 306648, 2140
317172, 0, 0, 0, 0, 0, 0, 306648, 2140
317172, 0, 0, 0, 0, 0, 0, 306648, 2140
317172, 0, 0, 0, 0, 0, 0, 306648, 2140
317172, 0, 0, 0, 0, 0, 0, 306648, 2140
317172, 0, 0, 0, 0, 0, 0, 306648, 2140
317172, 0, 0, 0, 0, 0, 0, 306648, 2140
317172, 0, 0, 0, 0, 0, 0, 306648, 2140
317172, 0, 0, 0, 0, 0, 0, 306648, 2140
317172, 0, 0, 0, 0, 0, 0, 306648, 2140
317172, 0, 0, 0, 0, 0, 0, 306648, 2140
317172, 0, 0, 0, 0, 0, 0, 306648, 2140
317172, 0, 0, 0, 0, 0, 0, 306648, 2140
317172, 0, 0, 0, 0, 0, 0, 306648, 2140
317172, 0, 0, 0, 0, 0, 0, 306648, 2140
317172, 0, 0, 0, 0, 0, 0, 306648, 2140
317172, 0, 0, 0, 0, 0, 0, 306648, 2140
317172, 0, 0, 0, 0, 0, 0, 306648, 2140
317172, 0, 0, 0, 0, 0, 0, 306648, 2140
317172, 0, 0, 0, 0, 0, 0, 306648, 2140
317172, 0, 0, 0, 0, 0, 0, 306648, 2140
317172, 0, 0, 0, 0, 0, 0, 306648, 2140
317172, 0, 0, 0, 0, 0, 0, 306648, 2140
317172, 0, 0, 0, 0, 0, 0, 306648, 2140
317172, 0, 0, 0, 0, 0, 0, 306648, 2140
317172, 0, 0, 0, 0, 0, 0, 306648, 2140
317172, 0, 0, 0, 0, 0, 0, 306648, 2140
317172, 0, 0, 0, 0, 0, 0, 306648, 2140
317172, 0, 0, 0, 0, 0, 0, 306648, 2140
317172, 0, 0, 0, 0, 0, 0, 306648, 2140
317172, 0, 0, 0, 0, 0, 0, 306648, 2140
317172, 0, 0, 0, 0, 0, 0, 306648, 2140
317172, 0, 0, 0, 0, 0, 0, 306648, 2140
317172, 0, 0, 0, 0, 0, 0, 306648, 2140
317172, 0, 0, 0, 0, 0, 0, 306648, 2140
317172, 0, 0, 0, 0, 0, 0, 306648, 2140
317172, 0, 0, 0, 0, 0, 0, 306648, 2140
317172, 0, 0, 0, 0, 0, 0, 306648, 2140
317172, 0, 0, 0, 0, 0, 0, 306648, 2140
317172, 0, 0, 0, 0, 0, 0, 306648, 2140
317172, 0, 0, 0, 0, 0, 0, 306648, 2140
317172, 0, 0, 0, 0, 0, 0, 306648, 2140
317172, 0, 0, 0, 0, 0, 0, 306648, 2140
317172, 0, 0, 0, 0, 0, 0, 306648, 2140
317172, 0, 0, 0, 0, 0, 0, 306648, 2140
317172, 0, 0, 0, 0, 0, 0, 306648, 2140
317172, 0, 0, 0, 0, 0, 0, 306648, 2140
317172, 0, 0, 0, 0, 0, 0, 306648, 2140
317172, 0, 0, 0, 0, 0, 0, 306648, 2140
317172, 0, 0, 0, 0, 0, 0, 306648, 2140
317172, 0, 0, 0, 0, 0, 0, 306648, 2140
317172, 0, 0, 0, 0, 0, 0, 306648, 2140
317172, 0, 0, 0, 0, 0, 0, 306648, 2140
317172, 0, 0, 0, 0, 0, 0, 306648, 2140
317172, 0, 0, 0, 0, 0, 0, 306648, 2140
317172, 0, 0, 0, 0, 0, 0, 306648, 2140
317172, 0, 0, 0, 0, 0, 0, 306648, 2140
317172, 0, 0, 0, 0, 0, 0, 306648, 2140
317172, 0, 0, 0, 0, 0, 0, 306648, 2140
317172, 0, 0, 0, 0, 0, 0, 306648, 2140
317172, 0, 0, 0, 0, 0, 0, 306648, 2140
317172, 0, 0, 0, 0, 0, 0, 306648, 2140
317172, 0, 0, 0, 0, 0, 0, 306648, 2140
317172, 0, 0, 0, 0, 0, 0, 306648, 2140
317172, 0, 0, 0, 0, 0, 0, 306648, 2140
317172, 0, 0, 0, 0, 0, 0, 306648, 2140
317172, 0, 0, 0, 0, 0, 0, 306648, 2140
317172, 0, 0, 0, 0, 0, 0, 306648, 2140
317172, 0, 0, 0, 0, 0, 0, 306648, 2140
317172, 0, 0, 0, 0, 0, 0, 306648, 2140
317172, 0, 0, 0, 0, 0, 0, 306648, 2140
317172, 0, 0, 0, 0, 0, 0, 306648, 2140
317172, 0, 0, 0, 0, 0, 0, 306648, 2140
317172, 0, 0, 0, 0, 0, 0, 306648, 2140
317172, 0, 0, 0, 0, 0, 0, 306648, 2140
317172, 0, 0, 0, 0, 0, 0, 306648, 2140
317172, 0, 0, 0, 0, 0, 0, 306648, 2140
317172, 0, 0, 0, 0, 0, 0, 306648, 2140
317172, 0, 0, 0, 0, 0, 0, 306648, 2140
317172, 0, 0, 0, 0, 0, 0, 306648, 2140
317172, 0, 0, 0, 0, 0, 0, 306648, 2140
317172, 0, 0, 0, 0, 0, 0, 306648, 2140
317172, 0, 0, 0, 0, 0, 0, 306648, 2140
317172, 0, 0, 0, 0, 0, 0, 306648, 2140
317172, 0, 0, 0, 0, 0, 0, 306648, 2140
317172, 0, 0, 0, 0, 0, 0, 306648, 2140
317172, 0, 0, 0, 0, 0, 0, 306648, 2140
317172, 0, 0, 0, 0, 0, 0, 306648, 2140
317172, 0, 0, 0, 0, 0, 0, 306648, 2140
317172, 0, 0, 0, 0, 0, 0, 306648, 2140
317172, 0, 0, 0, 0, 0, 0, 306648, 2140
317172, 0, 0, 0, 0, 0, 0, 306648, 2140
317172, 0, 0, 0, 0, 0, 0, 306648, 2140
317172, 0, 0, 0, 0, 0, 0, 306648, 2140
317172, 0, 0, 0, 0, 0, 0, 306648, 2140
317172, 0, 0, 0, 0, 0, 0, 306648, 2140
317172, 0, 0, 0, 0, 0, 0, 306648, 2140
317172, 0, 0, 0, 0, 0, 0, 306648, 2140
317172, 0, 0, 0, 0, 0, 0, 306648, 2140
317172, 0, 0, 0, 0, 0, 0, 306648, 2140
317172, 0, 0, 0, 0, 0, 0, 306648, 2140
317172, 0, 0, 0, 0, 0, 0, 306648, 2140
317172, 0, 0, 0, 0, 0, 0, 306648, 2140
317172, 0, 0, 0, 0, 0, 0, 306648, 2140
317172, 0, 0, 0, 0, 0, 0, 306648, 2140
317172, 0, 0, 0, 0, 0, 0, 306648, 2140
317172, 0, 0, 0, 0, 0, 0, 306648, 2140
317172, 0, 0, 0, 0, 0, 0, 306648, 2140
317172, 0, 0, 0, 0, 0, 0, 306648, 2140
317172, 0, 0, 0, 0, 0, 0, 306648, 2140
317172, 0, 0, 0, 0, 0, 0, 306648, 2140
317172, 0, 0, 0, 0, 0, 0, 306648, 2140
317172, 0, 0, 0, 0, 0, 0, 306648, 2140
317172, 0, 0, 0, 0, 0, 0, 306648, 2140
317172, 0, 0, 0, 0, 0, 0, 306648, 2140
317172, 0, 0, 0, 0, 0, 0, 306648, 2140
317172, 0, 0, 0, 0, 0, 0, 306648, 2140
317172, 0, 0, 0, 0, 0, 0, 306648, 2140
317172, 0, 0, 0, 0, 0, 0, 306648, 2140
317172, 0, 0, 0, 0, 0, 0, 306648, 2140
317172, 0, 0, 0, 0, 0, 0, 306648, 2140
317172, 0, 0, 0, 0, 0, 0, 306648, 2140
317172, 0, 0, 0, 0, 0, 0, 306648, 2140
317172, 0, 0, 0, 0, 0, 0, 306648, 2140
317172, 0, 0, 0, 0, 0, 0, 306648, 2140
317172, 0, 0, 0, 0, 0, 0, 306648, 2140
317172, 0, 0, 0, 0, 0, 0, 306648, 2140
317172, 0, 0, 0, 0, 0, 0, 306648, 2140
317172, 0, 0, 0, 0, 0, 0, 306648, 2140
317172, 0, 0, 0, 0, 0, 0, 306648, 2140
317172, 0, 0, 0, 0, 0, 0, 306648, 2140
317172, 0, 0, 0, 0, 0, 0, 306648, 2140
317172, 0, 0, 0, 0, 0, 0, 306648, 2140
317172, 0, 0, 0, 0, 0, 0, 306648, 2140
317172, 0, 0, 0, 0, 0, 0, 306648, 2140
317172, 0, 0, 0, 0, 0, 0, 306648, 2140
317172, 0, 0, 0, 0, 0, 0, 306648, 2140
317172, 0, 0, 0, 0, 0, 0, 306648, 2140
317172, 0, 0, 0, 0, 0, 0, 306648, 2140
317172, 0, 0, 0, 0, 0, 0, 306648, 2140
317172, 0, 0, 0, 0, 0, 0, 306648, 2140
317172, 0, 0, 0, 0, 0, 0, 306648, 2140
317172, 0, 0, 0, 0, 0, 0, 306648, 2140
317172, 0, 0, 0, 0, 0, 0, 306648, 2140
317172, 0, 0, 0, 0, 0, 0, 306648, 2140
317172, 0, 0, 0, 0, 0, 0, 306648, 2140
317172, 0, 0, 0, 0, 0, 0, 306648, 2140
317172, 0, 0, 0, 0, 0, 0, 306648, 2140
317172, 0, 0, 0, 0, 0, 0, 306648, 2140
317172, 0, 0, 0, 0, 0, 0, 306648, 2140
317172, 0, 0, 0, 0, 0, 0, 306648, 2140
317172, 0, 0, 0, 0, 0, 0, 306648, 2140
317172, 0, 0, 0, 0, 0, 0, 306648, 2140
317172, 0, 0, 0, 0, 0, 0, 306648, 2140
317172, 0, 0, 0, 0, 0, 0, 306648, 2140
317172, 0, 0, 0, 0, 0, 0, 306648, 2140
317172, 0, 0, 0, 0, 0, 0, 306648, 2140
317172, 0, 0, 0, 0, 0, 0, 306648, 2140
317172, 0, 0, 0, 0, 0, 0, 306648, 2140
317172, 0, 0, 0, 0, 0, 0, 306648, 2140
317172, 0, 0, 0, 0, 0, 0, 306648, 2140
317172, 0, 0, 0, 0, 0, 0, 306648, 2140
317172, 0, 0, 0, 0, 0, 0, 306648, 2140
317172, 0, 0, 0, 0, 0, 0, 306648, 2140
317172, 0, 0, 0, 0, 0, 0, 306648, 2140
317172, 0, 0, 0, 0, 0, 0, 306648, 2140
317172, 0, 0, 0, 0, 0, 0, 306648, 2140
317172, 0, 0, 0, 0, 0, 0, 306648, 2140
317172, 0, 0, 0, 0, 0, 0, 306648, 2140
317172, 0, 0, 0, 0, 0, 0, 306648, 2140
317172, 0, 0, 0, 0, 0, 0, 306648, 2140
317172, 0, 0, 0, 0, 0, 0, 306648, 2140
317172, 0, 0, 0, 0, 0, 0, 306648, 2140
317172, 0, 0, 0, 0, 0, 0, 306648, 2140
317172, 0, 0, 0, 0, 0, 0, 306648, 2140
317172, 0, 0, 0, 0, 0, 0, 306648, 2140
317172, 0, 0, 0, 0, 0, 0, 306648, 2140
317172, 0, 0, 0, 0, 0, 0, 306648, 2140
317172, 0, 0, 0, 0, 0, 0, 306648, 2140
317172, 0, 0, 0, 0, 0, 0, 306648, 2140
317172, 0, 0, 0, 0, 0, 0, 306648, 2140
317172, 0, 0, 0, 0, 0, 0, 306648, 2140
317172, 0, 0, 0, 0, 0, 0, 306648, 2140
317172, 0, 0, 0, 0, 0, 0, 306648, 2140
317172, 0, 0, 0, 0, 0, 0, 306648, 2140
317172, 0, 0, 0, 0, 0, 0, 306648, 2140
317172, 0, 0, 0, 0, 0, 0, 306648, 2140
317172, 0, 0, 0, 0, 0, 0, 306648, 2140
317172, 0, 0, 0, 0, 0, 0, 306648, 2140
317172, 0, 0, 0, 0, 0, 0, 306648, 2140
317172, 0, 0, 0, 0, 0, 0, 306648, 2140
317172, 0, 0, 0, 0, 0, 0, 306648, 2140
317172, 0, 0, 0, 0, 0, 0, 306648, 2140
317172, 0, 0, 0, 0, 0, 0, 306648, 2140
317172, 0, 0, 0, 0, 0, 0, 306648, 2140
317172, 0, 0, 0, 0, 0, 0, 306648, 2140
317172, 0, 0, 0, 0, 0, 0, 306648, 2140
317172, 0, 0, 0, 0, 0, 0, 306648, 2140
317172, 0, 0, 0, 0, 0, 0, 306648, 2140
317172, 0, 0, 0, 0, 0, 0, 306648, 2140
317172, 0, 0, 0, 0, 0, 0, 306648, 2140
317172, 0, 0, 0, 0, 0, 0, 306648, 2140
317172, 0, 0, 0, 0, 0, 0, 306648, 2140
317172, 0, 0, 0, 0, 0, 0, 306648, 2140
317172, 0, 0, 0, 0, 0, 0, 306648, 2140
317172, 0, 0, 0, 0, 0, 0, 306648, 2140
317172, 0, 0, 0, 0, 0, 0, 306648, 2140
317172, 0, 0, 0, 0, 0, 0, 306648, 2140
317172, 0, 0, 0, 0, 0, 0, 306648, 2140
317172, 0, 0, 0, 0, 0, 0, 306648, 2140
317172, 0, 0, 0, 0, 0, 0, 306648, 2140
317172, 0, 0, 0, 0, 0, 0, 306648, 2140
317172, 0, 0, 0, 0, 0, 0, 306648, 2140
317172, 0, 0, 0, 0, 0, 0, 306648, 2140
317172, 0, 0, 0, 0, 0, 0, 306648, 2140
317172, 0, 0, 0, 0, 0, 0, 306648, 2140
317172, 0, 0, 0, 0, 0, 0, 306648, 2140
317172, 0, 0, 0, 0, 0, 0, 306648, 2140
317172, 0, 0, 0, 0, 0, 0, 306648, 2140
317172, 0, 0, 0, 0, 0, 0, 306648, 2140
317172, 0, 0, 0, 0, 0, 0, 306648, 2140
317172, 0, 0, 0, 0, 0, 0, 306648, 2140
317172, 0, 0, 0, 0, 0, 0, 306648, 2140
317172, 0, 0, 0, 0, 0, 0, 306648, 2140
317172, 0, 0, 0, 0, 0, 0, 306648, 2140
317172, 0, 0, 0, 0, 0, 0, 306648, 2140
317172, 0, 0, 0, 0, 0, 0, 306648, 2140
317172, 0, 0, 0, 0, 0, 0, 306648, 2140
317172, 0, 0, 0, 0, 0, 0, 306648, 2140
317172, 0, 0, 0, 0, 0, 0, 306648, 2140
317172, 0, 0, 0, 0, 0, 0, 306648, 2140
317172, 0, 0, 0, 0, 0, 0, 306648, 2140
317172, 0, 0, 0, 0, 0, 0, 306648, 2140
317172, 0, 0, 0, 0, 0, 0, 306648, 2140
317172, 0, 0, 0, 0, 0, 0, 306648, 2140
317172, 0, 0, 0, 0, 0, 0, 306648, 2140
317172, 0, 0, 0, 0, 0, 0, 306648, 2140
317172, 0, 0, 0, 0, 0, 0, 306648, 2140
317172, 0, 0, 0, 0, 0, 0, 306648, 2140
317172, 0, 0, 0, 0, 0, 0, 306648, 2140
317172, 0, 0, 0, 0, 0, 0, 306648, 2140
317172, 0, 0, 0, 0, 0, 0, 306648, 2140
317172, 0, 0, 0, 0, 0, 0, 306648, 2140
317172, 0, 0, 0, 0, 0, 0, 306648, 2140
317172, 0, 0, 0, 0, 0, 0, 306648, 2140
317172, 0, 0, 0, 0, 0, 0, 306648, 2140
317172, 0, 0, 0, 0, 0, 0, 306648, 2140
317172, 0, 0, 0, 0, 0, 0, 306648, 2140
317172, 0, 0, 0, 0, 0, 0, 306648, 2140
317172, 0, 0, 0, 0, 0, 0, 306648, 2140
317172, 0, 0, 0, 0, 0, 0, 306648, 2140
317172, 0, 0, 0, 0, 0, 0, 306648, 2140
317172, 0, 0, 0, 0, 0, 0, 306648, 2140
317172, 0, 0, 0, 0, 0, 0, 306648, 2140
317172, 0, 0, 0, 0, 0, 0, 306648, 2140
317172, 0, 0, 0, 0, 0, 0, 306648, 2140
317172, 0, 0, 0, 0, 0, 0, 306648, 2140
317172, 0, 0, 0, 0, 0, 0, 306648, 2140
317172, 0, 0, 0, 0, 0, 0, 306648, 2140
317172, 0, 0, 0, 0, 0, 0, 306648, 2140
317172, 0, 0, 0, 0, 0, 0, 306648, 2140
317172, 0, 0, 0, 0, 0, 0, 306648, 2140
317172, 0, 0, 0, 0, 0, 0, 306648, 2140
317172, 0, 0, 0, 0, 0, 0, 306648, 2140
317172, 0, 0, 0, 0, 0, 0, 306648, 2140
317172, 0, 0, 0, 0, 0, 0, 306648, 2140
317172, 0, 0, 0, 0, 0, 0, 306648, 2140
317172, 0, 0, 0, 0, 0, 0, 306648, 2140
317172, 0, 0, 0, 0, 0, 0, 306648, 2140
317172, 0, 0, 0, 0, 0, 0, 306648, 2140
317172, 0, 0, 0, 0, 0, 0, 306648, 2140
317172, 0, 0, 0, 0, 0, 0, 306648, 2140
317172, 0, 0, 0, 0, 0, 0, 306648, 2140
317172, 0, 0, 0, 0, 0, 0, 306648, 2140
317172, 0, 0, 0, 0, 0, 0, 306648, 2140
317172, 0, 0, 0, 0, 0, 0, 306648, 2140
317172, 0, 0, 0, 0, 0, 0, 306648, 2140
317172, 0, 0, 0, 0, 0, 0, 306648, 2140
317172, 0, 0, 0, 0, 0, 0, 306648, 2140
317172, 0, 0, 0, 0, 0, 0, 306648, 2140
317172, 0, 0, 0, 0, 0, 0, 306648, 2140
317172, 0, 0, 0, 0, 0, 0, 306648, 2140
317172, 0, 0, 0, 0, 0, 0, 306648, 2140
317172, 0, 0, 0, 0, 0, 0, 306648, 2140
317172, 0, 0, 0, 0, 0, 0, 306648, 2140
317172, 0, 0, 0, 0, 0, 0, 306648, 2140
317172, 0, 0, 0, 0, 0, 0, 306648, 2140
317172, 0, 0, 0, 0, 0, 0, 306648, 2140
317172, 0, 0, 0, 0, 0, 0, 306648, 2140
317172, 0, 0, 0, 0, 0, 0, 306648, 2140
317172, 0, 0, 0, 0, 0, 0, 306648, 2140
317172, 0, 0, 0, 0, 0, 0, 306648, 2140
317172, 0, 0, 0, 0, 0, 0, 306648, 2140
317172, 0, 0, 0, 0, 0, 0, 306648, 2140
317172, 0, 0, 0, 0, 0, 0, 306648, 2140
317172, 0, 0, 0, 0, 0, 0, 306648, 2140
317172, 0, 0, 0, 0, 0, 0, 306648, 2140
317172, 0, 0, 0, 0, 0, 0, 306648, 2140
317172, 0, 0, 0, 0, 0, 0, 306648, 2140
317172, 0, 0, 0, 0, 0, 0, 306648, 2140
317172, 0, 0, 0, 0, 0, 0, 306648, 2140
317172, 0, 0, 0, 0, 0, 0, 306648, 2140
317172, 0, 0, 0, 0, 0, 0, 306648, 2140
317172, 0, 0, 0, 0, 0, 0, 306648, 2140
317172, 0, 0, 0, 0, 0, 0, 306648, 2140
317172, 0, 0, 0, 0, 0, 0, 306648, 2140
317172, 0, 0, 0, 0, 0, 0, 306648, 2140
317172, 0, 0, 0, 0, 0, 0, 306648, 2140
317172, 0, 0, 0, 0, 0, 0, 306648, 2140
317172, 0, 0, 0, 0, 0, 0, 306648, 2140
317172, 0, 0, 0, 0, 0, 0, 306648, 2140
317172, 0, 0, 0, 0, 0, 0, 306648, 2140
317172, 0, 0, 0, 0, 0, 0, 306648, 2140
317172, 0, 0, 0, 0, 0, 0, 306648, 2140
317172, 0, 0, 0, 0, 0, 0, 306648, 2140
317172, 0, 0, 0, 0, 0, 0, 306648, 2140
317172, 0, 0, 0, 0, 0, 0, 306648, 2140
317172, 0, 0, 0, 0, 0, 0, 306648, 2140
317172, 0, 0, 0, 0, 0, 0, 306648, 2140
317172, 0, 0, 0, 0, 0, 0, 306648, 2140
317172, 0, 0, 0, 0, 0, 0, 306648, 2140
317172, 0, 0, 0, 0, 0, 0, 306648, 2140
317172, 0, 0, 0, 0, 0, 0, 306648, 2140
317172, 0, 0, 0, 0, 0, 0, 306648, 2140
317172, 0, 0, 0, 0, 0, 0, 306648, 2140
317172, 0, 0, 0, 0, 0, 0, 306648, 2140
317172, 0, 0, 0, 0, 0, 0, 306648, 2140
317172, 0, 0, 0, 0, 0, 0, 306648, 2140
317172, 0, 0, 0, 0, 0, 0, 306648, 2140
317172, 0, 0, 0, 0, 0, 0, 306648, 2140
317172, 0, 0, 0, 0, 0, 0, 306648, 2140
317172, 0, 0, 0, 0, 0, 0, 306648, 2140
317172, 0, 0, 0, 0, 0, 0, 306648, 2140
317172, 0, 0, 0, 0, 0, 0, 306648, 2140
317172, 0, 0, 0, 0, 0, 0, 306648, 2140
317172, 0, 0, 0, 0, 0, 0, 306648, 2140
317172, 0, 0, 0, 0, 0, 0, 306648, 2140
317172, 0, 0, 0, 0, 0, 0, 306648, 2140
317172, 0, 0, 0, 0, 0, 0, 306648, 2140
317172, 0, 0, 0, 0, 0, 0, 306648, 2140
317172, 0, 0, 0, 0, 0, 0, 306648, 2140
317172, 0, 0, 0, 0, 0, 0, 306648, 2140
317172, 0, 0, 0, 0, 0, 0, 306648, 2140
317172, 0, 0, 0, 0, 0, 0, 306648, 2140
317172, 0, 0, 0, 0, 0, 0, 306648, 2140
317172, 0, 0, 0, 0, 0, 0, 306648, 2140
317172, 0, 0, 0, 0, 0, 0, 306648, 2140
317172, 0, 0, 0, 0, 0, 0, 306648, 2140
317172, 0, 0, 0, 0, 0, 0, 306648, 2140
317172, 0, 0, 0, 0, 0, 0, 306648, 2140
317172, 0, 0, 0, 0, 0, 0, 306648, 2140
317172, 0, 0, 0, 0, 0, 0, 306648, 2140
317172, 0, 0, 0, 0, 0, 0, 306648, 2140
317172, 0, 0, 0, 0, 0, 0, 306648, 2140
317172, 0, 0, 0, 0, 0, 0, 306648, 2140
317172, 0, 0, 0, 0, 0, 0, 306648, 2140
317172, 0, 0, 0, 0, 0, 0, 306648, 2140
317172, 0, 0, 0, 0, 0, 0, 306648, 2140
317172, 0, 0, 0, 0, 0, 0, 306648, 2140
317172, 0, 0, 0, 0, 0, 0, 306648, 2140
317172, 0, 0, 0, 0, 0, 0, 306648, 2140
317172, 0, 0, 0, 0, 0, 0, 306648, 2140
317172, 0, 0, 0, 0, 0, 0, 306648, 2140
317172, 0, 0, 0, 0, 0, 0, 306648, 2140
317172, 0, 0, 0, 0, 0, 0, 306648, 2140
317172, 0, 0, 0, 0, 0, 0, 306648, 2140
317172, 0, 0, 0, 0, 0, 0, 306648, 2140
317172, 0, 0, 0, 0, 0, 0, 306648, 2140
317172, 0, 0, 0, 0, 0, 0, 306648, 2140
317172, 0, 0, 0, 0, 0, 0, 306648, 2140
317172, 0, 0, 0, 0, 0, 0, 306648, 2140
317172, 0, 0, 0, 0, 0, 0, 306648, 2140
317172, 0, 0, 0, 0, 0, 0, 306648, 2140
317172, 0, 0, 0, 0, 0, 0, 306648, 2140
317172, 0, 0, 0, 0, 0, 0, 306648, 2140
317172, 0, 0, 0, 0, 0, 0, 306648, 2140
317172, 0, 0, 0, 0, 0, 0, 306648, 2140
317172, 0, 0, 0, 0, 0, 0, 306648, 2140
317172, 0, 0, 0, 0, 0, 0, 306648, 2140
317172, 0, 0, 0, 0, 0, 0, 306648, 2140
317172, 0, 0, 0, 0, 0, 0, 306648, 2140
317172, 0, 0, 0, 0, 0, 0, 306648, 2140
317172, 0, 0, 0, 0, 0, 0, 306648, 2140
317172, 0, 0, 0, 0, 0, 0, 306648, 2140
317172, 0, 0, 0, 0, 0, 0, 306648, 2140
317172, 0, 0, 0, 0, 0, 0, 306648, 2140
317172, 0, 0, 0, 0, 0, 0, 306648, 2140
317172, 0, 0, 0, 0, 0, 0, 306648, 2140
317172, 0, 0, 0, 0, 0, 0, 306648, 2140
317172, 0, 0, 0, 0, 0, 0, 306648, 2140
317172, 0, 0, 0, 0, 0, 0, 306648, 2140
317172, 0, 0, 0, 0, 0, 0, 306648, 2140
317172, 0, 0, 0, 0, 0, 0, 306648, 2140
317172, 0, 0, 0, 0, 0, 0, 306648, 2140
317172, 0, 0, 0, 0, 0, 0, 306648, 2140
317172, 0, 0, 0, 0, 0, 0, 306648, 2140
317172, 0, 0, 0, 0, 0, 0, 306648, 2140
317172, 0, 0, 0, 0, 0, 0, 306648, 2140
317172, 0, 0, 0, 0, 0, 0, 306648, 2140
317172, 0, 0, 0, 0, 0, 0, 306648, 2140
317172, 0, 0, 0, 0, 0, 0, 306648, 2140
317172, 0, 0, 0, 0, 0, 0, 306648, 2140
317172, 0, 0, 0, 0, 0, 0, 306648, 2140
317172, 0, 0, 0, 0, 0, 0, 306648, 2140
317172, 0, 0, 0, 0, 0, 0, 306648, 2140
317172, 0, 0, 0, 0, 0, 0, 306648, 2140
317172, 0, 0, 0, 0, 0, 0, 306648, 2140
317172, 0, 0, 0, 0, 0, 0, 306648, 2140
317172, 0, 0, 0, 0, 0, 0, 306648, 2140
317172, 0, 0, 0, 0, 0, 0, 306648, 2140
317172, 0, 0, 0, 0, 0, 0, 306648, 2140
317172, 0, 0, 0, 0, 0, 0, 306648, 2140
317172, 0, 0, 0, 0, 0, 0, 306648, 2140
317172, 0, 0, 0, 0, 0, 0, 306648, 2140
317172, 0, 0, 0, 0, 0, 0, 306648, 2140
317172, 0, 0, 0, 0, 0, 0, 306648, 2140
317172, 0, 0, 0, 0, 0, 0, 306648, 2140
317172, 0, 0, 0, 0, 0, 0, 306648, 2140
317172, 0, 0, 0, 0, 0, 0, 306648, 2140
317172, 0, 0, 0, 0, 0, 0, 306648, 2140
317172, 0, 0, 0, 0, 0, 0, 306648, 2140
317172, 0, 0, 0, 0, 0, 0, 306648, 2140
317172, 0, 0, 0, 0, 0, 0, 306648, 2140
317172, 0, 0, 0, 0, 0, 0, 306648, 2140
317172, 0, 0, 0, 0, 0, 0, 306648, 2140
317172, 0, 0, 0, 0, 0, 0, 306648, 2140
317172, 0, 0, 0, 0, 0, 0, 306648, 2140
317172, 0, 0, 0, 0, 0, 0, 306648, 2140
317172, 0, 0, 0, 0, 0, 0, 306648, 2140
317172, 0, 0, 0, 0, 0, 0, 306648, 2140
317172, 0, 0, 0, 0, 0, 0, 306648, 2140
317172, 0, 0, 0, 0, 0, 0, 306648, 2140
317172, 0, 0, 0, 0, 0, 0, 306648, 2140
317172, 0, 0, 0, 0, 0, 0, 306648, 2140
317172, 0, 0, 0, 0, 0, 0, 306648, 2140
317172, 0, 0, 0, 0, 0, 0, 306648, 2140
317172, 0, 0, 0, 0, 0, 0, 306648, 2140
317172, 0, 0, 0, 0, 0, 0, 306648, 2140
317172, 0, 0, 0, 0, 0, 0, 306648, 2140
317172, 0, 0, 0, 0, 0, 0, 306648, 2140
317172, 0, 0, 0, 0, 0, 0, 306648, 2140
317172, 0, 0, 0, 0, 0, 0, 306648, 2140
317172, 0, 0, 0, 0, 0, 0, 306648, 2140
317172, 0, 0, 0, 0, 0, 0, 306648, 2140
317172, 0, 0, 0, 0, 0, 0, 306648, 2140
317172, 0, 0, 0, 0, 0, 0, 306648, 2140
317172, 0, 0, 0, 0, 0, 0, 306648, 2140
317172, 0, 0, 0, 0, 0, 0, 306648, 2140
317172, 0, 0, 0, 0, 0, 0, 306648, 2140
317172, 0, 0, 0, 0, 0, 0, 306648, 2140
317172, 0, 0, 0, 0, 0, 0, 306648, 2140
317172, 0, 0, 0, 0, 0, 0, 306648, 2140
317172, 0, 0, 0, 0, 0, 0, 306648, 2140
317172, 0, 0, 0, 0, 0, 0, 306648, 2140
317172, 0, 0, 0, 0, 0, 0, 306648, 2140
317172, 0, 0, 0, 0, 0, 0, 306648, 2140
317172, 0, 0, 0, 0, 0, 0, 306648, 2140
317172, 0, 0, 0, 0, 0, 0, 306648, 2140
317172, 0, 0, 0, 0, 0, 0, 306648, 2140
317172, 0, 0, 0, 0, 0, 0, 306648, 2140
317172, 0, 0, 0, 0, 0, 0, 306648, 2140
317172, 0, 0, 0, 0, 0, 0, 306648, 2140
317172, 0, 0, 0, 0, 0, 0, 306648, 2140
317172, 0, 0, 0, 0, 0, 0, 306648, 2140
317172, 0, 0, 0, 0, 0, 0, 306648, 2140
317172, 0, 0, 0, 0, 0, 0, 306648, 2140
317172, 0, 0, 0, 0, 0, 0, 306648, 2140
317172, 0, 0, 0, 0, 0, 0, 306648, 2140
317172, 0, 0, 0, 0, 0, 0, 306648, 2140
317172, 0, 0, 0, 0, 0, 0, 306648, 2140
317172, 0, 0, 0, 0, 0, 0, 306648, 2140
317172, 0, 0, 0, 0, 0, 0, 306648, 2140
317172, 0, 0, 0, 0, 0, 0, 306648, 2140
317172, 0, 0, 0, 0, 0, 0, 306648, 2140
317172, 0, 0, 0, 0, 0, 0, 306648, 2140
317172, 0, 0, 0, 0, 0, 0, 306648, 2140
317172, 0, 0, 0, 0, 0, 0, 306648, 2140
317172, 0, 0, 0, 0, 0, 0, 306648, 2140
317172, 0, 0, 0, 0, 0, 0, 306648, 2140
317172, 0, 0, 0, 0, 0, 0, 306648, 2140
317172, 0, 0, 0, 0, 0, 0, 306648, 2140
317172, 0, 0, 0, 0, 0, 0, 306648, 2140
317172, 0, 0, 0, 0, 0, 0, 306648, 2140
317172, 0, 0, 0, 0, 0, 0, 306648, 2140
317172, 0, 0, 0, 0, 0, 0, 306648, 2140
317172, 0, 0, 0, 0, 0, 0, 306648, 2140
317172, 0, 0, 0, 0, 0, 0, 306648, 2140
317172, 0, 0, 0, 0, 0, 0, 306648, 2140
317172, 0, 0, 0, 0, 0, 0, 306648, 2140
317172, 0, 0, 0, 0, 0, 0, 306648, 2140
317172, 0, 0, 0, 0, 0, 0, 306648, 2140
317172, 0, 0, 0, 0, 0, 0, 306648, 2140
317172, 0, 0, 0, 0, 0, 0, 306648, 2140
317172, 0, 0, 0, 0, 0, 0, 306648, 2140
317172, 0, 0, 0, 0, 0, 0, 306648, 2140
317172, 0, 0, 0, 0, 0, 0, 306648, 2140
317172, 0, 0, 0, 0, 0, 0, 306648, 2140
317172, 0, 0, 0, 0, 0, 0, 306648, 2140
317172, 0, 0, 0, 0, 0, 0, 306648, 2140
317172, 0, 0, 0, 0, 0, 0, 306648, 2140
317172, 0, 0, 0, 0, 0, 0, 306648, 2140
317172, 0, 0, 0, 0, 0, 0, 306648, 2140
317172, 0, 0, 0, 0, 0, 0, 306648, 2140
317172, 0, 0, 0, 0, 0, 0, 306648, 2140
317172, 0, 0, 0, 0, 0, 0, 306648, 2140
317172, 0, 0, 0, 0, 0, 0, 306648, 2140
317172, 0, 0, 0, 0, 0, 0, 306648, 2140
317172, 0, 0, 0, 0, 0, 0, 306648, 2140
317172, 0, 0, 0, 0, 0, 0, 306648, 2140
317172, 0, 0, 0, 0, 0, 0, 306648, 2140
317172, 0, 0, 0, 0, 0, 0, 306648, 2140
317172, 0, 0, 0, 0, 0, 0, 306648, 2140
317172, 0, 0, 0, 0, 0, 0, 306648, 2140
317172, 0, 0, 0, 0, 0, 0, 306648, 2140
317172, 0, 0, 0, 0, 0, 0, 306648, 2140
317172, 0, 0, 0, 0, 0, 0, 306648, 2140
317172, 0, 0, 0, 0, 0, 0, 306648, 2140
317172, 0, 0, 0, 0, 0, 0, 306648, 2140
317172, 0, 0, 0, 0, 0, 0, 306648, 2140
317172, 0, 0, 0, 0, 0, 0, 306648, 2140
317172, 0, 0, 0, 0, 0, 0, 306648, 2140
317172, 0, 0, 0, 0, 0, 0, 306648, 2140
317172, 0, 0, 0, 0, 0, 0, 306648, 2140
317172, 0, 0, 0, 0, 0, 0, 306648, 2140
317172, 0, 0, 0, 0, 0, 0, 306648, 2140
317172, 0, 0, 0, 0, 0, 0, 306648, 2140
317172, 0, 0, 0, 0, 0, 0, 306648, 2140
317172, 0, 0, 0, 0, 0, 0, 306648, 2140
317172, 0, 0, 0, 0, 0, 0, 306648, 2140
317172, 0, 0, 0, 0, 0, 0, 306648, 2140
317172, 0, 0, 0, 0, 0, 0, 306648, 2140
317172, 0, 0, 0, 0, 0, 0, 306648, 2140
317172, 0, 0, 0, 0, 0, 0, 306648, 2140
317172, 0, 0, 0, 0, 0, 0, 306648, 2140
317172, 0, 0, 0, 0, 0, 0, 306648, 2140
317172, 0, 0, 0, 0, 0, 0, 306648, 2140
317172, 0, 0, 0, 0, 0, 0, 306648, 2140
317172, 0, 0, 0, 0, 0, 0, 306648, 2140
317172, 0, 0, 0, 0, 0, 0, 306648, 2140
317172, 0, 0, 0, 0, 0, 0, 306648, 2140
317172, 0, 0, 0, 0, 0, 0, 306648, 2140
317172, 0, 0, 0, 0, 0, 0, 306648, 2140
317172, 0, 0, 0, 0, 0, 0, 306648, 2140
317172, 0, 0, 0, 0, 0, 0, 306648, 2140
317172, 0, 0, 0, 0, 0, 0, 306648, 2140
317172, 0, 0, 0, 0, 0, 0, 306648, 2140
317172, 0, 0, 0, 0, 0, 0, 306648, 2140
317172, 0, 0, 0, 0, 0, 0, 306648, 2140
317172, 0, 0, 0, 0, 0, 0, 306648, 2140
317172, 0, 0, 0, 0, 0, 0, 306648, 2140
317172, 0, 0, 0, 0, 0, 0, 306648, 2140
317172, 0, 0, 0, 0, 0, 0, 306648, 2140
317172, 0, 0, 0, 0, 0, 0, 306648, 2140
317172, 0, 0, 0, 0, 0, 0, 306648, 2140
317172, 0, 0, 0, 0, 0, 0, 306648, 2140
317172, 0, 0, 0, 0, 0, 0, 306648, 2140
317172, 0, 0, 0, 0, 0, 0, 306648, 2140
317172, 0, 0, 0, 0, 0, 0, 306648, 2140
317172, 0, 0, 0, 0, 0, 0, 306648, 2140
317172, 0, 0, 0, 0, 0, 0, 306648, 2140
317172, 0, 0, 0, 0, 0, 0, 306648, 2140
317172, 0, 0, 0, 0, 0, 0, 306648, 2140
317172, 0, 0, 0, 0, 0, 0, 306648, 2140
317172, 0, 0, 0, 0, 0, 0, 306648, 2140
317172, 0, 0, 0, 0, 0, 0, 306648, 2140
317172, 0, 0, 0, 0, 0, 0, 306648, 2140
317172, 0, 0, 0, 0, 0, 0, 306648, 2140
317172, 0, 0, 0, 0, 0, 0, 306648, 2140
317172, 0, 0, 0, 0, 0, 0, 306648, 2140
317172, 0, 0, 0, 0, 0, 0, 306648, 2140
317172, 0, 0, 0, 0, 0, 0, 306648, 2140
317172, 0, 0, 0, 0, 0, 0, 306648, 2140
317172, 0, 0, 0, 0, 0, 0, 306648, 2140
317172, 0, 0, 0, 0, 0, 0, 306648, 2140
317172, 0, 0, 0, 0, 0, 0, 306648, 2140
317172, 0, 0, 0, 0, 0, 0, 306648, 2140
317172, 0, 0, 0, 0, 0, 0, 306648, 2140
317172, 0, 0, 0, 0, 0, 0, 306648, 2140
317172, 0, 0, 0, 0, 0, 0, 306648, 2140
317172, 0, 0, 0, 0, 0, 0, 306648, 2140
317172, 0, 0, 0, 0, 0, 0, 306648, 2140
317172, 0, 0, 0, 0, 0, 0, 306648, 2140
317172, 0, 0, 0, 0, 0, 0, 306648, 2140
317172, 0, 0, 0, 0, 0, 0, 306648, 2140
317172, 0, 0, 0, 0, 0, 0, 306648, 2140
317172, 0, 0, 0, 0, 0, 0, 306648, 2140
317172, 0, 0, 0, 0, 0, 0, 306648, 2140
317172, 0, 0, 0, 0, 0, 0, 306648, 2140
317172, 0, 0, 0, 0, 0, 0, 306648, 2140
317172, 0, 0, 0, 0, 0, 0, 306648, 2140
317172, 0, 0, 0, 0, 0, 0, 306648, 2140
317172, 0, 0, 0, 0, 0, 0, 306648, 2140
317172, 0, 0, 0, 0, 0, 0, 306648, 2140
317172, 0, 0, 0, 0, 0, 0, 306648, 2140
317172, 0, 0, 0, 0, 0, 0, 306648, 2140
317172, 0, 0, 0, 0, 0, 0, 306648, 2140
317172, 0, 0, 0, 0, 0, 0, 306648, 2140
317172, 0, 0, 0, 0, 0, 0, 306648, 2140
317172, 0, 0, 0, 0, 0, 0, 306648, 2140
317172, 0, 0, 0, 0, 0, 0, 306648, 2140
317172, 0, 0, 0, 0, 0, 0, 306648, 2140
317172, 0, 0, 0, 0, 0, 0, 306648, 2140
317172, 0, 0, 0, 0, 0, 0, 306648, 2140
317172, 0, 0, 0, 0, 0, 0, 306648, 2140
317172, 0, 0, 0, 0, 0, 0, 306648, 2140
317172, 0, 0, 0, 0, 0, 0, 306648, 2140
317172, 0, 0, 0, 0, 0, 0, 306648, 2140
317172, 0, 0, 0, 0, 0, 0, 306648, 2140
317172, 0, 0, 0, 0, 0, 0, 306648, 2140
317172, 0, 0, 0, 0, 0, 0, 306648, 2140
317172, 0, 0, 0, 0, 0, 0, 306648, 2140
317172, 0, 0, 0, 0, 0, 0, 306648, 2140
317172, 0, 0, 0, 0, 0, 0, 306648, 2140
317172, 0, 0, 0, 0, 0, 0, 306648, 2140
317172, 0, 0, 0, 0, 0, 0, 306648, 2140
317172, 0, 0, 0, 0, 0, 0, 306648, 2140
317172, 0, 0, 0, 0, 0, 0, 306648, 2140
317172, 0, 0, 0, 0, 0, 0, 306648, 2140
317172, 0, 0, 0, 0, 0, 0, 306648, 2140
317172, 0, 0, 0, 0, 0, 0, 306648, 2140
317172, 0, 0, 0, 0, 0, 0, 306648, 2140
317172, 0, 0, 0, 0, 0, 0, 306648, 2140
317172, 0, 0, 0, 0, 0, 0, 306648, 2140
317172, 0, 0, 0, 0, 0, 0, 306648, 2140
317172, 0, 0, 0, 0, 0, 0, 306648, 2140
317172, 0, 0, 0, 0, 0, 0, 306648, 2140
317172, 0, 0, 0, 0, 0, 0, 306648, 2140
317172, 0, 0, 0, 0, 0, 0, 306648, 2140
317172, 0, 0, 0, 0, 0, 0, 306648, 2140
317172, 0, 0, 0, 0, 0, 0, 306648, 2140
317172, 0, 0, 0, 0, 0, 0, 306648, 2140
317172, 0, 0, 0, 0, 0, 0, 306648, 2140
317172, 0, 0, 0, 0, 0, 0, 306648, 2140
317172, 0, 0, 0, 0, 0, 0, 306648, 2140
317172, 0, 0, 0, 0, 0, 0, 306648, 2140
317172, 0, 0, 0, 0, 0, 0, 306648, 2140
317172, 0, 0, 0, 0, 0, 0, 306648, 2140
317172, 0, 0, 0, 0, 0, 0, 306648, 2140
317172, 0, 0, 0, 0, 0, 0, 306648, 2140
317172, 0, 0, 0, 0, 0, 0, 306648, 2140
317172, 0, 0, 0, 0, 0, 0, 306648, 2140
317172, 0, 0, 0, 0, 0, 0, 306648, 2140
317172, 0, 0, 0, 0, 0, 0, 306648, 2140
317172, 0, 0, 0, 0, 0, 0, 306648, 2140
317172, 0, 0, 0, 0, 0, 0, 306648, 2140
317172, 0, 0, 0, 0, 0, 0, 306648, 2140
317172, 0, 0, 0, 0, 0, 0, 306648, 2140
317172, 0, 0, 0, 0, 0, 0, 306648, 2140
317172, 0, 0, 0, 0, 0, 0, 306648, 2140
317172, 0, 0, 0, 0, 0, 0, 306648, 2140
317172, 0, 0, 0, 0, 0, 0, 306648, 2140
317172, 0, 0, 0, 0, 0, 0, 306648, 2140
317172, 0, 0, 0, 0, 0, 0, 306648, 2140
317172, 0, 0, 0, 0, 0, 0, 306648, 2140
317172, 0, 0, 0, 0, 0, 0, 306648, 2140
317172, 0, 0, 0, 0, 0, 0, 306648, 2140
317172, 0, 0, 0, 0, 0, 0, 306648, 2140
317172, 0, 0, 0, 0, 0, 0, 306648, 2140
317172, 0, 0, 0, 0, 0, 0, 306648, 2140
317172, 0, 0, 0, 0, 0, 0, 306648, 2140
317172, 0, 0, 0, 0, 0, 0, 306648, 2140
317172, 0, 0, 0, 0, 0, 0, 306648, 2140
317172, 0, 0, 0, 0, 0, 0, 306648, 2140
317172, 0, 0, 0, 0, 0, 0, 306648, 2140
317172, 0, 0, 0, 0, 0, 0, 306648, 2140
317172, 0, 0, 0, 0, 0, 0, 306648, 2140
317172, 0, 0, 0, 0, 0, 0, 306648, 2140
317172, 0, 0, 0, 0, 0, 0, 306648, 2140
317172, 0, 0, 0, 0, 0, 0, 306648, 2140
317172, 0, 0, 0, 0, 0, 0, 306648, 2140
317172, 0, 0, 0, 0, 0, 0, 306648, 2140
317172, 0, 0, 0, 0, 0, 0, 306648, 2140
317172, 0, 0, 0, 0, 0, 0, 306648, 2140
317172, 0, 0, 0, 0, 0, 0, 306648, 2140
317172, 0, 0, 0, 0, 0, 0, 306648, 2140
317172, 0, 0, 0, 0, 0, 0, 306648, 2140
317172, 0, 0, 0, 0, 0, 0, 306648, 2140
317172, 0, 0, 0, 0, 0, 0, 306648, 2140
317172, 0, 0, 0, 0, 0, 0, 306648, 2140
317172, 0, 0, 0, 0, 0, 0, 306648, 2140
317172, 0, 0, 0, 0, 0, 0, 306648, 2140
317172, 0, 0, 0, 0, 0, 0, 306648, 2140
317172, 0, 0, 0, 0, 0, 0, 306648, 2140
317172, 0, 0, 0, 0, 0, 0, 306648, 2140
317172, 0, 0, 0, 0, 0, 0, 306648, 2140
317172, 0, 0, 0, 0, 0, 0, 306648, 2140
317172, 0, 0, 0, 0, 0, 0, 306648, 2140
317172, 0, 0, 0, 0, 0, 0, 306648, 2140
317172, 0, 0, 0, 0, 0, 0, 306648, 2140
317172, 0, 0, 0, 0, 0, 0, 306648, 2140
317172, 0, 0, 0, 0, 0, 0, 306648, 2140
317172, 0, 0, 0, 0, 0, 0, 306648, 2140
317172, 0, 0, 0, 0, 0, 0, 306648, 2140
317172, 0, 0, 0, 0, 0, 0, 306648, 2140
317172, 0, 0, 0, 0, 0, 0, 306648, 2140
317172, 0, 0, 0, 0, 0, 0, 306648, 2140
317172, 0, 0, 0, 0, 0, 0, 306648, 2140
317172, 0, 0, 0, 0, 0, 0, 306648, 2140
317172, 0, 0, 0, 0, 0, 0, 306648, 2140
317172, 0, 0, 0, 0, 0, 0, 306648, 2140
317172, 0, 0, 0, 0, 0, 0, 306648, 2140
317172, 0, 0, 0, 0, 0, 0, 306648, 2140
317172, 0, 0, 0, 0, 0, 0, 306648, 2140
317172, 0, 0, 0, 0, 0, 0, 306648, 2140
317172, 0, 0, 0, 0, 0, 0, 306648, 2140
317172, 0, 0, 0, 0, 0, 0, 306648, 2140
317172, 0, 0, 0, 0, 0, 0, 306648, 2140
317172, 0, 0, 0, 0, 0, 0, 306648, 2140
317172, 0, 0, 0, 0, 0, 0, 306648, 2140
317172, 0, 0, 0, 0, 0, 0, 306648, 2140
317172, 0, 0, 0, 0, 0, 0, 306648, 2140
317172, 0, 0, 0, 0, 0, 0, 306648, 2140
317172, 0, 0, 0, 0, 0, 0, 306648, 2140
317172, 0, 0, 0, 0, 0, 0, 306648, 2140
317172, 0, 0, 0, 0, 0, 0, 306648, 2140
317172, 0, 0, 0, 0, 0, 0, 306648, 2140
317172, 0, 0, 0, 0, 0, 0, 306648, 2140
317172, 0, 0, 0, 0, 0, 0, 306648, 2140
317172, 0, 0, 0, 0, 0, 0, 306648, 2140
317172, 0, 0, 0, 0, 0, 0, 306648, 2140
317172, 0, 0, 0, 0, 0, 0, 306648, 2140
317172, 0, 0, 0, 0, 0, 0, 306648, 2140
317172, 0, 0, 0, 0, 0, 0, 306648, 2140
317172, 0, 0, 0, 0, 0, 0, 306648, 2140
317172, 0, 0, 0, 0, 0, 0, 306648, 2140
317172, 0, 0, 0, 0, 0, 0, 306648, 2140
317172, 0, 0, 0, 0, 0, 0, 306648, 2140
317172, 0, 0, 0, 0, 0, 0, 306648, 2140
317172, 0, 0, 0, 0, 0, 0, 306648, 2140
317172, 0, 0, 0, 0, 0, 0, 306648, 2140
317172, 0, 0, 0, 0, 0, 0, 306648, 2140
317172, 0, 0, 0, 0, 0, 0, 306648, 2140
317172, 0, 0, 0, 0, 0, 0, 306648, 2140
317172, 0, 0, 0, 0, 0, 0, 306648, 2140
317172, 0, 0, 0, 0, 0, 0, 306648, 2140
317172, 0, 0, 0, 0, 0, 0, 306648, 2140
317172, 0, 0, 0, 0, 0, 0, 306648, 2140
317172, 0, 0, 0, 0, 0, 0, 306648, 2140
317172, 0, 0, 0, 0, 0, 0, 306648, 2140
317172, 0, 0, 0, 0, 0, 0, 306648, 2140
317172, 0, 0, 0, 0, 0, 0, 306648, 2140
317172, 0, 0, 0, 0, 0, 0, 306648, 2140
317172, 0, 0, 0, 0, 0, 0, 306648, 2140
317172, 0, 0, 0, 0, 0, 0, 306648, 2140
317172, 0, 0, 0, 0, 0, 0, 306648, 2140
317172, 0, 0, 0, 0, 0, 0, 306648, 2140
317172, 0, 0, 0, 0, 0, 0, 306648, 2140
317172, 0, 0, 0, 0, 0, 0, 306648, 2140
317172, 0, 0, 0, 0, 0, 0, 306648, 2140
317172, 0, 0, 0, 0, 0, 0, 306648, 2140
317172, 0, 0, 0, 0, 0, 0, 306648, 2140
317172, 0, 0, 0, 0, 0, 0, 306648, 2140
317172, 0, 0, 0, 0, 0, 0, 306648, 2140
317172, 0, 0, 0, 0, 0, 0, 306648, 2140
317172, 0, 0, 0, 0, 0, 0, 306648, 2140
317172, 0, 0, 0, 0, 0, 0, 306648, 2140
317172, 0, 0, 0, 0, 0, 0, 306648, 2140
317172, 0, 0, 0, 0, 0, 0, 306648, 2140
317172, 0, 0, 0, 0, 0, 0, 306648, 2140
317172, 0, 0, 0, 0, 0, 0, 306648, 2140
317172, 0, 0, 0, 0, 0, 0, 306648, 2140
317172, 0, 0, 0, 0, 0, 0, 306648, 2140
317172, 0, 0, 0, 0, 0, 0, 306648, 2140
317172, 0, 0, 0, 0, 0, 0, 306648, 2140
317172, 0, 0, 0, 0, 0, 0, 306648, 2140
317172, 0, 0, 0, 0, 0, 0, 306648, 2140
317172, 0, 0, 0, 0, 0, 0, 306648, 2140
317172, 0, 0, 0, 0, 0, 0, 306648, 2140
317172, 0, 0, 0, 0, 0, 0, 306648, 2140
317172, 0, 0, 0, 0, 0, 0, 306648, 2140
317172, 0, 0, 0, 0, 0, 0, 306648, 2140
317172, 0, 0, 0, 0, 0, 0, 306648, 2140
317172, 0, 0, 0, 0, 0, 0, 306648, 2140
317172, 0, 0, 0, 0, 0, 0, 306648, 2140
317172, 0, 0, 0, 0, 0, 0, 306648, 2140
317172, 0, 0, 0, 0, 0, 0, 306648, 2140
317172, 0, 0, 0, 0, 0, 0, 306648, 2140
317172, 0, 0, 0, 0, 0, 0, 306648, 2140
317172, 0, 0, 0, 0, 0, 0, 306648, 2140
317172, 0, 0, 0, 0, 0, 0, 306648, 2140
317172, 0, 0, 0, 0, 0, 0, 306648, 2140
317172, 0, 0, 0, 0, 0, 0, 306648, 2140
317172, 0, 0, 0, 0, 0, 0, 306648, 2140
317172, 0, 0, 0, 0, 0, 0, 306648, 2140
317172, 0, 0, 0, 0, 0, 0, 306648, 2140
317172, 0, 0, 0, 0, 0, 0, 306648, 2140
317172, 0, 0, 0, 0, 0, 0, 306648, 2140
317172, 0, 0, 0, 0, 0, 0, 306648, 2140
317172, 0, 0, 0, 0, 0, 0, 306648, 2140
317172, 0, 0, 0, 0, 0, 0, 306648, 2140
317172, 0, 0, 0, 0, 0, 0, 306648, 2140
317172, 0, 0, 0, 0, 0, 0, 306648, 2140
317172, 0, 0, 0, 0, 0, 0, 306648, 2140
317172, 0, 0, 0, 0, 0, 0, 306648, 2140
317172, 0, 0, 0, 0, 0, 0, 306648, 2140
317172, 0, 0, 0, 0, 0, 0, 306648, 2140
317172, 0, 0, 0, 0, 0, 0, 306648, 2140
317172, 0, 0, 0, 0, 0, 0, 306648, 2140
317172, 0, 0, 0, 0, 0, 0, 306648, 2140
317172, 0, 0, 0, 0, 0, 0, 306648, 2140
317172, 0, 0, 0, 0, 0, 0, 306648, 2140
317172, 0, 0, 0, 0, 0, 0, 306648, 2140
317172, 0, 0, 0, 0, 0, 0, 306648, 2140
317172, 0, 0, 0, 0, 0, 0, 306648, 2140
317172, 0, 0, 0, 0, 0, 0, 306648, 2140
317172, 0, 0, 0, 0, 0, 0, 306648, 2140
317172, 0, 0, 0, 0, 0, 0, 306648, 2140
317172, 0, 0, 0, 0, 0, 0, 306648, 2140
317172, 0, 0, 0, 0, 0, 0, 306648, 2140
317172, 0, 0, 0, 0, 0, 0, 306648, 2140
317172, 0, 0, 0, 0, 0, 0, 306648, 2140
317172, 0, 0, 0, 0, 0, 0, 306648, 2140
317172, 0, 0, 0, 0, 0, 0, 306648, 2140
317172, 0, 0, 0, 0, 0, 0, 306648, 2140
317172, 0, 0, 0, 0, 0, 0, 306648, 2140
317172, 0, 0, 0, 0, 0, 0, 306648, 2140
317172, 0, 0, 0, 0, 0, 0, 306648, 2140
317172, 0, 0, 0, 0, 0, 0, 306648, 2140
317172, 0, 0, 0, 0, 0, 0, 306648, 2140
317172, 0, 0, 0, 0, 0, 0, 306648, 2140
317172, 0, 0, 0, 0, 0, 0, 306648, 2140
317172, 0, 0, 0, 0, 0, 0, 306648, 2140
317172, 0, 0, 0, 0, 0, 0, 306648, 2140
317172, 0, 0, 0, 0, 0, 0, 306648, 2140
317172, 0, 0, 0, 0, 0, 0, 306648, 2140
317172, 0, 0, 0, 0, 0, 0, 306648, 2140
317172, 0, 0, 0, 0, 0, 0, 306648, 2140
317172, 0, 0, 0, 0, 0, 0, 306648, 2140
317172, 0, 0, 0, 0, 0, 0, 306648, 2140
317172, 0, 0, 0, 0, 0, 0, 306648, 2140
317172, 0, 0, 0, 0, 0, 0, 306648, 2140
317172, 0, 0, 0, 0, 0, 0, 306648, 2140
317172, 0, 0, 0, 0, 0, 0, 306648, 2140
317172, 0, 0, 0, 0, 0, 0, 306648, 2140
317172, 0, 0, 0, 0, 0, 0, 306648, 2140
317172, 0, 0, 0, 0, 0, 0, 306648, 2140
317172, 0, 0, 0, 0, 0, 0, 306648, 2140
317172, 0, 0, 0, 0, 0, 0, 306648, 2140
317172, 0, 0, 0, 0, 0, 0, 306648, 2140
317172, 0, 0, 0, 0, 0, 0, 306648, 2140
317172, 0, 0, 0, 0, 0, 0, 306648, 2140
317172, 0, 0, 0, 0, 0, 0, 306648, 2140
317172, 0, 0, 0, 0, 0, 0, 306648, 2140
317172, 0, 0, 0, 0, 0, 0, 306648, 2140
317172, 0, 0, 0, 0, 0, 0, 306648, 2140
317172, 0, 0, 0, 0, 0, 0, 306648, 2140
317172, 0, 0, 0, 0, 0, 0, 306648, 2140
317172, 0, 0, 0, 0, 0, 0, 306648, 2140
317172, 0, 0, 0, 0, 0, 0, 306648, 2140
317172, 0, 0, 0, 0, 0, 0, 306648, 2140
317172, 0, 0, 0, 0, 0, 0, 306648, 2140
317172, 0, 0, 0, 0, 0, 0, 306648, 2140
317172, 0, 0, 0, 0, 0, 0, 306648, 2140
317172, 0, 0, 0, 0, 0, 0, 306648, 2140
317172, 0, 0, 0, 0, 0, 0, 306648, 2140
317172, 0, 0, 0, 0, 0, 0, 306648, 2140
317172, 0, 0, 0, 0, 0, 0, 306648, 2140
317172, 0, 0, 0, 0, 0, 0, 306648, 2140
317172, 0, 0, 0, 0, 0, 0, 306648, 2140
317172, 0, 0, 0, 0, 0, 0, 306648, 2140
317172, 0, 0, 0, 0, 0, 0, 306648, 2140
317172, 0, 0, 0, 0, 0, 0, 306648, 2140
317172, 0, 0, 0, 0, 0, 0, 306648, 2140
317172, 0, 0, 0, 0, 0, 0, 306648, 2140
317172, 0, 0, 0, 0, 0, 0, 306648, 2140
317172, 0, 0, 0, 0, 0, 0, 306648, 2140
317172, 0, 0, 0, 0, 0, 0, 306648, 2140
317172, 0, 0, 0, 0, 0, 0, 306648, 2140
317172, 0, 0, 0, 0, 0, 0, 306648, 2140
317172, 0, 0, 0, 0, 0, 0, 306648, 2140
317172, 0, 0, 0, 0, 0, 0, 306648, 2140
317172, 0, 0, 0, 0, 0, 0, 306648, 2140
317172, 0, 0, 0, 0, 0, 0, 306648, 2140
317172, 0, 0, 0, 0, 0, 0, 306648, 2140
317172, 0, 0, 0, 0, 0, 0, 306648, 2140
317172, 0, 0, 0, 0, 0, 0, 306648, 2140
317172, 0, 0, 0, 0, 0, 0, 306648, 2140
317172, 0, 0, 0, 0, 0, 0, 306648, 2140
317172, 0, 0, 0, 0, 0, 0, 306648, 2140
317172, 0, 0, 0, 0, 0, 0, 306648, 2140
317172, 0, 0, 0, 0, 0, 0, 306648, 2140
317172, 0, 0, 0, 0, 0, 0, 306648, 2140
317172, 0, 0, 0, 0, 0, 0, 306648, 2140
317172, 0, 0, 0, 0, 0, 0, 306648, 2140
317172, 0, 0, 0, 0, 0, 0, 306648, 2140
317172, 0, 0, 0, 0, 0, 0, 306648, 2140
317172, 0, 0, 0, 0, 0, 0, 306648, 2140
317172, 0, 0, 0, 0, 0, 0, 306648, 2140
317172, 0, 0, 0, 0, 0, 0, 306648, 2140
317172, 0, 0, 0, 0, 0, 0, 306648, 2140
317172, 0, 0, 0, 0, 0, 0, 306648, 2140
317172, 0, 0, 0, 0, 0, 0, 306648, 2140
317172, 0, 0, 0, 0, 0, 0, 306648, 2140
317172, 0, 0, 0, 0, 0, 0, 306648, 2140
317172, 0, 0, 0, 0, 0, 0, 306648, 2140
317172, 0, 0, 0, 0, 0, 0, 306648, 2140
317172, 0, 0, 0, 0, 0, 0, 306648, 2140
317172, 0, 0, 0, 0, 0, 0, 306648, 2140
317172, 0, 0, 0, 0, 0, 0, 306648, 2140
317172, 0, 0, 0, 0, 0, 0, 306648, 2140
317172, 0, 0, 0, 0, 0, 0, 306648, 2140
317172, 0, 0, 0, 0, 0, 0, 306648, 2140
317172, 0, 0, 0, 0, 0, 0, 306648, 2140
317172, 0, 0, 0, 0, 0, 0, 306648, 2140
317172, 0, 0, 0, 0, 0, 0, 306648, 2140
317172, 0, 0, 0, 0, 0, 0, 306648, 2140
317172, 0, 0, 0, 0, 0, 0, 306648, 2140
317172, 0, 0, 0, 0, 0, 0, 306648, 2140
317172, 0, 0, 0, 0, 0, 0, 306648, 2140
317172, 0, 0, 0, 0, 0, 0, 306648, 2140
317172, 0, 0, 0, 0, 0, 0, 306648, 2140
317172, 0, 0, 0, 0, 0, 0, 306648, 2140
317172, 0, 0, 0, 0, 0, 0, 306648, 2140
317172, 0, 0, 0, 0, 0, 0, 306648, 2140
317172, 0, 0, 0, 0, 0, 0, 306648, 2140
317172, 0, 0, 0, 0, 0, 0, 306648, 2140
317172, 0, 0, 0, 0, 0, 0, 306648, 2140
317172, 0, 0, 0, 0, 0, 0, 306648, 2140
317172, 0, 0, 0, 0, 0, 0, 306648, 2140
317172, 0, 0, 0, 0, 0, 0, 306648, 2140
317172, 0, 0, 0, 0, 0, 0, 306648, 2140
317172, 0, 0, 0, 0, 0, 0, 306648, 2140
317172, 0, 0, 0, 0, 0, 0, 306648, 2140
317172, 0, 0, 0, 0, 0, 0, 306648, 2140
317172, 0, 0, 0, 0, 0, 0, 306648, 2140
317172, 0, 0, 0, 0, 0, 0, 306648, 2140
317172, 0, 0, 0, 0, 0, 0, 306648, 2140
317172, 0, 0, 0, 0, 0, 0, 306648, 2140
317172, 0, 0, 0, 0, 0, 0, 306648, 2140
317172, 0, 0, 0, 0, 0, 0, 306648, 2140
317172, 0, 0, 0, 0, 0, 0, 306648, 2140
317172, 0, 0, 0, 0, 0, 0, 306648, 2140
317172, 0, 0, 0, 0, 0, 0, 306648, 2140
317172, 0, 0, 0, 0, 0, 0, 306648, 2140
317172, 0, 0, 0, 0, 0, 0, 306648, 2140
317172, 0, 0, 0, 0, 0, 0, 306648, 2140
317172, 0, 0, 0, 0, 0, 0, 306648, 2140
317172, 0, 0, 0, 0, 0, 0, 306648, 2140
317172, 0, 0, 0, 0, 0, 0, 306648, 2140
317172, 0, 0, 0, 0, 0, 0, 306648, 2140
317172, 0, 0, 0, 0, 0, 0, 306648, 2140
317172, 0, 0, 0, 0, 0, 0, 306648, 2140
317172, 0, 0, 0, 0, 0, 0, 306648, 2140
317172, 0, 0, 0, 0, 0, 0, 306648, 2140
317172, 0, 0, 0, 0, 0, 0, 306648, 2140
317172, 0, 0, 0, 0, 0, 0, 306648, 2140
317172, 0, 0, 0, 0, 0, 0, 306648, 2140
317172, 0, 0, 0, 0, 0, 0, 306648, 2140
317172, 0, 0, 0, 0, 0, 0, 306648, 2140
317172, 0, 0, 0, 0, 0, 0, 306648, 2140
317172, 0, 0, 0, 0, 0, 0, 306648, 2140
317172, 0, 0, 0, 0, 0, 0, 306648, 2140
317172, 0, 0, 0, 0, 0, 0, 306648, 2140
317172, 0, 0, 0, 0, 0, 0, 306648, 2140
317172, 0, 0, 0, 0, 0, 0, 306648, 2140
317172, 0, 0, 0, 0, 0, 0, 306648, 2140
317172, 0, 0, 0, 0, 0, 0, 306648, 2140
317172, 0, 0, 0, 0, 0, 0, 306648, 2140
317172, 0, 0, 0, 0, 0, 0, 306648, 2140
317172, 0, 0, 0, 0, 0, 0, 306648, 2140
317172, 0, 0, 0, 0, 0, 0, 306648, 2140
317172, 0, 0, 0, 0, 0, 0, 306648, 2140
317172, 0, 0, 0, 0, 0, 0, 306648, 2140
317172, 0, 0, 0, 0, 0, 0, 306648, 2140
317172, 0, 0, 0, 0, 0, 0, 306648, 2140
317172, 0, 0, 0, 0, 0, 0, 306648, 2140
317172, 0, 0, 0, 0, 0, 0, 306648, 2140
317172, 0, 0, 0, 0, 0, 0, 306648, 2140
317172, 0, 0, 0, 0, 0, 0, 306648, 2140
317172, 0, 0, 0, 0, 0, 0, 306648, 2140
317172, 0, 0, 0, 0, 0, 0, 306648, 2140
317172, 0, 0, 0, 0, 0, 0, 306648, 2140
317172, 0, 0, 0, 0, 0, 0, 306648, 2140
317172, 0, 0, 0, 0, 0, 0, 306648, 2140
317172, 0, 0, 0, 0, 0, 0, 306648, 2140
317172, 0, 0, 0, 0, 0, 0, 306648, 2140
317172, 0, 0, 0, 0, 0, 0, 306648, 2140
317172, 0, 0, 0, 0, 0, 0, 306648, 2140
317172, 0, 0, 0, 0, 0, 0, 306648, 2140
317172, 0, 0, 0, 0, 0, 0, 306648, 2140
317172, 0, 0, 0, 0, 0, 0, 306648, 2140
317172, 0, 0, 0, 0, 0, 0, 306648, 2140
317172, 0, 0, 0, 0, 0, 0, 306648, 2140
317172, 0, 0, 0, 0, 0, 0, 306648, 2140
317172, 0, 0, 0, 0, 0, 0, 306648, 2140
317172, 0, 0, 0, 0, 0, 0, 306648, 2140
317172, 0, 0, 0, 0, 0, 0, 306648, 2140
317172, 0, 0, 0, 0, 0, 0, 306648, 2140
317172, 0, 0, 0, 0, 0, 0, 306648, 2140
317172, 0, 0, 0, 0, 0, 0, 306648, 2140
317172, 0, 0, 0, 0, 0, 0, 306648, 2140
317172, 0, 0, 0, 0, 0, 0, 306648, 2140
317172, 0, 0, 0, 0, 0, 0, 306648, 2140
317172, 0, 0, 0, 0, 0, 0, 306648, 2140
317172, 0, 0, 0, 0, 0, 0, 306648, 2140
317172, 0, 0, 0, 0, 0, 0, 306648, 2140
317172, 0, 0, 0, 0, 0, 0, 306648, 2140
317172, 0, 0, 0, 0, 0, 0, 306648, 2140
317172, 0, 0, 0, 0, 0, 0, 306648, 2140
317172, 0, 0, 0, 0, 0, 0, 306648, 2140
317172, 0, 0, 0, 0, 0, 0, 306648, 2140
317172, 0, 0, 0, 0, 0, 0, 306648, 2140
317172, 0, 0, 0, 0, 0, 0, 306648, 2140
317172, 0, 0, 0, 0, 0, 0, 306648, 2140
317172, 0, 0, 0, 0, 0, 0, 306648, 2140
317172, 0, 0, 0, 0, 0, 0, 306648, 2140
317172, 0, 0, 0, 0, 0, 0, 306648, 2140
317172, 0, 0, 0, 0, 0, 0, 306648, 2140
317172, 0, 0, 0, 0, 0, 0, 306648, 2140
317172, 0, 0, 0, 0, 0, 0, 306648, 2140
317172, 0, 0, 0, 0, 0, 0, 306648, 2140
317172, 0, 0, 0, 0, 0, 0, 306648, 2140
317172, 0, 0, 0, 0, 0, 0, 306648, 2140
317172, 0, 0, 0, 0, 0, 0, 306648, 2140
317172, 0, 0, 0, 0, 0, 0, 306648, 2140
317172, 0, 0, 0, 0, 0, 0, 306648, 2140
317172, 0, 0, 0, 0, 0, 0, 306648, 2140
317172, 0, 0, 0, 0, 0, 0, 306648, 2140
317172, 0, 0, 0, 0, 0, 0, 306648, 2140
317172, 0, 0, 0, 0, 0, 0, 306648, 2140
317172, 0, 0, 0, 0, 0, 0, 306648, 2140
317172, 0, 0, 0, 0, 0, 0, 306648, 2140
317172, 0, 0, 0, 0, 0, 0, 306648, 2140
317172, 0, 0, 0, 0, 0, 0, 306648, 2140
317172, 0, 0, 0, 0, 0, 0, 306648, 2140
317172, 0, 0, 0, 0, 0, 0, 306648, 2140
317172, 0, 0, 0, 0, 0, 0, 306648, 2140
317172, 0, 0, 0, 0, 0, 0, 306648, 2140
317172, 0, 0, 0, 0, 0, 0, 306648, 2140
317172, 0, 0, 0, 0, 0, 0, 306648, 2140
317172, 0, 0, 0, 0, 0, 0, 306648, 2140
317172, 0, 0, 0, 0, 0, 0, 306648, 2140
317172, 0, 0, 0, 0, 0, 0, 306648, 2140
317172, 0, 0, 0, 0, 0, 0, 306648, 2140
317172, 0, 0, 0, 0, 0, 0, 306648, 2140
317172, 0, 0, 0, 0, 0, 0, 306648, 2140
317172, 0, 0, 0, 0, 0, 0, 306648, 2140
317172, 0, 0, 0, 0, 0, 0, 306648, 2140
317172, 0, 0, 0, 0, 0, 0, 306648, 2140
317172, 0, 0, 0, 0, 0, 0, 306648, 2140
317172, 0, 0, 0, 0, 0, 0, 306648, 2140
317172, 0, 0, 0, 0, 0, 0, 306648, 2140
317172, 0, 0, 0, 0, 0, 0, 306648, 2140
317172, 0, 0, 0, 0, 0, 0, 306648, 2140
317172, 0, 0, 0, 0, 0, 0, 306648, 2140
317172, 0, 0, 0, 0, 0, 0, 306648, 2140
317172, 0, 0, 0, 0, 0, 0, 306648, 2140
317172, 0, 0, 0, 0, 0, 0, 306648, 2140
317172, 0, 0, 0, 0, 0, 0, 306648, 2140
317172, 0, 0, 0, 0, 0, 0, 306648, 2140
317172, 0, 0, 0, 0, 0, 0, 306648, 2140
317172, 0, 0, 0, 0, 0, 0, 306648, 2140
317172, 0, 0, 0, 0, 0, 0, 306648, 2140
317172, 0, 0, 0, 0, 0, 0, 306648, 2140
317172, 0, 0, 0, 0, 0, 0, 306648, 2140
317172, 0, 0, 0, 0, 0, 0, 306648, 2140
317172, 0, 0, 0, 0, 0, 0, 306648, 2140
317172, 0, 0, 0, 0, 0, 0, 306648, 2140
317172, 0, 0, 0, 0, 0, 0, 306648, 2140
317172, 0, 0, 0, 0, 0, 0, 306648, 2140
317172, 0, 0, 0, 0, 0, 0, 306648, 2140
317172, 0, 0, 0, 0, 0, 0, 306648, 2140
317172, 0, 0, 0, 0, 0, 0, 306648, 2140
317172, 0, 0, 0, 0, 0, 0, 306648, 2140
317172, 0, 0, 0, 0, 0, 0, 306648, 2140
317172, 0, 0, 0, 0, 0, 0, 306648, 2140
317172, 0, 0, 0, 0, 0, 0, 306648, 2140
317172, 0, 0, 0, 0, 0, 0, 306648, 2140
317172, 0, 0, 0, 0, 0, 0, 306648, 2140
317172, 0, 0, 0, 0, 0, 0, 306648, 2140
317172, 0, 0, 0, 0, 0, 0, 306648, 2140
317172, 0, 0, 0, 0, 0, 0, 306648, 2140
317172, 0, 0, 0, 0, 0, 0, 306648, 2140
317172, 0, 0, 0, 0, 0, 0, 306648, 2140
317172, 0, 0, 0, 0, 0, 0, 306648, 2140
317172, 0, 0, 0, 0, 0, 0, 306648, 2140
317172, 0, 0, 0, 0, 0, 0, 306648, 2140
317172, 0, 0, 0, 0, 0, 0, 306648, 2140
317172, 0, 0, 0, 0, 0, 0, 306648, 2140
317172, 0, 0, 0, 0, 0, 0, 306648, 2140
317172, 0, 0, 0, 0, 0, 0, 306648, 2140
317172, 0, 0, 0, 0, 0, 0, 306648, 2140
317172, 0, 0, 0, 0, 0, 0, 306648, 2140
317172, 0, 0, 0, 0, 0, 0, 306648, 2140
317172, 0, 0, 0, 0, 0, 0, 306648, 2140
317172, 0, 0, 0, 0, 0, 0, 306648, 2140
317172, 0, 0, 0, 0, 0, 0, 306648, 2140
317172, 0, 0, 0, 0, 0, 0, 306648, 2140
317172, 0, 0, 0, 0, 0, 0, 306648, 2140
317172, 0, 0, 0, 0, 0, 0, 306648, 2140
317172, 0, 0, 0, 0, 0, 0, 306648, 2140
317172, 0, 0, 0, 0, 0, 0, 306648, 2140
317172, 0, 0, 0, 0, 0, 0, 306648, 2140
317172, 0, 0, 0, 0, 0, 0, 306648, 2140
317172, 0, 0, 0, 0, 0, 0, 306648, 2140
317172, 0, 0, 0, 0, 0, 0, 306648, 2140
317172, 0, 0, 0, 0, 0, 0, 306648, 2140
317172, 0, 0, 0, 0, 0, 0, 306648, 2140
317172, 0, 0, 0, 0, 0, 0, 306648, 2140
317172, 0, 0, 0, 0, 0, 0, 306648, 2140
317172, 0, 0, 0, 0, 0, 0, 306648, 2140
317172, 0, 0, 0, 0, 0, 0, 306648, 2140
317172, 0, 0, 0, 0, 0, 0, 306648, 2140
317172, 0, 0, 0, 0, 0, 0, 306648, 2140
317172, 0, 0, 0, 0, 0, 0, 306648, 2140
317172, 0, 0, 0, 0, 0, 0, 306648, 2140
317172, 0, 0, 0, 0, 0, 0, 306648, 2140
317172, 0, 0, 0, 0, 0, 0, 306648, 2140
317172, 0, 0, 0, 0, 0, 0, 306648, 2140
317172, 0, 0, 0, 0, 0, 0, 306648, 2140
317172, 0, 0, 0, 0, 0, 0, 306648, 2140
317172, 0, 0, 0, 0, 0, 0, 306648, 2140
317172, 0, 0, 0, 0, 0, 0, 306648, 2140
317172, 0, 0, 0, 0, 0, 0, 306648, 2140
317172, 0, 0, 0, 0, 0, 0, 306648, 2140
317172, 0, 0, 0, 0, 0, 0, 306648, 2140
317172, 0, 0, 0, 0, 0, 0, 306648, 2140
317172, 0, 0, 0, 0, 0, 0, 306648, 2140
317172, 0, 0, 0, 0, 0, 0, 306648, 2140
317172, 0, 0, 0, 0, 0, 0, 306648, 2140
317172, 0, 0, 0, 0, 0, 0, 306648, 2140
317172, 0, 0, 0, 0, 0, 0, 306648, 2140
317172, 0, 0, 0, 0, 0, 0, 306648, 2140
317172, 0, 0, 0, 0, 0, 0, 306648, 2140
317172, 0, 0, 0, 0, 0, 0, 306648, 2140
317172, 0, 0, 0, 0, 0, 0, 306648, 2140
317172, 0, 0, 0, 0, 0, 0, 306648, 2140
317172, 0, 0, 0, 0, 0, 0, 306648, 2140
317172, 0, 0, 0, 0, 0, 0, 306648, 2140
317172, 0, 0, 0, 0, 0, 0, 306648, 2140
317172, 0, 0, 0, 0, 0, 0, 306648, 2140
317172, 0, 0, 0, 0, 0, 0, 306648, 2140
317172, 0, 0, 0, 0, 0, 0, 306648, 2140
317172, 0, 0, 0, 0, 0, 0, 306648, 2140
317172, 0, 0, 0, 0, 0, 0, 306648, 2140
317172, 0, 0, 0, 0, 0, 0, 306648, 2140
317172, 0, 0, 0, 0, 0, 0, 306648, 2140
317172, 0, 0, 0, 0, 0, 0, 306648, 2140
317172, 0, 0, 0, 0, 0, 0, 306648, 2140
317172, 0, 0, 0, 0, 0, 0, 306648, 2140
317172, 0, 0, 0, 0, 0, 0, 306648, 2140
317172, 0, 0, 0, 0, 0, 0, 306648, 2140
317172, 0, 0, 0, 0, 0, 0, 306648, 2140
317172, 0, 0, 0, 0, 0, 0, 306648, 2140
317172, 0, 0, 0, 0, 0, 0, 306648, 2140
317172, 0, 0, 0, 0, 0, 0, 306648, 2140
317172, 0, 0, 0, 0, 0, 0, 306648, 2140
317172, 0, 0, 0, 0, 0, 0, 306648, 2140
317172, 0, 0, 0, 0, 0, 0, 306648, 2140
317172, 0, 0, 0, 0, 0, 0, 306648, 2140
317172, 0, 0, 0, 0, 0, 0, 306648, 2140
317172, 0, 0, 0, 0, 0, 0, 306648, 2140
317172, 0, 0, 0, 0, 0, 0, 306648, 2140
317172, 0, 0, 0, 0, 0, 0, 306648, 2140
317172, 0, 0, 0, 0, 0, 0, 306648, 2140
317172, 0, 0, 0, 0, 0, 0, 306648, 2140
317172, 0, 0, 0, 0, 0, 0, 306648, 2140
317172, 0, 0, 0, 0, 0, 0, 306648, 2140
317172, 0, 0, 0, 0, 0, 0, 306648, 2140
317172, 0, 0, 0, 0, 0, 0, 306648, 2140
317172, 0, 0, 0, 0, 0, 0, 306648, 2140
317172, 0, 0, 0, 0, 0, 0, 306648, 2140
317172, 0, 0, 0, 0, 0, 0, 306648, 2140
317172, 0, 0, 0, 0, 0, 0, 306648, 2140
317172, 0, 0, 0, 0, 0, 0, 306648, 2140
317172, 0, 0, 0, 0, 0, 0, 306648, 2140
317172, 0, 0, 0, 0, 0, 0, 306648, 2140
317172, 0, 0, 0, 0, 0, 0, 306648, 2140
317172, 0, 0, 0, 0, 0, 0, 306648, 2140
317172, 0, 0, 0, 0, 0, 0, 306648, 2140
317172, 0, 0, 0, 0, 0, 0, 306648, 2140
317172, 0, 0, 0, 0, 0, 0, 306648, 2140
317172, 0, 0, 0, 0, 0, 0, 306648, 2140
317172, 0, 0, 0, 0, 0, 0, 306648, 2140
317172, 0, 0, 0, 0, 0, 0, 306648, 2140
317172, 0, 0, 0, 0, 0, 0, 306648, 2140
317172, 0, 0, 0, 0, 0, 0, 306648, 2140
317172, 0, 0, 0, 0, 0, 0, 306648, 2140
317172, 0, 0, 0, 0, 0, 0, 306648, 2140
317172, 0, 0, 0, 0, 0, 0, 306648, 2140
317172, 0, 0, 0, 0, 0, 0, 306648, 2140
317172, 0, 0, 0, 0, 0, 0, 306648, 2140
317172, 0, 0, 0, 0, 0, 0, 306648, 2140
317172, 0, 0, 0, 0, 0, 0, 306648, 2140
317172, 0, 0, 0, 0, 0, 0, 306648, 2140
317172, 0, 0, 0, 0, 0, 0, 306648, 2140
317172, 0, 0, 0, 0, 0, 0, 306648, 2140
317172, 0, 0, 0, 0, 0, 0, 306648, 2140
317172, 0, 0, 0, 0, 0, 0, 306648, 2140
317172, 0, 0, 0, 0, 0, 0, 306648, 2140
317172, 0, 0, 0, 0, 0, 0, 306648, 2140
317172, 0, 0, 0, 0, 0, 0, 306648, 2140
317172, 0, 0, 0, 0, 0, 0, 306648, 2140
317172, 0, 0, 0, 0, 0, 0, 306648, 2140
317172, 0, 0, 0, 0, 0, 0, 306648, 2140
317172, 0, 0, 0, 0, 0, 0, 306648, 2140
317172, 0, 0, 0, 0, 0, 0, 306648, 2140
317172, 0, 0, 0, 0, 0, 0, 306648, 2140
317172, 0, 0, 0, 0, 0, 0, 306648, 2140
317172, 0, 0, 0, 0, 0, 0, 306648, 2140
317172, 0, 0, 0, 0, 0, 0, 306648, 2140
317172, 0, 0, 0, 0, 0, 0, 306648, 2140
317172, 0, 0, 0, 0, 0, 0, 306648, 2140
317172, 0, 0, 0, 0, 0, 0, 306648, 2140
317172, 0, 0, 0, 0, 0, 0, 306648, 2140
317172, 0, 0, 0, 0, 0, 0, 306648, 2140
317172, 0, 0, 0, 0, 0, 0, 306648, 2140
317172, 0, 0, 0, 0, 0, 0, 306648, 2140
317172, 0, 0, 0, 0, 0, 0, 306648, 2140
317172, 0, 0, 0, 0, 0, 0, 306648, 2140
317172, 0, 0, 0, 0, 0, 0, 306648, 2140
317172, 0, 0, 0, 0, 0, 0, 306648, 2140
317172, 0, 0, 0, 0, 0, 0, 306648, 2140
317172, 0, 0, 0, 0, 0, 0, 306648, 2140
317172, 0, 0, 0, 0, 0, 0, 306648, 2140
317172, 0, 0, 0, 0, 0, 0, 306648, 2140
317172, 0, 0, 0, 0, 0, 0, 306648, 2140
317172, 0, 0, 0, 0, 0, 0, 306648, 2140
317172, 0, 0, 0, 0, 0, 0, 306648, 2140
317172, 0, 0, 0, 0, 0, 0, 306648, 2140
317172, 0, 0, 0, 0, 0, 0, 306648, 2140
317172, 0, 0, 0, 0, 0, 0, 306648, 2140
317172, 0, 0, 0, 0, 0, 0, 306648, 2140
317172, 0, 0, 0, 0, 0, 0, 306648, 2140
317172, 0, 0, 0, 0, 0, 0, 306648, 2140
317172, 0, 0, 0, 0, 0, 0, 306648, 2140
317172, 0, 0, 0, 0, 0, 0, 306648, 2140
317172, 0, 0, 0, 0, 0, 0, 306648, 2140
317172, 0, 0, 0, 0, 0, 0, 306648, 2140
317172, 0, 0, 0, 0, 0, 0, 306648, 2140
317172, 0, 0, 0, 0, 0, 0, 306648, 2140
317172, 0, 0, 0, 0, 0, 0, 306648, 2140
317172, 0, 0, 0, 0, 0, 0, 306648, 2140
317172, 0, 0, 0, 0, 0, 0, 306648, 2140
317172, 0, 0, 0, 0, 0, 0, 306648, 2140
317172, 0, 0, 0, 0, 0, 0, 306648, 2140
317172, 0, 0, 0, 0, 0, 0, 306648, 2140
317172, 0, 0, 0, 0, 0, 0, 306648, 2140
317172, 0, 0, 0, 0, 0, 0, 306648, 2140
317172, 0, 0, 0, 0, 0, 0, 306648, 2140
317172, 0, 0, 0, 0, 0, 0, 306648, 2140
317172, 0, 0, 0, 0, 0, 0, 306648, 2140
317172, 0, 0, 0, 0, 0, 0, 306648, 2140
317172, 0, 0, 0, 0, 0, 0, 306648, 2140
317172, 0, 0, 0, 0, 0, 0, 306648, 2140
317172, 0, 0, 0, 0, 0, 0, 306648, 2140
317172, 0, 0, 0, 0, 0, 0, 306648, 2140
317172, 0, 0, 0, 0, 0, 0, 306648, 2140
317172, 0, 0, 0, 0, 0, 0, 306648, 2140
317172, 0, 0, 0, 0, 0, 0, 306648, 2140
317172, 0, 0, 0, 0, 0, 0, 306648, 2140
317172, 0, 0, 0, 0, 0, 0, 306648, 2140
317172, 0, 0, 0, 0, 0, 0, 306648, 2140
317172, 0, 0, 0, 0, 0, 0, 306648, 2140
317172, 0, 0, 0, 0, 0, 0, 306648, 2140
317172, 0, 0, 0, 0, 0, 0, 306648, 2140
317172, 0, 0, 0, 0, 0, 0, 306648, 2140
317172, 0, 0, 0, 0, 0, 0, 306648, 2140
317172, 0, 0, 0, 0, 0, 0, 306648, 2140
317172, 0, 0, 0, 0, 0, 0, 306648, 2140
317172, 0, 0, 0, 0, 0, 0, 306648, 2140
317172, 0, 0, 0, 0, 0, 0, 306648, 2140
317172, 0, 0, 0, 0, 0, 0, 306648, 2140
317172, 0, 0, 0, 0, 0, 0, 306648, 2140
317172, 0, 0, 0, 0, 0, 0, 306648, 2140
317172, 0, 0, 0, 0, 0, 0, 306648, 2140
317172, 0, 0, 0, 0, 0, 0, 306648, 2140
317172, 0, 0, 0, 0, 0, 0, 306648, 2140
317172, 0, 0, 0, 0, 0, 0, 306648, 2140
317172, 0, 0, 0, 0, 0, 0, 306648, 2140
317172, 0, 0, 0, 0, 0, 0, 306648, 2140
317172, 0, 0, 0, 0, 0, 0, 306648, 2140
317172, 0, 0, 0, 0, 0, 0, 306648, 2140
317172, 0, 0, 0, 0, 0, 0, 306648, 2140
317172, 0, 0, 0, 0, 0, 0, 306648, 2140
317172, 0, 0, 0, 0, 0, 0, 306648, 2140
317172, 0, 0, 0, 0, 0, 0, 306648, 2140
317172, 0, 0, 0, 0, 0, 0, 306648, 2140
317172, 0, 0, 0, 0, 0, 0, 306648, 2140
317172, 0, 0, 0, 0, 0, 0, 306648, 2140
317172, 0, 0, 0, 0, 0, 0, 306648, 2140
317172, 0, 0, 0, 0, 0, 0, 306648, 2140
317172, 0, 0, 0, 0, 0, 0, 306648, 2140
317172, 0, 0, 0, 0, 0, 0, 306648, 2140
317172, 0, 0, 0, 0, 0, 0, 306648, 2140
317172, 0, 0, 0, 0, 0, 0, 306648, 2140
317172, 0, 0, 0, 0, 0, 0, 306648, 2140
317172, 0, 0, 0, 0, 0, 0, 306648, 2140
317172, 0, 0, 0, 0, 0, 0, 306648, 2140
317172, 0, 0, 0, 0, 0, 0, 306648, 2140
317172, 0, 0, 0, 0, 0, 0, 306648, 2140
317172, 0, 0, 0, 0, 0, 0, 306648, 2140
317172, 0, 0, 0, 0, 0, 0, 306648, 2140
317172, 0, 0, 0, 0, 0, 0, 306648, 2140
317172, 0, 0, 0, 0, 0, 0, 306648, 2140
317172, 0, 0, 0, 0, 0, 0, 306648, 2140
317172, 0, 0, 0, 0, 0, 0, 306648, 2140
317172, 0, 0, 0, 0, 0, 0, 306648, 2140
317172, 0, 0, 0, 0, 0, 0, 306648, 2140
317172, 0, 0, 0, 0, 0, 0, 306648, 2140
317172, 0, 0, 0, 0, 0, 0, 306648, 2140
317172, 0, 0, 0, 0, 0, 0, 306648, 2140
317172, 0, 0, 0, 0, 0, 0, 306648, 2140
317172, 0, 0, 0, 0, 0, 0, 306648, 2140
317172, 0, 0, 0, 0, 0, 0, 306648, 2140
317172, 0, 0, 0, 0, 0, 0, 306648, 2140
317172, 0, 0, 0, 0, 0, 0, 306648, 2140
317172, 0, 0, 0, 0, 0, 0, 306648, 2140
317172, 0, 0, 0, 0, 0, 0, 306648, 2140
317172, 0, 0, 0, 0, 0, 0, 306648, 2140
317172, 0, 0, 0, 0, 0, 0, 306648, 2140
317172, 0, 0, 0, 0, 0, 0, 306648, 2140
317172, 0, 0, 0, 0, 0, 0, 306648, 2140
317172, 0, 0, 0, 0, 0, 0, 306648, 2140
317172, 0, 0, 0, 0, 0, 0, 306648, 2140
317172, 0, 0, 0, 0, 0, 0, 306648, 2140
317172, 0, 0, 0, 0, 0, 0, 306648, 2140
317172, 0, 0, 0, 0, 0, 0, 306648, 2140
317172, 0, 0, 0, 0, 0, 0, 306648, 2140
317172, 0, 0, 0, 0, 0, 0, 306648, 2140
317172, 0, 0, 0, 0, 0, 0, 306648, 2140
317172, 0, 0, 0, 0, 0, 0, 306648, 2140
317172, 0, 0, 0, 0, 0, 0, 306648, 2140
317172, 0, 0, 0, 0, 0, 0, 306648, 2140
317172, 0, 0, 0, 0, 0, 0, 306648, 2140
317172, 0, 0, 0, 0, 0, 0, 306648, 2140
317172, 0, 0, 0, 0, 0, 0, 306648, 2140
317172, 0, 0, 0, 0, 0, 0, 306648, 2140
317172, 0, 0, 0, 0, 0, 0, 306648, 2140
317172, 0, 0, 0, 0, 0, 0, 306648, 2140
317172, 0, 0, 0, 0, 0, 0, 306648, 2140
317172, 0, 0, 0, 0, 0, 0, 306648, 2140
317172, 0, 0, 0, 0, 0, 0, 306648, 2140
317172, 0, 0, 0, 0, 0, 0, 306648, 2140
317172, 0, 0, 0, 0, 0, 0, 306648, 2140
317172, 0, 0, 0, 0, 0, 0, 306648, 2140
317172, 0, 0, 0, 0, 0, 0, 306648, 2140
317172, 0, 0, 0, 0, 0, 0, 306648, 2140
317172, 0, 0, 0, 0, 0, 0, 306648, 2140
317172, 0, 0, 0, 0, 0, 0, 306648, 2140
317172, 0, 0, 0, 0, 0, 0, 306648, 2140
317172, 0, 0, 0, 0, 0, 0, 306648, 2140
317172, 0, 0, 0, 0, 0, 0, 306648, 2140
317172, 0, 0, 0, 0, 0, 0, 306648, 2140
317172, 0, 0, 0, 0, 0, 0, 306648, 2140
317172, 0, 0, 0, 0, 0, 0, 306648, 2140
317172, 0, 0, 0, 0, 0, 0, 306648, 2140
317172, 0, 0, 0, 0, 0, 0, 306648, 2140
317172, 0, 0, 0, 0, 0, 0, 306648, 2140
317172, 0, 0, 0, 0, 0, 0, 306648, 2140
317172, 0, 0, 0, 0, 0, 0, 306648, 2140
317172, 0, 0, 0, 0, 0, 0, 306648, 2140
317172, 0, 0, 0, 0, 0, 0, 306648, 2140
317172, 0, 0, 0, 0, 0, 0, 306648, 2140
317172, 0, 0, 0, 0, 0, 0, 306648, 2140
317172, 0, 0, 0, 0, 0, 0, 306648, 2140
317172, 0, 0, 0, 0, 0, 0, 306648, 2140
317172, 0, 0, 0, 0, 0, 0, 306648, 2140
317172, 0, 0, 0, 0, 0, 0, 306648, 2140
317172, 0, 0, 0, 0, 0, 0, 306648, 2140
317172, 0, 0, 0, 0, 0, 0, 306648, 2140
317172, 0, 0, 0, 0, 0, 0, 306648, 2140
317172, 0, 0, 0, 0, 0, 0, 306648, 2140
317172, 0, 0, 0, 0, 0, 0, 306648, 2140
317172, 0, 0, 0, 0, 0, 0, 306648, 2140
317172, 0, 0, 0, 0, 0, 0, 306648, 2140
317172, 0, 0, 0, 0, 0, 0, 306648, 2140
317172, 0, 0, 0, 0, 0, 0, 306648, 2140
317172, 0, 0, 0, 0, 0, 0, 306648, 2140
317172, 0, 0, 0, 0, 0, 0, 306648, 2140
317172, 0, 0, 0, 0, 0, 0, 306648, 2140
317172, 0, 0, 0, 0, 0, 0, 306648, 2140
317172, 0, 0, 0, 0, 0, 0, 306648, 2140
317172, 0, 0, 0, 0, 0, 0, 306648, 2140
317172, 0, 0, 0, 0, 0, 0, 306648, 2140
317172, 0, 0, 0, 0, 0, 0, 306648, 2140
317172, 0, 0, 0, 0, 0, 0, 306648, 2140
317172, 0, 0, 0, 0, 0, 0, 306648, 2140
317172, 0, 0, 0, 0, 0, 0, 306648, 2140
317172, 0, 0, 0, 0, 0, 0, 306648, 2140
317172, 0, 0, 0, 0, 0, 0, 306648, 2140
317172, 0, 0, 0, 0, 0, 0, 306648, 2140
317172, 0, 0, 0, 0, 0, 0, 306648, 2140
317172, 0, 0, 0, 0, 0, 0, 306648, 2140
317172, 0, 0, 0, 0, 0, 0, 306648, 2140
317172, 0, 0, 0, 0, 0, 0, 306648, 2140
317172, 0, 0, 0, 0, 0, 0, 306648, 2140
317172, 0, 0, 0, 0, 0, 0, 306648, 2140
317172, 0, 0, 0, 0, 0, 0, 306648, 2140
317172, 0, 0, 0, 0, 0, 0, 306648, 2140
317172, 0, 0, 0, 0, 0, 0, 306648, 2140
317172, 0, 0, 0, 0, 0, 0, 306648, 2140
317172, 0, 0, 0, 0, 0, 0, 306648, 2140
317172, 0, 0, 0, 0, 0, 0, 306648, 2140
317172, 0, 0, 0, 0, 0, 0, 306648, 2140
317172, 0, 0, 0, 0, 0, 0, 306648, 2140
317172, 0, 0, 0, 0, 0, 0, 306648, 2140
317172, 0, 0, 0, 0, 0, 0, 306648, 2140
317172, 0, 0, 0, 0, 0, 0, 306648, 2140
317172, 0, 0, 0, 0, 0, 0, 306648, 2140
317172, 0, 0, 0, 0, 0, 0, 306648, 2140
317172, 0, 0, 0, 0, 0, 0, 306648, 2140
317172, 0, 0, 0, 0, 0, 0, 306648, 2140
317172, 0, 0, 0, 0, 0, 0, 306648, 2140
317172, 0, 0, 0, 0, 0, 0, 306648, 2140
317172, 0, 0, 0, 0, 0, 0, 306648, 2140
317172, 0, 0, 0, 0, 0, 0, 306648, 2140
317172, 0, 0, 0, 0, 0, 0, 306648, 2140
317172, 0, 0, 0, 0, 0, 0, 306648, 2140
317172, 0, 0, 0, 0, 0, 0, 306648, 2140
317172, 0, 0, 0, 0, 0, 0, 306648, 2140
317172, 0, 0, 0, 0, 0, 0, 306648, 2140
317172, 0, 0, 0, 0, 0, 0, 306648, 2140
317172, 0, 0, 0, 0, 0, 0, 306648, 2140
317172, 0, 0, 0, 0, 0, 0, 306648, 2140
317172, 0, 0, 0, 0, 0, 0, 306648, 2140
317172, 0, 0, 0, 0, 0, 0, 306648, 2140
317172, 0, 0, 0, 0, 0, 0, 306648, 2140
317172, 0, 0, 0, 0, 0, 0, 306648, 2140
317172, 0, 0, 0, 0, 0, 0, 306648, 2140
317172, 0, 0, 0, 0, 0, 0, 306648, 2140
317172, 0, 0, 0, 0, 0, 0, 306648, 2140
317172, 0, 0, 0, 0, 0, 0, 306648, 2140
317172, 0, 0, 0, 0, 0, 0, 306648, 2140
317172, 0, 0, 0, 0, 0, 0, 306648, 2140
317172, 0, 0, 0, 0, 0, 0, 306648, 2140
317172, 0, 0, 0, 0, 0, 0, 306648, 2140
317172, 0, 0, 0, 0, 0, 0, 306648, 2140
317172, 0, 0, 0, 0, 0, 0, 306648, 2140
317172, 0, 0, 0, 0, 0, 0, 306648, 2140
317172, 0, 0, 0, 0, 0, 0, 306648, 2140
317172, 0, 0, 0, 0, 0, 0, 306648, 2140
317172, 0, 0, 0, 0, 0, 0, 306648, 2140
317172, 0, 0, 0, 0, 0, 0, 306648, 2140
317172, 0, 0, 0, 0, 0, 0, 306648, 2140
317172, 0, 0, 0, 0, 0, 0, 306648, 2140
317172, 0, 0, 0, 0, 0, 0, 306648, 2140
317172, 0, 0, 0, 0, 0, 0, 306648, 2140
317172, 0, 0, 0, 0, 0, 0, 306648, 2140
317172, 0, 0, 0, 0, 0, 0, 306648, 2140
317172, 0, 0, 0, 0, 0, 0, 306648, 2140
317172, 0, 0, 0, 0, 0, 0, 306648, 2140
317172, 0, 0, 0, 0, 0, 0, 306648, 2140
317172, 0, 0, 0, 0, 0, 0, 306648, 2140
317172, 0, 0, 0, 0, 0, 0, 306648, 2140
317172, 0, 0, 0, 0, 0, 0, 306648, 2140
317172, 0, 0, 0, 0, 0, 0, 306648, 2140
317172, 0, 0, 0, 0, 0, 0, 306648, 2140
317172, 0, 0, 0, 0, 0, 0, 306648, 2140
317172, 0, 0, 0, 0, 0, 0, 306648, 2140
317172, 0, 0, 0, 0, 0, 0, 306648, 2140
317172, 0, 0, 0, 0, 0, 0, 306648, 2140
317172, 0, 0, 0, 0, 0, 0, 306648, 2140
317172, 0, 0, 0, 0, 0, 0, 306648, 2140
317172, 0, 0, 0, 0, 0, 0, 306648, 2140
317172, 0, 0, 0, 0, 0, 0, 306648, 2140
317172, 0, 0, 0, 0, 0, 0, 306648, 2140
317172, 0, 0, 0, 0, 0, 0, 306648, 2140
317172, 0, 0, 0, 0, 0, 0, 306648, 2140
317172, 0, 0, 0, 0, 0, 0, 306648, 2140
317172, 0, 0, 0, 0, 0, 0, 306648, 2140
317172, 0, 0, 0, 0, 0, 0, 306648, 2140
317172, 0, 0, 0, 0, 0, 0, 306648, 2140
317172, 0, 0, 0, 0, 0, 0, 306648, 2140
317172, 0, 0, 0, 0, 0, 0, 306648, 2140
317172, 0, 0, 0, 0, 0, 0, 306648, 2140
317172, 0, 0, 0, 0, 0, 0, 306648, 2140
317172, 0, 0, 0, 0, 0, 0, 306648, 2140
317172, 0, 0, 0, 0, 0, 0, 306648, 2140
317172, 0, 0, 0, 0, 0, 0, 306648, 2140
317172, 0, 0, 0, 0, 0, 0, 306648, 2140
317172, 0, 0, 0, 0, 0, 0, 306648, 2140
317172, 0, 0, 0, 0, 0, 0, 306648, 2140
317172, 0, 0, 0, 0, 0, 0, 306648, 2140
317172, 0, 0, 0, 0, 0, 0, 306648, 2140
317172, 0, 0, 0, 0, 0, 0, 306648, 2140
317172, 0, 0, 0, 0, 0, 0, 306648, 2140
317172, 0, 0, 0, 0, 0, 0, 306648, 2140
317172, 0, 0, 0, 0, 0, 0, 306648, 2140
317172, 0, 0, 0, 0, 0, 0, 306648, 2140
317172, 0, 0, 0, 0, 0, 0, 306648, 2140
317172, 0, 0, 0, 0, 0, 0, 306648, 2140
317172, 0, 0, 0, 0, 0, 0, 306648, 2140
317172, 0, 0, 0, 0, 0, 0, 306648, 2140
317172, 0, 0, 0, 0, 0, 0, 306648, 2140
317172, 0, 0, 0, 0, 0, 0, 306648, 2140
317172, 0, 0, 0, 0, 0, 0, 306648, 2140
317172, 0, 0, 0, 0, 0, 0, 306648, 2140
317172, 0, 0, 0, 0, 0, 0, 306648, 2140
317172, 0, 0, 0, 0, 0, 0, 306648, 2140
317172, 0, 0, 0, 0, 0, 0, 306648, 2140
317172, 0, 0, 0, 0, 0, 0, 306648, 2140
317172, 0, 0, 0, 0, 0, 0, 306648, 2140
317172, 0, 0, 0, 0, 0, 0, 306648, 2140
317172, 0, 0, 0, 0, 0, 0, 306648, 2140
317172, 0, 0, 0, 0, 0, 0, 306648, 2140
317172, 0, 0, 0, 0, 0, 0, 306648, 2140
317172, 0, 0, 0, 0, 0, 0, 306648, 2140
317172, 0, 0, 0, 0, 0, 0, 306648, 2140
317172, 0, 0, 0, 0, 0, 0, 306648, 2140
317172, 0, 0, 0, 0, 0, 0, 306648, 2140
317172, 0, 0, 0, 0, 0, 0, 306648, 2140
317172, 0, 0, 0, 0, 0, 0, 306648, 2140
317172, 0, 0, 0, 0, 0, 0, 306648, 2140
317172, 0, 0, 0, 0, 0, 0, 306648, 2140
317172, 0, 0, 0, 0, 0, 0, 306648, 2140
317172, 0, 0, 0, 0, 0, 0, 306648, 2140
317172, 0, 0, 0, 0, 0, 0, 306648, 2140
317172, 0, 0, 0, 0, 0, 0, 306648, 2140
317172, 0, 0, 0, 0, 0, 0, 306648, 2140
317172, 0, 0, 0, 0, 0, 0, 306648, 2140
317172, 0, 0, 0, 0, 0, 0, 306648, 2140
317172, 0, 0, 0, 0, 0, 0, 306648, 2140
317172, 0, 0, 0, 0, 0, 0, 306648, 2140
317172, 0, 0, 0, 0, 0, 0, 306648, 2140
317172, 0, 0, 0, 0, 0, 0, 306648, 2140
317172, 0, 0, 0, 0, 0, 0, 306648, 2140
317172, 0, 0, 0, 0, 0, 0, 306648, 2140
317172, 0, 0, 0, 0, 0, 0, 306648, 2140
317172, 0, 0, 0, 0, 0, 0, 306648, 2140
317172, 0, 0, 0, 0, 0, 0, 306648, 2140
317172, 0, 0, 0, 0, 0, 0, 306648, 2140
317172, 0, 0, 0, 0, 0, 0, 306648, 2140
317172, 0, 0, 0, 0, 0, 0, 306648, 2140
317172, 0, 0, 0, 0, 0, 0, 306648, 2140
317172, 0, 0, 0, 0, 0, 0, 306648, 2140
317172, 0, 0, 0, 0, 0, 0, 306648, 2140
317172, 0, 0, 0, 0, 0, 0, 306648, 2140
317172, 0, 0, 0, 0, 0, 0, 306648, 2140
317172, 0, 0, 0, 0, 0, 0, 306648, 2140
317172, 0, 0, 0, 0, 0, 0, 306648, 2140
317172, 0, 0, 0, 0, 0, 0, 306648, 2140
317172, 0, 0, 0, 0, 0, 0, 306648, 2140
317172, 0, 0, 0, 0, 0, 0, 306648, 2140
317172, 0, 0, 0, 0, 0, 0, 306648, 2140
317172, 0, 0, 0, 0, 0, 0, 306648, 2140
317172, 0, 0, 0, 0, 0, 0, 306648, 2140
317172, 0, 0, 0, 0, 0, 0, 306648, 2140
317172, 0, 0, 0, 0, 0, 0, 306648, 2140
317172, 0, 0, 0, 0, 0, 0, 306648, 2140
317172, 0, 0, 0, 0, 0, 0, 306648, 2140
317172, 0, 0, 0, 0, 0, 0, 306648, 2140
317172, 0, 0, 0, 0, 0, 0, 306648, 2140
317172, 0, 0, 0, 0, 0, 0, 306648, 2140
317172, 0, 0, 0, 0, 0, 0, 306648, 2140
317172, 0, 0, 0, 0, 0, 0, 306648, 2140
317172, 0, 0, 0, 0, 0, 0, 306648, 2140
317172, 0, 0, 0, 0, 0, 0, 306648, 2140
317172, 0, 0, 0, 0, 0, 0, 306648, 2140
317172, 0, 0, 0, 0, 0, 0, 306648, 2140
317172, 0, 0, 0, 0, 0, 0, 306648, 2140
317172, 0, 0, 0, 0, 0, 0, 306648, 2140
317172, 0, 0, 0, 0, 0, 0, 306648, 2140
317172, 0, 0, 0, 0, 0, 0, 306648, 2140
317172, 0, 0, 0, 0, 0, 0, 306648, 2140
317172, 0, 0, 0, 0, 0, 0, 306648, 2140
317172, 0, 0, 0, 0, 0, 0, 306648, 2140
317172, 0, 0, 0, 0, 0, 0, 306648, 2140
317172, 0, 0, 0, 0, 0, 0, 306648, 2140
317172, 0, 0, 0, 0, 0, 0, 306648, 2140
317172, 0, 0, 0, 0, 0, 0, 306648, 2140
317172, 0, 0, 0, 0, 0, 0, 306648, 2140
317172, 0, 0, 0, 0, 0, 0, 306648, 2140
317172, 0, 0, 0, 0, 0, 0, 306648, 2140
317172, 0, 0, 0, 0, 0, 0, 306648, 2140
317172, 0, 0, 0, 0, 0, 0, 306648, 2140
317172, 0, 0, 0, 0, 0, 0, 306648, 2140
317172, 0, 0, 0, 0, 0, 0, 306648, 2140
317172, 0, 0, 0, 0, 0, 0, 306648, 2140
317172, 0, 0, 0, 0, 0, 0, 306648, 2140
317172, 0, 0, 0, 0, 0, 0, 306648, 2140
317172, 0, 0, 0, 0, 0, 0, 306648, 2140
317172, 0, 0, 0, 0, 0, 0, 306648, 2140
317172, 0, 0, 0, 0, 0, 0, 306648, 2140
317172, 0, 0, 0, 0, 0, 0, 306648, 2140
317172, 0, 0, 0, 0, 0, 0, 306648, 2140
317172, 0, 0, 0, 0, 0, 0, 306648, 2140
317172, 0, 0, 0, 0, 0, 0, 306648, 2140
317172, 0, 0, 0, 0, 0, 0, 306648, 2140
317172, 0, 0, 0, 0, 0, 0, 306648, 2140
317172, 0, 0, 0, 0, 0, 0, 306648, 2140
317172, 0, 0, 0, 0, 0, 0, 306648, 2140
317172, 0, 0, 0, 0, 0, 0, 306648, 2140
317172, 0, 0, 0, 0, 0, 0, 306648, 2140
317172, 0, 0, 0, 0, 0, 0, 306648, 2140
317172, 0, 0, 0, 0, 0, 0, 306648, 2140
317172, 0, 0, 0, 0, 0, 0, 306648, 2140
317172, 0, 0, 0, 0, 0, 0, 306648, 2140
317172, 0, 0, 0, 0, 0, 0, 306648, 2140
317172, 0, 0, 0, 0, 0, 0, 306648, 2140
317172, 0, 0, 0, 0, 0, 0, 306648, 2140
317172, 0, 0, 0, 0, 0, 0, 306648, 2140
317172, 0, 0, 0, 0, 0, 0, 306648, 2140
317172, 0, 0, 0, 0, 0, 0, 306648, 2140
317172, 0, 0, 0, 0, 0, 0, 306648, 2140
317172, 0, 0, 0, 0, 0, 0, 306648, 2140
317172, 0, 0, 0, 0, 0, 0, 306648, 2140
317172, 0, 0, 0, 0, 0, 0, 306648, 2140
317172, 0, 0, 0, 0, 0, 0, 306648, 2140
317172, 0, 0, 0, 0, 0, 0, 306648, 2140
317172, 0, 0, 0, 0, 0, 0, 306648, 2140
317172, 0, 0, 0, 0, 0, 0, 306648, 2140
317172, 0, 0, 0, 0, 0, 0, 306648, 2140
317172, 0, 0, 0, 0, 0, 0, 306648, 2140
317172, 0, 0, 0, 0, 0, 0, 306648, 2140
317172, 0, 0, 0, 0, 0, 0, 306648, 2140
317172, 0, 0, 0, 0, 0, 0, 306648, 2140
317172, 0, 0, 0, 0, 0, 0, 306648, 2140
317172, 0, 0, 0, 0, 0, 0, 306648, 2140
317172, 0, 0, 0, 0, 0, 0, 306648, 2140
317172, 0, 0, 0, 0, 0, 0, 306648, 2140
317172, 0, 0, 0, 0, 0, 0, 306648, 2140
317172, 0, 0, 0, 0, 0, 0, 306648, 2140
317172, 0, 0, 0, 0, 0, 0, 306648, 2140
317172, 0, 0, 0, 0, 0, 0, 306648, 2140
317172, 0, 0, 0, 0, 0, 0, 306648, 2140
317172, 0, 0, 0, 0, 0, 0, 306648, 2140
317172, 0, 0, 0, 0, 0, 0, 306648, 2140
317172, 0, 0, 0, 0, 0, 0, 306648, 2140
317172, 0, 0, 0, 0, 0, 0, 306648, 2140
317172, 0, 0, 0, 0, 0, 0, 306648, 2140
317172, 0, 0, 0, 0, 0, 0, 306648, 2140
317172, 0, 0, 0, 0, 0, 0, 306648, 2140
317172, 0, 0, 0, 0, 0, 0, 306648, 2140
317172, 0, 0, 0, 0, 0, 0, 306648, 2140
317172, 0, 0, 0, 0, 0, 0, 306648, 2140
317172, 0, 0, 0, 0, 0, 0, 306648, 2140
317172, 0, 0, 0, 0, 0, 0, 306648, 2140
317172, 0, 0, 0, 0, 0, 0, 306648, 2140
317172, 0, 0, 0, 0, 0, 0, 306648, 2140
317172, 0, 0, 0, 0, 0, 0, 306648, 2140
317172, 0, 0, 0, 0, 0, 0, 306648, 2140
317172, 0, 0, 0, 0, 0, 0, 306648, 2140
317172, 0, 0, 0, 0, 0, 0, 306648, 2140
317172, 0, 0, 0, 0, 0, 0, 306648, 2140
317172, 0, 0, 0, 0, 0, 0, 306648, 2140
317172, 0, 0, 0, 0, 0, 0, 306648, 2140
317172, 0, 0, 0, 0, 0, 0, 306648, 2140
317172, 0, 0, 0, 0, 0, 0, 306648, 2140
317172, 0, 0, 0, 0, 0, 0, 306648, 2140
317172, 0, 0, 0, 0, 0, 0, 306648, 2140
317172, 0, 0, 0, 0, 0, 0, 306648, 2140
317172, 0, 0, 0, 0, 0, 0, 306648, 2140
317172, 0, 0, 0, 0, 0, 0, 306648, 2140
317172, 0, 0, 0, 0, 0, 0, 306648, 2140
317172, 0, 0, 0, 0, 0, 0, 306648, 2140
317172, 0, 0, 0, 0, 0, 0, 306648, 2140
317172, 0, 0, 0, 0, 0, 0, 306648, 2140
317172, 0, 0, 0, 0, 0, 0, 306648, 2140
317172, 0, 0, 0, 0, 0, 0, 306648, 2140
317172, 0, 0, 0, 0, 0, 0, 306648, 2140
317172, 0, 0, 0, 0, 0, 0, 306648, 2140
317172, 0, 0, 0, 0, 0, 0, 306648, 2140
317172, 0, 0, 0, 0, 0, 0, 306648, 2140
317172, 0, 0, 0, 0, 0, 0, 306648, 2140
317172, 0, 0, 0, 0, 0, 0, 306648, 2140
317172, 0, 0, 0, 0, 0, 0, 306648, 2140
317172, 0, 0, 0, 0, 0, 0, 306648, 2140
317172, 0, 0, 0, 0, 0, 0, 306648, 2140
317172, 0, 0, 0, 0, 0, 0, 306648, 2140
317172, 0, 0, 0, 0, 0, 0, 306648, 2140
317172, 0, 0, 0, 0, 0, 0, 306648, 2140
317172, 0, 0, 0, 0, 0, 0, 306648, 2140
317172, 0, 0, 0, 0, 0, 0, 306648, 2140
317172, 0, 0, 0, 0, 0, 0, 306648, 2140
317172, 0, 0, 0, 0, 0, 0, 306648, 2140
317172, 0, 0, 0, 0, 0, 0, 306648, 2140
317172, 0, 0, 0, 0, 0, 0, 306648, 2140
317172, 0, 0, 0, 0, 0, 0, 306648, 2140
317172, 0, 0, 0, 0, 0, 0, 306648, 2140
317172, 0, 0, 0, 0, 0, 0, 306648, 2140
317172, 0, 0, 0, 0, 0, 0, 306648, 2140
317172, 0, 0, 0, 0, 0, 0, 306648, 2140
317172, 0, 0, 0, 0, 0, 0, 306648, 2140
317172, 0, 0, 0, 0, 0, 0, 306648, 2140
317172, 0, 0, 0, 0, 0, 0, 306648, 2140
317172, 0, 0, 0, 0, 0, 0, 306648, 2140
317172, 0, 0, 0, 0, 0, 0, 306648, 2140
317172, 0, 0, 0, 0, 0, 0, 306648, 2140
317172, 0, 0, 0, 0, 0, 0, 306648, 2140
317172, 0, 0, 0, 0, 0, 0, 306648, 2140
317172, 0, 0, 0, 0, 0, 0, 306648, 2140
317172, 0, 0, 0, 0, 0, 0, 306648, 2140
317172, 0, 0, 0, 0, 0, 0, 306648, 2140
317172, 0, 0, 0, 0, 0, 0, 306648, 2140
317172, 0, 0, 0, 0, 0, 0, 306648, 2140
317172, 0, 0, 0, 0, 0, 0, 306648, 2140
317172, 0, 0, 0, 0, 0, 0, 306648, 2140
317172, 0, 0, 0, 0, 0, 0, 306648, 2140
317172, 0, 0, 0, 0, 0, 0, 306648, 2140
317172, 0, 0, 0, 0, 0, 0, 306648, 2140
317172, 0, 0, 0, 0, 0, 0, 306648, 2140
317172, 0, 0, 0, 0, 0, 0, 306648, 2140
317172, 0, 0, 0, 0, 0, 0, 306648, 2140
317172, 0, 0, 0, 0, 0, 0, 306648, 2140
317172, 0, 0, 0, 0, 0, 0, 306648, 2140
317172, 0, 0, 0, 0, 0, 0, 306648, 2140
317172, 0, 0, 0, 0, 0, 0, 306648, 2140
317172, 0, 0, 0, 0, 0, 0, 306648, 2140
317172, 0, 0, 0, 0, 0, 0, 306648, 2140
317172, 0, 0, 0, 0, 0, 0, 306648, 2140
317172, 0, 0, 0, 0, 0, 0, 306648, 2140
317172, 0, 0, 0, 0, 0, 0, 306648, 2140
317172, 0, 0, 0, 0, 0, 0, 306648, 2140
317172, 0, 0, 0, 0, 0, 0, 306648, 2140
317172, 0, 0, 0, 0, 0, 0, 306648, 2140
317172, 0, 0, 0, 0, 0, 0, 306648, 2140
317172, 0, 0, 0, 0, 0, 0, 306648, 2140
317172, 0, 0, 0, 0, 0, 0, 306648, 2140
317172, 0, 0, 0, 0, 0, 0, 306648, 2140
317172, 0, 0, 0, 0, 0, 0, 306648, 2140
317172, 0, 0, 0, 0, 0, 0, 306648, 2140
317172, 0, 0, 0, 0, 0, 0, 306648, 2140
317172, 0, 0, 0, 0, 0, 0, 306648, 2140
317172, 0, 0, 0, 0, 0, 0, 306648, 2140
317172, 0, 0, 0, 0, 0, 0, 306648, 2140
317172, 0, 0, 0, 0, 0, 0, 306648, 2140
317172, 0, 0, 0, 0, 0, 0, 306648, 2140
317172, 0, 0, 0, 0, 0, 0, 306648, 2140
317172, 0, 0, 0, 0, 0, 0, 306648, 2140
317172, 0, 0, 0, 0, 0, 0, 306648, 2140
317172, 0, 0, 0, 0, 0, 0, 306648, 2140
317172, 0, 0, 0, 0, 0, 0, 306648, 2140
317172, 0, 0, 0, 0, 0, 0, 306648, 2140
317172, 0, 0, 0, 0, 0, 0, 306648, 2140
317172, 0, 0, 0, 0, 0, 0, 306648, 2140
317172, 0, 0, 0, 0, 0, 0, 306648, 2140
317172, 0, 0, 0, 0, 0, 0, 306648, 2140
317172, 0, 0, 0, 0, 0, 0, 306648, 2140
317172, 0, 0, 0, 0, 0, 0, 306648, 2140
317172, 0, 0, 0, 0, 0, 0, 306648, 2140
317172, 0, 0, 0, 0, 0, 0, 306648, 2140
317172, 0, 0, 0, 0, 0, 0, 306648, 2140
317172, 0, 0, 0, 0, 0, 0, 306648, 2140
317172, 0, 0, 0, 0, 0, 0, 306648, 2140
317172, 0, 0, 0, 0, 0, 0, 306648, 2140
317172, 0, 0, 0, 0, 0, 0, 306648, 2140
317172, 0, 0, 0, 0, 0, 0, 306648, 2140
317172, 0, 0, 0, 0, 0, 0, 306648, 2140
317172, 0, 0, 0, 0, 0, 0, 306648, 2140
317172, 0, 0, 0, 0, 0, 0, 306648, 2140
317172, 0, 0, 0, 0, 0, 0, 306648, 2140
317172, 0, 0, 0, 0, 0, 0, 306648, 2140
317172, 0, 0, 0, 0, 0, 0, 306648, 2140
317172, 0, 0, 0, 0, 0, 0, 306648, 2140
317172, 0, 0, 0, 0, 0, 0, 306648, 2140
317172, 0, 0, 0, 0, 0, 0, 306648, 2140
317172, 0, 0, 0, 0, 0, 0, 306648, 2140
317172, 0, 0, 0, 0, 0, 0, 306648, 2140
317172, 0, 0, 0, 0, 0, 0, 306648, 2140
317172, 0, 0, 0, 0, 0, 0, 306648, 2140
317172, 0, 0, 0, 0, 0, 0, 306648, 2140
317172, 0, 0, 0, 0, 0, 0, 306648, 2140
317172, 0, 0, 0, 0, 0, 0, 306648, 2140
317172, 0, 0, 0, 0, 0, 0, 306648, 2140
317172, 0, 0, 0, 0, 0, 0, 306648, 2140
317172, 0, 0, 0, 0, 0, 0, 306648, 2140
317172, 0, 0, 0, 0, 0, 0, 306648, 2140
317172, 0, 0, 0, 0, 0, 0, 306648, 2140
317172, 0, 0, 0, 0, 0, 0, 306648, 2140
317172, 0, 0, 0, 0, 0, 0, 306648, 2140
317172, 0, 0, 0, 0, 0, 0, 306648, 2140
317172, 0, 0, 0, 0, 0, 0, 306648, 2140
317172, 0, 0, 0, 0, 0, 0, 306648, 2140
317172, 0, 0, 0, 0, 0, 0, 306648, 2140
317172, 0, 0, 0, 0, 0, 0, 306648, 2140
317172, 0, 0, 0, 0, 0, 0, 306648, 2140
317172, 0, 0, 0, 0, 0, 0, 306648, 2140
317172, 0, 0, 0, 0, 0, 0, 306648, 2140
317172, 0, 0, 0, 0, 0, 0, 306648, 2140
317172, 0, 0, 0, 0, 0, 0, 306648, 2140
317172, 0, 0, 0, 0, 0, 0, 306648, 2140
317172, 0, 0, 0, 0, 0, 0, 306648, 2140
317172, 0, 0, 0, 0, 0, 0, 306648, 2140
317172, 0, 0, 0, 0, 0, 0, 306648, 2140
317172, 0, 0, 0, 0, 0, 0, 306648, 2140
317172, 0, 0, 0, 0, 0, 0, 306648, 2140
317172, 0, 0, 0, 0, 0, 0, 306648, 2140
317172, 0, 0, 0, 0, 0, 0, 306648, 2140
317172, 0, 0, 0, 0, 0, 0, 306648, 2140
317172, 0, 0, 0, 0, 0, 0, 306648, 2140
317172, 0, 0, 0, 0, 0, 0, 306648, 2140
317172, 0, 0, 0, 0, 0, 0, 306648, 2140
317172, 0, 0, 0, 0, 0, 0, 306648, 2140
317172, 0, 0, 0, 0, 0, 0, 306648, 2140
317172, 0, 0, 0, 0, 0, 0, 306648, 2140
317172, 0, 0, 0, 0, 0, 0, 306648, 2140
317172, 0, 0, 0, 0, 0, 0, 306648, 2140
317172, 0, 0, 0, 0, 0, 0, 306648, 2140
317172, 0, 0, 0, 0, 0, 0, 306648, 2140
317172, 0, 0, 0, 0, 0, 0, 306648, 2140
317172, 0, 0, 0, 0, 0, 0, 306648, 2140
317172, 0, 0, 0, 0, 0, 0, 306648, 2140
317172, 0, 0, 0, 0, 0, 0, 306648, 2140
317172, 0, 0, 0, 0, 0, 0, 306648, 2140
317172, 0, 0, 0, 0, 0, 0, 306648, 2140
317172, 0, 0, 0, 0, 0, 0, 306648, 2140
317172, 0, 0, 0, 0, 0, 0, 306648, 2140
317172, 0, 0, 0, 0, 0, 0, 306648, 2140
317172, 0, 0, 0, 0, 0, 0, 306648, 2140
317172, 0, 0, 0, 0, 0, 0, 306648, 2140
317172, 0, 0, 0, 0, 0, 0, 306648, 2140
317172, 0, 0, 0, 0, 0, 0, 306648, 2140
317172, 0, 0, 0, 0, 0, 0, 306648, 2140
317172, 0, 0, 0, 0, 0, 0, 306648, 2140
317172, 0, 0, 0, 0, 0, 0, 306648, 2140
317172, 0, 0, 0, 0, 0, 0, 306648, 2140
317172, 0, 0, 0, 0, 0, 0, 306648, 2140
317172, 0, 0, 0, 0, 0, 0, 306648, 2140
317172, 0, 0, 0, 0, 0, 0, 306648, 2140
317172, 0, 0, 0, 0, 0, 0, 306648, 2140
317172, 0, 0, 0, 0, 0, 0, 306648, 2140
317172, 0, 0, 0, 0, 0, 0, 306648, 2140
317172, 0, 0, 0, 0, 0, 0, 306648, 2140
317172, 0, 0, 0, 0, 0, 0, 306648, 2140
317172, 0, 0, 0, 0, 0, 0, 306648, 2140
317172, 0, 0, 0, 0, 0, 0, 306648, 2140
317172, 0, 0, 0, 0, 0, 0, 306648, 2140
317172, 0, 0, 0, 0, 0, 0, 306648, 2140
317172, 0, 0, 0, 0, 0, 0, 306648, 2140
317172, 0, 0, 0, 0, 0, 0, 306648, 2140
317172, 0, 0, 0, 0, 0, 0, 306648, 2140
317172, 0, 0, 0, 0, 0, 0, 306648, 2140
317172, 0, 0, 0, 0, 0, 0, 306648, 2140
317172, 0, 0, 0, 0, 0, 0, 306648, 2140
317172, 0, 0, 0, 0, 0, 0, 306648, 2140
317172, 0, 0, 0, 0, 0, 0, 306648, 2140
317172, 0, 0, 0, 0, 0, 0, 306648, 2140
317172, 0, 0, 0, 0, 0, 0, 306648, 2140
317172, 0, 0, 0, 0, 0, 0, 306648, 2140
317172, 0, 0, 0, 0, 0, 0, 306648, 2140
317172, 0, 0, 0, 0, 0, 0, 306648, 2140
317172, 0, 0, 0, 0, 0, 0, 306648, 2140
317172, 0, 0, 0, 0, 0, 0, 306648, 2140
317172, 0, 0, 0, 0, 0, 0, 306648, 2140
317172, 0, 0, 0, 0, 0, 0, 306648, 2140
317172, 0, 0, 0, 0, 0, 0, 306648, 2140
317172, 0, 0, 0, 0, 0, 0, 306648, 2140
317172, 0, 0, 0, 0, 0, 0, 306648, 2140
317172, 0, 0, 0, 0, 0, 0, 306648, 2140
317172, 0, 0, 0, 0, 0, 0, 306648, 2140
317172, 0, 0, 0, 0, 0, 0, 306648, 2140
317172, 0, 0, 0, 0, 0, 0, 306648, 2140
317172, 0, 0, 0, 0, 0, 0, 306648, 2140
317172, 0, 0, 0, 0, 0, 0, 306648, 2140
317172, 0, 0, 0, 0, 0, 0, 306648, 2140
317172, 0, 0, 0, 0, 0, 0, 306648, 2140
317172, 0, 0, 0, 0, 0, 0, 306648, 2140
317172, 0, 0, 0, 0, 0, 0, 306648, 2140
317172, 0, 0, 0, 0, 0, 0, 306648, 2140
317172, 0, 0, 0, 0, 0, 0, 306648, 2140
317172, 0, 0, 0, 0, 0, 0, 306648, 2140
317172, 0, 0, 0, 0, 0, 0, 306648, 2140
317172, 0, 0, 0, 0, 0, 0, 306648, 2140
317172, 0, 0, 0, 0, 0, 0, 306648, 2140
317172, 0, 0, 0, 0, 0, 0, 306648, 2140
317172, 0, 0, 0, 0, 0, 0, 306648, 2140
317172, 0, 0, 0, 0, 0, 0, 306648, 2140
317172, 0, 0, 0, 0, 0, 0, 306648, 2140
317172, 0, 0, 0, 0, 0, 0, 306648, 2140
317172, 0, 0, 0, 0, 0, 0, 306648, 2140
317172, 0, 0, 0, 0, 0, 0, 306648, 2140
317172, 0, 0, 0, 0, 0, 0, 306648, 2140
317172, 0, 0, 0, 0, 0, 0, 306648, 2140
317172, 0, 0, 0, 0, 0, 0, 306648, 2140
317172, 0, 0, 0, 0, 0, 0, 306648, 2140
317172, 0, 0, 0, 0, 0, 0, 306648, 2140
317172, 0, 0, 0, 0, 0, 0, 306648, 2140
317172, 0, 0, 0, 0, 0, 0, 306648, 2140
317172, 0, 0, 0, 0, 0, 0, 306648, 2140
317172, 0, 0, 0, 0, 0, 0, 306648, 2140
317172, 0, 0, 0, 0, 0, 0, 306648, 2140
317172, 0, 0, 0, 0, 0, 0, 306648, 2140
317172, 0, 0, 0, 0, 0, 0, 306648, 2140
317172, 0, 0, 0, 0, 0, 0, 306648, 2140
317172, 0, 0, 0, 0, 0, 0, 306648, 2140
317172, 0, 0, 0, 0, 0, 0, 306648, 2140
317172, 0, 0, 0, 0, 0, 0, 306648, 2140
317172, 0, 0, 0, 0, 0, 0, 306648, 2140
317172, 0, 0, 0, 0, 0, 0, 306648, 2140
317172, 0, 0, 0, 0, 0, 0, 306648, 2140
317172, 0, 0, 0, 0, 0, 0, 306648, 2140
317172, 0, 0, 0, 0, 0, 0, 306648, 2140
317172, 0, 0, 0, 0, 0, 0, 306648, 2140
317172, 0, 0, 0, 0, 0, 0, 306648, 2140
317172, 0, 0, 0, 0, 0, 0, 306648, 2140
317172, 0, 0, 0, 0, 0, 0, 306648, 2140
317172, 0, 0, 0, 0, 0, 0, 306648, 2140
317172, 0, 0, 0, 0, 0, 0, 306648, 2140
317172, 0, 0, 0, 0, 0, 0, 306648, 2140
317172, 0, 0, 0, 0, 0, 0, 306648, 2140
317172, 0, 0, 0, 0, 0, 0, 306648, 2140
317172, 0, 0, 0, 0, 0, 0, 306648, 2140
317172, 0, 0, 0, 0, 0, 0, 306648, 2140
317172, 0, 0, 0, 0, 0, 0, 306648, 2140
317172, 0, 0, 0, 0, 0, 0, 306648, 2140
317172, 0, 0, 0, 0, 0, 0, 306648, 2140
317172, 0, 0, 0, 0, 0, 0, 306648, 2140
317172, 0, 0, 0, 0, 0, 0, 306648, 2140
317172, 0, 0, 0, 0, 0, 0, 306648, 2140
317172, 0, 0, 0, 0, 0, 0, 306648, 2140
317172, 0, 0, 0, 0, 0, 0, 306648, 2140
317172, 0, 0, 0, 0, 0, 0, 306648, 2140
317172, 0, 0, 0, 0, 0, 0, 306648, 2140
317172, 0, 0, 0, 0, 0, 0, 306648, 2140
317172, 0, 0, 0, 0, 0, 0, 306648, 2140
317172, 0, 0, 0, 0, 0, 0, 306648, 2140
317172, 0, 0, 0, 0, 0, 0, 306648, 2140
317172, 0, 0, 0, 0, 0, 0, 306648, 2140
317172, 0, 0, 0, 0, 0, 0, 306648, 2140
317172, 0, 0, 0, 0, 0, 0, 306648, 2140
317172, 0, 0, 0, 0, 0, 0, 306648, 2140
317172, 0, 0, 0, 0, 0, 0, 306648, 2140
317172, 0, 0, 0, 0, 0, 0, 306648, 2140
317172, 0, 0, 0, 0, 0, 0, 306648, 2140
317172, 0, 0, 0, 0, 0, 0, 306648, 2140
317172, 0, 0, 0, 0, 0, 0, 306648, 2140
317172, 0, 0, 0, 0, 0, 0, 306648, 2140
317172, 0, 0, 0, 0, 0, 0, 306648, 2140
317172, 0, 0, 0, 0, 0, 0, 306648, 2140
317172, 0, 0, 0, 0, 0, 0, 306648, 2140
317172, 0, 0, 0, 0, 0, 0, 306648, 2140
317172, 0, 0, 0, 0, 0, 0, 306648, 2140
317172, 0, 0, 0, 0, 0, 0, 306648, 2140
317172, 0, 0, 0, 0, 0, 0, 306648, 2140
317172, 0, 0, 0, 0, 0, 0, 306648, 2140
317172, 0, 0, 0, 0, 0, 0, 306648, 2140
317172, 0, 0, 0, 0, 0, 0, 306648, 2140
317172, 0, 0, 0, 0, 0, 0, 306648, 2140
317172, 0, 0, 0, 0, 0, 0, 306648, 2140
317172, 0, 0, 0, 0, 0, 0, 306648, 2140
317172, 0, 0, 0, 0, 0, 0, 306648, 2140
317172, 0, 0, 0, 0, 0, 0, 306648, 2140
317172, 0, 0, 0, 0, 0, 0, 306648, 2140
317172, 0, 0, 0, 0, 0, 0, 306648, 2140
317172, 0, 0, 0, 0, 0, 0, 306648, 2140
317172, 0, 0, 0, 0, 0, 0, 306648, 2140
317172, 0, 0, 0, 0, 0, 0, 306648, 2140
317172, 0, 0, 0, 0, 0, 0, 306648, 2140
317172, 0, 0, 0, 0, 0, 0, 306648, 2140
317172, 0, 0, 0, 0, 0, 0, 306648, 2140
317172, 0, 0, 0, 0, 0, 0, 306648, 2140
317172, 0, 0, 0, 0, 0, 0, 306648, 2140
317172, 0, 0, 0, 0, 0, 0, 306648, 2140
317172, 0, 0, 0, 0, 0, 0, 306648, 2140
317172, 0, 0, 0, 0, 0, 0, 306648, 2140
317172, 0, 0, 0, 0, 0, 0, 306648, 2140
317172, 0, 0, 0, 0, 0, 0, 306648, 2140
317172, 0, 0, 0, 0, 0, 0, 306648, 2140
317172, 0, 0, 0, 0, 0, 0, 306648, 2140
317172, 0, 0, 0, 0, 0, 0, 306648, 2140
317172, 0, 0, 0, 0, 0, 0, 306648, 2140
317172, 0, 0, 0, 0, 0, 0, 306648, 2140
317172, 0, 0, 0, 0, 0, 0, 306648, 2140
317172, 0, 0, 0, 0, 0, 0, 306648, 2140
317172, 0, 0, 0, 0, 0, 0, 306648, 2140
317172, 0, 0, 0, 0, 0, 0, 306648, 2140
317172, 0, 0, 0, 0, 0, 0, 306648, 2140
317172, 0, 0, 0, 0, 0, 0, 306648, 2140
317172, 0, 0, 0, 0, 0, 0, 306648, 2140
317172, 0, 0, 0, 0, 0, 0, 306648, 2140
317172, 0, 0, 0, 0, 0, 0, 306648, 2140
317172, 0, 0, 0, 0, 0, 0, 306648, 2140
317172, 0, 0, 0, 0, 0, 0, 306648, 2140
317172, 0, 0, 0, 0, 0, 0, 306648, 2140
317172, 0, 0, 0, 0, 0, 0, 306648, 2140
317172, 0, 0, 0, 0, 0, 0, 306648, 2140
317172, 0, 0, 0, 0, 0, 0, 306648, 2140
317172, 0, 0, 0, 0, 0, 0, 306648, 2140
317172, 0, 0, 0, 0, 0, 0, 306648, 2140
317172, 0, 0, 0, 0, 0, 0, 306648, 2140
317172, 0, 0, 0, 0, 0, 0, 306648, 2140
317172, 0, 0, 0, 0, 0, 0, 306648, 2140
317172, 0, 0, 0, 0, 0, 0, 306648, 2140
317172, 0, 0, 0, 0, 0, 0, 306648, 2140
317172, 0, 0, 0, 0, 0, 0, 306648, 2140
317172, 0, 0, 0, 0, 0, 0, 306648, 2140
317172, 0, 0, 0, 0, 0, 0, 306648, 2140
317172, 0, 0, 0, 0, 0, 0, 306648, 2140
317172, 0, 0, 0, 0, 0, 0, 306648, 2140
317172, 0, 0, 0, 0, 0, 0, 306648, 2140
317172, 0, 0, 0, 0, 0, 0, 306648, 2140
317172, 0, 0, 0, 0, 0, 0, 306648, 2140
317172, 0, 0, 0, 0, 0, 0, 306648, 2140
317172, 0, 0, 0, 0, 0, 0, 306648, 2140
317172, 0, 0, 0, 0, 0, 0, 306648, 2140
317172, 0, 0, 0, 0, 0, 0, 306648, 2140
317172, 0, 0, 0, 0, 0, 0, 306648, 2140
317172, 0, 0, 0, 0, 0, 0, 306648, 2140
317172, 0, 0, 0, 0, 0, 0, 306648, 2140
317172, 0, 0, 0, 0, 0, 0, 306648, 2140
317172, 0, 0, 0, 0, 0, 0, 306648, 2140
317172, 0, 0, 0, 0, 0, 0, 306648, 2140
317172, 0, 0, 0, 0, 0, 0, 306648, 2140
317172, 0, 0, 0, 0, 0, 0, 306648, 2140
317172, 0, 0, 0, 0, 0, 0, 306648, 2140
317172, 0, 0, 0, 0, 0, 0, 306648, 2140
317172, 0, 0, 0, 0, 0, 0, 306648, 2140
317172, 0, 0, 0, 0, 0, 0, 306648, 2140
317172, 0, 0, 0, 0, 0, 0, 306648, 2140
317172, 0, 0, 0, 0, 0, 0, 306648, 2140
317172, 0, 0, 0, 0, 0, 0, 306648, 2140
317172, 0, 0, 0, 0, 0, 0, 306648, 2140
317172, 0, 0, 0, 0, 0, 0, 306648, 2140
317172, 0, 0, 0, 0, 0, 0, 306648, 2140
317172, 0, 0, 0, 0, 0, 0, 306648, 2140
317172, 0, 0, 0, 0, 0, 0, 306648, 2140
317172, 0, 0, 0, 0, 0, 0, 306648, 2140
317172, 0, 0, 0, 0, 0, 0, 306648, 2140
317172, 0, 0, 0, 0, 0, 0, 306648, 2140
317172, 0, 0, 0, 0, 0, 0, 306648, 2140
317172, 0, 0, 0, 0, 0, 0, 306648, 2140
317172, 0, 0, 0, 0, 0, 0, 306648, 2140
317172, 0, 0, 0, 0, 0, 0, 306648, 2140
317172, 0, 0, 0, 0, 0, 0, 306648, 2140
317172, 0, 0, 0, 0, 0, 0, 306648, 2140
317172, 0, 0, 0, 0, 0, 0, 306648, 2140
317172, 0, 0, 0, 0, 0, 0, 306648, 2140
317172, 0, 0, 0, 0, 0, 0, 306648, 2140
317172, 0, 0, 0, 0, 0, 0, 306648, 2140
317172, 0, 0, 0, 0, 0, 0, 306648, 2140
317172, 0, 0, 0, 0, 0, 0, 306648, 2140
317172, 0, 0, 0, 0, 0, 0, 306648, 2140
317172, 0, 0, 0, 0, 0, 0, 306648, 2140
317172, 0, 0, 0, 0, 0, 0, 306648, 2140
317172, 0, 0, 0, 0, 0, 0, 306648, 2140
317172, 0, 0, 0, 0, 0, 0, 306648, 2140
317172, 0, 0, 0, 0, 0, 0, 306648, 2140
317172, 0, 0, 0, 0, 0, 0, 306648, 2140
317172, 0, 0, 0, 0, 0, 0, 306648, 2140
317172, 0, 0, 0, 0, 0, 0, 306648, 2140
317172, 0, 0, 0, 0, 0, 0, 306648, 2140
317172, 0, 0, 0, 0, 0, 0, 306648, 2140
317172, 0, 0, 0, 0, 0, 0, 306648, 2140
317172, 0, 0, 0, 0, 0, 0, 306648, 2140
317172, 0, 0, 0, 0, 0, 0, 306648, 2140
317172, 0, 0, 0, 0, 0, 0, 306648, 2140
317172, 0, 0, 0, 0, 0, 0, 306648, 2140
317172, 0, 0, 0, 0, 0, 0, 306648, 2140
317172, 0, 0, 0, 0, 0, 0, 306648, 2140
317172, 0, 0, 0, 0, 0, 0, 306648, 2140
317172, 0, 0, 0, 0, 0, 0, 306648, 2140
317172, 0, 0, 0, 0, 0, 0, 306648, 2140
317172, 0, 0, 0, 0, 0, 0, 306648, 2140
317172, 0, 0, 0, 0, 0, 0, 306648, 2140
317172, 0, 0, 0, 0, 0, 0, 306648, 2140
317172, 0, 0, 0, 0, 0, 0, 306648, 2140
317172, 0, 0, 0, 0, 0, 0, 306648, 2140
317172, 0, 0, 0, 0, 0, 0, 306648, 2140
317172, 0, 0, 0, 0, 0, 0, 306648, 2140
317172, 0, 0, 0, 0, 0, 0, 306648, 2140
317172, 0, 0, 0, 0, 0, 0, 306648, 2140
317172, 0, 0, 0, 0, 0, 0, 306648, 2140
317172, 0, 0, 0, 0, 0, 0, 306648, 2140
317172, 0, 0, 0, 0, 0, 0, 306648, 2140
317172, 0, 0, 0, 0, 0, 0, 306648, 2140
317172, 0, 0, 0, 0, 0, 0, 306648, 2140
317172, 0, 0, 0, 0, 0, 0, 306648, 2140
317172, 0, 0, 0, 0, 0, 0, 306648, 2140
317172, 0, 0, 0, 0, 0, 0, 306648, 2140
317172, 0, 0, 0, 0, 0, 0, 306648, 2140
317172, 0, 0, 0, 0, 0, 0, 306648, 2140
317172, 0, 0, 0, 0, 0, 0, 306648, 2140
317172, 0, 0, 0, 0, 0, 0, 306648, 2140
317172, 0, 0, 0, 0, 0, 0, 306648, 2140
317172, 0, 0, 0, 0, 0, 0, 306648, 2140
317172, 0, 0, 0, 0, 0, 0, 306648, 2140
317172, 0, 0, 0, 0, 0, 0, 306648, 2140
317172, 0, 0, 0, 0, 0, 0, 306648, 2140
317172, 0, 0, 0, 0, 0, 0, 306648, 2140
317172, 0, 0, 0, 0, 0, 0, 306648, 2140
317172, 0, 0, 0, 0, 0, 0, 306648, 2140
317172, 0, 0, 0, 0, 0, 0, 306648, 2140
317172, 0, 0, 0, 0, 0, 0, 306648, 2140
317172, 0, 0, 0, 0, 0, 0, 306648, 2140
317172, 0, 0, 0, 0, 0, 0, 306648, 2140
317172, 0, 0, 0, 0, 0, 0, 306648, 2140
317172, 0, 0, 0, 0, 0, 0, 306648, 2140
317172, 0, 0, 0, 0, 0, 0, 306648, 2140
317172, 0, 0, 0, 0, 0, 0, 306648, 2140
317172, 0, 0, 0, 0, 0, 0, 306648, 2140
317172, 0, 0, 0, 0, 0, 0, 306648, 2140
317172, 0, 0, 0, 0, 0, 0, 306648, 2140
317172, 0, 0, 0, 0, 0, 0, 306648, 2140
317172, 0, 0, 0, 0, 0, 0, 306648, 2140
317172, 0, 0, 0, 0, 0, 0, 306648, 2140
317172, 0, 0, 0, 0, 0, 0, 306648, 2140
317172, 0, 0, 0, 0, 0, 0, 306648, 2140
317172, 0, 0, 0, 0, 0, 0, 306648, 2140
317172, 0, 0, 0, 0, 0, 0, 306648, 2140
317172, 0, 0, 0, 0, 0, 0, 306648, 2140
317172, 0, 0, 0, 0, 0, 0, 306648, 2140
317172, 0, 0, 0, 0, 0, 0, 306648, 2140
317172, 0, 0, 0, 0, 0, 0, 306648, 2140
317172, 0, 0, 0, 0, 0, 0, 306648, 2140
317172, 0, 0, 0, 0, 0, 0, 306648, 2140
317172, 0, 0, 0, 0, 0, 0, 306648, 2140
317172, 0, 0, 0, 0, 0, 0, 306648, 2140
317172, 0, 0, 0, 0, 0, 0, 306648, 2140
317172, 0, 0, 0, 0, 0, 0, 306648, 2140
317172, 0, 0, 0, 0, 0, 0, 306648, 2140
317172, 0, 0, 0, 0, 0, 0, 306648, 2140
317172, 0, 0, 0, 0, 0, 0, 306648, 2140
317172, 0, 0, 0, 0, 0, 0, 306648, 2140
317172, 0, 0, 0, 0, 0, 0, 306648, 2140
317172, 0, 0, 0, 0, 0, 0, 306648, 2140
317172, 0, 0, 0, 0, 0, 0, 306648, 2140
317172, 0, 0, 0, 0, 0, 0, 306648, 2140
317172, 0, 0, 0, 0, 0, 0, 306648, 2140
317172, 0, 0, 0, 0, 0, 0, 306648, 2140
317172, 0, 0, 0, 0, 0, 0, 306648, 2140
317172, 0, 0, 0, 0, 0, 0, 306648, 2140
317172, 0, 0, 0, 0, 0, 0, 306648, 2140
317172, 0, 0, 0, 0, 0, 0, 306648, 2140
317172, 0, 0, 0, 0, 0, 0, 306648, 2140
317172, 0, 0, 0, 0, 0, 0, 306648, 2140
317172, 0, 0, 0, 0, 0, 0, 306648, 2140
317172, 0, 0, 0, 0, 0, 0, 306648, 2140
317172, 0, 0, 0, 0, 0, 0, 306648, 2140
317172, 0, 0, 0, 0, 0, 0, 306648, 2140
317172, 0, 0, 0, 0, 0, 0, 306648, 2140
317172, 0, 0, 0, 0, 0, 0, 306648, 2140
317172, 0, 0, 0, 0, 0, 0, 306648, 2140
317172, 0, 0, 0, 0, 0, 0, 306648, 2140
317172, 0, 0, 0, 0, 0, 0, 306648, 2140
317172, 0, 0, 0, 0, 0, 0, 306648, 2140
317172, 0, 0, 0, 0, 0, 0, 306648, 2140
317172, 0, 0, 0, 0, 0, 0, 306648, 2140
317172, 0, 0, 0, 0, 0, 0, 306648, 2140
317172, 0, 0, 0, 0, 0, 0, 306648, 2140
317172, 0, 0, 0, 0, 0, 0, 306648, 2140
317172, 0, 0, 0, 0, 0, 0, 306648, 2140
317172, 0, 0, 0, 0, 0, 0, 306648, 2140
317172, 0, 0, 0, 0, 0, 0, 306648, 2140
317172, 0, 0, 0, 0, 0, 0, 306648, 2140
317172, 0, 0, 0, 0, 0, 0, 306648, 2140
317172, 0, 0, 0, 0, 0, 0, 306648, 2140
317172, 0, 0, 0, 0, 0, 0, 306648, 2140
317172, 0, 0, 0, 0, 0, 0, 306648, 2140
317172, 0, 0, 0, 0, 0, 0, 306648, 2140
317172, 0, 0, 0, 0, 0, 0, 306648, 2140
317172, 0, 0, 0, 0, 0, 0, 306648, 2140
317172, 0, 0, 0, 0, 0, 0, 306648, 2140
317172, 0, 0, 0, 0, 0, 0, 306648, 2140
317172, 0, 0, 0, 0, 0, 0, 306648, 2140
317172, 0, 0, 0, 0, 0, 0, 306648, 2140
317172, 0, 0, 0, 0, 0, 0, 306648, 2140
317172, 0, 0, 0, 0, 0, 0, 306648, 2140
317172, 0, 0, 0, 0, 0, 0, 306648, 2140
317172, 0, 0, 0, 0, 0, 0, 306648, 2140
317172, 0, 0, 0, 0, 0, 0, 306648, 2140
317172, 0, 0, 0, 0, 0, 0, 306648, 2140
317172, 0, 0, 0, 0, 0, 0, 306648, 2140
317172, 0, 0, 0, 0, 0, 0, 306648, 2140
317172, 0, 0, 0, 0, 0, 0, 306648, 2140
317172, 0, 0, 0, 0, 0, 0, 306648, 2140
317172, 0, 0, 0, 0, 0, 0, 306648, 2140
317172, 0, 0, 0, 0, 0, 0, 306648, 2140
317172, 0, 0, 0, 0, 0, 0, 306648, 2140
317172, 0, 0, 0, 0, 0, 0, 306648, 2140
317172, 0, 0, 0, 0, 0, 0, 306648, 2140
317172, 0, 0, 0, 0, 0, 0, 306648, 2140
317172, 0, 0, 0, 0, 0, 0, 306648, 2140
317172, 0, 0, 0, 0, 0, 0, 306648, 2140
317172, 0, 0, 0, 0, 0, 0, 306648, 2140
317172, 0, 0, 0, 0, 0, 0, 306648, 2140
317172, 0, 0, 0, 0, 0, 0, 306648, 2140
317172, 0, 0, 0, 0, 0, 0, 306648, 2140
317172, 0, 0, 0, 0, 0, 0, 306648, 2140
317172, 0, 0, 0, 0, 0, 0, 306648, 2140
317172, 0, 0, 0, 0, 0, 0, 306648, 2140
317172, 0, 0, 0, 0, 0, 0, 306648, 2140
317172, 0, 0, 0, 0, 0, 0, 306648, 2140
317172, 0, 0, 0, 0, 0, 0, 306648, 2140
317172, 0, 0, 0, 0, 0, 0, 306648, 2140
317172, 0, 0, 0, 0, 0, 0, 306648, 2140
317172, 0, 0, 0, 0, 0, 0, 306648, 2140
317172, 0, 0, 0, 0, 0, 0, 306648, 2140
317172, 0, 0, 0, 0, 0, 0, 306648, 2140
317172, 0, 0, 0, 0, 0, 0, 306648, 2140
317172, 0, 0, 0, 0, 0, 0, 306648, 2140
317172, 0, 0, 0, 0, 0, 0, 306648, 2140
317172, 0, 0, 0, 0, 0, 0, 306648, 2140
317172, 0, 0, 0, 0, 0, 0, 306648, 2140
317172, 0, 0, 0, 0, 0, 0, 306648, 2140
317172, 0, 0, 0, 0, 0, 0, 306648, 2140
317172, 0, 0, 0, 0, 0, 0, 306648, 2140
317172, 0, 0, 0, 0, 0, 0, 306648, 2140
317172, 0, 0, 0, 0, 0, 0, 306648, 2140
317172, 0, 0, 0, 0, 0, 0, 306648, 2140
317172, 0, 0, 0, 0, 0, 0, 306648, 2140
317172, 0, 0, 0, 0, 0, 0, 306648, 2140
317172, 0, 0, 0, 0, 0, 0, 306648, 2140
317172, 0, 0, 0, 0, 0, 0, 306648, 2140
317172, 0, 0, 0, 0, 0, 0, 306648, 2140
317172, 0, 0, 0, 0, 0, 0, 306648, 2140
317172, 0, 0, 0, 0, 0, 0, 306648, 2140
317172, 0, 0, 0, 0, 0, 0, 306648, 2140
317172, 0, 0, 0, 0, 0, 0, 306648, 2140
317172, 0, 0, 0, 0, 0, 0, 306648, 2140
317172, 0, 0, 0, 0, 0, 0, 306648, 2140
317172, 0, 0, 0, 0, 0, 0, 306648, 2140
317172, 0, 0, 0, 0, 0, 0, 306648, 2140
317172, 0, 0, 0, 0, 0, 0, 306648, 2140
317172, 0, 0, 0, 0, 0, 0, 306648, 2140
317172, 0, 0, 0, 0, 0, 0, 306648, 2140
317172, 0, 0, 0, 0, 0, 0, 306648, 2140
317172, 0, 0, 0, 0, 0, 0, 306648, 2140
317172, 0, 0, 0, 0, 0, 0, 306648, 2140
317172, 0, 0, 0, 0, 0, 0, 306648, 2140
317172, 0, 0, 0, 0, 0, 0, 306648, 2140
317172, 0, 0, 0, 0, 0, 0, 306648, 2140
317172, 0, 0, 0, 0, 0, 0, 306648, 2140
317172, 0, 0, 0, 0, 0, 0, 306648, 2140
317172, 0, 0, 0, 0, 0, 0, 306648, 2140
317172, 0, 0, 0, 0, 0, 0, 306648, 2140
317172, 0, 0, 0, 0, 0, 0, 306648, 2140
317172, 0, 0, 0, 0, 0, 0, 306648, 2140
317172, 0, 0, 0, 0, 0, 0, 306648, 2140
317172, 0, 0, 0, 0, 0, 0, 306648, 2140
317172, 0, 0, 0, 0, 0, 0, 306648, 2140
317172, 0, 0, 0, 0, 0, 0, 306648, 2140
317172, 0, 0, 0, 0, 0, 0, 306648, 2140
317172, 0, 0, 0, 0, 0, 0, 306648, 2140
317172, 0, 0, 0, 0, 0, 0, 306648, 2140
317172, 0, 0, 0, 0, 0, 0, 306648, 2140
317172, 0, 0, 0, 0, 0, 0, 306648, 2140
317172, 0, 0, 0, 0, 0, 0, 306648, 2140
317172, 0, 0, 0, 0, 0, 0, 306648, 2140
317172, 0, 0, 0, 0, 0, 0, 306648, 2140
317172, 0, 0, 0, 0, 0, 0, 306648, 2140
317172, 0, 0, 0, 0, 0, 0, 306648, 2140
317172, 0, 0, 0, 0, 0, 0, 306648, 2140
317172, 0, 0, 0, 0, 0, 0, 306648, 2140
317172, 0, 0, 0, 0, 0, 0, 306648, 2140
317172, 0, 0, 0, 0, 0, 0, 306648, 2140
317172, 0, 0, 0, 0, 0, 0, 306648, 2140
317172, 0, 0, 0, 0, 0, 0, 306648, 2140
317172, 0, 0, 0, 0, 0, 0, 306648, 2140
317172, 0, 0, 0, 0, 0, 0, 306648, 2140
317172, 0, 0, 0, 0, 0, 0, 306648, 2140
317172, 0, 0, 0, 0, 0, 0, 306648, 2140
317172, 0, 0, 0, 0, 0, 0, 306648, 2140
317172, 0, 0, 0, 0, 0, 0, 306648, 2140
317172, 0, 0, 0, 0, 0, 0, 306648, 2140
317172, 0, 0, 0, 0, 0, 0, 306648, 2140
317172, 0, 0, 0, 0, 0, 0, 306648, 2140
317172, 0, 0, 0, 0, 0, 0, 306648, 2140
317172, 0, 0, 0, 0, 0, 0, 306648, 2140
317172, 0, 0, 0, 0, 0, 0, 306648, 2140
317172, 0, 0, 0, 0, 0, 0, 306648, 2140
317172, 0, 0, 0, 0, 0, 0, 306648, 2140
317172, 0, 0, 0, 0, 0, 0, 306648, 2140
317172, 0, 0, 0, 0, 0, 0, 306648, 2140
317172, 0, 0, 0, 0, 0, 0, 306648, 2140
317172, 0, 0, 0, 0, 0, 0, 306648, 2140
317172, 0, 0, 0, 0, 0, 0, 306648, 2140
317172, 0, 0, 0, 0, 0, 0, 306648, 2140
317172, 0, 0, 0, 0, 0, 0, 306648, 2140
317172, 0, 0, 0, 0, 0, 0, 306648, 2140
317172, 0, 0, 0, 0, 0, 0, 306648, 2140
317172, 0, 0, 0, 0, 0, 0, 306648, 2140
317172, 0, 0, 0, 0, 0, 0, 306648, 2140
317172, 0, 0, 0, 0, 0, 0, 306648, 2140
317172, 0, 0, 0, 0, 0, 0, 306648, 2140
317172, 0, 0, 0, 0, 0, 0, 306648, 2140
317172, 0, 0, 0, 0, 0, 0, 306648, 2140
317172, 0, 0, 0, 0, 0, 0, 306648, 2140
317172, 0, 0, 0, 0, 0, 0, 306648, 2140
317172, 0, 0, 0, 0, 0, 0, 306648, 2140
317172, 0, 0, 0, 0, 0, 0, 306648, 2140
317172, 0, 0, 0, 0, 0, 0, 306648, 2140
317172, 0, 0, 0, 0, 0, 0, 306648, 2140
317172, 0, 0, 0, 0, 0, 0, 306648, 2140
317172, 0, 0, 0, 0, 0, 0, 306648, 2140
317172, 0, 0, 0, 0, 0, 0, 306648, 2140
317172, 0, 0, 0, 0, 0, 0, 306648, 2140
317172, 0, 0, 0, 0, 0, 0, 306648, 2140
317172, 0, 0, 0, 0, 0, 0, 306648, 2140
317172, 0, 0, 0, 0, 0, 0, 306648, 2140
317172, 0, 0, 0, 0, 0, 0, 306648, 2140
317172, 0, 0, 0, 0, 0, 0, 306648, 2140
317172, 0, 0, 0, 0, 0, 0, 306648, 2140
317172, 0, 0, 0, 0, 0, 0, 306648, 2140
317172, 0, 0, 0, 0, 0, 0, 306648, 2140
317172, 0, 0, 0, 0, 0, 0, 306648, 2140
317172, 0, 0, 0, 0, 0, 0, 306648, 2140
317172, 0, 0, 0, 0, 0, 0, 306648, 2140
317172, 0, 0, 0, 0, 0, 0, 306648, 2140
317172, 0, 0, 0, 0, 0, 0, 306648, 2140
317172, 0, 0, 0, 0, 0, 0, 306648, 2140
317172, 0, 0, 0, 0, 0, 0, 306648, 2140
317172, 0, 0, 0, 0, 0, 0, 306648, 2140
317172, 0, 0, 0, 0, 0, 0, 306648, 2140
317172, 0, 0, 0, 0, 0, 0, 306648, 2140
317172, 0, 0, 0, 0, 0, 0, 306648, 2140
317172, 0, 0, 0, 0, 0, 0, 306648, 2140
317172, 0, 0, 0, 0, 0, 0, 306648, 2140
317172, 0, 0, 0, 0, 0, 0, 306648, 2140
317172, 0, 0, 0, 0, 0, 0, 306648, 2140
317172, 0, 0, 0, 0, 0, 0, 306648, 2140
317172, 0, 0, 0, 0, 0, 0, 306648, 2140
317172, 0, 0, 0, 0, 0, 0, 306648, 2140
317172, 0, 0, 0, 0, 0, 0, 306648, 2140
317172, 0, 0, 0, 0, 0, 0, 306648, 2140
317172, 0, 0, 0, 0, 0, 0, 306648, 2140
317172, 0, 0, 0, 0, 0, 0, 306648, 2140
317172, 0, 0, 0, 0, 0, 0, 306648, 2140
317172, 0, 0, 0, 0, 0, 0, 306648, 2140
317172, 0, 0, 0, 0, 0, 0, 306648, 2140
317172, 0, 0, 0, 0, 0, 0, 306648, 2140
317172, 0, 0, 0, 0, 0, 0, 306648, 2140
317172, 0, 0, 0, 0, 0, 0, 306648, 2140
317172, 0, 0, 0, 0, 0, 0, 306648, 2140
317172, 0, 0, 0, 0, 0, 0, 306648, 2140
317172, 0, 0, 0, 0, 0, 0, 306648, 2140
317172, 0, 0, 0, 0, 0, 0, 306648, 2140
317172, 0, 0, 0, 0, 0, 0, 306648, 2140
317172, 0, 0, 0, 0, 0, 0, 306648, 2140
317172, 0, 0, 0, 0, 0, 0, 306648, 2140
317172, 0, 0, 0, 0, 0, 0, 306648, 2140
317172, 0, 0, 0, 0, 0, 0, 306648, 2140
317172, 0, 0, 0, 0, 0, 0, 306648, 2140
317172, 0, 0, 0, 0, 0, 0, 306648, 2140
317172, 0, 0, 0, 0, 0, 0, 306648, 2140
317172, 0, 0, 0, 0, 0, 0, 306648, 2140
317172, 0, 0, 0, 0, 0, 0, 306648, 2140
317172, 0, 0, 0, 0, 0, 0, 306648, 2140
317172, 0, 0, 0, 0, 0, 0, 306648, 2140
317172, 0, 0, 0, 0, 0, 0, 306648, 2140
317172, 0, 0, 0, 0, 0, 0, 306648, 2140
317172, 0, 0, 0, 0, 0, 0, 306648, 2140
317172, 0, 0, 0, 0, 0, 0, 306648, 2140
317172, 0, 0, 0, 0, 0, 0, 306648, 2140
317172, 0, 0, 0, 0, 0, 0, 306648, 2140
317172, 0, 0, 0, 0, 0, 0, 306648, 2140
317172, 0, 0, 0, 0, 0, 0, 306648, 2140
317172, 0, 0, 0, 0, 0, 0, 306648, 2140
317172, 0, 0, 0, 0, 0, 0, 306648, 2140
317172, 0, 0, 0, 0, 0, 0, 306648, 2140
317172, 0, 0, 0, 0, 0, 0, 306648, 2140
317172, 0, 0, 0, 0, 0, 0, 306648, 2140
317172, 0, 0, 0, 0, 0, 0, 306648, 2140
317172, 0, 0, 0, 0, 0, 0, 306648, 2140
317172, 0, 0, 0, 0, 0, 0, 306648, 2140
317172, 0, 0, 0, 0, 0, 0, 306648, 2140
317172, 0, 0, 0, 0, 0, 0, 306648, 2140
317172, 0, 0, 0, 0, 0, 0, 306648, 2140
317172, 0, 0, 0, 0, 0, 0, 306648, 2140
317172, 0, 0, 0, 0, 0, 0, 306648, 2140
317172, 0, 0, 0, 0, 0, 0, 306648, 2140
317172, 0, 0, 0, 0, 0, 0, 306648, 2140
317172, 0, 0, 0, 0, 0, 0, 306648, 2140
317172, 0, 0, 0, 0, 0, 0, 306648, 2140
317172, 0, 0, 0, 0, 0, 0, 306648, 2140
317172, 0, 0, 0, 0, 0, 0, 306648, 2140
317172, 0, 0, 0, 0, 0, 0, 306648, 2140
317172, 0, 0, 0, 0, 0, 0, 306648, 2140
317172, 0, 0, 0, 0, 0, 0, 306648, 2140
317172, 0, 0, 0, 0, 0, 0, 306648, 2140
317172, 0, 0, 0, 0, 0, 0, 306648, 2140
317172, 0, 0, 0, 0, 0, 0, 306648, 2140
317172, 0, 0, 0, 0, 0, 0, 306648, 2140
317172, 0, 0, 0, 0, 0, 0, 306648, 2140
317172, 0, 0, 0, 0, 0, 0, 306648, 2140
317172, 0, 0, 0, 0, 0, 0, 306648, 2140
317172, 0, 0, 0, 0, 0, 0, 306648, 2140
317172, 0, 0, 0, 0, 0, 0, 306648, 2140
317172, 0, 0, 0, 0, 0, 0, 306648, 2140
317172, 0, 0, 0, 0, 0, 0, 306648, 2140
317172, 0, 0, 0, 0, 0, 0, 306648, 2140
317172, 0, 0, 0, 0, 0, 0, 306648, 2140
317172, 0, 0, 0, 0, 0, 0, 306648, 2140
317172, 0, 0, 0, 0, 0, 0, 306648, 2140
317172, 0, 0, 0, 0, 0, 0, 306648, 2140
317172, 0, 0, 0, 0, 0, 0, 306648, 2140
317172, 0, 0, 0, 0, 0, 0, 306648, 2140
317172, 0, 0, 0, 0, 0, 0, 306648, 2140
317172, 0, 0, 0, 0, 0, 0, 306648, 2140
317172, 0, 0, 0, 0, 0, 0, 306648, 2140
317172, 0, 0, 0, 0, 0, 0, 306648, 2140
317172, 0, 0, 0, 0, 0, 0, 306648, 2140
317172, 0, 0, 0, 0, 0, 0, 306648, 2140
317172, 0, 0, 0, 0, 0, 0, 306648, 2140
317172, 0, 0, 0, 0, 0, 0, 306648, 2140
317172, 0, 0, 0, 0, 0, 0, 306648, 2140
317172, 0, 0, 0, 0, 0, 0, 306648, 2140
317172, 0, 0, 0, 0, 0, 0, 306648, 2140
317172, 0, 0, 0, 0, 0, 0, 306648, 2140
317172, 0, 0, 0, 0, 0, 0, 306648, 2140
317172, 0, 0, 0, 0, 0, 0, 306648, 2140
317172, 0, 0, 0, 0, 0, 0, 306648, 2140
317172, 0, 0, 0, 0, 0, 0, 306648, 2140
317172, 0, 0, 0, 0, 0, 0, 306648, 2140
317172, 0, 0, 0, 0, 0, 0, 306648, 2140
317172, 0, 0, 0, 0, 0, 0, 306648, 2140
317172, 0, 0, 0, 0, 0, 0, 306648, 2140
317172, 0, 0, 0, 0, 0, 0, 306648, 2140
317172, 0, 0, 0, 0, 0, 0, 306648, 2140
317172, 0, 0, 0, 0, 0, 0, 306648, 2140
317172, 0, 0, 0, 0, 0, 0, 306648, 2140
317172, 0, 0, 0, 0, 0, 0, 306648, 2140
317172, 0, 0, 0, 0, 0, 0, 306648, 2140
317172, 0, 0, 0, 0, 0, 0, 306648, 2140
317172, 0, 0, 0, 0, 0, 0, 306648, 2140
317172, 0, 0, 0, 0, 0, 0, 306648, 2140
317172, 0, 0, 0, 0, 0, 0, 306648, 2140
317172, 0, 0, 0, 0, 0, 0, 306648, 2140
317172, 0, 0, 0, 0, 0, 0, 306648, 2140
317172, 0, 0, 0, 0, 0, 0, 306648, 2140
317172, 0, 0, 0, 0, 0, 0, 306648, 2140
317172, 0, 0, 0, 0, 0, 0, 306648, 2140
317172, 0, 0, 0, 0, 0, 0, 306648, 2140
317172, 0, 0, 0, 0, 0, 0, 306648, 2140
317172, 0, 0, 0, 0, 0, 0, 306648, 2140
317172, 0, 0, 0, 0, 0, 0, 306648, 2140
317172, 0, 0, 0, 0, 0, 0, 306648, 2140
317172, 0, 0, 0, 0, 0, 0, 306648, 2140
317172, 0, 0, 0, 0, 0, 0, 306648, 2140
317172, 0, 0, 0, 0, 0, 0, 306648, 2140
317172, 0, 0, 0, 0, 0, 0, 306648, 2140
317172, 0, 0, 0, 0, 0, 0, 306648, 2140
317172, 0, 0, 0, 0, 0, 0, 306648, 2140
317172, 0, 0, 0, 0, 0, 0, 306648, 2140
317172, 0, 0, 0, 0, 0, 0, 306648, 2140
317172, 0, 0, 0, 0, 0, 0, 306648, 2140
317172, 0, 0, 0, 0, 0, 0, 306648, 2140
317172, 0, 0, 0, 0, 0, 0, 306648, 2140
317172, 0, 0, 0, 0, 0, 0, 306648, 2140
317172, 0, 0, 0, 0, 0, 0, 306648, 2140
317172, 0, 0, 0, 0, 0, 0, 306648, 2140
317172, 0, 0, 0, 0, 0, 0, 306648, 2140
317172, 0, 0, 0, 0, 0, 0, 306648, 2140
317172, 0, 0, 0, 0, 0, 0, 306648, 2140
317172, 0, 0, 0, 0, 0, 0, 306648, 2140
317172, 0, 0, 0, 0, 0, 0, 306648, 2140
317172, 0, 0, 0, 0, 0, 0, 306648, 2140
317172, 0, 0, 0, 0, 0, 0, 306648, 2140
317172, 0, 0, 0, 0, 0, 0, 306648, 2140
317172, 0, 0, 0, 0, 0, 0, 306648, 2140
317172, 0, 0, 0, 0, 0, 0, 306648, 2140
317172, 0, 0, 0, 0, 0, 0, 306648, 2140
317172, 0, 0, 0, 0, 0, 0, 306648, 2140
317172, 0, 0, 0, 0, 0, 0, 306648, 2140
317172, 0, 0, 0, 0, 0, 0, 306648, 2140
317172, 0, 0, 0, 0, 0, 0, 306648, 2140
317172, 0, 0, 0, 0, 0, 0, 306648, 2140
317172, 0, 0, 0, 0, 0, 0, 306648, 2140
317172, 0, 0, 0, 0, 0, 0, 306648, 2140
317172, 0, 0, 0, 0, 0, 0, 306648, 2140
317172, 0, 0, 0, 0, 0, 0, 306648, 2140
317172, 0, 0, 0, 0, 0, 0, 306648, 2140
317172, 0, 0, 0, 0, 0, 0, 306648, 2140
317172, 0, 0, 0, 0, 0, 0, 306648, 2140
317172, 0, 0, 0, 0, 0, 0, 306648, 2140
317172, 0, 0, 0, 0, 0, 0, 306648, 2140
317172, 0, 0, 0, 0, 0, 0, 306648, 2140
317172, 0, 0, 0, 0, 0, 0, 306648, 2140
317172, 0, 0, 0, 0, 0, 0, 306648, 2140
317172, 0, 0, 0, 0, 0, 0, 306648, 2140
317172, 0, 0, 0, 0, 0, 0, 306648, 2140
317172, 0, 0, 0, 0, 0, 0, 306648, 2140
317172, 0, 0, 0, 0, 0, 0, 306648, 2140
317172, 0, 0, 0, 0, 0, 0, 306648, 2140
317172, 0, 0, 0, 0, 0, 0, 306648, 2140
317172, 0, 0, 0, 0, 0, 0, 306648, 2140
317172, 0, 0, 0, 0, 0, 0, 306648, 2140
317172, 0, 0, 0, 0, 0, 0, 306648, 2140
317172, 0, 0, 0, 0, 0, 0, 306648, 2140
317172, 0, 0, 0, 0, 0, 0, 306648, 2140
317172, 0, 0, 0, 0, 0, 0, 306648, 2140
317172, 0, 0, 0, 0, 0, 0, 306648, 2140
317172, 0, 0, 0, 0, 0, 0, 306648, 2140
317172, 0, 0, 0, 0, 0, 0, 306648, 2140
317172, 0, 0, 0, 0, 0, 0, 306648, 2140
317172, 0, 0, 0, 0, 0, 0, 306648, 2140
317172, 0, 0, 0, 0, 0, 0, 306648, 2140
317172, 0, 0, 0, 0, 0, 0, 306648, 2140
317172, 0, 0, 0, 0, 0, 0, 306648, 2140
317172, 0, 0, 0, 0, 0, 0, 306648, 2140
317172, 0, 0, 0, 0, 0, 0, 306648, 2140
317172, 0, 0, 0, 0, 0, 0, 306648, 2140
317172, 0, 0, 0, 0, 0, 0, 306648, 2140
317172, 0, 0, 0, 0, 0, 0, 306648, 2140
317172, 0, 0, 0, 0, 0, 0, 306648, 2140
317172, 0, 0, 0, 0, 0, 0, 306648, 2140
317172, 0, 0, 0, 0, 0, 0, 306648, 2140
317172, 0, 0, 0, 0, 0, 0, 306648, 2140
317172, 0, 0, 0, 0, 0, 0, 306648, 2140
317172, 0, 0, 0, 0, 0, 0, 306648, 2140
317172, 0, 0, 0, 0, 0, 0, 306648, 2140
317172, 0, 0, 0, 0, 0, 0, 306648, 2140
317172, 0, 0, 0, 0, 0, 0, 306648, 2140
317172, 0, 0, 0, 0, 0, 0, 306648, 2140
317172, 0, 0, 0, 0, 0, 0, 306648, 2140
317172, 0, 0, 0, 0, 0, 0, 306648, 2140
317172, 0, 0, 0, 0, 0, 0, 306648, 2140
317172, 0, 0, 0, 0, 0, 0, 306648, 2140
317172, 0, 0, 0, 0, 0, 0, 306648, 2140
317172, 0, 0, 0, 0, 0, 0, 306648, 2140
317172, 0, 0, 0, 0, 0, 0, 306648, 2140
317172, 0, 0, 0, 0, 0, 0, 306648, 2140
317172, 0, 0, 0, 0, 0, 0, 306648, 2140
317172, 0, 0, 0, 0, 0, 0, 306648, 2140
317172, 0, 0, 0, 0, 0, 0, 306648, 2140
317172, 0, 0, 0, 0, 0, 0, 306648, 2140
317172, 0, 0, 0, 0, 0, 0, 306648, 2140
317172, 0, 0, 0, 0, 0, 0, 306648, 2140
317172, 0, 0, 0, 0, 0, 0, 306648, 2140
317172, 0, 0, 0, 0, 0, 0, 306648, 2140
317172, 0, 0, 0, 0, 0, 0, 306648, 2140
317172, 0, 0, 0, 0, 0, 0, 306648, 2140
317172, 0, 0, 0, 0, 0, 0, 306648, 2140
317172, 0, 0, 0, 0, 0, 0, 306648, 2140
317172, 0, 0, 0, 0, 0, 0, 306648, 2140
317172, 0, 0, 0, 0, 0, 0, 306648, 2140
317172, 0, 0, 0, 0, 0, 0, 306648, 2140
317172, 0, 0, 0, 0, 0, 0, 306648, 2140
317172, 0, 0, 0, 0, 0, 0, 306648, 2140
317172, 0, 0, 0, 0, 0, 0, 306648, 2140
317172, 0, 0, 0, 0, 0, 0, 306648, 2140
317172, 0, 0, 0, 0, 0, 0, 306648, 2140
317172, 0, 0, 0, 0, 0, 0, 306648, 2140
317172, 0, 0, 0, 0, 0, 0, 306648, 2140
317172, 0, 0, 0, 0, 0, 0, 306648, 2140
317172, 0, 0, 0, 0, 0, 0, 306648, 2140
317172, 0, 0, 0, 0, 0, 0, 306648, 2140
317172, 0, 0, 0, 0, 0, 0, 306648, 2140
317172, 0, 0, 0, 0, 0, 0, 306648, 2140
317172, 0, 0, 0, 0, 0, 0, 306648, 2140
317172, 0, 0, 0, 0, 0, 0, 306648, 2140
317172, 0, 0, 0, 0, 0, 0, 306648, 2140
317172, 0, 0, 0, 0, 0, 0, 306648, 2140
317172, 0, 0, 0, 0, 0, 0, 306648, 2140
317172, 0, 0, 0, 0, 0, 0, 306648, 2140
317172, 0, 0, 0, 0, 0, 0, 306648, 2140
317172, 0, 0, 0, 0, 0, 0, 306648, 2140
317172, 0, 0, 0, 0, 0, 0, 306648, 2140
317172, 0, 0, 0, 0, 0, 0, 306648, 2140
317172, 0, 0, 0, 0, 0, 0, 306648, 2140
317172, 0, 0, 0, 0, 0, 0, 306648, 2140
317172, 0, 0, 0, 0, 0, 0, 306648, 2140
317172, 0, 0, 0, 0, 0, 0, 306648, 2140
317172, 0, 0, 0, 0, 0, 0, 306648, 2140
317172, 0, 0, 0, 0, 0, 0, 306648, 2140
317172, 0, 0, 0, 0, 0, 0, 306648, 2140
317172, 0, 0, 0, 0, 0, 0, 306648, 2140
317172, 0, 0, 0, 0, 0, 0, 306648, 2140
317172, 0, 0, 0, 0, 0, 0, 306648, 2140
317172, 0, 0, 0, 0, 0, 0, 306648, 2140
317172, 0, 0, 0, 0, 0, 0, 306648, 2140
317172, 0, 0, 0, 0, 0, 0, 306648, 2140
317172, 0, 0, 0, 0, 0, 0, 306648, 2140
317172, 0, 0, 0, 0, 0, 0, 306648, 2140
317172, 0, 0, 0, 0, 0, 0, 306648, 2140
317172, 0, 0, 0, 0, 0, 0, 306648, 2140
317172, 0, 0, 0, 0, 0, 0, 306648, 2140
317172, 0, 0, 0, 0, 0, 0, 306648, 2140
317172, 0, 0, 0, 0, 0, 0, 306648, 2140
317172, 0, 0, 0, 0, 0, 0, 306648, 2140
317172, 0, 0, 0, 0, 0, 0, 306648, 2140
317172, 0, 0, 0, 0, 0, 0, 306648, 2140
317172, 0, 0, 0, 0, 0, 0, 306648, 2140
317172, 0, 0, 0, 0, 0, 0, 306648, 2140
317172, 0, 0, 0, 0, 0, 0, 306648, 2140
317172, 0, 0, 0, 0, 0, 0, 306648, 2140
317172, 0, 0, 0, 0, 0, 0, 306648, 2140
317172, 0, 0, 0, 0, 0, 0, 306648, 2140
317172, 0, 0, 0, 0, 0, 0, 306648, 2140
317172, 0, 0, 0, 0, 0, 0, 306648, 2140
317172, 0, 0, 0, 0, 0, 0, 306648, 2140
317172, 0, 0, 0, 0, 0, 0, 306648, 2140
317172, 0, 0, 0, 0, 0, 0, 306648, 2140
317172, 0, 0, 0, 0, 0, 0, 306648, 2140
317172, 0, 0, 0, 0, 0, 0, 306648, 2140
317172, 0, 0, 0, 0, 0, 0, 306648, 2140
317172, 0, 0, 0, 0, 0, 0, 306648, 2140
317172, 0, 0, 0, 0, 0, 0, 306648, 2140
317172, 0, 0, 0, 0, 0, 0, 306648, 2140
317172, 0, 0, 0, 0, 0, 0, 306648, 2140
317172, 0, 0, 0, 0, 0, 0, 306648, 2140
317172, 0, 0, 0, 0, 0, 0, 306648, 2140
317172, 0, 0, 0, 0, 0, 0, 306648, 2140
317172, 0, 0, 0, 0, 0, 0, 306648, 2140
317172, 0, 0, 0, 0, 0, 0, 306648, 2140
317172, 0, 0, 0, 0, 0, 0, 306648, 2140
317172, 0, 0, 0, 0, 0, 0, 306648, 2140
317172, 0, 0, 0, 0, 0, 0, 306648, 2140
317172, 0, 0, 0, 0, 0, 0, 306648, 2140
317172, 0, 0, 0, 0, 0, 0, 306648, 2140
317172, 0, 0, 0, 0, 0, 0, 306648, 2140
317172, 0, 0, 0, 0, 0, 0, 306648, 2140
317172, 0, 0, 0, 0, 0, 0, 306648, 2140
317172, 0, 0, 0, 0, 0, 0, 306648, 2140
317172, 0, 0, 0, 0, 0, 0, 306648, 2140
317172, 0, 0, 0, 0, 0, 0, 306648, 2140
317172, 0, 0, 0, 0, 0, 0, 306648, 2140
317172, 0, 0, 0, 0, 0, 0, 306648, 2140
317172, 0, 0, 0, 0, 0, 0, 306648, 2140
317172, 0, 0, 0, 0, 0, 0, 306648, 2140
317172, 0, 0, 0, 0, 0, 0, 306648, 2140
317172, 0, 0, 0, 0, 0, 0, 306648, 2140
317172, 0, 0, 0, 0, 0, 0, 306648, 2140
317172, 0, 0, 0, 0, 0, 0, 306648, 2140
317172, 0, 0, 0, 0, 0, 0, 306648, 2140
317172, 0, 0, 0, 0, 0, 0, 306648, 2140
317172, 0, 0, 0, 0, 0, 0, 306648, 2140
317172, 0, 0, 0, 0, 0, 0, 306648, 2140
317172, 0, 0, 0, 0, 0, 0, 306648, 2140
317172, 0, 0, 0, 0, 0, 0, 306648, 2140
317172, 0, 0, 0, 0, 0, 0, 306648, 2140
317172, 0, 0, 0, 0, 0, 0, 306648, 2140
317172, 0, 0, 0, 0, 0, 0, 306648, 2140
317172, 0, 0, 0, 0, 0, 0, 306648, 2140
317172, 0, 0, 0, 0, 0, 0, 306648, 2140
317172, 0, 0, 0, 0, 0, 0, 306648, 2140
317172, 0, 0, 0, 0, 0, 0, 306648, 2140
317172, 0, 0, 0, 0, 0, 0, 306648, 2140
317172, 0, 0, 0, 0, 0, 0, 306648, 2140
317172, 0, 0, 0, 0, 0, 0, 306648, 2140
317172, 0, 0, 0, 0, 0, 0, 306648, 2140
317172, 0, 0, 0, 0, 0, 0, 306648, 2140
317172, 0, 0, 0, 0, 0, 0, 306648, 2140
317172, 0, 0, 0, 0, 0, 0, 306648, 2140
317172, 0, 0, 0, 0, 0, 0, 306648, 2140
317172, 0, 0, 0, 0, 0, 0, 306648, 2140
317172, 0, 0, 0, 0, 0, 0, 306648, 2140
317172, 0, 0, 0, 0, 0, 0, 306648, 2140
317172, 0, 0, 0, 0, 0, 0, 306648, 2140
317172, 0, 0, 0, 0, 0, 0, 306648, 2140
317172, 0, 0, 0, 0, 0, 0, 306648, 2140
317172, 0, 0, 0, 0, 0, 0, 306648, 2140
317172, 0, 0, 0, 0, 0, 0, 306648, 2140
317172, 0, 0, 0, 0, 0, 0, 306648, 2140
317172, 0, 0, 0, 0, 0, 0, 306648, 2140
317172, 0, 0, 0, 0, 0, 0, 306648, 2140
317172, 0, 0, 0, 0, 0, 0, 306648, 2140
317172, 0, 0, 0, 0, 0, 0, 306648, 2140
317172, 0, 0, 0, 0, 0, 0, 306648, 2140
317172, 0, 0, 0, 0, 0, 0, 306648, 2140
317172, 0, 0, 0, 0, 0, 0, 306648, 2140
317172, 0, 0, 0, 0, 0, 0, 306648, 2140
317172, 0, 0, 0, 0, 0, 0, 306648, 2140
317172, 0, 0, 0, 0, 0, 0, 306648, 2140
317172, 0, 0, 0, 0, 0, 0, 306648, 2140
317172, 0, 0, 0, 0, 0, 0, 306648, 2140
317172, 0, 0, 0, 0, 0, 0, 306648, 2140
317172, 0, 0, 0, 0, 0, 0, 306648, 2140
317172, 0, 0, 0, 0, 0, 0, 306648, 2140
317172, 0, 0, 0, 0, 0, 0, 306648, 2140
317172, 0, 0, 0, 0, 0, 0, 306648, 2140
317172, 0, 0, 0, 0, 0, 0, 306648, 2140
317172, 0, 0, 0, 0, 0, 0, 306648, 2140
317172, 0, 0, 0, 0, 0, 0, 306648, 2140
317172, 0, 0, 0, 0, 0, 0, 306648, 2140
317172, 0, 0, 0, 0, 0, 0, 306648, 2140
317172, 0, 0, 0, 0, 0, 0, 306648, 2140
317172, 0, 0, 0, 0, 0, 0, 306648, 2140
317172, 0, 0, 0, 0, 0, 0, 306648, 2140
317172, 0, 0, 0, 0, 0, 0, 306648, 2140
317172, 0, 0, 0, 0, 0, 0, 306648, 2140
317172, 0, 0, 0, 0, 0, 0, 306648, 2140
317172, 0, 0, 0, 0, 0, 0, 306648, 2140
317172, 0, 0, 0, 0, 0, 0, 306648, 2140
317172, 0, 0, 0, 0, 0, 0, 306648, 2140
317172, 0, 0, 0, 0, 0, 0, 306648, 2140
317172, 0, 0, 0, 0, 0, 0, 306648, 2140
317172, 0, 0, 0, 0, 0, 0, 306648, 2140
317172, 0, 0, 0, 0, 0, 0, 306648, 2140
317172, 0, 0, 0, 0, 0, 0, 306648, 2140
317172, 0, 0, 0, 0, 0, 0, 306648, 2140
317172, 0, 0, 0, 0, 0, 0, 306648, 2140
317172, 0, 0, 0, 0, 0, 0, 306648, 2140
317172, 0, 0, 0, 0, 0, 0, 306648, 2140
317172, 0, 0, 0, 0, 0, 0, 306648, 2140
317172, 0, 0, 0, 0, 0, 0, 306648, 2140
317172, 0, 0, 0, 0, 0, 0, 306648, 2140
317172, 0, 0, 0, 0, 0, 0, 306648, 2140
317172, 0, 0, 0, 0, 0, 0, 306648, 2140
317172, 0, 0, 0, 0, 0, 0, 306648, 2140
317172, 0, 0, 0, 0, 0, 0, 306648, 2140
317172, 0, 0, 0, 0, 0, 0, 306648, 2140
317172, 0, 0, 0, 0, 0, 0, 306648, 2140
317172, 0, 0, 0, 0, 0, 0, 306648, 2140
317172, 0, 0, 0, 0, 0, 0, 306648, 2140
317172, 0, 0, 0, 0, 0, 0, 306648, 2140
317172, 0, 0, 0, 0, 0, 0, 306648, 2140
317172, 0, 0, 0, 0, 0, 0, 306648, 2140
317172, 0, 0, 0, 0, 0, 0, 306648, 2140
317172, 0, 0, 0, 0, 0, 0, 306648, 2140
317172, 0, 0, 0, 0, 0, 0, 306648, 2140
317172, 0, 0, 0, 0, 0, 0, 306648, 2140
317172, 0, 0, 0, 0, 0, 0, 306648, 2140
317172, 0, 0, 0, 0, 0, 0, 306648, 2140
317172, 0, 0, 0, 0, 0, 0, 306648, 2140
317172, 0, 0, 0, 0, 0, 0, 306648, 2140
317172, 0, 0, 0, 0, 0, 0, 306648, 2140
317172, 0, 0, 0, 0, 0, 0, 306648, 2140
317172, 0, 0, 0, 0, 0, 0, 306648, 2140
317172, 0, 0, 0, 0, 0, 0, 306648, 2140
317172, 0, 0, 0, 0, 0, 0, 306648, 2140
317172, 0, 0, 0, 0, 0, 0, 306648, 2140
317172, 0, 0, 0, 0, 0, 0, 306648, 2140
317172, 0, 0, 0, 0, 0, 0, 306648, 2140
317172, 0, 0, 0, 0, 0, 0, 306648, 2140
317172, 0, 0, 0, 0, 0, 0, 306648, 2140
317172, 0, 0, 0, 0, 0, 0, 306648, 2140
317172, 0, 0, 0, 0, 0, 0, 306648, 2140
317172, 0, 0, 0, 0, 0, 0, 306648, 2140
317172, 0, 0, 0, 0, 0, 0, 306648, 2140
317172, 0, 0, 0, 0, 0, 0, 306648, 2140
317172, 0, 0, 0, 0, 0, 0, 306648, 2140
317172, 0, 0, 0, 0, 0, 0, 306648, 2140
317172, 0, 0, 0, 0, 0, 0, 306648, 2140
317172, 0, 0, 0, 0, 0, 0, 306648, 2140
317172, 0, 0, 0, 0, 0, 0, 306648, 2140
317172, 0, 0, 0, 0, 0, 0, 306648, 2140
317172, 0, 0, 0, 0, 0, 0, 306648, 2140
317172, 0, 0, 0, 0, 0, 0, 306648, 2140
317172, 0, 0, 0, 0, 0, 0, 306648, 2140
317172, 0, 0, 0, 0, 0, 0, 306648, 2140
317172, 0, 0, 0, 0, 0, 0, 306648, 2140
317172, 0, 0, 0, 0, 0, 0, 306648, 2140
317172, 0, 0, 0, 0, 0, 0, 306648, 2140
317172, 0, 0, 0, 0, 0, 0, 306648, 2140
317172, 0, 0, 0, 0, 0, 0, 306648, 2140
317172, 0, 0, 0, 0, 0, 0, 306648, 2140
317172, 0, 0, 0, 0, 0, 0, 306648, 2140
317172, 0, 0, 0, 0, 0, 0, 306648, 2140
317172, 0, 0, 0, 0, 0, 0, 306648, 2140
317172, 0, 0, 0, 0, 0, 0, 306648, 2140
317172, 0, 0, 0, 0, 0, 0, 306648, 2140
317172, 0, 0, 0, 0, 0, 0, 306648, 2140
317172, 0, 0, 0, 0, 0, 0, 306648, 2140
317172, 0, 0, 0, 0, 0, 0, 306648, 2140
317172, 0, 0, 0, 0, 0, 0, 306648, 2140
317172, 0, 0, 0, 0, 0, 0, 306648, 2140
317172, 0, 0, 0, 0, 0, 0, 306648, 2140
317172, 0, 0, 0, 0, 0, 0, 306648, 2140
317172, 0, 0, 0, 0, 0, 0, 306648, 2140
317172, 0, 0, 0, 0, 0, 0, 306648, 2140
317172, 0, 0, 0, 0, 0, 0, 306648, 2140
317172, 0, 0, 0, 0, 0, 0, 306648, 2140
317172, 0, 0, 0, 0, 0, 0, 306648, 2140
317172, 0, 0, 0, 0, 0, 0, 306648, 2140
317172, 0, 0, 0, 0, 0, 0, 306648, 2140
317172, 0, 0, 0, 0, 0, 0, 306648, 2140
317172, 0, 0, 0, 0, 0, 0, 306648, 2140
317172, 0, 0, 0, 0, 0, 0, 306648, 2140
317172, 0, 0, 0, 0, 0, 0, 306648, 2140
317172, 0, 0, 0, 0, 0, 0, 306648, 2140
317172, 0, 0, 0, 0, 0, 0, 306648, 2140
317172, 0, 0, 0, 0, 0, 0, 306648, 2140
317172, 0, 0, 0, 0, 0, 0, 306648, 2140
317172, 0, 0, 0, 0, 0, 0, 306648, 2140
317172, 0, 0, 0, 0, 0, 0, 306648, 2140
317172, 0, 0, 0, 0, 0, 0, 306648, 2140
317172, 0, 0, 0, 0, 0, 0, 306648, 2140
317172, 0, 0, 0, 0, 0, 0, 306648, 2140
317172, 0, 0, 0, 0, 0, 0, 306648, 2140
317172, 0, 0, 0, 0, 0, 0, 306648, 2140
317172, 0, 0, 0, 0, 0, 0, 306648, 2140
317172, 0, 0, 0, 0, 0, 0, 306648, 2140
317172, 0, 0, 0, 0, 0, 0, 306648, 2140
317172, 0, 0, 0, 0, 0, 0, 306648, 2140
317172, 0, 0, 0, 0, 0, 0, 306648, 2140
317172, 0, 0, 0, 0, 0, 0, 306648, 2140
317172, 0, 0, 0, 0, 0, 0, 306648, 2140
317172, 0, 0, 0, 0, 0, 0, 306648, 2140
317172, 0, 0, 0, 0, 0, 0, 306648, 2140
317172, 0, 0, 0, 0, 0, 0, 306648, 2140
317172, 0, 0, 0, 0, 0, 0, 306648, 2140
317172, 0, 0, 0, 0, 0, 0, 306648, 2140
317172, 0, 0, 0, 0, 0, 0, 306648, 2140
317172, 0, 0, 0, 0, 0, 0, 306648, 2140
317172, 0, 0, 0, 0, 0, 0, 306648, 2140
317172, 0, 0, 0, 0, 0, 0, 306648, 2140
317172, 0, 0, 0, 0, 0, 0, 306648, 2140
317172, 0, 0, 0, 0, 0, 0, 306648, 2140
317172, 0, 0, 0, 0, 0, 0, 306648, 2140
317172, 0, 0, 0, 0, 0, 0, 306648, 2140
317172, 0, 0, 0, 0, 0, 0, 306648, 2140
317172, 0, 0, 0, 0, 0, 0, 306648, 2140
317172, 0, 0, 0, 0, 0, 0, 306648, 2140
317172, 0, 0, 0, 0, 0, 0, 306648, 2140
317172, 0, 0, 0, 0, 0, 0, 306648, 2140
317172, 0, 0, 0, 0, 0, 0, 306648, 2140
317172, 0, 0, 0, 0, 0, 0, 306648, 2140
317172, 0, 0, 0, 0, 0, 0, 306648, 2140
317172, 0, 0, 0, 0, 0, 0, 306648, 2140
317172, 0, 0, 0, 0, 0, 0, 306648, 2140
317172, 0, 0, 0, 0, 0, 0, 306648, 2140
317172, 0, 0, 0, 0, 0, 0, 306648, 2140
317172, 0, 0, 0, 0, 0, 0, 306648, 2140
317172, 0, 0, 0, 0, 0, 0, 306648, 2140
317172, 0, 0, 0, 0, 0, 0, 306648, 2140
317172, 0, 0, 0, 0, 0, 0, 306648, 2140
317172, 0, 0, 0, 0, 0, 0, 306648, 2140
317172, 0, 0, 0, 0, 0, 0, 306648, 2140
317172, 0, 0, 0, 0, 0, 0, 306648, 2140
317172, 0, 0, 0, 0, 0, 0, 306648, 2140
317172, 0, 0, 0, 0, 0, 0, 306648, 2140
317172, 0, 0, 0, 0, 0, 0, 306648, 2140
317172, 0, 0, 0, 0, 0, 0, 306648, 2140
317172, 0, 0, 0, 0, 0, 0, 306648, 2140
317172, 0, 0, 0, 0, 0, 0, 306648, 2140
317172, 0, 0, 0, 0, 0, 0, 306648, 2140
317172, 0, 0, 0, 0, 0, 0, 306648, 2140
317172, 0, 0, 0, 0, 0, 0, 306648, 2140
317172, 0, 0, 0, 0, 0, 0, 306648, 2140
317172, 0, 0, 0, 0, 0, 0, 306648, 2140
317172, 0, 0, 0, 0, 0, 0, 306648, 2140
317172, 0, 0, 0, 0, 0, 0, 306648, 2140
317172, 0, 0, 0, 0, 0, 0, 306648, 2140
317172, 0, 0, 0, 0, 0, 0, 306648, 2140
317172, 0, 0, 0, 0, 0, 0, 306648, 2140
317172, 0, 0, 0, 0, 0, 0, 306648, 2140
317172, 0, 0, 0, 0, 0, 0, 306648, 2140
317172, 0, 0, 0, 0, 0, 0, 306648, 2140
317172, 0, 0, 0, 0, 0, 0, 306648, 2140
317172, 0, 0, 0, 0, 0, 0, 306648, 2140
317172, 0, 0, 0, 0, 0, 0, 306648, 2140
317172, 0, 0, 0, 0, 0, 0, 306648, 2140
317172, 0, 0, 0, 0, 0, 0, 306648, 2140
317172, 0, 0, 0, 0, 0, 0, 306648, 2140
317172, 0, 0, 0, 0, 0, 0, 306648, 2140
317172, 0, 0, 0, 0, 0, 0, 306648, 2140
317172, 0, 0, 0, 0, 0, 0, 306648, 2140
317172, 0, 0, 0, 0, 0, 0, 306648, 2140
317172, 0, 0, 0, 0, 0, 0, 306648, 2140
317172, 0, 0, 0, 0, 0, 0, 306648, 2140
317172, 0, 0, 0, 0, 0, 0, 306648, 2140
317172, 0, 0, 0, 0, 0, 0, 306648, 2140
317172, 0, 0, 0, 0, 0, 0, 306648, 2140
317172, 0, 0, 0, 0, 0, 0, 306648, 2140
317172, 0, 0, 0, 0, 0, 0, 306648, 2140
317172, 0, 0, 0, 0, 0, 0, 306648, 2140
317172, 0, 0, 0, 0, 0, 0, 306648, 2140
317172, 0, 0, 0, 0, 0, 0, 306648, 2140
317172, 0, 0, 0, 0, 0, 0, 306648, 2140
317172, 0, 0, 0, 0, 0, 0, 306648, 2140
317172, 0, 0, 0, 0, 0, 0, 306648, 2140
317172, 0, 0, 0, 0, 0, 0, 306648, 2140
317172, 0, 0, 0, 0, 0, 0, 306648, 2140
317172, 0, 0, 0, 0, 0, 0, 306648, 2140
317172, 0, 0, 0, 0, 0, 0, 306648, 2140
317172, 0, 0, 0, 0, 0, 0, 306648, 2140
317172, 0, 0, 0, 0, 0, 0, 306648, 2140
317172, 0, 0, 0, 0, 0, 0, 306648, 2140
317172, 0, 0, 0, 0, 0, 0, 306648, 2140
317172, 0, 0, 0, 0, 0, 0, 306648, 2140
317172, 0, 0, 0, 0, 0, 0, 306648, 2140
317172, 0, 0, 0, 0, 0, 0, 306648, 2140
317172, 0, 0, 0, 0, 0, 0, 306648, 2140
317172, 0, 0, 0, 0, 0, 0, 306648, 2140
317172, 0, 0, 0, 0, 0, 0, 306648, 2140
317172, 0, 0, 0, 0, 0, 0, 306648, 2140
317172, 0, 0, 0, 0, 0, 0, 306648, 2140
317172, 0, 0, 0, 0, 0, 0, 306648, 2140
317172, 0, 0, 0, 0, 0, 0, 306648, 2140
317172, 0, 0, 0, 0, 0, 0, 306648, 2140
317172, 0, 0, 0, 0, 0, 0, 306648, 2140
317172, 0, 0, 0, 0, 0, 0, 306648, 2140
317172, 0, 0, 0, 0, 0, 0, 306648, 2140
317172, 0, 0, 0, 0, 0, 0, 306648, 2140
317172, 0, 0, 0, 0, 0, 0, 306648, 2140
317172, 0, 0, 0, 0, 0, 0, 306648, 2140
317172, 0, 0, 0, 0, 0, 0, 306648, 2140
317172, 0, 0, 0, 0, 0, 0, 306648, 2140
317172, 0, 0, 0, 0, 0, 0, 306648, 2140
317172, 0, 0, 0, 0, 0, 0, 306648, 2140
317172, 0, 0, 0, 0, 0, 0, 306648, 2140
317172, 0, 0, 0, 0, 0, 0, 306648, 2140
317172, 0, 0, 0, 0, 0, 0, 306648, 2140
317172, 0, 0, 0, 0, 0, 0, 306648, 2140
317172, 0, 0, 0, 0, 0, 0, 306648, 2140
317172, 0, 0, 0, 0, 0, 0, 306648, 2140
317172, 0, 0, 0, 0, 0, 0, 306648, 2140
317172, 0, 0, 0, 0, 0, 0, 306648, 2140
317172, 0, 0, 0, 0, 0, 0, 306648, 2140
317172, 0, 0, 0, 0, 0, 0, 306648, 2140
317172, 0, 0, 0, 0, 0, 0, 306648, 2140
317172, 0, 0, 0, 0, 0, 0, 306648, 2140
317172, 0, 0, 0, 0, 0, 0, 306648, 2140
317172, 0, 0, 0, 0, 0, 0, 306648, 2140
317172, 0, 0, 0, 0, 0, 0, 306648, 2140
317172, 0, 0, 0, 0, 0, 0, 306648, 2140
317172, 0, 0, 0, 0, 0, 0, 306648, 2140
317172, 0, 0, 0, 0, 0, 0, 306648, 2140
317172, 0, 0, 0, 0, 0, 0, 306648, 2140
317172, 0, 0, 0, 0, 0, 0, 306648, 2140
317172, 0, 0, 0, 0, 0, 0, 306648, 2140
317172, 0, 0, 0, 0, 0, 0, 306648, 2140
317172, 0, 0, 0, 0, 0, 0, 306648, 2140
317172, 0, 0, 0, 0, 0, 0, 306648, 2140
317172, 0, 0, 0, 0, 0, 0, 306648, 2140
317172, 0, 0, 0, 0, 0, 0, 306648, 2140
317172, 0, 0, 0, 0, 0, 0, 306648, 2140
317172, 0, 0, 0, 0, 0, 0, 306648, 2140
317172, 0, 0, 0, 0, 0, 0, 306648, 2140
317172, 0, 0, 0, 0, 0, 0, 306648, 2140
317172, 0, 0, 0, 0, 0, 0, 306648, 2140
317172, 0, 0, 0, 0, 0, 0, 306648, 2140
317172, 0, 0, 0, 0, 0, 0, 306648, 2140
317172, 0, 0, 0, 0, 0, 0, 306648, 2140
317172, 0, 0, 0, 0, 0, 0, 306648, 2140
317172, 0, 0, 0, 0, 0, 0, 306648, 2140
317172, 0, 0, 0, 0, 0, 0, 306648, 2140
317172, 0, 0, 0, 0, 0, 0, 306648, 2140
317172, 0, 0, 0, 0, 0, 0, 306648, 2140
317172, 0, 0, 0, 0, 0, 0, 306648, 2140
317172, 0, 0, 0, 0, 0, 0, 306648, 2140
317172, 0, 0, 0, 0, 0, 0, 306648, 2140
317172, 0, 0, 0, 0, 0, 0, 306648, 2140
317172, 0, 0, 0, 0, 0, 0, 306648, 2140
317172, 0, 0, 0, 0, 0, 0, 306648, 2140
317172, 0, 0, 0, 0, 0, 0, 306648, 2140
317172, 0, 0, 0, 0, 0, 0, 306648, 2140
317172, 0, 0, 0, 0, 0, 0, 306648, 2140
317172, 0, 0, 0, 0, 0, 0, 306648, 2140
317172, 0, 0, 0, 0, 0, 0, 306648, 2140
317172, 0, 0, 0, 0, 0, 0, 306648, 2140
317172, 0, 0, 0, 0, 0, 0, 306648, 2140
317172, 0, 0, 0, 0, 0, 0, 306648, 2140
317172, 0, 0, 0, 0, 0, 0, 306648, 2140
317172, 0, 0, 0, 0, 0, 0, 306648, 2140
317172, 0, 0, 0, 0, 0, 0, 306648, 2140
317172, 0, 0, 0, 0, 0, 0, 306648, 2140
317172, 0, 0, 0, 0, 0, 0, 306648, 2140
317172, 0, 0, 0, 0, 0, 0, 306648, 2140
317172, 0, 0, 0, 0, 0, 0, 306648, 2140
317172, 0, 0, 0, 0, 0, 0, 306648, 2140
317172, 0, 0, 0, 0, 0, 0, 306648, 2140
317172, 0, 0, 0, 0, 0, 0, 306648, 2140
317172, 0, 0, 0, 0, 0, 0, 306648, 2140
317172, 0, 0, 0, 0, 0, 0, 306648, 2140
317172, 0, 0, 0, 0, 0, 0, 306648, 2140
317172, 0, 0, 0, 0, 0, 0, 306648, 2140
317172, 0, 0, 0, 0, 0, 0, 306648, 2140
317172, 0, 0, 0, 0, 0, 0, 306648, 2140
317172, 0, 0, 0, 0, 0, 0, 306648, 2140
317172, 0, 0, 0, 0, 0, 0, 306648, 2140
317172, 0, 0, 0, 0, 0, 0, 306648, 2140
317172, 0, 0, 0, 0, 0, 0, 306648, 2140
317172, 0, 0, 0, 0, 0, 0, 306648, 2140
317172, 0, 0, 0, 0, 0, 0, 306648, 2140
317172, 0, 0, 0, 0, 0, 0, 306648, 2140
317172, 0, 0, 0, 0, 0, 0, 306648, 2140
317172, 0, 0, 0, 0, 0, 0, 306648, 2140
317172, 0, 0, 0, 0, 0, 0, 306648, 2140
317172, 0, 0, 0, 0, 0, 0, 306648, 2140
317172, 0, 0, 0, 0, 0, 0, 306648, 2140
317172, 0, 0, 0, 0, 0, 0, 306648, 2140
317172, 0, 0, 0, 0, 0, 0, 306648, 2140
317172, 0, 0, 0, 0, 0, 0, 306648, 2140
317172, 0, 0, 0, 0, 0, 0, 306648, 2140
317172, 0, 0, 0, 0, 0, 0, 306648, 2140
317172, 0, 0, 0, 0, 0, 0, 306648, 2140
317172, 0, 0, 0, 0, 0, 0, 306648, 2140
317172, 0, 0, 0, 0, 0, 0, 306648, 2140
317172, 0, 0, 0, 0, 0, 0, 306648, 2140
317172, 0, 0, 0, 0, 0, 0, 306648, 2140
317172, 0, 0, 0, 0, 0, 0, 306648, 2140
317172, 0, 0, 0, 0, 0, 0, 306648, 2140
317172, 0, 0, 0, 0, 0, 0, 306648, 2140
317172, 0, 0, 0, 0, 0, 0, 306648, 2140
317172, 0, 0, 0, 0, 0, 0, 306648, 2140
317172, 0, 0, 0, 0, 0, 0, 306648, 2140
317172, 0, 0, 0, 0, 0, 0, 306648, 2140
317172, 0, 0, 0, 0, 0, 0, 306648, 2140
317172, 0, 0, 0, 0, 0, 0, 306648, 2140
317172, 0, 0, 0, 0, 0, 0, 306648, 2140
317172, 0, 0, 0, 0, 0, 0, 306648, 2140
317172, 0, 0, 0, 0, 0, 0, 306648, 2140
317172, 0, 0, 0, 0, 0, 0, 306648, 2140
317172, 0, 0, 0, 0, 0, 0, 306648, 2140
317172, 0, 0, 0, 0, 0, 0, 306648, 2140
317172, 0, 0, 0, 0, 0, 0, 306648, 2140
317172, 0, 0, 0, 0, 0, 0, 306648, 2140
317172, 0, 0, 0, 0, 0, 0, 306648, 2140
317172, 0, 0, 0, 0, 0, 0, 306648, 2140
317172, 0, 0, 0, 0, 0, 0, 306648, 2140
317172, 0, 0, 0, 0, 0, 0, 306648, 2140
317172, 0, 0, 0, 0, 0, 0, 306648, 2140
317172, 0, 0, 0, 0, 0, 0, 306648, 2140
317172, 0, 0, 0, 0, 0, 0, 306648, 2140
317172, 0, 0, 0, 0, 0, 0, 306648, 2140
317172, 0, 0, 0, 0, 0, 0, 306648, 2140
317172, 0, 0, 0, 0, 0, 0, 306648, 2140
317172, 0, 0, 0, 0, 0, 0, 306648, 2140
317172, 0, 0, 0, 0, 0, 0, 306648, 2140
317172, 0, 0, 0, 0, 0, 0, 306648, 2140
317172, 0, 0, 0, 0, 0, 0, 306648, 2140
317172, 0, 0, 0, 0, 0, 0, 306648, 2140
317172, 0, 0, 0, 0, 0, 0, 306648, 2140
317172, 0, 0, 0, 0, 0, 0, 306648, 2140
317172, 0, 0, 0, 0, 0, 0, 306648, 2140
317172, 0, 0, 0, 0, 0, 0, 306648, 2140
317172, 0, 0, 0, 0, 0, 0, 306648, 2140
317172, 0, 0, 0, 0, 0, 0, 306648, 2140
317172, 0, 0, 0, 0, 0, 0, 306648, 2140
317172, 0, 0, 0, 0, 0, 0, 306648, 2140
317172, 0, 0, 0, 0, 0, 0, 306648, 2140
317172, 0, 0, 0, 0, 0, 0, 306648, 2140
317172, 0, 0, 0, 0, 0, 0, 306648, 2140
317172, 0, 0, 0, 0, 0, 0, 306648, 2140
317172, 0, 0, 0, 0, 0, 0, 306648, 2140
317172, 0, 0, 0, 0, 0, 0, 306648, 2140
317172, 0, 0, 0, 0, 0, 0, 306648, 2140
317172, 0, 0, 0, 0, 0, 0, 306648, 2140
317172, 0, 0, 0, 0, 0, 0, 306648, 2140
317172, 0, 0, 0, 0, 0, 0, 306648, 2140
317172, 0, 0, 0, 0, 0, 0, 306648, 2140
317172, 0, 0, 0, 0, 0, 0, 306648, 2140
317172, 0, 0, 0, 0, 0, 0, 306648, 2140
317172, 0, 0, 0, 0, 0, 0, 306648, 2140
317172, 0, 0, 0, 0, 0, 0, 306648, 2140
317172, 0, 0, 0, 0, 0, 0, 306648, 2140
317172, 0, 0, 0, 0, 0, 0, 306648, 2140
317172, 0, 0, 0, 0, 0, 0, 306648, 2140
317172, 0, 0, 0, 0, 0, 0, 306648, 2140
317172, 0, 0, 0, 0, 0, 0, 306648, 2140
317172, 0, 0, 0, 0, 0, 0, 306648, 2140
317172, 0, 0, 0, 0, 0, 0, 306648, 2140
317172, 0, 0, 0, 0, 0, 0, 306648, 2140
317172, 0, 0, 0, 0, 0, 0, 306648, 2140
317172, 0, 0, 0, 0, 0, 0, 306648, 2140
317172, 0, 0, 0, 0, 0, 0, 306648, 2140
317172, 0, 0, 0, 0, 0, 0, 306648, 2140
317172, 0, 0, 0, 0, 0, 0, 306648, 2140
317172, 0, 0, 0, 0, 0, 0, 306648, 2140
317172, 0, 0, 0, 0, 0, 0, 306648, 2140
317172, 0, 0, 0, 0, 0, 0, 306648, 2140
317172, 0, 0, 0, 0, 0, 0, 306648, 2140
317172, 0, 0, 0, 0, 0, 0, 306648, 2140
317172, 0, 0, 0, 0, 0, 0, 306648, 2140
317172, 0, 0, 0, 0, 0, 0, 306648, 2140
317172, 0, 0, 0, 0, 0, 0, 306648, 2140
317172, 0, 0, 0, 0, 0, 0, 306648, 2140
317172, 0, 0, 0, 0, 0, 0, 306648, 2140
317172, 0, 0, 0, 0, 0, 0, 306648, 2140
317172, 0, 0, 0, 0, 0, 0, 306648, 2140
317172, 0, 0, 0, 0, 0, 0, 306648, 2140
317172, 0, 0, 0, 0, 0, 0, 306648, 2140
317172, 0, 0, 0, 0, 0, 0, 306648, 2140
317172, 0, 0, 0, 0, 0, 0, 306648, 2140
317172, 0, 0, 0, 0, 0, 0, 306648, 2140
317172, 0, 0, 0, 0, 0, 0, 306648, 2140
317172, 0, 0, 0, 0, 0, 0, 306648, 2140
317172, 0, 0, 0, 0, 0, 0, 306648, 2140
317172, 0, 0, 0, 0, 0, 0, 306648, 2140
317172, 0, 0, 0, 0, 0, 0, 306648, 2140
317172, 0, 0, 0, 0, 0, 0, 306648, 2140
317172, 0, 0, 0, 0, 0, 0, 306648, 2140
317172, 0, 0, 0, 0, 0, 0, 306648, 2140
317172, 0, 0, 0, 0, 0, 0, 306648, 2140
317172, 0, 0, 0, 0, 0, 0, 306648, 2140
317172, 0, 0, 0, 0, 0, 0, 306648, 2140
317172, 0, 0, 0, 0, 0, 0, 306648, 2140
317172, 0, 0, 0, 0, 0, 0, 306648, 2140
317172, 0, 0, 0, 0, 0, 0, 306648, 2140
317172, 0, 0, 0, 0, 0, 0, 306648, 2140
317172, 0, 0, 0, 0, 0, 0, 306648, 2140
317172, 0, 0, 0, 0, 0, 0, 306648, 2140
317172, 0, 0, 0, 0, 0, 0, 306648, 2140
317172, 0, 0, 0, 0, 0, 0, 306648, 2140
317172, 0, 0, 0, 0, 0, 0, 306648, 2140
317172, 0, 0, 0, 0, 0, 0, 306648, 2140
317172, 0, 0, 0, 0, 0, 0, 306648, 2140
317172, 0, 0, 0, 0, 0, 0, 306648, 2140
317172, 0, 0, 0, 0, 0, 0, 306648, 2140
317172, 0, 0, 0, 0, 0, 0, 306648, 2140
317172, 0, 0, 0, 0, 0, 0, 306648, 2140
317172, 0, 0, 0, 0, 0, 0, 306648, 2140
317172, 0, 0, 0, 0, 0, 0, 306648, 2140
317172, 0, 0, 0, 0, 0, 0, 306648, 2140
317172, 0, 0, 0, 0, 0, 0, 306648, 2140
317172, 0, 0, 0, 0, 0, 0, 306648, 2140
317172, 0, 0, 0, 0, 0, 0, 306648, 2140
317172, 0, 0, 0, 0, 0, 0, 306648, 2140
317172, 0, 0, 0, 0, 0, 0, 306648, 2140
317172, 0, 0, 0, 0, 0, 0, 306648, 2140
317172, 0, 0, 0, 0, 0, 0, 306648, 2140
317172, 0, 0, 0, 0, 0, 0, 306648, 2140
317172, 0, 0, 0, 0, 0, 0, 306648, 2140
317172, 0, 0, 0, 0, 0, 0, 306648, 2140
317172, 0, 0, 0, 0, 0, 0, 306648, 2140
317172, 0, 0, 0, 0, 0, 0, 306648, 2140
317172, 0, 0, 0, 0, 0, 0, 306648, 2140
317172, 0, 0, 0, 0, 0, 0, 306648, 2140
317172, 0, 0, 0, 0, 0, 0, 306648, 2140
317172, 0, 0, 0, 0, 0, 0, 306648, 2140
317172, 0, 0, 0, 0, 0, 0, 306648, 2140
317172, 0, 0, 0, 0, 0, 0, 306648, 2140
317172, 0, 0, 0, 0, 0, 0, 306648, 2140
317172, 0, 0, 0, 0, 0, 0, 306648, 2140
317172, 0, 0, 0, 0, 0, 0, 306648, 2140
317172, 0, 0, 0, 0, 0, 0, 306648, 2140
317172, 0, 0, 0, 0, 0, 0, 306648, 2140
317172, 0, 0, 0, 0, 0, 0, 306648, 2140
317172, 0, 0, 0, 0, 0, 0, 306648, 2140
317172, 0, 0, 0, 0, 0, 0, 306648, 2140
317172, 0, 0, 0, 0, 0, 0, 306648, 2140
317172, 0, 0, 0, 0, 0, 0, 306648, 2140
317172, 0, 0, 0, 0, 0, 0, 306648, 2140
317172, 0, 0, 0, 0, 0, 0, 306648, 2140
317172, 0, 0, 0, 0, 0, 0, 306648, 2140
317172, 0, 0, 0, 0, 0, 0, 306648, 2140
317172, 0, 0, 0, 0, 0, 0, 306648, 2140
317172, 0, 0, 0, 0, 0, 0, 306648, 2140
317172, 0, 0, 0, 0, 0, 0, 306648, 2140
317172, 0, 0, 0, 0, 0, 0, 306648, 2140
317172, 0, 0, 0, 0, 0, 0, 306648, 2140
317172, 0, 0, 0, 0, 0, 0, 306648, 2140
317172, 0, 0, 0, 0, 0, 0, 306648, 2140
317172, 0, 0, 0, 0, 0, 0, 306648, 2140
317172, 0, 0, 0, 0, 0, 0, 306648, 2140
317172, 0, 0, 0, 0, 0, 0, 306648, 2140
317172, 0, 0, 0, 0, 0, 0, 306648, 2140
317172, 0, 0, 0, 0, 0, 0, 306648, 2140
317172, 0, 0, 0, 0, 0, 0, 306648, 2140
317172, 0, 0, 0, 0, 0, 0, 306648, 2140
317172, 0, 0, 0, 0, 0, 0, 306648, 2140
317172, 0, 0, 0, 0, 0, 0, 306648, 2140
317172, 0, 0, 0, 0, 0, 0, 306648, 2140
317172, 0, 0, 0, 0, 0, 0, 306648, 2140
317172, 0, 0, 0, 0, 0, 0, 306648, 2140
317172, 0, 0, 0, 0, 0, 0, 306648, 2140
317172, 0, 0, 0, 0, 0, 0, 306648, 2140
317172, 0, 0, 0, 0, 0, 0, 306648, 2140
317172, 0, 0, 0, 0, 0, 0, 306648, 2140
317172, 0, 0, 0, 0, 0, 0, 306648, 2140
317172, 0, 0, 0, 0, 0, 0, 306648, 2140
317172, 0, 0, 0, 0, 0, 0, 306648, 2140
317172, 0, 0, 0, 0, 0, 0, 306648, 2140
317172, 0, 0, 0, 0, 0, 0, 306648, 2140
317172, 0, 0, 0, 0, 0, 0, 306648, 2140
317172, 0, 0, 0, 0, 0, 0, 306648, 2140
317172, 0, 0, 0, 0, 0, 0, 306648, 2140
317172, 0, 0, 0, 0, 0, 0, 306648, 2140
317172, 0, 0, 0, 0, 0, 0, 306648, 2140
317172, 0, 0, 0, 0, 0, 0, 306648, 2140
317172, 0, 0, 0, 0, 0, 0, 306648, 2140
317172, 0, 0, 0, 0, 0, 0, 306648, 2140
317172, 0, 0, 0, 0, 0, 0, 306648, 2140
317172, 0, 0, 0, 0, 0, 0, 306648, 2140
317172, 0, 0, 0, 0, 0, 0, 306648, 2140
317172, 0, 0, 0, 0, 0, 0, 306648, 2140
317172, 0, 0, 0, 0, 0, 0, 306648, 2140
317172, 0, 0, 0, 0, 0, 0, 306648, 2140
317172, 0, 0, 0, 0, 0, 0, 306648, 2140
317172, 0, 0, 0, 0, 0, 0, 306648, 2140
317172, 0, 0, 0, 0, 0, 0, 306648, 2140
317172, 0, 0, 0, 0, 0, 0, 306648, 2140
317172, 0, 0, 0, 0, 0, 0, 306648, 2140
317172, 0, 0, 0, 0, 0, 0, 306648, 2140
317172, 0, 0, 0, 0, 0, 0, 306648, 2140
317172, 0, 0, 0, 0, 0, 0, 306648, 2140
317172, 0, 0, 0, 0, 0, 0, 306648, 2140
317172, 0, 0, 0, 0, 0, 0, 306648, 2140
317172, 0, 0, 0, 0, 0, 0, 306648, 2140
317172, 0, 0, 0, 0, 0, 0, 306648, 2140
317172, 0, 0, 0, 0, 0, 0, 306648, 2140
317172, 0, 0, 0, 0, 0, 0, 306648, 2140
317172, 0, 0, 0, 0, 0, 0, 306648, 2140
317172, 0, 0, 0, 0, 0, 0, 306648, 2140
317172, 0, 0, 0, 0, 0, 0, 306648, 2140
317172, 0, 0, 0, 0, 0, 0, 306648, 2140
317172, 0, 0, 0, 0, 0, 0, 306648, 2140
317172, 0, 0, 0, 0, 0, 0, 306648, 2140
317172, 0, 0, 0, 0, 0, 0, 306648, 2140
317172, 0, 0, 0, 0, 0, 0, 306648, 2140
317172, 0, 0, 0, 0, 0, 0, 306648, 2140
317172, 0, 0, 0, 0, 0, 0, 306648, 2140
317172, 0, 0, 0, 0, 0, 0, 306648, 2140
317172, 0, 0, 0, 0, 0, 0, 306648, 2140
317172, 0, 0, 0, 0, 0, 0, 306648, 2140
317172, 0, 0, 0, 0, 0, 0, 306648, 2140
317172, 0, 0, 0, 0, 0, 0, 306648, 2140
317172, 0, 0, 0, 0, 0, 0, 306648, 2140
317172, 0, 0, 0, 0, 0, 0, 306648, 2140
317172, 0, 0, 0, 0, 0, 0, 306648, 2140
317172, 0, 0, 0, 0, 0, 0, 306648, 2140
317172, 0, 0, 0, 0, 0, 0, 306648, 2140
317172, 0, 0, 0, 0, 0, 0, 306648, 2140
317172, 0, 0, 0, 0, 0, 0, 306648, 2140
317172, 0, 0, 0, 0, 0, 0, 306648, 2140
317172, 0, 0, 0, 0, 0, 0, 306648, 2140
317172, 0, 0, 0, 0, 0, 0, 306648, 2140
317172, 0, 0, 0, 0, 0, 0, 306648, 2140
317172, 0, 0, 0, 0, 0, 0, 306648, 2140
317172, 0, 0, 0, 0, 0, 0, 306648, 2140
317172, 0, 0, 0, 0, 0, 0, 306648, 2140
317172, 0, 0, 0, 0, 0, 0, 306648, 2140
317172, 0, 0, 0, 0, 0, 0, 306648, 2140
317172, 0, 0, 0, 0, 0, 0, 306648, 2140
317172, 0, 0, 0, 0, 0, 0, 306648, 2140
317172, 0, 0, 0, 0, 0, 0, 306648, 2140
317172, 0, 0, 0, 0, 0, 0, 306648, 2140
317172, 0, 0, 0, 0, 0, 0, 306648, 2140
317172, 0, 0, 0, 0, 0, 0, 306648, 2140
317172, 0, 0, 0, 0, 0, 0, 306648, 2140
317172, 0, 0, 0, 0, 0, 0, 306648, 2140
317172, 0, 0, 0, 0, 0, 0, 306648, 2140
317172, 0, 0, 0, 0, 0, 0, 306648, 2140
317172, 0, 0, 0, 0, 0, 0, 306648, 2140
317172, 0, 0, 0, 0, 0, 0, 306648, 2140
317172, 0, 0, 0, 0, 0, 0, 306648, 2140
317172, 0, 0, 0, 0, 0, 0, 306648, 2140
317172, 0, 0, 0, 0, 0, 0, 306648, 2140
317172, 0, 0, 0, 0, 0, 0, 306648, 2140
317172, 0, 0, 0, 0, 0, 0, 306648, 2140
317172, 0, 0, 0, 0, 0, 0, 306648, 2140
317172, 0, 0, 0, 0, 0, 0, 306648, 2140
317172, 0, 0, 0, 0, 0, 0, 306648, 2140
317172, 0, 0, 0, 0, 0, 0, 306648, 2140
317172, 0, 0, 0, 0, 0, 0, 306648, 2140
317172, 0, 0, 0, 0, 0, 0, 306648, 2140
317172, 0, 0, 0, 0, 0, 0, 306648, 2140
317172, 0, 0, 0, 0, 0, 0, 306648, 2140
317172, 0, 0, 0, 0, 0, 0, 306648, 2140
317172, 0, 0, 0, 0, 0, 0, 306648, 2140
317172, 0, 0, 0, 0, 0, 0, 306648, 2140
317172, 0, 0, 0, 0, 0, 0, 306648, 2140
317172, 0, 0, 0, 0, 0, 0, 306648, 2140
317172, 0, 0, 0, 0, 0, 0, 306648, 2140
317172, 0, 0, 0, 0, 0, 0, 306648, 2140
317172, 0, 0, 0, 0, 0, 0, 306648, 2140
317172, 0, 0, 0, 0, 0, 0, 306648, 2140
317172, 0, 0, 0, 0, 0, 0, 306648, 2140
317172, 0, 0, 0, 0, 0, 0, 306648, 2140
317172, 0, 0, 0, 0, 0, 0, 306648, 2140
317172, 0, 0, 0, 0, 0, 0, 306648, 2140
317172, 0, 0, 0, 0, 0, 0, 306648, 2140
317172, 0, 0, 0, 0, 0, 0, 306648, 2140
317172, 0, 0, 0, 0, 0, 0, 306648, 2140
317172, 0, 0, 0, 0, 0, 0, 306648, 2140
317172, 0, 0, 0, 0, 0, 0, 306648, 2140
317172, 0, 0, 0, 0, 0, 0, 306648, 2140
317172, 0, 0, 0, 0, 0, 0, 306648, 2140
317172, 0, 0, 0, 0, 0, 0, 306648, 2140
317172, 0, 0, 0, 0, 0, 0, 306648, 2140
317172, 0, 0, 0, 0, 0, 0, 306648, 2140
317172, 0, 0, 0, 0, 0, 0, 306648, 2140
317172, 0, 0, 0, 0, 0, 0, 306648, 2140
317172, 0, 0, 0, 0, 0, 0, 306648, 2140
317172, 0, 0, 0, 0, 0, 0, 306648, 2140
317172, 0, 0, 0, 0, 0, 0, 306648, 2140
317172, 0, 0, 0, 0, 0, 0, 306648, 2140
317172, 0, 0, 0, 0, 0, 0, 306648, 2140
317172, 0, 0, 0, 0, 0, 0, 306648, 2140
317172, 0, 0, 0, 0, 0, 0, 306648, 2140
317172, 0, 0, 0, 0, 0, 0, 306648, 2140
317172, 0, 0, 0, 0, 0, 0, 306648, 2140
317172, 0, 0, 0, 0, 0, 0, 306648, 2140
317172, 0, 0, 0, 0, 0, 0, 306648, 2140
317172, 0, 0, 0, 0, 0, 0, 306648, 2140
317172, 0, 0, 0, 0, 0, 0, 306648, 2140
317172, 0, 0, 0, 0, 0, 0, 306648, 2140
317172, 0, 0, 0, 0, 0, 0, 306648, 2140
317172, 0, 0, 0, 0, 0, 0, 306648, 2140
317172, 0, 0, 0, 0, 0, 0, 306648, 2140
317172, 0, 0, 0, 0, 0, 0, 306648, 2140
317172, 0, 0, 0, 0, 0, 0, 306648, 2140
317172, 0, 0, 0, 0, 0, 0, 306648, 2140
317172, 0, 0, 0, 0, 0, 0, 306648, 2140
317172, 0, 0, 0, 0, 0, 0, 306648, 2140
317172, 0, 0, 0, 0, 0, 0, 306648, 2140
317172, 0, 0, 0, 0, 0, 0, 306648, 2140
317172, 0, 0, 0, 0, 0, 0, 306648, 2140
317172, 0, 0, 0, 0, 0, 0, 306648, 2140
317172, 0, 0, 0, 0, 0, 0, 306648, 2140
317172, 0, 0, 0, 0, 0, 0, 306648, 2140
317172, 0, 0, 0, 0, 0, 0, 306648, 2140
317172, 0, 0, 0, 0, 0, 0, 306648, 2140
317172, 0, 0, 0, 0, 0, 0, 306648, 2140
317172, 0, 0, 0, 0, 0, 0, 306648, 2140
317172, 0, 0, 0, 0, 0, 0, 306648, 2140
317172, 0, 0, 0, 0, 0, 0, 306648, 2140
317172, 0, 0, 0, 0, 0, 0, 306648, 2140
317172, 0, 0, 0, 0, 0, 0, 306648, 2140
317172, 0, 0, 0, 0, 0, 0, 306648, 2140
317172, 0, 0, 0, 0, 0, 0, 306648, 2140
317172, 0, 0, 0, 0, 0, 0, 306648, 2140
317172, 0, 0, 0, 0, 0, 0, 306648, 2140
317172, 0, 0, 0, 0, 0, 0, 306648, 2140
317172, 0, 0, 0, 0, 0, 0, 306648, 2140
317172, 0, 0, 0, 0, 0, 0, 306648, 2140
317172, 0, 0, 0, 0, 0, 0, 306648, 2140
317172, 0, 0, 0, 0, 0, 0, 306648, 2140
317172, 0, 0, 0, 0, 0, 0, 306648, 2140
317172, 0, 0, 0, 0, 0, 0, 306648, 2140
317172, 0, 0, 0, 0, 0, 0, 306648, 2140
317172, 0, 0, 0, 0, 0, 0, 306648, 2140
317172, 0, 0, 0, 0, 0, 0, 306648, 2140
317172, 0, 0, 0, 0, 0, 0, 306648, 2140
317172, 0, 0, 0, 0, 0, 0, 306648, 2140
317172, 0, 0, 0, 0, 0, 0, 306648, 2140
317172, 0, 0, 0, 0, 0, 0, 306648, 2140
317172, 0, 0, 0, 0, 0, 0, 306648, 2140
317172, 0, 0, 0, 0, 0, 0, 306648, 2140
317172, 0, 0, 0, 0, 0, 0, 306648, 2140
317172, 0, 0, 0, 0, 0, 0, 306648, 2140
317172, 0, 0, 0, 0, 0, 0, 306648, 2140
317172, 0, 0, 0, 0, 0, 0, 306648, 2140
317172, 0, 0, 0, 0, 0, 0, 306648, 2140
317172, 0, 0, 0, 0, 0, 0, 306648, 2140
317172, 0, 0, 0, 0, 0, 0, 306648, 2140
317172, 0, 0, 0, 0, 0, 0, 306648, 2140
317172, 0, 0, 0, 0, 0, 0, 306648, 2140
317172, 0, 0, 0, 0, 0, 0, 306648, 2140
317172, 0, 0, 0, 0, 0, 0, 306648, 2140
317172, 0, 0, 0, 0, 0, 0, 306648, 2140
317172, 0, 0, 0, 0, 0, 0, 306648, 2140
317172, 0, 0, 0, 0, 0, 0, 306648, 2140
317172, 0, 0, 0, 0, 0, 0, 306648, 2140
317172, 0, 0, 0, 0, 0, 0, 306648, 2140
317172, 0, 0, 0, 0, 0, 0, 306648, 2140
317172, 0, 0, 0, 0, 0, 0, 306648, 2140
317172, 0, 0, 0, 0, 0, 0, 306648, 2140
317172, 0, 0, 0, 0, 0, 0, 306648, 2140
317172, 0, 0, 0, 0, 0, 0, 306648, 2140
317172, 0, 0, 0, 0, 0, 0, 306648, 2140
317172, 0, 0, 0, 0, 0, 0, 306648, 2140
317172, 0, 0, 0, 0, 0, 0, 306648, 2140
317172, 0, 0, 0, 0, 0, 0, 306648, 2140
317172, 0, 0, 0, 0, 0, 0, 306648, 2140
317172, 0, 0, 0, 0, 0, 0, 306648, 2140
317172, 0, 0, 0, 0, 0, 0, 306648, 2140
317172, 0, 0, 0, 0, 0, 0, 306648, 2140
317172, 0, 0, 0, 0, 0, 0, 306648, 2140
317172, 0, 0, 0, 0, 0, 0, 306648, 2140
317172, 0, 0, 0, 0, 0, 0, 306648, 2140
317172, 0, 0, 0, 0, 0, 0, 306648, 2140
317172, 0, 0, 0, 0, 0, 0, 306648, 2140
317172, 0, 0, 0, 0, 0, 0, 306648, 2140
317172, 0, 0, 0, 0, 0, 0, 306648, 2140
317172, 0, 0, 0, 0, 0, 0, 306648, 2140
317172, 0, 0, 0, 0, 0, 0, 306648, 2140
317172, 0, 0, 0, 0, 0, 0, 306648, 2140
317172, 0, 0, 0, 0, 0, 0, 306648, 2140
317172, 0, 0, 0, 0, 0, 0, 306648, 2140
317172, 0, 0, 0, 0, 0, 0, 306648, 2140
317172, 0, 0, 0, 0, 0, 0, 306648, 2140
317172, 0, 0, 0, 0, 0, 0, 306648, 2140
317172, 0, 0, 0, 0, 0, 0, 306648, 2140
317172, 0, 0, 0, 0, 0, 0, 306648, 2140
317172, 0, 0, 0, 0, 0, 0, 306648, 2140
317172, 0, 0, 0, 0, 0, 0, 306648, 2140
317172, 0, 0, 0, 0, 0, 0, 306648, 2140
317172, 0, 0, 0, 0, 0, 0, 306648, 2140
317172, 0, 0, 0, 0, 0, 0, 306648, 2140
317172, 0, 0, 0, 0, 0, 0, 306648, 2140
317172, 0, 0, 0, 0, 0, 0, 306648, 2140
317172, 0, 0, 0, 0, 0, 0, 306648, 2140
317172, 0, 0, 0, 0, 0, 0, 306648, 2140
317172, 0, 0, 0, 0, 0, 0, 306648, 2140
317172, 0, 0, 0, 0, 0, 0, 306648, 2140
317172, 0, 0, 0, 0, 0, 0, 306648, 2140
317172, 0, 0, 0, 0, 0, 0, 306648, 2140
317172, 0, 0, 0, 0, 0, 0, 306648, 2140
317172, 0, 0, 0, 0, 0, 0, 306648, 2140
317172, 0, 0, 0, 0, 0, 0, 306648, 2140
317172, 0, 0, 0, 0, 0, 0, 306648, 2140
317172, 0, 0, 0, 0, 0, 0, 306648, 2140
317172, 0, 0, 0, 0, 0, 0, 306648, 2140
317172, 0, 0, 0, 0, 0, 0, 306648, 2140
317172, 0, 0, 0, 0, 0, 0, 306648, 2140
317172, 0, 0, 0, 0, 0, 0, 306648, 2140
317172, 0, 0, 0, 0, 0, 0, 306648, 2140
317172, 0, 0, 0, 0, 0, 0, 306648, 2140
317172, 0, 0, 0, 0, 0, 0, 306648, 2140
317172, 0, 0, 0, 0, 0, 0, 306648, 2140
317172, 0, 0, 0, 0, 0, 0, 306648, 2140
317172, 0, 0, 0, 0, 0, 0, 306648, 2140
317172, 0, 0, 0, 0, 0, 0, 306648, 2140
317172, 0, 0, 0, 0, 0, 0, 306648, 2140
317172, 0, 0, 0, 0, 0, 0, 306648, 2140
317172, 0, 0, 0, 0, 0, 0, 306648, 2140
317172, 0, 0, 0, 0, 0, 0, 306648, 2140
317172, 0, 0, 0, 0, 0, 0, 306648, 2140
317172, 0, 0, 0, 0, 0, 0, 306648, 2140
317172, 0, 0, 0, 0, 0, 0, 306648, 2140
317172, 0, 0, 0, 0, 0, 0, 306648, 2140
317172, 0, 0, 0, 0, 0, 0, 306648, 2140
317172, 0, 0, 0, 0, 0, 0, 306648, 2140
317172, 0, 0, 0, 0, 0, 0, 306648, 2140
317172, 0, 0, 0, 0, 0, 0, 306648, 2140
317172, 0, 0, 0, 0, 0, 0, 306648, 2140
317172, 0, 0, 0, 0, 0, 0, 306648, 2140
317172, 0, 0, 0, 0, 0, 0, 306648, 2140
317172, 0, 0, 0, 0, 0, 0, 306648, 2140
317172, 0, 0, 0, 0, 0, 0, 306648, 2140
317172, 0, 0, 0, 0, 0, 0, 306648, 2140
317172, 0, 0, 0, 0, 0, 0, 306648, 2140
317172, 0, 0, 0, 0, 0, 0, 306648, 2140
317172, 0, 0, 0, 0, 0, 0, 306648, 2140
317172, 0, 0, 0, 0, 0, 0, 306648, 2140
317172, 0, 0, 0, 0, 0, 0, 306648, 2140
317172, 0, 0, 0, 0, 0, 0, 306648, 2140
317172, 0, 0, 0, 0, 0, 0, 306648, 2140
317172, 0, 0, 0, 0, 0, 0, 306648, 2140
317172, 0, 0, 0, 0, 0, 0, 306648, 2140
317172, 0, 0, 0, 0, 0, 0, 306648, 2140
317172, 0, 0, 0, 0, 0, 0, 306648, 2140
317172, 0, 0, 0, 0, 0, 0, 306648, 2140
317172, 0, 0, 0, 0, 0, 0, 306648, 2140
317172, 0, 0, 0, 0, 0, 0, 306648, 2140
317172, 0, 0, 0, 0, 0, 0, 306648, 2140
317172, 0, 0, 0, 0, 0, 0, 306648, 2140
317172, 0, 0, 0, 0, 0, 0, 306648, 2140
317172, 0, 0, 0, 0, 0, 0, 306648, 2140
317172, 0, 0, 0, 0, 0, 0, 306648, 2140
317172, 0, 0, 0, 0, 0, 0, 306648, 2140
317172, 0, 0, 0, 0, 0, 0, 306648, 2140
317172, 0, 0, 0, 0, 0, 0, 306648, 2140
317172, 0, 0, 0, 0, 0, 0, 306648, 2140
317172, 0, 0, 0, 0, 0, 0, 306648, 2140
317172, 0, 0, 0, 0, 0, 0, 306648, 2140
317172, 0, 0, 0, 0, 0, 0, 306648, 2140
317172, 0, 0, 0, 0, 0, 0, 306648, 2140
317172, 0, 0, 0, 0, 0, 0, 306648, 2140
317172, 0, 0, 0, 0, 0, 0, 306648, 2140
317172, 0, 0, 0, 0, 0, 0, 306648, 2140
317172, 0, 0, 0, 0, 0, 0, 306648, 2140
317172, 0, 0, 0, 0, 0, 0, 306648, 2140
317172, 0, 0, 0, 0, 0, 0, 306648, 2140
317172, 0, 0, 0, 0, 0, 0, 306648, 2140
317172, 0, 0, 0, 0, 0, 0, 306648, 2140
317172, 0, 0, 0, 0, 0, 0, 306648, 2140
317172, 0, 0, 0, 0, 0, 0, 306648, 2140
317172, 0, 0, 0, 0, 0, 0, 306648, 2140
317172, 0, 0, 0, 0, 0, 0, 306648, 2140
317172, 0, 0, 0, 0, 0, 0, 306648, 2140
317172, 0, 0, 0, 0, 0, 0, 306648, 2140
317172, 0, 0, 0, 0, 0, 0, 306648, 2140
317172, 0, 0, 0, 0, 0, 0, 306648, 2140
317172, 0, 0, 0, 0, 0, 0, 306648, 2140
317172, 0, 0, 0, 0, 0, 0, 306648, 2140
317172, 0, 0, 0, 0, 0, 0, 306648, 2140
317172, 0, 0, 0, 0, 0, 0, 306648, 2140
317172, 0, 0, 0, 0, 0, 0, 306648, 2140
317172, 0, 0, 0, 0, 0, 0, 306648, 2140
317172, 0, 0, 0, 0, 0, 0, 306648, 2140
317172, 0, 0, 0, 0, 0, 0, 306648, 2140
317172, 0, 0, 0, 0, 0, 0, 306648, 2140
317172, 0, 0, 0, 0, 0, 0, 306648, 2140
317172, 0, 0, 0, 0, 0, 0, 306648, 2140
317172, 0, 0, 0, 0, 0, 0, 306648, 2140
317172, 0, 0, 0, 0, 0, 0, 306648, 2140
317172, 0, 0, 0, 0, 0, 0, 306648, 2140
317172, 0, 0, 0, 0, 0, 0, 306648, 2140
317172, 0, 0, 0, 0, 0, 0, 306648, 2140
317172, 0, 0, 0, 0, 0, 0, 306648, 2140
317172, 0, 0, 0, 0, 0, 0, 306648, 2140
317172, 0, 0, 0, 0, 0, 0, 306648, 2140
317172, 0, 0, 0, 0, 0, 0, 306648, 2140
317172, 0, 0, 0, 0, 0, 0, 306648, 2140
317172, 0, 0, 0, 0, 0, 0, 306648, 2140
317172, 0, 0, 0, 0, 0, 0, 306648, 2140
317172, 0, 0, 0, 0, 0, 0, 306648, 2140
317172, 0, 0, 0, 0, 0, 0, 306648, 2140
317172, 0, 0, 0, 0, 0, 0, 306648, 2140
317172, 0, 0, 0, 0, 0, 0, 306648, 2140
317172, 0, 0, 0, 0, 0, 0, 306648, 2140
317172, 0, 0, 0, 0, 0, 0, 306648, 2140
317172, 0, 0, 0, 0, 0, 0, 306648, 2140
317172, 0, 0, 0, 0, 0, 0, 306648, 2140
317172, 0, 0, 0, 0, 0, 0, 306648, 2140
317172, 0, 0, 0, 0, 0, 0, 306648, 2140
317172, 0, 0, 0, 0, 0, 0, 306648, 2140
317172, 0, 0, 0, 0, 0, 0, 306648, 2140
317172, 0, 0, 0, 0, 0, 0, 306648, 2140
317172, 0, 0, 0, 0, 0, 0, 306648, 2140
317172, 0, 0, 0, 0, 0, 0, 306648, 2140
317172, 0, 0, 0, 0, 0, 0, 306648, 2140
317172, 0, 0, 0, 0, 0, 0, 306648, 2140
317172, 0, 0, 0, 0, 0, 0, 306648, 2140
317172, 0, 0, 0, 0, 0, 0, 306648, 2140
317172, 0, 0, 0, 0, 0, 0, 306648, 2140
317172, 0, 0, 0, 0, 0, 0, 306648, 2140
317172, 0, 0, 0, 0, 0, 0, 306648, 2140
317172, 0, 0, 0, 0, 0, 0, 306648, 2140
317172, 0, 0, 0, 0, 0, 0, 306648, 2140
317172, 0, 0, 0, 0, 0, 0, 306648, 2140
317172, 0, 0, 0, 0, 0, 0, 306648, 2140
317172, 0, 0, 0, 0, 0, 0, 306648, 2140
317172, 0, 0, 0, 0, 0, 0, 306648, 2140
317172, 0, 0, 0, 0, 0, 0, 306648, 2140
317172, 0, 0, 0, 0, 0, 0, 306648, 2140
317172, 0, 0, 0, 0, 0, 0, 306648, 2140
317172, 0, 0, 0, 0, 0, 0, 306648, 2140
317172, 0, 0, 0, 0, 0, 0, 306648, 2140
317172, 0, 0, 0, 0, 0, 0, 306648, 2140
317172, 0, 0, 0, 0, 0, 0, 306648, 2140
317172, 0, 0, 0, 0, 0, 0, 306648, 2140
317172, 0, 0, 0, 0, 0, 0, 306648, 2140
317172, 0, 0, 0, 0, 0, 0, 306648, 2140
317172, 0, 0, 0, 0, 0, 0, 306648, 2140
317172, 0, 0, 0, 0, 0, 0, 306648, 2140
317172, 0, 0, 0, 0, 0, 0, 306648, 2140
317172, 0, 0, 0, 0, 0, 0, 306648, 2140
317172, 0, 0, 0, 0, 0, 0, 306648, 2140
317172, 0, 0, 0, 0, 0, 0, 306648, 2140
317172, 0, 0, 0, 0, 0, 0, 306648, 2140
317172, 0, 0, 0, 0, 0, 0, 306648, 2140
317172, 0, 0, 0, 0, 0, 0, 306648, 2140
317172, 0, 0, 0, 0, 0, 0, 306648, 2140
317172, 0, 0, 0, 0, 0, 0, 306648, 2140
317172, 0, 0, 0, 0, 0, 0, 306648, 2140
317172, 0, 0, 0, 0, 0, 0, 306648, 2140
317172, 0, 0, 0, 0, 0, 0, 306648, 2140
317172, 0, 0, 0, 0, 0, 0, 306648, 2140
317172, 0, 0, 0, 0, 0, 0, 306648, 2140
317172, 0, 0, 0, 0, 0, 0, 306648, 2140
317172, 0, 0, 0, 0, 0, 0, 306648, 2140
317172, 0, 0, 0, 0, 0, 0, 306648, 2140
317172, 0, 0, 0, 0, 0, 0, 306648, 2140
317172, 0, 0, 0, 0, 0, 0, 306648, 2140
317172, 0, 0, 0, 0, 0, 0, 306648, 2140
317172, 0, 0, 0, 0, 0, 0, 306648, 2140
317172, 0, 0, 0, 0, 0, 0, 306648, 2140
317172, 0, 0, 0, 0, 0, 0, 306648, 2140
317172, 0, 0, 0, 0, 0, 0, 306648, 2140
317172, 0, 0, 0, 0, 0, 0, 306648, 2140
317172, 0, 0, 0, 0, 0, 0, 306648, 2140
317172, 0, 0, 0, 0, 0, 0, 306648, 2140
317172, 0, 0, 0, 0, 0, 0, 306648, 2140
317172, 0, 0, 0, 0, 0, 0, 306648, 2140
317172, 0, 0, 0, 0, 0, 0, 306648, 2140
317172, 0, 0, 0, 0, 0, 0, 306648, 2140
317172, 0, 0, 0, 0, 0, 0, 306648, 2140
317172, 0, 0, 0, 0, 0, 0, 306648, 2140
317172, 0, 0, 0, 0, 0, 0, 306648, 2140
317172, 0, 0, 0, 0, 0, 0, 306648, 2140
317172, 0, 0, 0, 0, 0, 0, 306648, 2140
317172, 0, 0, 0, 0, 0, 0, 306648, 2140
317172, 0, 0, 0, 0, 0, 0, 306648, 2140
317172, 0, 0, 0, 0, 0, 0, 306648, 2140
317172, 0, 0, 0, 0, 0, 0, 306648, 2140
317172, 0, 0, 0, 0, 0, 0, 306648, 2140
317172, 0, 0, 0, 0, 0, 0, 306648, 2140
317172, 0, 0, 0, 0, 0, 0, 306648, 2140
317172, 0, 0, 0, 0, 0, 0, 306648, 2140
317172, 0, 0, 0, 0, 0, 0, 306648, 2140
317172, 0, 0, 0, 0, 0, 0, 306648, 2140
317172, 0, 0, 0, 0, 0, 0, 306648, 2140
317172, 0, 0, 0, 0, 0, 0, 306648, 2140
317172, 0, 0, 0, 0, 0, 0, 306648, 2140
317172, 0, 0, 0, 0, 0, 0, 306648, 2140
317172, 0, 0, 0, 0, 0, 0, 306648, 2140
317172, 0, 0, 0, 0, 0, 0, 306648, 2140
317172, 0, 0, 0, 0, 0, 0, 306648, 2140
317172, 0, 0, 0, 0, 0, 0, 306648, 2140
317172, 0, 0, 0, 0, 0, 0, 306648, 2140
317172, 0, 0, 0, 0, 0, 0, 306648, 2140
317172, 0, 0, 0, 0, 0, 0, 306648, 2140
317172, 0, 0, 0, 0, 0, 0, 306648, 2140
317172, 0, 0, 0, 0, 0, 0, 306648, 2140
317172, 0, 0, 0, 0, 0, 0, 306648, 2140
317172, 0, 0, 0, 0, 0, 0, 306648, 2140
317172, 0, 0, 0, 0, 0, 0, 306648, 2140
317172, 0, 0, 0, 0, 0, 0, 306648, 2140
317172, 0, 0, 0, 0, 0, 0, 306648, 2140
317172, 0, 0, 0, 0, 0, 0, 306648, 2140
317172, 0, 0, 0, 0, 0, 0, 306648, 2140
317172, 0, 0, 0, 0, 0, 0, 306648, 2140
317172, 0, 0, 0, 0, 0, 0, 306648, 2140
317172, 0, 0, 0, 0, 0, 0, 306648, 2140
317172, 0, 0, 0, 0, 0, 0, 306648, 2140
317172, 0, 0, 0, 0, 0, 0, 306648, 2140
317172, 0, 0, 0, 0, 0, 0, 306648, 2140
317172, 0, 0, 0, 0, 0, 0, 306648, 2140
317172, 0, 0, 0, 0, 0, 0, 306648, 2140
317172, 0, 0, 0, 0, 0, 0, 306648, 2140
317172, 0, 0, 0, 0, 0, 0, 306648, 2140
317172, 0, 0, 0, 0, 0, 0, 306648, 2140
317172, 0, 0, 0, 0, 0, 0, 306648, 2140
317172, 0, 0, 0, 0, 0, 0, 306648, 2140
317172, 0, 0, 0, 0, 0, 0, 306648, 2140
317172, 0, 0, 0, 0, 0, 0, 306648, 2140
317172, 0, 0, 0, 0, 0, 0, 306648, 2140
317172, 0, 0, 0, 0, 0, 0, 306648, 2140
317172, 0, 0, 0, 0, 0, 0, 306648, 2140
317172, 0, 0, 0, 0, 0, 0, 306648, 2140
317172, 0, 0, 0, 0, 0, 0, 306648, 2140
317172, 0, 0, 0, 0, 0, 0, 306648, 2140
317172, 0, 0, 0, 0, 0, 0, 306648, 2140
317172, 0, 0, 0, 0, 0, 0, 306648, 2140
317172, 0, 0, 0, 0, 0, 0, 306648, 2140
317172, 0, 0, 0, 0, 0, 0, 306648, 2140
317172, 0, 0, 0, 0, 0, 0, 306648, 2140
317172, 0, 0, 0, 0, 0, 0, 306648, 2140
317172, 0, 0, 0, 0, 0, 0, 306648, 2140
317172, 0, 0, 0, 0, 0, 0, 306648, 2140
317172, 0, 0, 0, 0, 0, 0, 306648, 2140
317172, 0, 0, 0, 0, 0, 0, 306648, 2140
317172, 0, 0, 0, 0, 0, 0, 306648, 2140
317172, 0, 0, 0, 0, 0, 0, 306648, 2140
317172, 0, 0, 0, 0, 0, 0, 306648, 2140
317172, 0, 0, 0, 0, 0, 0, 306648, 2140
317172, 0, 0, 0, 0, 0, 0, 306648, 2140
317172, 0, 0, 0, 0, 0, 0, 306648, 2140
317172, 0, 0, 0, 0, 0, 0, 306648, 2140
317172, 0, 0, 0, 0, 0, 0, 306648, 2140
317172, 0, 0, 0, 0, 0, 0, 306648, 2140
317172, 0, 0, 0, 0, 0, 0, 306648, 2140
317172, 0, 0, 0, 0, 0, 0, 306648, 2140
317172, 0, 0, 0, 0, 0, 0, 306648, 2140
317172, 0, 0, 0, 0, 0, 0, 306648, 2140
317172, 0, 0, 0, 0, 0, 0, 306648, 2140
317172, 0, 0, 0, 0, 0, 0, 306648, 2140
317172, 0, 0, 0, 0, 0, 0, 306648, 2140
317172, 0, 0, 0, 0, 0, 0, 306648, 2140
317172, 0, 0, 0, 0, 0, 0, 306648, 2140
317172, 0, 0, 0, 0, 0, 0, 306648, 2140
317172, 0, 0, 0, 0, 0, 0, 306648, 2140
317172, 0, 0, 0, 0, 0, 0, 306648, 2140
317172, 0, 0, 0, 0, 0, 0, 306648, 2140
317172, 0, 0, 0, 0, 0, 0, 306648, 2140
317172, 0, 0, 0, 0, 0, 0, 306648, 2140
317172, 0, 0, 0, 0, 0, 0, 306648, 2140
317172, 0, 0, 0, 0, 0, 0, 306648, 2140
317172, 0, 0, 0, 0, 0, 0, 306648, 2140
317172, 0, 0, 0, 0, 0, 0, 306648, 2140
317172, 0, 0, 0, 0, 0, 0, 306648, 2140
317172, 0, 0, 0, 0, 0, 0, 306648, 2140
317172, 0, 0, 0, 0, 0, 0, 306648, 2140
317172, 0, 0, 0, 0, 0, 0, 306648, 2140
317172, 0, 0, 0, 0, 0, 0, 306648, 2140
317172, 0, 0, 0, 0, 0, 0, 306648, 2140
317172, 0, 0, 0, 0, 0, 0, 306648, 2140
317172, 0, 0, 0, 0, 0, 0, 306648, 2140
317172, 0, 0, 0, 0, 0, 0, 306648, 2140
317172, 0, 0, 0, 0, 0, 0, 306648, 2140
317172, 0, 0, 0, 0, 0, 0, 306648, 2140
317172, 0, 0, 0, 0, 0, 0, 306648, 2140
317172, 0, 0, 0, 0, 0, 0, 306648, 2140
317172, 0, 0, 0, 0, 0, 0, 306648, 2140
317172, 0, 0, 0, 0, 0, 0, 306648, 2140
317172, 0, 0, 0, 0, 0, 0, 306648, 2140
317172, 0, 0, 0, 0, 0, 0, 306648, 2140
317172, 0, 0, 0, 0, 0, 0, 306648, 2140
317172, 0, 0, 0, 0, 0, 0, 306648, 2140
317172, 0, 0, 0, 0, 0, 0, 306648, 2140
317172, 0, 0, 0, 0, 0, 0, 306648, 2140
317172, 0, 0, 0, 0, 0, 0, 306648, 2140
317172, 0, 0, 0, 0, 0, 0, 306648, 2140
317172, 0, 0, 0, 0, 0, 0, 306648, 2140
317172, 0, 0, 0, 0, 0, 0, 306648, 2140
317172, 0, 0, 0, 0, 0, 0, 306648, 2140
317172, 0, 0, 0, 0, 0, 0, 306648, 2140
317172, 0, 0, 0, 0, 0, 0, 306648, 2140
317172, 0, 0, 0, 0, 0, 0, 306648, 2140
317172, 0, 0, 0, 0, 0, 0, 306648, 2140
317172, 0, 0, 0, 0, 0, 0, 306648, 2140
317172, 0, 0, 0, 0, 0, 0, 306648, 2140
317172, 0, 0, 0, 0, 0, 0, 306648, 2140
317172, 0, 0, 0, 0, 0, 0, 306648, 2140
317172, 0, 0, 0, 0, 0, 0, 306648, 2140
317172, 0, 0, 0, 0, 0, 0, 306648, 2140
317172, 0, 0, 0, 0, 0, 0, 306648, 2140
317172, 0, 0, 0, 0, 0, 0, 306648, 2140
317172, 0, 0, 0, 0, 0, 0, 306648, 2140
317172, 0, 0, 0, 0, 0, 0, 306648, 2140
317172, 0, 0, 0, 0, 0, 0, 306648, 2140
317172, 0, 0, 0, 0, 0, 0, 306648, 2140
317172, 0, 0, 0, 0, 0, 0, 306648, 2140
317172, 0, 0, 0, 0, 0, 0, 306648, 2140
317172, 0, 0, 0, 0, 0, 0, 306648, 2140
317172, 0, 0, 0, 0, 0, 0, 306648, 2140
317172, 0, 0, 0, 0, 0, 0, 306648, 2140
317172, 0, 0, 0, 0, 0, 0, 306648, 2140
317172, 0, 0, 0, 0, 0, 0, 306648, 2140
317172, 0, 0, 0, 0, 0, 0, 306648, 2140
317172, 0, 0, 0, 0, 0, 0, 306648, 2140
317172, 0, 0, 0, 0, 0, 0, 306648, 2140
317172, 0, 0, 0, 0, 0, 0, 306648, 2140
317172, 0, 0, 0, 0, 0, 0, 306648, 2140
317172, 0, 0, 0, 0, 0, 0, 306648, 2140
317172, 0, 0, 0, 0, 0, 0, 306648, 2140
317172, 0, 0, 0, 0, 0, 0, 306648, 2140
317172, 0, 0, 0, 0, 0, 0, 306648, 2140
317172, 0, 0, 0, 0, 0, 0, 306648, 2140
317172, 0, 0, 0, 0, 0, 0, 306648, 2140
317172, 0, 0, 0, 0, 0, 0, 306648, 2140
317172, 0, 0, 0, 0, 0, 0, 306648, 2140
317172, 0, 0, 0, 0, 0, 0, 306648, 2140
317172, 0, 0, 0, 0, 0, 0, 306648, 2140
317172, 0, 0, 0, 0, 0, 0, 306648, 2140
317172, 0, 0, 0, 0, 0, 0, 306648, 2140
317172, 0, 0, 0, 0, 0, 0, 306648, 2140
317172, 0, 0, 0, 0, 0, 0, 306648, 2140
317172, 0, 0, 0, 0, 0, 0, 306648, 2140
317172, 0, 0, 0, 0, 0, 0, 306648, 2140
317172, 0, 0, 0, 0, 0, 0, 306648, 2140
317172, 0, 0, 0, 0, 0, 0, 306648, 2140
317172, 0, 0, 0, 0, 0, 0, 306648, 2140
317172, 0, 0, 0, 0, 0, 0, 306648, 2140
317172, 0, 0, 0, 0, 0, 0, 306648, 2140
317172, 0, 0, 0, 0, 0, 0, 306648, 2140
317172, 0, 0, 0, 0, 0, 0, 306648, 2140
317172, 0, 0, 0, 0, 0, 0, 306648, 2140
317172, 0, 0, 0, 0, 0, 0, 306648, 2140
317172, 0, 0, 0, 0, 0, 0, 306648, 2140
317172, 0, 0, 0, 0, 0, 0, 306648, 2140
317172, 0, 0, 0, 0, 0, 0, 306648, 2140
317172, 0, 0, 0, 0, 0, 0, 306648, 2140
317172, 0, 0, 0, 0, 0, 0, 306648, 2140
317172, 0, 0, 0, 0, 0, 0, 306648, 2140
317172, 0, 0, 0, 0, 0, 0, 306648, 2140
317172, 0, 0, 0, 0, 0, 0, 306648, 2140
317172, 0, 0, 0, 0, 0, 0, 306648, 2140
317172, 0, 0, 0, 0, 0, 0, 306648, 2140
317172, 0, 0, 0, 0, 0, 0, 306648, 2140
317172, 0, 0, 0, 0, 0, 0, 306648, 2140
317172, 0, 0, 0, 0, 0, 0, 306648, 2140
317172, 0, 0, 0, 0, 0, 0, 306648, 2140
317172, 0, 0, 0, 0, 0, 0, 306648, 2140
317172, 0, 0, 0, 0, 0, 0, 306648, 2140
317172, 0, 0, 0, 0, 0, 0, 306648, 2140
317172, 0, 0, 0, 0, 0, 0, 306648, 2140
317172, 0, 0, 0, 0, 0, 0, 306648, 2140
317172, 0, 0, 0, 0, 0, 0, 306648, 2140
317172, 0, 0, 0, 0, 0, 0, 306648, 2140
317172, 0, 0, 0, 0, 0, 0, 306648, 2140
317172, 0, 0, 0, 0, 0, 0, 306648, 2140
317172, 0, 0, 0, 0, 0, 0, 306648, 2140
317172, 0, 0, 0, 0, 0, 0, 306648, 2140
317172, 0, 0, 0, 0, 0, 0, 306648, 2140
317172, 0, 0, 0, 0, 0, 0, 306648, 2140
317172, 0, 0, 0, 0, 0, 0, 306648, 2140
317172, 0, 0, 0, 0, 0, 0, 306648, 2140
317172, 0, 0, 0, 0, 0, 0, 306648, 2140
317172, 0, 0, 0, 0, 0, 0, 306648, 2140
317172, 0, 0, 0, 0, 0, 0, 306648, 2140
317172, 0, 0, 0, 0, 0, 0, 306648, 2140
317172, 0, 0, 0, 0, 0, 0, 306648, 2140
317172, 0, 0, 0, 0, 0, 0, 306648, 2140
317172, 0, 0, 0, 0, 0, 0, 306648, 2140
317172, 0, 0, 0, 0, 0, 0, 306648, 2140
317172, 0, 0, 0, 0, 0, 0, 306648, 2140
317172, 0, 0, 0, 0, 0, 0, 306648, 2140
317172, 0, 0, 0, 0, 0, 0, 306648, 2140
317172, 0, 0, 0, 0, 0, 0, 306648, 2140
317172, 0, 0, 0, 0, 0, 0, 306648, 2140
317172, 0, 0, 0, 0, 0, 0, 306648, 2140
317172, 0, 0, 0, 0, 0, 0, 306648, 2140
317172, 0, 0, 0, 0, 0, 0, 306648, 2140
317172, 0, 0, 0, 0, 0, 0, 306648, 2140
317172, 0, 0, 0, 0, 0, 0, 306648, 2140
317172, 0, 0, 0, 0, 0, 0, 306648, 2140
317172, 0, 0, 0, 0, 0, 0, 306648, 2140
317172, 0, 0, 0, 0, 0, 0, 306648, 2140
317172, 0, 0, 0, 0, 0, 0, 306648, 2140
317172, 0, 0, 0, 0, 0, 0, 306648, 2140
317172, 0, 0, 0, 0, 0, 0, 306648, 2140
317172, 0, 0, 0, 0, 0, 0, 306648, 2140
317172, 0, 0, 0, 0, 0, 0, 306648, 2140
317172, 0, 0, 0, 0, 0, 0, 306648, 2140
317172, 0, 0, 0, 0, 0, 0, 306648, 2140
317172, 0, 0, 0, 0, 0, 0, 306648, 2140
317172, 0, 0, 0, 0, 0, 0, 306648, 2140
317172, 0, 0, 0, 0, 0, 0, 306648, 2140
317172, 0, 0, 0, 0, 0, 0, 306648, 2140
317172, 0, 0, 0, 0, 0, 0, 306648, 2140
317172, 0, 0, 0, 0, 0, 0, 306648, 2140
317172, 0, 0, 0, 0, 0, 0, 306648, 2140
317172, 0, 0, 0, 0, 0, 0, 306648, 2140
317172, 0, 0, 0, 0, 0, 0, 306648, 2140
317172, 0, 0, 0, 0, 0, 0, 306648, 2140
317172, 0, 0, 0, 0, 0, 0, 306648, 2140
317172, 0, 0, 0, 0, 0, 0, 306648, 2140
317172, 0, 0, 0, 0, 0, 0, 306648, 2140
317172, 0, 0, 0, 0, 0, 0, 306648, 2140
317172, 0, 0, 0, 0, 0, 0, 306648, 2140
317172, 0, 0, 0, 0, 0, 0, 306648, 2140
317172, 0, 0, 0, 0, 0, 0, 306648, 2140
317172, 0, 0, 0, 0, 0, 0, 306648, 2140
317172, 0, 0, 0, 0, 0, 0, 306648, 2140
317172, 0, 0, 0, 0, 0, 0, 306648, 2140
317172, 0, 0, 0, 0, 0, 0, 306648, 2140
317172, 0, 0, 0, 0, 0, 0, 306648, 2140
317172, 0, 0, 0, 0, 0, 0, 306648, 2140
317172, 0, 0, 0, 0, 0, 0, 306648, 2140
317172, 0, 0, 0, 0, 0, 0, 306648, 2140
317172, 0, 0, 0, 0, 0, 0, 306648, 2140
317172, 0, 0, 0, 0, 0, 0, 306648, 2140
317172, 0, 0, 0, 0, 0, 0, 306648, 2140
317172, 0, 0, 0, 0, 0, 0, 306648, 2140
317172, 0, 0, 0, 0, 0, 0, 306648, 2140
317172, 0, 0, 0, 0, 0, 0, 306648, 2140
317172, 0, 0, 0, 0, 0, 0, 306648, 2140
317172, 0, 0, 0, 0, 0, 0, 306648, 2140
317172, 0, 0, 0, 0, 0, 0, 306648, 2140
317172, 0, 0, 0, 0, 0, 0, 306648, 2140
317172, 0, 0, 0, 0, 0, 0, 306648, 2140
317172, 0, 0, 0, 0, 0, 0, 306648, 2140
317172, 0, 0, 0, 0, 0, 0, 306648, 2140
317172, 0, 0, 0, 0, 0, 0, 306648, 2140
317172, 0, 0, 0, 0, 0, 0, 306648, 2140
317172, 0, 0, 0, 0, 0, 0, 306648, 2140
317172, 0, 0, 0, 0, 0, 0, 306648, 2140
317172, 0, 0, 0, 0, 0, 0, 306648, 2140
317172, 0, 0, 0, 0, 0, 0, 306648, 2140
317172, 0, 0, 0, 0, 0, 0, 306648, 2140
317172, 0, 0, 0, 0, 0, 0, 306648, 2140
317172, 0, 0, 0, 0, 0, 0, 306648, 2140
317172, 0, 0, 0, 0, 0, 0, 306648, 2140
317172, 0, 0, 0, 0, 0, 0, 306648, 2140
317172, 0, 0, 0, 0, 0, 0, 306648, 2140
317172, 0, 0, 0, 0, 0, 0, 306648, 2140
317172, 0, 0, 0, 0, 0, 0, 306648, 2140
317172, 0, 0, 0, 0, 0, 0, 306648, 2140
317172, 0, 0, 0, 0, 0, 0, 306648, 2140
317172, 0, 0, 0, 0, 0, 0, 306648, 2140
317172, 0, 0, 0, 0, 0, 0, 306648, 2140
317172, 0, 0, 0, 0, 0, 0, 306648, 2140
317172, 0, 0, 0, 0, 0, 0, 306648, 2140
317172, 0, 0, 0, 0, 0, 0, 306648, 2140
317172, 0, 0, 0, 0, 0, 0, 306648, 2140
317172, 0, 0, 0, 0, 0, 0, 306648, 2140
317172, 0, 0, 0, 0, 0, 0, 306648, 2140
317172, 0, 0, 0, 0, 0, 0, 306648, 2140
317172, 0, 0, 0, 0, 0, 0, 306648, 2140
317172, 0, 0, 0, 0, 0, 0, 306648, 2140
317172, 0, 0, 0, 0, 0, 0, 306648, 2140
317172, 0, 0, 0, 0, 0, 0, 306648, 2140
317172, 0, 0, 0, 0, 0, 0, 306648, 2140
317172, 0, 0, 0, 0, 0, 0, 306648, 2140
317172, 0, 0, 0, 0, 0, 0, 306648, 2140
317172, 0, 0, 0, 0, 0, 0, 306648, 2140
317172, 0, 0, 0, 0, 0, 0, 306648, 2140
317172, 0, 0, 0, 0, 0, 0, 306648, 2140
317172, 0, 0, 0, 0, 0, 0, 306648, 2140
317172, 0, 0, 0, 0, 0, 0, 306648, 2140
317172, 0, 0, 0, 0, 0, 0, 306648, 2140
317172, 0, 0, 0, 0, 0, 0, 306648, 2140
317172, 0, 0, 0, 0, 0, 0, 306648, 2140
317172, 0, 0, 0, 0, 0, 0, 306648, 2140
317172, 0, 0, 0, 0, 0, 0, 306648, 2140
317172, 0, 0, 0, 0, 0, 0, 306648, 2140
317172, 0, 0, 0, 0, 0, 0, 306648, 2140
317172, 0, 0, 0, 0, 0, 0, 306648, 2140
317172, 0, 0, 0, 0, 0, 0, 306648, 2140
317172, 0, 0, 0, 0, 0, 0, 306648, 2140
317172, 0, 0, 0, 0, 0, 0, 306648, 2140
317172, 0, 0, 0, 0, 0, 0, 306648, 2140
317172, 0, 0, 0, 0, 0, 0, 306648, 2140
317172, 0, 0, 0, 0, 0, 0, 306648, 2140
317172, 0, 0, 0, 0, 0, 0, 306648, 2140
317172, 0, 0, 0, 0, 0, 0, 306648, 2140
317172, 0, 0, 0, 0, 0, 0, 306648, 2140
317172, 0, 0, 0, 0, 0, 0, 306648, 2140
317172, 0, 0, 0, 0, 0, 0, 306648, 2140
317172, 0, 0, 0, 0, 0, 0, 306648, 2140
317172, 0, 0, 0, 0, 0, 0, 306648, 2140
317172, 0, 0, 0, 0, 0, 0, 306648, 2140
317172, 0, 0, 0, 0, 0, 0, 306648, 2140
317172, 0, 0, 0, 0, 0, 0, 306648, 2140
317172, 0, 0, 0, 0, 0, 0, 306648, 2140
317172, 0, 0, 0, 0, 0, 0, 306648, 2140
317172, 0, 0, 0, 0, 0, 0, 306648, 2140
317172, 0, 0, 0, 0, 0, 0, 306648, 2140
317172, 0, 0, 0, 0, 0, 0, 306648, 2140
317172, 0, 0, 0, 0, 0, 0, 306648, 2140
317172, 0, 0, 0, 0, 0, 0, 306648, 2140
317172, 0, 0, 0, 0, 0, 0, 306648, 2140
317172, 0, 0, 0, 0, 0, 0, 306648, 2140
317172, 0, 0, 0, 0, 0, 0, 306648, 2140
317172, 0, 0, 0, 0, 0, 0, 306648, 2140
317172, 0, 0, 0, 0, 0, 0, 306648, 2140
317172, 0, 0, 0, 0, 0, 0, 306648, 2140
317172, 0, 0, 0, 0, 0, 0, 306648, 2140
317172, 0, 0, 0, 0, 0, 0, 306648, 2140
317172, 0, 0, 0, 0, 0, 0, 306648, 2140
317172, 0, 0, 0, 0, 0, 0, 306648, 2140
317172, 0, 0, 0, 0, 0, 0, 306648, 2140
317172, 0, 0, 0, 0, 0, 0, 306648, 2140
317172, 0, 0, 0, 0, 0, 0, 306648, 2140
317172, 0, 0, 0, 0, 0, 0, 306648, 2140
317172, 0, 0, 0, 0, 0, 0, 306648, 2140
317172, 0, 0, 0, 0, 0, 0, 306648, 2140
317172, 0, 0, 0, 0, 0, 0, 306648, 2140
317172, 0, 0, 0, 0, 0, 0, 306648, 2140
317172, 0, 0, 0, 0, 0, 0, 306648, 2140
317172, 0, 0, 0, 0, 0, 0, 306648, 2140
317172, 0, 0, 0, 0, 0, 0, 306648, 2140
317172, 0, 0, 0, 0, 0, 0, 306648, 2140
317172, 0, 0, 0, 0, 0, 0, 306648, 2140
317172, 0, 0, 0, 0, 0, 0, 306648, 2140
317172, 0, 0, 0, 0, 0, 0, 306648, 2140
317172, 0, 0, 0, 0, 0, 0, 306648, 2140
317172, 0, 0, 0, 0, 0, 0, 306648, 2140
317172, 0, 0, 0, 0, 0, 0, 306648, 2140
317172, 0, 0, 0, 0, 0, 0, 306648, 2140
317172, 0, 0, 0, 0, 0, 0, 306648, 2140
317172, 0, 0, 0, 0, 0, 0, 306648, 2140
317172, 0, 0, 0, 0, 0, 0, 306648, 2140
317172, 0, 0, 0, 0, 0, 0, 306648, 2140
317172, 0, 0, 0, 0, 0, 0, 306648, 2140
317172, 0, 0, 0, 0, 0, 0, 306648, 2140
317172, 0, 0, 0, 0, 0, 0, 306648, 2140
317172, 0, 0, 0, 0, 0, 0, 306648, 2140
317172, 0, 0, 0, 0, 0, 0, 306648, 2140
317172, 0, 0, 0, 0, 0, 0, 306648, 2140
317172, 0, 0, 0, 0, 0, 0, 306648, 2140
317172, 0, 0, 0, 0, 0, 0, 306648, 2140
317172, 0, 0, 0, 0, 0, 0, 306648, 2140
317172, 0, 0, 0, 0, 0, 0, 306648, 2140
317172, 0, 0, 0, 0, 0, 0, 306648, 2140
317172, 0, 0, 0, 0, 0, 0, 306648, 2140
317172, 0, 0, 0, 0, 0, 0, 306648, 2140
317172, 0, 0, 0, 0, 0, 0, 306648, 2140
317172, 0, 0, 0, 0, 0, 0, 306648, 2140
317172, 0, 0, 0, 0, 0, 0, 306648, 2140
317172, 0, 0, 0, 0, 0, 0, 306648, 2140
317172, 0, 0, 0, 0, 0, 0, 306648, 2140
317172, 0, 0, 0, 0, 0, 0, 306648, 2140
317172, 0, 0, 0, 0, 0, 0, 306648, 2140
317172, 0, 0, 0, 0, 0, 0, 306648, 2140
317172, 0, 0, 0, 0, 0, 0, 306648, 2140
317172, 0, 0, 0, 0, 0, 0, 306648, 2140
317172, 0, 0, 0, 0, 0, 0, 306648, 2140
317172, 0, 0, 0, 0, 0, 0, 306648, 2140
317172, 0, 0, 0, 0, 0, 0, 306648, 2140
317172, 0, 0, 0, 0, 0, 0, 306648, 2140
317172, 0, 0, 0, 0, 0, 0, 306648, 2140
317172, 0, 0, 0, 0, 0, 0, 306648, 2140
317172, 0, 0, 0, 0, 0, 0, 306648, 2140
317172, 0, 0, 0, 0, 0, 0, 306648, 2140
317172, 0, 0, 0, 0, 0, 0, 306648, 2140
317172, 0, 0, 0, 0, 0, 0, 306648, 2140
317172, 0, 0, 0, 0, 0, 0, 306648, 2140
317172, 0, 0, 0, 0, 0, 0, 306648, 2140
317172, 0, 0, 0, 0, 0, 0, 306648, 2140
317172, 0, 0, 0, 0, 0, 0, 306648, 2140
317172, 0, 0, 0, 0, 0, 0, 306648, 2140
317172, 0, 0, 0, 0, 0, 0, 306648, 2140
317172, 0, 0, 0, 0, 0, 0, 306648, 2140
317172, 0, 0, 0, 0, 0, 0, 306648, 2140
317172, 0, 0, 0, 0, 0, 0, 306648, 2140
317172, 0, 0, 0, 0, 0, 0, 306648, 2140
317172, 0, 0, 0, 0, 0, 0, 306648, 2140
317172, 0, 0, 0, 0, 0, 0, 306648, 2140
317172, 0, 0, 0, 0, 0, 0, 306648, 2140
317172, 0, 0, 0, 0, 0, 0, 306648, 2140
317172, 0, 0, 0, 0, 0, 0, 306648, 2140
317172, 0, 0, 0, 0, 0, 0, 306648, 2140
317172, 0, 0, 0, 0, 0, 0, 306648, 2140
317172, 0, 0, 0, 0, 0, 0, 306648, 2140
317172, 0, 0, 0, 0, 0, 0, 306648, 2140
317172, 0, 0, 0, 0, 0, 0, 306648, 2140
317172, 0, 0, 0, 0, 0, 0, 306648, 2140
317172, 0, 0, 0, 0, 0, 0, 306648, 2140
317172, 0, 0, 0, 0, 0, 0, 306648, 2140
317172, 0, 0, 0, 0, 0, 0, 306648, 2140
317172, 0, 0, 0, 0, 0, 0, 306648, 2140
317172, 0, 0, 0, 0, 0, 0, 306648, 2140
317172, 0, 0, 0, 0, 0, 0, 306648, 2140
317172, 0, 0, 0, 0, 0, 0, 306648, 2140
317172, 0, 0, 0, 0, 0, 0, 306648, 2140
317172, 0, 0, 0, 0, 0, 0, 306648, 2140
317172, 0, 0, 0, 0, 0, 0, 306648, 2140
317172, 0, 0, 0, 0, 0, 0, 306648, 2140
317172, 0, 0, 0, 0, 0, 0, 306648, 2140
317172, 0, 0, 0, 0, 0, 0, 306648, 2140
317172, 0, 0, 0, 0, 0, 0, 306648, 2140
317172, 0, 0, 0, 0, 0, 0, 306648, 2140
317172, 0, 0, 0, 0, 0, 0, 306648, 2140
317172, 0, 0, 0, 0, 0, 0, 306648, 2140
317172, 0, 0, 0, 0, 0, 0, 306648, 2140
317172, 0, 0, 0, 0, 0, 0, 306648, 2140
317172, 0, 0, 0, 0, 0, 0, 306648, 2140
317172, 0, 0, 0, 0, 0, 0, 306648, 2140
317172, 0, 0, 0, 0, 0, 0, 306648, 2140
317172, 0, 0, 0, 0, 0, 0, 306648, 2140
317172, 0, 0, 0, 0, 0, 0, 306648, 2140
317172, 0, 0, 0, 0, 0, 0, 306648, 2140
317172, 0, 0, 0, 0, 0, 0, 306648, 2140
317172, 0, 0, 0, 0, 0, 0, 306648, 2140
317172, 0, 0, 0, 0, 0, 0, 306648, 2140
317172, 0, 0, 0, 0, 0, 0, 306648, 2140
317172, 0, 0, 0, 0, 0, 0, 306648, 2140
317172, 0, 0, 0, 0, 0, 0, 306648, 2140
317172, 0, 0, 0, 0, 0, 0, 306648, 2140
317172, 0, 0, 0, 0, 0, 0, 306648, 2140
317172, 0, 0, 0, 0, 0, 0, 306648, 2140
317172, 0, 0, 0, 0, 0, 0, 306648, 2140
317172, 0, 0, 0, 0, 0, 0, 306648, 2140
317172, 0, 0, 0, 0, 0, 0, 306648, 2140
317172, 0, 0, 0, 0, 0, 0, 306648, 2140
317172, 0, 0, 0, 0, 0, 0, 306648, 2140
317172, 0, 0, 0, 0, 0, 0, 306648, 2140
317172, 0, 0, 0, 0, 0, 0, 306648, 2140
317172, 0, 0, 0, 0, 0, 0, 306648, 2140
317172, 0, 0, 0, 0, 0, 0, 306648, 2140
317172, 0, 0, 0, 0, 0, 0, 306648, 2140
317172, 0, 0, 0, 0, 0, 0, 306648, 2140
317172, 0, 0, 0, 0, 0, 0, 306648, 2140
317172, 0, 0, 0, 0, 0, 0, 306648, 2140
317172, 0, 0, 0, 0, 0, 0, 306648, 2140
317172, 0, 0, 0, 0, 0, 0, 306648, 2140
317172, 0, 0, 0, 0, 0, 0, 306648, 2140
317172, 0, 0, 0, 0, 0, 0, 306648, 2140
317172, 0, 0, 0, 0, 0, 0, 306648, 2140
317172, 0, 0, 0, 0, 0, 0, 306648, 2140
317172, 0, 0, 0, 0, 0, 0, 306648, 2140
317172, 0, 0, 0, 0, 0, 0, 306648, 2140
317172, 0, 0, 0, 0, 0, 0, 306648, 2140
317172, 0, 0, 0, 0, 0, 0, 306648, 2140
317172, 0, 0, 0, 0, 0, 0, 306648, 2140
317172, 0, 0, 0, 0, 0, 0, 306648, 2140
317172, 0, 0, 0, 0, 0, 0, 306648, 2140
317172, 0, 0, 0, 0, 0, 0, 306648, 2140
317172, 0, 0, 0, 0, 0, 0, 306648, 2140
317172, 0, 0, 0, 0, 0, 0, 306648, 2140
317172, 0, 0, 0, 0, 0, 0, 306648, 2140
317172, 0, 0, 0, 0, 0, 0, 306648, 2140
317172, 0, 0, 0, 0, 0, 0, 306648, 2140
317172, 0, 0, 0, 0, 0, 0, 306648, 2140
317172, 0, 0, 0, 0, 0, 0, 306648, 2140
317172, 0, 0, 0, 0, 0, 0, 306648, 2140
317172, 0, 0, 0, 0, 0, 0, 306648, 2140
317172, 0, 0, 0, 0, 0, 0, 306648, 2140
317172, 0, 0, 0, 0, 0, 0, 306648, 2140
317172, 0, 0, 0, 0, 0, 0, 306648, 2140
317172, 0, 0, 0, 0, 0, 0, 306648, 2140
317172, 0, 0, 0, 0, 0, 0, 306648, 2140
317172, 0, 0, 0, 0, 0, 0, 306648, 2140
317172, 0, 0, 0, 0, 0, 0, 306648, 2140
317172, 0, 0, 0, 0, 0, 0, 306648, 2140
317172, 0, 0, 0, 0, 0, 0, 306648, 2140
317172, 0, 0, 0, 0, 0, 0, 306648, 2140
317172, 0, 0, 0, 0, 0, 0, 306648, 2140
317172, 0, 0, 0, 0, 0, 0, 306648, 2140
317172, 0, 0, 0, 0, 0, 0, 306648, 2140
317172, 0, 0, 0, 0, 0, 0, 306648, 2140
317172, 0, 0, 0, 0, 0, 0, 306648, 2140
317172, 0, 0, 0, 0, 0, 0, 306648, 2140
317172, 0, 0, 0, 0, 0, 0, 306648, 2140
317172, 0, 0, 0, 0, 0, 0, 306648, 2140
317172, 0, 0, 0, 0, 0, 0, 306648, 2140
317172, 0, 0, 0, 0, 0, 0, 306648, 2140
317172, 0, 0, 0, 0, 0, 0, 306648, 2140
317172, 0, 0, 0, 0, 0, 0, 306648, 2140
317172, 0, 0, 0, 0, 0, 0, 306648, 2140
317172, 0, 0, 0, 0, 0, 0, 306648, 2140
317172, 0, 0, 0, 0, 0, 0, 306648, 2140
317172, 0, 0, 0, 0, 0, 0, 306648, 2140
317172, 0, 0, 0, 0, 0, 0, 306648, 2140
317172, 0, 0, 0, 0, 0, 0, 306648, 2140
317172, 0, 0, 0, 0, 0, 0, 306648, 2140
317172, 0, 0, 0, 0, 0, 0, 306648, 2140
317172, 0, 0, 0, 0, 0, 0, 306648, 2140
317172, 0, 0, 0, 0, 0, 0, 306648, 2140
317172, 0, 0, 0, 0, 0, 0, 306648, 2140
317172, 0, 0, 0, 0, 0, 0, 306648, 2140
317172, 0, 0, 0, 0, 0, 0, 306648, 2140
317172, 0, 0, 0, 0, 0, 0, 306648, 2140
317172, 0, 0, 0, 0, 0, 0, 306648, 2140
317172, 0, 0, 0, 0, 0, 0, 306648, 2140
317172, 0, 0, 0, 0, 0, 0, 306648, 2140
317172, 0, 0, 0, 0, 0, 0, 306648, 2140
317172, 0, 0, 0, 0, 0, 0, 306648, 2140
317172, 0, 0, 0, 0, 0, 0, 306648, 2140
317172, 0, 0, 0, 0, 0, 0, 306648, 2140
317172, 0, 0, 0, 0, 0, 0, 306648, 2140
317172, 0, 0, 0, 0, 0, 0, 306648, 2140
317172, 0, 0, 0, 0, 0, 0, 306648, 2140
317172, 0, 0, 0, 0, 0, 0, 306648, 2140
317172, 0, 0, 0, 0, 0, 0, 306648, 2140
317172, 0, 0, 0, 0, 0, 0, 306648, 2140
317172, 0, 0, 0, 0, 0, 0, 306648, 2140
317172, 0, 0, 0, 0, 0, 0, 306648, 2140
317172, 0, 0, 0, 0, 0, 0, 306648, 2140
317172, 0, 0, 0, 0, 0, 0, 306648, 2140
317172, 0, 0, 0, 0, 0, 0, 306648, 2140
317172, 0, 0, 0, 0, 0, 0, 306648, 2140
317172, 0, 0, 0, 0, 0, 0, 306648, 2140
317172, 0, 0, 0, 0, 0, 0, 306648, 2140
317172, 0, 0, 0, 0, 0, 0, 306648, 2140
317172, 0, 0, 0, 0, 0, 0, 306648, 2140
317172, 0, 0, 0, 0, 0, 0, 306648, 2140
317172, 0, 0, 0, 0, 0, 0, 306648, 2140
317172, 0, 0, 0, 0, 0, 0, 306648, 2140
317172, 0, 0, 0, 0, 0, 0, 306648, 2140
317172, 0, 0, 0, 0, 0, 0, 306648, 2140
317172, 0, 0, 0, 0, 0, 0, 306648, 2140
317172, 0, 0, 0, 0, 0, 0, 306648, 2140
317172, 0, 0, 0, 0, 0, 0, 306648, 2140
317172, 0, 0, 0, 0, 0, 0, 306648, 2140
317172, 0, 0, 0, 0, 0, 0, 306648, 2140
317172, 0, 0, 0, 0, 0, 0, 306648, 2140
317172, 0, 0, 0, 0, 0, 0, 306648, 2140
317172, 0, 0, 0, 0, 0, 0, 306648, 2140
317172, 0, 0, 0, 0, 0, 0, 306648, 2140
317172, 0, 0, 0, 0, 0, 0, 306648, 2140
317172, 0, 0, 0, 0, 0, 0, 306648, 2140
317172, 0, 0, 0, 0, 0, 0, 306648, 2140
317172, 0, 0, 0, 0, 0, 0, 306648, 2140
317172, 0, 0, 0, 0, 0, 0, 306648, 2140
317172, 0, 0, 0, 0, 0, 0, 306648, 2140
317172, 0, 0, 0, 0, 0, 0, 306648, 2140
317172, 0, 0, 0, 0, 0, 0, 306648, 2140
317172, 0, 0, 0, 0, 0, 0, 306648, 2140
317172, 0, 0, 0, 0, 0, 0, 306648, 2140
317172, 0, 0, 0, 0, 0, 0, 306648, 2140
317172, 0, 0, 0, 0, 0, 0, 306648, 2140
317172, 0, 0, 0, 0, 0, 0, 306648, 2140
317172, 0, 0, 0, 0, 0, 0, 306648, 2140
317172, 0, 0, 0, 0, 0, 0, 306648, 2140
317172, 0, 0, 0, 0, 0, 0, 306648, 2140
317172, 0, 0, 0, 0, 0, 0, 306648, 2140
317172, 0, 0, 0, 0, 0, 0, 306648, 2140
317172, 0, 0, 0, 0, 0, 0, 306648, 2140
317172, 0, 0, 0, 0, 0, 0, 306648, 2140
317172, 0, 0, 0, 0, 0, 0, 306648, 2140
317172, 0, 0, 0, 0, 0, 0, 306648, 2140
317172, 0, 0, 0, 0, 0, 0, 306648, 2140
317172, 0, 0, 0, 0, 0, 0, 306648, 2140
317172, 0, 0, 0, 0, 0, 0, 306648, 2140
317172, 0, 0, 0, 0, 0, 0, 306648, 2140
317172, 0, 0, 0, 0, 0, 0, 306648, 2140
317172, 0, 0, 0, 0, 0, 0, 306648, 2140
317172, 0, 0, 0, 0, 0, 0, 306648, 2140
317172, 0, 0, 0, 0, 0, 0, 306648, 2140
317172, 0, 0, 0, 0, 0, 0, 306648, 2140
317172, 0, 0, 0, 0, 0, 0, 306648, 2140
317172, 0, 0, 0, 0, 0, 0, 306648, 2140
317172, 0, 0, 0, 0, 0, 0, 306648, 2140
317172, 0, 0, 0, 0, 0, 0, 306648, 2140
317172, 0, 0, 0, 0, 0, 0, 306648, 2140
317172, 0, 0, 0, 0, 0, 0, 306648, 2140
317172, 0, 0, 0, 0, 0, 0, 306648, 2140
317172, 0, 0, 0, 0, 0, 0, 306648, 2140
317172, 0, 0, 0, 0, 0, 0, 306648, 2140
317172, 0, 0, 0, 0, 0, 0, 306648, 2140
317172, 0, 0, 0, 0, 0, 0, 306648, 2140
317172, 0, 0, 0, 0, 0, 0, 306648, 2140
317172, 0, 0, 0, 0, 0, 0, 306648, 2140
317172, 0, 0, 0, 0, 0, 0, 306648, 2140
317172, 0, 0, 0, 0, 0, 0, 306648, 2140
317172, 0, 0, 0, 0, 0, 0, 306648, 2140
317172, 0, 0, 0, 0, 0, 0, 306648, 2140
317172, 0, 0, 0, 0, 0, 0, 306648, 2140
317172, 0, 0, 0, 0, 0, 0, 306648, 2140
317172, 0, 0, 0, 0, 0, 0, 306648, 2140
317172, 0, 0, 0, 0, 0, 0, 306648, 2140
317172, 0, 0, 0, 0, 0, 0, 306648, 2140
317172, 0, 0, 0, 0, 0, 0, 306648, 2140
317172, 0, 0, 0, 0, 0, 0, 306648, 2140
317172, 0, 0, 0, 0, 0, 0, 306648, 2140
317172, 0, 0, 0, 0, 0, 0, 306648, 2140
317172, 0, 0, 0, 0, 0, 0, 306648, 2140
317172, 0, 0, 0, 0, 0, 0, 306648, 2140
317172, 0, 0, 0, 0, 0, 0, 306648, 2140
317172, 0, 0, 0, 0, 0, 0, 306648, 2140
317172, 0, 0, 0, 0, 0, 0, 306648, 2140
317172, 0, 0, 0, 0, 0, 0, 306648, 2140
317172, 0, 0, 0, 0, 0, 0, 306648, 2140
317172, 0, 0, 0, 0, 0, 0, 306648, 2140
317172, 0, 0, 0, 0, 0, 0, 306648, 2140
317172, 0, 0, 0, 0, 0, 0, 306648, 2140
317172, 0, 0, 0, 0, 0, 0, 306648, 2140
317172, 0, 0, 0, 0, 0, 0, 306648, 2140
317172, 0, 0, 0, 0, 0, 0, 306648, 2140
317172, 0, 0, 0, 0, 0, 0, 306648, 2140
317172, 0, 0, 0, 0, 0, 0, 306648, 2140
317172, 0, 0, 0, 0, 0, 0, 306648, 2140
317172, 0, 0, 0, 0, 0, 0, 306648, 2140
317172, 0, 0, 0, 0, 0, 0, 306648, 2140
317172, 0, 0, 0, 0, 0, 0, 306648, 2140
317172, 0, 0, 0, 0, 0, 0, 306648, 2140
317172, 0, 0, 0, 0, 0, 0, 306648, 2140
317172, 0, 0, 0, 0, 0, 0, 306648, 2140
317172, 0, 0, 0, 0, 0, 0, 306648, 2140
317172, 0, 0, 0, 0, 0, 0, 306648, 2140
317172, 0, 0, 0, 0, 0, 0, 306648, 2140
317172, 0, 0, 0, 0, 0, 0, 306648, 2140
317172, 0, 0, 0, 0, 0, 0, 306648, 2140
317172, 0, 0, 0, 0, 0, 0, 306648, 2140
317172, 0, 0, 0, 0, 0, 0, 306648, 2140
317172, 0, 0, 0, 0, 0, 0, 306648, 2140
317172, 0, 0, 0, 0, 0, 0, 306648, 2140
317172, 0, 0, 0, 0, 0, 0, 306648, 2140
317172, 0, 0, 0, 0, 0, 0, 306648, 2140
317172, 0, 0, 0, 0, 0, 0, 306648, 2140
317172, 0, 0, 0, 0, 0, 0, 306648, 2140
317172, 0, 0, 0, 0, 0, 0, 306648, 2140
317172, 0, 0, 0, 0, 0, 0, 306648, 2140
317172, 0, 0, 0, 0, 0, 0, 306648, 2140
317172, 0, 0, 0, 0, 0, 0, 306648, 2140
317172, 0, 0, 0, 0, 0, 0, 306648, 2140
317172, 0, 0, 0, 0, 0, 0, 306648, 2140
317172, 0, 0, 0, 0, 0, 0, 306648, 2140
317172, 0, 0, 0, 0, 0, 0, 306648, 2140
317172, 0, 0, 0, 0, 0, 0, 306648, 2140
317172, 0, 0, 0, 0, 0, 0, 306648, 2140
317172, 0, 0, 0, 0, 0, 0, 306648, 2140
317172, 0, 0, 0, 0, 0, 0, 306648, 2140
317172, 0, 0, 0, 0, 0, 0, 306648, 2140
317172, 0, 0, 0, 0, 0, 0, 306648, 2140
317172, 0, 0, 0, 0, 0, 0, 306648, 2140
317172, 0, 0, 0, 0, 0, 0, 306648, 2140
317172, 0, 0, 0, 0, 0, 0, 306648, 2140
317172, 0, 0, 0, 0, 0, 0, 306648, 2140
317172, 0, 0, 0, 0, 0, 0, 306648, 2140
317172, 0, 0, 0, 0, 0, 0, 306648, 2140
317172, 0, 0, 0, 0, 0, 0, 306648, 2140
317172, 0, 0, 0, 0, 0, 0, 306648, 2140
317172, 0, 0, 0, 0, 0, 0, 306648, 2140
317172, 0, 0, 0, 0, 0, 0, 306648, 2140
317172, 0, 0, 0, 0, 0, 0, 306648, 2140
317172, 0, 0, 0, 0, 0, 0, 306648, 2140
317172, 0, 0, 0, 0, 0, 0, 306648, 2140
317172, 0, 0, 0, 0, 0, 0, 306648, 2140
317172, 0, 0, 0, 0, 0, 0, 306648, 2140
317172, 0, 0, 0, 0, 0, 0, 306648, 2140
317172, 0, 0, 0, 0, 0, 0, 306648, 2140
317172, 0, 0, 0, 0, 0, 0, 306648, 2140
317172, 0, 0, 0, 0, 0, 0, 306648, 2140
317172, 0, 0, 0, 0, 0, 0, 306648, 2140
317172, 0, 0, 0, 0, 0, 0, 306648, 2140
317172, 0, 0, 0, 0, 0, 0, 306648, 2140
317172, 0, 0, 0, 0, 0, 0, 306648, 2140
317172, 0, 0, 0, 0, 0, 0, 306648, 2140
317172, 0, 0, 0, 0, 0, 0, 306648, 2140
317172, 0, 0, 0, 0, 0, 0, 306648, 2140
317172, 0, 0, 0, 0, 0, 0, 306648, 2140
317172, 0, 0, 0, 0, 0, 0, 306648, 2140
317172, 0, 0, 0, 0, 0, 0, 306648, 2140
317172, 0, 0, 0, 0, 0, 0, 306648, 2140
317172, 0, 0, 0, 0, 0, 0, 306648, 2140
317172, 0, 0, 0, 0, 0, 0, 306648, 2140
317172, 0, 0, 0, 0, 0, 0, 306648, 2140
317172, 0, 0, 0, 0, 0, 0, 306648, 2140
317172, 0, 0, 0, 0, 0, 0, 306648, 2140
317172, 0, 0, 0, 0, 0, 0, 306648, 2140
317172, 0, 0, 0, 0, 0, 0, 306648, 2140
317172, 0, 0, 0, 0, 0, 0, 306648, 2140
317172, 0, 0, 0, 0, 0, 0, 306648, 2140
317172, 0, 0, 0, 0, 0, 0, 306648, 2140
317172, 0, 0, 0, 0, 0, 0, 306648, 2140
317172, 0, 0, 0, 0, 0, 0, 306648, 2140
317172, 0, 0, 0, 0, 0, 0, 306648, 2140
317172, 0, 0, 0, 0, 0, 0, 306648, 2140
317172, 0, 0, 0, 0, 0, 0, 306648, 2140
317172, 0, 0, 0, 0, 0, 0, 306648, 2140
317172, 0, 0, 0, 0, 0, 0, 306648, 2140
317172, 0, 0, 0, 0, 0, 0, 306648, 2140
317172, 0, 0, 0, 0, 0, 0, 306648, 2140
317172, 0, 0, 0, 0, 0, 0, 306648, 2140
317172, 0, 0, 0, 0, 0, 0, 306648, 2140
317172, 0, 0, 0, 0, 0, 0, 306648, 2140
317172, 0, 0, 0, 0, 0, 0, 306648, 2140
317172, 0, 0, 0, 0, 0, 0, 306648, 2140
317172, 0, 0, 0, 0, 0, 0, 306648, 2140
317172, 0, 0, 0, 0, 0, 0, 306648, 2140
317172, 0, 0, 0, 0, 0, 0, 306648, 2140
317172, 0, 0, 0, 0, 0, 0, 306648, 2140
317172, 0, 0, 0, 0, 0, 0, 306648, 2140
317172, 0, 0, 0, 0, 0, 0, 306648, 2140
317172, 0, 0, 0, 0, 0, 0, 306648, 2140
317172, 0, 0, 0, 0, 0, 0, 306648, 2140
317172, 0, 0, 0, 0, 0, 0, 306648, 2140
317172, 0, 0, 0, 0, 0, 0, 306648, 2140
317172, 0, 0, 0, 0, 0, 0, 306648, 2140
317172, 0, 0, 0, 0, 0, 0, 306648, 2140
317172, 0, 0, 0, 0, 0, 0, 306648, 2140
317172, 0, 0, 0, 0, 0, 0, 306648, 2140
317172, 0, 0, 0, 0, 0, 0, 306648, 2140
317172, 0, 0, 0, 0, 0, 0, 306648, 2140
317172, 0, 0, 0, 0, 0, 0, 306648, 2140
317172, 0, 0, 0, 0, 0, 0, 306648, 2140
317172, 0, 0, 0, 0, 0, 0, 306648, 2140
317172, 0, 0, 0, 0, 0, 0, 306648, 2140
317172, 0, 0, 0, 0, 0, 0, 306648, 2140
317172, 0, 0, 0, 0, 0, 0, 306648, 2140
317172, 0, 0, 0, 0, 0, 0, 306648, 2140
317172, 0, 0, 0, 0, 0, 0, 306648, 2140
317172, 0, 0, 0, 0, 0, 0, 306648, 2140
317172, 0, 0, 0, 0, 0, 0, 306648, 2140
317172, 0, 0, 0, 0, 0, 0, 306648, 2140
317172, 0, 0, 0, 0, 0, 0, 306648, 2140
317172, 0, 0, 0, 0, 0, 0, 306648, 2140
317172, 0, 0, 0, 0, 0, 0, 306648, 2140
317172, 0, 0, 0, 0, 0, 0, 306648, 2140
317172, 0, 0, 0, 0, 0, 0, 306648, 2140
317172, 0, 0, 0, 0, 0, 0, 306648, 2140
317172, 0, 0, 0, 0, 0, 0, 306648, 2140
317172, 0, 0, 0, 0, 0, 0, 306648, 2140
317172, 0, 0, 0, 0, 0, 0, 306648, 2140
317172, 0, 0, 0, 0, 0, 0, 306648, 2140
317172, 0, 0, 0, 0, 0, 0, 306648, 2140
317172, 0, 0, 0, 0, 0, 0, 306648, 2140
317172, 0, 0, 0, 0, 0, 0, 306648, 2140
317172, 0, 0, 0, 0, 0, 0, 306648, 2140
317172, 0, 0, 0, 0, 0, 0, 306648, 2140
317172, 0, 0, 0, 0, 0, 0, 306648, 2140
317172, 0, 0, 0, 0, 0, 0, 306648, 2140
317172, 0, 0, 0, 0, 0, 0, 306648, 2140
317172, 0, 0, 0, 0, 0, 0, 306648, 2140
317172, 0, 0, 0, 0, 0, 0, 306648, 2140
317172, 0, 0, 0, 0, 0, 0, 306648, 2140
317172, 0, 0, 0, 0, 0, 0, 306648, 2140
317172, 0, 0, 0, 0, 0, 0, 306648, 2140
317172, 0, 0, 0, 0, 0, 0, 306648, 2140
317172, 0, 0, 0, 0, 0, 0, 306648, 2140
317172, 0, 0, 0, 0, 0, 0, 306648, 2140
317172, 0, 0, 0, 0, 0, 0, 306648, 2140
317172, 0, 0, 0, 0, 0, 0, 306648, 2140
317172, 0, 0, 0, 0, 0, 0, 306648, 2140
317172, 0, 0, 0, 0, 0, 0, 306648, 2140
317172, 0, 0, 0, 0, 0, 0, 306648, 2140
317172, 0, 0, 0, 0, 0, 0, 306648, 2140
317172, 0, 0, 0, 0, 0, 0, 306648, 2140
317172, 0, 0, 0, 0, 0, 0, 306648, 2140
317172, 0, 0, 0, 0, 0, 0, 306648, 2140
317172, 0, 0, 0, 0, 0, 0, 306648, 2140
317172, 0, 0, 0, 0, 0, 0, 306648, 2140
317172, 0, 0, 0, 0, 0, 0, 306648, 2140
317172, 0, 0, 0, 0, 0, 0, 306648, 2140
317172, 0, 0, 0, 0, 0, 0, 306648, 2140
317172, 0, 0, 0, 0, 0, 0, 306648, 2140
317172, 0, 0, 0, 0, 0, 0, 306648, 2140
317172, 0, 0, 0, 0, 0, 0, 306648, 2140
317172, 0, 0, 0, 0, 0, 0, 306648, 2140
317172, 0, 0, 0, 0, 0, 0, 306648, 2140
317172, 0, 0, 0, 0, 0, 0, 306648, 2140
317172, 0, 0, 0, 0, 0, 0, 306648, 2140
317172, 0, 0, 0, 0, 0, 0, 306648, 2140
317172, 0, 0, 0, 0, 0, 0, 306648, 2140
317172, 0, 0, 0, 0, 0, 0, 306648, 2140
317172, 0, 0, 0, 0, 0, 0, 306648, 2140
317172, 0, 0, 0, 0, 0, 0, 306648, 2140
317172, 0, 0, 0, 0, 0, 0, 306648, 2140
317172, 0, 0, 0, 0, 0, 0, 306648, 2140
317172, 0, 0, 0, 0, 0, 0, 306648, 2140
317172, 0, 0, 0, 0, 0, 0, 306648, 2140
317172, 0, 0, 0, 0, 0, 0, 306648, 2140
317172, 0, 0, 0, 0, 0, 0, 306648, 2140
317172, 0, 0, 0, 0, 0, 0, 306648, 2140
317172, 0, 0, 0, 0, 0, 0, 306648, 2140
317172, 0, 0, 0, 0, 0, 0, 306648, 2140
317172, 0, 0, 0, 0, 0, 0, 306648, 2140
317172, 0, 0, 0, 0, 0, 0, 306648, 2140
317172, 0, 0, 0, 0, 0, 0, 306648, 2140
317172, 0, 0, 0, 0, 0, 0, 306648, 2140
317172, 0, 0, 0, 0, 0, 0, 306648, 2140
317172, 0, 0, 0, 0, 0, 0, 306648, 2140
317172, 0, 0, 0, 0, 0, 0, 306648, 2140
317172, 0, 0, 0, 0, 0, 0, 306648, 2140
317172, 0, 0, 0, 0, 0, 0, 306648, 2140
317172, 0, 0, 0, 0, 0, 0, 306648, 2140
317172, 0, 0, 0, 0, 0, 0, 306648, 2140
317172, 0, 0, 0, 0, 0, 0, 306648, 2140
317172, 0, 0, 0, 0, 0, 0, 306648, 2140
317172, 0, 0, 0, 0, 0, 0, 306648, 2140
317172, 0, 0, 0, 0, 0, 0, 306648, 2140
317172, 0, 0, 0, 0, 0, 0, 306648, 2140
317172, 0, 0, 0, 0, 0, 0, 306648, 2140
317172, 0, 0, 0, 0, 0, 0, 306648, 2140
317172, 0, 0, 0, 0, 0, 0, 306648, 2140
317172, 0, 0, 0, 0, 0, 0, 306648, 2140
317172, 0, 0, 0, 0, 0, 0, 306648, 2140
317172, 0, 0, 0, 0, 0, 0, 306648, 2140
317172, 0, 0, 0, 0, 0, 0, 306648, 2140
317172, 0, 0, 0, 0, 0, 0, 306648, 2140
317172, 0, 0, 0, 0, 0, 0, 306648, 2140
317172, 0, 0, 0, 0, 0, 0, 306648, 2140
317172, 0, 0, 0, 0, 0, 0, 306648, 2140
317172, 0, 0, 0, 0, 0, 0, 306648, 2140
317172, 0, 0, 0, 0, 0, 0, 306648, 2140
317172, 0, 0, 0, 0, 0, 0, 306648, 2140
317172, 0, 0, 0, 0, 0, 0, 306648, 2140
317172, 0, 0, 0, 0, 0, 0, 306648, 2140
317172, 0, 0, 0, 0, 0, 0, 306648, 2140
317172, 0, 0, 0, 0, 0, 0, 306648, 2140
317172, 0, 0, 0, 0, 0, 0, 306648, 2140
317172, 0, 0, 0, 0, 0, 0, 306648, 2140
317172, 0, 0, 0, 0, 0, 0, 306648, 2140
317172, 0, 0, 0, 0, 0, 0, 306648, 2140
317172, 0, 0, 0, 0, 0, 0, 306648, 2140
317172, 0, 0, 0, 0, 0, 0, 306648, 2140
317172, 0, 0, 0, 0, 0, 0, 306648, 2140
317172, 0, 0, 0, 0, 0, 0, 306648, 2140
317172, 0, 0, 0, 0, 0, 0, 306648, 2140
317172, 0, 0, 0, 0, 0, 0, 306648, 2140
317172, 0, 0, 0, 0, 0, 0, 306648, 2140
317172, 0, 0, 0, 0, 0, 0, 306648, 2140
317172, 0, 0, 0, 0, 0, 0, 306648, 2140
317172, 0, 0, 0, 0, 0, 0, 306648, 2140
317172, 0, 0, 0, 0, 0, 0, 306648, 2140
317172, 0, 0, 0, 0, 0, 0, 306648, 2140
317172, 0, 0, 0, 0, 0, 0, 306648, 2140
317172, 0, 0, 0, 0, 0, 0, 306648, 2140
317172, 0, 0, 0, 0, 0, 0, 306648, 2140
317172, 0, 0, 0, 0, 0, 0, 306648, 2140
317172, 0, 0, 0, 0, 0, 0, 306648, 2140
317172, 0, 0, 0, 0, 0, 0, 306648, 2140
317172, 0, 0, 0, 0, 0, 0, 306648, 2140
317172, 0, 0, 0, 0, 0, 0, 306648, 2140
317172, 0, 0, 0, 0, 0, 0, 306648, 2140
317172, 0, 0, 0, 0, 0, 0, 306648, 2140
317172, 0, 0, 0, 0, 0, 0, 306648, 2140
317172, 0, 0, 0, 0, 0, 0, 306648, 2140
317172, 0, 0, 0, 0, 0, 0, 306648, 2140
317172, 0, 0, 0, 0, 0, 0, 306648, 2140
317172, 0, 0, 0, 0, 0, 0, 306648, 2140
317172, 0, 0, 0, 0, 0, 0, 306648, 2140
317172, 0, 0, 0, 0, 0, 0, 306648, 2140
317172, 0, 0, 0, 0, 0, 0, 306648, 2140
317172, 0, 0, 0, 0, 0, 0, 306648, 2140
317172, 0, 0, 0, 0, 0, 0, 306648, 2140
317172, 0, 0, 0, 0, 0, 0, 306648, 2140
317172, 0, 0, 0, 0, 0, 0, 306648, 2140
317172, 0, 0, 0, 0, 0, 0, 306648, 2140
317172, 0, 0, 0, 0, 0, 0, 306648, 2140
317172, 0, 0, 0, 0, 0, 0, 306648, 2140
317172, 0, 0, 0, 0, 0, 0, 306648, 2140
317172, 0, 0, 0, 0, 0, 0, 306648, 2140
317172, 0, 0, 0, 0, 0, 0, 306648, 2140
317172, 0, 0, 0, 0, 0, 0, 306648, 2140
317172, 0, 0, 0, 0, 0, 0, 306648, 2140
317172, 0, 0, 0, 0, 0, 0, 306648, 2140
317172, 0, 0, 0, 0, 0, 0, 306648, 2140
317172, 0, 0, 0, 0, 0, 0, 306648, 2140
317172, 0, 0, 0, 0, 0, 0, 306648, 2140
317172, 0, 0, 0, 0, 0, 0, 306648, 2140
317172, 0, 0, 0, 0, 0, 0, 306648, 2140
317172, 0, 0, 0, 0, 0, 0, 306648, 2140
317172, 0, 0, 0, 0, 0, 0, 306648, 2140
317172, 0, 0, 0, 0, 0, 0, 306648, 2140
317172, 0, 0, 0, 0, 0, 0, 306648, 2140
317172, 0, 0, 0, 0, 0, 0, 306648, 2140
317172, 0, 0, 0, 0, 0, 0, 306648, 2140
317172, 0, 0, 0, 0, 0, 0, 306648, 2140
317172, 0, 0, 0, 0, 0, 0, 306648, 2140
317172, 0, 0, 0, 0, 0, 0, 306648, 2140
317172, 0, 0, 0, 0, 0, 0, 306648, 2140
317172, 0, 0, 0, 0, 0, 0, 306648, 2140
317172, 0, 0, 0, 0, 0, 0, 306648, 2140
317172, 0, 0, 0, 0, 0, 0, 306648, 2140
317172, 0, 0, 0, 0, 0, 0, 306648, 2140
317172, 0, 0, 0, 0, 0, 0, 306648, 2140
317172, 0, 0, 0, 0, 0, 0, 306648, 2140
317172, 0, 0, 0, 0, 0, 0, 306648, 2140
317172, 0, 0, 0, 0, 0, 0, 306648, 2140
317172, 0, 0, 0, 0, 0, 0, 306648, 2140
317172, 0, 0, 0, 0, 0, 0, 306648, 2140
317172, 0, 0, 0, 0, 0, 0, 306648, 2140
317172, 0, 0, 0, 0, 0, 0, 306648, 2140
317172, 0, 0, 0, 0, 0, 0, 306648, 2140
317172, 0, 0, 0, 0, 0, 0, 306648, 2140
317172, 0, 0, 0, 0, 0, 0, 306648, 2140
317172, 0, 0, 0, 0, 0, 0, 306648, 2140
317172, 0, 0, 0, 0, 0, 0, 306648, 2140
317172, 0, 0, 0, 0, 0, 0, 306648, 2140
317172, 0, 0, 0, 0, 0, 0, 306648, 2140
317172, 0, 0, 0, 0, 0, 0, 306648, 2140
317172, 0, 0, 0, 0, 0, 0, 306648, 2140
317172, 0, 0, 0, 0, 0, 0, 306648, 2140
317172, 0, 0, 0, 0, 0, 0, 306648, 2140
317172, 0, 0, 0, 0, 0, 0, 306648, 2140
317172, 0, 0, 0, 0, 0, 0, 306648, 2140
317172, 0, 0, 0, 0, 0, 0, 306648, 2140
317172, 0, 0, 0, 0, 0, 0, 306648, 2140
317172, 0, 0, 0, 0, 0, 0, 306648, 2140
317172, 0, 0, 0, 0, 0, 0, 306648, 2140
317172, 0, 0, 0, 0, 0, 0, 306648, 2140
317172, 0, 0, 0, 0, 0, 0, 306648, 2140
317172, 0, 0, 0, 0, 0, 0, 306648, 2140
317172, 0, 0, 0, 0, 0, 0, 306648, 2140
317172, 0, 0, 0, 0, 0, 0, 306648, 2140
317172, 0, 0, 0, 0, 0, 0, 306648, 2140
317172, 0, 0, 0, 0, 0, 0, 306648, 2140
317172, 0, 0, 0, 0, 0, 0, 306648, 2140
317172, 0, 0, 0, 0, 0, 0, 306648, 2140
317172, 0, 0, 0, 0, 0, 0, 306648, 2140
317172, 0, 0, 0, 0, 0, 0, 306648, 2140
317172, 0, 0, 0, 0, 0, 0, 306648, 2140
317172, 0, 0, 0, 0, 0, 0, 306648, 2140
317172, 0, 0, 0, 0, 0, 0, 306648, 2140
317172, 0, 0, 0, 0, 0, 0, 306648, 2140
317172, 0, 0, 0, 0, 0, 0, 306648, 2140
317172, 0, 0, 0, 0, 0, 0, 306648, 2140
317172, 0, 0, 0, 0, 0, 0, 306648, 2140
317172, 0, 0, 0, 0, 0, 0, 306648, 2140
317172, 0, 0, 0, 0, 0, 0, 306648, 2140
317172, 0, 0, 0, 0, 0, 0, 306648, 2140
317172, 0, 0, 0, 0, 0, 0, 306648, 2140
317172, 0, 0, 0, 0, 0, 0, 306648, 2140
317172, 0, 0, 0, 0, 0, 0, 306648, 2140
317172, 0, 0, 0, 0, 0, 0, 306648, 2140
317172, 0, 0, 0, 0, 0, 0, 306648, 2140
317172, 0, 0, 0, 0, 0, 0, 306648, 2140
317172, 0, 0, 0, 0, 0, 0, 306648, 2140
317172, 0, 0, 0, 0, 0, 0, 306648, 2140
317172, 0, 0, 0, 0, 0, 0, 306648, 2140
317172, 0, 0, 0, 0, 0, 0, 306648, 2140
317172, 0, 0, 0, 0, 0, 0, 306648, 2140
317172, 0, 0, 0, 0, 0, 0, 306648, 2140
317172, 0, 0, 0, 0, 0, 0, 306648, 2140
317172, 0, 0, 0, 0, 0, 0, 306648, 2140
317172, 0, 0, 0, 0, 0, 0, 306648, 2140
317172, 0, 0, 0, 0, 0, 0, 306648, 2140
317172, 0, 0, 0, 0, 0, 0, 306648, 2140
317172, 0, 0, 0, 0, 0, 0, 306648, 2140
317172, 0, 0, 0, 0, 0, 0, 306648, 2140
317172, 0, 0, 0, 0, 0, 0, 306648, 2140
317172, 0, 0, 0, 0, 0, 0, 306648, 2140
317172, 0, 0, 0, 0, 0, 0, 306648, 2140
317172, 0, 0, 0, 0, 0, 0, 306648, 2140
317172, 0, 0, 0, 0, 0, 0, 306648, 2140
317172, 0, 0, 0, 0, 0, 0, 306648, 2140
317172, 0, 0, 0, 0, 0, 0, 306648, 2140
317172, 0, 0, 0, 0, 0, 0, 306648, 2140
317172, 0, 0, 0, 0, 0, 0, 306648, 2140
317172, 0, 0, 0, 0, 0, 0, 306648, 2140
317172, 0, 0, 0, 0, 0, 0, 306648, 2140
317172, 0, 0, 0, 0, 0, 0, 306648, 2140
317172, 0, 0, 0, 0, 0, 0, 306648, 2140
317172, 0, 0, 0, 0, 0, 0, 306648, 2140
317172, 0, 0, 0, 0, 0, 0, 306648, 2140
317172, 0, 0, 0, 0, 0, 0, 306648, 2140
317172, 0, 0, 0, 0, 0, 0, 306648, 2140
317172, 0, 0, 0, 0, 0, 0, 306648, 2140
317172, 0, 0, 0, 0, 0, 0, 306648, 2140
317172, 0, 0, 0, 0, 0, 0, 306648, 2140
317172, 0, 0, 0, 0, 0, 0, 306648, 2140
317172, 0, 0, 0, 0, 0, 0, 306648, 2140
317172, 0, 0, 0, 0, 0, 0, 306648, 2140
317172, 0, 0, 0, 0, 0, 0, 306648, 2140
317172, 0, 0, 0, 0, 0, 0, 306648, 2140
317172, 0, 0, 0, 0, 0, 0, 306648, 2140
317172, 0, 0, 0, 0, 0, 0, 306648, 2140
317172, 0, 0, 0, 0, 0, 0, 306648, 2140
317172, 0, 0, 0, 0, 0, 0, 306648, 2140
317172, 0, 0, 0, 0, 0, 0, 306648, 2140
317172, 0, 0, 0, 0, 0, 0, 306648, 2140
317172, 0, 0, 0, 0, 0, 0, 306648, 2140
317172, 0, 0, 0, 0, 0, 0, 306648, 2140
317172, 0, 0, 0, 0, 0, 0, 306648, 2140
317172, 0, 0, 0, 0, 0, 0, 306648, 2140
317172, 0, 0, 0, 0, 0, 0, 306648, 2140
317172, 0, 0, 0, 0, 0, 0, 306648, 2140
317172, 0, 0, 0, 0, 0, 0, 306648, 2140
317172, 0, 0, 0, 0, 0, 0, 306648, 2140
317172, 0, 0, 0, 0, 0, 0, 306648, 2140
317172, 0, 0, 0, 0, 0, 0, 306648, 2140
317172, 0, 0, 0, 0, 0, 0, 306648, 2140
317172, 0, 0, 0, 0, 0, 0, 306648, 2140
317172, 0, 0, 0, 0, 0, 0, 306648, 2140
317172, 0, 0, 0, 0, 0, 0, 306648, 2140
317172, 0, 0, 0, 0, 0, 0, 306648, 2140
317172, 0, 0, 0, 0, 0, 0, 306648, 2140
317172, 0, 0, 0, 0, 0, 0, 306648, 2140
317172, 0, 0, 0, 0, 0, 0, 306648, 2140
317172, 0, 0, 0, 0, 0, 0, 306648, 2140
317172, 0, 0, 0, 0, 0, 0, 306648, 2140
317172, 0, 0, 0, 0, 0, 0, 306648, 2140
317172, 0, 0, 0, 0, 0, 0, 306648, 2140
317172, 0, 0, 0, 0, 0, 0, 306648, 2140
317172, 0, 0, 0, 0, 0, 0, 306648, 2140
317172, 0, 0, 0, 0, 0, 0, 306648, 2140
317172, 0, 0, 0, 0, 0, 0, 306648, 2140
317172, 0, 0, 0, 0, 0, 0, 306648, 2140
317172, 0, 0, 0, 0, 0, 0, 306648, 2140
317172, 0, 0, 0, 0, 0, 0, 306648, 2140
317172, 0, 0, 0, 0, 0, 0, 306648, 2140
317172, 0, 0, 0, 0, 0, 0, 306648, 2140
317172, 0, 0, 0, 0, 0, 0, 306648, 2140
317172, 0, 0, 0, 0, 0, 0, 306648, 2140
317172, 0, 0, 0, 0, 0, 0, 306648, 2140
317172, 0, 0, 0, 0, 0, 0, 306648, 2140
317172, 0, 0, 0, 0, 0, 0, 306648, 2140
317172, 0, 0, 0, 0, 0, 0, 306648, 2140
317172, 0, 0, 0, 0, 0, 0, 306648, 2140
317172, 0, 0, 0, 0, 0, 0, 306648, 2140
317172, 0, 0, 0, 0, 0, 0, 306648, 2140
317172, 0, 0, 0, 0, 0, 0, 306648, 2140
317172, 0, 0, 0, 0, 0, 0, 306648, 2140
317172, 0, 0, 0, 0, 0, 0, 306648, 2140
317172, 0, 0, 0, 0, 0, 0, 306648, 2140
317172, 0, 0, 0, 0, 0, 0, 306648, 2140
317172, 0, 0, 0, 0, 0, 0, 306648, 2140
317172, 0, 0, 0, 0, 0, 0, 306648, 2140
317172, 0, 0, 0, 0, 0, 0, 306648, 2140
317172, 0, 0, 0, 0, 0, 0, 306648, 2140
317172, 0, 0, 0, 0, 0, 0, 306648, 2140
317172, 0, 0, 0, 0, 0, 0, 306648, 2140
317172, 0, 0, 0, 0, 0, 0, 306648, 2140
317172, 0, 0, 0, 0, 0, 0, 306648, 2140
317172, 0, 0, 0, 0, 0, 0, 306648, 2140
317172, 0, 0, 0, 0, 0, 0, 306648, 2140
317172, 0, 0, 0, 0, 0, 0, 306648, 2140
317172, 0, 0, 0, 0, 0, 0, 306648, 2140
317172, 0, 0, 0, 0, 0, 0, 306648, 2140
317172, 0, 0, 0, 0, 0, 0, 306648, 2140
317172, 0, 0, 0, 0, 0, 0, 306648, 2140
317172, 0, 0, 0, 0, 0, 0, 306648, 2140
317172, 0, 0, 0, 0, 0, 0, 306648, 2140
317172, 0, 0, 0, 0, 0, 0, 306648, 2140
317172, 0, 0, 0, 0, 0, 0, 306648, 2140
317172, 0, 0, 0, 0, 0, 0, 306648, 2140
317172, 0, 0, 0, 0, 0, 0, 306648, 2140
317172, 0, 0, 0, 0, 0, 0, 306648, 2140
317172, 0, 0, 0, 0, 0, 0, 306648, 2140
317172, 0, 0, 0, 0, 0, 0, 306648, 2140
317172, 0, 0, 0, 0, 0, 0, 306648, 2140
317172, 0, 0, 0, 0, 0, 0, 306648, 2140
317172, 0, 0, 0, 0, 0, 0, 306648, 2140
317172, 0, 0, 0, 0, 0, 0, 306648, 2140
317172, 0, 0, 0, 0, 0, 0, 306648, 2140
317172, 0, 0, 0, 0, 0, 0, 306648, 2140
317172, 0, 0, 0, 0, 0, 0, 306648, 2140
317172, 0, 0, 0, 0, 0, 0, 306648, 2140
317172, 0, 0, 0, 0, 0, 0, 306648, 2140
317172, 0, 0, 0, 0, 0, 0, 306648, 2140
317172, 0, 0, 0, 0, 0, 0, 306648, 2140
317172, 0, 0, 0, 0, 0, 0, 306648, 2140
317172, 0, 0, 0, 0, 0, 0, 306648, 2140
317172, 0, 0, 0, 0, 0, 0, 306648, 2140
317172, 0, 0, 0, 0, 0, 0, 306648, 2140
317172, 0, 0, 0, 0, 0, 0, 306648, 2140
317172, 0, 0, 0, 0, 0, 0, 306648, 2140
317172, 0, 0, 0, 0, 0, 0, 306648, 2140
317172, 0, 0, 0, 0, 0, 0, 306648, 2140
317172, 0, 0, 0, 0, 0, 0, 306648, 2140
317172, 0, 0, 0, 0, 0, 0, 306648, 2140
317172, 0, 0, 0, 0, 0, 0, 306648, 2140
317172, 0, 0, 0, 0, 0, 0, 306648, 2140
317172, 0, 0, 0, 0, 0, 0, 306648, 2140
317172, 0, 0, 0, 0, 0, 0, 306648, 2140
317172, 0, 0, 0, 0, 0, 0, 306648, 2140
317172, 0, 0, 0, 0, 0, 0, 306648, 2140
317172, 0, 0, 0, 0, 0, 0, 306648, 2140
317172, 0, 0, 0, 0, 0, 0, 306648, 2140
317172, 0, 0, 0, 0, 0, 0, 306648, 2140
317172, 0, 0, 0, 0, 0, 0, 306648, 2140
317172, 0, 0, 0, 0, 0, 0, 306648, 2140
317172, 0, 0, 0, 0, 0, 0, 306648, 2140
317172, 0, 0, 0, 0, 0, 0, 306648, 2140
317172, 0, 0, 0, 0, 0, 0, 306648, 2140
317172, 0, 0, 0, 0, 0, 0, 306648, 2140
317172, 0, 0, 0, 0, 0, 0, 306648, 2140
317172, 0, 0, 0, 0, 0, 0, 306648, 2140
317172, 0, 0, 0, 0, 0, 0, 306648, 2140
317172, 0, 0, 0, 0, 0, 0, 306648, 2140
317172, 0, 0, 0, 0, 0, 0, 306648, 2140
317172, 0, 0, 0, 0, 0, 0, 306648, 2140
317172, 0, 0, 0, 0, 0, 0, 306648, 2140
317172, 0, 0, 0, 0, 0, 0, 306648, 2140
317172, 0, 0, 0, 0, 0, 0, 306648, 2140
317172, 0, 0, 0, 0, 0, 0, 306648, 2140
317172, 0, 0, 0, 0, 0, 0, 306648, 2140
317172, 0, 0, 0, 0, 0, 0, 306648, 2140
317172, 0, 0, 0, 0, 0, 0, 306648, 2140
317172, 0, 0, 0, 0, 0, 0, 306648, 2140
317172, 0, 0, 0, 0, 0, 0, 306648, 2140
317172, 0, 0, 0, 0, 0, 0, 306648, 2140
317172, 0, 0, 0, 0, 0, 0, 306648, 2140
317172, 0, 0, 0, 0, 0, 0, 306648, 2140
317172, 0, 0, 0, 0, 0, 0, 306648, 2140
317172, 0, 0, 0, 0, 0, 0, 306648, 2140
317172, 0, 0, 0, 0, 0, 0, 306648, 2140
317172, 0, 0, 0, 0, 0, 0, 306648, 2140
317172, 0, 0, 0, 0, 0, 0, 306648, 2140
317172, 0, 0, 0, 0, 0, 0, 306648, 2140
317172, 0, 0, 0, 0, 0, 0, 306648, 2140
317172, 0, 0, 0, 0, 0, 0, 306648, 2140
317172, 0, 0, 0, 0, 0, 0, 306648, 2140
317172, 0, 0, 0, 0, 0, 0, 306648, 2140
317172, 0, 0, 0, 0, 0, 0, 306648, 2140
317172, 0, 0, 0, 0, 0, 0, 306648, 2140
317172, 0, 0, 0, 0, 0, 0, 306648, 2140
317172, 0, 0, 0, 0, 0, 0, 306648, 2140
317172, 0, 0, 0, 0, 0, 0, 306648, 2140
317172, 0, 0, 0, 0, 0, 0, 306648, 2140
317172, 0, 0, 0, 0, 0, 0, 306648, 2140
317172, 0, 0, 0, 0, 0, 0, 306648, 2140
317172, 0, 0, 0, 0, 0, 0, 306648, 2140
317172, 0, 0, 0, 0, 0, 0, 306648, 2140
317172, 0, 0, 0, 0, 0, 0, 306648, 2140
317172, 0, 0, 0, 0, 0, 0, 306648, 2140
317172, 0, 0, 0, 0, 0, 0, 306648, 2140
317172, 0, 0, 0, 0, 0, 0, 306648, 2140
317172, 0, 0, 0, 0, 0, 0, 306648, 2140
317172, 0, 0, 0, 0, 0, 0, 306648, 2140
317172, 0, 0, 0, 0, 0, 0, 306648, 2140
317172, 0, 0, 0, 0, 0, 0, 306648, 2140
317172, 0, 0, 0, 0, 0, 0, 306648, 2140
317172, 0, 0, 0, 0, 0, 0, 306648, 2140
317172, 0, 0, 0, 0, 0, 0, 306648, 2140
317172, 0, 0, 0, 0, 0, 0, 306648, 2140
317172, 0, 0, 0, 0, 0, 0, 306648, 2140
317172, 0, 0, 0, 0, 0, 0, 306648, 2140
317172, 0, 0, 0, 0, 0, 0, 306648, 2140
317172, 0, 0, 0, 0, 0, 0, 306648, 2140
317172, 0, 0, 0, 0, 0, 0, 306648, 2140
317172, 0, 0, 0, 0, 0, 0, 306648, 2140
317172, 0, 0, 0, 0, 0, 0, 306648, 2140
317172, 0, 0, 0, 0, 0, 0, 306648, 2140
317172, 0, 0, 0, 0, 0, 0, 306648, 2140
317172, 0, 0, 0, 0, 0, 0, 306648, 2140
317172, 0, 0, 0, 0, 0, 0, 306648, 2140
317172, 0, 0, 0, 0, 0, 0, 306648, 2140
317172, 0, 0, 0, 0, 0, 0, 306648, 2140
317172, 0, 0, 0, 0, 0, 0, 306648, 2140
317172, 0, 0, 0, 0, 0, 0, 306648, 2140
317172, 0, 0, 0, 0, 0, 0, 306648, 2140
317172, 0, 0, 0, 0, 0, 0, 306648, 2140
317172, 0, 0, 0, 0, 0, 0, 306648, 2140
317172, 0, 0, 0, 0, 0, 0, 306648, 2140
317172, 0, 0, 0, 0, 0, 0, 306648, 2140
317172, 0, 0, 0, 0, 0, 0, 306648, 2140
317172, 0, 0, 0, 0, 0, 0, 306648, 2140
317172, 0, 0, 0, 0, 0, 0, 306648, 2140
317172, 0, 0, 0, 0, 0, 0, 306648, 2140
317172, 0, 0, 0, 0, 0, 0, 306648, 2140
317172, 0, 0, 0, 0, 0, 0, 306648, 2140
317172, 0, 0, 0, 0, 0, 0, 306648, 2140
317172, 0, 0, 0, 0, 0, 0, 306648, 2140
317172, 0, 0, 0, 0, 0, 0, 306648, 2140
317172, 0, 0, 0, 0, 0, 0, 306648, 2140
317172, 0, 0, 0, 0, 0, 0, 306648, 2140
317172, 0, 0, 0, 0, 0, 0, 306648, 2140
317172, 0, 0, 0, 0, 0, 0, 306648, 2140
317172, 0, 0, 0, 0, 0, 0, 306648, 2140
317172, 0, 0, 0, 0, 0, 0, 306648, 2140
317172, 0, 0, 0, 0, 0, 0, 306648, 2140
317172, 0, 0, 0, 0, 0, 0, 306648, 2140
317172, 0, 0, 0, 0, 0, 0, 306648, 2140
317172, 0, 0, 0, 0, 0, 0, 306648, 2140
317172, 0, 0, 0, 0, 0, 0, 306648, 2140
317172, 0, 0, 0, 0, 0, 0, 306648, 2140
317172, 0, 0, 0, 0, 0, 0, 306648, 2140
317172, 0, 0, 0, 0, 0, 0, 306648, 2140
317172, 0, 0, 0, 0, 0, 0, 306648, 2140
317172, 0, 0, 0, 0, 0, 0, 306648, 2140
317172, 0, 0, 0, 0, 0, 0, 306648, 2140
317172, 0, 0, 0, 0, 0, 0, 306648, 2140
317172, 0, 0, 0, 0, 0, 0, 306648, 2140
317172, 0, 0, 0, 0, 0, 0, 306648, 2140
317172, 0, 0, 0, 0, 0, 0, 306648, 2140
317172, 0, 0, 0, 0, 0, 0, 306648, 2140
317172, 0, 0, 0, 0, 0, 0, 306648, 2140
317172, 0, 0, 0, 0, 0, 0, 306648, 2140
317172, 0, 0, 0, 0, 0, 0, 306648, 2140
317172, 0, 0, 0, 0, 0, 0, 306648, 2140
317172, 0, 0, 0, 0, 0, 0, 306648, 2140
317172, 0, 0, 0, 0, 0, 0, 306648, 2140
317172, 0, 0, 0, 0, 0, 0, 306648, 2140
317172, 0, 0, 0, 0, 0, 0, 306648, 2140
317172, 0, 0, 0, 0, 0, 0, 306648, 2140
317172, 0, 0, 0, 0, 0, 0, 306648, 2140
317172, 0, 0, 0, 0, 0, 0, 306648, 2140
317172, 0, 0, 0, 0, 0, 0, 306648, 2140
317172, 0, 0, 0, 0, 0, 0, 306648, 2140
317172, 0, 0, 0, 0, 0, 0, 306648, 2140
317172, 0, 0, 0, 0, 0, 0, 306648, 2140
317172, 0, 0, 0, 0, 0, 0, 306648, 2140
317172, 0, 0, 0, 0, 0, 0, 306648, 2140
317172, 0, 0, 0, 0, 0, 0, 306648, 2140
317172, 0, 0, 0, 0, 0, 0, 306648, 2140
317172, 0, 0, 0, 0, 0, 0, 306648, 2140
317172, 0, 0, 0, 0, 0, 0, 306648, 2140
317172, 0, 0, 0, 0, 0, 0, 306648, 2140
317172, 0, 0, 0, 0, 0, 0, 306648, 2140
317172, 0, 0, 0, 0, 0, 0, 306648, 2140
317172, 0, 0, 0, 0, 0, 0, 306648, 2140
317172, 0, 0, 0, 0, 0, 0, 306648, 2140
317172, 0, 0, 0, 0, 0, 0, 306648, 2140
317172, 0, 0, 0, 0, 0, 0, 306648, 2140
317172, 0, 0, 0, 0, 0, 0, 306648, 2140
317172, 0, 0, 0, 0, 0, 0, 306648, 2140
317172, 0, 0, 0, 0, 0, 0, 306648, 2140
317172, 0, 0, 0, 0, 0, 0, 306648, 2140
317172, 0, 0, 0, 0, 0, 0, 306648, 2140
317172, 0, 0, 0, 0, 0, 0, 306648, 2140
317172, 0, 0, 0, 0, 0, 0, 306648, 2140
317172, 0, 0, 0, 0, 0, 0, 306648, 2140
317172, 0, 0, 0, 0, 0, 0, 306648, 2140
317172, 0, 0, 0, 0, 0, 0, 306648, 2140
317172, 0, 0, 0, 0, 0, 0, 306648, 2140
317172, 0, 0, 0, 0, 0, 0, 306648, 2140
317172, 0, 0, 0, 0, 0, 0, 306648, 2140
317172, 0, 0, 0, 0, 0, 0, 306648, 2140
317172, 0, 0, 0, 0, 0, 0, 306648, 2140
317172, 0, 0, 0, 0, 0, 0, 306648, 2140
317172, 0, 0, 0, 0, 0, 0, 306648, 2140
317172, 0, 0, 0, 0, 0, 0, 306648, 2140
317172, 0, 0, 0, 0, 0, 0, 306648, 2140
317172, 0, 0, 0, 0, 0, 0, 306648, 2140
317172, 0, 0, 0, 0, 0, 0, 306648, 2140
317172, 0, 0, 0, 0, 0, 0, 306648, 2140
317172, 0, 0, 0, 0, 0, 0, 306648, 2140
317172, 0, 0, 0, 0, 0, 0, 306648, 2140
317172, 0, 0, 0, 0, 0, 0, 306648, 2140
317172, 0, 0, 0, 0, 0, 0, 306648, 2140
317172, 0, 0, 0, 0, 0, 0, 306648, 2140
317172, 0, 0, 0, 0, 0, 0, 306648, 2140
317172, 0, 0, 0, 0, 0, 0, 306648, 2140
317172, 0, 0, 0, 0, 0, 0, 306648, 2140
317172, 0, 0, 0, 0, 0, 0, 306648, 2140
317172, 0, 0, 0, 0, 0, 0, 306648, 2140
317172, 0, 0, 0, 0, 0, 0, 306648, 2140
317172, 0, 0, 0, 0, 0, 0, 306648, 2140
317172, 0, 0, 0, 0, 0, 0, 306648, 2140
317172, 0, 0, 0, 0, 0, 0, 306648, 2140
317172, 0, 0, 0, 0, 0, 0, 306648, 2140
317172, 0, 0, 0, 0, 0, 0, 306648, 2140
317172, 0, 0, 0, 0, 0, 0, 306648, 2140
317172, 0, 0, 0, 0, 0, 0, 306648, 2140
317172, 0, 0, 0, 0, 0, 0, 306648, 2140
317172, 0, 0, 0, 0, 0, 0, 306648, 2140
317172, 0, 0, 0, 0, 0, 0, 306648, 2140
317172, 0, 0, 0, 0, 0, 0, 306648, 2140
317172, 0, 0, 0, 0, 0, 0, 306648, 2140
317172, 0, 0, 0, 0, 0, 0, 306648, 2140
317172, 0, 0, 0, 0, 0, 0, 306648, 2140
317172, 0, 0, 0, 0, 0, 0, 306648, 2140
317172, 0, 0, 0, 0, 0, 0, 306648, 2140
317172, 0, 0, 0, 0, 0, 0, 306648, 2140
317172, 0, 0, 0, 0, 0, 0, 306648, 2140
317172, 0, 0, 0, 0, 0, 0, 306648, 2140
317172, 0, 0, 0, 0, 0, 0, 306648, 2140
317172, 0, 0, 0, 0, 0, 0, 306648, 2140
317172, 0, 0, 0, 0, 0, 0, 306648, 2140
317172, 0, 0, 0, 0, 0, 0, 306648, 2140
317172, 0, 0, 0, 0, 0, 0, 306648, 2140
317172, 0, 0, 0, 0, 0, 0, 306648, 2140
317172, 0, 0, 0, 0, 0, 0, 306648, 2140
317172, 0, 0, 0, 0, 0, 0, 306648, 2140
317172, 0, 0, 0, 0, 0, 0, 306648, 2140
317172, 0, 0, 0, 0, 0, 0, 306648, 2140
317172, 0, 0, 0, 0, 0, 0, 306648, 2140
317172, 0, 0, 0, 0, 0, 0, 306648, 2140
317172, 0, 0, 0, 0, 0, 0, 306648, 2140
317172, 0, 0, 0, 0, 0, 0, 306648, 2140
317172, 0, 0, 0, 0, 0, 0, 306648, 2140
317172, 0, 0, 0, 0, 0, 0, 306648, 2140
317172, 0, 0, 0, 0, 0, 0, 306648, 2140
317172, 0, 0, 0, 0, 0, 0, 306648, 2140
317172, 0, 0, 0, 0, 0, 0, 306648, 2140
317172, 0, 0, 0, 0, 0, 0, 306648, 2140
317172, 0, 0, 0, 0, 0, 0, 306648, 2140
317172, 0, 0, 0, 0, 0, 0, 306648, 2140
317172, 0, 0, 0, 0, 0, 0, 306648, 2140
317172, 0, 0, 0, 0, 0, 0, 306648, 2140
317172, 0, 0, 0, 0, 0, 0, 306648, 2140
317172, 0, 0, 0, 0, 0, 0, 306648, 2140
317172, 0, 0, 0, 0, 0, 0, 306648, 2140
317172, 0, 0, 0, 0, 0, 0, 306648, 2140
317172, 0, 0, 0, 0, 0, 0, 306648, 2140
317172, 0, 0, 0, 0, 0, 0, 306648, 2140
317172, 0, 0, 0, 0, 0, 0, 306648, 2140
317172, 0, 0, 0, 0, 0, 0, 306648, 2140
317172, 0, 0, 0, 0, 0, 0, 306648, 2140
317172, 0, 0, 0, 0, 0, 0, 306648, 2140
317172, 0, 0, 0, 0, 0, 0, 306648, 2140
317172, 0, 0, 0, 0, 0, 0, 306648, 2140
317172, 0, 0, 0, 0, 0, 0, 306648, 2140
317172, 0, 0, 0, 0, 0, 0, 306648, 2140
317172, 0, 0, 0, 0, 0, 0, 306648, 2140
317172, 0, 0, 0, 0, 0, 0, 306648, 2140
317172, 0, 0, 0, 0, 0, 0, 306648, 2140
317172, 0, 0, 0, 0, 0, 0, 306648, 2140
317172, 0, 0, 0, 0, 0, 0, 306648, 2140
317172, 0, 0, 0, 0, 0, 0, 306648, 2140
317172, 0, 0, 0, 0, 0, 0, 306648, 2140
317172, 0, 0, 0, 0, 0, 0, 306648, 2140
317172, 0, 0, 0, 0, 0, 0, 306648, 2140
317172, 0, 0, 0, 0, 0, 0, 306648, 2140
317172, 0, 0, 0, 0, 0, 0, 306648, 2140
317172, 0, 0, 0, 0, 0, 0, 306648, 2140
317172, 0, 0, 0, 0, 0, 0, 306648, 2140
317172, 0, 0, 0, 0, 0, 0, 306648, 2140
317172, 0, 0, 0, 0, 0, 0, 306648, 2140
317172, 0, 0, 0, 0, 0, 0, 306648, 2140
317172, 0, 0, 0, 0, 0, 0, 306648, 2140
317172, 0, 0, 0, 0, 0, 0, 306648, 2140
317172, 0, 0, 0, 0, 0, 0, 306648, 2140
317172, 0, 0, 0, 0, 0, 0, 306648, 2140
317172, 0, 0, 0, 0, 0, 0, 306648, 2140
317172, 0, 0, 0, 0, 0, 0, 306648, 2140
317172, 0, 0, 0, 0, 0, 0, 306648, 2140
317172, 0, 0, 0, 0, 0, 0, 306648, 2140
317172, 0, 0, 0, 0, 0, 0, 306648, 2140
317172, 0, 0, 0, 0, 0, 0, 306648, 2140
317172, 0, 0, 0, 0, 0, 0, 306648, 2140
317172, 0, 0, 0, 0, 0, 0, 306648, 2140
317172, 0, 0, 0, 0, 0, 0, 306648, 2140
317172, 0, 0, 0, 0, 0, 0, 306648, 2140
317172, 0, 0, 0, 0, 0, 0, 306648, 2140
317172, 0, 0, 0, 0, 0, 0, 306648, 2140
317172, 0, 0, 0, 0, 0, 0, 306648, 2140
317172, 0, 0, 0, 0, 0, 0, 306648, 2140
317172, 0, 0, 0, 0, 0, 0, 306648, 2140
317172, 0, 0, 0, 0, 0, 0, 306648, 2140
317172, 0, 0, 0, 0, 0, 0, 306648, 2140
317172, 0, 0, 0, 0, 0, 0, 306648, 2140
317172, 0, 0, 0, 0, 0, 0, 306648, 2140
317172, 0, 0, 0, 0, 0, 0, 306648, 2140
317172, 0, 0, 0, 0, 0, 0, 306648, 2140
317172, 0, 0, 0, 0, 0, 0, 306648, 2140
317172, 0, 0, 0, 0, 0, 0, 306648, 2140
317172, 0, 0, 0, 0, 0, 0, 306648, 2140
317172, 0, 0, 0, 0, 0, 0, 306648, 2140
317172, 0, 0, 0, 0, 0, 0, 306648, 2140
317172, 0, 0, 0, 0, 0, 0, 306648, 2140
317172, 0, 0, 0, 0, 0, 0, 306648, 2140
317172, 0, 0, 0, 0, 0, 0, 306648, 2140
317172, 0, 0, 0, 0, 0, 0, 306648, 2140
317172, 0, 0, 0, 0, 0, 0, 306648, 2140
317172, 0, 0, 0, 0, 0, 0, 306648, 2140
317172, 0, 0, 0, 0, 0, 0, 306648, 2140
317172, 0, 0, 0, 0, 0, 0, 306648, 2140
317172, 0, 0, 0, 0, 0, 0, 306648, 2140
317172, 0, 0, 0, 0, 0, 0, 306648, 2140
317172, 0, 0, 0, 0, 0, 0, 306648, 2140
317172, 0, 0, 0, 0, 0, 0, 306648, 2140
317172, 0, 0, 0, 0, 0, 0, 306648, 2140
317172, 0, 0, 0, 0, 0, 0, 306648, 2140
317172, 0, 0, 0, 0, 0, 0, 306648, 2140
317172, 0, 0, 0, 0, 0, 0, 306648, 2140
317172, 0, 0, 0, 0, 0, 0, 306648, 2140
317172, 0, 0, 0, 0, 0, 0, 306648, 2140
317172, 0, 0, 0, 0, 0, 0, 306648, 2140
317172, 0, 0, 0, 0, 0, 0, 306648, 2140
317172, 0, 0, 0, 0, 0, 0, 306648, 2140
317172, 0, 0, 0, 0, 0, 0, 306648, 2140
317172, 0, 0, 0, 0, 0, 0, 306648, 2140
317172, 0, 0, 0, 0, 0, 0, 306648, 2140
317172, 0, 0, 0, 0, 0, 0, 306648, 2140
317172, 0, 0, 0, 0, 0, 0, 306648, 2140
317172, 0, 0, 0, 0, 0, 0, 306648, 2140
317172, 0, 0, 0, 0, 0, 0, 306648, 2140
317172, 0, 0, 0, 0, 0, 0, 306648, 2140
317172, 0, 0, 0, 0, 0, 0, 306648, 2140
317172, 0, 0, 0, 0, 0, 0, 306648, 2140
317172, 0, 0, 0, 0, 0, 0, 306648, 2140
317172, 0, 0, 0, 0, 0, 0, 306648, 2140
317172, 0, 0, 0, 0, 0, 0, 306648, 2140
317172, 0, 0, 0, 0, 0, 0, 306648, 2140
317172, 0, 0, 0, 0, 0, 0, 306648, 2140
317172, 0, 0, 0, 0, 0, 0, 306648, 2140
317172, 0, 0, 0, 0, 0, 0, 306648, 2140
317172, 0, 0, 0, 0, 0, 0, 306648, 2140
317172, 0, 0, 0, 0, 0, 0, 306648, 2140
317172, 0, 0, 0, 0, 0, 0, 306648, 2140
317172, 0, 0, 0, 0, 0, 0, 306648, 2140
317172, 0, 0, 0, 0, 0, 0, 306648, 2140
317172, 0, 0, 0, 0, 0, 0, 306648, 2140
317172, 0, 0, 0, 0, 0, 0, 306648, 2140
317172, 0, 0, 0, 0, 0, 0, 306648, 2140
317172, 0, 0, 0, 0, 0, 0, 306648, 2140
317172, 0, 0, 0, 0, 0, 0, 306648, 2140
317172, 0, 0, 0, 0, 0, 0, 306648, 2140
317172, 0, 0, 0, 0, 0, 0, 306648, 2140
317172, 0, 0, 0, 0, 0, 0, 306648, 2140
317172, 0, 0, 0, 0, 0, 0, 306648, 2140
317172, 0, 0, 0, 0, 0, 0, 306648, 2140
317172, 0, 0, 0, 0, 0, 0, 306648, 2140
317172, 0, 0, 0, 0, 0, 0, 306648, 2140
317172, 0, 0, 0, 0, 0, 0, 306648, 2140
317172, 0, 0, 0, 0, 0, 0, 306648, 2140
317172, 0, 0, 0, 0, 0, 0, 306648, 2140
317172, 0, 0, 0, 0, 0, 0, 306648, 2140
317172, 0, 0, 0, 0, 0, 0, 306648, 2140
317172, 0, 0, 0, 0, 0, 0, 306648, 2140
317172, 0, 0, 0, 0, 0, 0, 306648, 2140
317172, 0, 0, 0, 0, 0, 0, 306648, 2140
317172, 0, 0, 0, 0, 0, 0, 306648, 2140
317172, 0, 0, 0, 0, 0, 0, 306648, 2140
317172, 0, 0, 0, 0, 0, 0, 306648, 2140
317172, 0, 0, 0, 0, 0, 0, 306648, 2140
317172, 0, 0, 0, 0, 0, 0, 306648, 2140
317172, 0, 0, 0, 0, 0, 0, 306648, 2140
317172, 0, 0, 0, 0, 0, 0, 306648, 2140
317172, 0, 0, 0, 0, 0, 0, 306648, 2140
317172, 0, 0, 0, 0, 0, 0, 306648, 2140
317172, 0, 0, 0, 0, 0, 0, 306648, 2140
317172, 0, 0, 0, 0, 0, 0, 306648, 2140
317172, 0, 0, 0, 0, 0, 0, 306648, 2140
317172, 0, 0, 0, 0, 0, 0, 306648, 2140
317172, 0, 0, 0, 0, 0, 0, 306648, 2140
317172, 0, 0, 0, 0, 0, 0, 306648, 2140
317172, 0, 0, 0, 0, 0, 0, 306648, 2140
317172, 0, 0, 0, 0, 0, 0, 306648, 2140
317172, 0, 0, 0, 0, 0, 0, 306648, 2140
317172, 0, 0, 0, 0, 0, 0, 306648, 2140
317172, 0, 0, 0, 0, 0, 0, 306648, 2140
317172, 0, 0, 0, 0, 0, 0, 306648, 2140
317172, 0, 0, 0, 0, 0, 0, 306648, 2140
317172, 0, 0, 0, 0, 0, 0, 306648, 2140
317172, 0, 0, 0, 0, 0, 0, 306648, 2140
317172, 0, 0, 0, 0, 0, 0, 306648, 2140
317172, 0, 0, 0, 0, 0, 0, 306648, 2140
317172, 0, 0, 0, 0, 0, 0, 306648, 2140
317172, 0, 0, 0, 0, 0, 0, 306648, 2140
317172, 0, 0, 0, 0, 0, 0, 306648, 2140
317172, 0, 0, 0, 0, 0, 0, 306648, 2140
317172, 0, 0, 0, 0, 0, 0, 306648, 2140
317172, 0, 0, 0, 0, 0, 0, 306648, 2140
317172, 0, 0, 0, 0, 0, 0, 306648, 2140
317172, 0, 0, 0, 0, 0, 0, 306648, 2140
317172, 0, 0, 0, 0, 0, 0, 306648, 2140
317172, 0, 0, 0, 0, 0, 0, 306648, 2140
317172, 0, 0, 0, 0, 0, 0, 306648, 2140
317172, 0, 0, 0, 0, 0, 0, 306648, 2140
317172, 0, 0, 0, 0, 0, 0, 306648, 2140
317172, 0, 0, 0, 0, 0, 0, 306648, 2140
317172, 0, 0, 0, 0, 0, 0, 306648, 2140
317172, 0, 0, 0, 0, 0, 0, 306648, 2140
317172, 0, 0, 0, 0, 0, 0, 306648, 2140
317172, 0, 0, 0, 0, 0, 0, 306648, 2140
317172, 0, 0, 0, 0, 0, 0, 306648, 2140
317172, 0, 0, 0, 0, 0, 0, 306648, 2140
317172, 0, 0, 0, 0, 0, 0, 306648, 2140
317172, 0, 0, 0, 0, 0, 0, 306648, 2140
317172, 0, 0, 0, 0, 0, 0, 306648, 2140
317172, 0, 0, 0, 0, 0, 0, 306648, 2140
317172, 0, 0, 0, 0, 0, 0, 306648, 2140
317172, 0, 0, 0, 0, 0, 0, 306648, 2140
317172, 0, 0, 0, 0, 0, 0, 306648, 2140
317172, 0, 0, 0, 0, 0, 0, 306648, 2140
317172, 0, 0, 0, 0, 0, 0, 306648, 2140
317172, 0, 0, 0, 0, 0, 0, 306648, 2140
317172, 0, 0, 0, 0, 0, 0, 306648, 2140
317172, 0, 0, 0, 0, 0, 0, 306648, 2140
317172, 0, 0, 0, 0, 0, 0, 306648, 2140
317172, 0, 0, 0, 0, 0, 0, 306648, 2140
317172, 0, 0, 0, 0, 0, 0, 306648, 2140
317172, 0, 0, 0, 0, 0, 0, 306648, 2140
317172, 0, 0, 0, 0, 0, 0, 306648, 2140
317172, 0, 0, 0, 0, 0, 0, 306648, 2140
317172, 0, 0, 0, 0, 0, 0, 306648, 2140
317172, 0, 0, 0, 0, 0, 0, 306648, 2140
317172, 0, 0, 0, 0, 0, 0, 306648, 2140
317172, 0, 0, 0, 0, 0, 0, 306648, 2140
317172, 0, 0, 0, 0, 0, 0, 306648, 2140
317172, 0, 0, 0, 0, 0, 0, 306648, 2140
317172, 0, 0, 0, 0, 0, 0, 306648, 2140
317172, 0, 0, 0, 0, 0, 0, 306648, 2140
317172, 0, 0, 0, 0, 0, 0, 306648, 2140
317172, 0, 0, 0, 0, 0, 0, 306648, 2140
317172, 0, 0, 0, 0, 0, 0, 306648, 2140
317172, 0, 0, 0, 0, 0, 0, 306648, 2140
317172, 0, 0, 0, 0, 0, 0, 306648, 2140
317172, 0, 0, 0, 0, 0, 0, 306648, 2140
317172, 0, 0, 0, 0, 0, 0, 306648, 2140
317172, 0, 0, 0, 0, 0, 0, 306648, 2140
317172, 0, 0, 0, 0, 0, 0, 306648, 2140
317172, 0, 0, 0, 0, 0, 0, 306648, 2140
317172, 0, 0, 0, 0, 0, 0, 306648, 2140
317172, 0, 0, 0, 0, 0, 0, 306648, 2140
317172, 0, 0, 0, 0, 0, 0, 306648, 2140
317172, 0, 0, 0, 0, 0, 0, 306648, 2140
317172, 0, 0, 0, 0, 0, 0, 306648, 2140
317172, 0, 0, 0, 0, 0, 0, 306648, 2140
317172, 0, 0, 0, 0, 0, 0, 306648, 2140
317172, 0, 0, 0, 0, 0, 0, 306648, 2140
317172, 0, 0, 0, 0, 0, 0, 306648, 2140
317172, 0, 0, 0, 0, 0, 0, 306648, 2140
317172, 0, 0, 0, 0, 0, 0, 306648, 2140
317172, 0, 0, 0, 0, 0, 0, 306648, 2140
317172, 0, 0, 0, 0, 0, 0, 306648, 2140
317172, 0, 0, 0, 0, 0, 0, 306648, 2140
317172, 0, 0, 0, 0, 0, 0, 306648, 2140
317172, 0, 0, 0, 0, 0, 0, 306648, 2140
317172, 0, 0, 0, 0, 0, 0, 306648, 2140
317172, 0, 0, 0, 0, 0, 0, 306648, 2140
317172, 0, 0, 0, 0, 0, 0, 306648, 2140
317172, 0, 0, 0, 0, 0, 0, 306648, 2140
317172, 0, 0, 0, 0, 0, 0, 306648, 2140
317172, 0, 0, 0, 0, 0, 0, 306648, 2140
317172, 0, 0, 0, 0, 0, 0, 306648, 2140
317172, 0, 0, 0, 0, 0, 0, 306648, 2140
317172, 0, 0, 0, 0, 0, 0, 306648, 2140
317172, 0, 0, 0, 0, 0, 0, 306648, 2140
317172, 0, 0, 0, 0, 0, 0, 306648, 2140
317172, 0, 0, 0, 0, 0, 0, 306648, 2140
317172, 0, 0, 0, 0, 0, 0, 306648, 2140
317172, 0, 0, 0, 0, 0, 0, 306648, 2140
317172, 0, 0, 0, 0, 0, 0, 306648, 2140
317172, 0, 0, 0, 0, 0, 0, 306648, 2140
317172, 0, 0, 0, 0, 0, 0, 306648, 2140
317172, 0, 0, 0, 0, 0, 0, 306648, 2140
317172, 0, 0, 0, 0, 0, 0, 306648, 2140
317172, 0, 0, 0, 0, 0, 0, 306648, 2140
317172, 0, 0, 0, 0, 0, 0, 306648, 2140
317172, 0, 0, 0, 0, 0, 0, 306648, 2140
317172, 0, 0, 0, 0, 0, 0, 306648, 2140
317172, 0, 0, 0, 0, 0, 0, 306648, 2140
317172, 0, 0, 0, 0, 0, 0, 306648, 2140
317172, 0, 0, 0, 0, 0, 0, 306648, 2140
317172, 0, 0, 0, 0, 0, 0, 306648, 2140
317172, 0, 0, 0, 0, 0, 0, 306648, 2140
317172, 0, 0, 0, 0, 0, 0, 306648, 2140
317172, 0, 0, 0, 0, 0, 0, 306648, 2140
317172, 0, 0, 0, 0, 0, 0, 306648, 2140
317172, 0, 0, 0, 0, 0, 0, 306648, 2140
317172, 0, 0, 0, 0, 0, 0, 306648, 2140
317172, 0, 0, 0, 0, 0, 0, 306648, 2140
317172, 0, 0, 0, 0, 0, 0, 306648, 2140
317172, 0, 0, 0, 0, 0, 0, 306648, 2140
317172, 0, 0, 0, 0, 0, 0, 306648, 2140
317172, 0, 0, 0, 0, 0, 0, 306648, 2140
317172, 0, 0, 0, 0, 0, 0, 306648, 2140
317172, 0, 0, 0, 0, 0, 0, 306648, 2140
317172, 0, 0, 0, 0, 0, 0, 306648, 2140
317172, 0, 0, 0, 0, 0, 0, 306648, 2140
317172, 0, 0, 0, 0, 0, 0, 306648, 2140
317172, 0, 0, 0, 0, 0, 0, 306648, 2140
317172, 0, 0, 0, 0, 0, 0, 306648, 2140
317172, 0, 0, 0, 0, 0, 0, 306648, 2140
317172, 0, 0, 0, 0, 0, 0, 306648, 2140
317172, 0, 0, 0, 0, 0, 0, 306648, 2140
317172, 0, 0, 0, 0, 0, 0, 306648, 2140
317172, 0, 0, 0, 0, 0, 0, 306648, 2140
317172, 0, 0, 0, 0, 0, 0, 306648, 2140
317172, 0, 0, 0, 0, 0, 0, 306648, 2140
317172, 0, 0, 0, 0, 0, 0, 306648, 2140
317172, 0, 0, 0, 0, 0, 0, 306648, 2140
317172, 0, 0, 0, 0, 0, 0, 306648, 2140
317172, 0, 0, 0, 0, 0, 0, 306648, 2140
317172, 0, 0, 0, 0, 0, 0, 306648, 2140
317172, 0, 0, 0, 0, 0, 0, 306648, 2140
317172, 0, 0, 0, 0, 0, 0, 306648, 2140
317172, 0, 0, 0, 0, 0, 0, 306648, 2140
317172, 0, 0, 0, 0, 0, 0, 306648, 2140
317172, 0, 0, 0, 0, 0, 0, 306648, 2140
317172, 0, 0, 0, 0, 0, 0, 306648, 2140
317172, 0, 0, 0, 0, 0, 0, 306648, 2140
317172, 0, 0, 0, 0, 0, 0, 306648, 2140
317172, 0, 0, 0, 0, 0, 0, 306648, 2140
317172, 0, 0, 0, 0, 0, 0, 306648, 2140
317172, 0, 0, 0, 0, 0, 0, 306648, 2140
317172, 0, 0, 0, 0, 0, 0, 306648, 2140
317172, 0, 0, 0, 0, 0, 0, 306648, 2140
317172, 0, 0, 0, 0, 0, 0, 306648, 2140
317172, 0, 0, 0, 0, 0, 0, 306648, 2140
317172, 0, 0, 0, 0, 0, 0, 306648, 2140
317172, 0, 0, 0, 0, 0, 0, 306648, 2140
317172, 0, 0, 0, 0, 0, 0, 306648, 2140
317172, 0, 0, 0, 0, 0, 0, 306648, 2140
317172, 0, 0, 0, 0, 0, 0, 306648, 2140
317172, 0, 0, 0, 0, 0, 0, 306648, 2140
317172, 0, 0, 0, 0, 0, 0, 306648, 2140
317172, 0, 0, 0, 0, 0, 0, 306648, 2140
317172, 0, 0, 0, 0, 0, 0, 306648, 2140
317172, 0, 0, 0, 0, 0, 0, 306648, 2140
317172, 0, 0, 0, 0, 0, 0, 306648, 2140
317172, 0, 0, 0, 0, 0, 0, 306648, 2140
317172, 0, 0, 0, 0, 0, 0, 306648, 2140
317172, 0, 0, 0, 0, 0, 0, 306648, 2140
317172, 0, 0, 0, 0, 0, 0, 306648, 2140
317172, 0, 0, 0, 0, 0, 0, 306648, 2140
317172, 0, 0, 0, 0, 0, 0, 306648, 2140
317172, 0, 0, 0, 0, 0, 0, 306648, 2140
317172, 0, 0, 0, 0, 0, 0, 306648, 2140
317172, 0, 0, 0, 0, 0, 0, 306648, 2140
317172, 0, 0, 0, 0, 0, 0, 306648, 2140
317172, 0, 0, 0, 0, 0, 0, 306648, 2140
317172, 0, 0, 0, 0, 0, 0, 306648, 2140
317172, 0, 0, 0, 0, 0, 0, 306648, 2140
317172, 0, 0, 0, 0, 0, 0, 306648, 2140
317172, 0, 0, 0, 0, 0, 0, 306648, 2140
317172, 0, 0, 0, 0, 0, 0, 306648, 2140
317172, 0, 0, 0, 0, 0, 0, 306648, 2140
317172, 0, 0, 0, 0, 0, 0, 306648, 2140
317172, 0, 0, 0, 0, 0, 0, 306648, 2140
317172, 0, 0, 0, 0, 0, 0, 306648, 2140
317172, 0, 0, 0, 0, 0, 0, 306648, 2140
317172, 0, 0, 0, 0, 0, 0, 306648, 2140
317172, 0, 0, 0, 0, 0, 0, 306648, 2140
317172, 0, 0, 0, 0, 0, 0, 306648, 2140
317172, 0, 0, 0, 0, 0, 0, 306648, 2140
317172, 0, 0, 0, 0, 0, 0, 306648, 2140
317172, 0, 0, 0, 0, 0, 0, 306648, 2140
317172, 0, 0, 0, 0, 0, 0, 306648, 2140
317172, 0, 0, 0, 0, 0, 0, 306648, 2140
317172, 0, 0, 0, 0, 0, 0, 306648, 2140
317172, 0, 0, 0, 0, 0, 0, 306648, 2140
317172, 0, 0, 0, 0, 0, 0, 306648, 2140
317172, 0, 0, 0, 0, 0, 0, 306648, 2140
317172, 0, 0, 0, 0, 0, 0, 306648, 2140
317172, 0, 0, 0, 0, 0, 0, 306648, 2140
317172, 0, 0, 0, 0, 0, 0, 306648, 2140
317172, 0, 0, 0, 0, 0, 0, 306648, 2140
317172, 0, 0, 0, 0, 0, 0, 306648, 2140
317172, 0, 0, 0, 0, 0, 0, 306648, 2140
317172, 0, 0, 0, 0, 0, 0, 306648, 2140
317172, 0, 0, 0, 0, 0, 0, 306648, 2140
317172, 0, 0, 0, 0, 0, 0, 306648, 2140
317172, 0, 0, 0, 0, 0, 0, 306648, 2140
317172, 0, 0, 0, 0, 0, 0, 306648, 2140
317172, 0, 0, 0, 0, 0, 0, 306648, 2140
317172, 0, 0, 0, 0, 0, 0, 306648, 2140
317172, 0, 0, 0, 0, 0, 0, 306648, 2140
317172, 0, 0, 0, 0, 0, 0, 306648, 2140
317172, 0, 0, 0, 0, 0, 0, 306648, 2140
317172, 0, 0, 0, 0, 0, 0, 306648, 2140
317172, 0, 0, 0, 0, 0, 0, 306648, 2140
317172, 0, 0, 0, 0, 0, 0, 306648, 2140
317172, 0, 0, 0, 0, 0, 0, 306648, 2140
317172, 0, 0, 0, 0, 0, 0, 306648, 2140
317172, 0, 0, 0, 0, 0, 0, 306648, 2140
317172, 0, 0, 0, 0, 0, 0, 306648, 2140
317172, 0, 0, 0, 0, 0, 0, 306648, 2140
317172, 0, 0, 0, 0, 0, 0, 306648, 2140
317172, 0, 0, 0, 0, 0, 0, 306648, 2140
317172, 0, 0, 0, 0, 0, 0, 306648, 2140
317172, 0, 0, 0, 0, 0, 0, 306648, 2140
317172, 0, 0, 0, 0, 0, 0, 306648, 2140
317172, 0, 0, 0, 0, 0, 0, 306648, 2140
317172, 0, 0, 0, 0, 0, 0, 306648, 2140
317172, 0, 0, 0, 0, 0, 0, 306648, 2140
317172, 0, 0, 0, 0, 0, 0, 306648, 2140
317172, 0, 0, 0, 0, 0, 0, 306648, 2140
317172, 0, 0, 0, 0, 0, 0, 306648, 2140
317172, 0, 0, 0, 0, 0, 0, 306648, 2140
317172, 0, 0, 0, 0, 0, 0, 306648, 2140
317172, 0, 0, 0, 0, 0, 0, 306648, 2140
317172, 0, 0, 0, 0, 0, 0, 306648, 2140
317172, 0, 0, 0, 0, 0, 0, 306648, 2140
317172, 0, 0, 0, 0, 0, 0, 306648, 2140
317172, 0, 0, 0, 0, 0, 0, 306648, 2140
317172, 0, 0, 0, 0, 0, 0, 306648, 2140
317172, 0, 0, 0, 0, 0, 0, 306648, 2140
317172, 0, 0, 0, 0, 0, 0, 306648, 2140
317172, 0, 0, 0, 0, 0, 0, 306648, 2140
317172, 0, 0, 0, 0, 0, 0, 306648, 2140
317172, 0, 0, 0, 0, 0, 0, 306648, 2140
317172, 0, 0, 0, 0, 0, 0, 306648, 2140
317172, 0, 0, 0, 0, 0, 0, 306648, 2140
317172, 0, 0, 0, 0, 0, 0, 306648, 2140
317172, 0, 0, 0, 0, 0, 0, 306648, 2140
317172, 0, 0, 0, 0, 0, 0, 306648, 2140
317172, 0, 0, 0, 0, 0, 0, 306648, 2140
317172, 0, 0, 0, 0, 0, 0, 306648, 2140
317172, 0, 0, 0, 0, 0, 0, 306648, 2140
317172, 0, 0, 0, 0, 0, 0, 306648, 2140
317172, 0, 0, 0, 0, 0, 0, 306648, 2140
317172, 0, 0, 0, 0, 0, 0, 306648, 2140
317172, 0, 0, 0, 0, 0, 0, 306648, 2140
317172, 0, 0, 0, 0, 0, 0, 306648, 2140
317172, 0, 0, 0, 0, 0, 0, 306648, 2140
317172, 0, 0, 0, 0, 0, 0, 306648, 2140
317172, 0, 0, 0, 0, 0, 0, 306648, 2140
317172, 0, 0, 0, 0, 0, 0, 306648, 2140
317172, 0, 0, 0, 0, 0, 0, 306648, 2140
317172, 0, 0, 0, 0, 0, 0, 306648, 2140
317172, 0, 0, 0, 0, 0, 0, 306648, 2140
317172, 0, 0, 0, 0, 0, 0, 306648, 2140
317172, 0, 0, 0, 0, 0, 0, 306648, 2140
317172, 0, 0, 0, 0, 0, 0, 306648, 2140
317172, 0, 0, 0, 0, 0, 0, 306648, 2140
317172, 0, 0, 0, 0, 0, 0, 306648, 2140
317172, 0, 0, 0, 0, 0, 0, 306648, 2140
317172, 0, 0, 0, 0, 0, 0, 306648, 2140
317172, 0, 0, 0, 0, 0, 0, 306648, 2140
317172, 0, 0, 0, 0, 0, 0, 306648, 2140
317172, 0, 0, 0, 0, 0, 0, 306648, 2140
317172, 0, 0, 0, 0, 0, 0, 306648, 2140
317172, 0, 0, 0, 0, 0, 0, 306648, 2140
317172, 0, 0, 0, 0, 0, 0, 306648, 2140
317172, 0, 0, 0, 0, 0, 0, 306648, 2140
317172, 0, 0, 0, 0, 0, 0, 306648, 2140
317172, 0, 0, 0, 0, 0, 0, 306648, 2140
317172, 0, 0, 0, 0, 0, 0, 306648, 2140
317172, 0, 0, 0, 0, 0, 0, 306648, 2140
317172, 0, 0, 0, 0, 0, 0, 306648, 2140
317172, 0, 0, 0, 0, 0, 0, 306648, 2140
317172, 0, 0, 0, 0, 0, 0, 306648, 2140
317172, 0, 0, 0, 0, 0, 0, 306648, 2140
317172, 0, 0, 0, 0, 0, 0, 306648, 2140
317172, 0, 0, 0, 0, 0, 0, 306648, 2140
317172, 0, 0, 0, 0, 0, 0, 306648, 2140
317172, 0, 0, 0, 0, 0, 0, 306648, 2140
317172, 0, 0, 0, 0, 0, 0, 306648, 2140
317172, 0, 0, 0, 0, 0, 0, 306648, 2140
317172, 0, 0, 0, 0, 0, 0, 306648, 2140
317172, 0, 0, 0, 0, 0, 0, 306648, 2140
317172, 0, 0, 0, 0, 0, 0, 306648, 2140
317172, 0, 0, 0, 0, 0, 0, 306648, 2140
317172, 0, 0, 0, 0, 0, 0, 306648, 2140
317172, 0, 0, 0, 0, 0, 0, 306648, 2140
317172, 0, 0, 0, 0, 0, 0, 306648, 2140
317172, 0, 0, 0, 0, 0, 0, 306648, 2140
317172, 0, 0, 0, 0, 0, 0, 306648, 2140
317172, 0, 0, 0, 0, 0, 0, 306648, 2140
317172, 0, 0, 0, 0, 0, 0, 306648, 2140
317172, 0, 0, 0, 0, 0, 0, 306648, 2140
317172, 0, 0, 0, 0, 0, 0, 306648, 2140
317172, 0, 0, 0, 0, 0, 0, 306648, 2140
317172, 0, 0, 0, 0, 0, 0, 306648, 2140
317172, 0, 0, 0, 0, 0, 0, 306648, 2140
317172, 0, 0, 0, 0, 0, 0, 306648, 2140
317172, 0, 0, 0, 0, 0, 0, 306648, 2140
317172, 0, 0, 0, 0, 0, 0, 306648, 2140
317172, 0, 0, 0, 0, 0, 0, 306648, 2140
317172, 0, 0, 0, 0, 0, 0, 306648, 2140
317172, 0, 0, 0, 0, 0, 0, 306648, 2140
317172, 0, 0, 0, 0, 0, 0, 306648, 2140
317172, 0, 0, 0, 0, 0, 0, 306648, 2140
317172, 0, 0, 0, 0, 0, 0, 306648, 2140
317172, 0, 0, 0, 0, 0, 0, 306648, 2140
317172, 0, 0, 0, 0, 0, 0, 306648, 2140
317172, 0, 0, 0, 0, 0, 0, 306648, 2140
317172, 0, 0, 0, 0, 0, 0, 306648, 2140
317172, 0, 0, 0, 0, 0, 0, 306648, 2140
317172, 0, 0, 0, 0, 0, 0, 306648, 2140
317172, 0, 0, 0, 0, 0, 0, 306648, 2140
317172, 0, 0, 0, 0, 0, 0, 306648, 2140
317172, 0, 0, 0, 0, 0, 0, 306648, 2140
317172, 0, 0, 0, 0, 0, 0, 306648, 2140
317172, 0, 0, 0, 0, 0, 0, 306648, 2140
317172, 0, 0, 0, 0, 0, 0, 306648, 2140
317172, 0, 0, 0, 0, 0, 0, 306648, 2140
317172, 0, 0, 0, 0, 0, 0, 306648, 2140
317172, 0, 0, 0, 0, 0, 0, 306648, 2140
317172, 0, 0, 0, 0, 0, 0, 306648, 2140
317172, 0, 0, 0, 0, 0, 0, 306648, 2140
317172, 0, 0, 0, 0, 0, 0, 306648, 2140
317172, 0, 0, 0, 0, 0, 0, 306648, 2140
317172, 0, 0, 0, 0, 0, 0, 306648, 2140
317172, 0, 0, 0, 0, 0, 0, 306648, 2140
317172, 0, 0, 0, 0, 0, 0, 306648, 2140
317172, 0, 0, 0, 0, 0, 0, 306648, 2140
317172, 0, 0, 0, 0, 0, 0, 306648, 2140
317172, 0, 0, 0, 0, 0, 0, 306648, 2140
317172, 0, 0, 0, 0, 0, 0, 306648, 2140
317172, 0, 0, 0, 0, 0, 0, 306648, 2140
317172, 0, 0, 0, 0, 0, 0, 306648, 2140
317172, 0, 0, 0, 0, 0, 0, 306648, 2140
317172, 0, 0, 0, 0, 0, 0, 306648, 2140
317172, 0, 0, 0, 0, 0, 0, 306648, 2140
317172, 0, 0, 0, 0, 0, 0, 306648, 2140
317172, 0, 0, 0, 0, 0, 0, 306648, 2140
317172, 0, 0, 0, 0, 0, 0, 306648, 2140
317172, 0, 0, 0, 0, 0, 0, 306648, 2140
317172, 0, 0, 0, 0, 0, 0, 306648, 2140
317172, 0, 0, 0, 0, 0, 0, 306648, 2140
317172, 0, 0, 0, 0, 0, 0, 306648, 2140
317172, 0, 0, 0, 0, 0, 0, 306648, 2140
317172, 0, 0, 0, 0, 0, 0, 306648, 2140
317172, 0, 0, 0, 0, 0, 0, 306648, 2140
317172, 0, 0, 0, 0, 0, 0, 306648, 2140
317172, 0, 0, 0, 0, 0, 0, 306648, 2140
317172, 0, 0, 0, 0, 0, 0, 306648, 2140
317172, 0, 0, 0, 0, 0, 0, 306648, 2140
317172, 0, 0, 0, 0, 0, 0, 306648, 2140
317172, 0, 0, 0, 0, 0, 0, 306648, 2140
317172, 0, 0, 0, 0, 0, 0, 306648, 2140
317172, 0, 0, 0, 0, 0, 0, 306648, 2140
317172, 0, 0, 0, 0, 0, 0, 306648, 2140
317172, 0, 0, 0, 0, 0, 0, 306648, 2140
317172, 0, 0, 0, 0, 0, 0, 306648, 2140
317172, 0, 0, 0, 0, 0, 0, 306648, 2140
317172, 0, 0, 0, 0, 0, 0, 306648, 2140
317172, 0, 0, 0, 0, 0, 0, 306648, 2140
317172, 0, 0, 0, 0, 0, 0, 306648, 2140
317172, 0, 0, 0, 0, 0, 0, 306648, 2140
317172, 0, 0, 0, 0, 0, 0, 306648, 2140
317172, 0, 0, 0, 0, 0, 0, 306648, 2140
317172, 0, 0, 0, 0, 0, 0, 306648, 2140
317172, 0, 0, 0, 0, 0, 0, 306648, 2140
317172, 0, 0, 0, 0, 0, 0, 306648, 2140
317172, 0, 0, 0, 0, 0, 0, 306648, 2140
317172, 0, 0, 0, 0, 0, 0, 306648, 2140
317172, 0, 0, 0, 0, 0, 0, 306648, 2140
317172, 0, 0, 0, 0, 0, 0, 306648, 2140
317172, 0, 0, 0, 0, 0, 0, 306648, 2140
317172, 0, 0, 0, 0, 0, 0, 306648, 2140
317172, 0, 0, 0, 0, 0, 0, 306648, 2140
317172, 0, 0, 0, 0, 0, 0, 306648, 2140
317172, 0, 0, 0, 0, 0, 0, 306648, 2140
317172, 0, 0, 0, 0, 0, 0, 306648, 2140
317172, 0, 0, 0, 0, 0, 0, 306648, 2140
317172, 0, 0, 0, 0, 0, 0, 306648, 2140
317172, 0, 0, 0, 0, 0, 0, 306648, 2140
317172, 0, 0, 0, 0, 0, 0, 306648, 2140
317172, 0, 0, 0, 0, 0, 0, 306648, 2140
317172, 0, 0, 0, 0, 0, 0, 306648, 2140
317172, 0, 0, 0, 0, 0, 0, 306648, 2140
317172, 0, 0, 0, 0, 0, 0, 306648, 2140
317172, 0, 0, 0, 0, 0, 0, 306648, 2140
317172, 0, 0, 0, 0, 0, 0, 306648, 2140
317172, 0, 0, 0, 0, 0, 0, 306648, 2140
317172, 0, 0, 0, 0, 0, 0, 306648, 2140
317172, 0, 0, 0, 0, 0, 0, 306648, 2140
317172, 0, 0, 0, 0, 0, 0, 306648, 2140
317172, 0, 0, 0, 0, 0, 0, 306648, 2140
317172, 0, 0, 0, 0, 0, 0, 306648, 2140
317172, 0, 0, 0, 0, 0, 0, 306648, 2140
317172, 0, 0, 0, 0, 0, 0, 306648, 2140
317172, 0, 0, 0, 0, 0, 0, 306648, 2140
317172, 0, 0, 0, 0, 0, 0, 306648, 2140
317172, 0, 0, 0, 0, 0, 0, 306648, 2140
317172, 0, 0, 0, 0, 0, 0, 306648, 2140
317172, 0, 0, 0, 0, 0, 0, 306648, 2140
317172, 0, 0, 0, 0, 0, 0, 306648, 2140
317172, 0, 0, 0, 0, 0, 0, 306648, 2140
317172, 0, 0, 0, 0, 0, 0, 306648, 2140
317172, 0, 0, 0, 0, 0, 0, 306648, 2140
317172, 0, 0, 0, 0, 0, 0, 306648, 2140
317172, 0, 0, 0, 0, 0, 0, 306648, 2140
317172, 0, 0, 0, 0, 0, 0, 306648, 2140
317172, 0, 0, 0, 0, 0, 0, 306648, 2140
317172, 0, 0, 0, 0, 0, 0, 306648, 2140
317172, 0, 0, 0, 0, 0, 0, 306648, 2140
317172, 0, 0, 0, 0, 0, 0, 306648, 2140
317172, 0, 0, 0, 0, 0, 0, 306648, 2140
317172, 0, 0, 0, 0, 0, 0, 306648, 2140
317172, 0, 0, 0, 0, 0, 0, 306648, 2140
317172, 0, 0, 0, 0, 0, 0, 306648, 2140
317172, 0, 0, 0, 0, 0, 0, 306648, 2140
317172, 0, 0, 0, 0, 0, 0, 306648, 2140
317172, 0, 0, 0, 0, 0, 0, 306648, 2140
317172, 0, 0, 0, 0, 0, 0, 306648, 2140
317172, 0, 0, 0, 0, 0, 0, 306648, 2140
317172, 0, 0, 0, 0, 0, 0, 306648, 2140
317172, 0, 0, 0, 0, 0, 0, 306648, 2140
317172, 0, 0, 0, 0, 0, 0, 306648, 2140
317172, 0, 0, 0, 0, 0, 0, 306648, 2140
317172, 0, 0, 0, 0, 0, 0, 306648, 2140
317172, 0, 0, 0, 0, 0, 0, 306648, 2140
317172, 0, 0, 0, 0, 0, 0, 306648, 2140
317172, 0, 0, 0, 0, 0, 0, 306648, 2140
317172, 0, 0, 0, 0, 0, 0, 306648, 2140
317172, 0, 0, 0, 0, 0, 0, 306648, 2140
317172, 0, 0, 0, 0, 0, 0, 306648, 2140
317172, 0, 0, 0, 0, 0, 0, 306648, 2140
317172, 0, 0, 0, 0, 0, 0, 306648, 2140
317172, 0, 0, 0, 0, 0, 0, 306648, 2140
317172, 0, 0, 0, 0, 0, 0, 306648, 2140
317172, 0, 0, 0, 0, 0, 0, 306648, 2140
317172, 0, 0, 0, 0, 0, 0, 306648, 2140
317172, 0, 0, 0, 0, 0, 0, 306648, 2140
317172, 0, 0, 0, 0, 0, 0, 306648, 2140
317172, 0, 0, 0, 0, 0, 0, 306648, 2140
317172, 0, 0, 0, 0, 0, 0, 306648, 2140
317172, 0, 0, 0, 0, 0, 0, 306648, 2140
317172, 0, 0, 0, 0, 0, 0, 306648, 2140
317172, 0, 0, 0, 0, 0, 0, 306648, 2140
317172, 0, 0, 0, 0, 0, 0, 306648, 2140
317172, 0, 0, 0, 0, 0, 0, 306648, 2140
317172, 0, 0, 0, 0, 0, 0, 306648, 2140
317172, 0, 0, 0, 0, 0, 0, 306648, 2140
317172, 0, 0, 0, 0, 0, 0, 306648, 2140
317172, 0, 0, 0, 0, 0, 0, 306648, 2140
317172, 0, 0, 0, 0, 0, 0, 306648, 2140
317172, 0, 0, 0, 0, 0, 0, 306648, 2140
317172, 0, 0, 0, 0, 0, 0, 306648, 2140
317172, 0, 0, 0, 0, 0, 0, 306648, 2140
317172, 0, 0, 0, 0, 0, 0, 306648, 2140
317172, 0, 0, 0, 0, 0, 0, 306648, 2140
317172, 0, 0, 0, 0, 0, 0, 306648, 2140
317172, 0, 0, 0, 0, 0, 0, 306648, 2140
317172, 0, 0, 0, 0, 0, 0, 306648, 2140
317172, 0, 0, 0, 0, 0, 0, 306648, 2140
317172, 0, 0, 0, 0, 0, 0, 306648, 2140
317172, 0, 0, 0, 0, 0, 0, 306648, 2140
317172, 0, 0, 0, 0, 0, 0, 306648, 2140
317172, 0, 0, 0, 0, 0, 0, 306648, 2140
317172, 0, 0, 0, 0, 0, 0, 306648, 2140
317172, 0, 0, 0, 0, 0, 0, 306648, 2140
317172, 0, 0, 0, 0, 0, 0, 306648, 2140
317172, 0, 0, 0, 0, 0, 0, 306648, 2140
317172, 0, 0, 0, 0, 0, 0, 306648, 2140
317172, 0, 0, 0, 0, 0, 0, 306648, 2140
317172, 0, 0, 0, 0, 0, 0, 306648, 2140
317172, 0, 0, 0, 0, 0, 0, 306648, 2140
317172, 0, 0, 0, 0, 0, 0, 306648, 2140
317172, 0, 0, 0, 0, 0, 0, 306648, 2140
317172, 0, 0, 0, 0, 0, 0, 306648, 2140
317172, 0, 0, 0, 0, 0, 0, 306648, 2140
317172, 0, 0, 0, 0, 0, 0, 306648, 2140
317172, 0, 0, 0, 0, 0, 0, 306648, 2140
317172, 0, 0, 0, 0, 0, 0, 306648, 2140
317172, 0, 0, 0, 0, 0, 0, 306648, 2140
317172, 0, 0, 0, 0, 0, 0, 306648, 2140
317172, 0, 0, 0, 0, 0, 0, 306648, 2140
317172, 0, 0, 0, 0, 0, 0, 306648, 2140
317172, 0, 0, 0, 0, 0, 0, 306648, 2140
317172, 0, 0, 0, 0, 0, 0, 306648, 2140
317172, 0, 0, 0, 0, 0, 0, 306648, 2140
317172, 0, 0, 0, 0, 0, 0, 306648, 2140
317172, 0, 0, 0, 0, 0, 0, 306648, 2140
317172, 0, 0, 0, 0, 0, 0, 306648, 2140
317172, 0, 0, 0, 0, 0, 0, 306648, 2140
317172, 0, 0, 0, 0, 0, 0, 306648, 2140
317172, 0, 0, 0, 0, 0, 0, 306648, 2140
317172, 0, 0, 0, 0, 0, 0, 306648, 2140
317172, 0, 0, 0, 0, 0, 0, 306648, 2140
317172, 0, 0, 0, 0, 0, 0, 306648, 2140
317172, 0, 0, 0, 0, 0, 0, 306648, 2140
317172, 0, 0, 0, 0, 0, 0, 306648, 2140
317172, 0, 0, 0, 0, 0, 0, 306648, 2140
317172, 0, 0, 0, 0, 0, 0, 306648, 2140
317172, 0, 0, 0, 0, 0, 0, 306648, 2140
317172, 0, 0, 0, 0, 0, 0, 306648, 2140
317172, 0, 0, 0, 0, 0, 0, 306648, 2140
317172, 0, 0, 0, 0, 0, 0, 306648, 2140
317172, 0, 0, 0, 0, 0, 0, 306648, 2140
317172, 0, 0, 0, 0, 0, 0, 306648, 2140
317172, 0, 0, 0, 0, 0, 0, 306648, 2140
317172, 0, 0, 0, 0, 0, 0, 306648, 2140
317172, 0, 0, 0, 0, 0, 0, 306648, 2140
317172, 0, 0, 0, 0, 0, 0, 306648, 2140
317172, 0, 0, 0, 0, 0, 0, 306648, 2140
317172, 0, 0, 0, 0, 0, 0, 306648, 2140
317172, 0, 0, 0, 0, 0, 0, 306648, 2140
317172, 0, 0, 0, 0, 0, 0, 306648, 2140
317172, 0, 0, 0, 0, 0, 0, 306648, 2140
317172, 0, 0, 0, 0, 0, 0, 306648, 2140
317172, 0, 0, 0, 0, 0, 0, 306648, 2140
317172, 0, 0, 0, 0, 0, 0, 306648, 2140
317172, 0, 0, 0, 0, 0, 0, 306648, 2140
317172, 0, 0, 0, 0, 0, 0, 306648, 2140
317172, 0, 0, 0, 0, 0, 0, 306648, 2140
317172, 0, 0, 0, 0, 0, 0, 306648, 2140
317172, 0, 0, 0, 0, 0, 0, 306648, 2140
317172, 0, 0, 0, 0, 0, 0, 306648, 2140
317172, 0, 0, 0, 0, 0, 0, 306648, 2140
317172, 0, 0, 0, 0, 0, 0, 306648, 2140
317172, 0, 0, 0, 0, 0, 0, 306648, 2140
317172, 0, 0, 0, 0, 0, 0, 306648, 2140
317172, 0, 0, 0, 0, 0, 0, 306648, 2140
317172, 0, 0, 0, 0, 0, 0, 306648, 2140
317172, 0, 0, 0, 0, 0, 0, 306648, 2140
317172, 0, 0, 0, 0, 0, 0, 306648, 2140
317172, 0, 0, 0, 0, 0, 0, 306648, 2140
317172, 0, 0, 0, 0, 0, 0, 306648, 2140
317172, 0, 0, 0, 0, 0, 0, 306648, 2140
317172, 0, 0, 0, 0, 0, 0, 306648, 2140
317172, 0, 0, 0, 0, 0, 0, 306648, 2140
317172, 0, 0, 0, 0, 0, 0, 306648, 2140
317172, 0, 0, 0, 0, 0, 0, 306648, 2140
317172, 0, 0, 0, 0, 0, 0, 306648, 2140
317172, 0, 0, 0, 0, 0, 0, 306648, 2140
317172, 0, 0, 0, 0, 0, 0, 306648, 2140
317172, 0, 0, 0, 0, 0, 0, 306648, 2140
317172, 0, 0, 0, 0, 0, 0, 306648, 2140
317172, 0, 0, 0, 0, 0, 0, 306648, 2140
317172, 0, 0, 0, 0, 0, 0, 306648, 2140
317172, 0, 0, 0, 0, 0, 0, 306648, 2140
317172, 0, 0, 0, 0, 0, 0, 306648, 2140
317172, 0, 0, 0, 0, 0, 0, 306648, 2140
317172, 0, 0, 0, 0, 0, 0, 306648, 2140
317172, 0, 0, 0, 0, 0, 0, 306648, 2140
317172, 0, 0, 0, 0, 0, 0, 306648, 2140
317172, 0, 0, 0, 0, 0, 0, 306648, 2140
317172, 0, 0, 0, 0, 0, 0, 306648, 2140
317172, 0, 0, 0, 0, 0, 0, 306648, 2140
317172, 0, 0, 0, 0, 0, 0, 306648, 2140
317172, 0, 0, 0, 0, 0, 0, 306648, 2140
317172, 0, 0, 0, 0, 0, 0, 306648, 2140
317172, 0, 0, 0, 0, 0, 0, 306648, 2140
317172, 0, 0, 0, 0, 0, 0, 306648, 2140
317172, 0, 0, 0, 0, 0, 0, 306648, 2140
317172, 0, 0, 0, 0, 0, 0, 306648, 2140
317172, 0, 0, 0, 0, 0, 0, 306648, 2140
317172, 0, 0, 0, 0, 0, 0, 306648, 2140
317172, 0, 0, 0, 0, 0, 0, 306648, 2140
317172, 0, 0, 0, 0, 0, 0, 306648, 2140
317172, 0, 0, 0, 0, 0, 0, 306648, 2140
317172, 0, 0, 0, 0, 0, 0, 306648, 2140
317172, 0, 0, 0, 0, 0, 0, 306648, 2140
317172, 0, 0, 0, 0, 0, 0, 306648, 2140
317172, 0, 0, 0, 0, 0, 0, 306648, 2140
317172, 0, 0, 0, 0, 0, 0, 306648, 2140
317172, 0, 0, 0, 0, 0, 0, 306648, 2140
317172, 0, 0, 0, 0, 0, 0, 306648, 2140
317172, 0, 0, 0, 0, 0, 0, 306648, 2140
317172, 0, 0, 0, 0, 0, 0, 306648, 2140
317172, 0, 0, 0, 0, 0, 0, 306648, 2140
317172, 0, 0, 0, 0, 0, 0, 306648, 2140
317172, 0, 0, 0, 0, 0, 0, 306648, 2140
317172, 0, 0, 0, 0, 0, 0, 306648, 2140
317172, 0, 0, 0, 0, 0, 0, 306648, 2140
317172, 0, 0, 0, 0, 0, 0, 306648, 2140
317172, 0, 0, 0, 0, 0, 0, 306648, 2140
317172, 0, 0, 0, 0, 0, 0, 306648, 2140
317172, 0, 0, 0, 0, 0, 0, 306648, 2140
317172, 0, 0, 0, 0, 0, 0, 306648, 2140
317172, 0, 0, 0, 0, 0, 0, 306648, 2140
317172, 0, 0, 0, 0, 0, 0, 306648, 2140
317172, 0, 0, 0, 0, 0, 0, 306648, 2140
317172, 0, 0, 0, 0, 0, 0, 306648, 2140
317172, 0, 0, 0, 0, 0, 0, 306648, 2140
317172, 0, 0, 0, 0, 0, 0, 306648, 2140
317172, 0, 0, 0, 0, 0, 0, 306648, 2140
317172, 0, 0, 0, 0, 0, 0, 306648, 2140
317172, 0, 0, 0, 0, 0, 0, 306648, 2140
317172, 0, 0, 0, 0, 0, 0, 306648, 2140
317172, 0, 0, 0, 0, 0, 0, 306648, 2140
317172, 0, 0, 0, 0, 0, 0, 306648, 2140
317172, 0, 0, 0, 0, 0, 0, 306648, 2140
317172, 0, 0, 0, 0, 0, 0, 306648, 2140
317172, 0, 0, 0, 0, 0, 0, 306648, 2140
317172, 0, 0, 0, 0, 0, 0, 306648, 2140
317172, 0, 0, 0, 0, 0, 0, 306648, 2140
317172, 0, 0, 0, 0, 0, 0, 306648, 2140
317172, 0, 0, 0, 0, 0, 0, 306648, 2140
317172, 0, 0, 0, 0, 0, 0, 306648, 2140
317172, 0, 0, 0, 0, 0, 0, 306648, 2140
317172, 0, 0, 0, 0, 0, 0, 306648, 2140
317172, 0, 0, 0, 0, 0, 0, 306648, 2140
317172, 0, 0, 0, 0, 0, 0, 306648, 2140
317172, 0, 0, 0, 0, 0, 0, 306648, 2140
317172, 0, 0, 0, 0, 0, 0, 306648, 2140
317172, 0, 0, 0, 0, 0, 0, 306648, 2140
317172, 0, 0, 0, 0, 0, 0, 306648, 2140
317172, 0, 0, 0, 0, 0, 0, 306648, 2140
317172, 0, 0, 0, 0, 0, 0, 306648, 2140
317172, 0, 0, 0, 0, 0, 0, 306648, 2140
317172, 0, 0, 0, 0, 0, 0, 306648, 2140
317172, 0, 0, 0, 0, 0, 0, 306648, 2140
317172, 0, 0, 0, 0, 0, 0, 306648, 2140
317172, 0, 0, 0, 0, 0, 0, 306648, 2140
317172, 0, 0, 0, 0, 0, 0, 306648, 2140
317172, 0, 0, 0, 0, 0, 0, 306648, 2140
317172, 0, 0, 0, 0, 0, 0, 306648, 2140
317172, 0, 0, 0, 0, 0, 0, 306648, 2140
317172, 0, 0, 0, 0, 0, 0, 306648, 2140
317172, 0, 0, 0, 0, 0, 0, 306648, 2140
317172, 0, 0, 0, 0, 0, 0, 306648, 2140
317172, 0, 0, 0, 0, 0, 0, 306648, 2140
317172, 0, 0, 0, 0, 0, 0, 306648, 2140
317172, 0, 0, 0, 0, 0, 0, 306648, 2140
317172, 0, 0, 0, 0, 0, 0, 306648, 2140
317172, 0, 0, 0, 0, 0, 0, 306648, 2140
317172, 0, 0, 0, 0, 0, 0, 306648, 2140
317172, 0, 0, 0, 0, 0, 0, 306648, 2140
317172, 0, 0, 0, 0, 0, 0, 306648, 2140
317172, 0, 0, 0, 0, 0, 0, 306648, 2140
317172, 0, 0, 0, 0, 0, 0, 306648, 2140
317172, 0, 0, 0, 0, 0, 0, 306648, 2140
317172, 0, 0, 0, 0, 0, 0, 306648, 2140
317172, 0, 0, 0, 0, 0, 0, 306648, 2140
317172, 0, 0, 0, 0, 0, 0, 306648, 2140
317172, 0, 0, 0, 0, 0, 0, 306648, 2140
317172, 0, 0, 0, 0, 0, 0, 306648, 2140
317172, 0, 0, 0, 0, 0, 0, 306648, 2140
317172, 0, 0, 0, 0, 0, 0, 306648, 2140
317172, 0, 0, 0, 0, 0, 0, 306648, 2140
317172, 0, 0, 0, 0, 0, 0, 306648, 2140
317172, 0, 0, 0, 0, 0, 0, 306648, 2140
317172, 0, 0, 0, 0, 0, 0, 306648, 2140
317172, 0, 0, 0, 0, 0, 0, 306648, 2140
317172, 0, 0, 0, 0, 0, 0, 306648, 2140
317172, 0, 0, 0, 0, 0, 0, 306648, 2140
317172, 0, 0, 0, 0, 0, 0, 306648, 2140
317172, 0, 0, 0, 0, 0, 0, 306648, 2140
317172, 0, 0, 0, 0, 0, 0, 306648, 2140
317172, 0, 0, 0, 0, 0, 0, 306648, 2140
317172, 0, 0, 0, 0, 0, 0, 306648, 2140
317172, 0, 0, 0, 0, 0, 0, 306648, 2140
317172, 0, 0, 0, 0, 0, 0, 306648, 2140
317172, 0, 0, 0, 0, 0, 0, 306648, 2140
317172, 0, 0, 0, 0, 0, 0, 306648, 2140
317172, 0, 0, 0, 0, 0, 0, 306648, 2140
317172, 0, 0, 0, 0, 0, 0, 306648, 2140
317172, 0, 0, 0, 0, 0, 0, 306648, 2140
317172, 0, 0, 0, 0, 0, 0, 306648, 2140
317172, 0, 0, 0, 0, 0, 0, 306648, 2140
317172, 0, 0, 0, 0, 0, 0, 306648, 2140
317172, 0, 0, 0, 0, 0, 0, 306648, 2140
317172, 0, 0, 0, 0, 0, 0, 306648, 2140
317172, 0, 0, 0, 0, 0, 0, 306648, 2140
317172, 0, 0, 0, 0, 0, 0, 306648, 2140
317172, 0, 0, 0, 0, 0, 0, 306648, 2140
317172, 0, 0, 0, 0, 0, 0, 306648, 2140
317172, 0, 0, 0, 0, 0, 0, 306648, 2140
317172, 0, 0, 0, 0, 0, 0, 306648, 2140
317172, 0, 0, 0, 0, 0, 0, 306648, 2140
317172, 0, 0, 0, 0, 0, 0, 306648, 2140
317172, 0, 0, 0, 0, 0, 0, 306648, 2140
317172, 0, 0, 0, 0, 0, 0, 306648, 2140
317172, 0, 0, 0, 0, 0, 0, 306648, 2140
317172, 0, 0, 0, 0, 0, 0, 306648, 2140
317172, 0, 0, 0, 0, 0, 0, 306648, 2140
317172, 0, 0, 0, 0, 0, 0, 306648, 2140
317172, 0, 0, 0, 0, 0, 0, 306648, 2140
317172, 0, 0, 0, 0, 0, 0, 306648, 2140
317172, 0, 0, 0, 0, 0, 0, 306648, 2140
317172, 0, 0, 0, 0, 0, 0, 306648, 2140
317172, 0, 0, 0, 0, 0, 0, 306648, 2140
317172, 0, 0, 0, 0, 0, 0, 306648, 2140
317172, 0, 0, 0, 0, 0, 0, 306648, 2140
317172, 0, 0, 0, 0, 0, 0, 306648, 2140
317172, 0, 0, 0, 0, 0, 0, 306648, 2140
317172, 0, 0, 0, 0, 0, 0, 306648, 2140
317172, 0, 0, 0, 0, 0, 0, 306648, 2140
317172, 0, 0, 0, 0, 0, 0, 306648, 2140
317172, 0, 0, 0, 0, 0, 0, 306648, 2140
317172, 0, 0, 0, 0, 0, 0, 306648, 2140
317172, 0, 0, 0, 0, 0, 0, 306648, 2140
317172, 0, 0, 0, 0, 0, 0, 306648, 2140
317172, 0, 0, 0, 0, 0, 0, 306648, 2140
317172, 0, 0, 0, 0, 0, 0, 306648, 2140
317172, 0, 0, 0, 0, 0, 0, 306648, 2140
317172, 0, 0, 0, 0, 0, 0, 306648, 2140
317172, 0, 0, 0, 0, 0, 0, 306648, 2140
317172, 0, 0, 0, 0, 0, 0, 306648, 2140
317172, 0, 0, 0, 0, 0, 0, 306648, 2140
317172, 0, 0, 0, 0, 0, 0, 306648, 2140
317172, 0, 0, 0, 0, 0, 0, 306648, 2140
317172, 0, 0, 0, 0, 0, 0, 306648, 2140
317172, 0, 0, 0, 0, 0, 0, 306648, 2140
317172, 0, 0, 0, 0, 0, 0, 306648, 2140
317172, 0, 0, 0, 0, 0, 0, 306648, 2140
317172, 0, 0, 0, 0, 0, 0, 306648, 2140
317172, 0, 0, 0, 0, 0, 0, 306648, 2140
317172, 0, 0, 0, 0, 0, 0, 306648, 2140
317172, 0, 0, 0, 0, 0, 0, 306648, 2140
317172, 0, 0, 0, 0, 0, 0, 306648, 2140
317172, 0, 0, 0, 0, 0, 0, 306648, 2140
317172, 0, 0, 0, 0, 0, 0, 306648, 2140
317172, 0, 0, 0, 0, 0, 0, 306648, 2140
317172, 0, 0, 0, 0, 0, 0, 306648, 2140
317172, 0, 0, 0, 0, 0, 0, 306648, 2140
317172, 0, 0, 0, 0, 0, 0, 306648, 2140
317172, 0, 0, 0, 0, 0, 0, 306648, 2140
317172, 0, 0, 0, 0, 0, 0, 306648, 2140
317172, 0, 0, 0, 0, 0, 0, 306648, 2140
317172, 0, 0, 0, 0, 0, 0, 306648, 2140
317172, 0, 0, 0, 0, 0, 0, 306648, 2140
317172, 0, 0, 0, 0, 0, 0, 306648, 2140
317172, 0, 0, 0, 0, 0, 0, 306648, 2140
317172, 0, 0, 0, 0, 0, 0, 306648, 2140
317172, 0, 0, 0, 0, 0, 0, 306648, 2140
317172, 0, 0, 0, 0, 0, 0, 306648, 2140
317172, 0, 0, 0, 0, 0, 0, 306648, 2140
317172, 0, 0, 0, 0, 0, 0, 306648, 2140
317172, 0, 0, 0, 0, 0, 0, 306648, 2140
317172, 0, 0, 0, 0, 0, 0, 306648, 2140
317172, 0, 0, 0, 0, 0, 0, 306648, 2140
317172, 0, 0, 0, 0, 0, 0, 306648, 2140
317172, 0, 0, 0, 0, 0, 0, 306648, 2140
317172, 0, 0, 0, 0, 0, 0, 306648, 2140
317172, 0, 0, 0, 0, 0, 0, 306648, 2140
317172, 0, 0, 0, 0, 0, 0, 306648, 2140
317172, 0, 0, 0, 0, 0, 0, 306648, 2140
317172, 0, 0, 0, 0, 0, 0, 306648, 2140
317172, 0, 0, 0, 0, 0, 0, 306648, 2140
317172, 0, 0, 0, 0, 0, 0, 306648, 2140
317172, 0, 0, 0, 0, 0, 0, 306648, 2140
317172, 0, 0, 0, 0, 0, 0, 306648, 2140
317172, 0, 0, 0, 0, 0, 0, 306648, 2140
317172, 0, 0, 0, 0, 0, 0, 306648, 2140
317172, 0, 0, 0, 0, 0, 0, 306648, 2140
317172, 0, 0, 0, 0, 0, 0, 306648, 2140
317172, 0, 0, 0, 0, 0, 0, 306648, 2140
317172, 0, 0, 0, 0, 0, 0, 306648, 2140
317172, 0, 0, 0, 0, 0, 0, 306648, 2140
317172, 0, 0, 0, 0, 0, 0, 306648, 2140
317172, 0, 0, 0, 0, 0, 0, 306648, 2140
317172, 0, 0, 0, 0, 0, 0, 306648, 2140
317172, 0, 0, 0, 0, 0, 0, 306648, 2140
317172, 0, 0, 0, 0, 0, 0, 306648, 2140
317172, 0, 0, 0, 0, 0, 0, 306648, 2140
317172, 0, 0, 0, 0, 0, 0, 306648, 2140
317172, 0, 0, 0, 0, 0, 0, 306648, 2140
317172, 0, 0, 0, 0, 0, 0, 306648, 2140
317172, 0, 0, 0, 0, 0, 0, 306648, 2140
317172, 0, 0, 0, 0, 0, 0, 306648, 2140
317172, 0, 0, 0, 0, 0, 0, 306648, 2140
317172, 0, 0, 0, 0, 0, 0, 306648, 2140
317172, 0, 0, 0, 0, 0, 0, 306648, 2140
317172, 0, 0, 0, 0, 0, 0, 306648, 2140
317172, 0, 0, 0, 0, 0, 0, 306648, 2140
317172, 0, 0, 0, 0, 0, 0, 306648, 2140
317172, 0, 0, 0, 0, 0, 0, 306648, 2140
317172, 0, 0, 0, 0, 0, 0, 306648, 2140
317172, 0, 0, 0, 0, 0, 0, 306648, 2140
317172, 0, 0, 0, 0, 0, 0, 306648, 2140
317172, 0, 0, 0, 0, 0, 0, 306648, 2140
317172, 0, 0, 0, 0, 0, 0, 306648, 2140
317172, 0, 0, 0, 0, 0, 0, 306648, 2140
317172, 0, 0, 0, 0, 0, 0, 306648, 2140
317172, 0, 0, 0, 0, 0, 0, 306648, 2140
317172, 0, 0, 0, 0, 0, 0, 306648, 2140
317172, 0, 0, 0, 0, 0, 0, 306648, 2140
317172, 0, 0, 0, 0, 0, 0, 306648, 2140
317172, 0, 0, 0, 0, 0, 0, 306648, 2140
317172, 0, 0, 0, 0, 0, 0, 306648, 2140
317172, 0, 0, 0, 0, 0, 0, 306648, 2140
317172, 0, 0, 0, 0, 0, 0, 306648, 2140
317172, 0, 0, 0, 0, 0, 0, 306648, 2140
317172, 0, 0, 0, 0, 0, 0, 306648, 2140
317172, 0, 0, 0, 0, 0, 0, 306648, 2140
317172, 0, 0, 0, 0, 0, 0, 306648, 2140
317172, 0, 0, 0, 0, 0, 0, 306648, 2140
317172, 0, 0, 0, 0, 0, 0, 306648, 2140
317172, 0, 0, 0, 0, 0, 0, 306648, 2140
317172, 0, 0, 0, 0, 0, 0, 306648, 2140
317172, 0, 0, 0, 0, 0, 0, 306648, 2140
317172, 0, 0, 0, 0, 0, 0, 306648, 2140
317172, 0, 0, 0, 0, 0, 0, 306648, 2140
317172, 0, 0, 0, 0, 0, 0, 306648, 2140
317172, 0, 0, 0, 0, 0, 0, 306648, 2140
317172, 0, 0, 0, 0, 0, 0, 306648, 2140
317172, 0, 0, 0, 0, 0, 0, 306648, 2140
317172, 0, 0, 0, 0, 0, 0, 306648, 2140
317172, 0, 0, 0, 0, 0, 0, 306648, 2140
317172, 0, 0, 0, 0, 0, 0, 306648, 2140
317172, 0, 0, 0, 0, 0, 0, 306648, 2140
317172, 0, 0, 0, 0, 0, 0, 306648, 2140
317172, 0, 0, 0, 0, 0, 0, 306648, 2140
317172, 0, 0, 0, 0, 0, 0, 306648, 2140
317172, 0, 0, 0, 0, 0, 0, 306648, 2140
317172, 0, 0, 0, 0, 0, 0, 306648, 2140
317172, 0, 0, 0, 0, 0, 0, 306648, 2140
317172, 0, 0, 0, 0, 0, 0, 306648, 2140
317172, 0, 0, 0, 0, 0, 0, 306648, 2140
317172, 0, 0, 0, 0, 0, 0, 306648, 2140
317172, 0, 0, 0, 0, 0, 0, 306648, 2140
317172, 0, 0, 0, 0, 0, 0, 306648, 2140
317172, 0, 0, 0, 0, 0, 0, 306648, 2140
317172, 0, 0, 0, 0, 0, 0, 306648, 2140
317172, 0, 0, 0, 0, 0, 0, 306648, 2140
317172, 0, 0, 0, 0, 0, 0, 306648, 2140
317172, 0, 0, 0, 0, 0, 0, 306648, 2140
317172, 0, 0, 0, 0, 0, 0, 306648, 2140
317172, 0, 0, 0, 0, 0, 0, 306648, 2140
317172, 0, 0, 0, 0, 0, 0, 306648, 2140
317172, 0, 0, 0, 0, 0, 0, 306648, 2140
317172, 0, 0, 0, 0, 0, 0, 306648, 2140
317172, 0, 0, 0, 0, 0, 0, 306648, 2140
317172, 0, 0, 0, 0, 0, 0, 306648, 2140
317172, 0, 0, 0, 0, 0, 0, 306648, 2140
317172, 0, 0, 0, 0, 0, 0, 306648, 2140
317172, 0, 0, 0, 0, 0, 0, 306648, 2140
317172, 0, 0, 0, 0, 0, 0, 306648, 2140
317172, 0, 0, 0, 0, 0, 0, 306648, 2140
317172, 0, 0, 0, 0, 0, 0, 306648, 2140
317172, 0, 0, 0, 0, 0, 0, 306648, 2140
317172, 0, 0, 0, 0, 0, 0, 306648, 2140
317172, 0, 0, 0, 0, 0, 0, 306648, 2140
317172, 0, 0, 0, 0, 0, 0, 306648, 2140
317172, 0, 0, 0, 0, 0, 0, 306648, 2140
317172, 0, 0, 0, 0, 0, 0, 306648, 2140
317172, 0, 0, 0, 0, 0, 0, 306648, 2140
317172, 0, 0, 0, 0, 0, 0, 306648, 2140
317172, 0, 0, 0, 0, 0, 0, 306648, 2140
317172, 0, 0, 0, 0, 0, 0, 306648, 2140
317172, 0, 0, 0, 0, 0, 0, 306648, 2140
317172, 0, 0, 0, 0, 0, 0, 306648, 2140
317172, 0, 0, 0, 0, 0, 0, 306648, 2140
317172, 0, 0, 0, 0, 0, 0, 306648, 2140
317172, 0, 0, 0, 0, 0, 0, 306648, 2140
317172, 0, 0, 0, 0, 0, 0, 306648, 2140
317172, 0, 0, 0, 0, 0, 0, 306648, 2140
317172, 0, 0, 0, 0, 0, 0, 306648, 2140
317172, 0, 0, 0, 0, 0, 0, 306648, 2140
317172, 0, 0, 0, 0, 0, 0, 306648, 2140
317172, 0, 0, 0, 0, 0, 0, 306648, 2140
317172, 0, 0, 0, 0, 0, 0, 306648, 2140
317172, 0, 0, 0, 0, 0, 0, 306648, 2140
317172, 0, 0, 0, 0, 0, 0, 306648, 2140
317172, 0, 0, 0, 0, 0, 0, 306648, 2140
317172, 0, 0, 0, 0, 0, 0, 306648, 2140
317172, 0, 0, 0, 0, 0, 0, 306648, 2140
317172, 0, 0, 0, 0, 0, 0, 306648, 2140
317172, 0, 0, 0, 0, 0, 0, 306648, 2140
317172, 0, 0, 0, 0, 0, 0, 306648, 2140
317172, 0, 0, 0, 0, 0, 0, 306648, 2140
317172, 0, 0, 0, 0, 0, 0, 306648, 2140
317172, 0, 0, 0, 0, 0, 0, 306648, 2140
317172, 0, 0, 0, 0, 0, 0, 306648, 2140
317172, 0, 0, 0, 0, 0, 0, 306648, 2140
317172, 0, 0, 0, 0, 0, 0, 306648, 2140
317172, 0, 0, 0, 0, 0, 0, 306648, 2140
317172, 0, 0, 0, 0, 0, 0, 306648, 2140
317172, 0, 0, 0, 0, 0, 0, 306648, 2140
317172, 0, 0, 0, 0, 0, 0, 306648, 2140
317172, 0, 0, 0, 0, 0, 0, 306648, 2140
317172, 0, 0, 0, 0, 0, 0, 306648, 2140
317172, 0, 0, 0, 0, 0, 0, 306648, 2140
317172, 0, 0, 0, 0, 0, 0, 306648, 2140
317172, 0, 0, 0, 0, 0, 0, 306648, 2140
317172, 0, 0, 0, 0, 0, 0, 306648, 2140
317172, 0, 0, 0, 0, 0, 0, 306648, 2140
317172, 0, 0, 0, 0, 0, 0, 306648, 2140
317172, 0, 0, 0, 0, 0, 0, 306648, 2140
317172, 0, 0, 0, 0, 0, 0, 306648, 2140
317172, 0, 0, 0, 0, 0, 0, 306648, 2140
317172, 0, 0, 0, 0, 0, 0, 306648, 2140
317172, 0, 0, 0, 0, 0, 0, 306648, 2140
317172, 0, 0, 0, 0, 0, 0, 306648, 2140
317172, 0, 0, 0, 0, 0, 0, 306648, 2140
317172, 0, 0, 0, 0, 0, 0, 306648, 2140
317172, 0, 0, 0, 0, 0, 0, 306648, 2140
317172, 0, 0, 0, 0, 0, 0, 306648, 2140
317172, 0, 0, 0, 0, 0, 0, 306648, 2140
317172, 0, 0, 0, 0, 0, 0, 306648, 2140
317172, 0, 0, 0, 0, 0, 0, 306648, 2140
317172, 0, 0, 0, 0, 0, 0, 306648, 2140
317172, 0, 0, 0, 0, 0, 0, 306648, 2140
317172, 0, 0, 0, 0, 0, 0, 306648, 2140
317172, 0, 0, 0, 0, 0, 0, 306648, 2140
317172, 0, 0, 0, 0, 0, 0, 306648, 2140
317172, 0, 0, 0, 0, 0, 0, 306648, 2140
317172, 0, 0, 0, 0, 0, 0, 306648, 2140
317172, 0, 0, 0, 0, 0, 0, 306648, 2140
317172, 0, 0, 0, 0, 0, 0, 306648, 2140
317172, 0, 0, 0, 0, 0, 0, 306648, 2140
317172, 0, 0, 0, 0, 0, 0, 306648, 2140
317172, 0, 0, 0, 0, 0, 0, 306648, 2140
317172, 0, 0, 0, 0, 0, 0, 306648, 2140
317172, 0, 0, 0, 0, 0, 0, 306648, 2140
317172, 0, 0, 0, 0, 0, 0, 306648, 2140
317172, 0, 0, 0, 0, 0, 0, 306648, 2140
317172, 0, 0, 0, 0, 0, 0, 306648, 2140
317172, 0, 0, 0, 0, 0, 0, 306648, 2140
317172, 0, 0, 0, 0, 0, 0, 306648, 2140
317172, 0, 0, 0, 0, 0, 0, 306648, 2140
317172, 0, 0, 0, 0, 0, 0, 306648, 2140
317172, 0, 0, 0, 0, 0, 0, 306648, 2140
317172, 0, 0, 0, 0, 0, 0, 306648, 2140
317172, 0, 0, 0, 0, 0, 0, 306648, 2140
317172, 0, 0, 0, 0, 0, 0, 306648, 2140
317172, 0, 0, 0, 0, 0, 0, 306648, 2140
317172, 0, 0, 0, 0, 0, 0, 306648, 2140
317172, 0, 0, 0, 0, 0, 0, 306648, 2140
317172, 0, 0, 0, 0, 0, 0, 306648, 2140
317172, 0, 0, 0, 0, 0, 0, 306648, 2140
317172, 0, 0, 0, 0, 0, 0, 306648, 2140
317172, 0, 0, 0, 0, 0, 0, 306648, 2140
317172, 0, 0, 0, 0, 0, 0, 306648, 2140
317172, 0, 0, 0, 0, 0, 0, 306648, 2140
317172, 0, 0, 0, 0, 0, 0, 306648, 2140
317172, 0, 0, 0, 0, 0, 0, 306648, 2140
317172, 0, 0, 0, 0, 0, 0, 306648, 2140
317172, 0, 0, 0, 0, 0, 0, 306648, 2140
317172, 0, 0, 0, 0, 0, 0, 306648, 2140
317172, 0, 0, 0, 0, 0, 0, 306648, 2140
317172, 0, 0, 0, 0, 0, 0, 306648, 2140
317172, 0, 0, 0, 0, 0, 0, 306648, 2140
317172, 0, 0, 0, 0, 0, 0, 306648, 2140
317172, 0, 0, 0, 0, 0, 0, 306648, 2140
317172, 0, 0, 0, 0, 0, 0, 306648, 2140
317172, 0, 0, 0, 0, 0, 0, 306648, 2140
317172, 0, 0, 0, 0, 0, 0, 306648, 2140
317172, 0, 0, 0, 0, 0, 0, 306648, 2140
317172, 0, 0, 0, 0, 0, 0, 306648, 2140
317172, 0, 0, 0, 0, 0, 0, 306648, 2140
317172, 0, 0, 0, 0, 0, 0, 306648, 2140
317172, 0, 0, 0, 0, 0, 0, 306648, 2140
317172, 0, 0, 0, 0, 0, 0, 306648, 2140
317172, 0, 0, 0, 0, 0, 0, 306648, 2140
317172, 0, 0, 0, 0, 0, 0, 306648, 2140
317172, 0, 0, 0, 0, 0, 0, 306648, 2140
317172, 0, 0, 0, 0, 0, 0, 306648, 2140
317172, 0, 0, 0, 0, 0, 0, 306648, 2140
317172, 0, 0, 0, 0, 0, 0, 306648, 2140
317172, 0, 0, 0, 0, 0, 0, 306648, 2140
317172, 0, 0, 0, 0, 0, 0, 306648, 2140
317172, 0, 0, 0, 0, 0, 0, 306648, 2140
317172, 0, 0, 0, 0, 0, 0, 306648, 2140
317172, 0, 0, 0, 0, 0, 0, 306648, 2140
317172, 0, 0, 0, 0, 0, 0, 306648, 2140
317172, 0, 0, 0, 0, 0, 0, 306648, 2140
317172, 0, 0, 0, 0, 0, 0, 306648, 2140
317172, 0, 0, 0, 0, 0, 0, 306648, 2140
317172, 0, 0, 0, 0, 0, 0, 306648, 2140
317172, 0, 0, 0, 0, 0, 0, 306648, 2140
317172, 0, 0, 0, 0, 0, 0, 306648, 2140
317172, 0, 0, 0, 0, 0, 0, 306648, 2140
317172, 0, 0, 0, 0, 0, 0, 306648, 2140
317172, 0, 0, 0, 0, 0, 0, 306648, 2140
317172, 0, 0, 0, 0, 0, 0, 306648, 2140
317172, 0, 0, 0, 0, 0, 0, 306648, 2140
317172, 0, 0, 0, 0, 0, 0, 306648, 2140
317172, 0, 0, 0, 0, 0, 0, 306648, 2140
317172, 0, 0, 0, 0, 0, 0, 306648, 2140
317172, 0, 0, 0, 0, 0, 0, 306648, 2140
317172, 0, 0, 0, 0, 0, 0, 306648, 2140
317172, 0, 0, 0, 0, 0, 0, 306648, 2140
317172, 0, 0, 0, 0, 0, 0, 306648, 2140
317172, 0, 0, 0, 0, 0, 0, 306648, 2140
317172, 0, 0, 0, 0, 0, 0, 306648, 2140
317172, 0, 0, 0, 0, 0, 0, 306648, 2140
317172, 0, 0, 0, 0, 0, 0, 306648, 2140
317172, 0, 0, 0, 0, 0, 0, 306648, 2140
317172, 0, 0, 0, 0, 0, 0, 306648, 2140
317172, 0, 0, 0, 0, 0, 0, 306648, 2140
317172, 0, 0, 0, 0, 0, 0, 306648, 2140
317172, 0, 0, 0, 0, 0, 0, 306648, 2140
317172, 0, 0, 0, 0, 0, 0, 306648, 2140
317172, 0, 0, 0, 0, 0, 0, 306648, 2140
317172, 0, 0, 0, 0, 0, 0, 306648, 2140
317172, 0, 0, 0, 0, 0, 0, 306648, 2140
317172, 0, 0, 0, 0, 0, 0, 306648, 2140
317172, 0, 0, 0, 0, 0, 0, 306648, 2140
317172, 0, 0, 0, 0, 0, 0, 306648, 2140
317172, 0, 0, 0, 0, 0, 0, 306648, 2140
317172, 0, 0, 0, 0, 0, 0, 306648, 2140
317172, 0, 0, 0, 0, 0, 0, 306648, 2140
317172, 0, 0, 0, 0, 0, 0, 306648, 2140
317172, 0, 0, 0, 0, 0, 0, 306648, 2140
317172, 0, 0, 0, 0, 0, 0, 306648, 2140
317172, 0, 0, 0, 0, 0, 0, 306648, 2140
317172, 0, 0, 0, 0, 0, 0, 306648, 2140
317172, 0, 0, 0, 0, 0, 0, 306648, 2140
317172, 0, 0, 0, 0, 0, 0, 306648, 2140
317172, 0, 0, 0, 0, 0, 0, 306648, 2140
317172, 0, 0, 0, 0, 0, 0, 306648, 2140
317172, 0, 0, 0, 0, 0, 0, 306648, 2140
317172, 0, 0, 0, 0, 0, 0, 306648, 2140
317172, 0, 0, 0, 0, 0, 0, 306648, 2140
317172, 0, 0, 0, 0, 0, 0, 306648, 2140
317172, 0, 0, 0, 0, 0, 0, 306648, 2140
317172, 0, 0, 0, 0, 0, 0, 306648, 2140
317172, 0, 0, 0, 0, 0, 0, 306648, 2140
317172, 0, 0, 0, 0, 0, 0, 306648, 2140
317172, 0, 0, 0, 0, 0, 0, 306648, 2140
317172, 0, 0, 0, 0, 0, 0, 306648, 2140
317172, 0, 0, 0, 0, 0, 0, 306648, 2140
317172, 0, 0, 0, 0, 0, 0, 306648, 2140
317172, 0, 0, 0, 0, 0, 0, 306648, 2140
317172, 0, 0, 0, 0, 0, 0, 306648, 2140
317172, 0, 0, 0, 0, 0, 0, 306648, 2140
317172, 0, 0, 0, 0, 0, 0, 306648, 2140
317172, 0, 0, 0, 0, 0, 0, 306648, 2140
317172, 0, 0, 0, 0, 0, 0, 306648, 2140
317172, 0, 0, 0, 0, 0, 0, 306648, 2140
317172, 0, 0, 0, 0, 0, 0, 306648, 2140
317172, 0, 0, 0, 0, 0, 0, 306648, 2140
317172, 0, 0, 0, 0, 0, 0, 306648, 2140
317172, 0, 0, 0, 0, 0, 0, 306648, 2140
317172, 0, 0, 0, 0, 0, 0, 306648, 2140
317172, 0, 0, 0, 0, 0, 0, 306648, 2140
317172, 0, 0, 0, 0, 0, 0, 306648, 2140
317172, 0, 0, 0, 0, 0, 0, 306648, 2140
317172, 0, 0, 0, 0, 0, 0, 306648, 2140
317172, 0, 0, 0, 0, 0, 0, 306648, 2140
317172, 0, 0, 0, 0, 0, 0, 306648, 2140
317172, 0, 0, 0, 0, 0, 0, 306648, 2140
317172, 0, 0, 0, 0, 0, 0, 306648, 2140
317172, 0, 0, 0, 0, 0, 0, 306648, 2140
317172, 0, 0, 0, 0, 0, 0, 306648, 2140
317172, 0, 0, 0, 0, 0, 0, 306648, 2140
317172, 0, 0, 0, 0, 0, 0, 306648, 2140
317172, 0, 0, 0, 0, 0, 0, 306648, 2140
317172, 0, 0, 0, 0, 0, 0, 306648, 2140
317172, 0, 0, 0, 0, 0, 0, 306648, 2140
317172, 0, 0, 0, 0, 0, 0, 306648, 2140
317172, 0, 0, 0, 0, 0, 0, 306648, 2140
317172, 0, 0, 0, 0, 0, 0, 306648, 2140
317172, 0, 0, 0, 0, 0, 0, 306648, 2140
317172, 0, 0, 0, 0, 0, 0, 306648, 2140
317172, 0, 0, 0, 0, 0, 0, 306648, 2140
317172, 0, 0, 0, 0, 0, 0, 306648, 2140
317172, 0, 0, 0, 0, 0, 0, 306648, 2140
317172, 0, 0, 0, 0, 0, 0, 306648, 2140
317172, 0, 0, 0, 0, 0, 0, 306648, 2140
317172, 0, 0, 0, 0, 0, 0, 306648, 2140
317172, 0, 0, 0, 0, 0, 0, 306648, 2140
317172, 0, 0, 0, 0, 0, 0, 306648, 2140
317172, 0, 0, 0, 0, 0, 0, 306648, 2140
317172, 0, 0, 0, 0, 0, 0, 306648, 2140
317172, 0, 0, 0, 0, 0, 0, 306648, 2140
317172, 0, 0, 0, 0, 0, 0, 306648, 2140
317172, 0, 0, 0, 0, 0, 0, 306648, 2140
317172, 0, 0, 0, 0, 0, 0, 306648, 2140
317172, 0, 0, 0, 0, 0, 0, 306648, 2140
317172, 0, 0, 0, 0, 0, 0, 306648, 2140
317172, 0, 0, 0, 0, 0, 0, 306648, 2140
317172, 0, 0, 0, 0, 0, 0, 306648, 2140
317172, 0, 0, 0, 0, 0, 0, 306648, 2140
317172, 0, 0, 0, 0, 0, 0, 306648, 2140
317172, 0, 0, 0, 0, 0, 0, 306648, 2140
317172, 0, 0, 0, 0, 0, 0, 306648, 2140
317172, 0, 0, 0, 0, 0, 0, 306648, 2140
317172, 0, 0, 0, 0, 0, 0, 306648, 2140
317172, 0, 0, 0, 0, 0, 0, 306648, 2140
317172, 0, 0, 0, 0, 0, 0, 306648, 2140
317172, 0, 0, 0, 0, 0, 0, 306648, 2140
317172, 0, 0, 0, 0, 0, 0, 306648, 2140
317172, 0, 0, 0, 0, 0, 0, 306648, 2140
317172, 0, 0, 0, 0, 0, 0, 306648, 2140
317172, 0, 0, 0, 0, 0, 0, 306648, 2140
317172, 0, 0, 0, 0, 0, 0, 306648, 2140
317172, 0, 0, 0, 0, 0, 0, 306648, 2140
317172, 0, 0, 0, 0, 0, 0, 306648, 2140
317172, 0, 0, 0, 0, 0, 0, 306648, 2140
317172, 0, 0, 0, 0, 0, 0, 306648, 2140
317172, 0, 0, 0, 0, 0, 0, 306648, 2140
317172, 0, 0, 0, 0, 0, 0, 306648, 2140
317172, 0, 0, 0, 0, 0, 0, 306648, 2140
317172, 0, 0, 0, 0, 0, 0, 306648, 2140
317172, 0, 0, 0, 0, 0, 0, 306648, 2140
317172, 0, 0, 0, 0, 0, 0, 306648, 2140
317172, 0, 0, 0, 0, 0, 0, 306648, 2140
317172, 0, 0, 0, 0, 0, 0, 306648, 2140
317172, 0, 0, 0, 0, 0, 0, 306648, 2140
317172, 0, 0, 0, 0, 0, 0, 306648, 2140
317172, 0, 0, 0, 0, 0, 0, 306648, 2140
317172, 0, 0, 0, 0, 0, 0, 306648, 2140
317172, 0, 0, 0, 0, 0, 0, 306648, 2140
317172, 0, 0, 0, 0, 0, 0, 306648, 2140
317172, 0, 0, 0, 0, 0, 0, 306648, 2140
317172, 0, 0, 0, 0, 0, 0, 306648, 2140
317172, 0, 0, 0, 0, 0, 0, 306648, 2140
317172, 0, 0, 0, 0, 0, 0, 306648, 2140
317172, 0, 0, 0, 0, 0, 0, 306648, 2140
317172, 0, 0, 0, 0, 0, 0, 306648, 2140
317172, 0, 0, 0, 0, 0, 0, 306648, 2140
317172, 0, 0, 0, 0, 0, 0, 306648, 2140
317172, 0, 0, 0, 0, 0, 0, 306648, 2140
317172, 0, 0, 0, 0, 0, 0, 306648, 2140
317172, 0, 0, 0, 0, 0, 0, 306648, 2140
317172, 0, 0, 0, 0, 0, 0, 306648, 2140
317172, 0, 0, 0, 0, 0, 0, 306648, 2140
317172, 0, 0, 0, 0, 0, 0, 306648, 2140
317172, 0, 0, 0, 0, 0, 0, 306648, 2140
317172, 0, 0, 0, 0, 0, 0, 306648, 2140
317172, 0, 0, 0, 0, 0, 0, 306648, 2140
317172, 0, 0, 0, 0, 0, 0, 306648, 2140
317172, 0, 0, 0, 0, 0, 0, 306648, 2140
317172, 0, 0, 0, 0, 0, 0, 306648, 2140
317172, 0, 0, 0, 0, 0, 0, 306648, 2140
317172, 0, 0, 0, 0, 0, 0, 306648, 2140
317172, 0, 0, 0, 0, 0, 0, 306648, 2140
317172, 0, 0, 0, 0, 0, 0, 306648, 2140
317172, 0, 0, 0, 0, 0, 0, 306648, 2140
317172, 0, 0, 0, 0, 0, 0, 306648, 2140
317172, 0, 0, 0, 0, 0, 0, 306648, 2140
317172, 0, 0, 0, 0, 0, 0, 306648, 2140
317172, 0, 0, 0, 0, 0, 0, 306648, 2140
317172, 0, 0, 0, 0, 0, 0, 306648, 2140
317172, 0, 0, 0, 0, 0, 0, 306648, 2140
317172, 0, 0, 0, 0, 0, 0, 306648, 2140
317172, 0, 0, 0, 0, 0, 0, 306648, 2140
317172, 0, 0, 0, 0, 0, 0, 306648, 2140
317172, 0, 0, 0, 0, 0, 0, 306648, 2140
317172, 0, 0, 0, 0, 0, 0, 306648, 2140
317172, 0, 0, 0, 0, 0, 0, 306648, 2140
317172, 0, 0, 0, 0, 0, 0, 306648, 2140
317172, 0, 0, 0, 0, 0, 0, 306648, 2140
317172, 0, 0, 0, 0, 0, 0, 306648, 2140
317172, 0, 0, 0, 0, 0, 0, 306648, 2140
317172, 0, 0, 0, 0, 0, 0, 306648, 2140
317172, 0, 0, 0, 0, 0, 0, 306648, 2140
317172, 0, 0, 0, 0, 0, 0, 306648, 2140
317172, 0, 0, 0, 0, 0, 0, 306648, 2140
317172, 0, 0, 0, 0, 0, 0, 306648, 2140
317172, 0, 0, 0, 0, 0, 0, 306648, 2140
317172, 0, 0, 0, 0, 0, 0, 306648, 2140
317172, 0, 0, 0, 0, 0, 0, 306648, 2140
317172, 0, 0, 0, 0, 0, 0, 306648, 2140
317172, 0, 0, 0, 0, 0, 0, 306648, 2140
317172, 0, 0, 0, 0, 0, 0, 306648, 2140
317172, 0, 0, 0, 0, 0, 0, 306648, 2140
317172, 0, 0, 0, 0, 0, 0, 306648, 2140
317172, 0, 0, 0, 0, 0, 0, 306648, 2140
317172, 0, 0, 0, 0, 0, 0, 306648, 2140
317172, 0, 0, 0, 0, 0, 0, 306648, 2140
317172, 0, 0, 0, 0, 0, 0, 306648, 2140
317172, 0, 0, 0, 0, 0, 0, 306648, 2140
317172, 0, 0, 0, 0, 0, 0, 306648, 2140
317172, 0, 0, 0, 0, 0, 0, 306648, 2140
317172, 0, 0, 0, 0, 0, 0, 306648, 2140
317172, 0, 0, 0, 0, 0, 0, 306648, 2140
317172, 0, 0, 0, 0, 0, 0, 306648, 2140
317172, 0, 0, 0, 0, 0, 0, 306648, 2140
317172, 0, 0, 0, 0, 0, 0, 306648, 2140
317172, 0, 0, 0, 0, 0, 0, 306648, 2140
317172, 0, 0, 0, 0, 0, 0, 306648, 2140
317172, 0, 0, 0, 0, 0, 0, 306648, 2140
317172, 0, 0, 0, 0, 0, 0, 306648, 2140
317172, 0, 0, 0, 0, 0, 0, 306648, 2140
317172, 0, 0, 0, 0, 0, 0, 306648, 2140
317172, 0, 0, 0, 0, 0, 0, 306648, 2140
317172, 0, 0, 0, 0, 0, 0, 306648, 2140
317172, 0, 0, 0, 0, 0, 0, 306648, 2140
317172, 0, 0, 0, 0, 0, 0, 306648, 2140
317172, 0, 0, 0, 0, 0, 0, 306648, 2140
317172, 0, 0, 0, 0, 0, 0, 306648, 2140
317172, 0, 0, 0, 0, 0, 0, 306648, 2140
317172, 0, 0, 0, 0, 0, 0, 306648, 2140
317172, 0, 0, 0, 0, 0, 0, 306648, 2140
317172, 0, 0, 0, 0, 0, 0, 306648, 2140
317172, 0, 0, 0, 0, 0, 0, 306648, 2140
317172, 0, 0, 0, 0, 0, 0, 306648, 2140
317172, 0, 0, 0, 0, 0, 0, 306648, 2140
317172, 0, 0, 0, 0, 0, 0, 306648, 2140
317172, 0, 0, 0, 0, 0, 0, 306648, 2140
317172, 0, 0, 0, 0, 0, 0, 306648, 2140
317172, 0, 0, 0, 0, 0, 0, 306648, 2140
317172, 0, 0, 0, 0, 0, 0, 306648, 2140
317172, 0, 0, 0, 0, 0, 0, 306648, 2140
317172, 0, 0, 0, 0, 0, 0, 306648, 2140
317172, 0, 0, 0, 0, 0, 0, 306648, 2140
317172, 0, 0, 0, 0, 0, 0, 306648, 2140
317172, 0, 0, 0, 0, 0, 0, 306648, 2140
317172, 0, 0, 0, 0, 0, 0, 306648, 2140
317172, 0, 0, 0, 0, 0, 0, 306648, 2140
317172, 0, 0, 0, 0, 0, 0, 306648, 2140
317172, 0, 0, 0, 0, 0, 0, 306648, 2140
317172, 0, 0, 0, 0, 0, 0, 306648, 2140
317172, 0, 0, 0, 0, 0, 0, 306648, 2140
317172, 0, 0, 0, 0, 0, 0, 306648, 2140
317172, 0, 0, 0, 0, 0, 0, 306648, 2140
317172, 0, 0, 0, 0, 0, 0, 306648, 2140
317172, 0, 0, 0, 0, 0, 0, 306648, 2140
317172, 0, 0, 0, 0, 0, 0, 306648, 2140
317172, 0, 0, 0, 0, 0, 0, 306648, 2140
317172, 0, 0, 0, 0, 0, 0, 306648, 2140
317172, 0, 0, 0, 0, 0, 0, 306648, 2140
317172, 0, 0, 0, 0, 0, 0, 306648, 2140
317172, 0, 0, 0, 0, 0, 0, 306648, 2140
317172, 0, 0, 0, 0, 0, 0, 306648, 2140
317172, 0, 0, 0, 0, 0, 0, 306648, 2140
317172, 0, 0, 0, 0, 0, 0, 306648, 2140
317172, 0, 0, 0, 0, 0, 0, 306648, 2140
317172, 0, 0, 0, 0, 0, 0, 306648, 2140
317172, 0, 0, 0, 0, 0, 0, 306648, 2140
317172, 0, 0, 0, 0, 0, 0, 306648, 2140
317172, 0, 0, 0, 0, 0, 0, 306648, 2140
317172, 0, 0, 0, 0, 0, 0, 306648, 2140
317172, 0, 0, 0, 0, 0, 0, 306648, 2140
317172, 0, 0, 0, 0, 0, 0, 306648, 2140
317172, 0, 0, 0, 0, 0, 0, 306648, 2140
317172, 0, 0, 0, 0, 0, 0, 306648, 2140
317172, 0, 0, 0, 0, 0, 0, 306648, 2140
317172, 0, 0, 0, 0, 0, 0, 306648, 2140
317172, 0, 0, 0, 0, 0, 0, 306648, 2140
317172, 0, 0, 0, 0, 0, 0, 306648, 2140
317172, 0, 0, 0, 0, 0, 0, 306648, 2140
317172, 0, 0, 0, 0, 0, 0, 306648, 2140
317172, 0, 0, 0, 0, 0, 0, 306648, 2140
317172, 0, 0, 0, 0, 0, 0, 306648, 2140
317172, 0, 0, 0, 0, 0, 0, 306648, 2140
317172, 0, 0, 0, 0, 0, 0, 306648, 2140
317172, 0, 0, 0, 0, 0, 0, 306648, 2140
317172, 0, 0, 0, 0, 0, 0, 306648, 2140
317172, 0, 0, 0, 0, 0, 0, 306648, 2140
317172, 0, 0, 0, 0, 0, 0, 306648, 2140
317172, 0, 0, 0, 0, 0, 0, 306648, 2140
317172, 0, 0, 0, 0, 0, 0, 306648, 2140
317172, 0, 0, 0, 0, 0, 0, 306648, 2140
317172, 0, 0, 0, 0, 0, 0, 306648, 2140
317172, 0, 0, 0, 0, 0, 0, 306648, 2140
317172, 0, 0, 0, 0, 0, 0, 306648, 2140
317172, 0, 0, 0, 0, 0, 0, 306648, 2140
317172, 0, 0, 0, 0, 0, 0, 306648, 2140
317172, 0, 0, 0, 0, 0, 0, 306648, 2140
317172, 0, 0, 0, 0, 0, 0, 306648, 2140
317172, 0, 0, 0, 0, 0, 0, 306648, 2140
317172, 0, 0, 0, 0, 0, 0, 306648, 2140
317172, 0, 0, 0, 0, 0, 0, 306648, 2140
317172, 0, 0, 0, 0, 0, 0, 306648, 2140
317172, 0, 0, 0, 0, 0, 0, 306648, 2140
317172, 0, 0, 0, 0, 0, 0, 306648, 2140
317172, 0, 0, 0, 0, 0, 0, 306648, 2140
317172, 0, 0, 0, 0, 0, 0, 306648, 2140
317172, 0, 0, 0, 0, 0, 0, 306648, 2140
317172, 0, 0, 0, 0, 0, 0, 306648, 2140
317172, 0, 0, 0, 0, 0, 0, 306648, 2140
317172, 0, 0, 0, 0, 0, 0, 306648, 2140
317172, 0, 0, 0, 0, 0, 0, 306648, 2140
317172, 0, 0, 0, 0, 0, 0, 306648, 2140
317172, 0, 0, 0, 0, 0, 0, 306648, 2140
317172, 0, 0, 0, 0, 0, 0, 306648, 2140
317172, 0, 0, 0, 0, 0, 0, 306648, 2140
317172, 0, 0, 0, 0, 0, 0, 306648, 2140
317172, 0, 0, 0, 0, 0, 0, 306648, 2140
317172, 0, 0, 0, 0, 0, 0, 306648, 2140
317172, 0, 0, 0, 0, 0, 0, 306648, 2140
317172, 0, 0, 0, 0, 0, 0, 306648, 2140
317172, 0, 0, 0, 0, 0, 0, 306648, 2140
317172, 0, 0, 0, 0, 0, 0, 306648, 2140
317172, 0, 0, 0, 0, 0, 0, 306648, 2140
317172, 0, 0, 0, 0, 0, 0, 306648, 2140
317172, 0, 0, 0, 0, 0, 0, 306648, 2140
317172, 0, 0, 0, 0, 0, 0, 306648, 2140
317172, 0, 0, 0, 0, 0, 0, 306648, 2140
317172, 0, 0, 0, 0, 0, 0, 306648, 2140
317172, 0, 0, 0, 0, 0, 0, 306648, 2140
317172, 0, 0, 0, 0, 0, 0, 306648, 2140
317172, 0, 0, 0, 0, 0, 0, 306648, 2140
317172, 0, 0, 0, 0, 0, 0, 306648, 2140
317172, 0, 0, 0, 0, 0, 0, 306648, 2140
317172, 0, 0, 0, 0, 0, 0, 306648, 2140
317172, 0, 0, 0, 0, 0, 0, 306648, 2140
317172, 0, 0, 0, 0, 0, 0, 306648, 2140
317172, 0, 0, 0, 0, 0, 0, 306648, 2140
317172, 0, 0, 0, 0, 0, 0, 306648, 2140
317172, 0, 0, 0, 0, 0, 0, 306648, 2140
317172, 0, 0, 0, 0, 0, 0, 306648, 2140
317172, 0, 0, 0, 0, 0, 0, 306648, 2140
317172, 0, 0, 0, 0, 0, 0, 306648, 2140
317172, 0, 0, 0, 0, 0, 0, 306648, 2140
317172, 0, 0, 0, 0, 0, 0, 306648, 2140
317172, 0, 0, 0, 0, 0, 0, 306648, 2140
317172, 0, 0, 0, 0, 0, 0, 306648, 2140
317172, 0, 0, 0, 0, 0, 0, 306648, 2140
317172, 0, 0, 0, 0, 0, 0, 306648, 2140
317172, 0, 0, 0, 0, 0, 0, 306648, 2140
317172, 0, 0, 0, 0, 0, 0, 306648, 2140
317172, 0, 0, 0, 0, 0, 0, 306648, 2140
317172, 0, 0, 0, 0, 0, 0, 306648, 2140
317172, 0, 0, 0, 0, 0, 0, 306648, 2140
317172, 0, 0, 0, 0, 0, 0, 306648, 2140
317172, 0, 0, 0, 0, 0, 0, 306648, 2140
317172, 0, 0, 0, 0, 0, 0, 306648, 2140
317172, 0, 0, 0, 0, 0, 0, 306648, 2140
317172, 0, 0, 0, 0, 0, 0, 306648, 2140
317172, 0, 0, 0, 0, 0, 0, 306648, 2140
317172, 0, 0, 0, 0, 0, 0, 306648, 2140
317172, 0, 0, 0, 0, 0, 0, 306648, 2140
317172, 0, 0, 0, 0, 0, 0, 306648, 2140
317172, 0, 0, 0, 0, 0, 0, 306648, 2140
317172, 0, 0, 0, 0, 0, 0, 306648, 2140
317172, 0, 0, 0, 0, 0, 0, 306648, 2140
317172, 0, 0, 0, 0, 0, 0, 306648, 2140
317172, 0, 0, 0, 0, 0, 0, 306648, 2140
317172, 0, 0, 0, 0, 0, 0, 306648, 2140
317172, 0, 0, 0, 0, 0, 0, 306648, 2140
317172, 0, 0, 0, 0, 0, 0, 306648, 2140
317172, 0, 0, 0, 0, 0, 0, 306648, 2140
317172, 0, 0, 0, 0, 0, 0, 306648, 2140
317172, 0, 0, 0, 0, 0, 0, 306648, 2140
317172, 0, 0, 0, 0, 0, 0, 306648, 2140
317172, 0, 0, 0, 0, 0, 0, 306648, 2140
317172, 0, 0, 0, 0, 0, 0, 306648, 2140
317172, 0, 0, 0, 0, 0, 0, 306648, 2140
317172, 0, 0, 0, 0, 0, 0, 306648, 2140
317172, 0, 0, 0, 0, 0, 0, 306648, 2140
317172, 0, 0, 0, 0, 0, 0, 306648, 2140
317172, 0, 0, 0, 0, 0, 0, 306648, 2140
317172, 0, 0, 0, 0, 0, 0, 306648, 2140
317172, 0, 0, 0, 0, 0, 0, 306648, 2140
317172, 0, 0, 0, 0, 0, 0, 306648, 2140
317172, 0, 0, 0, 0, 0, 0, 306648, 2140
317172, 0, 0, 0, 0, 0, 0, 306648, 2140
317172, 0, 0, 0, 0, 0, 0, 306648, 2140
317172, 0, 0, 0, 0, 0, 0, 306648, 2140
317172, 0, 0, 0, 0, 0, 0, 306648, 2140
317172, 0, 0, 0, 0, 0, 0, 306648, 2140
317172, 0, 0, 0, 0, 0, 0, 306648, 2140
317172, 0, 0, 0, 0, 0, 0, 306648, 2140
317172, 0, 0, 0, 0, 0, 0, 306648, 2140
317172, 0, 0, 0, 0, 0, 0, 306648, 2140
317172, 0, 0, 0, 0, 0, 0, 306648, 2140
317172, 0, 0, 0, 0, 0, 0, 306648, 2140
317172, 0, 0, 0, 0, 0, 0, 306648, 2140
317172, 0, 0, 0, 0, 0, 0, 306648, 2140
317172, 0, 0, 0, 0, 0, 0, 306648, 2140
317172, 0, 0, 0, 0, 0, 0, 306648, 2140
317172, 0, 0, 0, 0, 0, 0, 306648, 2140
317172, 0, 0, 0, 0, 0, 0, 306648, 2140
317172, 0, 0, 0, 0, 0, 0, 306648, 2140
317172, 0, 0, 0, 0, 0, 0, 306648, 2140
317172, 0, 0, 0, 0, 0, 0, 306648, 2140
317172, 0, 0, 0, 0, 0, 0, 306648, 2140
317172, 0, 0, 0, 0, 0, 0, 306648, 2140
317172, 0, 0, 0, 0, 0, 0, 306648, 2140
317172, 0, 0, 0, 0, 0, 0, 306648, 2140
317172, 0, 0, 0, 0, 0, 0, 306648, 2140
317172, 0, 0, 0, 0, 0, 0, 306648, 2140
317172, 0, 0, 0, 0, 0, 0, 306648, 2140
317172, 0, 0, 0, 0, 0, 0, 306648, 2140
317172, 0, 0, 0, 0, 0, 0, 306648, 2140
317172, 0, 0, 0, 0, 0, 0, 306648, 2140
317172, 0, 0, 0, 0, 0, 0, 306648, 2140
317172, 0, 0, 0, 0, 0, 0, 306648, 2140
317172, 0, 0, 0, 0, 0, 0, 306648, 2140
317172, 0, 0, 0, 0, 0, 0, 306648, 2140
317172, 0, 0, 0, 0, 0, 0, 306648, 2140
317172, 0, 0, 0, 0, 0, 0, 306648, 2140
317172, 0, 0, 0, 0, 0, 0, 306648, 2140
317172, 0, 0, 0, 0, 0, 0, 306648, 2140
317172, 0, 0, 0, 0, 0, 0, 306648, 2140
317172, 0, 0, 0, 0, 0, 0, 306648, 2140
317172, 0, 0, 0, 0, 0, 0, 306648, 2140
317172, 0, 0, 0, 0, 0, 0, 306648, 2140
317172, 0, 0, 0, 0, 0, 0, 306648, 2140
317172, 0, 0, 0, 0, 0, 0, 306648, 2140
317172, 0, 0, 0, 0, 0, 0, 306648, 2140
317172, 0, 0, 0, 0, 0, 0, 306648, 2140
317172, 0, 0, 0, 0, 0, 0, 306648, 2140
317172, 0, 0, 0, 0, 0, 0, 306648, 2140
317172, 0, 0, 0, 0, 0, 0, 306648, 2140
317172, 0, 0, 0, 0, 0, 0, 306648, 2140
317172, 0, 0, 0, 0, 0, 0, 306648, 2140
317172, 0, 0, 0, 0, 0, 0, 306648, 2140
317172, 0, 0, 0, 0, 0, 0, 306648, 2140
317172, 0, 0, 0, 0, 0, 0, 306648, 2140
317172, 0, 0, 0, 0, 0, 0, 306648, 2140
317172, 0, 0, 0, 0, 0, 0, 306648, 2140
317172, 0, 0, 0, 0, 0, 0, 306648, 2140
317172, 0, 0, 0, 0, 0, 0, 306648, 2140
317172, 0, 0, 0, 0, 0, 0, 306648, 2140
317172, 0, 0, 0, 0, 0, 0, 306648, 2140
317172, 0, 0, 0, 0, 0, 0, 306648, 2140
317172, 0, 0, 0, 0, 0, 0, 306648, 2140
317172, 0, 0, 0, 0, 0, 0, 306648, 2140
317172, 0, 0, 0, 0, 0, 0, 306648, 2140
317172, 0, 0, 0, 0, 0, 0, 306648, 2140
317172, 0, 0, 0, 0, 0, 0, 306648, 2140
317172, 0, 0, 0, 0, 0, 0, 306648, 2140
317172, 0, 0, 0, 0, 0, 0, 306648, 2140
317172, 0, 0, 0, 0, 0, 0, 306648, 2140
317172, 0, 0, 0, 0, 0, 0, 306648, 2140
317172, 0, 0, 0, 0, 0, 0, 306648, 2140
317172, 0, 0, 0, 0, 0, 0, 306648, 2140
317172, 0, 0, 0, 0, 0, 0, 306648, 2140
317172, 0, 0, 0, 0, 0, 0, 306648, 2140
317172, 0, 0, 0, 0, 0, 0, 306648, 2140
317172, 0, 0, 0, 0, 0, 0, 306648, 2140
317172, 0, 0, 0, 0, 0, 0, 306648, 2140
317172, 0, 0, 0, 0, 0, 0, 306648, 2140
317172, 0, 0, 0, 0, 0, 0, 306648, 2140
317172, 0, 0, 0, 0, 0, 0, 306648, 2140
317172, 0, 0, 0, 0, 0, 0, 306648, 2140
317172, 0, 0, 0, 0, 0, 0, 306648, 2140
317172, 0, 0, 0, 0, 0, 0, 306648, 2140
317172, 0, 0, 0, 0, 0, 0, 306648, 2140
317172, 0, 0, 0, 0, 0, 0, 306648, 2140
317172, 0, 0, 0, 0, 0, 0, 306648, 2140
317172, 0, 0, 0, 0, 0, 0, 306648, 2140
317172, 0, 0, 0, 0, 0, 0, 306648, 2140
317172, 0, 0, 0, 0, 0, 0, 306648, 2140
317172, 0, 0, 0, 0, 0, 0, 306648, 2140
317172, 0, 0, 0, 0, 0, 0, 306648, 2140
317172, 0, 0, 0, 0, 0, 0, 306648, 2140
317172, 0, 0, 0, 0, 0, 0, 306648, 2140
317172, 0, 0, 0, 0, 0, 0, 306648, 2140
317172, 0, 0, 0, 0, 0, 0, 306648, 2140
317172, 0, 0, 0, 0, 0, 0, 306648, 2140
317172, 0, 0, 0, 0, 0, 0, 306648, 2140
317172, 0, 0, 0, 0, 0, 0, 306648, 2140
317172, 0, 0, 0, 0, 0, 0, 306648, 2140
317172, 0, 0, 0, 0, 0, 0, 306648, 2140
317172, 0, 0, 0, 0, 0, 0, 306648, 2140
317172, 0, 0, 0, 0, 0, 0, 306648, 2140
317172, 0, 0, 0, 0, 0, 0, 306648, 2140
317172, 0, 0, 0, 0, 0, 0, 306648, 2140
317172, 0, 0, 0, 0, 0, 0, 306648, 2140
317172, 0, 0, 0, 0, 0, 0, 306648, 2140
317172, 0, 0, 0, 0, 0, 0, 306648, 2140
317172, 0, 0, 0, 0, 0, 0, 306648, 2140
317172, 0, 0, 0, 0, 0, 0, 306648, 2140
317172, 0, 0, 0, 0, 0, 0, 306648, 2140
317172, 0, 0, 0, 0, 0, 0, 306648, 2140
317172, 0, 0, 0, 0, 0, 0, 306648, 2140
317172, 0, 0, 0, 0, 0, 0, 306648, 2140
317172, 0, 0, 0, 0, 0, 0, 306648, 2140
317172, 0, 0, 0, 0, 0, 0, 306648, 2140
317172, 0, 0, 0, 0, 0, 0, 306648, 2140
317172, 0, 0, 0, 0, 0, 0, 306648, 2140
317172, 0, 0, 0, 0, 0, 0, 306648, 2140
317172, 0, 0, 0, 0, 0, 0, 306648, 2140
317172, 0, 0, 0, 0, 0, 0, 306648, 2140
317172, 0, 0, 0, 0, 0, 0, 306648, 2140
317172, 0, 0, 0, 0, 0, 0, 306648, 2140
317172, 0, 0, 0, 0, 0, 0, 306648, 2140
317172, 0, 0, 0, 0, 0, 0, 306648, 2140
317172, 0, 0, 0, 0, 0, 0, 306648, 2140
317172, 0, 0, 0, 0, 0, 0, 306648, 2140
317172, 0, 0, 0, 0, 0, 0, 306648, 2140
317172, 0, 0, 0, 0, 0, 0, 306648, 2140
317172, 0, 0, 0, 0, 0, 0, 306648, 2140
317172, 0, 0, 0, 0, 0, 0, 306648, 2140
317172, 0, 0, 0, 0, 0, 0, 306648, 2140
317172, 0, 0, 0, 0, 0, 0, 306648, 2140
317172, 0, 0, 0, 0, 0, 0, 306648, 2140
317172, 0, 0, 0, 0, 0, 0, 306648, 2140
317172, 0, 0, 0, 0, 0, 0, 306648, 2140
317172, 0, 0, 0, 0, 0, 0, 306648, 2140
317172, 0, 0, 0, 0, 0, 0, 306648, 2140
317172, 0, 0, 0, 0, 0, 0, 306648, 2140
317172, 0, 0, 0, 0, 0, 0, 306648, 2140
317172, 0, 0, 0, 0, 0, 0, 306648, 2140
317172, 0, 0, 0, 0, 0, 0, 306648, 2140
317172, 0, 0, 0, 0, 0, 0, 306648, 2140
317172, 0, 0, 0, 0, 0, 0, 306648, 2140
317172, 0, 0, 0, 0, 0, 0, 306648, 2140
317172, 0, 0, 0, 0, 0, 0, 306648, 2140
317172, 0, 0, 0, 0, 0, 0, 306648, 2140
317172, 0, 0, 0, 0, 0, 0, 306648, 2140
317172, 0, 0, 0, 0, 0, 0, 306648, 2140
317172, 0, 0, 0, 0, 0, 0, 306648, 2140
317172, 0, 0, 0, 0, 0, 0, 306648, 2140
317172, 0, 0, 0, 0, 0, 0, 306648, 2140
317172, 0, 0, 0, 0, 0, 0, 306648, 2140
317172, 0, 0, 0, 0, 0, 0, 306648, 2140
317172, 0, 0, 0, 0, 0, 0, 306648, 2140
317172, 0, 0, 0, 0, 0, 0, 306648, 2140
317172, 0, 0, 0, 0, 0, 0, 306648, 2140
317172, 0, 0, 0, 0, 0, 0, 306648, 2140
317172, 0, 0, 0, 0, 0, 0, 306648, 2140
317172, 0, 0, 0, 0, 0, 0, 306648, 2140
317172, 0, 0, 0, 0, 0, 0, 306648, 2140
317172, 0, 0, 0, 0, 0, 0, 306648, 2140
317172, 0, 0, 0, 0, 0, 0, 306648, 2140
317172, 0, 0, 0, 0, 0, 0, 306648, 2140
317172, 0, 0, 0, 0, 0, 0, 306648, 2140
317172, 0, 0, 0, 0, 0, 0, 306648, 2140
317172, 0, 0, 0, 0, 0, 0, 306648, 2140
317172, 0, 0, 0, 0, 0, 0, 306648, 2140
317172, 0, 0, 0, 0, 0, 0, 306648, 2140
317172, 0, 0, 0, 0, 0, 0, 306648, 2140
317172, 0, 0, 0, 0, 0, 0, 306648, 2140
317172, 0, 0, 0, 0, 0, 0, 306648, 2140
317172, 0, 0, 0, 0, 0, 0, 306648, 2140
317172, 0, 0, 0, 0, 0, 0, 306648, 2140
317172, 0, 0, 0, 0, 0, 0, 306648, 2140
317172, 0, 0, 0, 0, 0, 0, 306648, 2140
317172, 0, 0, 0, 0, 0, 0, 306648, 2140
317172, 0, 0, 0, 0, 0, 0, 306648, 2140
317172, 0, 0, 0, 0, 0, 0, 306648, 2140
317172, 0, 0, 0, 0, 0, 0, 306648, 2140
317172, 0, 0, 0, 0, 0, 0, 306648, 2140
317172, 0, 0, 0, 0, 0, 0, 306648, 2140
317172, 0, 0, 0, 0, 0, 0, 306648, 2140
317172, 0, 0, 0, 0, 0, 0, 306648, 2140
317172, 0, 0, 0, 0, 0, 0, 306648, 2140
317172, 0, 0, 0, 0, 0, 0, 306648, 2140
317172, 0, 0, 0, 0, 0, 0, 306648, 2140
317172, 0, 0, 0, 0, 0, 0, 306648, 2140
317172, 0, 0, 0, 0, 0, 0, 306648, 2140
317172, 0, 0, 0, 0, 0, 0, 306648, 2140
317172, 0, 0, 0, 0, 0, 0, 306648, 2140
317172, 0, 0, 0, 0, 0, 0, 306648, 2140
317172, 0, 0, 0, 0, 0, 0, 306648, 2140
317172, 0, 0, 0, 0, 0, 0, 306648, 2140
317172, 0, 0, 0, 0, 0, 0, 306648, 2140
317172, 0, 0, 0, 0, 0, 0, 306648, 2140
317172, 0, 0, 0, 0, 0, 0, 306648, 2140
317172, 0, 0, 0, 0, 0, 0, 306648, 2140
317172, 0, 0, 0, 0, 0, 0, 306648, 2140
317172, 0, 0, 0, 0, 0, 0, 306648, 2140
317172, 0, 0, 0, 0, 0, 0, 306648, 2140
317172, 0, 0, 0, 0, 0, 0, 306648, 2140
317172, 0, 0, 0, 0, 0, 0, 306648, 2140
317172, 0, 0, 0, 0, 0, 0, 306648, 2140
317172, 0, 0, 0, 0, 0, 0, 306648, 2140
317172, 0, 0, 0, 0, 0, 0, 306648, 2140
317172, 0, 0, 0, 0, 0, 0, 306648, 2140
317172, 0, 0, 0, 0, 0, 0, 306648, 2140
317172, 0, 0, 0, 0, 0, 0, 306648, 2140
317172, 0, 0, 0, 0, 0, 0, 306648, 2140
317172, 0, 0, 0, 0, 0, 0, 306648, 2140
317172, 0, 0, 0, 0, 0, 0, 306648, 2140
317172, 0, 0, 0, 0, 0, 0, 306648, 2140
317172, 0, 0, 0, 0, 0, 0, 306648, 2140
317172, 0, 0, 0, 0, 0, 0, 306648, 2140
317172, 0, 0, 0, 0, 0, 0, 306648, 2140
317172, 0, 0, 0, 0, 0, 0, 306648, 2140
317172, 0, 0, 0, 0, 0, 0, 306648, 2140
317172, 0, 0, 0, 0, 0, 0, 306648, 2140
317172, 0, 0, 0, 0, 0, 0, 306648, 2140
317172, 0, 0, 0, 0, 0, 0, 306648, 2140
317172, 0, 0, 0, 0, 0, 0, 306648, 2140
317172, 0, 0, 0, 0, 0, 0, 306648, 2140
317172, 0, 0, 0, 0, 0, 0, 306648, 2140
317172, 0, 0, 0, 0, 0, 0, 306648, 2140
317172, 0, 0, 0, 0, 0, 0, 306648, 2140
317172, 0, 0, 0, 0, 0, 0, 306648, 2140
317172, 0, 0, 0, 0, 0, 0, 306648, 2140
317172, 0, 0, 0, 0, 0, 0, 306648, 2140
317172, 0, 0, 0, 0, 0, 0, 306648, 2140
317172, 0, 0, 0, 0, 0, 0, 306648, 2140
317172, 0, 0, 0, 0, 0, 0, 306648, 2140
317172, 0, 0, 0, 0, 0, 0, 306648, 2140
317172, 0, 0, 0, 0, 0, 0, 306648, 2140
317172, 0, 0, 0, 0, 0, 0, 306648, 2140
317172, 0, 0, 0, 0, 0, 0, 306648, 2140
317172, 0, 0, 0, 0, 0, 0, 306648, 2140
317172, 0, 0, 0, 0, 0, 0, 306648, 2140
317172, 0, 0, 0, 0, 0, 0, 306648, 2140
317172, 0, 0, 0, 0, 0, 0, 306648, 2140
317172, 0, 0, 0, 0, 0, 0, 306648, 2140
317172, 0, 0, 0, 0, 0, 0, 306648, 2140
317172, 0, 0, 0, 0, 0, 0, 306648, 2140
317172, 0, 0, 0, 0, 0, 0, 306648, 2140
317172, 0, 0, 0, 0, 0, 0, 306648, 2140
317172, 0, 0, 0, 0, 0, 0, 306648, 2140
317172, 0, 0, 0, 0, 0, 0, 306648, 2140
317172, 0, 0, 0, 0, 0, 0, 306648, 2140
317172, 0, 0, 0, 0, 0, 0, 306648, 2140
317172, 0, 0, 0, 0, 0, 0, 306648, 2140
317172, 0, 0, 0, 0, 0, 0, 306648, 2140
317172, 0, 0, 0, 0, 0, 0, 306648, 2140
317172, 0, 0, 0, 0, 0, 0, 306648, 2140
317172, 0, 0, 0, 0, 0, 0, 306648, 2140
317172, 0, 0, 0, 0, 0, 0, 306648, 2140
317172, 0, 0, 0, 0, 0, 0, 306648, 2140
317172, 0, 0, 0, 0, 0, 0, 306648, 2140
317172, 0, 0, 0, 0, 0, 0, 306648, 2140
317172, 0, 0, 0, 0, 0, 0, 306648, 2140
317172, 0, 0, 0, 0, 0, 0, 306648, 2140
317172, 0, 0, 0, 0, 0, 0, 306648, 2140
317172, 0, 0, 0, 0, 0, 0, 306648, 2140
317172, 0, 0, 0, 0, 0, 0, 306648, 2140
317172, 0, 0, 0, 0, 0, 0, 306648, 2140
317172, 0, 0, 0, 0, 0, 0, 306648, 2140
317172, 0, 0, 0, 0, 0, 0, 306648, 2140
317172, 0, 0, 0, 0, 0, 0, 306648, 2140
317172, 0, 0, 0, 0, 0, 0, 306648, 2140
317172, 0, 0, 0, 0, 0, 0, 306648, 2140
317172, 0, 0, 0, 0, 0, 0, 306648, 2140
317172, 0, 0, 0, 0, 0, 0, 306648, 2140
317172, 0, 0, 0, 0, 0, 0, 306648, 2140
317172, 0, 0, 0, 0, 0, 0, 306648, 2140
317172, 0, 0, 0, 0, 0, 0, 306648, 2140
317172, 0, 0, 0, 0, 0, 0, 306648, 2140
317172, 0, 0, 0, 0, 0, 0, 306648, 2140
317172, 0, 0, 0, 0, 0, 0, 306648, 2140
317172, 0, 0, 0, 0, 0, 0, 306648, 2140
317172, 0, 0, 0, 0, 0, 0, 306648, 2140
317172, 0, 0, 0, 0, 0, 0, 306648, 2140
317172, 0, 0, 0, 0, 0, 0, 306648, 2140
317172, 0, 0, 0, 0, 0, 0, 306648, 2140
317172, 0, 0, 0, 0, 0, 0, 306648, 2140
317172, 0, 0, 0, 0, 0, 0, 306648, 2140
317172, 0, 0, 0, 0, 0, 0, 306648, 2140
317172, 0, 0, 0, 0, 0, 0, 306648, 2140
317172, 0, 0, 0, 0, 0, 0, 306648, 2140
317172, 0, 0, 0, 0, 0, 0, 306648, 2140
317172, 0, 0, 0, 0, 0, 0, 306648, 2140
317172, 0, 0, 0, 0, 0, 0, 306648, 2140
317172, 0, 0, 0, 0, 0, 0, 306648, 2140
317172, 0, 0, 0, 0, 0, 0, 306648, 2140
317172, 0, 0, 0, 0, 0, 0, 306648, 2140
317172, 0, 0, 0, 0, 0, 0, 306648, 2140
317172, 0, 0, 0, 0, 0, 0, 306648, 2140
317172, 0, 0, 0, 0, 0, 0, 306648, 2140
317172, 0, 0, 0, 0, 0, 0, 306648, 2140
317172, 0, 0, 0, 0, 0, 0, 306648, 2140
317172, 0, 0, 0, 0, 0, 0, 306648, 2140
317172, 0, 0, 0, 0, 0, 0, 306648, 2140
317172, 0, 0, 0, 0, 0, 0, 306648, 2140
317172, 0, 0, 0, 0, 0, 0, 306648, 2140
317172, 0, 0, 0, 0, 0, 0, 306648, 2140
317172, 0, 0, 0, 0, 0, 0, 306648, 2140
317172, 0, 0, 0, 0, 0, 0, 306648, 2140
317172, 0, 0, 0, 0, 0, 0, 306648, 2140
317172, 0, 0, 0, 0, 0, 0, 306648, 2140
317172, 0, 0, 0, 0, 0, 0, 306648, 2140
317172, 0, 0, 0, 0, 0, 0, 306648, 2140
317172, 0, 0, 0, 0, 0, 0, 306648, 2140
317172, 0, 0, 0, 0, 0, 0, 306648, 2140
317172, 0, 0, 0, 0, 0, 0, 306648, 2140
317172, 0, 0, 0, 0, 0, 0, 306648, 2140
317172, 0, 0, 0, 0, 0, 0, 306648, 2140
317172, 0, 0, 0, 0, 0, 0, 306648, 2140
317172, 0, 0, 0, 0, 0, 0, 306648, 2140
317172, 0, 0, 0, 0, 0, 0, 306648, 2140
317172, 0, 0, 0, 0, 0, 0, 306648, 2140
317172, 0, 0, 0, 0, 0, 0, 306648, 2140
317172, 0, 0, 0, 0, 0, 0, 306648, 2140
317172, 0, 0, 0, 0, 0, 0, 306648, 2140
317172, 0, 0, 0, 0, 0, 0, 306648, 2140
317172, 0, 0, 0, 0, 0, 0, 306648, 2140
317172, 0, 0, 0, 0, 0, 0, 306648, 2140
317172, 0, 0, 0, 0, 0, 0, 306648, 2140
317172, 0, 0, 0, 0, 0, 0, 306648, 2140
317172, 0, 0, 0, 0, 0, 0, 306648, 2140
317172, 0, 0, 0, 0, 0, 0, 306648, 2140
317172, 0, 0, 0, 0, 0, 0, 306648, 2140
317172, 0, 0, 0, 0, 0, 0, 306648, 2140
317172, 0, 0, 0, 0, 0, 0, 306648, 2140
317172, 0, 0, 0, 0, 0, 0, 306648, 2140
317172, 0, 0, 0, 0, 0, 0, 306648, 2140
317172, 0, 0, 0, 0, 0, 0, 306648, 2140
317172, 0, 0, 0, 0, 0, 0, 306648, 2140
317172, 0, 0, 0, 0, 0, 0, 306648, 2140
317172, 0, 0, 0, 0, 0, 0, 306648, 2140
317172, 0, 0, 0, 0, 0, 0, 306648, 2140
317172, 0, 0, 0, 0, 0, 0, 306648, 2140
317172, 0, 0, 0, 0, 0, 0, 306648, 2140
317172, 0, 0, 0, 0, 0, 0, 306648, 2140
317172, 0, 0, 0, 0, 0, 0, 306648, 2140
317172, 0, 0, 0, 0, 0, 0, 306648, 2140
317172, 0, 0, 0, 0, 0, 0, 306648, 2140
317172, 0, 0, 0, 0, 0, 0, 306648, 2140
317172, 0, 0, 0, 0, 0, 0, 306648, 2140
317172, 0, 0, 0, 0, 0, 0, 306648, 2140
317172, 0, 0, 0, 0, 0, 0, 306648, 2140
317172, 0, 0, 0, 0, 0, 0, 306648, 2140
317172, 0, 0, 0, 0, 0, 0, 306648, 2140
317172, 0, 0, 0, 0, 0, 0, 306648, 2140
317172, 0, 0, 0, 0, 0, 0, 306648, 2140
317172, 0, 0, 0, 0, 0, 0, 306648, 2140
317172, 0, 0, 0, 0, 0, 0, 306648, 2140
317172, 0, 0, 0, 0, 0, 0, 306648, 2140
317172, 0, 0, 0, 0, 0, 0, 306648, 2140
317172, 0, 0, 0, 0, 0, 0, 306648, 2140
317172, 0, 0, 0, 0, 0, 0, 306648, 2140
317172, 0, 0, 0, 0, 0, 0, 306648, 2140
317172, 0, 0, 0, 0, 0, 0, 306648, 2140
317172, 0, 0, 0, 0, 0, 0, 306648, 2140
317172, 0, 0, 0, 0, 0, 0, 306648, 2140
317172, 0, 0, 0, 0, 0, 0, 306648, 2140
317172, 0, 0, 0, 0, 0, 0, 306648, 2140
317172, 0, 0, 0, 0, 0, 0, 306648, 2140
317172, 0, 0, 0, 0, 0, 0, 306648, 2140
317172, 0, 0, 0, 0, 0, 0, 306648, 2140
317172, 0, 0, 0, 0, 0, 0, 306648, 2140
317172, 0, 0, 0, 0, 0, 0, 306648, 2140
317172, 0, 0, 0, 0, 0, 0, 306648, 2140
317172, 0, 0, 0, 0, 0, 0, 306648, 2140
317172, 0, 0, 0, 0, 0, 0, 306648, 2140
317172, 0, 0, 0, 0, 0, 0, 306648, 2140
317172, 0, 0, 0, 0, 0, 0, 306648, 2140
317172, 0, 0, 0, 0, 0, 0, 306648, 2140
317172, 0, 0, 0, 0, 0, 0, 306648, 2140
317172, 0, 0, 0, 0, 0, 0, 306648, 2140
317172, 0, 0, 0, 0, 0, 0, 306648, 2140
317172, 0, 0, 0, 0, 0, 0, 306648, 2140
317172, 0, 0, 0, 0, 0, 0, 306648, 2140
317172, 0, 0, 0, 0, 0, 0, 306648, 2140
317172, 0, 0, 0, 0, 0, 0, 306648, 2140
317172, 0, 0, 0, 0, 0, 0, 306648, 2140
317172, 0, 0, 0, 0, 0, 0, 306648, 2140
317172, 0, 0, 0, 0, 0, 0, 306648, 2140
317172, 0, 0, 0, 0, 0, 0, 306648, 2140
317172, 0, 0, 0, 0, 0, 0, 306648, 2140
317172, 0, 0, 0, 0, 0, 0, 306648, 2140
317172, 0, 0, 0, 0, 0, 0, 306648, 2140
317172, 0, 0, 0, 0, 0, 0, 306648, 2140
317172, 0, 0, 0, 0, 0, 0, 306648, 2140
317172, 0, 0, 0, 0, 0, 0, 306648, 2140
317172, 0, 0, 0, 0, 0, 0, 306648, 2140
317172, 0, 0, 0, 0, 0, 0, 306648, 2140
317172, 0, 0, 0, 0, 0, 0, 306648, 2140
317172, 0, 0, 0, 0, 0, 0, 306648, 2140
317172, 0, 0, 0, 0, 0, 0, 306648, 2140
317172, 0, 0, 0, 0, 0, 0, 306648, 2140
317172, 0, 0, 0, 0, 0, 0, 306648, 2140
317172, 0, 0, 0, 0, 0, 0, 306648, 2140
317172, 0, 0, 0, 0, 0, 0, 306648, 2140
317172, 0, 0, 0, 0, 0, 0, 306648, 2140
317172, 0, 0, 0, 0, 0, 0, 306648, 2140
317172, 0, 0, 0, 0, 0, 0, 306648, 2140
317172, 0, 0, 0, 0, 0, 0, 306648, 2140
317172, 0, 0, 0, 0, 0, 0, 306648, 2140
317172, 0, 0, 0, 0, 0, 0, 306648, 2140
317172, 0, 0, 0, 0, 0, 0, 306648, 2140
317172, 0, 0, 0, 0, 0, 0, 306648, 2140
317172, 0, 0, 0, 0, 0, 0, 306648, 2140
317172, 0, 0, 0, 0, 0, 0, 306648, 2140
317172, 0, 0, 0, 0, 0, 0, 306648, 2140
317172, 0, 0, 0, 0, 0, 0, 306648, 2140
317172, 0, 0, 0, 0, 0, 0, 306648, 2140
317172, 0, 0, 0, 0, 0, 0, 306648, 2140
317172, 0, 0, 0, 0, 0, 0, 306648, 2140
317172, 0, 0, 0, 0, 0, 0, 306648, 2140
317172, 0, 0, 0, 0, 0, 0, 306648, 2140
317172, 0, 0, 0, 0, 0, 0, 306648, 2140
317172, 0, 0, 0, 0, 0, 0, 306648, 2140
317172, 0, 0, 0, 0, 0, 0, 306648, 2140
317172, 0, 0, 0, 0, 0, 0, 306648, 2140
317172, 0, 0, 0, 0, 0, 0, 306648, 2140
317172, 0, 0, 0, 0, 0, 0, 306648, 2140
317172, 0, 0, 0, 0, 0, 0, 306648, 2140
317172, 0, 0, 0, 0, 0, 0, 306648, 2140
317172, 0, 0, 0, 0, 0, 0, 306648, 2140
317172, 0, 0, 0, 0, 0, 0, 306648, 2140
317172, 0, 0, 0, 0, 0, 0, 306648, 2140
317172, 0, 0, 0, 0, 0, 0, 306648, 2140
317172, 0, 0, 0, 0, 0, 0, 306648, 2140
317172, 0, 0, 0, 0, 0, 0, 306648, 2140
317172, 0, 0, 0, 0, 0, 0, 306648, 2140
317172, 0, 0, 0, 0, 0, 0, 306648, 2140
317172, 0, 0, 0, 0, 0, 0, 306648, 2140
317172, 0, 0, 0, 0, 0, 0, 306648, 2140
317172, 0, 0, 0, 0, 0, 0, 306648, 2140
317172, 0, 0, 0, 0, 0, 0, 306648, 2140
317172, 0, 0, 0, 0, 0, 0, 306648, 2140
317172, 0, 0, 0, 0, 0, 0, 306648, 2140
317172, 0, 0, 0, 0, 0, 0, 306648, 2140
317172, 0, 0, 0, 0, 0, 0, 306648, 2140
317172, 0, 0, 0, 0, 0, 0, 306648, 2140
317172, 0, 0, 0, 0, 0, 0, 306648, 2140
317172, 0, 0, 0, 0, 0, 0, 306648, 2140
317172, 0, 0, 0, 0, 0, 0, 306648, 2140
317172, 0, 0, 0, 0, 0, 0, 306648, 2140
317172, 0, 0, 0, 0, 0, 0, 306648, 2140
317172, 0, 0, 0, 0, 0, 0, 306648, 2140
317172, 0, 0, 0, 0, 0, 0, 306648, 2140
317172, 0, 0, 0, 0, 0, 0, 306648, 2140
317172, 0, 0, 0, 0, 0, 0, 306648, 2140
317172, 0, 0, 0, 0, 0, 0, 306648, 2140
317172, 0, 0, 0, 0, 0, 0, 306648, 2140
317172, 0, 0, 0, 0, 0, 0, 306648, 2140
317172, 0, 0, 0, 0, 0, 0, 306648, 2140
317172, 0, 0, 0, 0, 0, 0, 306648, 2140
317172, 0, 0, 0, 0, 0, 0, 306648, 2140
317172, 0, 0, 0, 0, 0, 0, 306648, 2140
317172, 0, 0, 0, 0, 0, 0, 306648, 2140
317172, 0, 0, 0, 0, 0, 0, 306648, 2140
317172, 0, 0, 0, 0, 0, 0, 306648, 2140
317172, 0, 0, 0, 0, 0, 0, 306648, 2140
317172, 0, 0, 0, 0, 0, 0, 306648, 2140
317172, 0, 0, 0, 0, 0, 0, 306648, 2140
317172, 0, 0, 0, 0, 0, 0, 306648, 2140
317172, 0, 0, 0, 0, 0, 0, 306648, 2140
317172, 0, 0, 0, 0, 0, 0, 306648, 2140
317172, 0, 0, 0, 0, 0, 0, 306648, 2140
317172, 0, 0, 0, 0, 0, 0, 306648, 2140
317172, 0, 0, 0, 0, 0, 0, 306648, 2140
317172, 0, 0, 0, 0, 0, 0, 306648, 2140
317172, 0, 0, 0, 0, 0, 0, 306648, 2140
317172, 0, 0, 0, 0, 0, 0, 306648, 2140
317172, 0, 0, 0, 0, 0, 0, 306648, 2140
317172, 0, 0, 0, 0, 0, 0, 306648, 2140
317172, 0, 0, 0, 0, 0, 0, 306648, 2140
317172, 0, 0, 0, 0, 0, 0, 306648, 2140
317172, 0, 0, 0, 0, 0, 0, 306648, 2140
317172, 0, 0, 0, 0, 0, 0, 306648, 2140
317172, 0, 0, 0, 0, 0, 0, 306648, 2140
317172, 0, 0, 0, 0, 0, 0, 306648, 2140
317172, 0, 0, 0, 0, 0, 0, 306648, 2140
317172, 0, 0, 0, 0, 0, 0, 306648, 2140
317172, 0, 0, 0, 0, 0, 0, 306648, 2140
317172, 0, 0, 0, 0, 0, 0, 306648, 2140
317172, 0, 0, 0, 0, 0, 0, 306648, 2140
317172, 0, 0, 0, 0, 0, 0, 306648, 2140
317172, 0, 0, 0, 0, 0, 0, 306648, 2140
317172, 0, 0, 0, 0, 0, 0, 306648, 2140
317172, 0, 0, 0, 0, 0, 0, 306648, 2140
317172, 0, 0, 0, 0, 0, 0, 306648, 2140
317172, 0, 0, 0, 0, 0, 0, 306648, 2140
317172, 0, 0, 0, 0, 0, 0, 306648, 2140
317172, 0, 0, 0, 0, 0, 0, 306648, 2140
317172, 0, 0, 0, 0, 0, 0, 306648, 2140
317172, 0, 0, 0, 0, 0, 0, 306648, 2140
317172, 0, 0, 0, 0, 0, 0, 306648, 2140
317172, 0, 0, 0, 0, 0, 0, 306648, 2140
317172, 0, 0, 0, 0, 0, 0, 306648, 2140
317172, 0, 0, 0, 0, 0, 0, 306648, 2140
317172, 0, 0, 0, 0, 0, 0, 306648, 2140
317172, 0, 0, 0, 0, 0, 0, 306648, 2140
317172, 0, 0, 0, 0, 0, 0, 306648, 2140
317172, 0, 0, 0, 0, 0, 0, 306648, 2140
317172, 0, 0, 0, 0, 0, 0, 306648, 2140
317172, 0, 0, 0, 0, 0, 0, 306648, 2140
317172, 0, 0, 0, 0, 0, 0, 306648, 2140
317172, 0, 0, 0, 0, 0, 0, 306648, 2140
317172, 0, 0, 0, 0, 0, 0, 306648, 2140
317172, 0, 0, 0, 0, 0, 0, 306648, 2140
317172, 0, 0, 0, 0, 0, 0, 306648, 2140
317172, 0, 0, 0, 0, 0, 0, 306648, 2140
317172, 0, 0, 0, 0, 0, 0, 306648, 2140
317172, 0, 0, 0, 0, 0, 0, 306648, 2140
317172, 0, 0, 0, 0, 0, 0, 306648, 2140
317172, 0, 0, 0, 0, 0, 0, 306648, 2140
317172, 0, 0, 0, 0, 0, 0, 306648, 2140
317172, 0, 0, 0, 0, 0, 0, 306648, 2140
317172, 0, 0, 0, 0, 0, 0, 306648, 2140
317172, 0, 0, 0, 0, 0, 0, 306648, 2140
317172, 0, 0, 0, 0, 0, 0, 306648, 2140
317172, 0, 0, 0, 0, 0, 0, 306648, 2140
317172, 0, 0, 0, 0, 0, 0, 306648, 2140
317172, 0, 0, 0, 0, 0, 0, 306648, 2140
317172, 0, 0, 0, 0, 0, 0, 306648, 2140
317172, 0, 0, 0, 0, 0, 0, 306648, 2140
317172, 0, 0, 0, 0, 0, 0, 306648, 2140
317172, 0, 0, 0, 0, 0, 0, 306648, 2140
317172, 0, 0, 0, 0, 0, 0, 306648, 2140
317172, 0, 0, 0, 0, 0, 0, 306648, 2140
317172, 0, 0, 0, 0, 0, 0, 306648, 2140
317172, 0, 0, 0, 0, 0, 0, 306648, 2140
317172, 0, 0, 0, 0, 0, 0, 306648, 2140
317172, 0, 0, 0, 0, 0, 0, 306648, 2140
317172, 0, 0, 0, 0, 0, 0, 306648, 2140
317172, 0, 0, 0, 0, 0, 0, 306648, 2140
317172, 0, 0, 0, 0, 0, 0, 306648, 2140
317172, 0, 0, 0, 0, 0, 0, 306648, 2140
317172, 0, 0, 0, 0, 0, 0, 306648, 2140
317172, 0, 0, 0, 0, 0, 0, 306648, 2140
317172, 0, 0, 0, 0, 0, 0, 306648, 2140
317172, 0, 0, 0, 0, 0, 0, 306648, 2140
317172, 0, 0, 0, 0, 0, 0, 306648, 2140
317172, 0, 0, 0, 0, 0, 0, 306648, 2140
317172, 0, 0, 0, 0, 0, 0, 306648, 2140
317172, 0, 0, 0, 0, 0, 0, 306648, 2140
317172, 0, 0, 0, 0, 0, 0, 306648, 2140
317172, 0, 0, 0, 0, 0, 0, 306648, 2140
317172, 0, 0, 0, 0, 0, 0, 306648, 2140
317172, 0, 0, 0, 0, 0, 0, 306648, 2140
317172, 0, 0, 0, 0, 0, 0, 306648, 2140
317172, 0, 0, 0, 0, 0, 0, 306648, 2140
317172, 0, 0, 0, 0, 0, 0, 306648, 2140
317172, 0, 0, 0, 0, 0, 0, 306648, 2140
317172, 0, 0, 0, 0, 0, 0, 306648, 2140
317172, 0, 0, 0, 0, 0, 0, 306648, 2140
317172, 0, 0, 0, 0, 0, 0, 306648, 2140
317172, 0, 0, 0, 0, 0, 0, 306648, 2140
317172, 0, 0, 0, 0, 0, 0, 306648, 2140
317172, 0, 0, 0, 0, 0, 0, 306648, 2140
317172, 0, 0, 0, 0, 0, 0, 306648, 2140
317172, 0, 0, 0, 0, 0, 0, 306648, 2140
317172, 0, 0, 0, 0, 0, 0, 306648, 2140
317172, 0, 0, 0, 0, 0, 0, 306648, 2140
317172, 0, 0, 0, 0, 0, 0, 306648, 2140
317172, 0, 0, 0, 0, 0, 0, 306648, 2140
317172, 0, 0, 0, 0, 0, 0, 306648, 2140
317172, 0, 0, 0, 0, 0, 0, 306648, 2140
317172, 0, 0, 0, 0, 0, 0, 306648, 2140
317172, 0, 0, 0, 0, 0, 0, 306648, 2140
317172, 0, 0, 0, 0, 0, 0, 306648, 2140
317172, 0, 0, 0, 0, 0, 0, 306648, 2140
317172, 0, 0, 0, 0, 0, 0, 306648, 2140
317172, 0, 0, 0, 0, 0, 0, 306648, 2140
317172, 0, 0, 0, 0, 0, 0, 306648, 2140
317172, 0, 0, 0, 0, 0, 0, 306648, 2140
317172, 0, 0, 0, 0, 0, 0, 306648, 2140
317172, 0, 0, 0, 0, 0, 0, 306648, 2140
317172, 0, 0, 0, 0, 0, 0, 306648, 2140
317172, 0, 0, 0, 0, 0, 0, 306648, 2140
317172, 0, 0, 0, 0, 0, 0, 306648, 2140
317172, 0, 0, 0, 0, 0, 0, 306648, 2140
317172, 0, 0, 0, 0, 0, 0, 306648, 2140
317172, 0, 0, 0, 0, 0, 0, 306648, 2140
317172, 0, 0, 0, 0, 0, 0, 306648, 2140
317172, 0, 0, 0, 0, 0, 0, 306648, 2140
317172, 0, 0, 0, 0, 0, 0, 306648, 2140
317172, 0, 0, 0, 0, 0, 0, 306648, 2140
317172, 0, 0, 0, 0, 0, 0, 306648, 2140
317172, 0, 0, 0, 0, 0, 0, 306648, 2140
317172, 0, 0, 0, 0, 0, 0, 306648, 2140
317172, 0, 0, 0, 0, 0, 0, 306648, 2140
317172, 0, 0, 0, 0, 0, 0, 306648, 2140
317172, 0, 0, 0, 0, 0, 0, 306648, 2140
317172, 0, 0, 0, 0, 0, 0, 306648, 2140
317172, 0, 0, 0, 0, 0, 0, 306648, 2140
317172, 0, 0, 0, 0, 0, 0, 306648, 2140
317172, 0, 0, 0, 0, 0, 0, 306648, 2140
317172, 0, 0, 0, 0, 0, 0, 306648, 2140
317172, 0, 0, 0, 0, 0, 0, 306648, 2140
317172, 0, 0, 0, 0, 0, 0, 306648, 2140
317172, 0, 0, 0, 0, 0, 0, 306648, 2140
317172, 0, 0, 0, 0, 0, 0, 306648, 2140
317172, 0, 0, 0, 0, 0, 0, 306648, 2140
317172, 0, 0, 0, 0, 0, 0, 306648, 2140
317172, 0, 0, 0, 0, 0, 0, 306648, 2140
317172, 0, 0, 0, 0, 0, 0, 306648, 2140
317172, 0, 0, 0, 0, 0, 0, 306648, 2140
317172, 0, 0, 0, 0, 0, 0, 306648, 2140
317172, 0, 0, 0, 0, 0, 0, 306648, 2140
317172, 0, 0, 0, 0, 0, 0, 306648, 2140
317172, 0, 0, 0, 0, 0, 0, 306648, 2140
317172, 0, 0, 0, 0, 0, 0, 306648, 2140
317172, 0, 0, 0, 0, 0, 0, 306648, 2140
317172, 0, 0, 0, 0, 0, 0, 306648, 2140
317172, 0, 0, 0, 0, 0, 0, 306648, 2140
317172, 0, 0, 0, 0, 0, 0, 306648, 2140
317172, 0, 0, 0, 0, 0, 0, 306648, 2140
317172, 0, 0, 0, 0, 0, 0, 306648, 2140
317172, 0, 0, 0, 0, 0, 0, 306648, 2140
317172, 0, 0, 0, 0, 0, 0, 306648, 2140
317172, 0, 0, 0, 0, 0, 0, 306648, 2140
317172, 0, 0, 0, 0, 0, 0, 306648, 2140
317172, 0, 0, 0, 0, 0, 0, 306648, 2140
317172, 0, 0, 0, 0, 0, 0, 306648, 2140
317172, 0, 0, 0, 0, 0, 0, 306648, 2140
317172, 0, 0, 0, 0, 0, 0, 306648, 2140
317172, 0, 0, 0, 0, 0, 0, 306648, 2140
317172, 0, 0, 0, 0, 0, 0, 306648, 2140
317172, 0, 0, 0, 0, 0, 0, 306648, 2140
317172, 0, 0, 0, 0, 0, 0, 306648, 2140
317172, 0, 0, 0, 0, 0, 0, 306648, 2140
317172, 0, 0, 0, 0, 0, 0, 306648, 2140
317172, 0, 0, 0, 0, 0, 0, 306648, 2140
317172, 0, 0, 0, 0, 0, 0, 306648, 2140
317172, 0, 0, 0, 0, 0, 0, 306648, 2140
317172, 0, 0, 0, 0, 0, 0, 306648, 2140
317172, 0, 0, 0, 0, 0, 0, 306648, 2140
317172, 0, 0, 0, 0, 0, 0, 306648, 2140
317172, 0, 0, 0, 0, 0, 0, 306648, 2140
317172, 0, 0, 0, 0, 0, 0, 306648, 2140
317172, 0, 0, 0, 0, 0, 0, 306648, 2140
317172, 0, 0, 0, 0, 0, 0, 306648, 2140
317172, 0, 0, 0, 0, 0, 0, 306648, 2140
317172, 0, 0, 0, 0, 0, 0, 306648, 2140
317172, 0, 0, 0, 0, 0, 0, 306648, 2140
317172, 0, 0, 0, 0, 0, 0, 306648, 2140
317172, 0, 0, 0, 0, 0, 0, 306648, 2140
317172, 0, 0, 0, 0, 0, 0, 306648, 2140
317172, 0, 0, 0, 0, 0, 0, 306648, 2140
317172, 0, 0, 0, 0, 0, 0, 306648, 2140
317172, 0, 0, 0, 0, 0, 0, 306648, 2140
317172, 0, 0, 0, 0, 0, 0, 306648, 2140
317172, 0, 0, 0, 0, 0, 0, 306648, 2140
317172, 0, 0, 0, 0, 0, 0, 306648, 2140
317172, 0, 0, 0, 0, 0, 0, 306648, 2140
317172, 0, 0, 0, 0, 0, 0, 306648, 2140
317172, 0, 0, 0, 0, 0, 0, 306648, 2140
317172, 0, 0, 0, 0, 0, 0, 306648, 2140
317172, 0, 0, 0, 0, 0, 0, 306648, 2140
317172, 0, 0, 0, 0, 0, 0, 306648, 2140
317172, 0, 0, 0, 0, 0, 0, 306648, 2140
317172, 0, 0, 0, 0, 0, 0, 306648, 2140
317172, 0, 0, 0, 0, 0, 0, 306648, 2140
317172, 0, 0, 0, 0, 0, 0, 306648, 2140
317172, 0, 0, 0, 0, 0, 0, 306648, 2140
317172, 0, 0, 0, 0, 0, 0, 306648, 2140
317172, 0, 0, 0, 0, 0, 0, 306648, 2140
317172, 0, 0, 0, 0, 0, 0, 306648, 2140
317172, 0, 0, 0, 0, 0, 0, 306648, 2140
317172, 0, 0, 0, 0, 0, 0, 306648, 2140
317172, 0, 0, 0, 0, 0, 0, 306648, 2140
317172, 0, 0, 0, 0, 0, 0, 306648, 2140
317172, 0, 0, 0, 0, 0, 0, 306648, 2140
317172, 0, 0, 0, 0, 0, 0, 306648, 2140
317172, 0, 0, 0, 0, 0, 0, 306648, 2140
317172, 0, 0, 0, 0, 0, 0, 306648, 2140
317172, 0, 0, 0, 0, 0, 0, 306648, 2140
317172, 0, 0, 0, 0, 0, 0, 306648, 2140
317172, 0, 0, 0, 0, 0, 0, 306648, 2140
317172, 0, 0, 0, 0, 0, 0, 306648, 2140
317172, 0, 0, 0, 0, 0, 0, 306648, 2140
317172, 0, 0, 0, 0, 0, 0, 306648, 2140
317172, 0, 0, 0, 0, 0, 0, 306648, 2140
317172, 0, 0, 0, 0, 0, 0, 306648, 2140
317172, 0, 0, 0, 0, 0, 0, 306648, 2140
317172, 0, 0, 0, 0, 0, 0, 306648, 2140
317172, 0, 0, 0, 0, 0, 0, 306648, 2140
317172, 0, 0, 0, 0, 0, 0, 306648, 2140
317172, 0, 0, 0, 0, 0, 0, 306648, 2140
317172, 0, 0, 0, 0, 0, 0, 306648, 2140
317172, 0, 0, 0, 0, 0, 0, 306648, 2140
317172, 0, 0, 0, 0, 0, 0, 306648, 2140
317172, 0, 0, 0, 0, 0, 0, 306648, 2140
317172, 0, 0, 0, 0, 0, 0, 306648, 2140
317172, 0, 0, 0, 0, 0, 0, 306648, 2140
317172, 0, 0, 0, 0, 0, 0, 306648, 2140
317172, 0, 0, 0, 0, 0, 0, 306648, 2140
317172, 0, 0, 0, 0, 0, 0, 306648, 2140
317172, 0, 0, 0, 0, 0, 0, 306648, 2140
317172, 0, 0, 0, 0, 0, 0, 306648, 2140
317172, 0, 0, 0, 0, 0, 0, 306648, 2140
317172, 0, 0, 0, 0, 0, 0, 306648, 2140
317172, 0, 0, 0, 0, 0, 0, 306648, 2140
317172, 0, 0, 0, 0, 0, 0, 306648, 2140
317172, 0, 0, 0, 0, 0, 0, 306648, 2140
317172, 0, 0, 0, 0, 0, 0, 306648, 2140
317172, 0, 0, 0, 0, 0, 0, 306648, 2140
317172, 0, 0, 0, 0, 0, 0, 306648, 2140
317172, 0, 0, 0, 0, 0, 0, 306648, 2140
317172, 0, 0, 0, 0, 0, 0, 306648, 2140
317172, 0, 0, 0, 0, 0, 0, 306648, 2140
317172, 0, 0, 0, 0, 0, 0, 306648, 2140
317172, 0, 0, 0, 0, 0, 0, 306648, 2140
317172, 0, 0, 0, 0, 0, 0, 306648, 2140
317172, 0, 0, 0, 0, 0, 0, 306648, 2140
317172, 0, 0, 0, 0, 0, 0, 306648, 2140
317172, 0, 0, 0, 0, 0, 0, 306648, 2140
317172, 0, 0, 0, 0, 0, 0, 306648, 2140
317172, 0, 0, 0, 0, 0, 0, 306648, 2140
317172, 0, 0, 0, 0, 0, 0, 306648, 2140
317172, 0, 0, 0, 0, 0, 0, 306648, 2140
317172, 0, 0, 0, 0, 0, 0, 306648, 2140
317172, 0, 0, 0, 0, 0, 0, 306648, 2140
317172, 0, 0, 0, 0, 0, 0, 306648, 2140
317172, 0, 0, 0, 0, 0, 0, 306648, 2140
317172, 0, 0, 0, 0, 0, 0, 306648, 2140
317172, 0, 0, 0, 0, 0, 0, 306648, 2140
317172, 0, 0, 0, 0, 0, 0, 306648, 2140
317172, 0, 0, 0, 0, 0, 0, 306648, 2140
317172, 0, 0, 0, 0, 0, 0, 306648, 2140
317172, 0, 0, 0, 0, 0, 0, 306648, 2140
317172, 0, 0, 0, 0, 0, 0, 306648, 2140
317172, 0, 0, 0, 0, 0, 0, 306648, 2140
317172, 0, 0, 0, 0, 0, 0, 306648, 2140
317172, 0, 0, 0, 0, 0, 0, 306648, 2140
317172, 0, 0, 0, 0, 0, 0, 306648, 2140
317172, 0, 0, 0, 0, 0, 0, 306648, 2140
317172, 0, 0, 0, 0, 0, 0, 306648, 2140
317172, 0, 0, 0, 0, 0, 0, 306648, 2140
317172, 0, 0, 0, 0, 0, 0, 306648, 2140
317172, 0, 0, 0, 0, 0, 0, 306648, 2140
317172, 0, 0, 0, 0, 0, 0, 306648, 2140
317172, 0, 0, 0, 0, 0, 0, 306648, 2140
317172, 0, 0, 0, 0, 0, 0, 306648, 2140
317172, 0, 0, 0, 0, 0, 0, 306648, 2140
317172, 0, 0, 0, 0, 0, 0, 306648, 2140
317172, 0, 0, 0, 0, 0, 0, 306648, 2140
317172, 0, 0, 0, 0, 0, 0, 306648, 2140
317172, 0, 0, 0, 0, 0, 0, 306648, 2140
317172, 0, 0, 0, 0, 0, 0, 306648, 2140
317172, 0, 0, 0, 0, 0, 0, 306648, 2140
317172, 0, 0, 0, 0, 0, 0, 306648, 2140
317172, 0, 0, 0, 0, 0, 0, 306648, 2140
317172, 0, 0, 0, 0, 0, 0, 306648, 2140
317172, 0, 0, 0, 0, 0, 0, 306648, 2140
317172, 0, 0, 0, 0, 0, 0, 306648, 2140
317172, 0, 0, 0, 0, 0, 0, 306648, 2140
317172, 0, 0, 0, 0, 0, 0, 306648, 2140
317172, 0, 0, 0, 0, 0, 0, 306648, 2140
317172, 0, 0, 0, 0, 0, 0, 306648, 2140
317172, 0, 0, 0, 0, 0, 0, 306648, 2140
317172, 0, 0, 0, 0, 0, 0, 306648, 2140
317172, 0, 0, 0, 0, 0, 0, 306648, 2140
317172, 0, 0, 0, 0, 0, 0, 306648, 2140
317172, 0, 0, 0, 0, 0, 0, 306648, 2140
317172, 0, 0, 0, 0, 0, 0, 306648, 2140
317172, 0, 0, 0, 0, 0, 0, 306648, 2140
317172, 0, 0, 0, 0, 0, 0, 306648, 2140
317172, 0, 0, 0, 0, 0, 0, 306648, 2140
317172, 0, 0, 0, 0, 0, 0, 306648, 2140
317172, 0, 0, 0, 0, 0, 0, 306648, 2140
317172, 0, 0, 0, 0, 0, 0, 306648, 2140
317172, 0, 0, 0, 0, 0, 0, 306648, 2140
317172, 0, 0, 0, 0, 0, 0, 306648, 2140
317172, 0, 0, 0, 0, 0, 0, 306648, 2140
317172, 0, 0, 0, 0, 0, 0, 306648, 2140
317172, 0, 0, 0, 0, 0, 0, 306648, 2140
317172, 0, 0, 0, 0, 0, 0, 306648, 2140
317172, 0, 0, 0, 0, 0, 0, 306648, 2140
317172, 0, 0, 0, 0, 0, 0, 306648, 2140
317172, 0, 0, 0, 0, 0, 0, 306648, 2140
317172, 0, 0, 0, 0, 0, 0, 306648, 2140
317172, 0, 0, 0, 0, 0, 0, 306648, 2140
317172, 0, 0, 0, 0, 0, 0, 306648, 2140
317172, 0, 0, 0, 0, 0, 0, 306648, 2140
317172, 0, 0, 0, 0, 0, 0, 306648, 2140
317172, 0, 0, 0, 0, 0, 0, 306648, 2140
317172, 0, 0, 0, 0, 0, 0, 306648, 2140
317172, 0, 0, 0, 0, 0, 0, 306648, 2140
317172, 0, 0, 0, 0, 0, 0, 306648, 2140
317172, 0, 0, 0, 0, 0, 0, 306648, 2140
317172, 0, 0, 0, 0, 0, 0, 306648, 2140
317172, 0, 0, 0, 0, 0, 0, 306648, 2140
317172, 0, 0, 0, 0, 0, 0, 306648, 2140
317172, 0, 0, 0, 0, 0, 0, 306648, 2140
317172, 0, 0, 0, 0, 0, 0, 306648, 2140
317172, 0, 0, 0, 0, 0, 0, 306648, 2140
317172, 0, 0, 0, 0, 0, 0, 306648, 2140
317172, 0, 0, 0, 0, 0, 0, 306648, 2140
317172, 0, 0, 0, 0, 0, 0, 306648, 2140
317172, 0, 0, 0, 0, 0, 0, 306648, 2140
317172, 0, 0, 0, 0, 0, 0, 306648, 2140
317172, 0, 0, 0, 0, 0, 0, 306648, 2140
317172, 0, 0, 0, 0, 0, 0, 306648, 2140
317172, 0, 0, 0, 0, 0, 0, 306648, 2140
317172, 0, 0, 0, 0, 0, 0, 306648, 2140
317172, 0, 0, 0, 0, 0, 0, 306648, 2140
317172, 0, 0, 0, 0, 0, 0, 306648, 2140
317172, 0, 0, 0, 0, 0, 0, 306648, 2140
317172, 0, 0, 0, 0, 0, 0, 306648, 2140
317172, 0, 0, 0, 0, 0, 0, 306648, 2140
317172, 0, 0, 0, 0, 0, 0, 306648, 2140
317172, 0, 0, 0, 0, 0, 0, 306648, 2140
317172, 0, 0, 0, 0, 0, 0, 306648, 2140
317172, 0, 0, 0, 0, 0, 0, 306648, 2140
317172, 0, 0, 0, 0, 0, 0, 306648, 2140
317172, 0, 0, 0, 0, 0, 0, 306648, 2140
317172, 0, 0, 0, 0, 0, 0, 306648, 2140
317172, 0, 0, 0, 0, 0, 0, 306648, 2140
317172, 0, 0, 0, 0, 0, 0, 306648, 2140
317172, 0, 0, 0, 0, 0, 0, 306648, 2140
317172, 0, 0, 0, 0, 0, 0, 306648, 2140
317172, 0, 0, 0, 0, 0, 0, 306648, 2140
317172, 0, 0, 0, 0, 0, 0, 306648, 2140
317172, 0, 0, 0, 0, 0, 0, 306648, 2140
317172, 0, 0, 0, 0, 0, 0, 306648, 2140
317172, 0, 0, 0, 0, 0, 0, 306648, 2140
317172, 0, 0, 0, 0, 0, 0, 306648, 2140
317172, 0, 0, 0, 0, 0, 0, 306648, 2140
317172, 0, 0, 0, 0, 0, 0, 306648, 2140
317172, 0, 0, 0, 0, 0, 0, 306648, 2140
317172, 0, 0, 0, 0, 0, 0, 306648, 2140
317172, 0, 0, 0, 0, 0, 0, 306648, 2140
317172, 0, 0, 0, 0, 0, 0, 306648, 2140
317172, 0, 0, 0, 0, 0, 0, 306648, 2140
317172, 0, 0, 0, 0, 0, 0, 306648, 2140
317172, 0, 0, 0, 0, 0, 0, 306648, 2140
317172, 0, 0, 0, 0, 0, 0, 306648, 2140
317172, 0, 0, 0, 0, 0, 0, 306648, 2140
317172, 0, 0, 0, 0, 0, 0, 306648, 2140
317172, 0, 0, 0, 0, 0, 0, 306648, 2140
317172, 0, 0, 0, 0, 0, 0, 306648, 2140
317172, 0, 0, 0, 0, 0, 0, 306648, 2140
317172, 0, 0, 0, 0, 0, 0, 306648, 2140
317172, 0, 0, 0, 0, 0, 0, 306648, 2140
317172, 0, 0, 0, 0, 0, 0, 306648, 2140
317172, 0, 0, 0, 0, 0, 0, 306648, 2140
317172, 0, 0, 0, 0, 0, 0, 306648, 2140
317172, 0, 0, 0, 0, 0, 0, 306648, 2140
317172, 0, 0, 0, 0, 0, 0, 306648, 2140
317172, 0, 0, 0, 0, 0, 0, 306648, 2140
317172, 0, 0, 0, 0, 0, 0, 306648, 2140
317172, 0, 0, 0, 0, 0, 0, 306648, 2140
317172, 0, 0, 0, 0, 0, 0, 306648, 2140
317172, 0, 0, 0, 0, 0, 0, 306648, 2140
317172, 0, 0, 0, 0, 0, 0, 306648, 2140
317172, 0, 0, 0, 0, 0, 0, 306648, 2140
317172, 0, 0, 0, 0, 0, 0, 306648, 2140
317172, 0, 0, 0, 0, 0, 0, 306648, 2140
317172, 0, 0, 0, 0, 0, 0, 306648, 2140
317172, 0, 0, 0, 0, 0, 0, 306648, 2140
317172, 0, 0, 0, 0, 0, 0, 306648, 2140
317172, 0, 0, 0, 0, 0, 0, 306648, 2140
317172, 0, 0, 0, 0, 0, 0, 306648, 2140
317172, 0, 0, 0, 0, 0, 0, 306648, 2140
317172, 0, 0, 0, 0, 0, 0, 306648, 2140
317172, 0, 0, 0, 0, 0, 0, 306648, 2140
317172, 0, 0, 0, 0, 0, 0, 306648, 2140
317172, 0, 0, 0, 0, 0, 0, 306648, 2140
317172, 0, 0, 0, 0, 0, 0, 306648, 2140
317172, 0, 0, 0, 0, 0, 0, 306648, 2140
317172, 0, 0, 0, 0, 0, 0, 306648, 2140
317172, 0, 0, 0, 0, 0, 0, 306648, 2140
317172, 0, 0, 0, 0, 0, 0, 306648, 2140
317172, 0, 0, 0, 0, 0, 0, 306648, 2140
317172, 0, 0, 0, 0, 0, 0, 306648, 2140
317172, 0, 0, 0, 0, 0, 0, 306648, 2140
317172, 0, 0, 0, 0, 0, 0, 306648, 2140
317172, 0, 0, 0, 0, 0, 0, 306648, 2140
317172, 0, 0, 0, 0, 0, 0, 306648, 2140
317172, 0, 0, 0, 0, 0, 0, 306648, 2140
317172, 0, 0, 0, 0, 0, 0, 306648, 2140
317172, 0, 0, 0, 0, 0, 0, 306648, 2140
317172, 0, 0, 0, 0, 0, 0, 306648, 2140
317172, 0, 0, 0, 0, 0, 0, 306648, 2140
317172, 0, 0, 0, 0, 0, 0, 306648, 2140
317172, 0, 0, 0, 0, 0, 0, 306648, 2140
317172, 0, 0, 0, 0, 0, 0, 306648, 2140
317172, 0, 0, 0, 0, 0, 0, 306648, 2140
317172, 0, 0, 0, 0, 0, 0, 306648, 2140
317172, 0, 0, 0, 0, 0, 0, 306648, 2140
317172, 0, 0, 0, 0, 0, 0, 306648, 2140
317172, 0, 0, 0, 0, 0, 0, 306648, 2140
317172, 0, 0, 0, 0, 0, 0, 306648, 2140
317172, 0, 0, 0, 0, 0, 0, 306648, 2140
317172, 0, 0, 0, 0, 0, 0, 306648, 2140
317172, 0, 0, 0, 0, 0, 0, 306648, 2140
317172, 0, 0, 0, 0, 0, 0, 306648, 2140
317172, 0, 0, 0, 0, 0, 0, 306648, 2140
317172, 0, 0, 0, 0, 0, 0, 306648, 2140
317172, 0, 0, 0, 0, 0, 0, 306648, 2140
317172, 0, 0, 0, 0, 0, 0, 306648, 2140
317172, 0, 0, 0, 0, 0, 0, 306648, 2140
317172, 0, 0, 0, 0, 0, 0, 306648, 2140
317172, 0, 0, 0, 0, 0, 0, 306648, 2140
317172, 0, 0, 0, 0, 0, 0, 306648, 2140
317172, 0, 0, 0, 0, 0, 0, 306648, 2140
317172, 0, 0, 0, 0, 0, 0, 306648, 2140
317172, 0, 0, 0, 0, 0, 0, 306648, 2140
317172, 0, 0, 0, 0, 0, 0, 306648, 2140
317172, 0, 0, 0, 0, 0, 0, 306648, 2140
317172, 0, 0, 0, 0, 0, 0, 306648, 2140
317172, 0, 0, 0, 0, 0, 0, 306648, 2140
317172, 0, 0, 0, 0, 0, 0, 306648, 2140
317172, 0, 0, 0, 0, 0, 0, 306648, 2140
317172, 0, 0, 0, 0, 0, 0, 306648, 2140
317172, 0, 0, 0, 0, 0, 0, 306648, 2140
317172, 0, 0, 0, 0, 0, 0, 306648, 2140
317172, 0, 0, 0, 0, 0, 0, 306648, 2140
317172, 0, 0, 0, 0, 0, 0, 306648, 2140
317172, 0, 0, 0, 0, 0, 0, 306648, 2140
317172, 0, 0, 0, 0, 0, 0, 306648, 2140
317172, 0, 0, 0, 0, 0, 0, 306648, 2140
317172, 0, 0, 0, 0, 0, 0, 306648, 2140
317172, 0, 0, 0, 0, 0, 0, 306648, 2140
317172, 0, 0, 0, 0, 0, 0, 306648, 2140
317172, 0, 0, 0, 0, 0, 0, 306648, 2140
317172, 0, 0, 0, 0, 0, 0, 306648, 2140
317172, 0, 0, 0, 0, 0, 0, 306648, 2140
317172, 0, 0, 0, 0, 0, 0, 306648, 2140
317172, 0, 0, 0, 0, 0, 0, 306648, 2140
317172, 0, 0, 0, 0, 0, 0, 306648, 2140
317172, 0, 0, 0, 0, 0, 0, 306648, 2140
317172, 0, 0, 0, 0, 0, 0, 306648, 2140
317172, 0, 0, 0, 0, 0, 0, 306648, 2140
317172, 0, 0, 0, 0, 0, 0, 306648, 2140
317172, 0, 0, 0, 0, 0, 0, 306648, 2140
317172, 0, 0, 0, 0, 0, 0, 306648, 2140
317172, 0, 0, 0, 0, 0, 0, 306648, 2140
317172, 0, 0, 0, 0, 0, 0, 306648, 2140
317172, 0, 0, 0, 0, 0, 0, 306648, 2140
317172, 0, 0, 0, 0, 0, 0, 306648, 2140
317172, 0, 0, 0, 0, 0, 0, 306648, 2140
317172, 0, 0, 0, 0, 0, 0, 306648, 2140
317172, 0, 0, 0, 0, 0, 0, 306648, 2140
317172, 0, 0, 0, 0, 0, 0, 306648, 2140
317172, 0, 0, 0, 0, 0, 0, 306648, 2140
317172, 0, 0, 0, 0, 0, 0, 306648, 2140
317172, 0, 0, 0, 0, 0, 0, 306648, 2140
317172, 0, 0, 0, 0, 0, 0, 306648, 2140
317172, 0, 0, 0, 0, 0, 0, 306648, 2140
317172, 0, 0, 0, 0, 0, 0, 306648, 2140
317172, 0, 0, 0, 0, 0, 0, 306648, 2140
317172, 0, 0, 0, 0, 0, 0, 306648, 2140
317172, 0, 0, 0, 0, 0, 0, 306648, 2140
317172, 0, 0, 0, 0, 0, 0, 306648, 2140
317172, 0, 0, 0, 0, 0, 0, 306648, 2140
317172, 0, 0, 0, 0, 0, 0, 306648, 2140
317172, 0, 0, 0, 0, 0, 0, 306648, 2140
317172, 0, 0, 0, 0, 0, 0, 306648, 2140
317172, 0, 0, 0, 0, 0, 0, 306648, 2140
317172, 0, 0, 0, 0, 0, 0, 306648, 2140
317172, 0, 0, 0, 0, 0, 0, 306648, 2140
317172, 0, 0, 0, 0, 0, 0, 306648, 2140
317172, 0, 0, 0, 0, 0, 0, 306648, 2140
317172, 0, 0, 0, 0, 0, 0, 306648, 2140
317172, 0, 0, 0, 0, 0, 0, 306648, 2140
317172, 0, 0, 0, 0, 0, 0, 306648, 2140
317172, 0, 0, 0, 0, 0, 0, 306648, 2140
317172, 0, 0, 0, 0, 0, 0, 306648, 2140
317172, 0, 0, 0, 0, 0, 0, 306648, 2140
317172, 0, 0, 0, 0, 0, 0, 306648, 2140
317172, 0, 0, 0, 0, 0, 0, 306648, 2140
317172, 0, 0, 0, 0, 0, 0, 306648, 2140
317172, 0, 0, 0, 0, 0, 0, 306648, 2140
317172, 0, 0, 0, 0, 0, 0, 306648, 2140
317172, 0, 0, 0, 0, 0, 0, 306648, 2140
317172, 0, 0, 0, 0, 0, 0, 306648, 2140
317172, 0, 0, 0, 0, 0, 0, 306648, 2140
317172, 0, 0, 0, 0, 0, 0, 306648, 2140
317172, 0, 0, 0, 0, 0, 0, 306648, 2140
317172, 0, 0, 0, 0, 0, 0, 306648, 2140
317172, 0, 0, 0, 0, 0, 0, 306648, 2140
317172, 0, 0, 0, 0, 0, 0, 306648, 2140
317172, 0, 0, 0, 0, 0, 0, 306648, 2140
317172, 0, 0, 0, 0, 0, 0, 306648, 2140
317172, 0, 0, 0, 0, 0, 0, 306648, 2140
317172, 0, 0, 0, 0, 0, 0, 306648, 2140
317172, 0, 0, 0, 0, 0, 0, 306648, 2140
317172, 0, 0, 0, 0, 0, 0, 306648, 2140
317172, 0, 0, 0, 0, 0, 0, 306648, 2140
317172, 0, 0, 0, 0, 0, 0, 306648, 2140
317172, 0, 0, 0, 0, 0, 0, 306648, 2140
317172, 0, 0, 0, 0, 0, 0, 306648, 2140
317172, 0, 0, 0, 0, 0, 0, 306648, 2140
317172, 0, 0, 0, 0, 0, 0, 306648, 2140
317172, 0, 0, 0, 0, 0, 0, 306648, 2140
317172, 0, 0, 0, 0, 0, 0, 306648, 2140
317172, 0, 0, 0, 0, 0, 0, 306648, 2140
317172, 0, 0, 0, 0, 0, 0, 306648, 2140
317172, 0, 0, 0, 0, 0, 0, 306648, 2140
317172, 0, 0, 0, 0, 0, 0, 306648, 2140
317172, 0, 0, 0, 0, 0, 0, 306648, 2140
317172, 0, 0, 0, 0, 0, 0, 306648, 2140
317172, 0, 0, 0, 0, 0, 0, 306648, 2140
317172, 0, 0, 0, 0, 0, 0, 306648, 2140
317172, 0, 0, 0, 0, 0, 0, 306648, 2140
317172, 0, 0, 0, 0, 0, 0, 306648, 2140
317172, 0, 0, 0, 0, 0, 0, 306648, 2140
317172, 0, 0, 0, 0, 0, 0, 306648, 2140
317172, 0, 0, 0, 0, 0, 0, 306648, 2140
317172, 0, 0, 0, 0, 0, 0, 306648, 2140
317172, 0, 0, 0, 0, 0, 0, 306648, 2140
317172, 0, 0, 0, 0, 0, 0, 306648, 2140
317172, 0, 0, 0, 0, 0, 0, 306648, 2140
317172, 0, 0, 0, 0, 0, 0, 306648, 2140
317172, 0, 0, 0, 0, 0, 0, 306648, 2140
317172, 0, 0, 0, 0, 0, 0, 306648, 2140
317172, 0, 0, 0, 0, 0, 0, 306648, 2140
317172, 0, 0, 0, 0, 0, 0, 306648, 2140
317172, 0, 0, 0, 0, 0, 0, 306648, 2140
317172, 0, 0, 0, 0, 0, 0, 306648, 2140
317172, 0, 0, 0, 0, 0, 0, 306648, 2140
317172, 0, 0, 0, 0, 0, 0, 306648, 2140
317172, 0, 0, 0, 0, 0, 0, 306648, 2140
317172, 0, 0, 0, 0, 0, 0, 306648, 2140
317172, 0, 0, 0, 0, 0, 0, 306648, 2140
317172, 0, 0, 0, 0, 0, 0, 306648, 2140
317172, 0, 0, 0, 0, 0, 0, 306648, 2140
317172, 0, 0, 0, 0, 0, 0, 306648, 2140
317172, 0, 0, 0, 0, 0, 0, 306648, 2140
317172, 0, 0, 0, 0, 0, 0, 306648, 2140
317172, 0, 0, 0, 0, 0, 0, 306648, 2140
317172, 0, 0, 0, 0, 0, 0, 306648, 2140
317172, 0, 0, 0, 0, 0, 0, 306648, 2140
317172, 0, 0, 0, 0, 0, 0, 306648, 2140
317172, 0, 0, 0, 0, 0, 0, 306648, 2140
317172, 0, 0, 0, 0, 0, 0, 306648, 2140
317172, 0, 0, 0, 0, 0, 0, 306648, 2140
317172, 0, 0, 0, 0, 0, 0, 306648, 2140
317172, 0, 0, 0, 0, 0, 0, 306648, 2140
317172, 0, 0, 0, 0, 0, 0, 306648, 2140
317172, 0, 0, 0, 0, 0, 0, 306648, 2140
317172, 0, 0, 0, 0, 0, 0, 306648, 2140
317172, 0, 0, 0, 0, 0, 0, 306648, 2140
317172, 0, 0, 0, 0, 0, 0, 306648, 2140
317172, 0, 0, 0, 0, 0, 0, 306648, 2140
317172, 0, 0, 0, 0, 0, 0, 306648, 2140
317172, 0, 0, 0, 0, 0, 0, 306648, 2140
317172, 0, 0, 0, 0, 0, 0, 306648, 2140
317172, 0, 0, 0, 0, 0, 0, 306648, 2140
317172, 0, 0, 0, 0, 0, 0, 306648, 2140
317172, 0, 0, 0, 0, 0, 0, 306648, 2140
317172, 0, 0, 0, 0, 0, 0, 306648, 2140
317172, 0, 0, 0, 0, 0, 0, 306648, 2140
317172, 0, 0, 0, 0, 0, 0, 306648, 2140
317172, 0, 0, 0, 0, 0, 0, 306648, 2140
317172, 0, 0, 0, 0, 0, 0, 306648, 2140
317172, 0, 0, 0, 0, 0, 0, 306648, 2140
317172, 0, 0, 0, 0, 0, 0, 306648, 2140
317172, 0, 0, 0, 0, 0, 0, 306648, 2140
317172, 0, 0, 0, 0, 0, 0, 306648, 2140
317172, 0, 0, 0, 0, 0, 0, 306648, 2140
317172, 0, 0, 0, 0, 0, 0, 306648, 2140
317172, 0, 0, 0, 0, 0, 0, 306648, 2140
317172, 0, 0, 0, 0, 0, 0, 306648, 2140
317172, 0, 0, 0, 0, 0, 0, 306648, 2140
317172, 0, 0, 0, 0, 0, 0, 306648, 2140
317172, 0, 0, 0, 0, 0, 0, 306648, 2140
317172, 0, 0, 0, 0, 0, 0, 306648, 2140
317172, 0, 0, 0, 0, 0, 0, 306648, 2140
317172, 0, 0, 0, 0, 0, 0, 306648, 2140
317172, 0, 0, 0, 0, 0, 0, 306648, 2140
317172, 0, 0, 0, 0, 0, 0, 306648, 2140
317172, 0, 0, 0, 0, 0, 0, 306648, 2140
317172, 0, 0, 0, 0, 0, 0, 306648, 2140
317172, 0, 0, 0, 0, 0, 0, 306648, 2140
317172, 0, 0, 0, 0, 0, 0, 306648, 2140
317172, 0, 0, 0, 0, 0, 0, 306648, 2140
317172, 0, 0, 0, 0, 0, 0, 306648, 2140
317172, 0, 0, 0, 0, 0, 0, 306648, 2140
317172, 0, 0, 0, 0, 0, 0, 306648, 2140
317172, 0, 0, 0, 0, 0, 0, 306648, 2140
317172, 0, 0, 0, 0, 0, 0, 306648, 2140
317172, 0, 0, 0, 0, 0, 0, 306648, 2140
317172, 0, 0, 0, 0, 0, 0, 306648, 2140
317172, 0, 0, 0, 0, 0, 0, 306648, 2140
317172, 0, 0, 0, 0, 0, 0, 306648, 2140
317172, 0, 0, 0, 0, 0, 0, 306648, 2140
317172, 0, 0, 0, 0, 0, 0, 306648, 2140
317172, 0, 0, 0, 0, 0, 0, 306648, 2140
317172, 0, 0, 0, 0, 0, 0, 306648, 2140
317172, 0, 0, 0, 0, 0, 0, 306648, 2140
317172, 0, 0, 0, 0, 0, 0, 306648, 2140
317172, 0, 0, 0, 0, 0, 0, 306648, 2140
317172, 0, 0, 0, 0, 0, 0, 306648, 2140
317172, 0, 0, 0, 0, 0, 0, 306648, 2140
317172, 0, 0, 0, 0, 0, 0, 306648, 2140
317172, 0, 0, 0, 0, 0, 0, 306648, 2140
317172, 0, 0, 0, 0, 0, 0, 306648, 2140
317172, 0, 0, 0, 0, 0, 0, 306648, 2140
317172, 0, 0, 0, 0, 0, 0, 306648, 2140
317172, 0, 0, 0, 0, 0, 0, 306648, 2140
317172, 0, 0, 0, 0, 0, 0, 306648, 2140
317172, 0, 0, 0, 0, 0, 0, 306648, 2140
317172, 0, 0, 0, 0, 0, 0, 306648, 2140
317172, 0, 0, 0, 0, 0, 0, 306648, 2140
317172, 0, 0, 0, 0, 0, 0, 306648, 2140
317172, 0, 0, 0, 0, 0, 0, 306648, 2140
317172, 0, 0, 0, 0, 0, 0, 306648, 2140
317172, 0, 0, 0, 0, 0, 0, 306648, 2140
317172, 0, 0, 0, 0, 0, 0, 306648, 2140
317172, 0, 0, 0, 0, 0, 0, 306648, 2140
317172, 0, 0, 0, 0, 0, 0, 306648, 2140
317172, 0, 0, 0, 0, 0, 0, 306648, 2140
317172, 0, 0, 0, 0, 0, 0, 306648, 2140
317172, 0, 0, 0, 0, 0, 0, 306648, 2140
317172, 0, 0, 0, 0, 0, 0, 306648, 2140
317172, 0, 0, 0, 0, 0, 0, 306648, 2140
317172, 0, 0, 0, 0, 0, 0, 306648, 2140
317172, 0, 0, 0, 0, 0, 0, 306648, 2140
317172, 0, 0, 0, 0, 0, 0, 306648, 2140
317172, 0, 0, 0, 0, 0, 0, 306648, 2140
317172, 0, 0, 0, 0, 0, 0, 306648, 2140
317172, 0, 0, 0, 0, 0, 0, 306648, 2140
317172, 0, 0, 0, 0, 0, 0, 306648, 2140
317172, 0, 0, 0, 0, 0, 0, 306648, 2140
317172, 0, 0, 0, 0, 0, 0, 306648, 2140
317172, 0, 0, 0, 0, 0, 0, 306648, 2140
317172, 0, 0, 0, 0, 0, 0, 306648, 2140
317172, 0, 0, 0, 0, 0, 0, 306648, 2140
317172, 0, 0, 0, 0, 0, 0, 306648, 2140
317172, 0, 0, 0, 0, 0, 0, 306648, 2140
317172, 0, 0, 0, 0, 0, 0, 306648, 2140
317172, 0, 0, 0, 0, 0, 0, 306648, 2140
317172, 0, 0, 0, 0, 0, 0, 306648, 2140
317172, 0, 0, 0, 0, 0, 0, 306648, 2140
317172, 0, 0, 0, 0, 0, 0, 306648, 2140
317172, 0, 0, 0, 0, 0, 0, 306648, 2140
317172, 0, 0, 0, 0, 0, 0, 306648, 2140
317172, 0, 0, 0, 0, 0, 0, 306648, 2140
317172, 0, 0, 0, 0, 0, 0, 306648, 2140
317172, 0, 0, 0, 0, 0, 0, 306648, 2140
317172, 0, 0, 0, 0, 0, 0, 306648, 2140
317172, 0, 0, 0, 0, 0, 0, 306648, 2140
317172, 0, 0, 0, 0, 0, 0, 306648, 2140
317172, 0, 0, 0, 0, 0, 0, 306648, 2140
317172, 0, 0, 0, 0, 0, 0, 306648, 2140
317172, 0, 0, 0, 0, 0, 0, 306648, 2140
317172, 0, 0, 0, 0, 0, 0, 306648, 2140
317172, 0, 0, 0, 0, 0, 0, 306648, 2140
317172, 0, 0, 0, 0, 0, 0, 306648, 2140
317172, 0, 0, 0, 0, 0, 0, 306648, 2140
317172, 0, 0, 0, 0, 0, 0, 306648, 2140
317172, 0, 0, 0, 0, 0, 0, 306648, 2140
317172, 0, 0, 0, 0, 0, 0, 306648, 2140
317172, 0, 0, 0, 0, 0, 0, 306648, 2140
317172, 0, 0, 0, 0, 0, 0, 306648, 2140
317172, 0, 0, 0, 0, 0, 0, 306648, 2140
317172, 0, 0, 0, 0, 0, 0, 306648, 2140
317172, 0, 0, 0, 0, 0, 0, 306648, 2140
317172, 0, 0, 0, 0, 0, 0, 306648, 2140
317172, 0, 0, 0, 0, 0, 0, 306648, 2140
317172, 0, 0, 0, 0, 0, 0, 306648, 2140
317172, 0, 0, 0, 0, 0, 0, 306648, 2140
317172, 0, 0, 0, 0, 0, 0, 306648, 2140
317172, 0, 0, 0, 0, 0, 0, 306648, 2140
317172, 0, 0, 0, 0, 0, 0, 306648, 2140
317172, 0, 0, 0, 0, 0, 0, 306648, 2140
317172, 0, 0, 0, 0, 0, 0, 306648, 2140
317172, 0, 0, 0, 0, 0, 0, 306648, 2140
317172, 0, 0, 0, 0, 0, 0, 306648, 2140
317172, 0, 0, 0, 0, 0, 0, 306648, 2140
317172, 0, 0, 0, 0, 0, 0, 306648, 2140
317172, 0, 0, 0, 0, 0, 0, 306648, 2140
317172, 0, 0, 0, 0, 0, 0, 306648, 2140
317172, 0, 0, 0, 0, 0, 0, 306648, 2140
317172, 0, 0, 0, 0, 0, 0, 306648, 2140
317172, 0, 0, 0, 0, 0, 0, 306648, 2140
317172, 0, 0, 0, 0, 0, 0, 306648, 2140
317172, 0, 0, 0, 0, 0, 0, 306648, 2140
317172, 0, 0, 0, 0, 0, 0, 306648, 2140
317172, 0, 0, 0, 0, 0, 0, 306648, 2140
317172, 0, 0, 0, 0, 0, 0, 306648, 2140
317172, 0, 0, 0, 0, 0, 0, 306648, 2140
317172, 0, 0, 0, 0, 0, 0, 306648, 2140
317172, 0, 0, 0, 0, 0, 0, 306648, 2140
317172, 0, 0, 0, 0, 0, 0, 306648, 2140
317172, 0, 0, 0, 0, 0, 0, 306648, 2140
317172, 0, 0, 0, 0, 0, 0, 306648, 2140
317172, 0, 0, 0, 0, 0, 0, 306648, 2140
317172, 0, 0, 0, 0, 0, 0, 306648, 2140
317172, 0, 0, 0, 0, 0, 0, 306648, 2140
317172, 0, 0, 0, 0, 0, 0, 306648, 2140
317172, 0, 0, 0, 0, 0, 0, 306648, 2140
317172, 0, 0, 0, 0, 0, 0, 306648, 2140
317172, 0, 0, 0, 0, 0, 0, 306648, 2140
317172, 0, 0, 0, 0, 0, 0, 306648, 2140
317172, 0, 0, 0, 0, 0, 0, 306648, 2140
317172, 0, 0, 0, 0, 0, 0, 306648, 2140
317172, 0, 0, 0, 0, 0, 0, 306648, 2140
317172, 0, 0, 0, 0, 0, 0, 306648, 2140
317172, 0, 0, 0, 0, 0, 0, 306648, 2140
317172, 0, 0, 0, 0, 0, 0, 306648, 2140
317172, 0, 0, 0, 0, 0, 0, 306648, 2140
317172, 0, 0, 0, 0, 0, 0, 306648, 2140
317172, 0, 0, 0, 0, 0, 0, 306648, 2140
317172, 0, 0, 0, 0, 0, 0, 306648, 2140
317172, 0, 0, 0, 0, 0, 0, 306648, 2140
317172, 0, 0, 0, 0, 0, 0, 306648, 2140
317172, 0, 0, 0, 0, 0, 0, 306648, 2140
317172, 0, 0, 0, 0, 0, 0, 306648, 2140
317172, 0, 0, 0, 0, 0, 0, 306648, 2140
317172, 0, 0, 0, 0, 0, 0, 306648, 2140
317172, 0, 0, 0, 0, 0, 0, 306648, 2140
317172, 0, 0, 0, 0, 0, 0, 306648, 2140
317172, 0, 0, 0, 0, 0, 0, 306648, 2140
317172, 0, 0, 0, 0, 0, 0, 306648, 2140
317172, 0, 0, 0, 0, 0, 0, 306648, 2140
317172, 0, 0, 0, 0, 0, 0, 306648, 2140
317172, 0, 0, 0, 0, 0, 0, 306648, 2140
317172, 0, 0, 0, 0, 0, 0, 306648, 2140
317172, 0, 0, 0, 0, 0, 0, 306648, 2140
317172, 0, 0, 0, 0, 0, 0, 306648, 2140
317172, 0, 0, 0, 0, 0, 0, 306648, 2140
317172, 0, 0, 0, 0, 0, 0, 306648, 2140
317172, 0, 0, 0, 0, 0, 0, 306648, 2140
317172, 0, 0, 0, 0, 0, 0, 306648, 2140
317172, 0, 0, 0, 0, 0, 0, 306648, 2140
317172, 0, 0, 0, 0, 0, 0, 306648, 2140
317172, 0, 0, 0, 0, 0, 0, 306648, 2140
317172, 0, 0, 0, 0, 0, 0, 306648, 2140
317172, 0, 0, 0, 0, 0, 0, 306648, 2140
317172, 0, 0, 0, 0, 0, 0, 306648, 2140
317172, 0, 0, 0, 0, 0, 0, 306648, 2140
317172, 0, 0, 0, 0, 0, 0, 306648, 2140
317172, 0, 0, 0, 0, 0, 0, 306648, 2140
317172, 0, 0, 0, 0, 0, 0, 306648, 2140
317172, 0, 0, 0, 0, 0, 0, 306648, 2140
317172, 0, 0, 0, 0, 0, 0, 306648, 2140
317172, 0, 0, 0, 0, 0, 0, 306648, 2140
317172, 0, 0, 0, 0, 0, 0, 306648, 2140
317172, 0, 0, 0, 0, 0, 0, 306648, 2140
317172, 0, 0, 0, 0, 0, 0, 306648, 2140
317172, 0, 0, 0, 0, 0, 0, 306648, 2140
317172, 0, 0, 0, 0, 0, 0, 306648, 2140
317172, 0, 0, 0, 0, 0, 0, 306648, 2140
317172, 0, 0, 0, 0, 0, 0, 306648, 2140
317172, 0, 0, 0, 0, 0, 0, 306648, 2140
317172, 0, 0, 0, 0, 0, 0, 306648, 2140
317172, 0, 0, 0, 0, 0, 0, 306648, 2140
317172, 0, 0, 0, 0, 0, 0, 306648, 2140
317172, 0, 0, 0, 0, 0, 0, 306648, 2140
317172, 0, 0, 0, 0, 0, 0, 306648, 2140
317172, 0, 0, 0, 0, 0, 0, 306648, 2140
317172, 0, 0, 0, 0, 0, 0, 306648, 2140
317172, 0, 0, 0, 0, 0, 0, 306648, 2140
317172, 0, 0, 0, 0, 0, 0, 306648, 2140
317172, 0, 0, 0, 0, 0, 0, 306648, 2140
317172, 0, 0, 0, 0, 0, 0, 306648, 2140
317172, 0, 0, 0, 0, 0, 0, 306648, 2140
317172, 0, 0, 0, 0, 0, 0, 306648, 2140
317172, 0, 0, 0, 0, 0, 0, 306648, 2140
317172, 0, 0, 0, 0, 0, 0, 306648, 2140
317172, 0, 0, 0, 0, 0, 0, 306648, 2140
317172, 0, 0, 0, 0, 0, 0, 306648, 2140
317172, 0, 0, 0, 0, 0, 0, 306648, 2140
317172, 0, 0, 0, 0, 0, 0, 306648, 2140
317172, 0, 0, 0, 0, 0, 0, 306648, 2140
317172, 0, 0, 0, 0, 0, 0, 306648, 2140
317172, 0, 0, 0, 0, 0, 0, 306648, 2140
317172, 0, 0, 0, 0, 0, 0, 306648, 2140
317172, 0, 0, 0, 0, 0, 0, 306648, 2140
317172, 0, 0, 0, 0, 0, 0, 306648, 2140
317172, 0, 0, 0, 0, 0, 0, 306648, 2140
317172, 0, 0, 0, 0, 0, 0, 306648, 2140
317172, 0, 0, 0, 0, 0, 0, 306648, 2140
317172, 0, 0, 0, 0, 0, 0, 306648, 2140
317172, 0, 0, 0, 0, 0, 0, 306648, 2140
317172, 0, 0, 0, 0, 0, 0, 306648, 2140
317172, 0, 0, 0, 0, 0, 0, 306648, 2140
317172, 0, 0, 0, 0, 0, 0, 306648, 2140
317172, 0, 0, 0, 0, 0, 0, 306648, 2140
317172, 0, 0, 0, 0, 0, 0, 306648, 2140
317172, 0, 0, 0, 0, 0, 0, 306648, 2140
317172, 0, 0, 0, 0, 0, 0, 306648, 2140
317172, 0, 0, 0, 0, 0, 0, 306648, 2140
317172, 0, 0, 0, 0, 0, 0, 306648, 2140
317172, 0, 0, 0, 0, 0, 0, 306648, 2140
317172, 0, 0, 0, 0, 0, 0, 306648, 2140
317172, 0, 0, 0, 0, 0, 0, 306648, 2140
317172, 0, 0, 0, 0, 0, 0, 306648, 2140
317172, 0, 0, 0, 0, 0, 0, 306648, 2140
317172, 0, 0, 0, 0, 0, 0, 306648, 2140
317172, 0, 0, 0, 0, 0, 0, 306648, 2140
317172, 0, 0, 0, 0, 0, 0, 306648, 2140
317172, 0, 0, 0, 0, 0, 0, 306648, 2140
317172, 0, 0, 0, 0, 0, 0, 306648, 2140
317172, 0, 0, 0, 0, 0, 0, 306648, 2140
317172, 0, 0, 0, 0, 0, 0, 306648, 2140
317172, 0, 0, 0, 0, 0, 0, 306648, 2140
317172, 0, 0, 0, 0, 0, 0, 306648, 2140
317172, 0, 0, 0, 0, 0, 0, 306648, 2140
317172, 0, 0, 0, 0, 0, 0, 306648, 2140
317172, 0, 0, 0, 0, 0, 0, 306648, 2140
317172, 0, 0, 0, 0, 0, 0, 306648, 2140
317172, 0, 0, 0, 0, 0, 0, 306648, 2140
317172, 0, 0, 0, 0, 0, 0, 306648, 2140
317172, 0, 0, 0, 0, 0, 0, 306648, 2140
317172, 0, 0, 0, 0, 0, 0, 306648, 2140
317172, 0, 0, 0, 0, 0, 0, 306648, 2140
317172, 0, 0, 0, 0, 0, 0, 306648, 2140
317172, 0, 0, 0, 0, 0, 0, 306648, 2140
317172, 0, 0, 0, 0, 0, 0, 306648, 2140
317172, 0, 0, 0, 0, 0, 0, 306648, 2140
317172, 0, 0, 0, 0, 0, 0, 306648, 2140
317172, 0, 0, 0, 0, 0, 0, 306648, 2140
317172, 0, 0, 0, 0, 0, 0, 306648, 2140
317172, 0, 0, 0, 0, 0, 0, 306648, 2140
317172, 0, 0, 0, 0, 0, 0, 306648, 2140
317172, 0, 0, 0, 0, 0, 0, 306648, 2140
317172, 0, 0, 0, 0, 0, 0, 306648, 2140
317172, 0, 0, 0, 0, 0, 0, 306648, 2140
317172, 0, 0, 0, 0, 0, 0, 306648, 2140
317172, 0, 0, 0, 0, 0, 0, 306648, 2140
317172, 0, 0, 0, 0, 0, 0, 306648, 2140
317172, 0, 0, 0, 0, 0, 0, 306648, 2140
317172, 0, 0, 0, 0, 0, 0, 306648, 2140
317172, 0, 0, 0, 0, 0, 0, 306648, 2140
317172, 0, 0, 0, 0, 0, 0, 306648, 2140
317172, 0, 0, 0, 0, 0, 0, 306648, 2140
317172, 0, 0, 0, 0, 0, 0, 306648, 2140
317172, 0, 0, 0, 0, 0, 0, 306648, 2140
317172, 0, 0, 0, 0, 0, 0, 306648, 2140
317172, 0, 0, 0, 0, 0, 0, 306648, 2140
317172, 0, 0, 0, 0, 0, 0, 306648, 2140
317172, 0, 0, 0, 0, 0, 0, 306648, 2140
317172, 0, 0, 0, 0, 0, 0, 306648, 2140
317172, 0, 0, 0, 0, 0, 0, 306648, 2140
317172, 0, 0, 0, 0, 0, 0, 306648, 2140
317172, 0, 0, 0, 0, 0, 0, 306648, 2140
317172, 0, 0, 0, 0, 0, 0, 306648, 2140
317172, 0, 0, 0, 0, 0, 0, 306648, 2140
317172, 0, 0, 0, 0, 0, 0, 306648, 2140
317172, 0, 0, 0, 0, 0, 0, 306648, 2140
317172, 0, 0, 0, 0, 0, 0, 306648, 2140
317172, 0, 0, 0, 0, 0, 0, 306648, 2140
317172, 0, 0, 0, 0, 0, 0, 306648, 2140
317172, 0, 0, 0, 0, 0, 0, 306648, 2140
317172, 0, 0, 0, 0, 0, 0, 306648, 2140
317172, 0, 0, 0, 0, 0, 0, 306648, 2140
317172, 0, 0, 0, 0, 0, 0, 306648, 2140
317172, 0, 0, 0, 0, 0, 0, 306648, 2140
317172, 0, 0, 0, 0, 0, 0, 306648, 2140
317172, 0, 0, 0, 0, 0, 0, 306648, 2140
317172, 0, 0, 0, 0, 0, 0, 306648, 2140
317172, 0, 0, 0, 0, 0, 0, 306648, 2140
317172, 0, 0, 0, 0, 0, 0, 306648, 2140
317172, 0, 0, 0, 0, 0, 0, 306648, 2140
317172, 0, 0, 0, 0, 0, 0, 306648, 2140
317172, 0, 0, 0, 0, 0, 0, 306648, 2140
317172, 0, 0, 0, 0, 0, 0, 306648, 2140
317172, 0, 0, 0, 0, 0, 0, 306648, 2140
317172, 0, 0, 0, 0, 0, 0, 306648, 2140
317172, 0, 0, 0, 0, 0, 0, 306648, 2140
317172, 0, 0, 0, 0, 0, 0, 306648, 2140
317172, 0, 0, 0, 0, 0, 0, 306648, 2140
317172, 0, 0, 0, 0, 0, 0, 306648, 2140
317172, 0, 0, 0, 0, 0, 0, 306648, 2140
317172, 0, 0, 0, 0, 0, 0, 306648, 2140
317172, 0, 0, 0, 0, 0, 0, 306648, 2140
317172, 0, 0, 0, 0, 0, 0, 306648, 2140
317172, 0, 0, 0, 0, 0, 0, 306648, 2140
317172, 0, 0, 0, 0, 0, 0, 306648, 2140
317172, 0, 0, 0, 0, 0, 0, 306648, 2140
317172, 0, 0, 0, 0, 0, 0, 306648, 2140
317172, 0, 0, 0, 0, 0, 0, 306648, 2140
317172, 0, 0, 0, 0, 0, 0, 306648, 2140
317172, 0, 0, 0, 0, 0, 0, 306648, 2140
317172, 0, 0, 0, 0, 0, 0, 306648, 2140
317172, 0, 0, 0, 0, 0, 0, 306648, 2140
317172, 0, 0, 0, 0, 0, 0, 306648, 2140
317172, 0, 0, 0, 0, 0, 0, 306648, 2140
317172, 0, 0, 0, 0, 0, 0, 306648, 2140
317172, 0, 0, 0, 0, 0, 0, 306648, 2140
317172, 0, 0, 0, 0, 0, 0, 306648, 2140
317172, 0, 0, 0, 0, 0, 0, 306648, 2140
317172, 0, 0, 0, 0, 0, 0, 306648, 2140
317172, 0, 0, 0, 0, 0, 0, 306648, 2140
317172, 0, 0, 0, 0, 0, 0, 306648, 2140
317172, 0, 0, 0, 0, 0, 0, 306648, 2140
317172, 0, 0, 0, 0, 0, 0, 306648, 2140
317172, 0, 0, 0, 0, 0, 0, 306648, 2140
317172, 0, 0, 0, 0, 0, 0, 306648, 2140
317172, 0, 0, 0, 0, 0, 0, 306648, 2140
317172, 0, 0, 0, 0, 0, 0, 306648, 2140
317172, 0, 0, 0, 0, 0, 0, 306648, 2140
317172, 0, 0, 0, 0, 0, 0, 306648, 2140
317172, 0, 0, 0, 0, 0, 0, 306648, 2140
317172, 0, 0, 0, 0, 0, 0, 306648, 2140
317172, 0, 0, 0, 0, 0, 0, 306648, 2140
317172, 0, 0, 0, 0, 0, 0, 306648, 2140
317172, 0, 0, 0, 0, 0, 0, 306648, 2140
317172, 0, 0, 0, 0, 0, 0, 306648, 2140
317172, 0, 0, 0, 0, 0, 0, 306648, 2140
317172, 0, 0, 0, 0, 0, 0, 306648, 2140
317172, 0, 0, 0, 0, 0, 0, 306648, 2140
317172, 0, 0, 0, 0, 0, 0, 306648, 2140
317172, 0, 0, 0, 0, 0, 0, 306648, 2140
317172, 0, 0, 0, 0, 0, 0, 306648, 2140
317172, 0, 0, 0, 0, 0, 0, 306648, 2140
317172, 0, 0, 0, 0, 0, 0, 306648, 2140
317172, 0, 0, 0, 0, 0, 0, 306648, 2140
317172, 0, 0, 0, 0, 0, 0, 306648, 2140
317172, 0, 0, 0, 0, 0, 0, 306648, 2140
317172, 0, 0, 0, 0, 0, 0, 306648, 2140
317172, 0, 0, 0, 0, 0, 0, 306648, 2140
317172, 0, 0, 0, 0, 0, 0, 306648, 2140
317172, 0, 0, 0, 0, 0, 0, 306648, 2140
317172, 0, 0, 0, 0, 0, 0, 306648, 2140
317172, 0, 0, 0, 0, 0, 0, 306648, 2140
317172, 0, 0, 0, 0, 0, 0, 306648, 2140
317172, 0, 0, 0, 0, 0, 0, 306648, 2140
317172, 0, 0, 0, 0, 0, 0, 306648, 2140
317172, 0, 0, 0, 0, 0, 0, 306648, 2140
317172, 0, 0, 0, 0, 0, 0, 306648, 2140
317172, 0, 0, 0, 0, 0, 0, 306648, 2140
317172, 0, 0, 0, 0, 0, 0, 306648, 2140
317172, 0, 0, 0, 0, 0, 0, 306648, 2140
317172, 0, 0, 0, 0, 0, 0, 306648, 2140
317172, 0, 0, 0, 0, 0, 0, 306648, 2140
317172, 0, 0, 0, 0, 0, 0, 306648, 2140
317172, 0, 0, 0, 0, 0, 0, 306648, 2140
317172, 0, 0, 0, 0, 0, 0, 306648, 2140
317172, 0, 0, 0, 0, 0, 0, 306648, 2140
317172, 0, 0, 0, 0, 0, 0, 306648, 2140
317172, 0, 0, 0, 0, 0, 0, 306648, 2140
317172, 0, 0, 0, 0, 0, 0, 306648, 2140
317172, 0, 0, 0, 0, 0, 0, 306648, 2140
317172, 0, 0, 0, 0, 0, 0, 306648, 2140
317172, 0, 0, 0, 0, 0, 0, 306648, 2140
317172, 0, 0, 0, 0, 0, 0, 306648, 2140
317172, 0, 0, 0, 0, 0, 0, 306648, 2140
317172, 0, 0, 0, 0, 0, 0, 306648, 2140
317172, 0, 0, 0, 0, 0, 0, 306648, 2140
317172, 0, 0, 0, 0, 0, 0, 306648, 2140
317172, 0, 0, 0, 0, 0, 0, 306648, 2140
317172, 0, 0, 0, 0, 0, 0, 306648, 2140
317172, 0, 0, 0, 0, 0, 0, 306648, 2140
317172, 0, 0, 0, 0, 0, 0, 306648, 2140
317172, 0, 0, 0, 0, 0, 0, 306648, 2140
317172, 0, 0, 0, 0, 0, 0, 306648, 2140
317172, 0, 0, 0, 0, 0, 0, 306648, 2140
317172, 0, 0, 0, 0, 0, 0, 306648, 2140
317172, 0, 0, 0, 0, 0, 0, 306648, 2140
317172, 0, 0, 0, 0, 0, 0, 306648, 2140
317172, 0, 0, 0, 0, 0, 0, 306648, 2140
317172, 0, 0, 0, 0, 0, 0, 306648, 2140
317172, 0, 0, 0, 0, 0, 0, 306648, 2140
317172, 0, 0, 0, 0, 0, 0, 306648, 2140
317172, 0, 0, 0, 0, 0, 0, 306648, 2140
317172, 0, 0, 0, 0, 0, 0, 306648, 2140
317172, 0, 0, 0, 0, 0, 0, 306648, 2140
317172, 0, 0, 0, 0, 0, 0, 306648, 2140
317172, 0, 0, 0, 0, 0, 0, 306648, 2140
317172, 0, 0, 0, 0, 0, 0, 306648, 2140
317172, 0, 0, 0, 0, 0, 0, 306648, 2140
317172, 0, 0, 0, 0, 0, 0, 306648, 2140
317172, 0, 0, 0, 0, 0, 0, 306648, 2140
317172, 0, 0, 0, 0, 0, 0, 306648, 2140
317172, 0, 0, 0, 0, 0, 0, 306648, 2140
317172, 0, 0, 0, 0, 0, 0, 306648, 2140
317172, 0, 0, 0, 0, 0, 0, 306648, 2140
317172, 0, 0, 0, 0, 0, 0, 306648, 2140
317172, 0, 0, 0, 0, 0, 0, 306648, 2140
317172, 0, 0, 0, 0, 0, 0, 306648, 2140
317172, 0, 0, 0, 0, 0, 0, 306648, 2140
317172, 0, 0, 0, 0, 0, 0, 306648, 2140
317172, 0, 0, 0, 0, 0, 0, 306648, 2140
317172, 0, 0, 0, 0, 0, 0, 306648, 2140
317172, 0, 0, 0, 0, 0, 0, 306648, 2140
317172, 0, 0, 0, 0, 0, 0, 306648, 2140
317172, 0, 0, 0, 0, 0, 0, 306648, 2140
317172, 0, 0, 0, 0, 0, 0, 306648, 2140
317172, 0, 0, 0, 0, 0, 0, 306648, 2140
317172, 0, 0, 0, 0, 0, 0, 306648, 2140
317172, 0, 0, 0, 0, 0, 0, 306648, 2140
317172, 0, 0, 0, 0, 0, 0, 306648, 2140
317172, 0, 0, 0, 0, 0, 0, 306648, 2140
317172, 0, 0, 0, 0, 0, 0, 306648, 2140
317172, 0, 0, 0, 0, 0, 0, 306648, 2140
317172, 0, 0, 0, 0, 0, 0, 306648, 2140
317172, 0, 0, 0, 0, 0, 0, 306648, 2140
317172, 0, 0, 0, 0, 0, 0, 306648, 2140
317172, 0, 0, 0, 0, 0, 0, 306648, 2140
317172, 0, 0, 0, 0, 0, 0, 306648, 2140
317172, 0, 0, 0, 0, 0, 0, 306648, 2140
317172, 0, 0, 0, 0, 0, 0, 306648, 2140
317172, 0, 0, 0, 0, 0, 0, 306648, 2140
317172, 0, 0, 0, 0, 0, 0, 306648, 2140
317172, 0, 0, 0, 0, 0, 0, 306648, 2140
317172, 0, 0, 0, 0, 0, 0, 306648, 2140
317172, 0, 0, 0, 0, 0, 0, 306648, 2140
317172, 0, 0, 0, 0, 0, 0, 306648, 2140
317172, 0, 0, 0, 0, 0, 0, 306648, 2140
317172, 0, 0, 0, 0, 0, 0, 306648, 2140
317172, 0, 0, 0, 0, 0, 0, 306648, 2140
317172, 0, 0, 0, 0, 0, 0, 306648, 2140
317172, 0, 0, 0, 0, 0, 0, 306648, 2140
317172, 0, 0, 0, 0, 0, 0, 306648, 2140
317172, 0, 0, 0, 0, 0, 0, 306648, 2140
317172, 0, 0, 0, 0, 0, 0, 306648, 2140
317172, 0, 0, 0, 0, 0, 0, 306648, 2140
317172, 0, 0, 0, 0, 0, 0, 306648, 2140
317172, 0, 0, 0, 0, 0, 0, 306648, 2140
317172, 0, 0, 0, 0, 0, 0, 306648, 2140
317172, 0, 0, 0, 0, 0, 0, 306648, 2140
317172, 0, 0, 0, 0, 0, 0, 306648, 2140
317172, 0, 0, 0, 0, 0, 0, 306648, 2140
317172, 0, 0, 0, 0, 0, 0, 306648, 2140
317172, 0, 0, 0, 0, 0, 0, 306648, 2140
317172, 0, 0, 0, 0, 0, 0, 306648, 2140
317172, 0, 0, 0, 0, 0, 0, 306648, 2140
317172, 0, 0, 0, 0, 0, 0, 306648, 2140
317172, 0, 0, 0, 0, 0, 0, 306648, 2140
317172, 0, 0, 0, 0, 0, 0, 306648, 2140
317172, 0, 0, 0, 0, 0, 0, 306648, 2140
317172, 0, 0, 0, 0, 0, 0, 306648, 2140
317172, 0, 0, 0, 0, 0, 0, 306648, 2140
317172, 0, 0, 0, 0, 0, 0, 306648, 2140
317172, 0, 0, 0, 0, 0, 0, 306648, 2140
317172, 0, 0, 0, 0, 0, 0, 306648, 2140
317172, 0, 0, 0, 0, 0, 0, 306648, 2140
317172, 0, 0, 0, 0, 0, 0, 306648, 2140
317172, 0, 0, 0, 0, 0, 0, 306648, 2140
317172, 0, 0, 0, 0, 0, 0, 306648, 2140
317172, 0, 0, 0, 0, 0, 0, 306648, 2140
317172, 0, 0, 0, 0, 0, 0, 306648, 2140
317172, 0, 0, 0, 0, 0, 0, 306648, 2140
317172, 0, 0, 0, 0, 0, 0, 306648, 2140
317172, 0, 0, 0, 0, 0, 0, 306648, 2140
317172, 0, 0, 0, 0, 0, 0, 306648, 2140
317172, 0, 0, 0, 0, 0, 0, 306648, 2140
317172, 0, 0, 0, 0, 0, 0, 306648, 2140
317172, 0, 0, 0, 0, 0, 0, 306648, 2140
317172, 0, 0, 0, 0, 0, 0, 306648, 2140
317172, 0, 0, 0, 0, 0, 0, 306648, 2140
317172, 0, 0, 0, 0, 0, 0, 306648, 2140
317172, 0, 0, 0, 0, 0, 0, 306648, 2140
317172, 0, 0, 0, 0, 0, 0, 306648, 2140
317172, 0, 0, 0, 0, 0, 0, 306648, 2140
317172, 0, 0, 0, 0, 0, 0, 306648, 2140
317172, 0, 0, 0, 0, 0, 0, 306648, 2140
317172, 0, 0, 0, 0, 0, 0, 306648, 2140
317172, 0, 0, 0, 0, 0, 0, 306648, 2140
317172, 0, 0, 0, 0, 0, 0, 306648, 2140
317172, 0, 0, 0, 0, 0, 0, 306648, 2140
317172, 0, 0, 0, 0, 0, 0, 306648, 2140
317172, 0, 0, 0, 0, 0, 0, 306648, 2140
317172, 0, 0, 0, 0, 0, 0, 306648, 2140
317172, 0, 0, 0, 0, 0, 0, 306648, 2140
317172, 0, 0, 0, 0, 0, 0, 306648, 2140
317172, 0, 0, 0, 0, 0, 0, 306648, 2140
317172, 0, 0, 0, 0, 0, 0, 306648, 2140
317172, 0, 0, 0, 0, 0, 0, 306648, 2140
317172, 0, 0, 0, 0, 0, 0, 306648, 2140
317172, 0, 0, 0, 0, 0, 0, 306648, 2140
317172, 0, 0, 0, 0, 0, 0, 306648, 2140
317172, 0, 0, 0, 0, 0, 0, 306648, 2140
317172, 0, 0, 0, 0, 0, 0, 306648, 2140
317172, 0, 0, 0, 0, 0, 0, 306648, 2140
317172, 0, 0, 0, 0, 0, 0, 306648, 2140
317172, 0, 0, 0, 0, 0, 0, 306648, 2140
317172, 0, 0, 0, 0, 0, 0, 306648, 2140
317172, 0, 0, 0, 0, 0, 0, 306648, 2140
317172, 0, 0, 0, 0, 0, 0, 306648, 2140
317172, 0, 0, 0, 0, 0, 0, 306648, 2140
317172, 0, 0, 0, 0, 0, 0, 306648, 2140
317172, 0, 0, 0, 0, 0, 0, 306648, 2140
317172, 0, 0, 0, 0, 0, 0, 306648, 2140
317172, 0, 0, 0, 0, 0, 0, 306648, 2140
317172, 0, 0, 0, 0, 0, 0, 306648, 2140
317172, 0, 0, 0, 0, 0, 0, 306648, 2140
317172, 0, 0, 0, 0, 0, 0, 306648, 2140
317172, 0, 0, 0, 0, 0, 0, 306648, 2140
317172, 0, 0, 0, 0, 0, 0, 306648, 2140
317172, 0, 0, 0, 0, 0, 0, 306648, 2140
317172, 0, 0, 0, 0, 0, 0, 306648, 2140
317172, 0, 0, 0, 0, 0, 0, 306648, 2140
317172, 0, 0, 0, 0, 0, 0, 306648, 2140
317172, 0, 0, 0, 0, 0, 0, 306648, 2140
317172, 0, 0, 0, 0, 0, 0, 306648, 2140
317172, 0, 0, 0, 0, 0, 0, 306648, 2140
317172, 0, 0, 0, 0, 0, 0, 306648, 2140
317172, 0, 0, 0, 0, 0, 0, 306648, 2140
317172, 0, 0, 0, 0, 0, 0, 306648, 2140
317172, 0, 0, 0, 0, 0, 0, 306648, 2140
317172, 0, 0, 0, 0, 0, 0, 306648, 2140
317172, 0, 0, 0, 0, 0, 0, 306648, 2140
317172, 0, 0, 0, 0, 0, 0, 306648, 2140
317172, 0, 0, 0, 0, 0, 0, 306648, 2140
317172, 0, 0, 0, 0, 0, 0, 306648, 2140
317172, 0, 0, 0, 0, 0, 0, 306648, 2140
317172, 0, 0, 0, 0, 0, 0, 306648, 2140
317172, 0, 0, 0, 0, 0, 0, 306648, 2140
317172, 0, 0, 0, 0, 0, 0, 306648, 2140
317172, 0, 0, 0, 0, 0, 0, 306648, 2140
317172, 0, 0, 0, 0, 0, 0, 306648, 2140
317172, 0, 0, 0, 0, 0, 0, 306648, 2140
317172, 0, 0, 0, 0, 0, 0, 306648, 2140
317172, 0, 0, 0, 0, 0, 0, 306648, 2140
317172, 0, 0, 0, 0, 0, 0, 306648, 2140
317172, 0, 0, 0, 0, 0, 0, 306648, 2140
317172, 0, 0, 0, 0, 0, 0, 306648, 2140
317172, 0, 0, 0, 0, 0, 0, 306648, 2140
317172, 0, 0, 0, 0, 0, 0, 306648, 2140
317172, 0, 0, 0, 0, 0, 0, 306648, 2140
317172, 0, 0, 0, 0, 0, 0, 306648, 2140
317172, 0, 0, 0, 0, 0, 0, 306648, 2140
317172, 0, 0, 0, 0, 0, 0, 306648, 2140
317172, 0, 0, 0, 0, 0, 0, 306648, 2140
317172, 0, 0, 0, 0, 0, 0, 306648, 2140
317172, 0, 0, 0, 0, 0, 0, 306648, 2140
317172, 0, 0, 0, 0, 0, 0, 306648, 2140
317172, 0, 0, 0, 0, 0, 0, 306648, 2140
317172, 0, 0, 0, 0, 0, 0, 306648, 2140
317172, 0, 0, 0, 0, 0, 0, 306648, 2140
317172, 0, 0, 0, 0, 0, 0, 306648, 2140
317172, 0, 0, 0, 0, 0, 0, 306648, 2140
317172, 0, 0, 0, 0, 0, 0, 306648, 2140
317172, 0, 0, 0, 0, 0, 0, 306648, 2140
317172, 0, 0, 0, 0, 0, 0, 306648, 2140
317172, 0, 0, 0, 0, 0, 0, 306648, 2140
317172, 0, 0, 0, 0, 0, 0, 306648, 2140
317172, 0, 0, 0, 0, 0, 0, 306648, 2140
317172, 0, 0, 0, 0, 0, 0, 306648, 2140
317172, 0, 0, 0, 0, 0, 0, 306648, 2140
317172, 0, 0, 0, 0, 0, 0, 306648, 2140
317172, 0, 0, 0, 0, 0, 0, 306648, 2140
317172, 0, 0, 0, 0, 0, 0, 306648, 2140
317172, 0, 0, 0, 0, 0, 0, 306648, 2140
317172, 0, 0, 0, 0, 0, 0, 306648, 2140
317172, 0, 0, 0, 0, 0, 0, 306648, 2140
317172, 0, 0, 0, 0, 0, 0, 306648, 2140
317172, 0, 0, 0, 0, 0, 0, 306648, 2140
317172, 0, 0, 0, 0, 0, 0, 306648, 2140
317172, 0, 0, 0, 0, 0, 0, 306648, 2140
317172, 0, 0, 0, 0, 0, 0, 306648, 2140
317172, 0, 0, 0, 0, 0, 0, 306648, 2140
317172, 0, 0, 0, 0, 0, 0, 306648, 2140
317172, 0, 0, 0, 0, 0, 0, 306648, 2140
317172, 0, 0, 0, 0, 0, 0, 306648, 2140
317172, 0, 0, 0, 0, 0, 0, 306648, 2140
317172, 0, 0, 0, 0, 0, 0, 306648, 2140
317172, 0, 0, 0, 0, 0, 0, 306648, 2140
317172, 0, 0, 0, 0, 0, 0, 306648, 2140
317172, 0, 0, 0, 0, 0, 0, 306648, 2140
317172, 0, 0, 0, 0, 0, 0, 306648, 2140
317172, 0, 0, 0, 0, 0, 0, 306648, 2140
317172, 0, 0, 0, 0, 0, 0, 306648, 2140
317172, 0, 0, 0, 0, 0, 0, 306648, 2140
317172, 0, 0, 0, 0, 0, 0, 306648, 2140
317172, 0, 0, 0, 0, 0, 0, 306648, 2140
317172, 0, 0, 0, 0, 0, 0, 306648, 2140
317172, 0, 0, 0, 0, 0, 0, 306648, 2140
317172, 0, 0, 0, 0, 0, 0, 306648, 2140
317172, 0, 0, 0, 0, 0, 0, 306648, 2140
317172, 0, 0, 0, 0, 0, 0, 306648, 2140
317172, 0, 0, 0, 0, 0, 0, 306648, 2140
317172, 0, 0, 0, 0, 0, 0, 306648, 2140
317172, 0, 0, 0, 0, 0, 0, 306648, 2140
317172, 0, 0, 0, 0, 0, 0, 306648, 2140
317172, 0, 0, 0, 0, 0, 0, 306648, 2140
317172, 0, 0, 0, 0, 0, 0, 306648, 2140
317172, 0, 0, 0, 0, 0, 0, 306648, 2140
317172, 0, 0, 0, 0, 0, 0, 306648, 2140
317172, 0, 0, 0, 0, 0, 0, 306648, 2140
317172, 0, 0, 0, 0, 0, 0, 306648, 2140
317172, 0, 0, 0, 0, 0, 0, 306648, 2140
317172, 0, 0, 0, 0, 0, 0, 306648, 2140
317172, 0, 0, 0, 0, 0, 0, 306648, 2140
317172, 0, 0, 0, 0, 0, 0, 306648, 2140
317172, 0, 0, 0, 0, 0, 0, 306648, 2140
317172, 0, 0, 0, 0, 0, 0, 306648, 2140
317172, 0, 0, 0, 0, 0, 0, 306648, 2140
317172, 0, 0, 0, 0, 0, 0, 306648, 2140
317172, 0, 0, 0, 0, 0, 0, 306648, 2140
317172, 0, 0, 0, 0, 0, 0, 306648, 2140
317172, 0, 0, 0, 0, 0, 0, 306648, 2140
317172, 0, 0, 0, 0, 0, 0, 306648, 2140
317172, 0, 0, 0, 0, 0, 0, 306648, 2140
317172, 0, 0, 0, 0, 0, 0, 306648, 2140
317172, 0, 0, 0, 0, 0, 0, 306648, 2140
317172, 0, 0, 0, 0, 0, 0, 306648, 2140
317172, 0, 0, 0, 0, 0, 0, 306648, 2140
317172, 0, 0, 0, 0, 0, 0, 306648, 2140
317172, 0, 0, 0, 0, 0, 0, 306648, 2140
317172, 0, 0, 0, 0, 0, 0, 306648, 2140
317172, 0, 0, 0, 0, 0, 0, 306648, 2140
317172, 0, 0, 0, 0, 0, 0, 306648, 2140
317172, 0, 0, 0, 0, 0, 0, 306648, 2140
317172, 0, 0, 0, 0, 0, 0, 306648, 2140
317172, 0, 0, 0, 0, 0, 0, 306648, 2140
317172, 0, 0, 0, 0, 0, 0, 306648, 2140
317172, 0, 0, 0, 0, 0, 0, 306648, 2140
317172, 0, 0, 0, 0, 0, 0, 306648, 2140
317172, 0, 0, 0, 0, 0, 0, 306648, 2140
317172, 0, 0, 0, 0, 0, 0, 306648, 2140
317172, 0, 0, 0, 0, 0, 0, 306648, 2140
317172, 0, 0, 0, 0, 0, 0, 306648, 2140
317172, 0, 0, 0, 0, 0, 0, 306648, 2140
317172, 0, 0, 0, 0, 0, 0, 306648, 2140
317172, 0, 0, 0, 0, 0, 0, 306648, 2140
317172, 0, 0, 0, 0, 0, 0, 306648, 2140
317172, 0, 0, 0, 0, 0, 0, 306648, 2140
317172, 0, 0, 0, 0, 0, 0, 306648, 2140
317172, 0, 0, 0, 0, 0, 0, 306648, 2140
317172, 0, 0, 0, 0, 0, 0, 306648, 2140
317172, 0, 0, 0, 0, 0, 0, 306648, 2140
317172, 0, 0, 0, 0, 0, 0, 306648, 2140
317172, 0, 0, 0, 0, 0, 0, 306648, 2140
317172, 0, 0, 0, 0, 0, 0, 306648, 2140
317172, 0, 0, 0, 0, 0, 0, 306648, 2140
317172, 0, 0, 0, 0, 0, 0, 306648, 2140
317172, 0, 0, 0, 0, 0, 0, 306648, 2140
317172, 0, 0, 0, 0, 0, 0, 306648, 2140
317172, 0, 0, 0, 0, 0, 0, 306648, 2140
317172, 0, 0, 0, 0, 0, 0, 306648, 2140
317172, 0, 0, 0, 0, 0, 0, 306648, 2140
317172, 0, 0, 0, 0, 0, 0, 306648, 2140
317172, 0, 0, 0, 0, 0, 0, 306648, 2140
317172, 0, 0, 0, 0, 0, 0, 306648, 2140
317172, 0, 0, 0, 0, 0, 0, 306648, 2140
317172, 0, 0, 0, 0, 0, 0, 306648, 2140
317172, 0, 0, 0, 0, 0, 0, 306648, 2140
317172, 0, 0, 0, 0, 0, 0, 306648, 2140
317172, 0, 0, 0, 0, 0, 0, 306648, 2140
317172, 0, 0, 0, 0, 0, 0, 306648, 2140
317172, 0, 0, 0, 0, 0, 0, 306648, 2140
317172, 0, 0, 0, 0, 0, 0, 306648, 2140
317172, 0, 0, 0, 0, 0, 0, 306648, 2140
317172, 0, 0, 0, 0, 0, 0, 306648, 2140
317172, 0, 0, 0, 0, 0, 0, 306648, 2140
317172, 0, 0, 0, 0, 0, 0, 306648, 2140
317172, 0, 0, 0, 0, 0, 0, 306648, 2140
317172, 0, 0, 0, 0, 0, 0, 306648, 2140
317172, 0, 0, 0, 0, 0, 0, 306648, 2140
317172, 0, 0, 0, 0, 0, 0, 306648, 2140
317172, 0, 0, 0, 0, 0, 0, 306648, 2140
317172, 0, 0, 0, 0, 0, 0, 306648, 2140
317172, 0, 0, 0, 0, 0, 0, 306648, 2140
317172, 0, 0, 0, 0, 0, 0, 306648, 2140
317172, 0, 0, 0, 0, 0, 0, 306648, 2140
317172, 0, 0, 0, 0, 0, 0, 306648, 2140
317172, 0, 0, 0, 0, 0, 0, 306648, 2140
317172, 0, 0, 0, 0, 0, 0, 306648, 2140
317172, 0, 0, 0, 0, 0, 0, 306648, 2140
317172, 0, 0, 0, 0, 0, 0, 306648, 2140
317172, 0, 0, 0, 0, 0, 0, 306648, 2140
317172, 0, 0, 0, 0, 0, 0, 306648, 2140
317172, 0, 0, 0, 0, 0, 0, 306648, 2140
317172, 0, 0, 0, 0, 0, 0, 306648, 2140
317172, 0, 0, 0, 0, 0, 0, 306648, 2140
317172, 0, 0, 0, 0, 0, 0, 306648, 2140
317172, 0, 0, 0, 0, 0, 0, 306648, 2140
317172, 0, 0, 0, 0, 0, 0, 306648, 2140
317172, 0, 0, 0, 0, 0, 0, 306648, 2140
317172, 0, 0, 0, 0, 0, 0, 306648, 2140
317172, 0, 0, 0, 0, 0, 0, 306648, 2140
317172, 0, 0, 0, 0, 0, 0, 306648, 2140
317172, 0, 0, 0, 0, 0, 0, 306648, 2140
317172, 0, 0, 0, 0, 0, 0, 306648, 2140
317172, 0, 0, 0, 0, 0, 0, 306648, 2140
317172, 0, 0, 0, 0, 0, 0, 306648, 2140
317172, 0, 0, 0, 0, 0, 0, 306648, 2140
317172, 0, 0, 0, 0, 0, 0, 306648, 2140
317172, 0, 0, 0, 0, 0, 0, 306648, 2140
317172, 0, 0, 0, 0, 0, 0, 306648, 2140
317172, 0, 0, 0, 0, 0, 0, 306648, 2140
317172, 0, 0, 0, 0, 0, 0, 306648, 2140
317172, 0, 0, 0, 0, 0, 0, 306648, 2140
317172, 0, 0, 0, 0, 0, 0, 306648, 2140
317172, 0, 0, 0, 0, 0, 0, 306648, 2140
317172, 0, 0, 0, 0, 0, 0, 306648, 2140
317172, 0, 0, 0, 0, 0, 0, 306648, 2140
317172, 0, 0, 0, 0, 0, 0, 306648, 2140
317172, 0, 0, 0, 0, 0, 0, 306648, 2140
317172, 0, 0, 0, 0, 0, 0, 306648, 2140
317172, 0, 0, 0, 0, 0, 0, 306648, 2140
317172, 0, 0, 0, 0, 0, 0, 306648, 2140
317172, 0, 0, 0, 0, 0, 0, 306648, 2140
317172, 0, 0, 0, 0, 0, 0, 306648, 2140
317172, 0, 0, 0, 0, 0, 0, 306648, 2140
317172, 0, 0, 0, 0, 0, 0, 306648, 2140
317172, 0, 0, 0, 0, 0, 0, 306648, 2140
317172, 0, 0, 0, 0, 0, 0, 306648, 2140
317172, 0, 0, 0, 0, 0, 0, 306648, 2140
317172, 0, 0, 0, 0, 0, 0, 306648, 2140
317172, 0, 0, 0, 0, 0, 0, 306648, 2140
317172, 0, 0, 0, 0, 0, 0, 306648, 2140
317172, 0, 0, 0, 0, 0, 0, 306648, 2140
317172, 0, 0, 0, 0, 0, 0, 306648, 2140
317172, 0, 0, 0, 0, 0, 0, 306648, 2140
317172, 0, 0, 0, 0, 0, 0, 306648, 2140
317172, 0, 0, 0, 0, 0, 0, 306648, 2140
317172, 0, 0, 0, 0, 0, 0, 306648, 2140
317172, 0, 0, 0, 0, 0, 0, 306648, 2140
317172, 0, 0, 0, 0, 0, 0, 306648, 2140
317172, 0, 0, 0, 0, 0, 0, 306648, 2140
317172, 0, 0, 0, 0, 0, 0, 306648, 2140
317172, 0, 0, 0, 0, 0, 0, 306648, 2140
317172, 0, 0, 0, 0, 0, 0, 306648, 2140
317172, 0, 0, 0, 0, 0, 0, 306648, 2140
317172, 0, 0, 0, 0, 0, 0, 306648, 2140
317172, 0, 0, 0, 0, 0, 0, 306648, 2140
317172, 0, 0, 0, 0, 0, 0, 306648, 2140
317172, 0, 0, 0, 0, 0, 0, 306648, 2140
317172, 0, 0, 0, 0, 0, 0, 306648, 2140
317172, 0, 0, 0, 0, 0, 0, 306648, 2140
317172, 0, 0, 0, 0, 0, 0, 306648, 2140
317172, 0, 0, 0, 0, 0, 0, 306648, 2140
317172, 0, 0, 0, 0, 0, 0, 306648, 2140
317172, 0, 0, 0, 0, 0, 0, 306648, 2140
317172, 0, 0, 0, 0, 0, 0, 306648, 2140
317172, 0, 0, 0, 0, 0, 0, 306648, 2140
317172, 0, 0, 0, 0, 0, 0, 306648, 2140
317172, 0, 0, 0, 0, 0, 0, 306648, 2140
317172, 0, 0, 0, 0, 0, 0, 306648, 2140
317172, 0, 0, 0, 0, 0, 0, 306648, 2140
317172, 0, 0, 0, 0, 0, 0, 306648, 2140
317172, 0, 0, 0, 0, 0, 0, 306648, 2140
317172, 0, 0, 0, 0, 0, 0, 306648, 2140
317172, 0, 0, 0, 0, 0, 0, 306648, 2140
317172, 0, 0, 0, 0, 0, 0, 306648, 2140
317172, 0, 0, 0, 0, 0, 0, 306648, 2140
317172, 0, 0, 0, 0, 0, 0, 306648, 2140
317172, 0, 0, 0, 0, 0, 0, 306648, 2140
317172, 0, 0, 0, 0, 0, 0, 306648, 2140
317172, 0, 0, 0, 0, 0, 0, 306648, 2140
317172, 0, 0, 0, 0, 0, 0, 306648, 2140
317172, 0, 0, 0, 0, 0, 0, 306648, 2140
317172, 0, 0, 0, 0, 0, 0, 306648, 2140
317172, 0, 0, 0, 0, 0, 0, 306648, 2140
317172, 0, 0, 0, 0, 0, 0, 306648, 2140
317172, 0, 0, 0, 0, 0, 0, 306648, 2140
317172, 0, 0, 0, 0, 0, 0, 306648, 2140
317172, 0, 0, 0, 0, 0, 0, 306648, 2140
317172, 0, 0, 0, 0, 0, 0, 306648, 2140
317172, 0, 0, 0, 0, 0, 0, 306648, 2140
317172, 0, 0, 0, 0, 0, 0, 306648, 2140
317172, 0, 0, 0, 0, 0, 0, 306648, 2140
317172, 0, 0, 0, 0, 0, 0, 306648, 2140
317172, 0, 0, 0, 0, 0, 0, 306648, 2140
317172, 0, 0, 0, 0, 0, 0, 306648, 2140
317172, 0, 0, 0, 0, 0, 0, 306648, 2140
317172, 0, 0, 0, 0, 0, 0, 306648, 2140
317172, 0, 0, 0, 0, 0, 0, 306648, 2140
317172, 0, 0, 0, 0, 0, 0, 306648, 2140
317172, 0, 0, 0, 0, 0, 0, 306648, 2140
317172, 0, 0, 0, 0, 0, 0, 306648, 2140
317172, 0, 0, 0, 0, 0, 0, 306648, 2140
317172, 0, 0, 0, 0, 0, 0, 306648, 2140
317172, 0, 0, 0, 0, 0, 0, 306648, 2140
317172, 0, 0, 0, 0, 0, 0, 306648, 2140
317172, 0, 0, 0, 0, 0, 0, 306648, 2140
317172, 0, 0, 0, 0, 0, 0, 306648, 2140
317172, 0, 0, 0, 0, 0, 0, 306648, 2140
317172, 0, 0, 0, 0, 0, 0, 306648, 2140
317172, 0, 0, 0, 0, 0, 0, 306648, 2140
317172, 0, 0, 0, 0, 0, 0, 306648, 2140
317172, 0, 0, 0, 0, 0, 0, 306648, 2140
317172, 0, 0, 0, 0, 0, 0, 306648, 2140
317172, 0, 0, 0, 0, 0, 0, 306648, 2140
317172, 0, 0, 0, 0, 0, 0, 306648, 2140
317172, 0, 0, 0, 0, 0, 0, 306648, 2140
317172, 0, 0, 0, 0, 0, 0, 306648, 2140
317172, 0, 0, 0, 0, 0, 0, 306648, 2140
317172, 0, 0, 0, 0, 0, 0, 306648, 2140
317172, 0, 0, 0, 0, 0, 0, 306648, 2140
317172, 0, 0, 0, 0, 0, 0, 306648, 2140
317172, 0, 0, 0, 0, 0, 0, 306648, 2140
317172, 0, 0, 0, 0, 0, 0, 306648, 2140
317172, 0, 0, 0, 0, 0, 0, 306648, 2140
317172, 0, 0, 0, 0, 0, 0, 306648, 2140
317172, 0, 0, 0, 0, 0, 0, 306648, 2140
317172, 0, 0, 0, 0, 0, 0, 306648, 2140
317172, 0, 0, 0, 0, 0, 0, 306648, 2140
317172, 0, 0, 0, 0, 0, 0, 306648, 2140
317172, 0, 0, 0, 0, 0, 0, 306648, 2140
317172, 0, 0, 0, 0, 0, 0, 306648, 2140
317172, 0, 0, 0, 0, 0, 0, 306648, 2140
317172, 0, 0, 0, 0, 0, 0, 306648, 2140
317172, 0, 0, 0, 0, 0, 0, 306648, 2140
317172, 0, 0, 0, 0, 0, 0, 306648, 2140
317172, 0, 0, 0, 0, 0, 0, 306648, 2140
317172, 0, 0, 0, 0, 0, 0, 306648, 2140
317172, 0, 0, 0, 0, 0, 0, 306648, 2140
317172, 0, 0, 0, 0, 0, 0, 306648, 2140
317172, 0, 0, 0, 0, 0, 0, 306648, 2140
317172, 0, 0, 0, 0, 0, 0, 306648, 2140
317172, 0, 0, 0, 0, 0, 0, 306648, 2140
317172, 0, 0, 0, 0, 0, 0, 306648, 2140
317172, 0, 0, 0, 0, 0, 0, 306648, 2140
317172, 0, 0, 0, 0, 0, 0, 306648, 2140
317172, 0, 0, 0, 0, 0, 0, 306648, 2140
317172, 0, 0, 0, 0, 0, 0, 306648, 2140
317172, 0, 0, 0, 0, 0, 0, 306648, 2140
317172, 0, 0, 0, 0, 0, 0, 306648, 2140
317172, 0, 0, 0, 0, 0, 0, 306648, 2140
317172, 0, 0, 0, 0, 0, 0, 306648, 2140
317172, 0, 0, 0, 0, 0, 0, 306648, 2140
317172, 0, 0, 0, 0, 0, 0, 306648, 2140
317172, 0, 0, 0, 0, 0, 0, 306648, 2140
317172, 0, 0, 0, 0, 0, 0, 306648, 2140
317172, 0, 0, 0, 0, 0, 0, 306648, 2140
317172, 0, 0, 0, 0, 0, 0, 306648, 2140
317172, 0, 0, 0, 0, 0, 0, 306648, 2140
317172, 0, 0, 0, 0, 0, 0, 306648, 2140
317172, 0, 0, 0, 0, 0, 0, 306648, 2140
317172, 0, 0, 0, 0, 0, 0, 306648, 2140
317172, 0, 0, 0, 0, 0, 0, 306648, 2140
317172, 0, 0, 0, 0, 0, 0, 306648, 2140
317172, 0, 0, 0, 0, 0, 0, 306648, 2140
317172, 0, 0, 0, 0, 0, 0, 306648, 2140
317172, 0, 0, 0, 0, 0, 0, 306648, 2140
317172, 0, 0, 0, 0, 0, 0, 306648, 2140
317172, 0, 0, 0, 0, 0, 0, 306648, 2140
317172, 0, 0, 0, 0, 0, 0, 306648, 2140
317172, 0, 0, 0, 0, 0, 0, 306648, 2140
317172, 0, 0, 0, 0, 0, 0, 306648, 2140
317172, 0, 0, 0, 0, 0, 0, 306648, 2140
317172, 0, 0, 0, 0, 0, 0, 306648, 2140
317172, 0, 0, 0, 0, 0, 0, 306648, 2140
317172, 0, 0, 0, 0, 0, 0, 306648, 2140
317172, 0, 0, 0, 0, 0, 0, 306648, 2140
317172, 0, 0, 0, 0, 0, 0, 306648, 2140
317172, 0, 0, 0, 0, 0, 0, 306648, 2140
317172, 0, 0, 0, 0, 0, 0, 306648, 2140
317172, 0, 0, 0, 0, 0, 0, 306648, 2140
317172, 0, 0, 0, 0, 0, 0, 306648, 2140
317172, 0, 0, 0, 0, 0, 0, 306648, 2140
317172, 0, 0, 0, 0, 0, 0, 306648, 2140
317172, 0, 0, 0, 0, 0, 0, 306648, 2140
317172, 0, 0, 0, 0, 0, 0, 306648, 2140
317172, 0, 0, 0, 0, 0, 0, 306648, 2140
317172, 0, 0, 0, 0, 0, 0, 306648, 2140
317172, 0, 0, 0, 0, 0, 0, 306648, 2140
317172, 0, 0, 0, 0, 0, 0, 306648, 2140
317172, 0, 0, 0, 0, 0, 0, 306648, 2140
317172, 0, 0, 0, 0, 0, 0, 306648, 2140
317172, 0, 0, 0, 0, 0, 0, 306648, 2140
317172, 0, 0, 0, 0, 0, 0, 306648, 2140
317172, 0, 0, 0, 0, 0, 0, 306648, 2140
317172, 0, 0, 0, 0, 0, 0, 306648, 2140
317172, 0, 0, 0, 0, 0, 0, 306648, 2140
317172, 0, 0, 0, 0, 0, 0, 306648, 2140
317172, 0, 0, 0, 0, 0, 0, 306648, 2140
317172, 0, 0, 0, 0, 0, 0, 306648, 2140
317172, 0, 0, 0, 0, 0, 0, 306648, 2140
317172, 0, 0, 0, 0, 0, 0, 306648, 2140
317172, 0, 0, 0, 0, 0, 0, 306648, 2140
317172, 0, 0, 0, 0, 0, 0, 306648, 2140
317172, 0, 0, 0, 0, 0, 0, 306648, 2140
317172, 0, 0, 0, 0, 0, 0, 306648, 2140
317172, 0, 0, 0, 0, 0, 0, 306648, 2140
317172, 0, 0, 0, 0, 0, 0, 306648, 2140
317172, 0, 0, 0, 0, 0, 0, 306648, 2140
317172, 0, 0, 0, 0, 0, 0, 306648, 2140
317172, 0, 0, 0, 0, 0, 0, 306648, 2140
317172, 0, 0, 0, 0, 0, 0, 306648, 2140
317172, 0, 0, 0, 0, 0, 0, 306648, 2140
317172, 0, 0, 0, 0, 0, 0, 306648, 2140
317172, 0, 0, 0, 0, 0, 0, 306648, 2140
317172, 0, 0, 0, 0, 0, 0, 306648, 2140
317172, 0, 0, 0, 0, 0, 0, 306648, 2140
317172, 0, 0, 0, 0, 0, 0, 306648, 2140
317172, 0, 0, 0, 0, 0, 0, 306648, 2140
317172, 0, 0, 0, 0, 0, 0, 306648, 2140
317172, 0, 0, 0, 0, 0, 0, 306648, 2140
317172, 0, 0, 0, 0, 0, 0, 306648, 2140
317172, 0, 0, 0, 0, 0, 0, 306648, 2140
317172, 0, 0, 0, 0, 0, 0, 306648, 2140
317172, 0, 0, 0, 0, 0, 0, 306648, 2140
317172, 0, 0, 0, 0, 0, 0, 306648, 2140
317172, 0, 0, 0, 0, 0, 0, 306648, 2140
317172, 0, 0, 0, 0, 0, 0, 306648, 2140
317172, 0, 0, 0, 0, 0, 0, 306648, 2140
317172, 0, 0, 0, 0, 0, 0, 306648, 2140
317172, 0, 0, 0, 0, 0, 0, 306648, 2140
317172, 0, 0, 0, 0, 0, 0, 306648, 2140
317172, 0, 0, 0, 0, 0, 0, 306648, 2140
317172, 0, 0, 0, 0, 0, 0, 306648, 2140
317172, 0, 0, 0, 0, 0, 0, 306648, 2140
317172, 0, 0, 0, 0, 0, 0, 306648, 2140
317172, 0, 0, 0, 0, 0, 0, 306648, 2140
317172, 0, 0, 0, 0, 0, 0, 306648, 2140
317172, 0, 0, 0, 0, 0, 0, 306648, 2140
317172, 0, 0, 0, 0, 0, 0, 306648, 2140
317172, 0, 0, 0, 0, 0, 0, 306648, 2140
317172, 0, 0, 0, 0, 0, 0, 306648, 2140
317172, 0, 0, 0, 0, 0, 0, 306648, 2140
317172, 0, 0, 0, 0, 0, 0, 306648, 2140
317172, 0, 0, 0, 0, 0, 0, 306648, 2140
317172, 0, 0, 0, 0, 0, 0, 306648, 2140
317172, 0, 0, 0, 0, 0, 0, 306648, 2140
317172, 0, 0, 0, 0, 0, 0, 306648, 2140
317172, 0, 0, 0, 0, 0, 0, 306648, 2140
317172, 0, 0, 0, 0, 0, 0, 306648, 2140
317172, 0, 0, 0, 0, 0, 0, 306648, 2140
317172, 0, 0, 0, 0, 0, 0, 306648, 2140
317172, 0, 0, 0, 0, 0, 0, 306648, 2140
317172, 0, 0, 0, 0, 0, 0, 306648, 2140
317172, 0, 0, 0, 0, 0, 0, 306648, 2140
317172, 0, 0, 0, 0, 0, 0, 306648, 2140
317172, 0, 0, 0, 0, 0, 0, 306648, 2140
317172, 0, 0, 0, 0, 0, 0, 306648, 2140
317172, 0, 0, 0, 0, 0, 0, 306648, 2140
317172, 0, 0, 0, 0, 0, 0, 306648, 2140
317172, 0, 0, 0, 0, 0, 0, 306648, 2140
317172, 0, 0, 0, 0, 0, 0, 306648, 2140
317172, 0, 0, 0, 0, 0, 0, 306648, 2140
317172, 0, 0, 0, 0, 0, 0, 306648, 2140
317172, 0, 0, 0, 0, 0, 0, 306648, 2140
317172, 0, 0, 0, 0, 0, 0, 306648, 2140
317172, 0, 0, 0, 0, 0, 0, 306648, 2140
317172, 0, 0, 0, 0, 0, 0, 306648, 2140
317172, 0, 0, 0, 0, 0, 0, 306648, 2140
317172, 0, 0, 0, 0, 0, 0, 306648, 2140
317172, 0, 0, 0, 0, 0, 0, 306648, 2140
317172, 0, 0, 0, 0, 0, 0, 306648, 2140
317172, 0, 0, 0, 0, 0, 0, 306648, 2140
317172, 0, 0, 0, 0, 0, 0, 306648, 2140
317172, 0, 0, 0, 0, 0, 0, 306648, 2140
317172, 0, 0, 0, 0, 0, 0, 306648, 2140
317172, 0, 0, 0, 0, 0, 0, 306648, 2140
317172, 0, 0, 0, 0, 0, 0, 306648, 2140
317172, 0, 0, 0, 0, 0, 0, 306648, 2140
317172, 0, 0, 0, 0, 0, 0, 306648, 2140
317172, 0, 0, 0, 0, 0, 0, 306648, 2140
317172, 0, 0, 0, 0, 0, 0, 306648, 2140
317172, 0, 0, 0, 0, 0, 0, 306648, 2140
317172, 0, 0, 0, 0, 0, 0, 306648, 2140
317172, 0, 0, 0, 0, 0, 0, 306648, 2140
317172, 0, 0, 0, 0, 0, 0, 306648, 2140
317172, 0, 0, 0, 0, 0, 0, 306648, 2140
317172, 0, 0, 0, 0, 0, 0, 306648, 2140
317172, 0, 0, 0, 0, 0, 0, 306648, 2140
317172, 0, 0, 0, 0, 0, 0, 306648, 2140
317172, 0, 0, 0, 0, 0, 0, 306648, 2140
317172, 0, 0, 0, 0, 0, 0, 306648, 2140
317172, 0, 0, 0, 0, 0, 0, 306648, 2140
317172, 0, 0, 0, 0, 0, 0, 306648, 2140
317172, 0, 0, 0, 0, 0, 0, 306648, 2140
317172, 0, 0, 0, 0, 0, 0, 306648, 2140
317172, 0, 0, 0, 0, 0, 0, 306648, 2140
317172, 0, 0, 0, 0, 0, 0, 306648, 2140
317172, 0, 0, 0, 0, 0, 0, 306648, 2140
317172, 0, 0, 0, 0, 0, 0, 306648, 2140
317172, 0, 0, 0, 0, 0, 0, 306648, 2140
317172, 0, 0, 0, 0, 0, 0, 306648, 2140
317172, 0, 0, 0, 0, 0, 0, 306648, 2140
317172, 0, 0, 0, 0, 0, 0, 306648, 2140
317172, 0, 0, 0, 0, 0, 0, 306648, 2140
317172, 0, 0, 0, 0, 0, 0, 306648, 2140
317172, 0, 0, 0, 0, 0, 0, 306648, 2140
317172, 0, 0, 0, 0, 0, 0, 306648, 2140
317172, 0, 0, 0, 0, 0, 0, 306648, 2140
317172, 0, 0, 0, 0, 0, 0, 306648, 2140
317172, 0, 0, 0, 0, 0, 0, 306648, 2140
317172, 0, 0, 0, 0, 0, 0, 306648, 2140
317172, 0, 0, 0, 0, 0, 0, 306648, 2140
317172, 0, 0, 0, 0, 0, 0, 306648, 2140
317172, 0, 0, 0, 0, 0, 0, 306648, 2140
317172, 0, 0, 0, 0, 0, 0, 306648, 2140
317172, 0, 0, 0, 0, 0, 0, 306648, 2140
317172, 0, 0, 0, 0, 0, 0, 306648, 2140
317172, 0, 0, 0, 0, 0, 0, 306648, 2140
317172, 0, 0, 0, 0, 0, 0, 306648, 2140
317172, 0, 0, 0, 0, 0, 0, 306648, 2140
317172, 0, 0, 0, 0, 0, 0, 306648, 2140
317172, 0, 0, 0, 0, 0, 0, 306648, 2140
317172, 0, 0, 0, 0, 0, 0, 306648, 2140
317172, 0, 0, 0, 0, 0, 0, 306648, 2140
317172, 0, 0, 0, 0, 0, 0, 306648, 2140
317172, 0, 0, 0, 0, 0, 0, 306648, 2140
317172, 0, 0, 0, 0, 0, 0, 306648, 2140
317172, 0, 0, 0, 0, 0, 0, 306648, 2140
317172, 0, 0, 0, 0, 0, 0, 306648, 2140
317172, 0, 0, 0, 0, 0, 0, 306648, 2140
317172, 0, 0, 0, 0, 0, 0, 306648, 2140
317172, 0, 0, 0, 0, 0, 0, 306648, 2140
317172, 0, 0, 0, 0, 0, 0, 306648, 2140
317172, 0, 0, 0, 0, 0, 0, 306648, 2140
317172, 0, 0, 0, 0, 0, 0, 306648, 2140
317172, 0, 0, 0, 0, 0, 0, 306648, 2140
317172, 0, 0, 0, 0, 0, 0, 306648, 2140
317172, 0, 0, 0, 0, 0, 0, 306648, 2140
317172, 0, 0, 0, 0, 0, 0, 306648, 2140
317172, 0, 0, 0, 0, 0, 0, 306648, 2140
317172, 0, 0, 0, 0, 0, 0, 306648, 2140
317172, 0, 0, 0, 0, 0, 0, 306648, 2140
317172, 0, 0, 0, 0, 0, 0, 306648, 2140
317172, 0, 0, 0, 0, 0, 0, 306648, 2140
317172, 0, 0, 0, 0, 0, 0, 306648, 2140
317172, 0, 0, 0, 0, 0, 0, 306648, 2140
317172, 0, 0, 0, 0, 0, 0, 306648, 2140
317172, 0, 0, 0, 0, 0, 0, 306648, 2140
317172, 0, 0, 0, 0, 0, 0, 306648, 2140
317172, 0, 0, 0, 0, 0, 0, 306648, 2140
317172, 0, 0, 0, 0, 0, 0, 306648, 2140
317172, 0, 0, 0, 0, 0, 0, 306648, 2140
317172, 0, 0, 0, 0, 0, 0, 306648, 2140
317172, 0, 0, 0, 0, 0, 0, 306648, 2140
317172, 0, 0, 0, 0, 0, 0, 306648, 2140
317172, 0, 0, 0, 0, 0, 0, 306648, 2140
317172, 0, 0, 0, 0, 0, 0, 306648, 2140
317172, 0, 0, 0, 0, 0, 0, 306648, 2140
317172, 0, 0, 0, 0, 0, 0, 306648, 2140
317172, 0, 0, 0, 0, 0, 0, 306648, 2140
317172, 0, 0, 0, 0, 0, 0, 306648, 2140
317172, 0, 0, 0, 0, 0, 0, 306648, 2140
317172, 0, 0, 0, 0, 0, 0, 306648, 2140
317172, 0, 0, 0, 0, 0, 0, 306648, 2140
317172, 0, 0, 0, 0, 0, 0, 306648, 2140
317172, 0, 0, 0, 0, 0, 0, 306648, 2140
317172, 0, 0, 0, 0, 0, 0, 306648, 2140
317172, 0, 0, 0, 0, 0, 0, 306648, 2140
317172, 0, 0, 0, 0, 0, 0, 306648, 2140
317172, 0, 0, 0, 0, 0, 0, 306648, 2140
317172, 0, 0, 0, 0, 0, 0, 306648, 2140
317172, 0, 0, 0, 0, 0, 0, 306648, 2140
317172, 0, 0, 0, 0, 0, 0, 306648, 2140
317172, 0, 0, 0, 0, 0, 0, 306648, 2140
317172, 0, 0, 0, 0, 0, 0, 306648, 2140
317172, 0, 0, 0, 0, 0, 0, 306648, 2140
317172, 0, 0, 0, 0, 0, 0, 306648, 2140
317172, 0, 0, 0, 0, 0, 0, 306648, 2140
317172, 0, 0, 0, 0, 0, 0, 306648, 2140
317172, 0, 0, 0, 0, 0, 0, 306648, 2140
317172, 0, 0, 0, 0, 0, 0, 306648, 2140
317172, 0, 0, 0, 0, 0, 0, 306648, 2140
317172, 0, 0, 0, 0, 0, 0, 306648, 2140
317172, 0, 0, 0, 0, 0, 0, 306648, 2140
317172, 0, 0, 0, 0, 0, 0, 306648, 2140
317172, 0, 0, 0, 0, 0, 0, 306648, 2140
317172, 0, 0, 0, 0, 0, 0, 306648, 2140
317172, 0, 0, 0, 0, 0, 0, 306648, 2140
317172, 0, 0, 0, 0, 0, 0, 306648, 2140
317172, 0, 0, 0, 0, 0, 0, 306648, 2140
317172, 0, 0, 0, 0, 0, 0, 306648, 2140
317172, 0, 0, 0, 0, 0, 0, 306648, 2140
317172, 0, 0, 0, 0, 0, 0, 306648, 2140
317172, 0, 0, 0, 0, 0, 0, 306648, 2140
317172, 0, 0, 0, 0, 0, 0, 306648, 2140
317172, 0, 0, 0, 0, 0, 0, 306648, 2140
317172, 0, 0, 0, 0, 0, 0, 306648, 2140
317172, 0, 0, 0, 0, 0, 0, 306648, 2140
317172, 0, 0, 0, 0, 0, 0, 306648, 2140
317172, 0, 0, 0, 0, 0, 0, 306648, 2140
317172, 0, 0, 0, 0, 0, 0, 306648, 2140
317172, 0, 0, 0, 0, 0, 0, 306648, 2140
317172, 0, 0, 0, 0, 0, 0, 306648, 2140
317172, 0, 0, 0, 0, 0, 0, 306648, 2140
317172, 0, 0, 0, 0, 0, 0, 306648, 2140
317172, 0, 0, 0, 0, 0, 0, 306648, 2140
317172, 0, 0, 0, 0, 0, 0, 306648, 2140
317172, 0, 0, 0, 0, 0, 0, 306648, 2140
317172, 0, 0, 0, 0, 0, 0, 306648, 2140
317172, 0, 0, 0, 0, 0, 0, 306648, 2140
317172, 0, 0, 0, 0, 0, 0, 306648, 2140
317172, 0, 0, 0, 0, 0, 0, 306648, 2140
317172, 0, 0, 0, 0, 0, 0, 306648, 2140
317172, 0, 0, 0, 0, 0, 0, 306648, 2140
317172, 0, 0, 0, 0, 0, 0, 306648, 2140
317172, 0, 0, 0, 0, 0, 0, 306648, 2140
317172, 0, 0, 0, 0, 0, 0, 306648, 2140
317172, 0, 0, 0, 0, 0, 0, 306648, 2140
317172, 0, 0, 0, 0, 0, 0, 306648, 2140
317172, 0, 0, 0, 0, 0, 0, 306648, 2140
317172, 0, 0, 0, 0, 0, 0, 306648, 2140
317172, 0, 0, 0, 0, 0, 0, 306648, 2140
317172, 0, 0, 0, 0, 0, 0, 306648, 2140
317172, 0, 0, 0, 0, 0, 0, 306648, 2140
317172, 0, 0, 0, 0, 0, 0, 306648, 2140
317172, 0, 0, 0, 0, 0, 0, 306648, 2140
317172, 0, 0, 0, 0, 0, 0, 306648, 2140
317172, 0, 0, 0, 0, 0, 0, 306648, 2140
317172, 0, 0, 0, 0, 0, 0, 306648, 2140
317172, 0, 0, 0, 0, 0, 0, 306648, 2140
317172, 0, 0, 0, 0, 0, 0, 306648, 2140
317172, 0, 0, 0, 0, 0, 0, 306648, 2140
317172, 0, 0, 0, 0, 0, 0, 306648, 2140
317172, 0, 0, 0, 0, 0, 0, 306648, 2140
317172, 0, 0, 0, 0, 0, 0, 306648, 2140
317172, 0, 0, 0, 0, 0, 0, 306648, 2140
317172, 0, 0, 0, 0, 0, 0, 306648, 2140
317172, 0, 0, 0, 0, 0, 0, 306648, 2140
317172, 0, 0, 0, 0, 0, 0, 306648, 2140
317172, 0, 0, 0, 0, 0, 0, 306648, 2140
317172, 0, 0, 0, 0, 0, 0, 306648, 2140
317172, 0, 0, 0, 0, 0, 0, 306648, 2140
317172, 0, 0, 0, 0, 0, 0, 306648, 2140
317172, 0, 0, 0, 0, 0, 0, 306648, 2140
317172, 0, 0, 0, 0, 0, 0, 306648, 2140
317172, 0, 0, 0, 0, 0, 0, 306648, 2140
317172, 0, 0, 0, 0, 0, 0, 306648, 2140
317172, 0, 0, 0, 0, 0, 0, 306648, 2140
317172, 0, 0, 0, 0, 0, 0, 306648, 2140
317172, 0, 0, 0, 0, 0, 0, 306648, 2140
317172, 0, 0, 0, 0, 0, 0, 306648, 2140
317172, 0, 0, 0, 0, 0, 0, 306648, 2140
317172, 0, 0, 0, 0, 0, 0, 306648, 2140
317172, 0, 0, 0, 0, 0, 0, 306648, 2140
317172, 0, 0, 0, 0, 0, 0, 306648, 2140
317172, 0, 0, 0, 0, 0, 0, 306648, 2140
317172, 0, 0, 0, 0, 0, 0, 306648, 2140
317172, 0, 0, 0, 0, 0, 0, 306648, 2140
317172, 0, 0, 0, 0, 0, 0, 306648, 2140
317172, 0, 0, 0, 0, 0, 0, 306648, 2140
317172, 0, 0, 0, 0, 0, 0, 306648, 2140
317172, 0, 0, 0, 0, 0, 0, 306648, 2140
317172, 0, 0, 0, 0, 0, 0, 306648, 2140
317172, 0, 0, 0, 0, 0, 0, 306648, 2140
317172, 0, 0, 0, 0, 0, 0, 306648, 2140
317172, 0, 0, 0, 0, 0, 0, 306648, 2140
317172, 0, 0, 0, 0, 0, 0, 306648, 2140
317172, 0, 0, 0, 0, 0, 0, 306648, 2140
317172, 0, 0, 0, 0, 0, 0, 306648, 2140
317172, 0, 0, 0, 0, 0, 0, 306648, 2140
317172, 0, 0, 0, 0, 0, 0, 306648, 2140
317172, 0, 0, 0, 0, 0, 0, 306648, 2140
317172, 0, 0, 0, 0, 0, 0, 306648, 2140
317172, 0, 0, 0, 0, 0, 0, 306648, 2140
317172, 0, 0, 0, 0, 0, 0, 306648, 2140
317172, 0, 0, 0, 0, 0, 0, 306648, 2140
317172, 0, 0, 0, 0, 0, 0, 306648, 2140
317172, 0, 0, 0, 0, 0, 0, 306648, 2140
317172, 0, 0, 0, 0, 0, 0, 306648, 2140
317172, 0, 0, 0, 0, 0, 0, 306648, 2140
317172, 0, 0, 0, 0, 0, 0, 306648, 2140
317172, 0, 0, 0, 0, 0, 0, 306648, 2140
317172, 0, 0, 0, 0, 0, 0, 306648, 2140
317172, 0, 0, 0, 0, 0, 0, 306648, 2140
317172, 0, 0, 0, 0, 0, 0, 306648, 2140
317172, 0, 0, 0, 0, 0, 0, 306648, 2140
317172, 0, 0, 0, 0, 0, 0, 306648, 2140
317172, 0, 0, 0, 0, 0, 0, 306648, 2140
317172, 0, 0, 0, 0, 0, 0, 306648, 2140
317172, 0, 0, 0, 0, 0, 0, 306648, 2140
317172, 0, 0, 0, 0, 0, 0, 306648, 2140
317172, 0, 0, 0, 0, 0, 0, 306648, 2140
317172, 0, 0, 0, 0, 0, 0, 306648, 2140
317172, 0, 0, 0, 0, 0, 0, 306648, 2140
317172, 0, 0, 0, 0, 0, 0, 306648, 2140
317172, 0, 0, 0, 0, 0, 0, 306648, 2140
317172, 0, 0, 0, 0, 0, 0, 306648, 2140
317172, 0, 0, 0, 0, 0, 0, 306648, 2140
317172, 0, 0, 0, 0, 0, 0, 306648, 2140
317172, 0, 0, 0, 0, 0, 0, 306648, 2140
317172, 0, 0, 0, 0, 0, 0, 306648, 2140
317172, 0, 0, 0, 0, 0, 0, 306648, 2140
317172, 0, 0, 0, 0, 0, 0, 306648, 2140
317172, 0, 0, 0, 0, 0, 0, 306648, 2140
317172, 0, 0, 0, 0, 0, 0, 306648, 2140
317172, 0, 0, 0, 0, 0, 0, 306648, 2140
317172, 0, 0, 0, 0, 0, 0, 306648, 2140
317172, 0, 0, 0, 0, 0, 0, 306648, 2140
317172, 0, 0, 0, 0, 0, 0, 306648, 2140
317172, 0, 0, 0, 0, 0, 0, 306648, 2140
317172, 0, 0, 0, 0, 0, 0, 306648, 2140
317172, 0, 0, 0, 0, 0, 0, 306648, 2140
317172, 0, 0, 0, 0, 0, 0, 306648, 2140
317172, 0, 0, 0, 0, 0, 0, 306648, 2140
317172, 0, 0, 0, 0, 0, 0, 306648, 2140
317172, 0, 0, 0, 0, 0, 0, 306648, 2140
317172, 0, 0, 0, 0, 0, 0, 306648, 2140
317172, 0, 0, 0, 0, 0, 0, 306648, 2140
317172, 0, 0, 0, 0, 0, 0, 306648, 2140
317172, 0, 0, 0, 0, 0, 0, 306648, 2140
317172, 0, 0, 0, 0, 0, 0, 306648, 2140
317172, 0, 0, 0, 0, 0, 0, 306648, 2140
317172, 0, 0, 0, 0, 0, 0, 306648, 2140
317172, 0, 0, 0, 0, 0, 0, 306648, 2140
317172, 0, 0, 0, 0, 0, 0, 306648, 2140
317172, 0, 0, 0, 0, 0, 0, 306648, 2140
317172, 0, 0, 0, 0, 0, 0, 306648, 2140
317172, 0, 0, 0, 0, 0, 0, 306648, 2140
317172, 0, 0, 0, 0, 0, 0, 306648, 2140
317172, 0, 0, 0, 0, 0, 0, 306648, 2140
317172, 0, 0, 0, 0, 0, 0, 306648, 2140
317172, 0, 0, 0, 0, 0, 0, 306648, 2140
317172, 0, 0, 0, 0, 0, 0, 306648, 2140
317172, 0, 0, 0, 0, 0, 0, 306648, 2140
317172, 0, 0, 0, 0, 0, 0, 306648, 2140
317172, 0, 0, 0, 0, 0, 0, 306648, 2140
317172, 0, 0, 0, 0, 0, 0, 306648, 2140
317172, 0, 0, 0, 0, 0, 0, 306648, 2140
317172, 0, 0, 0, 0, 0, 0, 306648, 2140
317172, 0, 0, 0, 0, 0, 0, 306648, 2140
317172, 0, 0, 0, 0, 0, 0, 306648, 2140
317172, 0, 0, 0, 0, 0, 0, 306648, 2140
317172, 0, 0, 0, 0, 0, 0, 306648, 2140
317172, 0, 0, 0, 0, 0, 0, 306648, 2140
317172, 0, 0, 0, 0, 0, 0, 306648, 2140
317172, 0, 0, 0, 0, 0, 0, 306648, 2140
317172, 0, 0, 0, 0, 0, 0, 306648, 2140
317172, 0, 0, 0, 0, 0, 0, 306648, 2140
317172, 0, 0, 0, 0, 0, 0, 306648, 2140
317172, 0, 0, 0, 0, 0, 0, 306648, 2140
317172, 0, 0, 0, 0, 0, 0, 306648, 2140
317172, 0, 0, 0, 0, 0, 0, 306648, 2140
317172, 0, 0, 0, 0, 0, 0, 306648, 2140
317172, 0, 0, 0, 0, 0, 0, 306648, 2140
317172, 0, 0, 0, 0, 0, 0, 306648, 2140
317172, 0, 0, 0, 0, 0, 0, 306648, 2140
317172, 0, 0, 0, 0, 0, 0, 306648, 2140
317172, 0, 0, 0, 0, 0, 0, 306648, 2140
317172, 0, 0, 0, 0, 0, 0, 306648, 2140
317172, 0, 0, 0, 0, 0, 0, 306648, 2140
317172, 0, 0, 0, 0, 0, 0, 306648, 2140
317172, 0, 0, 0, 0, 0, 0, 306648, 2140
317172, 0, 0, 0, 0, 0, 0, 306648, 2140
317172, 0, 0, 0, 0, 0, 0, 306648, 2140
317172, 0, 0, 0, 0, 0, 0, 306648, 2140
317172, 0, 0, 0, 0, 0, 0, 306648, 2140
317172, 0, 0, 0, 0, 0, 0, 306648, 2140
317172, 0, 0, 0, 0, 0, 0, 306648, 2140
317172, 0, 0, 0, 0, 0, 0, 306648, 2140
317172, 0, 0, 0, 0, 0, 0, 306648, 2140
317172, 0, 0, 0, 0, 0, 0, 306648, 2140
317172, 0, 0, 0, 0, 0, 0, 306648, 2140
317172, 0, 0, 0, 0, 0, 0, 306648, 2140
317172, 0, 0, 0, 0, 0, 0, 306648, 2140
317172, 0, 0, 0, 0, 0, 0, 306648, 2140
317172, 0, 0, 0, 0, 0, 0, 306648, 2140
317172, 0, 0, 0, 0, 0, 0, 306648, 2140
317172, 0, 0, 0, 0, 0, 0, 306648, 2140
317172, 0, 0, 0, 0, 0, 0, 306648, 2140
317172, 0, 0, 0, 0, 0, 0, 306648, 2140
317172, 0, 0, 0, 0, 0, 0, 306648, 2140
317172, 0, 0, 0, 0, 0, 0, 306648, 2140
317172, 0, 0, 0, 0, 0, 0, 306648, 2140
317172, 0, 0, 0, 0, 0, 0, 306648, 2140
317172, 0, 0, 0, 0, 0, 0, 306648, 2140
317172, 0, 0, 0, 0, 0, 0, 306648, 2140
317172, 0, 0, 0, 0, 0, 0, 306648, 2140
317172, 0, 0, 0, 0, 0, 0, 306648, 2140
317172, 0, 0, 0, 0, 0, 0, 306648, 2140
317172, 0, 0, 0, 0, 0, 0, 306648, 2140
317172, 0, 0, 0, 0, 0, 0, 306648, 2140
317172, 0, 0, 0, 0, 0, 0, 306648, 2140
317172, 0, 0, 0, 0, 0, 0, 306648, 2140
317172, 0, 0, 0, 0, 0, 0, 306648, 2140
317172, 0, 0, 0, 0, 0, 0, 306648, 2140
317172, 0, 0, 0, 0, 0, 0, 306648, 2140
317172, 0, 0, 0, 0, 0, 0, 306648, 2140
317172, 0, 0, 0, 0, 0, 0, 306648, 2140
317172, 0, 0, 0, 0, 0, 0, 306648, 2140
317172, 0, 0, 0, 0, 0, 0, 306648, 2140
317172, 0, 0, 0, 0, 0, 0, 306648, 2140
317172, 0, 0, 0, 0, 0, 0, 306648, 2140
317172, 0, 0, 0, 0, 0, 0, 306648, 2140
317172, 0, 0, 0, 0, 0, 0, 306648, 2140
317172, 0, 0, 0, 0, 0, 0, 306648, 2140
317172, 0, 0, 0, 0, 0, 0, 306648, 2140
317172, 0, 0, 0, 0, 0, 0, 306648, 2140
317172, 0, 0, 0, 0, 0, 0, 306648, 2140
317172, 0, 0, 0, 0, 0, 0, 306648, 2140
317172, 0, 0, 0, 0, 0, 0, 306648, 2140
317172, 0, 0, 0, 0, 0, 0, 306648, 2140
317172, 0, 0, 0, 0, 0, 0, 306648, 2140
317172, 0, 0, 0, 0, 0, 0, 306648, 2140
317172, 0, 0, 0, 0, 0, 0, 306648, 2140
317172, 0, 0, 0, 0, 0, 0, 306648, 2140
317172, 0, 0, 0, 0, 0, 0, 306648, 2140
317172, 0, 0, 0, 0, 0, 0, 306648, 2140
317172, 0, 0, 0, 0, 0, 0, 306648, 2140
317172, 0, 0, 0, 0, 0, 0, 306648, 2140
317172, 0, 0, 0, 0, 0, 0, 306648, 2140
317172, 0, 0, 0, 0, 0, 0, 306648, 2140
317172, 0, 0, 0, 0, 0, 0, 306648, 2140
317172, 0, 0, 0, 0, 0, 0, 306648, 2140
317172, 0, 0, 0, 0, 0, 0, 306648, 2140
317172, 0, 0, 0, 0, 0, 0, 306648, 2140
317172, 0, 0, 0, 0, 0, 0, 306648, 2140
317172, 0, 0, 0, 0, 0, 0, 306648, 2140
317172, 0, 0, 0, 0, 0, 0, 306648, 2140
317172, 0, 0, 0, 0, 0, 0, 306648, 2140
317172, 0, 0, 0, 0, 0, 0, 306648, 2140
317172, 0, 0, 0, 0, 0, 0, 306648, 2140
317172, 0, 0, 0, 0, 0, 0, 306648, 2140
317172, 0, 0, 0, 0, 0, 0, 306648, 2140
317172, 0, 0, 0, 0, 0, 0, 306648, 2140
317172, 0, 0, 0, 0, 0, 0, 306648, 2140
317172, 0, 0, 0, 0, 0, 0, 306648, 2140
317172, 0, 0, 0, 0, 0, 0, 306648, 2140
317172, 0, 0, 0, 0, 0, 0, 306648, 2140
317172, 0, 0, 0, 0, 0, 0, 306648, 2140
317172, 0, 0, 0, 0, 0, 0, 306648, 2140
317172, 0, 0, 0, 0, 0, 0, 306648, 2140
317172, 0, 0, 0, 0, 0, 0, 306648, 2140
317172, 0, 0, 0, 0, 0, 0, 306648, 2140
317172, 0, 0, 0, 0, 0, 0, 306648, 2140
317172, 0, 0, 0, 0, 0, 0, 306648, 2140
317172, 0, 0, 0, 0, 0, 0, 306648, 2140
317172, 0, 0, 0, 0, 0, 0, 306648, 2140
317172, 0, 0, 0, 0, 0, 0, 306648, 2140
317172, 0, 0, 0, 0, 0, 0, 306648, 2140
317172, 0, 0, 0, 0, 0, 0, 306648, 2140
317172, 0, 0, 0, 0, 0, 0, 306648, 2140
317172, 0, 0, 0, 0, 0, 0, 306648, 2140
317172, 0, 0, 0, 0, 0, 0, 306648, 2140
317172, 0, 0, 0, 0, 0, 0, 306648, 2140
317172, 0, 0, 0, 0, 0, 0, 306648, 2140
317172, 0, 0, 0, 0, 0, 0, 306648, 2140
317172, 0, 0, 0, 0, 0, 0, 306648, 2140
317172, 0, 0, 0, 0, 0, 0, 306648, 2140
317172, 0, 0, 0, 0, 0, 0, 306648, 2140
317172, 0, 0, 0, 0, 0, 0, 306648, 2140
317172, 0, 0, 0, 0, 0, 0, 306648, 2140
317172, 0, 0, 0, 0, 0, 0, 306648, 2140
317172, 0, 0, 0, 0, 0, 0, 306648, 2140
317172, 0, 0, 0, 0, 0, 0, 306648, 2140
317172, 0, 0, 0, 0, 0, 0, 306648, 2140
317172, 0, 0, 0, 0, 0, 0, 306648, 2140
317172, 0, 0, 0, 0, 0, 0, 306648, 2140
317172, 0, 0, 0, 0, 0, 0, 306648, 2140
317172, 0, 0, 0, 0, 0, 0, 306648, 2140
317172, 0, 0, 0, 0, 0, 0, 306648, 2140
317172, 0, 0, 0, 0, 0, 0, 306648, 2140
317172, 0, 0, 0, 0, 0, 0, 306648, 2140
317172, 0, 0, 0, 0, 0, 0, 306648, 2140
317172, 0, 0, 0, 0, 0, 0, 306648, 2140
317172, 0, 0, 0, 0, 0, 0, 306648, 2140
317172, 0, 0, 0, 0, 0, 0, 306648, 2140
317172, 0, 0, 0, 0, 0, 0, 306648, 2140
317172, 0, 0, 0, 0, 0, 0, 306648, 2140
317172, 0, 0, 0, 0, 0, 0, 306648, 2140
317172, 0, 0, 0, 0, 0, 0, 306648, 2140
317172, 0, 0, 0, 0, 0, 0, 306648, 2140
317172, 0, 0, 0, 0, 0, 0, 306648, 2140
317172, 0, 0, 0, 0, 0, 0, 306648, 2140
317172, 0, 0, 0, 0, 0, 0, 306648, 2140
317172, 0, 0, 0, 0, 0, 0, 306648, 2140
317172, 0, 0, 0, 0, 0, 0, 306648, 2140
317172, 0, 0, 0, 0, 0, 0, 306648, 2140
317172, 0, 0, 0, 0, 0, 0, 306648, 2140
317172, 0, 0, 0, 0, 0, 0, 306648, 2140
317172, 0, 0, 0, 0, 0, 0, 306648, 2140
317172, 0, 0, 0, 0, 0, 0, 306648, 2140
317172, 0, 0, 0, 0, 0, 0, 306648, 2140
317172, 0, 0, 0, 0, 0, 0, 306648, 2140
317172, 0, 0, 0, 0, 0, 0, 306648, 2140
317172, 0, 0, 0, 0, 0, 0, 306648, 2140
317172, 0, 0, 0, 0, 0, 0, 306648, 2140
317172, 0, 0, 0, 0, 0, 0, 306648, 2140
317172, 0, 0, 0, 0, 0, 0, 306648, 2140
317172, 0, 0, 0, 0, 0, 0, 306648, 2140
317172, 0, 0, 0, 0, 0, 0, 306648, 2140
317172, 0, 0, 0, 0, 0, 0, 306648, 2140
317172, 0, 0, 0, 0, 0, 0, 306648, 2140
317172, 0, 0, 0, 0, 0, 0, 306648, 2140
317172, 0, 0, 0, 0, 0, 0, 306648, 2140
317172, 0, 0, 0, 0, 0, 0, 306648, 2140
317172, 0, 0, 0, 0, 0, 0, 306648, 2140
317172, 0, 0, 0, 0, 0, 0, 306648, 2140
317172, 0, 0, 0, 0, 0, 0, 306648, 2140
317172, 0, 0, 0, 0, 0, 0, 306648, 2140
317172, 0, 0, 0, 0, 0, 0, 306648, 2140
317172, 0, 0, 0, 0, 0, 0, 306648, 2140
317172, 0, 0, 0, 0, 0, 0, 306648, 2140
317172, 0, 0, 0, 0, 0, 0, 306648, 2140
317172, 0, 0, 0, 0, 0, 0, 306648, 2140
317172, 0, 0, 0, 0, 0, 0, 306648, 2140
317172, 0, 0, 0, 0, 0, 0, 306648, 2140
317172, 0, 0, 0, 0, 0, 0, 306648, 2140
317172, 0, 0, 0, 0, 0, 0, 306648, 2140
317172, 0, 0, 0, 0, 0, 0, 306648, 2140
317172, 0, 0, 0, 0, 0, 0, 306648, 2140
317172, 0, 0, 0, 0, 0, 0, 306648, 2140
317172, 0, 0, 0, 0, 0, 0, 306648, 2140
317172, 0, 0, 0, 0, 0, 0, 306648, 2140
317172, 0, 0, 0, 0, 0, 0, 306648, 2140
317172, 0, 0, 0, 0, 0, 0, 306648, 2140
317172, 0, 0, 0, 0, 0, 0, 306648, 2140
317172, 0, 0, 0, 0, 0, 0, 306648, 2140
317172, 0, 0, 0, 0, 0, 0, 306648, 2140
317172, 0, 0, 0, 0, 0, 0, 306648, 2140
317172, 0, 0, 0, 0, 0, 0, 306648, 2140
317172, 0, 0, 0, 0, 0, 0, 306648, 2140
317172, 0, 0, 0, 0, 0, 0, 306648, 2140
317172, 0, 0, 0, 0, 0, 0, 306648, 2140
317172, 0, 0, 0, 0, 0, 0, 306648, 2140
317172, 0, 0, 0, 0, 0, 0, 306648, 2140
317172, 0, 0, 0, 0, 0, 0, 306648, 2140
317172, 0, 0, 0, 0, 0, 0, 306648, 2140
317172, 0, 0, 0, 0, 0, 0, 306648, 2140
317172, 0, 0, 0, 0, 0, 0, 306648, 2140
317172, 0, 0, 0, 0, 0, 0, 306648, 2140
317172, 0, 0, 0, 0, 0, 0, 306648, 2140
317172, 0, 0, 0, 0, 0, 0, 306648, 2140
317172, 0, 0, 0, 0, 0, 0, 306648, 2140
317172, 0, 0, 0, 0, 0, 0, 306648, 2140
317172, 0, 0, 0, 0, 0, 0, 306648, 2140
317172, 0, 0, 0, 0, 0, 0, 306648, 2140
317172, 0, 0, 0, 0, 0, 0, 306648, 2140
317172, 0, 0, 0, 0, 0, 0, 306648, 2140
317172, 0, 0, 0, 0, 0, 0, 306648, 2140
317172, 0, 0, 0, 0, 0, 0, 306648, 2140
317172, 0, 0, 0, 0, 0, 0, 306648, 2140
317172, 0, 0, 0, 0, 0, 0, 306648, 2140
317172, 0, 0, 0, 0, 0, 0, 306648, 2140
317172, 0, 0, 0, 0, 0, 0, 306648, 2140
317172, 0, 0, 0, 0, 0, 0, 306648, 2140
317172, 0, 0, 0, 0, 0, 0, 306648, 2140
317172, 0, 0, 0, 0, 0, 0, 306648, 2140
317172, 0, 0, 0, 0, 0, 0, 306648, 2140
317172, 0, 0, 0, 0, 0, 0, 306648, 2140
317172, 0, 0, 0, 0, 0, 0, 306648, 2140
317172, 0, 0, 0, 0, 0, 0, 306648, 2140
317172, 0, 0, 0, 0, 0, 0, 306648, 2140
317172, 0, 0, 0, 0, 0, 0, 306648, 2140
317172, 0, 0, 0, 0, 0, 0, 306648, 2140
317172, 0, 0, 0, 0, 0, 0, 306648, 2140
317172, 0, 0, 0, 0, 0, 0, 306648, 2140
317172, 0, 0, 0, 0, 0, 0, 306648, 2140
317172, 0, 0, 0, 0, 0, 0, 306648, 2140
317172, 0, 0, 0, 0, 0, 0, 306648, 2140
317172, 0, 0, 0, 0, 0, 0, 306648, 2140
317172, 0, 0, 0, 0, 0, 0, 306648, 2140
317172, 0, 0, 0, 0, 0, 0, 306648, 2140
317172, 0, 0, 0, 0, 0, 0, 306648, 2140
317172, 0, 0, 0, 0, 0, 0, 306648, 2140
317172, 0, 0, 0, 0, 0, 0, 306648, 2140
317172, 0, 0, 0, 0, 0, 0, 306648, 2140
317172, 0, 0, 0, 0, 0, 0, 306648, 2140
317172, 0, 0, 0, 0, 0, 0, 306648, 2140
317172, 0, 0, 0, 0, 0, 0, 306648, 2140
317172, 0, 0, 0, 0, 0, 0, 306648, 2140
317172, 0, 0, 0, 0, 0, 0, 306648, 2140
317172, 0, 0, 0, 0, 0, 0, 306648, 2140
317172, 0, 0, 0, 0, 0, 0, 306648, 2140
317172, 0, 0, 0, 0, 0, 0, 306648, 2140
317172, 0, 0, 0, 0, 0, 0, 306648, 2140
317172, 0, 0, 0, 0, 0, 0, 306648, 2140
317172, 0, 0, 0, 0, 0, 0, 306648, 2140
317172, 0, 0, 0, 0, 0, 0, 306648, 2140
317172, 0, 0, 0, 0, 0, 0, 306648, 2140
317172, 0, 0, 0, 0, 0, 0, 306648, 2140
317172, 0, 0, 0, 0, 0, 0, 306648, 2140
317172, 0, 0, 0, 0, 0, 0, 306648, 2140
317172, 0, 0, 0, 0, 0, 0, 306648, 2140
317172, 0, 0, 0, 0, 0, 0, 306648, 2140
317172, 0, 0, 0, 0, 0, 0, 306648, 2140
317172, 0, 0, 0, 0, 0, 0, 306648, 2140
317172, 0, 0, 0, 0, 0, 0, 306648, 2140
317172, 0, 0, 0, 0, 0, 0, 306648, 2140
317172, 0, 0, 0, 0, 0, 0, 306648, 2140
317172, 0, 0, 0, 0, 0, 0, 306648, 2140
317172, 0, 0, 0, 0, 0, 0, 306648, 2140
317172, 0, 0, 0, 0, 0, 0, 306648, 2140
317172, 0, 0, 0, 0, 0, 0, 306648, 2140
317172, 0, 0, 0, 0, 0, 0, 306648, 2140
317172, 0, 0, 0, 0, 0, 0, 306648, 2140
317172, 0, 0, 0, 0, 0, 0, 306648, 2140
317172, 0, 0, 0, 0, 0, 0, 306648, 2140
317172, 0, 0, 0, 0, 0, 0, 306648, 2140
317172, 0, 0, 0, 0, 0, 0, 306648, 2140
317172, 0, 0, 0, 0, 0, 0, 306648, 2140
317172, 0, 0, 0, 0, 0, 0, 306648, 2140
317172, 0, 0, 0, 0, 0, 0, 306648, 2140
317172, 0, 0, 0, 0, 0, 0, 306648, 2140
317172, 0, 0, 0, 0, 0, 0, 306648, 2140
317172, 0, 0, 0, 0, 0, 0, 306648, 2140
317172, 0, 0, 0, 0, 0, 0, 306648, 2140
317172, 0, 0, 0, 0, 0, 0, 306648, 2140
317172, 0, 0, 0, 0, 0, 0, 306648, 2140
317172, 0, 0, 0, 0, 0, 0, 306648, 2140
317172, 0, 0, 0, 0, 0, 0, 306648, 2140
317172, 0, 0, 0, 0, 0, 0, 306648, 2140
317172, 0, 0, 0, 0, 0, 0, 306648, 2140
317172, 0, 0, 0, 0, 0, 0, 306648, 2140
317172, 0, 0, 0, 0, 0, 0, 306648, 2140
317172, 0, 0, 0, 0, 0, 0, 306648, 2140
317172, 0, 0, 0, 0, 0, 0, 306648, 2140
317172, 0, 0, 0, 0, 0, 0, 306648, 2140
317172, 0, 0, 0, 0, 0, 0, 306648, 2140
317172, 0, 0, 0, 0, 0, 0, 306648, 2140
317172, 0, 0, 0, 0, 0, 0, 306648, 2140
317172, 0, 0, 0, 0, 0, 0, 306648, 2140
317172, 0, 0, 0, 0, 0, 0, 306648, 2140
317172, 0, 0, 0, 0, 0, 0, 306648, 2140
317172, 0, 0, 0, 0, 0, 0, 306648, 2140
317172, 0, 0, 0, 0, 0, 0, 306648, 2140
317172, 0, 0, 0, 0, 0, 0, 306648, 2140
317172, 0, 0, 0, 0, 0, 0, 306648, 2140
317172, 0, 0, 0, 0, 0, 0, 306648, 2140
317172, 0, 0, 0, 0, 0, 0, 306648, 2140
317172, 0, 0, 0, 0, 0, 0, 306648, 2140
317172, 0, 0, 0, 0, 0, 0, 306648, 2140
317172, 0, 0, 0, 0, 0, 0, 306648, 2140
317172, 0, 0, 0, 0, 0, 0, 306648, 2140
317172, 0, 0, 0, 0, 0, 0, 306648, 2140
317172, 0, 0, 0, 0, 0, 0, 306648, 2140
317172, 0, 0, 0, 0, 0, 0, 306648, 2140
317172, 0, 0, 0, 0, 0, 0, 306648, 2140
317172, 0, 0, 0, 0, 0, 0, 306648, 2140
317172, 0, 0, 0, 0, 0, 0, 306648, 2140
317172, 0, 0, 0, 0, 0, 0, 306648, 2140
317172, 0, 0, 0, 0, 0, 0, 306648, 2140
317172, 0, 0, 0, 0, 0, 0, 306648, 2140
317172, 0, 0, 0, 0, 0, 0, 306648, 2140
317172, 0, 0, 0, 0, 0, 0, 306648, 2140
317172, 0, 0, 0, 0, 0, 0, 306648, 2140
317172, 0, 0, 0, 0, 0, 0, 306648, 2140
317172, 0, 0, 0, 0, 0, 0, 306648, 2140
317172, 0, 0, 0, 0, 0, 0, 306648, 2140
317172, 0, 0, 0, 0, 0, 0, 306648, 2140
317172, 0, 0, 0, 0, 0, 0, 306648, 2140
317172, 0, 0, 0, 0, 0, 0, 306648, 2140
317172, 0, 0, 0, 0, 0, 0, 306648, 2140
317172, 0, 0, 0, 0, 0, 0, 306648, 2140
317172, 0, 0, 0, 0, 0, 0, 306648, 2140
317172, 0, 0, 0, 0, 0, 0, 306648, 2140
317172, 0, 0, 0, 0, 0, 0, 306648, 2140
317172, 0, 0, 0, 0, 0, 0, 306648, 2140
317172, 0, 0, 0, 0, 0, 0, 306648, 2140
317172, 0, 0, 0, 0, 0, 0, 306648, 2140
317172, 0, 0, 0, 0, 0, 0, 306648, 2140
317172, 0, 0, 0, 0, 0, 0, 306648, 2140
317172, 0, 0, 0, 0, 0, 0, 306648, 2140
317172, 0, 0, 0, 0, 0, 0, 306648, 2140
317172, 0, 0, 0, 0, 0, 0, 306648, 2140
317172, 0, 0, 0, 0, 0, 0, 306648, 2140
317172, 0, 0, 0, 0, 0, 0, 306648, 2140
317172, 0, 0, 0, 0, 0, 0, 306648, 2140
317172, 0, 0, 0, 0, 0, 0, 306648, 2140
317172, 0, 0, 0, 0, 0, 0, 306648, 2140
317172, 0, 0, 0, 0, 0, 0, 306648, 2140
317172, 0, 0, 0, 0, 0, 0, 306648, 2140
317172, 0, 0, 0, 0, 0, 0, 306648, 2140
317172, 0, 0, 0, 0, 0, 0, 306648, 2140
317172, 0, 0, 0, 0, 0, 0, 306648, 2140
317172, 0, 0, 0, 0, 0, 0, 306648, 2140
317172, 0, 0, 0, 0, 0, 0, 306648, 2140
317172, 0, 0, 0, 0, 0, 0, 306648, 2140
317172, 0, 0, 0, 0, 0, 0, 306648, 2140
317172, 0, 0, 0, 0, 0, 0, 306648, 2140
317172, 0, 0, 0, 0, 0, 0, 306648, 2140
317172, 0, 0, 0, 0, 0, 0, 306648, 2140
317172, 0, 0, 0, 0, 0, 0, 306648, 2140
317172, 0, 0, 0, 0, 0, 0, 306648, 2140
317172, 0, 0, 0, 0, 0, 0, 306648, 2140
317172, 0, 0, 0, 0, 0, 0, 306648, 2140
317172, 0, 0, 0, 0, 0, 0, 306648, 2140
317172, 0, 0, 0, 0, 0, 0, 306648, 2140
317172, 0, 0, 0, 0, 0, 0, 306648, 2140
317172, 0, 0, 0, 0, 0, 0, 306648, 2140
317172, 0, 0, 0, 0, 0, 0, 306648, 2140
317172, 0, 0, 0, 0, 0, 0, 306648, 2140
317172, 0, 0, 0, 0, 0, 0, 306648, 2140
317172, 0, 0, 0, 0, 0, 0, 306648, 2140
317172, 0, 0, 0, 0, 0, 0, 306648, 2140
317172, 0, 0, 0, 0, 0, 0, 306648, 2140
317172, 0, 0, 0, 0, 0, 0, 306648, 2140
317172, 0, 0, 0, 0, 0, 0, 306648, 2140
317172, 0, 0, 0, 0, 0, 0, 306648, 2140
317172, 0, 0, 0, 0, 0, 0, 306648, 2140
317172, 0, 0, 0, 0, 0, 0, 306648, 2140
317172, 0, 0, 0, 0, 0, 0, 306648, 2140
317172, 0, 0, 0, 0, 0, 0, 306648, 2140
317172, 0, 0, 0, 0, 0, 0, 306648, 2140
317172, 0, 0, 0, 0, 0, 0, 306648, 2140
317172, 0, 0, 0, 0, 0, 0, 306648, 2140
317172, 0, 0, 0, 0, 0, 0, 306648, 2140
317172, 0, 0, 0, 0, 0, 0, 306648, 2140
317172, 0, 0, 0, 0, 0, 0, 306648, 2140
317172, 0, 0, 0, 0, 0, 0, 306648, 2140
317172, 0, 0, 0, 0, 0, 0, 306648, 2140
317172, 0, 0, 0, 0, 0, 0, 306648, 2140
317172, 0, 0, 0, 0, 0, 0, 306648, 2140
317172, 0, 0, 0, 0, 0, 0, 306648, 2140
317172, 0, 0, 0, 0, 0, 0, 306648, 2140
317172, 0, 0, 0, 0, 0, 0, 306648, 2140
317172, 0, 0, 0, 0, 0, 0, 306648, 2140
317172, 0, 0, 0, 0, 0, 0, 306648, 2140
317172, 0, 0, 0, 0, 0, 0, 306648, 2140
317172, 0, 0, 0, 0, 0, 0, 306648, 2140
317172, 0, 0, 0, 0, 0, 0, 306648, 2140
317172, 0, 0, 0, 0, 0, 0, 306648, 2140
317172, 0, 0, 0, 0, 0, 0, 306648, 2140
317172, 0, 0, 0, 0, 0, 0, 306648, 2140
317172, 0, 0, 0, 0, 0, 0, 306648, 2140
317172, 0, 0, 0, 0, 0, 0, 306648, 2140
317172, 0, 0, 0, 0, 0, 0, 306648, 2140
317172, 0, 0, 0, 0, 0, 0, 306648, 2140
317172, 0, 0, 0, 0, 0, 0, 306648, 2140
317172, 0, 0, 0, 0, 0, 0, 306648, 2140
317172, 0, 0, 0, 0, 0, 0, 306648, 2140
317172, 0, 0, 0, 0, 0, 0, 306648, 2140
317172, 0, 0, 0, 0, 0, 0, 306648, 2140
317172, 0, 0, 0, 0, 0, 0, 306648, 2140
317172, 0, 0, 0, 0, 0, 0, 306648, 2140
317172, 0, 0, 0, 0, 0, 0, 306648, 2140
317172, 0, 0, 0, 0, 0, 0, 306648, 2140
317172, 0, 0, 0, 0, 0, 0, 306648, 2140
317172, 0, 0, 0, 0, 0, 0, 306648, 2140
317172, 0, 0, 0, 0, 0, 0, 306648, 2140
317172, 0, 0, 0, 0, 0, 0, 306648, 2140
317172, 0, 0, 0, 0, 0, 0, 306648, 2140
317172, 0, 0, 0, 0, 0, 0, 306648, 2140
317172, 0, 0, 0, 0, 0, 0, 306648, 2140
317172, 0, 0, 0, 0, 0, 0, 306648, 2140
317172, 0, 0, 0, 0, 0, 0, 306648, 2140
317172, 0, 0, 0, 0, 0, 0, 306648, 2140
317172, 0, 0, 0, 0, 0, 0, 306648, 2140
317172, 0, 0, 0, 0, 0, 0, 306648, 2140
317172, 0, 0, 0, 0, 0, 0, 306648, 2140
317172, 0, 0, 0, 0, 0, 0, 306648, 2140
317172, 0, 0, 0, 0, 0, 0, 306648, 2140
317172, 0, 0, 0, 0, 0, 0, 306648, 2140
317172, 0, 0, 0, 0, 0, 0, 306648, 2140
317172, 0, 0, 0, 0, 0, 0, 306648, 2140
317172, 0, 0, 0, 0, 0, 0, 306648, 2140
317172, 0, 0, 0, 0, 0, 0, 306648, 2140
317172, 0, 0, 0, 0, 0, 0, 306648, 2140
317172, 0, 0, 0, 0, 0, 0, 306648, 2140
317172, 0, 0, 0, 0, 0, 0, 306648, 2140
317172, 0, 0, 0, 0, 0, 0, 306648, 2140
317172, 0, 0, 0, 0, 0, 0, 306648, 2140
317172, 0, 0, 0, 0, 0, 0, 306648, 2140
317172, 0, 0, 0, 0, 0, 0, 306648, 2140
317172, 0, 0, 0, 0, 0, 0, 306648, 2140
317172, 0, 0, 0, 0, 0, 0, 306648, 2140
317172, 0, 0, 0, 0, 0, 0, 306648, 2140
317172, 0, 0, 0, 0, 0, 0, 306648, 2140
317172, 0, 0, 0, 0, 0, 0, 306648, 2140
317172, 0, 0, 0, 0, 0, 0, 306648, 2140
317172, 0, 0, 0, 0, 0, 0, 306648, 2140
317172, 0, 0, 0, 0, 0, 0, 306648, 2140
317172, 0, 0, 0, 0, 0, 0, 306648, 2140
317172, 0, 0, 0, 0, 0, 0, 306648, 2140
317172, 0, 0, 0, 0, 0, 0, 306648, 2140
317172, 0, 0, 0, 0, 0, 0, 306648, 2140
317172, 0, 0, 0, 0, 0, 0, 306648, 2140
317172, 0, 0, 0, 0, 0, 0, 306648, 2140
317172, 0, 0, 0, 0, 0, 0, 306648, 2140
317172, 0, 0, 0, 0, 0, 0, 306648, 2140
317172, 0, 0, 0, 0, 0, 0, 306648, 2140
317172, 0, 0, 0, 0, 0, 0, 306648, 2140
317172, 0, 0, 0, 0, 0, 0, 306648, 2140
317172, 0, 0, 0, 0, 0, 0, 306648, 2140
317172, 0, 0, 0, 0, 0, 0, 306648, 2140
317172, 0, 0, 0, 0, 0, 0, 306648, 2140
317172, 0, 0, 0, 0, 0, 0, 306648, 2140
317172, 0, 0, 0, 0, 0, 0, 306648, 2140
317172, 0, 0, 0, 0, 0, 0, 306648, 2140
317172, 0, 0, 0, 0, 0, 0, 306648, 2140
317172, 0, 0, 0, 0, 0, 0, 306648, 2140
317172, 0, 0, 0, 0, 0, 0, 306648, 2140
317172, 0, 0, 0, 0, 0, 0, 306648, 2140
317172, 0, 0, 0, 0, 0, 0, 306648, 2140
317172, 0, 0, 0, 0, 0, 0, 306648, 2140
317172, 0, 0, 0, 0, 0, 0, 306648, 2140
317172, 0, 0, 0, 0, 0, 0, 306648, 2140
317172, 0, 0, 0, 0, 0, 0, 306648, 2140
317172, 0, 0, 0, 0, 0, 0, 306648, 2140
317172, 0, 0, 0, 0, 0, 0, 306648, 2140
317172, 0, 0, 0, 0, 0, 0, 306648, 2140
317172, 0, 0, 0, 0, 0, 0, 306648, 2140
317172, 0, 0, 0, 0, 0, 0, 306648, 2140
317172, 0, 0, 0, 0, 0, 0, 306648, 2140
317172, 0, 0, 0, 0, 0, 0, 306648, 2140
317172, 0, 0, 0, 0, 0, 0, 306648, 2140
317172, 0, 0, 0, 0, 0, 0, 306648, 2140
317172, 0, 0, 0, 0, 0, 0, 306648, 2140
317172, 0, 0, 0, 0, 0, 0, 306648, 2140
317172, 0, 0, 0, 0, 0, 0, 306648, 2140
317172, 0, 0, 0, 0, 0, 0, 306648, 2140
317172, 0, 0, 0, 0, 0, 0, 306648, 2140
317172, 0, 0, 0, 0, 0, 0, 306648, 2140
317172, 0, 0, 0, 0, 0, 0, 306648, 2140
317172, 0, 0, 0, 0, 0, 0, 306648, 2140
317172, 0, 0, 0, 0, 0, 0, 306648, 2140
317172, 0, 0, 0, 0, 0, 0, 306648, 2140
317172, 0, 0, 0, 0, 0, 0, 306648, 2140
317172, 0, 0, 0, 0, 0, 0, 306648, 2140
317172, 0, 0, 0, 0, 0, 0, 306648, 2140
317172, 0, 0, 0, 0, 0, 0, 306648, 2140
317172, 0, 0, 0, 0, 0, 0, 306648, 2140
317172, 0, 0, 0, 0, 0, 0, 306648, 2140
317172, 0, 0, 0, 0, 0, 0, 306648, 2140
317172, 0, 0, 0, 0, 0, 0, 306648, 2140
317172, 0, 0, 0, 0, 0, 0, 306648, 2140
317172, 0, 0, 0, 0, 0, 0, 306648, 2140
317172, 0, 0, 0, 0, 0, 0, 306648, 2140
317172, 0, 0, 0, 0, 0, 0, 306648, 2140
317172, 0, 0, 0, 0, 0, 0, 306648, 2140
317172, 0, 0, 0, 0, 0, 0, 306648, 2140
317172, 0, 0, 0, 0, 0, 0, 306648, 2140
317172, 0, 0, 0, 0, 0, 0, 306648, 2140
317172, 0, 0, 0, 0, 0, 0, 306648, 2140
317172, 0, 0, 0, 0, 0, 0, 306648, 2140
317172, 0, 0, 0, 0, 0, 0, 306648, 2140
317172, 0, 0, 0, 0, 0, 0, 306648, 2140
317172, 0, 0, 0, 0, 0, 0, 306648, 2140
317172, 0, 0, 0, 0, 0, 0, 306648, 2140
317172, 0, 0, 0, 0, 0, 0, 306648, 2140
317172, 0, 0, 0, 0, 0, 0, 306648, 2140
317172, 0, 0, 0, 0, 0, 0, 306648, 2140
317172, 0, 0, 0, 0, 0, 0, 306648, 2140
317172, 0, 0, 0, 0, 0, 0, 306648, 2140
317172, 0, 0, 0, 0, 0, 0, 306648, 2140
317172, 0, 0, 0, 0, 0, 0, 306648, 2140
317172, 0, 0, 0, 0, 0, 0, 306648, 2140
317172, 0, 0, 0, 0, 0, 0, 306648, 2140
317172, 0, 0, 0, 0, 0, 0, 306648, 2140
317172, 0, 0, 0, 0, 0, 0, 306648, 2140
317172, 0, 0, 0, 0, 0, 0, 306648, 2140
317172, 0, 0, 0, 0, 0, 0, 306648, 2140
317172, 0, 0, 0, 0, 0, 0, 306648, 2140
317172, 0, 0, 0, 0, 0, 0, 306648, 2140
317172, 0, 0, 0, 0, 0, 0, 306648, 2140
317172, 0, 0, 0, 0, 0, 0, 306648, 2140
317172, 0, 0, 0, 0, 0, 0, 306648, 2140
317172, 0, 0, 0, 0, 0, 0, 306648, 2140
317172, 0, 0, 0, 0, 0, 0, 306648, 2140
317172, 0, 0, 0, 0, 0, 0, 306648, 2140
317172, 0, 0, 0, 0, 0, 0, 306648, 2140
317172, 0, 0, 0, 0, 0, 0, 306648, 2140
317172, 0, 0, 0, 0, 0, 0, 306648, 2140
317172, 0, 0, 0, 0, 0, 0, 306648, 2140
317172, 0, 0, 0, 0, 0, 0, 306648, 2140
317172, 0, 0, 0, 0, 0, 0, 306648, 2140
317172, 0, 0, 0, 0, 0, 0, 306648, 2140
317172, 0, 0, 0, 0, 0, 0, 306648, 2140
317172, 0, 0, 0, 0, 0, 0, 306648, 2140
317172, 0, 0, 0, 0, 0, 0, 306648, 2140
317172, 0, 0, 0, 0, 0, 0, 306648, 2140
317172, 0, 0, 0, 0, 0, 0, 306648, 2140
317172, 0, 0, 0, 0, 0, 0, 306648, 2140
317172, 0, 0, 0, 0, 0, 0, 306648, 2140
317172, 0, 0, 0, 0, 0, 0, 306648, 2140
317172, 0, 0, 0, 0, 0, 0, 306648, 2140
317172, 0, 0, 0, 0, 0, 0, 306648, 2140
317172, 0, 0, 0, 0, 0, 0, 306648, 2140
317172, 0, 0, 0, 0, 0, 0, 306648, 2140
317172, 0, 0, 0, 0, 0, 0, 306648, 2140
317172, 0, 0, 0, 0, 0, 0, 306648, 2140
317172, 0, 0, 0, 0, 0, 0, 306648, 2140
317172, 0, 0, 0, 0, 0, 0, 306648, 2140
317172, 0, 0, 0, 0, 0, 0, 306648, 2140
317172, 0, 0, 0, 0, 0, 0, 306648, 2140
317172, 0, 0, 0, 0, 0, 0, 306648, 2140
317172, 0, 0, 0, 0, 0, 0, 306648, 2140
317172, 0, 0, 0, 0, 0, 0, 306648, 2140
317172, 0, 0, 0, 0, 0, 0, 306648, 2140
317172, 0, 0, 0, 0, 0, 0, 306648, 2140
317172, 0, 0, 0, 0, 0, 0, 306648, 2140
317172, 0, 0, 0, 0, 0, 0, 306648, 2140
317172, 0, 0, 0, 0, 0, 0, 306648, 2140
317172, 0, 0, 0, 0, 0, 0, 306648, 2140
317172, 0, 0, 0, 0, 0, 0, 306648, 2140
317172, 0, 0, 0, 0, 0, 0, 306648, 2140
317172, 0, 0, 0, 0, 0, 0, 306648, 2140
317172, 0, 0, 0, 0, 0, 0, 306648, 2140
317172, 0, 0, 0, 0, 0, 0, 306648, 2140
317172, 0, 0, 0, 0, 0, 0, 306648, 2140
317172, 0, 0, 0, 0, 0, 0, 306648, 2140
317172, 0, 0, 0, 0, 0, 0, 306648, 2140
317172, 0, 0, 0, 0, 0, 0, 306648, 2140
317172, 0, 0, 0, 0, 0, 0, 306648, 2140
317172, 0, 0, 0, 0, 0, 0, 306648, 2140
317172, 0, 0, 0, 0, 0, 0, 306648, 2140
317172, 0, 0, 0, 0, 0, 0, 306648, 2140
317172, 0, 0, 0, 0, 0, 0, 306648, 2140
317172, 0, 0, 0, 0, 0, 0, 306648, 2140
317172, 0, 0, 0, 0, 0, 0, 306648, 2140
317172, 0, 0, 0, 0, 0, 0, 306648, 2140
317172, 0, 0, 0, 0, 0, 0, 306648, 2140
317172, 0, 0, 0, 0, 0, 0, 306648, 2140
317172, 0, 0, 0, 0, 0, 0, 306648, 2140
317172, 0, 0, 0, 0, 0, 0, 306648, 2140
317172, 0, 0, 0, 0, 0, 0, 306648, 2140
317172, 0, 0, 0, 0, 0, 0, 306648, 2140
317172, 0, 0, 0, 0, 0, 0, 306648, 2140
317172, 0, 0, 0, 0, 0, 0, 306648, 2140
317172, 0, 0, 0, 0, 0, 0, 306648, 2140
317172, 0, 0, 0, 0, 0, 0, 306648, 2140
317172, 0, 0, 0, 0, 0, 0, 306648, 2140
317172, 0, 0, 0, 0, 0, 0, 306648, 2140
317172, 0, 0, 0, 0, 0, 0, 306648, 2140
317172, 0, 0, 0, 0, 0, 0, 306648, 2140
317172, 0, 0, 0, 0, 0, 0, 306648, 2140
317172, 0, 0, 0, 0, 0, 0, 306648, 2140
317172, 0, 0, 0, 0, 0, 0, 306648, 2140
317172, 0, 0, 0, 0, 0, 0, 306648, 2140
317172, 0, 0, 0, 0, 0, 0, 306648, 2140
317172, 0, 0, 0, 0, 0, 0, 306648, 2140
317172, 0, 0, 0, 0, 0, 0, 306648, 2140
317172, 0, 0, 0, 0, 0, 0, 306648, 2140
317172, 0, 0, 0, 0, 0, 0, 306648, 2140
317172, 0, 0, 0, 0, 0, 0, 306648, 2140
317172, 0, 0, 0, 0, 0, 0, 306648, 2140
317172, 0, 0, 0, 0, 0, 0, 306648, 2140
317172, 0, 0, 0, 0, 0, 0, 306648, 2140
317172, 0, 0, 0, 0, 0, 0, 306648, 2140
317172, 0, 0, 0, 0, 0, 0, 306648, 2140
317172, 0, 0, 0, 0, 0, 0, 306648, 2140
317172, 0, 0, 0, 0, 0, 0, 306648, 2140
317172, 0, 0, 0, 0, 0, 0, 306648, 2140
317172, 0, 0, 0, 0, 0, 0, 306648, 2140
317172, 0, 0, 0, 0, 0, 0, 306648, 2140
317172, 0, 0, 0, 0, 0, 0, 306648, 2140
317172, 0, 0, 0, 0, 0, 0, 306648, 2140
317172, 0, 0, 0, 0, 0, 0, 306648, 2140
317172, 0, 0, 0, 0, 0, 0, 306648, 2140
317172, 0, 0, 0, 0, 0, 0, 306648, 2140
317172, 0, 0, 0, 0, 0, 0, 306648, 2140
317172, 0, 0, 0, 0, 0, 0, 306648, 2140
317172, 0, 0, 0, 0, 0, 0, 306648, 2140
317172, 0, 0, 0, 0, 0, 0, 306648, 2140
317172, 0, 0, 0, 0, 0, 0, 306648, 2140
317172, 0, 0, 0, 0, 0, 0, 306648, 2140
317172, 0, 0, 0, 0, 0, 0, 306648, 2140
317172, 0, 0, 0, 0, 0, 0, 306648, 2140
317172, 0, 0, 0, 0, 0, 0, 306648, 2140
317172, 0, 0, 0, 0, 0, 0, 306648, 2140
317172, 0, 0, 0, 0, 0, 0, 306648, 2140
317172, 0, 0, 0, 0, 0, 0, 306648, 2140
317172, 0, 0, 0, 0, 0, 0, 306648, 2140
317172, 0, 0, 0, 0, 0, 0, 306648, 2140
317172, 0, 0, 0, 0, 0, 0, 306648, 2140
317172, 0, 0, 0, 0, 0, 0, 306648, 2140
317172, 0, 0, 0, 0, 0, 0, 306648, 2140
317172, 0, 0, 0, 0, 0, 0, 306648, 2140
317172, 0, 0, 0, 0, 0, 0, 306648, 2140
317172, 0, 0, 0, 0, 0, 0, 306648, 2140
317172, 0, 0, 0, 0, 0, 0, 306648, 2140
317172, 0, 0, 0, 0, 0, 0, 306648, 2140
317172, 0, 0, 0, 0, 0, 0, 306648, 2140
317172, 0, 0, 0, 0, 0, 0, 306648, 2140
317172, 0, 0, 0, 0, 0, 0, 306648, 2140
317172, 0, 0, 0, 0, 0, 0, 306648, 2140
317172, 0, 0, 0, 0, 0, 0, 306648, 2140
317172, 0, 0, 0, 0, 0, 0, 306648, 2140
317172, 0, 0, 0, 0, 0, 0, 306648, 2140
317172, 0, 0, 0, 0, 0, 0, 306648, 2140
317172, 0, 0, 0, 0, 0, 0, 306648, 2140
317172, 0, 0, 0, 0, 0, 0, 306648, 2140
317172, 0, 0, 0, 0, 0, 0, 306648, 2140
317172, 0, 0, 0, 0, 0, 0, 306648, 2140
317172, 0, 0, 0, 0, 0, 0, 306648, 2140
317172, 0, 0, 0, 0, 0, 0, 306648, 2140
317172, 0, 0, 0, 0, 0, 0, 306648, 2140
317172, 0, 0, 0, 0, 0, 0, 306648, 2140
317172, 0, 0, 0, 0, 0, 0, 306648, 2140
317172, 0, 0, 0, 0, 0, 0, 306648, 2140
317172, 0, 0, 0, 0, 0, 0, 306648, 2140
317172, 0, 0, 0, 0, 0, 0, 306648, 2140
317172, 0, 0, 0, 0, 0, 0, 306648, 2140
317172, 0, 0, 0, 0, 0, 0, 306648, 2140
317172, 0, 0, 0, 0, 0, 0, 306648, 2140
317172, 0, 0, 0, 0, 0, 0, 306648, 2140
317172, 0, 0, 0, 0, 0, 0, 306648, 2140
317172, 0, 0, 0, 0, 0, 0, 306648, 2140
317172, 0, 0, 0, 0, 0, 0, 306648, 2140
317172, 0, 0, 0, 0, 0, 0, 306648, 2140
317172, 0, 0, 0, 0, 0, 0, 306648, 2140
317172, 0, 0, 0, 0, 0, 0, 306648, 2140
317172, 0, 0, 0, 0, 0, 0, 306648, 2140
317172, 0, 0, 0, 0, 0, 0, 306648, 2140
317172, 0, 0, 0, 0, 0, 0, 306648, 2140
317172, 0, 0, 0, 0, 0, 0, 306648, 2140
317172, 0, 0, 0, 0, 0, 0, 306648, 2140
317172, 0, 0, 0, 0, 0, 0, 306648, 2140
317172, 0, 0, 0, 0, 0, 0, 306648, 2140
317172, 0, 0, 0, 0, 0, 0, 306648, 2140
317172, 0, 0, 0, 0, 0, 0, 306648, 2140
317172, 0, 0, 0, 0, 0, 0, 306648, 2140
317172, 0, 0, 0, 0, 0, 0, 306648, 2140
317172, 0, 0, 0, 0, 0, 0, 306648, 2140
317172, 0, 0, 0, 0, 0, 0, 306648, 2140
317172, 0, 0, 0, 0, 0, 0, 306648, 2140
317172, 0, 0, 0, 0, 0, 0, 306648, 2140
317172, 0, 0, 0, 0, 0, 0, 306648, 2140
317172, 0, 0, 0, 0, 0, 0, 306648, 2140
317172, 0, 0, 0, 0, 0, 0, 306648, 2140
317172, 0, 0, 0, 0, 0, 0, 306648, 2140
317172, 0, 0, 0, 0, 0, 0, 306648, 2140
317172, 0, 0, 0, 0, 0, 0, 306648, 2140
317172, 0, 0, 0, 0, 0, 0, 306648, 2140
317172, 0, 0, 0, 0, 0, 0, 306648, 2140
317172, 0, 0, 0, 0, 0, 0, 306648, 2140
317172, 0, 0, 0, 0, 0, 0, 306648, 2140
317172, 0, 0, 0, 0, 0, 0, 306648, 2140
317172, 0, 0, 0, 0, 0, 0, 306648, 2140
317172, 0, 0, 0, 0, 0, 0, 306648, 2140
317172, 0, 0, 0, 0, 0, 0, 306648, 2140
317172, 0, 0, 0, 0, 0, 0, 306648, 2140
317172, 0, 0, 0, 0, 0, 0, 306648, 2140
317172, 0, 0, 0, 0, 0, 0, 306648, 2140
317172, 0, 0, 0, 0, 0, 0, 306648, 2140
317172, 0, 0, 0, 0, 0, 0, 306648, 2140
317172, 0, 0, 0, 0, 0, 0, 306648, 2140
317172, 0, 0, 0, 0, 0, 0, 306648, 2140
317172, 0, 0, 0, 0, 0, 0, 306648, 2140
317172, 0, 0, 0, 0, 0, 0, 306648, 2140
317172, 0, 0, 0, 0, 0, 0, 306648, 2140
317172, 0, 0, 0, 0, 0, 0, 306648, 2140
317172, 0, 0, 0, 0, 0, 0, 306648, 2140
317172, 0, 0, 0, 0, 0, 0, 306648, 2140
317172, 0, 0, 0, 0, 0, 0, 306648, 2140
317172, 0, 0, 0, 0, 0, 0, 306648, 2140
317172, 0, 0, 0, 0, 0, 0, 306648, 2140
317172, 0, 0, 0, 0, 0, 0, 306648, 2140
317172, 0, 0, 0, 0, 0, 0, 306648, 2140
317172, 0, 0, 0, 0, 0, 0, 306648, 2140
317172, 0, 0, 0, 0, 0, 0, 306648, 2140
317172, 0, 0, 0, 0, 0, 0, 306648, 2140
317172, 0, 0, 0, 0, 0, 0, 306648, 2140
317172, 0, 0, 0, 0, 0, 0, 306648, 2140
317172, 0, 0, 0, 0, 0, 0, 306648, 2140
317172, 0, 0, 0, 0, 0, 0, 306648, 2140
317172, 0, 0, 0, 0, 0, 0, 306648, 2140
317172, 0, 0, 0, 0, 0, 0, 306648, 2140
317172, 0, 0, 0, 0, 0, 0, 306648, 2140
317172, 0, 0, 0, 0, 0, 0, 306648, 2140
317172, 0, 0, 0, 0, 0, 0, 306648, 2140
317172, 0, 0, 0, 0, 0, 0, 306648, 2140
317172, 0, 0, 0, 0, 0, 0, 306648, 2140
317172, 0, 0, 0, 0, 0, 0, 306648, 2140
317172, 0, 0, 0, 0, 0, 0, 306648, 2140
317172, 0, 0, 0, 0, 0, 0, 306648, 2140
317172, 0, 0, 0, 0, 0, 0, 306648, 2140
317172, 0, 0, 0, 0, 0, 0, 306648, 2140
317172, 0, 0, 0, 0, 0, 0, 306648, 2140
317172, 0, 0, 0, 0, 0, 0, 306648, 2140
317172, 0, 0, 0, 0, 0, 0, 306648, 2140
317172, 0, 0, 0, 0, 0, 0, 306648, 2140
317172, 0, 0, 0, 0, 0, 0, 306648, 2140
317172, 0, 0, 0, 0, 0, 0, 306648, 2140
317172, 0, 0, 0, 0, 0, 0, 306648, 2140
317172, 0, 0, 0, 0, 0, 0, 306648, 2140
317172, 0, 0, 0, 0, 0, 0, 306648, 2140
317172, 0, 0, 0, 0, 0, 0, 306648, 2140
317172, 0, 0, 0, 0, 0, 0, 306648, 2140
317172, 0, 0, 0, 0, 0, 0, 306648, 2140
317172, 0, 0, 0, 0, 0, 0, 306648, 2140
317172, 0, 0, 0, 0, 0, 0, 306648, 2140
317172, 0, 0, 0, 0, 0, 0, 306648, 2140
317172, 0, 0, 0, 0, 0, 0, 306648, 2140
317172, 0, 0, 0, 0, 0, 0, 306648, 2140
317172, 0, 0, 0, 0, 0, 0, 306648, 2140
317172, 0, 0, 0, 0, 0, 0, 306648, 2140
317172, 0, 0, 0, 0, 0, 0, 306648, 2140
317172, 0, 0, 0, 0, 0, 0, 306648, 2140
317172, 0, 0, 0, 0, 0, 0, 306648, 2140
317172, 0, 0, 0, 0, 0, 0, 306648, 2140
317172, 0, 0, 0, 0, 0, 0, 306648, 2140
317172, 0, 0, 0, 0, 0, 0, 306648, 2140
317172, 0, 0, 0, 0, 0, 0, 306648, 2140
317172, 0, 0, 0, 0, 0, 0, 306648, 2140
317172, 0, 0, 0, 0, 0, 0, 306648, 2140
317172, 0, 0, 0, 0, 0, 0, 306648, 2140
317172, 0, 0, 0, 0, 0, 0, 306648, 2140
317172, 0, 0, 0, 0, 0, 0, 306648, 2140
317172, 0, 0, 0, 0, 0, 0, 306648, 2140
317172, 0, 0, 0, 0, 0, 0, 306648, 2140
317172, 0, 0, 0, 0, 0, 0, 306648, 2140
317172, 0, 0, 0, 0, 0, 0, 306648, 2140
317172, 0, 0, 0, 0, 0, 0, 306648, 2140
317172, 0, 0, 0, 0, 0, 0, 306648, 2140
317172, 0, 0, 0, 0, 0, 0, 306648, 2140
317172, 0, 0, 0, 0, 0, 0, 306648, 2140
317172, 0, 0, 0, 0, 0, 0, 306648, 2140
317172, 0, 0, 0, 0, 0, 0, 306648, 2140
317172, 0, 0, 0, 0, 0, 0, 306648, 2140
317172, 0, 0, 0, 0, 0, 0, 306648, 2140
317172, 0, 0, 0, 0, 0, 0, 306648, 2140
317172, 0, 0, 0, 0, 0, 0, 306648, 2140
317172, 0, 0, 0, 0, 0, 0, 306648, 2140
317172, 0, 0, 0, 0, 0, 0, 306648, 2140
317172, 0, 0, 0, 0, 0, 0, 306648, 2140
317172, 0, 0, 0, 0, 0, 0, 306648, 2140
317172, 0, 0, 0, 0, 0, 0, 306648, 2140
317172, 0, 0, 0, 0, 0, 0, 306648, 2140
317172, 0, 0, 0, 0, 0, 0, 306648, 2140
317172, 0, 0, 0, 0, 0, 0, 306648, 2140
317172, 0, 0, 0, 0, 0, 0, 306648, 2140
317172, 0, 0, 0, 0, 0, 0, 306648, 2140
317172, 0, 0, 0, 0, 0, 0, 306648, 2140
317172, 0, 0, 0, 0, 0, 0, 306648, 2140
317172, 0, 0, 0, 0, 0, 0, 306648, 2140
317172, 0, 0, 0, 0, 0, 0, 306648, 2140
317172, 0, 0, 0, 0, 0, 0, 306648, 2140
317172, 0, 0, 0, 0, 0, 0, 306648, 2140
317172, 0, 0, 0, 0, 0, 0, 306648, 2140
317172, 0, 0, 0, 0, 0, 0, 306648, 2140
317172, 0, 0, 0, 0, 0, 0, 306648, 2140
317172, 0, 0, 0, 0, 0, 0, 306648, 2140
317172, 0, 0, 0, 0, 0, 0, 306648, 2140
317172, 0, 0, 0, 0, 0, 0, 306648, 2140
317172, 0, 0, 0, 0, 0, 0, 306648, 2140
317172, 0, 0, 0, 0, 0, 0, 306648, 2140
317172, 0, 0, 0, 0, 0, 0, 306648, 2140
317172, 0, 0, 0, 0, 0, 0, 306648, 2140
317172, 0, 0, 0, 0, 0, 0, 306648, 2140
317172, 0, 0, 0, 0, 0, 0, 306648, 2140
317172, 0, 0, 0, 0, 0, 0, 306648, 2140
317172, 0, 0, 0, 0, 0, 0, 306648, 2140
317172, 0, 0, 0, 0, 0, 0, 306648, 2140
317172, 0, 0, 0, 0, 0, 0, 306648, 2140
317172, 0, 0, 0, 0, 0, 0, 306648, 2140
317172, 0, 0, 0, 0, 0, 0, 306648, 2140
317172, 0, 0, 0, 0, 0, 0, 306648, 2140
317172, 0, 0, 0, 0, 0, 0, 306648, 2140
317172, 0, 0, 0, 0, 0, 0, 306648, 2140
317172, 0, 0, 0, 0, 0, 0, 306648, 2140
317172, 0, 0, 0, 0, 0, 0, 306648, 2140
317172, 0, 0, 0, 0, 0, 0, 306648, 2140
317172, 0, 0, 0, 0, 0, 0, 306648, 2140
317172, 0, 0, 0, 0, 0, 0, 306648, 2140
317172, 0, 0, 0, 0, 0, 0, 306648, 2140
317172, 0, 0, 0, 0, 0, 0, 306648, 2140
317172, 0, 0, 0, 0, 0, 0, 306648, 2140
317172, 0, 0, 0, 0, 0, 0, 306648, 2140
317172, 0, 0, 0, 0, 0, 0, 306648, 2140
317172, 0, 0, 0, 0, 0, 0, 306648, 2140
317172, 0, 0, 0, 0, 0, 0, 306648, 2140
317172, 0, 0, 0, 0, 0, 0, 306648, 2140
317172, 0, 0, 0, 0, 0, 0, 306648, 2140
317172, 0, 0, 0, 0, 0, 0, 306648, 2140
317172, 0, 0, 0, 0, 0, 0, 306648, 2140
317172, 0, 0, 0, 0, 0, 0, 306648, 2140
317172, 0, 0, 0, 0, 0, 0, 306648, 2140
317172, 0, 0, 0, 0, 0, 0, 306648, 2140
317172, 0, 0, 0, 0, 0, 0, 306648, 2140
317172, 0, 0, 0, 0, 0, 0, 306648, 2140
317172, 0, 0, 0, 0, 0, 0, 306648, 2140
317172, 0, 0, 0, 0, 0, 0, 306648, 2140
317172, 0, 0, 0, 0, 0, 0, 306648, 2140
317172, 0, 0, 0, 0, 0, 0, 306648, 2140
317172, 0, 0, 0, 0, 0, 0, 306648, 2140
317172, 0, 0, 0, 0, 0, 0, 306648, 2140
317172, 0, 0, 0, 0, 0, 0, 306648, 2140
317172, 0, 0, 0, 0, 0, 0, 306648, 2140
317172, 0, 0, 0, 0, 0, 0, 306648, 2140
317172, 0, 0, 0, 0, 0, 0, 306648, 2140
317172, 0, 0, 0, 0, 0, 0, 306648, 2140
317172, 0, 0, 0, 0, 0, 0, 306648, 2140
317172, 0, 0, 0, 0, 0, 0, 306648, 2140
317172, 0, 0, 0, 0, 0, 0, 306648, 2140
317172, 0, 0, 0, 0, 0, 0, 306648, 2140
317172, 0, 0, 0, 0, 0, 0, 306648, 2140
317172, 0, 0, 0, 0, 0, 0, 306648, 2140
317172, 0, 0, 0, 0, 0, 0, 306648, 2140
317172, 0, 0, 0, 0, 0, 0, 306648, 2140
317172, 0, 0, 0, 0, 0, 0, 306648, 2140
317172, 0, 0, 0, 0, 0, 0, 306648, 2140
317172, 0, 0, 0, 0, 0, 0, 306648, 2140
317172, 0, 0, 0, 0, 0, 0, 306648, 2140
317172, 0, 0, 0, 0, 0, 0, 306648, 2140
317172, 0, 0, 0, 0, 0, 0, 306648, 2140
317172, 0, 0, 0, 0, 0, 0, 306648, 2140
317172, 0, 0, 0, 0, 0, 0, 306648, 2140
317172, 0, 0, 0, 0, 0, 0, 306648, 2140
317172, 0, 0, 0, 0, 0, 0, 306648, 2140
317172, 0, 0, 0, 0, 0, 0, 306648, 2140
317172, 0, 0, 0, 0, 0, 0, 306648, 2140
317172, 0, 0, 0, 0, 0, 0, 306648, 2140
317172, 0, 0, 0, 0, 0, 0, 306648, 2140
317172, 0, 0, 0, 0, 0, 0, 306648, 2140
317172, 0, 0, 0, 0, 0, 0, 306648, 2140
317172, 0, 0, 0, 0, 0, 0, 306648, 2140
317172, 0, 0, 0, 0, 0, 0, 306648, 2140
317172, 0, 0, 0, 0, 0, 0, 306648, 2140
317172, 0, 0, 0, 0, 0, 0, 306648, 2140
317172, 0, 0, 0, 0, 0, 0, 306648, 2140
317172, 0, 0, 0, 0, 0, 0, 306648, 2140
317172, 0, 0, 0, 0, 0, 0, 306648, 2140
317172, 0, 0, 0, 0, 0, 0, 306648, 2140
317172, 0, 0, 0, 0, 0, 0, 306648, 2140
317172, 0, 0, 0, 0, 0, 0, 306648, 2140
317172, 0, 0, 0, 0, 0, 0, 306648, 2140
317172, 0, 0, 0, 0, 0, 0, 306648, 2140
317172, 0, 0, 0, 0, 0, 0, 306648, 2140
317172, 0, 0, 0, 0, 0, 0, 306648, 2140
317172, 0, 0, 0, 0, 0, 0, 306648, 2140
317172, 0, 0, 0, 0, 0, 0, 306648, 2140
317172, 0, 0, 0, 0, 0, 0, 306648, 2140
317172, 0, 0, 0, 0, 0, 0, 306648, 2140
317172, 0, 0, 0, 0, 0, 0, 306648, 2140
317172, 0, 0, 0, 0, 0, 0, 306648, 2140
317172, 0, 0, 0, 0, 0, 0, 306648, 2140
317172, 0, 0, 0, 0, 0, 0, 306648, 2140
317172, 0, 0, 0, 0, 0, 0, 306648, 2140
317172, 0, 0, 0, 0, 0, 0, 306648, 2140
317172, 0, 0, 0, 0, 0, 0, 306648, 2140
317172, 0, 0, 0, 0, 0, 0, 306648, 2140
317172, 0, 0, 0, 0, 0, 0, 306648, 2140
317172, 0, 0, 0, 0, 0, 0, 306648, 2140
317172, 0, 0, 0, 0, 0, 0, 306648, 2140
317172, 0, 0, 0, 0, 0, 0, 306648, 2140
317172, 0, 0, 0, 0, 0, 0, 306648, 2140
317172, 0, 0, 0, 0, 0, 0, 306648, 2140
317172, 0, 0, 0, 0, 0, 0, 306648, 2140
317172, 0, 0, 0, 0, 0, 0, 306648, 2140
317172, 0, 0, 0, 0, 0, 0, 306648, 2140
317172, 0, 0, 0, 0, 0, 0, 306648, 2140
317172, 0, 0, 0, 0, 0, 0, 306648, 2140
317172, 0, 0, 0, 0, 0, 0, 306648, 2140
317172, 0, 0, 0, 0, 0, 0, 306648, 2140
317172, 0, 0, 0, 0, 0, 0, 306648, 2140
317172, 0, 0, 0, 0, 0, 0, 306648, 2140
317172, 0, 0, 0, 0, 0, 0, 306648, 2140
317172, 0, 0, 0, 0, 0, 0, 306648, 2140
317172, 0, 0, 0, 0, 0, 0, 306648, 2140
317172, 0, 0, 0, 0, 0, 0, 306648, 2140
317172, 0, 0, 0, 0, 0, 0, 306648, 2140
317172, 0, 0, 0, 0, 0, 0, 306648, 2140
317172, 0, 0, 0, 0, 0, 0, 306648, 2140
317172, 0, 0, 0, 0, 0, 0, 306648, 2140
317172, 0, 0, 0, 0, 0, 0, 306648, 2140
317172, 0, 0, 0, 0, 0, 0, 306648, 2140
317172, 0, 0, 0, 0, 0, 0, 306648, 2140
317172, 0, 0, 0, 0, 0, 0, 306648, 2140
317172, 0, 0, 0, 0, 0, 0, 306648, 2140
317172, 0, 0, 0, 0, 0, 0, 306648, 2140
317172, 0, 0, 0, 0, 0, 0, 306648, 2140
317172, 0, 0, 0, 0, 0, 0, 306648, 2140
317172, 0, 0, 0, 0, 0, 0, 306648, 2140
317172, 0, 0, 0, 0, 0, 0, 306648, 2140
317172, 0, 0, 0, 0, 0, 0, 306648, 2140
317172, 0, 0, 0, 0, 0, 0, 306648, 2140
317172, 0, 0, 0, 0, 0, 0, 306648, 2140
317172, 0, 0, 0, 0, 0, 0, 306648, 2140
317172, 0, 0, 0, 0, 0, 0, 306648, 2140
317172, 0, 0, 0, 0, 0, 0, 306648, 2140
317172, 0, 0, 0, 0, 0, 0, 306648, 2140
317172, 0, 0, 0, 0, 0, 0, 306648, 2140
317172, 0, 0, 0, 0, 0, 0, 306648, 2140
317172, 0, 0, 0, 0, 0, 0, 306648, 2140
317172, 0, 0, 0, 0, 0, 0, 306648, 2140
317172, 0, 0, 0, 0, 0, 0, 306648, 2140
317172, 0, 0, 0, 0, 0, 0, 306648, 2140
317172, 0, 0, 0, 0, 0, 0, 306648, 2140
317172, 0, 0, 0, 0, 0, 0, 306648, 2140
317172, 0, 0, 0, 0, 0, 0, 306648, 2140
317172, 0, 0, 0, 0, 0, 0, 306648, 2140
317172, 0, 0, 0, 0, 0, 0, 306648, 2140
317172, 0, 0, 0, 0, 0, 0, 306648, 2140
317172, 0, 0, 0, 0, 0, 0, 306648, 2140
317172, 0, 0, 0, 0, 0, 0, 306648, 2140
317172, 0, 0, 0, 0, 0, 0, 306648, 2140
317172, 0, 0, 0, 0, 0, 0, 306648, 2140
317172, 0, 0, 0, 0, 0, 0, 306648, 2140
317172, 0, 0, 0, 0, 0, 0, 306648, 2140
317172, 0, 0, 0, 0, 0, 0, 306648, 2140
317172, 0, 0, 0, 0, 0, 0, 306648, 2140
317172, 0, 0, 0, 0, 0, 0, 306648, 2140
317172, 0, 0, 0, 0, 0, 0, 306648, 2140
317172, 0, 0, 0, 0, 0, 0, 306648, 2140
317172, 0, 0, 0, 0, 0, 0, 306648, 2140
317172, 0, 0, 0, 0, 0, 0, 306648, 2140
317172, 0, 0, 0, 0, 0, 0, 306648, 2140
317172, 0, 0, 0, 0, 0, 0, 306648, 2140
317172, 0, 0, 0, 0, 0, 0, 306648, 2140
317172, 0, 0, 0, 0, 0, 0, 306648, 2140
317172, 0, 0, 0, 0, 0, 0, 306648, 2140
317172, 0, 0, 0, 0, 0, 0, 306648, 2140
317172, 0, 0, 0, 0, 0, 0, 306648, 2140
317172, 0, 0, 0, 0, 0, 0, 306648, 2140
317172, 0, 0, 0, 0, 0, 0, 306648, 2140
317172, 0, 0, 0, 0, 0, 0, 306648, 2140
317172, 0, 0, 0, 0, 0, 0, 306648, 2140
317172, 0, 0, 0, 0, 0, 0, 306648, 2140
317172, 0, 0, 0, 0, 0, 0, 306648, 2140
317172, 0, 0, 0, 0, 0, 0, 306648, 2140
317172, 0, 0, 0, 0, 0, 0, 306648, 2140
317172, 0, 0, 0, 0, 0, 0, 306648, 2140
317172, 0, 0, 0, 0, 0, 0, 306648, 2140
317172, 0, 0, 0, 0, 0, 0, 306648, 2140
317172, 0, 0, 0, 0, 0, 0, 306648, 2140
317172, 0, 0, 0, 0, 0, 0, 306648, 2140
317172, 0, 0, 0, 0, 0, 0, 306648, 2140
317172, 0, 0, 0, 0, 0, 0, 306648, 2140
317172, 0, 0, 0, 0, 0, 0, 306648, 2140
317172, 0, 0, 0, 0, 0, 0, 306648, 2140
317172, 0, 0, 0, 0, 0, 0, 306648, 2140
317172, 0, 0, 0, 0, 0, 0, 306648, 2140
317172, 0, 0, 0, 0, 0, 0, 306648, 2140
317172, 0, 0, 0, 0, 0, 0, 306648, 2140
317172, 0, 0, 0, 0, 0, 0, 306648, 2140
317172, 0, 0, 0, 0, 0, 0, 306648, 2140
317172, 0, 0, 0, 0, 0, 0, 306648, 2140
317172, 0, 0, 0, 0, 0, 0, 306648, 2140
317172, 0, 0, 0, 0, 0, 0, 306648, 2140
317172, 0, 0, 0, 0, 0, 0, 306648, 2140
317172, 0, 0, 0, 0, 0, 0, 306648, 2140
317172, 0, 0, 0, 0, 0, 0, 306648, 2140
317172, 0, 0, 0, 0, 0, 0, 306648, 2140
317172, 0, 0, 0, 0, 0, 0, 306648, 2140
317172, 0, 0, 0, 0, 0, 0, 306648, 2140
317172, 0, 0, 0, 0, 0, 0, 306648, 2140
317172, 0, 0, 0, 0, 0, 0, 306648, 2140
317172, 0, 0, 0, 0, 0, 0, 306648, 2140
317172, 0, 0, 0, 0, 0, 0, 306648, 2140
317172, 0, 0, 0, 0, 0, 0, 306648, 2140
317172, 0, 0, 0, 0, 0, 0, 306648, 2140
317172, 0, 0, 0, 0, 0, 0, 306648, 2140
317172, 0, 0, 0, 0, 0, 0, 306648, 2140
317172, 0, 0, 0, 0, 0, 0, 306648, 2140
317172, 0, 0, 0, 0, 0, 0, 306648, 2140
317172, 0, 0, 0, 0, 0, 0, 306648, 2140
317172, 0, 0, 0, 0, 0, 0, 306648, 2140
317172, 0, 0, 0, 0, 0, 0, 306648, 2140
317172, 0, 0, 0, 0, 0, 0, 306648, 2140
317172, 0, 0, 0, 0, 0, 0, 306648, 2140
317172, 0, 0, 0, 0, 0, 0, 306648, 2140
317172, 0, 0, 0, 0, 0, 0, 306648, 2140
317172, 0, 0, 0, 0, 0, 0, 306648, 2140
317172, 0, 0, 0, 0, 0, 0, 306648, 2140
317172, 0, 0, 0, 0, 0, 0, 306648, 2140
317172, 0, 0, 0, 0, 0, 0, 306648, 2140
317172, 0, 0, 0, 0, 0, 0, 306648, 2140
317172, 0, 0, 0, 0, 0, 0, 306648, 2140
317172, 0, 0, 0, 0, 0, 0, 306648, 2140
317172, 0, 0, 0, 0, 0, 0, 306648, 2140
317172, 0, 0, 0, 0, 0, 0, 306648, 2140
317172, 0, 0, 0, 0, 0, 0, 306648, 2140
317172, 0, 0, 0, 0, 0, 0, 306648, 2140
317172, 0, 0, 0, 0, 0, 0, 306648, 2140
317172, 0, 0, 0, 0, 0, 0, 306648, 2140
317172, 0, 0, 0, 0, 0, 0, 306648, 2140
317172, 0, 0, 0, 0, 0, 0, 306648, 2140
317172, 0, 0, 0, 0, 0, 0, 306648, 2140
317172, 0, 0, 0, 0, 0, 0, 306648, 2140
317172, 0, 0, 0, 0, 0, 0, 306648, 2140
317172, 0, 0, 0, 0, 0, 0, 306648, 2140
317172, 0, 0, 0, 0, 0, 0, 306648, 2140
317172, 0, 0, 0, 0, 0, 0, 306648, 2140
317172, 0, 0, 0, 0, 0, 0, 306648, 2140
317172, 0, 0, 0, 0, 0, 0, 306648, 2140
317172, 0, 0, 0, 0, 0, 0, 306648, 2140
317172, 0, 0, 0, 0, 0, 0, 306648, 2140
317172, 0, 0, 0, 0, 0, 0, 306648, 2140
317172, 0, 0, 0, 0, 0, 0, 306648, 2140
317172, 0, 0, 0, 0, 0, 0, 306648, 2140
317172, 0, 0, 0, 0, 0, 0, 306648, 2140
317172, 0, 0, 0, 0, 0, 0, 306648, 2140
317172, 0, 0, 0, 0, 0, 0, 306648, 2140
317172, 0, 0, 0, 0, 0, 0, 306648, 2140
317172, 0, 0, 0, 0, 0, 0, 306648, 2140
317172, 0, 0, 0, 0, 0, 0, 306648, 2140
317172, 0, 0, 0, 0, 0, 0, 306648, 2140
317172, 0, 0, 0, 0, 0, 0, 306648, 2140
317172, 0, 0, 0, 0, 0, 0, 306648, 2140
317172, 0, 0, 0, 0, 0, 0, 306648, 2140
317172, 0, 0, 0, 0, 0, 0, 306648, 2140
317172, 0, 0, 0, 0, 0, 0, 306648, 2140
317172, 0, 0, 0, 0, 0, 0, 306648, 2140
317172, 0, 0, 0, 0, 0, 0, 306648, 2140
317172, 0, 0, 0, 0, 0, 0, 306648, 2140
317172, 0, 0, 0, 0, 0, 0, 306648, 2140
317172, 0, 0, 0, 0, 0, 0, 306648, 2140
317172, 0, 0, 0, 0, 0, 0, 306648, 2140
317172, 0, 0, 0, 0, 0, 0, 306648, 2140
317172, 0, 0, 0, 0, 0, 0, 306648, 2140
317172, 0, 0, 0, 0, 0, 0, 306648, 2140
317172, 0, 0, 0, 0, 0, 0, 306648, 2140
317172, 0, 0, 0, 0, 0, 0, 306648, 2140
317172, 0, 0, 0, 0, 0, 0, 306648, 2140
317172, 0, 0, 0, 0, 0, 0, 306648, 2140
317172, 0, 0, 0, 0, 0, 0, 306648, 2140
317172, 0, 0, 0, 0, 0, 0, 306648, 2140
317172, 0, 0, 0, 0, 0, 0, 306648, 2140
317172, 0, 0, 0, 0, 0, 0, 306648, 2140
317172, 0, 0, 0, 0, 0, 0, 306648, 2140
317172, 0, 0, 0, 0, 0, 0, 306648, 2140
317172, 0, 0, 0, 0, 0, 0, 306648, 2140
317172, 0, 0, 0, 0, 0, 0, 306648, 2140
317172, 0, 0, 0, 0, 0, 0, 306648, 2140
317172, 0, 0, 0, 0, 0, 0, 306648, 2140
317172, 0, 0, 0, 0, 0, 0, 306648, 2140
317172, 0, 0, 0, 0, 0, 0, 306648, 2140
317172, 0, 0, 0, 0, 0, 0, 306648, 2140
317172, 0, 0, 0, 0, 0, 0, 306648, 2140
317172, 0, 0, 0, 0, 0, 0, 306648, 2140
317172, 0, 0, 0, 0, 0, 0, 306648, 2140
317172, 0, 0, 0, 0, 0, 0, 306648, 2140
317172, 0, 0, 0, 0, 0, 0, 306648, 2140
317172, 0, 0, 0, 0, 0, 0, 306648, 2140
317172, 0, 0, 0, 0, 0, 0, 306648, 2140
317172, 0, 0, 0, 0, 0, 0, 306648, 2140
317172, 0, 0, 0, 0, 0, 0, 306648, 2140
317172, 0, 0, 0, 0, 0, 0, 306648, 2140
317172, 0, 0, 0, 0, 0, 0, 306648, 2140
317172, 0, 0, 0, 0, 0, 0, 306648, 2140
317172, 0, 0, 0, 0, 0, 0, 306648, 2140
317172, 0, 0, 0, 0, 0, 0, 306648, 2140
317172, 0, 0, 0, 0, 0, 0, 306648, 2140
317172, 0, 0, 0, 0, 0, 0, 306648, 2140
317172, 0, 0, 0, 0, 0, 0, 306648, 2140
317172, 0, 0, 0, 0, 0, 0, 306648, 2140
317172, 0, 0, 0, 0, 0, 0, 306648, 2140
317172, 0, 0, 0, 0, 0, 0, 306648, 2140
317172, 0, 0, 0, 0, 0, 0, 306648, 2140
317172, 0, 0, 0, 0, 0, 0, 306648, 2140
317172, 0, 0, 0, 0, 0, 0, 306648, 2140
317172, 0, 0, 0, 0, 0, 0, 306648, 2140
317172, 0, 0, 0, 0, 0, 0, 306648, 2140
317172, 0, 0, 0, 0, 0, 0, 306648, 2140
317172, 0, 0, 0, 0, 0, 0, 306648, 2140
317172, 0, 0, 0, 0, 0, 0, 306648, 2140
317172, 0, 0, 0, 0, 0, 0, 306648, 2140
317172, 0, 0, 0, 0, 0, 0, 306648, 2140
317172, 0, 0, 0, 0, 0, 0, 306648, 2140
317172, 0, 0, 0, 0, 0, 0, 306648, 2140
317172, 0, 0, 0, 0, 0, 0, 306648, 2140
317172, 0, 0, 0, 0, 0, 0, 306648, 2140
317172, 0, 0, 0, 0, 0, 0, 306648, 2140
317172, 0, 0, 0, 0, 0, 0, 306648, 2140
317172, 0, 0, 0, 0, 0, 0, 306648, 2140
317172, 0, 0, 0, 0, 0, 0, 306648, 2140
317172, 0, 0, 0, 0, 0, 0, 306648, 2140
317172, 0, 0, 0, 0, 0, 0, 306648, 2140
317172, 0, 0, 0, 0, 0, 0, 306648, 2140
317172, 0, 0, 0, 0, 0, 0, 306648, 2140
317172, 0, 0, 0, 0, 0, 0, 306648, 2140
317172, 0, 0, 0, 0, 0, 0, 306648, 2140
317172, 0, 0, 0, 0, 0, 0, 306648, 2140
317172, 0, 0, 0, 0, 0, 0, 306648, 2140
317172, 0, 0, 0, 0, 0, 0, 306648, 2140
317172, 0, 0, 0, 0, 0, 0, 306648, 2140
317172, 0, 0, 0, 0, 0, 0, 306648, 2140
317172, 0, 0, 0, 0, 0, 0, 306648, 2140
317172, 0, 0, 0, 0, 0, 0, 306648, 2140
317172, 0, 0, 0, 0, 0, 0, 306648, 2140
317172, 0, 0, 0, 0, 0, 0, 306648, 2140
317172, 0, 0, 0, 0, 0, 0, 306648, 2140
317172, 0, 0, 0, 0, 0, 0, 306648, 2140
317172, 0, 0, 0, 0, 0, 0, 306648, 2140
317172, 0, 0, 0, 0, 0, 0, 306648, 2140
317172, 0, 0, 0, 0, 0, 0, 306648, 2140
317172, 0, 0, 0, 0, 0, 0, 306648, 2140
317172, 0, 0, 0, 0, 0, 0, 306648, 2140
317172, 0, 0, 0, 0, 0, 0, 306648, 2140
317172, 0, 0, 0, 0, 0, 0, 306648, 2140
317172, 0, 0, 0, 0, 0, 0, 306648, 2140
317172, 0, 0, 0, 0, 0, 0, 306648, 2140
317172, 0, 0, 0, 0, 0, 0, 306648, 2140
317172, 0, 0, 0, 0, 0, 0, 306648, 2140
317172, 0, 0, 0, 0, 0, 0, 306648, 2140
317172, 0, 0, 0, 0, 0, 0, 306648, 2140
317172, 0, 0, 0, 0, 0, 0, 306648, 2140
317172, 0, 0, 0, 0, 0, 0, 306648, 2140
317172, 0, 0, 0, 0, 0, 0, 306648, 2140
317172, 0, 0, 0, 0, 0, 0, 306648, 2140
317172, 0, 0, 0, 0, 0, 0, 306648, 2140
317172, 0, 0, 0, 0, 0, 0, 306648, 2140
317172, 0, 0, 0, 0, 0, 0, 306648, 2140
317172, 0, 0, 0, 0, 0, 0, 306648, 2140
317172, 0, 0, 0, 0, 0, 0, 306648, 2140
317172, 0, 0, 0, 0, 0, 0, 306648, 2140
317172, 0, 0, 0, 0, 0, 0, 306648, 2140
317172, 0, 0, 0, 0, 0, 0, 306648, 2140
317172, 0, 0, 0, 0, 0, 0, 306648, 2140
317172, 0, 0, 0, 0, 0, 0, 306648, 2140
317172, 0, 0, 0, 0, 0, 0, 306648, 2140
317172, 0, 0, 0, 0, 0, 0, 306648, 2140
317172, 0, 0, 0, 0, 0, 0, 306648, 2140
317172, 0, 0, 0, 0, 0, 0, 306648, 2140
317172, 0, 0, 0, 0, 0, 0, 306648, 2140
317172, 0, 0, 0, 0, 0, 0, 306648, 2140
317172, 0, 0, 0, 0, 0, 0, 306648, 2140
317172, 0, 0, 0, 0, 0, 0, 306648, 2140
317172, 0, 0, 0, 0, 0, 0, 306648, 2140
317172, 0, 0, 0, 0, 0, 0, 306648, 2140
317172, 0, 0, 0, 0, 0, 0, 306648, 2140
317172, 0, 0, 0, 0, 0, 0, 306648, 2140
317172, 0, 0, 0, 0, 0, 0, 306648, 2140
317172, 0, 0, 0, 0, 0, 0, 306648, 2140
317172, 0, 0, 0, 0, 0, 0, 306648, 2140
317172, 0, 0, 0, 0, 0, 0, 306648, 2140
317172, 0, 0, 0, 0, 0, 0, 306648, 2140
317172, 0, 0, 0, 0, 0, 0, 306648, 2140
317172, 0, 0, 0, 0, 0, 0, 306648, 2140
317172, 0, 0, 0, 0, 0, 0, 306648, 2140
317172, 0, 0, 0, 0, 0, 0, 306648, 2140
317172, 0, 0, 0, 0, 0, 0, 306648, 2140
317172, 0, 0, 0, 0, 0, 0, 306648, 2140
317172, 0, 0, 0, 0, 0, 0, 306648, 2140
317172, 0, 0, 0, 0, 0, 0, 306648, 2140
317172, 0, 0, 0, 0, 0, 0, 306648, 2140
317172, 0, 0, 0, 0, 0, 0, 306648, 2140
317172, 0, 0, 0, 0, 0, 0, 306648, 2140
317172, 0, 0, 0, 0, 0, 0, 306648, 2140
317172, 0, 0, 0, 0, 0, 0, 306648, 2140
317172, 0, 0, 0, 0, 0, 0, 306648, 2140
317172, 0, 0, 0, 0, 0, 0, 306648, 2140
317172, 0, 0, 0, 0, 0, 0, 306648, 2140
317172, 0, 0, 0, 0, 0, 0, 306648, 2140
317172, 0, 0, 0, 0, 0, 0, 306648, 2140
317172, 0, 0, 0, 0, 0, 0, 306648, 2140
317172, 0, 0, 0, 0, 0, 0, 306648, 2140
317172, 0, 0, 0, 0, 0, 0, 306648, 2140
317172, 0, 0, 0, 0, 0, 0, 306648, 2140
317172, 0, 0, 0, 0, 0, 0, 306648, 2140
317172, 0, 0, 0, 0, 0, 0, 306648, 2140
317172, 0, 0, 0, 0, 0, 0, 306648, 2140
317172, 0, 0, 0, 0, 0, 0, 306648, 2140
317172, 0, 0, 0, 0, 0, 0, 306648, 2140
317172, 0, 0, 0, 0, 0, 0, 306648, 2140
317172, 0, 0, 0, 0, 0, 0, 306648, 2140
317172, 0, 0, 0, 0, 0, 0, 306648, 2140
317172, 0, 0, 0, 0, 0, 0, 306648, 2140
317172, 0, 0, 0, 0, 0, 0, 306648, 2140
317172, 0, 0, 0, 0, 0, 0, 306648, 2140
317172, 0, 0, 0, 0, 0, 0, 306648, 2140
317172, 0, 0, 0, 0, 0, 0, 306648, 2140
317172, 0, 0, 0, 0, 0, 0, 306648, 2140
317172, 0, 0, 0, 0, 0, 0, 306648, 2140
317172, 0, 0, 0, 0, 0, 0, 306648, 2140
317172, 0, 0, 0, 0, 0, 0, 306648, 2140
317172, 0, 0, 0, 0, 0, 0, 306648, 2140
317172, 0, 0, 0, 0, 0, 0, 306648, 2140
317172, 0, 0, 0, 0, 0, 0, 306648, 2140
317172, 0, 0, 0, 0, 0, 0, 306648, 2140
317172, 0, 0, 0, 0, 0, 0, 306648, 2140
317172, 0, 0, 0, 0, 0, 0, 306648, 2140
317172, 0, 0, 0, 0, 0, 0, 306648, 2140
317172, 0, 0, 0, 0, 0, 0, 306648, 2140
317172, 0, 0, 0, 0, 0, 0, 306648, 2140
317172, 0, 0, 0, 0, 0, 0, 306648, 2140
317172, 0, 0, 0, 0, 0, 0, 306648, 2140
317172, 0, 0, 0, 0, 0, 0, 306648, 2140
317172, 0, 0, 0, 0, 0, 0, 306648, 2140
317172, 0, 0, 0, 0, 0, 0, 306648, 2140
317172, 0, 0, 0, 0, 0, 0, 306648, 2140
317172, 0, 0, 0, 0, 0, 0, 306648, 2140
317172, 0, 0, 0, 0, 0, 0, 306648, 2140
317172, 0, 0, 0, 0, 0, 0, 306648, 2140
317172, 0, 0, 0, 0, 0, 0, 306648, 2140
317172, 0, 0, 0, 0, 0, 0, 306648, 2140
317172, 0, 0, 0, 0, 0, 0, 306648, 2140
317172, 0, 0, 0, 0, 0, 0, 306648, 2140
317172, 0, 0, 0, 0, 0, 0, 306648, 2140
317172, 0, 0, 0, 0, 0, 0, 306648, 2140
317172, 0, 0, 0, 0, 0, 0, 306648, 2140
317172, 0, 0, 0, 0, 0, 0, 306648, 2140
317172, 0, 0, 0, 0, 0, 0, 306648, 2140
317172, 0, 0, 0, 0, 0, 0, 306648, 2140
317172, 0, 0, 0, 0, 0, 0, 306648, 2140
317172, 0, 0, 0, 0, 0, 0, 306648, 2140
317172, 0, 0, 0, 0, 0, 0, 306648, 2140
317172, 0, 0, 0, 0, 0, 0, 306648, 2140
317172, 0, 0, 0, 0, 0, 0, 306648, 2140
317172, 0, 0, 0, 0, 0, 0, 306648, 2140
317172, 0, 0, 0, 0, 0, 0, 306648, 2140
317172, 0, 0, 0, 0, 0, 0, 306648, 2140
317172, 0, 0, 0, 0, 0, 0, 306648, 2140
317172, 0, 0, 0, 0, 0, 0, 306648, 2140
317172, 0, 0, 0, 0, 0, 0, 306648, 2140
317172, 0, 0, 0, 0, 0, 0, 306648, 2140
317172, 0, 0, 0, 0, 0, 0, 306648, 2140
317172, 0, 0, 0, 0, 0, 0, 306648, 2140
317172, 0, 0, 0, 0, 0, 0, 306648, 2140
317172, 0, 0, 0, 0, 0, 0, 306648, 2140
317172, 0, 0, 0, 0, 0, 0, 306648, 2140
317172, 0, 0, 0, 0, 0, 0, 306648, 2140
317172, 0, 0, 0, 0, 0, 0, 306648, 2140
317172, 0, 0, 0, 0, 0, 0, 306648, 2140
317172, 0, 0, 0, 0, 0, 0, 306648, 2140
317172, 0, 0, 0, 0, 0, 0, 306648, 2140
317172, 0, 0, 0, 0, 0, 0, 306648, 2140
317172, 0, 0, 0, 0, 0, 0, 306648, 2140
317172, 0, 0, 0, 0, 0, 0, 306648, 2140
317172, 0, 0, 0, 0, 0, 0, 306648, 2140
317172, 0, 0, 0, 0, 0, 0, 306648, 2140
317172, 0, 0, 0, 0, 0, 0, 306648, 2140
317172, 0, 0, 0, 0, 0, 0, 306648, 2140
317172, 0, 0, 0, 0, 0, 0, 306648, 2140
317172, 0, 0, 0, 0, 0, 0, 306648, 2140
317172, 0, 0, 0, 0, 0, 0, 306648, 2140
317172, 0, 0, 0, 0, 0, 0, 306648, 2140
317172, 0, 0, 0, 0, 0, 0, 306648, 2140
317172, 0, 0, 0, 0, 0, 0, 306648, 2140
317172, 0, 0, 0, 0, 0, 0, 306648, 2140
317172, 0, 0, 0, 0, 0, 0, 306648, 2140
317172, 0, 0, 0, 0, 0, 0, 306648, 2140
317172, 0, 0, 0, 0, 0, 0, 306648, 2140
317172, 0, 0, 0, 0, 0, 0, 306648, 2140
317172, 0, 0, 0, 0, 0, 0, 306648, 2140
317172, 0, 0, 0, 0, 0, 0, 306648, 2140
317172, 0, 0, 0, 0, 0, 0, 306648, 2140
317172, 0, 0, 0, 0, 0, 0, 306648, 2140
317172, 0, 0, 0, 0, 0, 0, 306648, 2140
317172, 0, 0, 0, 0, 0, 0, 306648, 2140
317172, 0, 0, 0, 0, 0, 0, 306648, 2140
317172, 0, 0, 0, 0, 0, 0, 306648, 2140
317172, 0, 0, 0, 0, 0, 0, 306648, 2140
317172, 0, 0, 0, 0, 0, 0, 306648, 2140
317172, 0, 0, 0, 0, 0, 0, 306648, 2140
317172, 0, 0, 0, 0, 0, 0, 306648, 2140
317172, 0, 0, 0, 0, 0, 0, 306648, 2140
317172, 0, 0, 0, 0, 0, 0, 306648, 2140
317172, 0, 0, 0, 0, 0, 0, 306648, 2140
317172, 0, 0, 0, 0, 0, 0, 306648, 2140
317172, 0, 0, 0, 0, 0, 0, 306648, 2140
317172, 0, 0, 0, 0, 0, 0, 306648, 2140
317172, 0, 0, 0, 0, 0, 0, 306648, 2140
317172, 0, 0, 0, 0, 0, 0, 306648, 2140
317172, 0, 0, 0, 0, 0, 0, 306648, 2140
317172, 0, 0, 0, 0, 0, 0, 306648, 2140
317172, 0, 0, 0, 0, 0, 0, 306648, 2140
317172, 0, 0, 0, 0, 0, 0, 306648, 2140
317172, 0, 0, 0, 0, 0, 0, 306648, 2140
317172, 0, 0, 0, 0, 0, 0, 306648, 2140
317172, 0, 0, 0, 0, 0, 0, 306648, 2140
317172, 0, 0, 0, 0, 0, 0, 306648, 2140
317172, 0, 0, 0, 0, 0, 0, 306648, 2140
317172, 0, 0, 0, 0, 0, 0, 306648, 2140
317172, 0, 0, 0, 0, 0, 0, 306648, 2140
317172, 0, 0, 0, 0, 0, 0, 306648, 2140
317172, 0, 0, 0, 0, 0, 0, 306648, 2140
317172, 0, 0, 0, 0, 0, 0, 306648, 2140
317172, 0, 0, 0, 0, 0, 0, 306648, 2140
317172, 0, 0, 0, 0, 0, 0, 306648, 2140
317172, 0, 0, 0, 0, 0, 0, 306648, 2140
317172, 0, 0, 0, 0, 0, 0, 306648, 2140
317172, 0, 0, 0, 0, 0, 0, 306648, 2140
317172, 0, 0, 0, 0, 0, 0, 306648, 2140
317172, 0, 0, 0, 0, 0, 0, 306648, 2140
317172, 0, 0, 0, 0, 0, 0, 306648, 2140
317172, 0, 0, 0, 0, 0, 0, 306648, 2140
317172, 0, 0, 0, 0, 0, 0, 306648, 2140
317172, 0, 0, 0, 0, 0, 0, 306648, 2140
317172, 0, 0, 0, 0, 0, 0, 306648, 2140
317172, 0, 0, 0, 0, 0, 0, 306648, 2140
317172, 0, 0, 0, 0, 0, 0, 306648, 2140
317172, 0, 0, 0, 0, 0, 0, 306648, 2140
317172, 0, 0, 0, 0, 0, 0, 306648, 2140
317172, 0, 0, 0, 0, 0, 0, 306648, 2140
317172, 0, 0, 0, 0, 0, 0, 306648, 2140
317172, 0, 0, 0, 0, 0, 0, 306648, 2140
317172, 0, 0, 0, 0, 0, 0, 306648, 2140
317172, 0, 0, 0, 0, 0, 0, 306648, 2140
317172, 0, 0, 0, 0, 0, 0, 306648, 2140
317172, 0, 0, 0, 0, 0, 0, 306648, 2140
317172, 0, 0, 0, 0, 0, 0, 306648, 2140
317172, 0, 0, 0, 0, 0, 0, 306648, 2140
317172, 0, 0, 0, 0, 0, 0, 306648, 2140
317172, 0, 0, 0, 0, 0, 0, 306648, 2140
317172, 0, 0, 0, 0, 0, 0, 306648, 2140
317172, 0, 0, 0, 0, 0, 0, 306648, 2140
317172, 0, 0, 0, 0, 0, 0, 306648, 2140
317172, 0, 0, 0, 0, 0, 0, 306648, 2140
317172, 0, 0, 0, 0, 0, 0, 306648, 2140
317172, 0, 0, 0, 0, 0, 0, 306648, 2140
317172, 0, 0, 0, 0, 0, 0, 306648, 2140
317172, 0, 0, 0, 0, 0, 0, 306648, 2140
317172, 0, 0, 0, 0, 0, 0, 306648, 2140
317172, 0, 0, 0, 0, 0, 0, 306648, 2140
317172, 0, 0, 0, 0, 0, 0, 306648, 2140
317172, 0, 0, 0, 0, 0, 0, 306648, 2140
317172, 0, 0, 0, 0, 0, 0, 306648, 2140
317172, 0, 0, 0, 0, 0, 0, 306648, 2140
317172, 0, 0, 0, 0, 0, 0, 306648, 2140
317172, 0, 0, 0, 0, 0, 0, 306648, 2140
317172, 0, 0, 0, 0, 0, 0, 306648, 2140
317172, 0, 0, 0, 0, 0, 0, 306648, 2140
317172, 0, 0, 0, 0, 0, 0, 306648, 2140
317172, 0, 0, 0, 0, 0, 0, 306648, 2140
317172, 0, 0, 0, 0, 0, 0, 306648, 2140
317172, 0, 0, 0, 0, 0, 0, 306648, 2140
317172, 0, 0, 0, 0, 0, 0, 306648, 2140
317172, 0, 0, 0, 0, 0, 0, 306648, 2140
317172, 0, 0, 0, 0, 0, 0, 306648, 2140
317172, 0, 0, 0, 0, 0, 0, 306648, 2140
317172, 0, 0, 0, 0, 0, 0, 306648, 2140
317172, 0, 0, 0, 0, 0, 0, 306648, 2140
317172, 0, 0, 0, 0, 0, 0, 306648, 2140
317172, 0, 0, 0, 0, 0, 0, 306648, 2140
317172, 0, 0, 0, 0, 0, 0, 306648, 2140
317172, 0, 0, 0, 0, 0, 0, 306648, 2140
317172, 0, 0, 0, 0, 0, 0, 306648, 2140
317172, 0, 0, 0, 0, 0, 0, 306648, 2140
317172, 0, 0, 0, 0, 0, 0, 306648, 2140
317172, 0, 0, 0, 0, 0, 0, 306648, 2140
317172, 0, 0, 0, 0, 0, 0, 306648, 2140
317172, 0, 0, 0, 0, 0, 0, 306648, 2140
317172, 0, 0, 0, 0, 0, 0, 306648, 2140
317172, 0, 0, 0, 0, 0, 0, 306648, 2140
317172, 0, 0, 0, 0, 0, 0, 306648, 2140
317172, 0, 0, 0, 0, 0, 0, 306648, 2140
317172, 0, 0, 0, 0, 0, 0, 306648, 2140
317172, 0, 0, 0, 0, 0, 0, 306648, 2140
317172, 0, 0, 0, 0, 0, 0, 306648, 2140
317172, 0, 0, 0, 0, 0, 0, 306648, 2140
317172, 0, 0, 0, 0, 0, 0, 306648, 2140
317172, 0, 0, 0, 0, 0, 0, 306648, 2140
317172, 0, 0, 0, 0, 0, 0, 306648, 2140
317172, 0, 0, 0, 0, 0, 0, 306648, 2140
317172, 0, 0, 0, 0, 0, 0, 306648, 2140
317172, 0, 0, 0, 0, 0, 0, 306648, 2140
317172, 0, 0, 0, 0, 0, 0, 306648, 2140
317172, 0, 0, 0, 0, 0, 0, 306648, 2140
317172, 0, 0, 0, 0, 0, 0, 306648, 2140
317172, 0, 0, 0, 0, 0, 0, 306648, 2140
317172, 0, 0, 0, 0, 0, 0, 306648, 2140
317172, 0, 0, 0, 0, 0, 0, 306648, 2140
317172, 0, 0, 0, 0, 0, 0, 306648, 2140
317172, 0, 0, 0, 0, 0, 0, 306648, 2140
317172, 0, 0, 0, 0, 0, 0, 306648, 2140
317172, 0, 0, 0, 0, 0, 0, 306648, 2140
317172, 0, 0, 0, 0, 0, 0, 306648, 2140
317172, 0, 0, 0, 0, 0, 0, 306648, 2140
317172, 0, 0, 0, 0, 0, 0, 306648, 2140
317172, 0, 0, 0, 0, 0, 0, 306648, 2140
317172, 0, 0, 0, 0, 0, 0, 306648, 2140
317172, 0, 0, 0, 0, 0, 0, 306648, 2140
317172, 0, 0, 0, 0, 0, 0, 306648, 2140
317172, 0, 0, 0, 0, 0, 0, 306648, 2140
317172, 0, 0, 0, 0, 0, 0, 306648, 2140
317172, 0, 0, 0, 0, 0, 0, 306648, 2140
317172, 0, 0, 0, 0, 0, 0, 306648, 2140
317172, 0, 0, 0, 0, 0, 0, 306648, 2140
317172, 0, 0, 0, 0, 0, 0, 306648, 2140
317172, 0, 0, 0, 0, 0, 0, 306648, 2140
317172, 0, 0, 0, 0, 0, 0, 306648, 2140
317172, 0, 0, 0, 0, 0, 0, 306648, 2140
317172, 0, 0, 0, 0, 0, 0, 306648, 2140
317172, 0, 0, 0, 0, 0, 0, 306648, 2140
317172, 0, 0, 0, 0, 0, 0, 306648, 2140
317172, 0, 0, 0, 0, 0, 0, 306648, 2140
317172, 0, 0, 0, 0, 0, 0, 306648, 2140
317172, 0, 0, 0, 0, 0, 0, 306648, 2140
317172, 0, 0, 0, 0, 0, 0, 306648, 2140
317172, 0, 0, 0, 0, 0, 0, 306648, 2140
317172, 0, 0, 0, 0, 0, 0, 306648, 2140
317172, 0, 0, 0, 0, 0, 0, 306648, 2140
317172, 0, 0, 0, 0, 0, 0, 306648, 2140
317172, 0, 0, 0, 0, 0, 0, 306648, 2140
317172, 0, 0, 0, 0, 0, 0, 306648, 2140
317172, 0, 0, 0, 0, 0, 0, 306648, 2140
317172, 0, 0, 0, 0, 0, 0, 306648, 2140
317172, 0, 0, 0, 0, 0, 0, 306648, 2140
317172, 0, 0, 0, 0, 0, 0, 306648, 2140
317172, 0, 0, 0, 0, 0, 0, 306648, 2140
317172, 0, 0, 0, 0, 0, 0, 306648, 2140
317172, 0, 0, 0, 0, 0, 0, 306648, 2140
317172, 0, 0, 0, 0, 0, 0, 306648, 2140
317172, 0, 0, 0, 0, 0, 0, 306648, 2140
317172, 0, 0, 0, 0, 0, 0, 306648, 2140
317172, 0, 0, 0, 0, 0, 0, 306648, 2140
317172, 0, 0, 0, 0, 0, 0, 306648, 2140
317172, 0, 0, 0, 0, 0, 0, 306648, 2140
317172, 0, 0, 0, 0, 0, 0, 306648, 2140
317172, 0, 0, 0, 0, 0, 0, 306648, 2140
317172, 0, 0, 0, 0, 0, 0, 306648, 2140
317172, 0, 0, 0, 0, 0, 0, 306648, 2140
317172, 0, 0, 0, 0, 0, 0, 306648, 2140
317172, 0, 0, 0, 0, 0, 0, 306648, 2140
317172, 0, 0, 0, 0, 0, 0, 306648, 2140
317172, 0, 0, 0, 0, 0, 0, 306648, 2140
317172, 0, 0, 0, 0, 0, 0, 306648, 2140
317172, 0, 0, 0, 0, 0, 0, 306648, 2140
317172, 0, 0, 0, 0, 0, 0, 306648, 2140
317172, 0, 0, 0, 0, 0, 0, 306648, 2140
317172, 0, 0, 0, 0, 0, 0, 306648, 2140
317172, 0, 0, 0, 0, 0, 0, 306648, 2140
317172, 0, 0, 0, 0, 0, 0, 306648, 2140
317172, 0, 0, 0, 0, 0, 0, 306648, 2140
317172, 0, 0, 0, 0, 0, 0, 306648, 2140
317172, 0, 0, 0, 0, 0, 0, 306648, 2140
317172, 0, 0, 0, 0, 0, 0, 306648, 2140
317172, 0, 0, 0, 0, 0, 0, 306648, 2140
317172, 0, 0, 0, 0, 0, 0, 306648, 2140
317172, 0, 0, 0, 0, 0, 0, 306648, 2140
317172, 0, 0, 0, 0, 0, 0, 306648, 2140
317172, 0, 0, 0, 0, 0, 0, 306648, 2140
317172, 0, 0, 0, 0, 0, 0, 306648, 2140
317172, 0, 0, 0, 0, 0, 0, 306648, 2140
317172, 0, 0, 0, 0, 0, 0, 306648, 2140
317172, 0, 0, 0, 0, 0, 0, 306648, 2140
317172, 0, 0, 0, 0, 0, 0, 306648, 2140
317172, 0, 0, 0, 0, 0, 0, 306648, 2140
317172, 0, 0, 0, 0, 0, 0, 306648, 2140
317172, 0, 0, 0, 0, 0, 0, 306648, 2140
317172, 0, 0, 0, 0, 0, 0, 306648, 2140
317172, 0, 0, 0, 0, 0, 0, 306648, 2140
317172, 0, 0, 0, 0, 0, 0, 306648, 2140
317172, 0, 0, 0, 0, 0, 0, 306648, 2140
317172, 0, 0, 0, 0, 0, 0, 306648, 2140
317172, 0, 0, 0, 0, 0, 0, 306648, 2140
317172, 0, 0, 0, 0, 0, 0, 306648, 2140
317172, 0, 0, 0, 0, 0, 0, 306648, 2140
317172, 0, 0, 0, 0, 0, 0, 306648, 2140
317172, 0, 0, 0, 0, 0, 0, 306648, 2140
317172, 0, 0, 0, 0, 0, 0, 306648, 2140
317172, 0, 0, 0, 0, 0, 0, 306648, 2140
317172, 0, 0, 0, 0, 0, 0, 306648, 2140
317172, 0, 0, 0, 0, 0, 0, 306648, 2140
317172, 0, 0, 0, 0, 0, 0, 306648, 2140
317172, 0, 0, 0, 0, 0, 0, 306648, 2140
317172, 0, 0, 0, 0, 0, 0, 306648, 2140
317172, 0, 0, 0, 0, 0, 0, 306648, 2140
317172, 0, 0, 0, 0, 0, 0, 306648, 2140
317172, 0, 0, 0, 0, 0, 0, 306648, 2140
317172, 0, 0, 0, 0, 0, 0, 306648, 2140
317172, 0, 0, 0, 0, 0, 0, 306648, 2140
317172, 0, 0, 0, 0, 0, 0, 306648, 2140
317172, 0, 0, 0, 0, 0, 0, 306648, 2140
317172, 0, 0, 0, 0, 0, 0, 306648, 2140
317172, 0, 0, 0, 0, 0, 0, 306648, 2140
317172, 0, 0, 0, 0, 0, 0, 306648, 2140
317172, 0, 0, 0, 0, 0, 0, 306648, 2140
317172, 0, 0, 0, 0, 0, 0, 306648, 2140
317172, 0, 0, 0, 0, 0, 0, 306648, 2140
317172, 0, 0, 0, 0, 0, 0, 306648, 2140
317172, 0, 0, 0, 0, 0, 0, 306648, 2140
317172, 0, 0, 0, 0, 0, 0, 306648, 2140
317172, 0, 0, 0, 0, 0, 0, 306648, 2140
317172, 0, 0, 0, 0, 0, 0, 306648, 2140
317172, 0, 0, 0, 0, 0, 0, 306648, 2140
317172, 0, 0, 0, 0, 0, 0, 306648, 2140
317172, 0, 0, 0, 0, 0, 0, 306648, 2140
317172, 0, 0, 0, 0, 0, 0, 306648, 2140
317172, 0, 0, 0, 0, 0, 0, 306648, 2140
317172, 0, 0, 0, 0, 0, 0, 306648, 2140
317172, 0, 0, 0, 0, 0, 0, 306648, 2140
317172, 0, 0, 0, 0, 0, 0, 306648, 2140
317172, 0, 0, 0, 0, 0, 0, 306648, 2140
317172, 0, 0, 0, 0, 0, 0, 306648, 2140
317172, 0, 0, 0, 0, 0, 0, 306648, 2140
317172, 0, 0, 0, 0, 0, 0, 306648, 2140
317172, 0, 0, 0, 0, 0, 0, 306648, 2140
317172, 0, 0, 0, 0, 0, 0, 306648, 2140
317172, 0, 0, 0, 0, 0, 0, 306648, 2140
317172, 0, 0, 0, 0, 0, 0, 306648, 2140
317172, 0, 0, 0, 0, 0, 0, 306648, 2140
317172, 0, 0, 0, 0, 0, 0, 306648, 2140
317172, 0, 0, 0, 0, 0, 0, 306648, 2140
317172, 0, 0, 0, 0, 0, 0, 306648, 2140
317172, 0, 0, 0, 0, 0, 0, 306648, 2140
317172, 0, 0, 0, 0, 0, 0, 306648, 2140
317172, 0, 0, 0, 0, 0, 0, 306648, 2140
317172, 0, 0, 0, 0, 0, 0, 306648, 2140
317172, 0, 0, 0, 0, 0, 0, 306648, 2140
317172, 0, 0, 0, 0, 0, 0, 306648, 2140
317172, 0, 0, 0, 0, 0, 0, 306648, 2140
317172, 0, 0, 0, 0, 0, 0, 306648, 2140
317172, 0, 0, 0, 0, 0, 0, 306648, 2140
317172, 0, 0, 0, 0, 0, 0, 306648, 2140
317172, 0, 0, 0, 0, 0, 0, 306648, 2140
317172, 0, 0, 0, 0, 0, 0, 306648, 2140
317172, 0, 0, 0, 0, 0, 0, 306648, 2140
317172, 0, 0, 0, 0, 0, 0, 306648, 2140
317172, 0, 0, 0, 0, 0, 0, 306648, 2140
317172, 0, 0, 0, 0, 0, 0, 306648, 2140
317172, 0, 0, 0, 0, 0, 0, 306648, 2140
317172, 0, 0, 0, 0, 0, 0, 306648, 2140
317172, 0, 0, 0, 0, 0, 0, 306648, 2140
317172, 0, 0, 0, 0, 0, 0, 306648, 2140
317172, 0, 0, 0, 0, 0, 0, 306648, 2140
317172, 0, 0, 0, 0, 0, 0, 306648, 2140
317172, 0, 0, 0, 0, 0, 0, 306648, 2140
317172, 0, 0, 0, 0, 0, 0, 306648, 2140
317172, 0, 0, 0, 0, 0, 0, 306648, 2140
317172, 0, 0, 0, 0, 0, 0, 306648, 2140
317172, 0, 0, 0, 0, 0, 0, 306648, 2140
317172, 0, 0, 0, 0, 0, 0, 306648, 2140
317172, 0, 0, 0, 0, 0, 0, 306648, 2140
317172, 0, 0, 0, 0, 0, 0, 306648, 2140
317172, 0, 0, 0, 0, 0, 0, 306648, 2140
317172, 0, 0, 0, 0, 0, 0, 306648, 2140
317172, 0, 0, 0, 0, 0, 0, 306648, 2140
317172, 0, 0, 0, 0, 0, 0, 306648, 2140
317172, 0, 0, 0, 0, 0, 0, 306648, 2140
317172, 0, 0, 0, 0, 0, 0, 306648, 2140
317172, 0, 0, 0, 0, 0, 0, 306648, 2140
317172, 0, 0, 0, 0, 0, 0, 306648, 2140
317172, 0, 0, 0, 0, 0, 0, 306648, 2140
317172, 0, 0, 0, 0, 0, 0, 306648, 2140
317172, 0, 0, 0, 0, 0, 0, 306648, 2140
317172, 0, 0, 0, 0, 0, 0, 306648, 2140
317172, 0, 0, 0, 0, 0, 0, 306648, 2140
317172, 0, 0, 0, 0, 0, 0, 306648, 2140
317172, 0, 0, 0, 0, 0, 0, 306648, 2140
317172, 0, 0, 0, 0, 0, 0, 306648, 2140
317172, 0, 0, 0, 0, 0, 0, 306648, 2140
317172, 0, 0, 0, 0, 0, 0, 306648, 2140
317172, 0, 0, 0, 0, 0, 0, 306648, 2140
317172, 0, 0, 0, 0, 0, 0, 306648, 2140
317172, 0, 0, 0, 0, 0, 0, 306648, 2140
317172, 0, 0, 0, 0, 0, 0, 306648, 2140
317172, 0, 0, 0, 0, 0, 0, 306648, 2140
317172, 0, 0, 0, 0, 0, 0, 306648, 2140
317172, 0, 0, 0, 0, 0, 0, 306648, 2140
317172, 0, 0, 0, 0, 0, 0, 306648, 2140
317172, 0, 0, 0, 0, 0, 0, 306648, 2140
317172, 0, 0, 0, 0, 0, 0, 306648, 2140
317172, 0, 0, 0, 0, 0, 0, 306648, 2140
317172, 0, 0, 0, 0, 0, 0, 306648, 2140
317172, 0, 0, 0, 0, 0, 0, 306648, 2140
317172, 0, 0, 0, 0, 0, 0, 306648, 2140
317172, 0, 0, 0, 0, 0, 0, 306648, 2140
317172, 0, 0, 0, 0, 0, 0, 306648, 2140
317172, 0, 0, 0, 0, 0, 0, 306648, 2140
317172, 0, 0, 0, 0, 0, 0, 306648, 2140
317172, 0, 0, 0, 0, 0, 0, 306648, 2140
317172, 0, 0, 0, 0, 0, 0, 306648, 2140
317172, 0, 0, 0, 0, 0, 0, 306648, 2140
317172, 0, 0, 0, 0, 0, 0, 306648, 2140
317172, 0, 0, 0, 0, 0, 0, 306648, 2140
317172, 0, 0, 0, 0, 0, 0, 306648, 2140
317172, 0, 0, 0, 0, 0, 0, 306648, 2140
317172, 0, 0, 0, 0, 0, 0, 306648, 2140
317172, 0, 0, 0, 0, 0, 0, 306648, 2140
317172, 0, 0, 0, 0, 0, 0, 306648, 2140
317172, 0, 0, 0, 0, 0, 0, 306648, 2140
317172, 0, 0, 0, 0, 0, 0, 306648, 2140
317172, 0, 0, 0, 0, 0, 0, 306648, 2140
317172, 0, 0, 0, 0, 0, 0, 306648, 2140
317172, 0, 0, 0, 0, 0, 0, 306648, 2140
317172, 0, 0, 0, 0, 0, 0, 306648, 2140
317172, 0, 0, 0, 0, 0, 0, 306648, 2140
317172, 0, 0, 0, 0, 0, 0, 306648, 2140
317172, 0, 0, 0, 0, 0, 0, 306648, 2140
317172, 0, 0, 0, 0, 0, 0, 306648, 2140
317172, 0, 0, 0, 0, 0, 0, 306648, 2140
317172, 0, 0, 0, 0, 0, 0, 306648, 2140
317172, 0, 0, 0, 0, 0, 0, 306648, 2140
317172, 0, 0, 0, 0, 0, 0, 306648, 2140
317172, 0, 0, 0, 0, 0, 0, 306648, 2140
317172, 0, 0, 0, 0, 0, 0, 306648, 2140
317172, 0, 0, 0, 0, 0, 0, 306648, 2140
317172, 0, 0, 0, 0, 0, 0, 306648, 2140
317172, 0, 0, 0, 0, 0, 0, 306648, 2140
317172, 0, 0, 0, 0, 0, 0, 306648, 2140
317172, 0, 0, 0, 0, 0, 0, 306648, 2140
317172, 0, 0, 0, 0, 0, 0, 306648, 2140
317172, 0, 0, 0, 0, 0, 0, 306648, 2140
317172, 0, 0, 0, 0, 0, 0, 306648, 2140
317172, 0, 0, 0, 0, 0, 0, 306648, 2140
317172, 0, 0, 0, 0, 0, 0, 306648, 2140
317172, 0, 0, 0, 0, 0, 0, 306648, 2140
317172, 0, 0, 0, 0, 0, 0, 306648, 2140
317172, 0, 0, 0, 0, 0, 0, 306648, 2140
317172, 0, 0, 0, 0, 0, 0, 306648, 2140
317172, 0, 0, 0, 0, 0, 0, 306648, 2140
317172, 0, 0, 0, 0, 0, 0, 306648, 2140
317172, 0, 0, 0, 0, 0, 0, 306648, 2140
317172, 0, 0, 0, 0, 0, 0, 306648, 2140
317172, 0, 0, 0, 0, 0, 0, 306648, 2140
317172, 0, 0, 0, 0, 0, 0, 306648, 2140
317172, 0, 0, 0, 0, 0, 0, 306648, 2140
317172, 0, 0, 0, 0, 0, 0, 306648, 2140
317172, 0, 0, 0, 0, 0, 0, 306648, 2140
317172, 0, 0, 0, 0, 0, 0, 306648, 2140
317172, 0, 0, 0, 0, 0, 0, 306648, 2140
317172, 0, 0, 0, 0, 0, 0, 306648, 2140
317172, 0, 0, 0, 0, 0, 0, 306648, 2140
317172, 0, 0, 0, 0, 0, 0, 306648, 2140
317172, 0, 0, 0, 0, 0, 0, 306648, 2140
317172, 0, 0, 0, 0, 0, 0, 306648, 2140
317172, 0, 0, 0, 0, 0, 0, 306648, 2140
317172, 0, 0, 0, 0, 0, 0, 306648, 2140
317172, 0, 0, 0, 0, 0, 0, 306648, 2140
317172, 0, 0, 0, 0, 0, 0, 306648, 2140
317172, 0, 0, 0, 0, 0, 0, 306648, 2140
317172, 0, 0, 0, 0, 0, 0, 306648, 2140
317172, 0, 0, 0, 0, 0, 0, 306648, 2140
317172, 0, 0, 0, 0, 0, 0, 306648, 2140
317172, 0, 0, 0, 0, 0, 0, 306648, 2140
317172, 0, 0, 0, 0, 0, 0, 306648, 2140
317172, 0, 0, 0, 0, 0, 0, 306648, 2140
317172, 0, 0, 0, 0, 0, 0, 306648, 2140
317172, 0, 0, 0, 0, 0, 0, 306648, 2140
317172, 0, 0, 0, 0, 0, 0, 306648, 2140
317172, 0, 0, 0, 0, 0, 0, 306648, 2140
317172, 0, 0, 0, 0, 0, 0, 306648, 2140
317172, 0, 0, 0, 0, 0, 0, 306648, 2140
317172, 0, 0, 0, 0, 0, 0, 306648, 2140
317172, 0, 0, 0, 0, 0, 0, 306648, 2140
317172, 0, 0, 0, 0, 0, 0, 306648, 2140
317172, 0, 0, 0, 0, 0, 0, 306648, 2140
317172, 0, 0, 0, 0, 0, 0, 306648, 2140
317172, 0, 0, 0, 0, 0, 0, 306648, 2140
317172, 0, 0, 0, 0, 0, 0, 306648, 2140
317172, 0, 0, 0, 0, 0, 0, 306648, 2140
317172, 0, 0, 0, 0, 0, 0, 306648, 2140
317172, 0, 0, 0, 0, 0, 0, 306648, 2140
317172, 0, 0, 0, 0, 0, 0, 306648, 2140
317172, 0, 0, 0, 0, 0, 0, 306648, 2140
317172, 0, 0, 0, 0, 0, 0, 306648, 2140
317172, 0, 0, 0, 0, 0, 0, 306648, 2140
317172, 0, 0, 0, 0, 0, 0, 306648, 2140
317172, 0, 0, 0, 0, 0, 0, 306648, 2140
317172, 0, 0, 0, 0, 0, 0, 306648, 2140
317172, 0, 0, 0, 0, 0, 0, 306648, 2140
317172, 0, 0, 0, 0, 0, 0, 306648, 2140
317172, 0, 0, 0, 0, 0, 0, 306648, 2140
317172, 0, 0, 0, 0, 0, 0, 306648, 2140
317172, 0, 0, 0, 0, 0, 0, 306648, 2140
317172, 0, 0, 0, 0, 0, 0, 306648, 2140
317172, 0, 0, 0, 0, 0, 0, 306648, 2140
317172, 0, 0, 0, 0, 0, 0, 306648, 2140
317172, 0, 0, 0, 0, 0, 0, 306648, 2140
317172, 0, 0, 0, 0, 0, 0, 306648, 2140
317172, 0, 0, 0, 0, 0, 0, 306648, 2140
317172, 0, 0, 0, 0, 0, 0, 306648, 2140
317172, 0, 0, 0, 0, 0, 0, 306648, 2140
317172, 0, 0, 0, 0, 0, 0, 306648, 2140
317172, 0, 0, 0, 0, 0, 0, 306648, 2140
317172, 0, 0, 0, 0, 0, 0, 306648, 2140
317172, 0, 0, 0, 0, 0, 0, 306648, 2140
317172, 0, 0, 0, 0, 0, 0, 306648, 2140
317172, 0, 0, 0, 0, 0, 0, 306648, 2140
317172, 0, 0, 0, 0, 0, 0, 306648, 2140
317172, 0, 0, 0, 0, 0, 0, 306648, 2140
317172, 0, 0, 0, 0, 0, 0, 306648, 2140
317172, 0, 0, 0, 0, 0, 0, 306648, 2140
317172, 0, 0, 0, 0, 0, 0, 306648, 2140
317172, 0, 0, 0, 0, 0, 0, 306648, 2140
317172, 0, 0, 0, 0, 0, 0, 306648, 2140
317172, 0, 0, 0, 0, 0, 0, 306648, 2140
317172, 0, 0, 0, 0, 0, 0, 306648, 2140
317172, 0, 0, 0, 0, 0, 0, 306648, 2140
317172, 0, 0, 0, 0, 0, 0, 306648, 2140
317172, 0, 0, 0, 0, 0, 0, 306648, 2140
317172, 0, 0, 0, 0, 0, 0, 306648, 2140
317172, 0, 0, 0, 0, 0, 0, 306648, 2140
317172, 0, 0, 0, 0, 0, 0, 306648, 2140
317172, 0, 0, 0, 0, 0, 0, 306648, 2140
317172, 0, 0, 0, 0, 0, 0, 306648, 2140
317172, 0, 0, 0, 0, 0, 0, 306648, 2140
317172, 0, 0, 0, 0, 0, 0, 306648, 2140
317172, 0, 0, 0, 0, 0, 0, 306648, 2140
317172, 0, 0, 0, 0, 0, 0, 306648, 2140
317172, 0, 0, 0, 0, 0, 0, 306648, 2140
317172, 0, 0, 0, 0, 0, 0, 306648, 2140
317172, 0, 0, 0, 0, 0, 0, 306648, 2140
317172, 0, 0, 0, 0, 0, 0, 306648, 2140
317172, 0, 0, 0, 0, 0, 0, 306648, 2140
317172, 0, 0, 0, 0, 0, 0, 306648, 2140
317172, 0, 0, 0, 0, 0, 0, 306648, 2140
317172, 0, 0, 0, 0, 0, 0, 306648, 2140
317172, 0, 0, 0, 0, 0, 0, 306648, 2140
317172, 0, 0, 0, 0, 0, 0, 306648, 2140
317172, 0, 0, 0, 0, 0, 0, 306648, 2140
317172, 0, 0, 0, 0, 0, 0, 306648, 2140
317172, 0, 0, 0, 0, 0, 0, 306648, 2140
317172, 0, 0, 0, 0, 0, 0, 306648, 2140
317172, 0, 0, 0, 0, 0, 0, 306648, 2140
317172, 0, 0, 0, 0, 0, 0, 306648, 2140
317172, 0, 0, 0, 0, 0, 0, 306648, 2140
317172, 0, 0, 0, 0, 0, 0, 306648, 2140
317172, 0, 0, 0, 0, 0, 0, 306648, 2140
317172, 0, 0, 0, 0, 0, 0, 306648, 2140
317172, 0, 0, 0, 0, 0, 0, 306648, 2140
317172, 0, 0, 0, 0, 0, 0, 306648, 2140
317172, 0, 0, 0, 0, 0, 0, 306648, 2140
317172, 0, 0, 0, 0, 0, 0, 306648, 2140
317172, 0, 0, 0, 0, 0, 0, 306648, 2140
317172, 0, 0, 0, 0, 0, 0, 306648, 2140
317172, 0, 0, 0, 0, 0, 0, 306648, 2140
317172, 0, 0, 0, 0, 0, 0, 306648, 2140
317172, 0, 0, 0, 0, 0, 0, 306648, 2140
317172, 0, 0, 0, 0, 0, 0, 306648, 2140
317172, 0, 0, 0, 0, 0, 0, 306648, 2140
317172, 0, 0, 0, 0, 0, 0, 306648, 2140
317172, 0, 0, 0, 0, 0, 0, 306648, 2140
317172, 0, 0, 0, 0, 0, 0, 306648, 2140
317172, 0, 0, 0, 0, 0, 0, 306648, 2140
317172, 0, 0, 0, 0, 0, 0, 306648, 2140
317172, 0, 0, 0, 0, 0, 0, 306648, 2140
317172, 0, 0, 0, 0, 0, 0, 306648, 2140
317172, 0, 0, 0, 0, 0, 0, 306648, 2140
317172, 0, 0, 0, 0, 0, 0, 306648, 2140
317172, 0, 0, 0, 0, 0, 0, 306648, 2140
317172, 0, 0, 0, 0, 0, 0, 306648, 2140
317172, 0, 0, 0, 0, 0, 0, 306648, 2140
317172, 0, 0, 0, 0, 0, 0, 306648, 2140
317172, 0, 0, 0, 0, 0, 0, 306648, 2140
317172, 0, 0, 0, 0, 0, 0, 306648, 2140
317172, 0, 0, 0, 0, 0, 0, 306648, 2140
317172, 0, 0, 0, 0, 0, 0, 306648, 2140
317172, 0, 0, 0, 0, 0, 0, 306648, 2140
317172, 0, 0, 0, 0, 0, 0, 306648, 2140
317172, 0, 0, 0, 0, 0, 0, 306648, 2140
317172, 0, 0, 0, 0, 0, 0, 306648, 2140
317172, 0, 0, 0, 0, 0, 0, 306648, 2140
317172, 0, 0, 0, 0, 0, 0, 306648, 2140
317172, 0, 0, 0, 0, 0, 0, 306648, 2140
317172, 0, 0, 0, 0, 0, 0, 306648, 2140
317172, 0, 0, 0, 0, 0, 0, 306648, 2140
317172, 0, 0, 0, 0, 0, 0, 306648, 2140
317172, 0, 0, 0, 0, 0, 0, 306648, 2140
317172, 0, 0, 0, 0, 0, 0, 306648, 2140
317172, 0, 0, 0, 0, 0, 0, 306648, 2140
317172, 0, 0, 0, 0, 0, 0, 306648, 2140
317172, 0, 0, 0, 0, 0, 0, 306648, 2140
317172, 0, 0, 0, 0, 0, 0, 306648, 2140
317172, 0, 0, 0, 0, 0, 0, 306648, 2140
317172, 0, 0, 0, 0, 0, 0, 306648, 2140
317172, 0, 0, 0, 0, 0, 0, 306648, 2140
317172, 0, 0, 0, 0, 0, 0, 306648, 2140
317172, 0, 0, 0, 0, 0, 0, 306648, 2140
317172, 0, 0, 0, 0, 0, 0, 306648, 2140
317172, 0, 0, 0, 0, 0, 0, 306648, 2140
317172, 0, 0, 0, 0, 0, 0, 306648, 2140
317172, 0, 0, 0, 0, 0, 0, 306648, 2140
317172, 0, 0, 0, 0, 0, 0, 306648, 2140
317172, 0, 0, 0, 0, 0, 0, 306648, 2140
317172, 0, 0, 0, 0, 0, 0, 306648, 2140
317172, 0, 0, 0, 0, 0, 0, 306648, 2140
317172, 0, 0, 0, 0, 0, 0, 306648, 2140
317172, 0, 0, 0, 0, 0, 0, 306648, 2140
317172, 0, 0, 0, 0, 0, 0, 306648, 2140
317172, 0, 0, 0, 0, 0, 0, 306648, 2140
317172, 0, 0, 0, 0, 0, 0, 306648, 2140
317172, 0, 0, 0, 0, 0, 0, 306648, 2140
317172, 0, 0, 0, 0, 0, 0, 306648, 2140
317172, 0, 0, 0, 0, 0, 0, 306648, 2140
317172, 0, 0, 0, 0, 0, 0, 306648, 2140
317172, 0, 0, 0, 0, 0, 0, 306648, 2140
317172, 0, 0, 0, 0, 0, 0, 306648, 2140
317172, 0, 0, 0, 0, 0, 0, 306648, 2140
317172, 0, 0, 0, 0, 0, 0, 306648, 2140
317172, 0, 0, 0, 0, 0, 0, 306648, 2140
317172, 0, 0, 0, 0, 0, 0, 306648, 2140
317172, 0, 0, 0, 0, 0, 0, 306648, 2140
317172, 0, 0, 0, 0, 0, 0, 306648, 2140
317172, 0, 0, 0, 0, 0, 0, 306648, 2140
317172, 0, 0, 0, 0, 0, 0, 306648, 2140
317172, 0, 0, 0, 0, 0, 0, 306648, 2140
317172, 0, 0, 0, 0, 0, 0, 306648, 2140
317172, 0, 0, 0, 0, 0, 0, 306648, 2140
317172, 0, 0, 0, 0, 0, 0, 306648, 2140
317172, 0, 0, 0, 0, 0, 0, 306648, 2140
317172, 0, 0, 0, 0, 0, 0, 306648, 2140
317172, 0, 0, 0, 0, 0, 0, 306648, 2140
317172, 0, 0, 0, 0, 0, 0, 306648, 2140
317172, 0, 0, 0, 0, 0, 0, 306648, 2140
317172, 0, 0, 0, 0, 0, 0, 306648, 2140
317172, 0, 0, 0, 0, 0, 0, 306648, 2140
317172, 0, 0, 0, 0, 0, 0, 306648, 2140
317172, 0, 0, 0, 0, 0, 0, 306648, 2140
317172, 0, 0, 0, 0, 0, 0, 306648, 2140
317172, 0, 0, 0, 0, 0, 0, 306648, 2140
317172, 0, 0, 0, 0, 0, 0, 306648, 2140
317172, 0, 0, 0, 0, 0, 0, 306648, 2140
317172, 0, 0, 0, 0, 0, 0, 306648, 2140
317172, 0, 0, 0, 0, 0, 0, 306648, 2140
317172, 0, 0, 0, 0, 0, 0, 306648, 2140
317172, 0, 0, 0, 0, 0, 0, 306648, 2140
317172, 0, 0, 0, 0, 0, 0, 306648, 2140
317172, 0, 0, 0, 0, 0, 0, 306648, 2140
317172, 0, 0, 0, 0, 0, 0, 306648, 2140
317172, 0, 0, 0, 0, 0, 0, 306648, 2140
317172, 0, 0, 0, 0, 0, 0, 306648, 2140
317172, 0, 0, 0, 0, 0, 0, 306648, 2140
317172, 0, 0, 0, 0, 0, 0, 306648, 2140
317172, 0, 0, 0, 0, 0, 0, 306648, 2140
317172, 0, 0, 0, 0, 0, 0, 306648, 2140
317172, 0, 0, 0, 0, 0, 0, 306648, 2140
317172, 0, 0, 0, 0, 0, 0, 306648, 2140
317172, 0, 0, 0, 0, 0, 0, 306648, 2140
317172, 0, 0, 0, 0, 0, 0, 306648, 2140
317172, 0, 0, 0, 0, 0, 0, 306648, 2140
317172, 0, 0, 0, 0, 0, 0, 306648, 2140
317172, 0, 0, 0, 0, 0, 0, 306648, 2140
317172, 0, 0, 0, 0, 0, 0, 306648, 2140
317172, 0, 0, 0, 0, 0, 0, 306648, 2140
317172, 0, 0, 0, 0, 0, 0, 306648, 2140
317172, 0, 0, 0, 0, 0, 0, 306648, 2140
317172, 0, 0, 0, 0, 0, 0, 306648, 2140
317172, 0, 0, 0, 0, 0, 0, 306648, 2140
317172, 0, 0, 0, 0, 0, 0, 306648, 2140
317172, 0, 0, 0, 0, 0, 0, 306648, 2140
317172, 0, 0, 0, 0, 0, 0, 306648, 2140
317172, 0, 0, 0, 0, 0, 0, 306648, 2140
317172, 0, 0, 0, 0, 0, 0, 306648, 2140
317172, 0, 0, 0, 0, 0, 0, 306648, 2140
317172, 0, 0, 0, 0, 0, 0, 306648, 2140
317172, 0, 0, 0, 0, 0, 0, 306648, 2140
317172, 0, 0, 0, 0, 0, 0, 306648, 2140
317172, 0, 0, 0, 0, 0, 0, 306648, 2140
317172, 0, 0, 0, 0, 0, 0, 306648, 2140
317172, 0, 0, 0, 0, 0, 0, 306648, 2140
317172, 0, 0, 0, 0, 0, 0, 306648, 2140
317172, 0, 0, 0, 0, 0, 0, 306648, 2140
317172, 0, 0, 0, 0, 0, 0, 306648, 2140
317172, 0, 0, 0, 0, 0, 0, 306648, 2140
317172, 0, 0, 0, 0, 0, 0, 306648, 2140
317172, 0, 0, 0, 0, 0, 0, 306648, 2140
317172, 0, 0, 0, 0, 0, 0, 306648, 2140
317172, 0, 0, 0, 0, 0, 0, 306648, 2140
317172, 0, 0, 0, 0, 0, 0, 306648, 2140
317172, 0, 0, 0, 0, 0, 0, 306648, 2140
317172, 0, 0, 0, 0, 0, 0, 306648, 2140
317172, 0, 0, 0, 0, 0, 0, 306648, 2140
317172, 0, 0, 0, 0, 0, 0, 306648, 2140
317172, 0, 0, 0, 0, 0, 0, 306648, 2140
317172, 0, 0, 0, 0, 0, 0, 306648, 2140
317172, 0, 0, 0, 0, 0, 0, 306648, 2140
317172, 0, 0, 0, 0, 0, 0, 306648, 2140
317172, 0, 0, 0, 0, 0, 0, 306648, 2140
317172, 0, 0, 0, 0, 0, 0, 306648, 2140
317172, 0, 0, 0, 0, 0, 0, 306648, 2140
317172, 0, 0, 0, 0, 0, 0, 306648, 2140
317172, 0, 0, 0, 0, 0, 0, 306648, 2140
317172, 0, 0, 0, 0, 0, 0, 306648, 2140
317172, 0, 0, 0, 0, 0, 0, 306648, 2140
317172, 0, 0, 0, 0, 0, 0, 306648, 2140
317172, 0, 0, 0, 0, 0, 0, 306648, 2140
317172, 0, 0, 0, 0, 0, 0, 306648, 2140
317172, 0, 0, 0, 0, 0, 0, 306648, 2140
317172, 0, 0, 0, 0, 0, 0, 306648, 2140
317172, 0, 0, 0, 0, 0, 0, 306648, 2140
317172, 0, 0, 0, 0, 0, 0, 306648, 2140
317172, 0, 0, 0, 0, 0, 0, 306648, 2140
317172, 0, 0, 0, 0, 0, 0, 306648, 2140
317172, 0, 0, 0, 0, 0, 0, 306648, 2140
317172, 0, 0, 0, 0, 0, 0, 306648, 2140
317172, 0, 0, 0, 0, 0, 0, 306648, 2140
317172, 0, 0, 0, 0, 0, 0, 306648, 2140
317172, 0, 0, 0, 0, 0, 0, 306648, 2140
317172, 0, 0, 0, 0, 0, 0, 306648, 2140
317172, 0, 0, 0, 0, 0, 0, 306648, 2140
317172, 0, 0, 0, 0, 0, 0, 306648, 2140
317172, 0, 0, 0, 0, 0, 0, 306648, 2140
317172, 0, 0, 0, 0, 0, 0, 306648, 2140
317172, 0, 0, 0, 0, 0, 0, 306648, 2140
317172, 0, 0, 0, 0, 0, 0, 306648, 2140
317172, 0, 0, 0, 0, 0, 0, 306648, 2140
317172, 0, 0, 0, 0, 0, 0, 306648, 2140
317172, 0, 0, 0, 0, 0, 0, 306648, 2140
317172, 0, 0, 0, 0, 0, 0, 306648, 2140
317172, 0, 0, 0, 0, 0, 0, 306648, 2140
317172, 0, 0, 0, 0, 0, 0, 306648, 2140
317172, 0, 0, 0, 0, 0, 0, 306648, 2140
317172, 0, 0, 0, 0, 0, 0, 306648, 2140
317172, 0, 0, 0, 0, 0, 0, 306648, 2140
317172, 0, 0, 0, 0, 0, 0, 306648, 2140
317172, 0, 0, 0, 0, 0, 0, 306648, 2140
317172, 0, 0, 0, 0, 0, 0, 306648, 2140
317172, 0, 0, 0, 0, 0, 0, 306648, 2140
317172, 0, 0, 0, 0, 0, 0, 306648, 2140
317172, 0, 0, 0, 0, 0, 0, 306648, 2140
317172, 0, 0, 0, 0, 0, 0, 306648, 2140
317172, 0, 0, 0, 0, 0, 0, 306648, 2140
317172, 0, 0, 0, 0, 0, 0, 306648, 2140
317172, 0, 0, 0, 0, 0, 0, 306648, 2140
317172, 0, 0, 0, 0, 0, 0, 306648, 2140
317172, 0, 0, 0, 0, 0, 0, 306648, 2140
317172, 0, 0, 0, 0, 0, 0, 306648, 2140
317172, 0, 0, 0, 0, 0, 0, 306648, 2140
317172, 0, 0, 0, 0, 0, 0, 306648, 2140
317172, 0, 0, 0, 0, 0, 0, 306648, 2140
317172, 0, 0, 0, 0, 0, 0, 306648, 2140
317172, 0, 0, 0, 0, 0, 0, 306648, 2140
317172, 0, 0, 0, 0, 0, 0, 306648, 2140
317172, 0, 0, 0, 0, 0, 0, 306648, 2140
317172, 0, 0, 0, 0, 0, 0, 306648, 2140
317172, 0, 0, 0, 0, 0, 0, 306648, 2140
317172, 0, 0, 0, 0, 0, 0, 306648, 2140
317172, 0, 0, 0, 0, 0, 0, 306648, 2140
317172, 0, 0, 0, 0, 0, 0, 306648, 2140
317172, 0, 0, 0, 0, 0, 0, 306648, 2140
317172, 0, 0, 0, 0, 0, 0, 306648, 2140
317172, 0, 0, 0, 0, 0, 0, 306648, 2140
317172, 0, 0, 0, 0, 0, 0, 306648, 2140
317172, 0, 0, 0, 0, 0, 0, 306648, 2140
317172, 0, 0, 0, 0, 0, 0, 306648, 2140
317172, 0, 0, 0, 0, 0, 0, 306648, 2140
317172, 0, 0, 0, 0, 0, 0, 306648, 2140
317172, 0, 0, 0, 0, 0, 0, 306648, 2140
317172, 0, 0, 0, 0, 0, 0, 306648, 2140
317172, 0, 0, 0, 0, 0, 0, 306648, 2140
317172, 0, 0, 0, 0, 0, 0, 306648, 2140
317172, 0, 0, 0, 0, 0, 0, 306648, 2140
317172, 0, 0, 0, 0, 0, 0, 306648, 2140
317172, 0, 0, 0, 0, 0, 0, 306648, 2140
317172, 0, 0, 0, 0, 0, 0, 306648, 2140
317172, 0, 0, 0, 0, 0, 0, 306648, 2140
317172, 0, 0, 0, 0, 0, 0, 306648, 2140
317172, 0, 0, 0, 0, 0, 0, 306648, 2140
317172, 0, 0, 0, 0, 0, 0, 306648, 2140
317172, 0, 0, 0, 0, 0, 0, 306648, 2140
317172, 0, 0, 0, 0, 0, 0, 306648, 2140
317172, 0, 0, 0, 0, 0, 0, 306648, 2140
317172, 0, 0, 0, 0, 0, 0, 306648, 2140
317172, 0, 0, 0, 0, 0, 0, 306648, 2140
317172, 0, 0, 0, 0, 0, 0, 306648, 2140
317172, 0, 0, 0, 0, 0, 0, 306648, 2140
317172, 0, 0, 0, 0, 0, 0, 306648, 2140
317172, 0, 0, 0, 0, 0, 0, 306648, 2140
317172, 0, 0, 0, 0, 0, 0, 306648, 2140
317172, 0, 0, 0, 0, 0, 0, 306648, 2140
317172, 0, 0, 0, 0, 0, 0, 306648, 2140
317172, 0, 0, 0, 0, 0, 0, 306648, 2140
317172, 0, 0, 0, 0, 0, 0, 306648, 2140
317172, 0, 0, 0, 0, 0, 0, 306648, 2140
317172, 0, 0, 0, 0, 0, 0, 306648, 2140
317172, 0, 0, 0, 0, 0, 0, 306648, 2140
317172, 0, 0, 0, 0, 0, 0, 306648, 2140
317172, 0, 0, 0, 0, 0, 0, 306648, 2140
317172, 0, 0, 0, 0, 0, 0, 306648, 2140
317172, 0, 0, 0, 0, 0, 0, 306648, 2140
317172, 0, 0, 0, 0, 0, 0, 306648, 2140
317172, 0, 0, 0, 0, 0, 0, 306648, 2140
317172, 0, 0, 0, 0, 0, 0, 306648, 2140
317172, 0, 0, 0, 0, 0, 0, 306648, 2140
317172, 0, 0, 0, 0, 0, 0, 306648, 2140
317172, 0, 0, 0, 0, 0, 0, 306648, 2140
317172, 0, 0, 0, 0, 0, 0, 306648, 2140
317172, 0, 0, 0, 0, 0, 0, 306648, 2140
317172, 0, 0, 0, 0, 0, 0, 306648, 2140
317172, 0, 0, 0, 0, 0, 0, 306648, 2140
317172, 0, 0, 0, 0, 0, 0, 306648, 2140
317172, 0, 0, 0, 0, 0, 0, 306648, 2140
317172, 0, 0, 0, 0, 0, 0, 306648, 2140
317172, 0, 0, 0, 0, 0, 0, 306648, 2140
317172, 0, 0, 0, 0, 0, 0, 306648, 2140
317172, 0, 0, 0, 0, 0, 0, 306648, 2140
317172, 0, 0, 0, 0, 0, 0, 306648, 2140
317172, 0, 0, 0, 0, 0, 0, 306648, 2140
317172, 0, 0, 0, 0, 0, 0, 306648, 2140
317172, 0, 0, 0, 0, 0, 0, 306648, 2140
317172, 0, 0, 0, 0, 0, 0, 306648, 2140
317172, 0, 0, 0, 0, 0, 0, 306648, 2140
317172, 0, 0, 0, 0, 0, 0, 306648, 2140
317172, 0, 0, 0, 0, 0, 0, 306648, 2140
317172, 0, 0, 0, 0, 0, 0, 306648, 2140
317172, 0, 0, 0, 0, 0, 0, 306648, 2140
317172, 0, 0, 0, 0, 0, 0, 306648, 2140
317172, 0, 0, 0, 0, 0, 0, 306648, 2140
317172, 0, 0, 0, 0, 0, 0, 306648, 2140
317172, 0, 0, 0, 0, 0, 0, 306648, 2140
317172, 0, 0, 0, 0, 0, 0, 306648, 2140
317172, 0, 0, 0, 0, 0, 0, 306648, 2140
317172, 0, 0, 0, 0, 0, 0, 306648, 2140
317172, 0, 0, 0, 0, 0, 0, 306648, 2140
317172, 0, 0, 0, 0, 0, 0, 306648, 2140
317172, 0, 0, 0, 0, 0, 0, 306648, 2140
317172, 0, 0, 0, 0, 0, 0, 306648, 2140
317172, 0, 0, 0, 0, 0, 0, 306648, 2140
317172, 0, 0, 0, 0, 0, 0, 306648, 2140
317172, 0, 0, 0, 0, 0, 0, 306648, 2140
317172, 0, 0, 0, 0, 0, 0, 306648, 2140
317172, 0, 0, 0, 0, 0, 0, 306648, 2140
317172, 0, 0, 0, 0, 0, 0, 306648, 2140
317172, 0, 0, 0, 0, 0, 0, 306648, 2140
317172, 0, 0, 0, 0, 0, 0, 306648, 2140
317172, 0, 0, 0, 0, 0, 0, 306648, 2140
317172, 0, 0, 0, 0, 0, 0, 306648, 2140
317172, 0, 0, 0, 0, 0, 0, 306648, 2140
317172, 0, 0, 0, 0, 0, 0, 306648, 2140
317172, 0, 0, 0, 0, 0, 0, 306648, 2140
317172, 0, 0, 0, 0, 0, 0, 306648, 2140
317172, 0, 0, 0, 0, 0, 0, 306648, 2140
317172, 0, 0, 0, 0, 0, 0, 306648, 2140
317172, 0, 0, 0, 0, 0, 0, 306648, 2140
317172, 0, 0, 0, 0, 0, 0, 306648, 2140
317172, 0, 0, 0, 0, 0, 0, 306648, 2140
317172, 0, 0, 0, 0, 0, 0, 306648, 2140
317172, 0, 0, 0, 0, 0, 0, 306648, 2140
317172, 0, 0, 0, 0, 0, 0, 306648, 2140
317172, 0, 0, 0, 0, 0, 0, 306648, 2140
317172, 0, 0, 0, 0, 0, 0, 306648, 2140
317172, 0, 0, 0, 0, 0, 0, 306648, 2140
317172, 0, 0, 0, 0, 0, 0, 306648, 2140
317172, 0, 0, 0, 0, 0, 0, 306648, 2140
317172, 0, 0, 0, 0, 0, 0, 306648, 2140
317172, 0, 0, 0, 0, 0, 0, 306648, 2140
317172, 0, 0, 0, 0, 0, 0, 306648, 2140
317172, 0, 0, 0, 0, 0, 0, 306648, 2140
317172, 0, 0, 0, 0, 0, 0, 306648, 2140
317172, 0, 0, 0, 0, 0, 0, 306648, 2140
317172, 0, 0, 0, 0, 0, 0, 306648, 2140
317172, 0, 0, 0, 0, 0, 0, 306648, 2140
317172, 0, 0, 0, 0, 0, 0, 306648, 2140
317172, 0, 0, 0, 0, 0, 0, 306648, 2140
317172, 0, 0, 0, 0, 0, 0, 306648, 2140
317172, 0, 0, 0, 0, 0, 0, 306648, 2140
317172, 0, 0, 0, 0, 0, 0, 306648, 2140
317172, 0, 0, 0, 0, 0, 0, 306648, 2140
317172, 0, 0, 0, 0, 0, 0, 306648, 2140
317172, 0, 0, 0, 0, 0, 0, 306648, 2140
317172, 0, 0, 0, 0, 0, 0, 306648, 2140
317172, 0, 0, 0, 0, 0, 0, 306648, 2140
317172, 0, 0, 0, 0, 0, 0, 306648, 2140
317172, 0, 0, 0, 0, 0, 0, 306648, 2140
317172, 0, 0, 0, 0, 0, 0, 306648, 2140
317172, 0, 0, 0, 0, 0, 0, 306648, 2140
317172, 0, 0, 0, 0, 0, 0, 306648, 2140
317172, 0, 0, 0, 0, 0, 0, 306648, 2140
317172, 0, 0, 0, 0, 0, 0, 306648, 2140
317172, 0, 0, 0, 0, 0, 0, 306648, 2140
317172, 0, 0, 0, 0, 0, 0, 306648, 2140
317172, 0, 0, 0, 0, 0, 0, 306648, 2140
317172, 0, 0, 0, 0, 0, 0, 306648, 2140
317172, 0, 0, 0, 0, 0, 0, 306648, 2140
317172, 0, 0, 0, 0, 0, 0, 306648, 2140
317172, 0, 0, 0, 0, 0, 0, 306648, 2140
317172, 0, 0, 0, 0, 0, 0, 306648, 2140
317172, 0, 0, 0, 0, 0, 0, 306648, 2140
317172, 0, 0, 0, 0, 0, 0, 306648, 2140
317172, 0, 0, 0, 0, 0, 0, 306648, 2140
317172, 0, 0, 0, 0, 0, 0, 306648, 2140
317172, 0, 0, 0, 0, 0, 0, 306648, 2140
317172, 0, 0, 0, 0, 0, 0, 306648, 2140
317172, 0, 0, 0, 0, 0, 0, 306648, 2140
317172, 0, 0, 0, 0, 0, 0, 306648, 2140
317172, 0, 0, 0, 0, 0, 0, 306648, 2140
317172, 0, 0, 0, 0, 0, 0, 306648, 2140
317172, 0, 0, 0, 0, 0, 0, 306648, 2140
317172, 0, 0, 0, 0, 0, 0, 306648, 2140
317172, 0, 0, 0, 0, 0, 0, 306648, 2140
317172, 0, 0, 0, 0, 0, 0, 306648, 2140
317172, 0, 0, 0, 0, 0, 0, 306648, 2140
317172, 0, 0, 0, 0, 0, 0, 306648, 2140
317172, 0, 0, 0, 0, 0, 0, 306648, 2140
317172, 0, 0, 0, 0, 0, 0, 306648, 2140
317172, 0, 0, 0, 0, 0, 0, 306648, 2140
317172, 0, 0, 0, 0, 0, 0, 306648, 2140
317172, 0, 0, 0, 0, 0, 0, 306648, 2140
317172, 0, 0, 0, 0, 0, 0, 306648, 2140
317172, 0, 0, 0, 0, 0, 0, 306648, 2140
317172, 0, 0, 0, 0, 0, 0, 306648, 2140
317172, 0, 0, 0, 0, 0, 0, 306648, 2140
317172, 0, 0, 0, 0, 0, 0, 306648, 2140
317172, 0, 0, 0, 0, 0, 0, 306648, 2140
317172, 0, 0, 0, 0, 0, 0, 306648, 2140
317172, 0, 0, 0, 0, 0, 0, 306648, 2140
317172, 0, 0, 0, 0, 0, 0, 306648, 2140
317172, 0, 0, 0, 0, 0, 0, 306648, 2140
317172, 0, 0, 0, 0, 0, 0, 306648, 2140
317172, 0, 0, 0, 0, 0, 0, 306648, 2140
317172, 0, 0, 0, 0, 0, 0, 306648, 2140
317172, 0, 0, 0, 0, 0, 0, 306648, 2140
317172, 0, 0, 0, 0, 0, 0, 306648, 2140
317172, 0, 0, 0, 0, 0, 0, 306648, 2140
317172, 0, 0, 0, 0, 0, 0, 306648, 2140
317172, 0, 0, 0, 0, 0, 0, 306648, 2140
317172, 0, 0, 0, 0, 0, 0, 306648, 2140
317172, 0, 0, 0, 0, 0, 0, 306648, 2140
317172, 0, 0, 0, 0, 0, 0, 306648, 2140
317172, 0, 0, 0, 0, 0, 0, 306648, 2140
317172, 0, 0, 0, 0, 0, 0, 306648, 2140
317172, 0, 0, 0, 0, 0, 0, 306648, 2140
317172, 0, 0, 0, 0, 0, 0, 306648, 2140
317172, 0, 0, 0, 0, 0, 0, 306648, 2140
317172, 0, 0, 0, 0, 0, 0, 306648, 2140
317172, 0, 0, 0, 0, 0, 0, 306648, 2140
317172, 0, 0, 0, 0, 0, 0, 306648, 2140
317172, 0, 0, 0, 0, 0, 0, 306648, 2140
317172, 0, 0, 0, 0, 0, 0, 306648, 2140
317172, 0, 0, 0, 0, 0, 0, 306648, 2140
317172, 0, 0, 0, 0, 0, 0, 306648, 2140
317172, 0, 0, 0, 0, 0, 0, 306648, 2140
317172, 0, 0, 0, 0, 0, 0, 306648, 2140
317172, 0, 0, 0, 0, 0, 0, 306648, 2140
317172, 0, 0, 0, 0, 0, 0, 306648, 2140
317172, 0, 0, 0, 0, 0, 0, 306648, 2140
317172, 0, 0, 0, 0, 0, 0, 306648, 2140
317172, 0, 0, 0, 0, 0, 0, 306648, 2140
317172, 0, 0, 0, 0, 0, 0, 306648, 2140
317172, 0, 0, 0, 0, 0, 0, 306648, 2140
317172, 0, 0, 0, 0, 0, 0, 306648, 2140
317172, 0, 0, 0, 0, 0, 0, 306648, 2140
317172, 0, 0, 0, 0, 0, 0, 306648, 2140
317172, 0, 0, 0, 0, 0, 0, 306648, 2140
317172, 0, 0, 0, 0, 0, 0, 306648, 2140
317172, 0, 0, 0, 0, 0, 0, 306648, 2140
317172, 0, 0, 0, 0, 0, 0, 306648, 2140
317172, 0, 0, 0, 0, 0, 0, 306648, 2140
317172, 0, 0, 0, 0, 0, 0, 306648, 2140
317172, 0, 0, 0, 0, 0, 0, 306648, 2140
317172, 0, 0, 0, 0, 0, 0, 306648, 2140
317172, 0, 0, 0, 0, 0, 0, 306648, 2140
317172, 0, 0, 0, 0, 0, 0, 306648, 2140
317172, 0, 0, 0, 0, 0, 0, 306648, 2140
317172, 0, 0, 0, 0, 0, 0, 306648, 2140
317172, 0, 0, 0, 0, 0, 0, 306648, 2140
317172, 0, 0, 0, 0, 0, 0, 306648, 2140
317172, 0, 0, 0, 0, 0, 0, 306648, 2140
317172, 0, 0, 0, 0, 0, 0, 306648, 2140
317172, 0, 0, 0, 0, 0, 0, 306648, 2140
317172, 0, 0, 0, 0, 0, 0, 306648, 2140
317172, 0, 0, 0, 0, 0, 0, 306648, 2140
317172, 0, 0, 0, 0, 0, 0, 306648, 2140
317172, 0, 0, 0, 0, 0, 0, 306648, 2140
317172, 0, 0, 0, 0, 0, 0, 306648, 2140
317172, 0, 0, 0, 0, 0, 0, 306648, 2140
317172, 0, 0, 0, 0, 0, 0, 306648, 2140
317172, 0, 0, 0, 0, 0, 0, 306648, 2140
317172, 0, 0, 0, 0, 0, 0, 306648, 2140
317172, 0, 0, 0, 0, 0, 0, 306648, 2140
317172, 0, 0, 0, 0, 0, 0, 306648, 2140
317172, 0, 0, 0, 0, 0, 0, 306648, 2140
317172, 0, 0, 0, 0, 0, 0, 306648, 2140
317172, 0, 0, 0, 0, 0, 0, 306648, 2140
317172, 0, 0, 0, 0, 0, 0, 306648, 2140
317172, 0, 0, 0, 0, 0, 0, 306648, 2140
317172, 0, 0, 0, 0, 0, 0, 306648, 2140
317172, 0, 0, 0, 0, 0, 0, 306648, 2140
317172, 0, 0, 0, 0, 0, 0, 306648, 2140
317172, 0, 0, 0, 0, 0, 0, 306648, 2140
317172, 0, 0, 0, 0, 0, 0, 306648, 2140
317172, 0, 0, 0, 0, 0, 0, 306648, 2140
317172, 0, 0, 0, 0, 0, 0, 306648, 2140
317172, 0, 0, 0, 0, 0, 0, 306648, 2140
317172, 0, 0, 0, 0, 0, 0, 306648, 2140
317172, 0, 0, 0, 0, 0, 0, 306648, 2140
317172, 0, 0, 0, 0, 0, 0, 306648, 2140
317172, 0, 0, 0, 0, 0, 0, 306648, 2140
317172, 0, 0, 0, 0, 0, 0, 306648, 2140
317172, 0, 0, 0, 0, 0, 0, 306648, 2140
317172, 0, 0, 0, 0, 0, 0, 306648, 2140
317172, 0, 0, 0, 0, 0, 0, 306648, 2140
317172, 0, 0, 0, 0, 0, 0, 306648, 2140
317172, 0, 0, 0, 0, 0, 0, 306648, 2140
317172, 0, 0, 0, 0, 0, 0, 306648, 2140
317172, 0, 0, 0, 0, 0, 0, 306648, 2140
317172, 0, 0, 0, 0, 0, 0, 306648, 2140
317172, 0, 0, 0, 0, 0, 0, 306648, 2140
317172, 0, 0, 0, 0, 0, 0, 306648, 2140
317172, 0, 0, 0, 0, 0, 0, 306648, 2140
317172, 0, 0, 0, 0, 0, 0, 306648, 2140
317172, 0, 0, 0, 0, 0, 0, 306648, 2140
317172, 0, 0, 0, 0, 0, 0, 306648, 2140
317172, 0, 0, 0, 0, 0, 0, 306648, 2140
317172, 0, 0, 0, 0, 0, 0, 306648, 2140
317172, 0, 0, 0, 0, 0, 0, 306648, 2140
317172, 0, 0, 0, 0, 0, 0, 306648, 2140
317172, 0, 0, 0, 0, 0, 0, 306648, 2140
317172, 0, 0, 0, 0, 0, 0, 306648, 2140
317172, 0, 0, 0, 0, 0, 0, 306648, 2140
317172, 0, 0, 0, 0, 0, 0, 306648, 2140
317172, 0, 0, 0, 0, 0, 0, 306648, 2140
317172, 0, 0, 0, 0, 0, 0, 306648, 2140
317172, 0, 0, 0, 0, 0, 0, 306648, 2140
317172, 0, 0, 0, 0, 0, 0, 306648, 2140
317172, 0, 0, 0, 0, 0, 0, 306648, 2140
317172, 0, 0, 0, 0, 0, 0, 306648, 2140
317172, 0, 0, 0, 0, 0, 0, 306648, 2140
317172, 0, 0, 0, 0, 0, 0, 306648, 2140
317172, 0, 0, 0, 0, 0, 0, 306648, 2140
317172, 0, 0, 0, 0, 0, 0, 306648, 2140
317172, 0, 0, 0, 0, 0, 0, 306648, 2140
317172, 0, 0, 0, 0, 0, 0, 306648, 2140
317172, 0, 0, 0, 0, 0, 0, 306648, 2140
317172, 0, 0, 0, 0, 0, 0, 306648, 2140
317172, 0, 0, 0, 0, 0, 0, 306648, 2140
317172, 0, 0, 0, 0, 0, 0, 306648, 2140
317172, 0, 0, 0, 0, 0, 0, 306648, 2140
317172, 0, 0, 0, 0, 0, 0, 306648, 2140
317172, 0, 0, 0, 0, 0, 0, 306648, 2140
317172, 0, 0, 0, 0, 0, 0, 306648, 2140
317172, 0, 0, 0, 0, 0, 0, 306648, 2140
317172, 0, 0, 0, 0, 0, 0, 306648, 2140
317172, 0, 0, 0, 0, 0, 0, 306648, 2140
317172, 0, 0, 0, 0, 0, 0, 306648, 2140
317172, 0, 0, 0, 0, 0, 0, 306648, 2140
317172, 0, 0, 0, 0, 0, 0, 306648, 2140
317172, 0, 0, 0, 0, 0, 0, 306648, 2140
317172, 0, 0, 0, 0, 0, 0, 306648, 2140
317172, 0, 0, 0, 0, 0, 0, 306648, 2140
317172, 0, 0, 0, 0, 0, 0, 306648, 2140
317172, 0, 0, 0, 0, 0, 0, 306648, 2140
317172, 0, 0, 0, 0, 0, 0, 306648, 2140
317172, 0, 0, 0, 0, 0, 0, 306648, 2140
317172, 0, 0, 0, 0, 0, 0, 306648, 2140
317172, 0, 0, 0, 0, 0, 0, 306648, 2140
317172, 0, 0, 0, 0, 0, 0, 306648, 2140
317172, 0, 0, 0, 0, 0, 0, 306648, 2140
317172, 0, 0, 0, 0, 0, 0, 306648, 2140
317172, 0, 0, 0, 0, 0, 0, 306648, 2140
317172, 0, 0, 0, 0, 0, 0, 306648, 2140
317172, 0, 0, 0, 0, 0, 0, 306648, 2140
317172, 0, 0, 0, 0, 0, 0, 306648, 2140
317172, 0, 0, 0, 0, 0, 0, 306648, 2140
317172, 0, 0, 0, 0, 0, 0, 306648, 2140
317172, 0, 0, 0, 0, 0, 0, 306648, 2140
317172, 0, 0, 0, 0, 0, 0, 306648, 2140
317172, 0, 0, 0, 0, 0, 0, 306648, 2140
317172, 0, 0, 0, 0, 0, 0, 306648, 2140
317172, 0, 0, 0, 0, 0, 0, 306648, 2140
317172, 0, 0, 0, 0, 0, 0, 306648, 2140
317172, 0, 0, 0, 0, 0, 0, 306648, 2140
317172, 0, 0, 0, 0, 0, 0, 306648, 2140
317172, 0, 0, 0, 0, 0, 0, 306648, 2140
317172, 0, 0, 0, 0, 0, 0, 306648, 2140
317172, 0, 0, 0, 0, 0, 0, 306648, 2140
317172, 0, 0, 0, 0, 0, 0, 306648, 2140
317172, 0, 0, 0, 0, 0, 0, 306648, 2140
317172, 0, 0, 0, 0, 0, 0, 306648, 2140
317172, 0, 0, 0, 0, 0, 0, 306648, 2140
317172, 0, 0, 0, 0, 0, 0, 306648, 2140
317172, 0, 0, 0, 0, 0, 0, 306648, 2140
317172, 0, 0, 0, 0, 0, 0, 306648, 2140
317172, 0, 0, 0, 0, 0, 0, 306648, 2140
317172, 0, 0, 0, 0, 0, 0, 306648, 2140
317172, 0, 0, 0, 0, 0, 0, 306648, 2140
317172, 0, 0, 0, 0, 0, 0, 306648, 2140
317172, 0, 0, 0, 0, 0, 0, 306648, 2140
317172, 0, 0, 0, 0, 0, 0, 306648, 2140
317172, 0, 0, 0, 0, 0, 0, 306648, 2140
317172, 0, 0, 0, 0, 0, 0, 306648, 2140
317172, 0, 0, 0, 0, 0, 0, 306648, 2140
317172, 0, 0, 0, 0, 0, 0, 306648, 2140
317172, 0, 0, 0, 0, 0, 0, 306648, 2140
317172, 0, 0, 0, 0, 0, 0, 306648, 2140
317172, 0, 0, 0, 0, 0, 0, 306648, 2140
317172, 0, 0, 0, 0, 0, 0, 306648, 2140
317172, 0, 0, 0, 0, 0, 0, 306648, 2140
317172, 0, 0, 0, 0, 0, 0, 306648, 2140
317172, 0, 0, 0, 0, 0, 0, 306648, 2140
317172, 0, 0, 0, 0, 0, 0, 306648, 2140
317172, 0, 0, 0, 0, 0, 0, 306648, 2140
317172, 0, 0, 0, 0, 0, 0, 306648, 2140
317172, 0, 0, 0, 0, 0, 0, 306648, 2140
317172, 0, 0, 0, 0, 0, 0, 306648, 2140
317172, 0, 0, 0, 0, 0, 0, 306648, 2140
317172, 0, 0, 0, 0, 0, 0, 306648, 2140
317172, 0, 0, 0, 0, 0, 0, 306648, 2140
317172, 0, 0, 0, 0, 0, 0, 306648, 2140
317172, 0, 0, 0, 0, 0, 0, 306648, 2140
317172, 0, 0, 0, 0, 0, 0, 306648, 2140
317172, 0, 0, 0, 0, 0, 0, 306648, 2140
317172, 0, 0, 0, 0, 0, 0, 306648, 2140
317172, 0, 0, 0, 0, 0, 0, 306648, 2140
317172, 0, 0, 0, 0, 0, 0, 306648, 2140
317172, 0, 0, 0, 0, 0, 0, 306648, 2140
317172, 0, 0, 0, 0, 0, 0, 306648, 2140
317172, 0, 0, 0, 0, 0, 0, 306648, 2140
317172, 0, 0, 0, 0, 0, 0, 306648, 2140
317172, 0, 0, 0, 0, 0, 0, 306648, 2140
317172, 0, 0, 0, 0, 0, 0, 306648, 2140
317172, 0, 0, 0, 0, 0, 0, 306648, 2140
317172, 0, 0, 0, 0, 0, 0, 306648, 2140
317172, 0, 0, 0, 0, 0, 0, 306648, 2140
317172, 0, 0, 0, 0, 0, 0, 306648, 2140
317172, 0, 0, 0, 0, 0, 0, 306648, 2140
317172, 0, 0, 0, 0, 0, 0, 306648, 2140
317172, 0, 0, 0, 0, 0, 0, 306648, 2140
317172, 0, 0, 0, 0, 0, 0, 306648, 2140
317172, 0, 0, 0, 0, 0, 0, 306648, 2140
317172, 0, 0, 0, 0, 0, 0, 306648, 2140
317172, 0, 0, 0, 0, 0, 0, 306648, 2140
317172, 0, 0, 0, 0, 0, 0, 306648, 2140
317172, 0, 0, 0, 0, 0, 0, 306648, 2140
317172, 0, 0, 0, 0, 0, 0, 306648, 2140
317172, 0, 0, 0, 0, 0, 0, 306648, 2140
317172, 0, 0, 0, 0, 0, 0, 306648, 2140
317172, 0, 0, 0, 0, 0, 0, 306648, 2140
317172, 0, 0, 0, 0, 0, 0, 306648, 2140
317172, 0, 0, 0, 0, 0, 0, 306648, 2140
317172, 0, 0, 0, 0, 0, 0, 306648, 2140
317172, 0, 0, 0, 0, 0, 0, 306648, 2140
317172, 0, 0, 0, 0, 0, 0, 306648, 2140
317172, 0, 0, 0, 0, 0, 0, 306648, 2140
317172, 0, 0, 0, 0, 0, 0, 306648, 2140
317172, 0, 0, 0, 0, 0, 0, 306648, 2140
317172, 0, 0, 0, 0, 0, 0, 306648, 2140
317172, 0, 0, 0, 0, 0, 0, 306648, 2140
317172, 0, 0, 0, 0, 0, 0, 306648, 2140
317172, 0, 0, 0, 0, 0, 0, 306648, 2140
317172, 0, 0, 0, 0, 0, 0, 306648, 2140
317172, 0, 0, 0, 0, 0, 0, 306648, 2140
317172, 0, 0, 0, 0, 0, 0, 306648, 2140
317172, 0, 0, 0, 0, 0, 0, 306648, 2140
317172, 0, 0, 0, 0, 0, 0, 306648, 2140
317172, 0, 0, 0, 0, 0, 0, 306648, 2140
317172, 0, 0, 0, 0, 0, 0, 306648, 2140
317172, 0, 0, 0, 0, 0, 0, 306648, 2140
317172, 0, 0, 0, 0, 0, 0, 306648, 2140
317172, 0, 0, 0, 0, 0, 0, 306648, 2140
317172, 0, 0, 0, 0, 0, 0, 306648, 2140
317172, 0, 0, 0, 0, 0, 0, 306648, 2140
317172, 0, 0, 0, 0, 0, 0, 306648, 2140
317172, 0, 0, 0, 0, 0, 0, 306648, 2140
317172, 0, 0, 0, 0, 0, 0, 306648, 2140
317172, 0, 0, 0, 0, 0, 0, 306648, 2140
317172, 0, 0, 0, 0, 0, 0, 306648, 2140
317172, 0, 0, 0, 0, 0, 0, 306648, 2140
317172, 0, 0, 0, 0, 0, 0, 306648, 2140
317172, 0, 0, 0, 0, 0, 0, 306648, 2140
317172, 0, 0, 0, 0, 0, 0, 306648, 2140
317172, 0, 0, 0, 0, 0, 0, 306648, 2140
317172, 0, 0, 0, 0, 0, 0, 306648, 2140
317172, 0, 0, 0, 0, 0, 0, 306648, 2140
317172, 0, 0, 0, 0, 0, 0, 306648, 2140
317172, 0, 0, 0, 0, 0, 0, 306648, 2140
317172, 0, 0, 0, 0, 0, 0, 306648, 2140
317172, 0, 0, 0, 0, 0, 0, 306648, 2140
317172, 0, 0, 0, 0, 0, 0, 306648, 2140
317172, 0, 0, 0, 0, 0, 0, 306648, 2140
317172, 0, 0, 0, 0, 0, 0, 306648, 2140
317172, 0, 0, 0, 0, 0, 0, 306648, 2140
317172, 0, 0, 0, 0, 0, 0, 306648, 2140
317172, 0, 0, 0, 0, 0, 0, 306648, 2140
317172, 0, 0, 0, 0, 0, 0, 306648, 2140
317172, 0, 0, 0, 0, 0, 0, 306648, 2140
317172, 0, 0, 0, 0, 0, 0, 306648, 2140
317172, 0, 0, 0, 0, 0, 0, 306648, 2140
317172, 0, 0, 0, 0, 0, 0, 306648, 2140
317172, 0, 0, 0, 0, 0, 0, 306648, 2140
317172, 0, 0, 0, 0, 0, 0, 306648, 2140
317172, 0, 0, 0, 0, 0, 0, 306648, 2140
317172, 0, 0, 0, 0, 0, 0, 306648, 2140
317172, 0, 0, 0, 0, 0, 0, 306648, 2140
317172, 0, 0, 0, 0, 0, 0, 306648, 2140
317172, 0, 0, 0, 0, 0, 0, 306648, 2140
317172, 0, 0, 0, 0, 0, 0, 306648, 2140
317172, 0, 0, 0, 0, 0, 0, 306648, 2140
317172, 0, 0, 0, 0, 0, 0, 306648, 2140
317172, 0, 0, 0, 0, 0, 0, 306648, 2140
317172, 0, 0, 0, 0, 0, 0, 306648, 2140
317172, 0, 0, 0, 0, 0, 0, 306648, 2140
317172, 0, 0, 0, 0, 0, 0, 306648, 2140
317172, 0, 0, 0, 0, 0, 0, 306648, 2140
317172, 0, 0, 0, 0, 0, 0, 306648, 2140
317172, 0, 0, 0, 0, 0, 0, 306648, 2140
317172, 0, 0, 0, 0, 0, 0, 306648, 2140
317172, 0, 0, 0, 0, 0, 0, 306648, 2140
317172, 0, 0, 0, 0, 0, 0, 306648, 2140
317172, 0, 0, 0, 0, 0, 0, 306648, 2140
317172, 0, 0, 0, 0, 0, 0, 306648, 2140
317172, 0, 0, 0, 0, 0, 0, 306648, 2140
317172, 0, 0, 0, 0, 0, 0, 306648, 2140
317172, 0, 0, 0, 0, 0, 0, 306648, 2140
317172, 0, 0, 0, 0, 0, 0, 306648, 2140
317172, 0, 0, 0, 0, 0, 0, 306648, 2140
317172, 0, 0, 0, 0, 0, 0, 306648, 2140
317172, 0, 0, 0, 0, 0, 0, 306648, 2140
317172, 0, 0, 0, 0, 0, 0, 306648, 2140
317172, 0, 0, 0, 0, 0, 0, 306648, 2140
317172, 0, 0, 0, 0, 0, 0, 306648, 2140
317172, 0, 0, 0, 0, 0, 0, 306648, 2140
317172, 0, 0, 0, 0, 0, 0, 306648, 2140
317172, 0, 0, 0, 0, 0, 0, 306648, 2140
317172, 0, 0, 0, 0, 0, 0, 306648, 2140
317172, 0, 0, 0, 0, 0, 0, 306648, 2140
317172, 0, 0, 0, 0, 0, 0, 306648, 2140
317172, 0, 0, 0, 0, 0, 0, 306648, 2140
317172, 0, 0, 0, 0, 0, 0, 306648, 2140
317172, 0, 0, 0, 0, 0, 0, 306648, 2140
317172, 0, 0, 0, 0, 0, 0, 306648, 2140
317172, 0, 0, 0, 0, 0, 0, 306648, 2140
317172, 0, 0, 0, 0, 0, 0, 306648, 2140
317172, 0, 0, 0, 0, 0, 0, 306648, 2140
317172, 0, 0, 0, 0, 0, 0, 306648, 2140
317172, 0, 0, 0, 0, 0, 0, 306648, 2140
317172, 0, 0, 0, 0, 0, 0, 306648, 2140
317172, 0, 0, 0, 0, 0, 0, 306648, 2140
317172, 0, 0, 0, 0, 0, 0, 306648, 2140
317172, 0, 0, 0, 0, 0, 0, 306648, 2140
317172, 0, 0, 0, 0, 0, 0, 306648, 2140
317172, 0, 0, 0, 0, 0, 0, 306648, 2140
317172, 0, 0, 0, 0, 0, 0, 306648, 2140
317172, 0, 0, 0, 0, 0, 0, 306648, 2140
317172, 0, 0, 0, 0, 0, 0, 306648, 2140
317172, 0, 0, 0, 0, 0, 0, 306648, 2140
317172, 0, 0, 0, 0, 0, 0, 306648, 2140
317172, 0, 0, 0, 0, 0, 0, 306648, 2140
317172, 0, 0, 0, 0, 0, 0, 306648, 2140
317172, 0, 0, 0, 0, 0, 0, 306648, 2140
317172, 0, 0, 0, 0, 0, 0, 306648, 2140
317172, 0, 0, 0, 0, 0, 0, 306648, 2140
317172, 0, 0, 0, 0, 0, 0, 306648, 2140
317172, 0, 0, 0, 0, 0, 0, 306648, 2140
317172, 0, 0, 0, 0, 0, 0, 306648, 2140
317172, 0, 0, 0, 0, 0, 0, 306648, 2140
317172, 0, 0, 0, 0, 0, 0, 306648, 2140
317172, 0, 0, 0, 0, 0, 0, 306648, 2140
317172, 0, 0, 0, 0, 0, 0, 306648, 2140
317172, 0, 0, 0, 0, 0, 0, 306648, 2140
317172, 0, 0, 0, 0, 0, 0, 306648, 2140
317172, 0, 0, 0, 0, 0, 0, 306648, 2140
317172, 0, 0, 0, 0, 0, 0, 306648, 2140
317172, 0, 0, 0, 0, 0, 0, 306648, 2140
317172, 0, 0, 0, 0, 0, 0, 306648, 2140
317172, 0, 0, 0, 0, 0, 0, 306648, 2140
317172, 0, 0, 0, 0, 0, 0, 306648, 2140
317172, 0, 0, 0, 0, 0, 0, 306648, 2140
317172, 0, 0, 0, 0, 0, 0, 306648, 2140
317172, 0, 0, 0, 0, 0, 0, 306648, 2140
317172, 0, 0, 0, 0, 0, 0, 306648, 2140
317172, 0, 0, 0, 0, 0, 0, 306648, 2140
317172, 0, 0, 0, 0, 0, 0, 306648, 2140
317172, 0, 0, 0, 0, 0, 0, 306648, 2140
317172, 0, 0, 0, 0, 0, 0, 306648, 2140
317172, 0, 0, 0, 0, 0, 0, 306648, 2140
317172, 0, 0, 0, 0, 0, 0, 306648, 2140
317172, 0, 0, 0, 0, 0, 0, 306648, 2140
317172, 0, 0, 0, 0, 0, 0, 306648, 2140
317172, 0, 0, 0, 0, 0, 0, 306648, 2140
317172, 0, 0, 0, 0, 0, 0, 306648, 2140
317172, 0, 0, 0, 0, 0, 0, 306648, 2140
317172, 0, 0, 0, 0, 0, 0, 306648, 2140
317172, 0, 0, 0, 0, 0, 0, 306648, 2140
317172, 0, 0, 0, 0, 0, 0, 306648, 2140
317172, 0, 0, 0, 0, 0, 0, 306648, 2140
317172, 0, 0, 0, 0, 0, 0, 306648, 2140
317172, 0, 0, 0, 0, 0, 0, 306648, 2140
317172, 0, 0, 0, 0, 0, 0, 306648, 2140
317172, 0, 0, 0, 0, 0, 0, 306648, 2140
317172, 0, 0, 0, 0, 0, 0, 306648, 2140
317172, 0, 0, 0, 0, 0, 0, 306648, 2140
317172, 0, 0, 0, 0, 0, 0, 306648, 2140
317172, 0, 0, 0, 0, 0, 0, 306648, 2140
317172, 0, 0, 0, 0, 0, 0, 306648, 2140
317172, 0, 0, 0, 0, 0, 0, 306648, 2140
317172, 0, 0, 0, 0, 0, 0, 306648, 2140
317172, 0, 0, 0, 0, 0, 0, 306648, 2140
317172, 0, 0, 0, 0, 0, 0, 306648, 2140
317172, 0, 0, 0, 0, 0, 0, 306648, 2140
317172, 0, 0, 0, 0, 0, 0, 306648, 2140
317172, 0, 0, 0, 0, 0, 0, 306648, 2140
317172, 0, 0, 0, 0, 0, 0, 306648, 2140
317172, 0, 0, 0, 0, 0, 0, 306648, 2140
317172, 0, 0, 0, 0, 0, 0, 306648, 2140
317172, 0, 0, 0, 0, 0, 0, 306648, 2140
317172, 0, 0, 0, 0, 0, 0, 306648, 2140
317172, 0, 0, 0, 0, 0, 0, 306648, 2140
317172, 0, 0, 0, 0, 0, 0, 306648, 2140
317172, 0, 0, 0, 0, 0, 0, 306648, 2140
317172, 0, 0, 0, 0, 0, 0, 306648, 2140
317172, 0, 0, 0, 0, 0, 0, 306648, 2140
317172, 0, 0, 0, 0, 0, 0, 306648, 2140
317172, 0, 0, 0, 0, 0, 0, 306648, 2140
317172, 0, 0, 0, 0, 0, 0, 306648, 2140
317172, 0, 0, 0, 0, 0, 0, 306648, 2140
317172, 0, 0, 0, 0, 0, 0, 306648, 2140
317172, 0, 0, 0, 0, 0, 0, 306648, 2140
317172, 0, 0, 0, 0, 0, 0, 306648, 2140
317172, 0, 0, 0, 0, 0, 0, 306648, 2140
317172, 0, 0, 0, 0, 0, 0, 306648, 2140
317172, 0, 0, 0, 0, 0, 0, 306648, 2140
317172, 0, 0, 0, 0, 0, 0, 306648, 2140
317172, 0, 0, 0, 0, 0, 0, 306648, 2140
317172, 0, 0, 0, 0, 0, 0, 306648, 2140
317172, 0, 0, 0, 0, 0, 0, 306648, 2140
317172, 0, 0, 0, 0, 0, 0, 306648, 2140
317172, 0, 0, 0, 0, 0, 0, 306648, 2140
317172, 0, 0, 0, 0, 0, 0, 306648, 2140
317172, 0, 0, 0, 0, 0, 0, 306648, 2140
317172, 0, 0, 0, 0, 0, 0, 306648, 2140
317172, 0, 0, 0, 0, 0, 0, 306648, 2140
317172, 0, 0, 0, 0, 0, 0, 306648, 2140
317172, 0, 0, 0, 0, 0, 0, 306648, 2140
317172, 0, 0, 0, 0, 0, 0, 306648, 2140
317172, 0, 0, 0, 0, 0, 0, 306648, 2140
317172, 0, 0, 0, 0, 0, 0, 306648, 2140
317172, 0, 0, 0, 0, 0, 0, 306648, 2140
317172, 0, 0, 0, 0, 0, 0, 306648, 2140
317172, 0, 0, 0, 0, 0, 0, 306648, 2140
317172, 0, 0, 0, 0, 0, 0, 306648, 2140
317172, 0, 0, 0, 0, 0, 0, 306648, 2140
317172, 0, 0, 0, 0, 0, 0, 306648, 2140
317172, 0, 0, 0, 0, 0, 0, 306648, 2140
317172, 0, 0, 0, 0, 0, 0, 306648, 2140
317172, 0, 0, 0, 0, 0, 0, 306648, 2140
317172, 0, 0, 0, 0, 0, 0, 306648, 2140
317172, 0, 0, 0, 0, 0, 0, 306648, 2140
317172, 0, 0, 0, 0, 0, 0, 306648, 2140
317172, 0, 0, 0, 0, 0, 0, 306648, 2140
317172, 0, 0, 0, 0, 0, 0, 306648, 2140
317172, 0, 0, 0, 0, 0, 0, 306648, 2140
317172, 0, 0, 0, 0, 0, 0, 306648, 2140
317172, 0, 0, 0, 0, 0, 0, 306648, 2140
317172, 0, 0, 0, 0, 0, 0, 306648, 2140
317172, 0, 0, 0, 0, 0, 0, 306648, 2140
317172, 0, 0, 0, 0, 0, 0, 306648, 2140
317172, 0, 0, 0, 0, 0, 0, 306648, 2140
317172, 0, 0, 0, 0, 0, 0, 306648, 2140
317172, 0, 0, 0, 0, 0, 0, 306648, 2140
317172, 0, 0, 0, 0, 0, 0, 306648, 2140
317172, 0, 0, 0, 0, 0, 0, 306648, 2140
317172, 0, 0, 0, 0, 0, 0, 306648, 2140
317172, 0, 0, 0, 0, 0, 0, 306648, 2140
317172, 0, 0, 0, 0, 0, 0, 306648, 2140
317172, 0, 0, 0, 0, 0, 0, 306648, 2140
317172, 0, 0, 0, 0, 0, 0, 306648, 2140
317172, 0, 0, 0, 0, 0, 0, 306648, 2140
317172, 0, 0, 0, 0, 0, 0, 306648, 2140
317172, 0, 0, 0, 0, 0, 0, 306648, 2140
317172, 0, 0, 0, 0, 0, 0, 306648, 2140
317172, 0, 0, 0, 0, 0, 0, 306648, 2140
317172, 0, 0, 0, 0, 0, 0, 306648, 2140
317172, 0, 0, 0, 0, 0, 0, 306648, 2140
317172, 0, 0, 0, 0, 0, 0, 306648, 2140
317172, 0, 0, 0, 0, 0, 0, 306648, 2140
317172, 0, 0, 0, 0, 0, 0, 306648, 2140
317172, 0, 0, 0, 0, 0, 0, 306648, 2140
317172, 0, 0, 0, 0, 0, 0, 306648, 2140
317172, 0, 0, 0, 0, 0, 0, 306648, 2140
317172, 0, 0, 0, 0, 0, 0, 306648, 2140
317172, 0, 0, 0, 0, 0, 0, 306648, 2140
317172, 0, 0, 0, 0, 0, 0, 306648, 2140
317172, 0, 0, 0, 0, 0, 0, 306648, 2140
317172, 0, 0, 0, 0, 0, 0, 306648, 2140
317172, 0, 0, 0, 0, 0, 0, 306648, 2140
317172, 0, 0, 0, 0, 0, 0, 306648, 2140
317172, 0, 0, 0, 0, 0, 0, 306648, 2140
317172, 0, 0, 0, 0, 0, 0, 306648, 2140
317172, 0, 0, 0, 0, 0, 0, 306648, 2140
317172, 0, 0, 0, 0, 0, 0, 306648, 2140
317172, 0, 0, 0, 0, 0, 0, 306648, 2140
317172, 0, 0, 0, 0, 0, 0, 306648, 2140
317172, 0, 0, 0, 0, 0, 0, 306648, 2140
317172, 0, 0, 0, 0, 0, 0, 306648, 2140
317172, 0, 0, 0, 0, 0, 0, 306648, 2140
317172, 0, 0, 0, 0, 0, 0, 306648, 2140
317172, 0, 0, 0, 0, 0, 0, 306648, 2140
317172, 0, 0, 0, 0, 0, 0, 306648, 2140
317172, 0, 0, 0, 0, 0, 0, 306648, 2140
317172, 0, 0, 0, 0, 0, 0, 306648, 2140
317172, 0, 0, 0, 0, 0, 0, 306648, 2140
317172, 0, 0, 0, 0, 0, 0, 306648, 2140
317172, 0, 0, 0, 0, 0, 0, 306648, 2140
317172, 0, 0, 0, 0, 0, 0, 306648, 2140
317172, 0, 0, 0, 0, 0, 0, 306648, 2140
317172, 0, 0, 0, 0, 0, 0, 306648, 2140
317172, 0, 0, 0, 0, 0, 0, 306648, 2140
317172, 0, 0, 0, 0, 0, 0, 306648, 2140
317172, 0, 0, 0, 0, 0, 0, 306648, 2140
317172, 0, 0, 0, 0, 0, 0, 306648, 2140
317172, 0, 0, 0, 0, 0, 0, 306648, 2140
317172, 0, 0, 0, 0, 0, 0, 306648, 2140
317172, 0, 0, 0, 0, 0, 0, 306648, 2140
317172, 0, 0, 0, 0, 0, 0, 306648, 2140
317172, 0, 0, 0, 0, 0, 0, 306648, 2140
317172, 0, 0, 0, 0, 0, 0, 306648, 2140
317172, 0, 0, 0, 0, 0, 0, 306648, 2140
317172, 0, 0, 0, 0, 0, 0, 306648, 2140
317172, 0, 0, 0, 0, 0, 0, 306648, 2140
317172, 0, 0, 0, 0, 0, 0, 306648, 2140
317172, 0, 0, 0, 0, 0, 0, 306648, 2140
317172, 0, 0, 0, 0, 0, 0, 306648, 2140
317172, 0, 0, 0, 0, 0, 0, 306648, 2140
317172, 0, 0, 0, 0, 0, 0, 306648, 2140
317172, 0, 0, 0, 0, 0, 0, 306648, 2140
317172, 0, 0, 0, 0, 0, 0, 306648, 2140
317172, 0, 0, 0, 0, 0, 0, 306648, 2140
317172, 0, 0, 0, 0, 0, 0, 306648, 2140
317172, 0, 0, 0, 0, 0, 0, 306648, 2140
317172, 0, 0, 0, 0, 0, 0, 306648, 2140
317172, 0, 0, 0, 0, 0, 0, 306648, 2140
317172, 0, 0, 0, 0, 0, 0, 306648, 2140
317172, 0, 0, 0, 0, 0, 0, 306648, 2140
317172, 0, 0, 0, 0, 0, 0, 306648, 2140
317172, 0, 0, 0, 0, 0, 0, 306648, 2140
317172, 0, 0, 0, 0, 0, 0, 306648, 2140
317172, 0, 0, 0, 0, 0, 0, 306648, 2140
317172, 0, 0, 0, 0, 0, 0, 306648, 2140
317172, 0, 0, 0, 0, 0, 0, 306648, 2140
317172, 0, 0, 0, 0, 0, 0, 306648, 2140
317172, 0, 0, 0, 0, 0, 0, 306648, 2140
317172, 0, 0, 0, 0, 0, 0, 306648, 2140
317172, 0, 0, 0, 0, 0, 0, 306648, 2140
317172, 0, 0, 0, 0, 0, 0, 306648, 2140
317172, 0, 0, 0, 0, 0, 0, 306648, 2140
317172, 0, 0, 0, 0, 0, 0, 306648, 2140
317172, 0, 0, 0, 0, 0, 0, 306648, 2140
317172, 0, 0, 0, 0, 0, 0, 306648, 2140
317172, 0, 0, 0, 0, 0, 0, 306648, 2140
317172, 0, 0, 0, 0, 0, 0, 306648, 2140
317172, 0, 0, 0, 0, 0, 0, 306648, 2140
317172, 0, 0, 0, 0, 0, 0, 306648, 2140
317172, 0, 0, 0, 0, 0, 0, 306648, 2140
317172, 0, 0, 0, 0, 0, 0, 306648, 2140
317172, 0, 0, 0, 0, 0, 0, 306648, 2140
317172, 0, 0, 0, 0, 0, 0, 306648, 2140
317172, 0, 0, 0, 0, 0, 0, 306648, 2140
317172, 0, 0, 0, 0, 0, 0, 306648, 2140
317172, 0, 0, 0, 0, 0, 0, 306648, 2140
317172, 0, 0, 0, 0, 0, 0, 306648, 2140
317172, 0, 0, 0, 0, 0, 0, 306648, 2140
317172, 0, 0, 0, 0, 0, 0, 306648, 2140
317172, 0, 0, 0, 0, 0, 0, 306648, 2140
317172, 0, 0, 0, 0, 0, 0, 306648, 2140
317172, 0, 0, 0, 0, 0, 0, 306648, 2140
317172, 0, 0, 0, 0, 0, 0, 306648, 2140
317172, 0, 0, 0, 0, 0, 0, 306648, 2140
317172, 0, 0, 0, 0, 0, 0, 306648, 2140
317172, 0, 0, 0, 0, 0, 0, 306648, 2140
317172, 0, 0, 0, 0, 0, 0, 306648, 2140
317172, 0, 0, 0, 0, 0, 0, 306648, 2140
317172, 0, 0, 0, 0, 0, 0, 306648, 2140
317172, 0, 0, 0, 0, 0, 0, 306648, 2140
317172, 0, 0, 0, 0, 0, 0, 306648, 2140
317172, 0, 0, 0, 0, 0, 0, 306648, 2140
317172, 0, 0, 0, 0, 0, 0, 306648, 2140
317172, 0, 0, 0, 0, 0, 0, 306648, 2140
317172, 0, 0, 0, 0, 0, 0, 306648, 2140
317172, 0, 0, 0, 0, 0, 0, 306648, 2140
317172, 0, 0, 0, 0, 0, 0, 306648, 2140
317172, 0, 0, 0, 0, 0, 0, 306648, 2140
317172, 0, 0, 0, 0, 0, 0, 306648, 2140
317172, 0, 0, 0, 0, 0, 0, 306648, 2140
317172, 0, 0, 0, 0, 0, 0, 306648, 2140
317172, 0, 0, 0, 0, 0, 0, 306648, 2140
317172, 0, 0, 0, 0, 0, 0, 306648, 2140
317172, 0, 0, 0, 0, 0, 0, 306648, 2140
317172, 0, 0, 0, 0, 0, 0, 306648, 2140
317172, 0, 0, 0, 0, 0, 0, 306648, 2140
317172, 0, 0, 0, 0, 0, 0, 306648, 2140
317172, 0, 0, 0, 0, 0, 0, 306648, 2140
317172, 0, 0, 0, 0, 0, 0, 306648, 2140
317172, 0, 0, 0, 0, 0, 0, 306648, 2140
317172, 0, 0, 0, 0, 0, 0, 306648, 2140
317172, 0, 0, 0, 0, 0, 0, 306648, 2140
317172, 0, 0, 0, 0, 0, 0, 306648, 2140
317172, 0, 0, 0, 0, 0, 0, 306648, 2140
317172, 0, 0, 0, 0, 0, 0, 306648, 2140
317172, 0, 0, 0, 0, 0, 0, 306648, 2140
317172, 0, 0, 0, 0, 0, 0, 306648, 2140
317172, 0, 0, 0, 0, 0, 0, 306648, 2140
317172, 0, 0, 0, 0, 0, 0, 306648, 2140
317172, 0, 0, 0, 0, 0, 0, 306648, 2140
317172, 0, 0, 0, 0, 0, 0, 306648, 2140
317172, 0, 0, 0, 0, 0, 0, 306648, 2140
317172, 0, 0, 0, 0, 0, 0, 306648, 2140
317172, 0, 0, 0, 0, 0, 0, 306648, 2140
317172, 0, 0, 0, 0, 0, 0, 306648, 2140
317172, 0, 0, 0, 0, 0, 0, 306648, 2140
317172, 0, 0, 0, 0, 0, 0, 306648, 2140
317172, 0, 0, 0, 0, 0, 0, 306648, 2140
317172, 0, 0, 0, 0, 0, 0, 306648, 2140
317172, 0, 0, 0, 0, 0, 0, 306648, 2140
317172, 0, 0, 0, 0, 0, 0, 306648, 2140
317172, 0, 0, 0, 0, 0, 0, 306648, 2140
317172, 0, 0, 0, 0, 0, 0, 306648, 2140
317172, 0, 0, 0, 0, 0, 0, 306648, 2140
317172, 0, 0, 0, 0, 0, 0, 306648, 2140
317172, 0, 0, 0, 0, 0, 0, 306648, 2140
317172, 0, 0, 0, 0, 0, 0, 306648, 2140
317172, 0, 0, 0, 0, 0, 0, 306648, 2140
317172, 0, 0, 0, 0, 0, 0, 306648, 2140
317172, 0, 0, 0, 0, 0, 0, 306648, 2140
317172, 0, 0, 0, 0, 0, 0, 306648, 2140
317172, 0, 0, 0, 0, 0, 0, 306648, 2140
317172, 0, 0, 0, 0, 0, 0, 306648, 2140
317172, 0, 0, 0, 0, 0, 0, 306648, 2140
317172, 0, 0, 0, 0, 0, 0, 306648, 2140
317172, 0, 0, 0, 0, 0, 0, 306648, 2140
317172, 0, 0, 0, 0, 0, 0, 306648, 2140
317172, 0, 0, 0, 0, 0, 0, 306648, 2140
317172, 0, 0, 0, 0, 0, 0, 306648, 2140
317172, 0, 0, 0, 0, 0, 0, 306648, 2140
317172, 0, 0, 0, 0, 0, 0, 306648, 2140
317172, 0, 0, 0, 0, 0, 0, 306648, 2140
317172, 0, 0, 0, 0, 0, 0, 306648, 2140
317172, 0, 0, 0, 0, 0, 0, 306648, 2140
317172, 0, 0, 0, 0, 0, 0, 306648, 2140
317172, 0, 0, 0, 0, 0, 0, 306648, 2140
317172, 0, 0, 0, 0, 0, 0, 306648, 2140
317172, 0, 0, 0, 0, 0, 0, 306648, 2140
317172, 0, 0, 0, 0, 0, 0, 306648, 2140
317172, 0, 0, 0, 0, 0, 0, 306648, 2140
317172, 0, 0, 0, 0, 0, 0, 306648, 2140
317172, 0, 0, 0, 0, 0, 0, 306648, 2140
317172, 0, 0, 0, 0, 0, 0, 306648, 2140
317172, 0, 0, 0, 0, 0, 0, 306648, 2140
317172, 0, 0, 0, 0, 0, 0, 306648, 2140
317172, 0, 0, 0, 0, 0, 0, 306648, 2140
317172, 0, 0, 0, 0, 0, 0, 306648, 2140
317172, 0, 0, 0, 0, 0, 0, 306648, 2140
317172, 0, 0, 0, 0, 0, 0, 306648, 2140
317172, 0, 0, 0, 0, 0, 0, 306648, 2140
317172, 0, 0, 0, 0, 0, 0, 306648, 2140
317172, 0, 0, 0, 0, 0, 0, 306648, 2140
317172, 0, 0, 0, 0, 0, 0, 306648, 2140
317172, 0, 0, 0, 0, 0, 0, 306648, 2140
317172, 0, 0, 0, 0, 0, 0, 306648, 2140
317172, 0, 0, 0, 0, 0, 0, 306648, 2140
317172, 0, 0, 0, 0, 0, 0, 306648, 2140
317172, 0, 0, 0, 0, 0, 0, 306648, 2140
317172, 0, 0, 0, 0, 0, 0, 306648, 2140
317172, 0, 0, 0, 0, 0, 0, 306648, 2140
317172, 0, 0, 0, 0, 0, 0, 306648, 2140
317172, 0, 0, 0, 0, 0, 0, 306648, 2140
317172, 0, 0, 0, 0, 0, 0, 306648, 2140
317172, 0, 0, 0, 0, 0, 0, 306648, 2140
317172, 0, 0, 0, 0, 0, 0, 306648, 2140
317172, 0, 0, 0, 0, 0, 0, 306648, 2140
317172, 0, 0, 0, 0, 0, 0, 306648, 2140
317172, 0, 0, 0, 0, 0, 0, 306648, 2140
317172, 0, 0, 0, 0, 0, 0, 306648, 2140
317172, 0, 0, 0, 0, 0, 0, 306648, 2140
317172, 0, 0, 0, 0, 0, 0, 306648, 2140
317172, 0, 0, 0, 0, 0, 0, 306648, 2140
317172, 0, 0, 0, 0, 0, 0, 306648, 2140
317172, 0, 0, 0, 0, 0, 0, 306648, 2140
317172, 0, 0, 0, 0, 0, 0, 306648, 2140
317172, 0, 0, 0, 0, 0, 0, 306648, 2140
317172, 0, 0, 0, 0, 0, 0, 306648, 2140
317172, 0, 0, 0, 0, 0, 0, 306648, 2140
317172, 0, 0, 0, 0, 0, 0, 306648, 2140
317172, 0, 0, 0, 0, 0, 0, 306648, 2140
317172, 0, 0, 0, 0, 0, 0, 306648, 2140
317172, 0, 0, 0, 0, 0, 0, 306648, 2140
317172, 0, 0, 0, 0, 0, 0, 306648, 2140
317172, 0, 0, 0, 0, 0, 0, 306648, 2140
317172, 0, 0, 0, 0, 0, 0, 306648, 2140
317172, 0, 0, 0, 0, 0, 0, 306648, 2140
317172, 0, 0, 0, 0, 0, 0, 306648, 2140
317172, 0, 0, 0, 0, 0, 0, 306648, 2140
317172, 0, 0, 0, 0, 0, 0, 306648, 2140
317172, 0, 0, 0, 0, 0, 0, 306648, 2140
317172, 0, 0, 0, 0, 0, 0, 306648, 2140
317172, 0, 0, 0, 0, 0, 0, 306648, 2140
317172, 0, 0, 0, 0, 0, 0, 306648, 2140
317172, 0, 0, 0, 0, 0, 0, 306648, 2140
317172, 0, 0, 0, 0, 0, 0, 306648, 2140
317172, 0, 0, 0, 0, 0, 0, 306648, 2140
317172, 0, 0, 0, 0, 0, 0, 306648, 2140
317172, 0, 0, 0, 0, 0, 0, 306648, 2140
317172, 0, 0, 0, 0, 0, 0, 306648, 2140
317172, 0, 0, 0, 0, 0, 0, 306648, 2140
317172, 0, 0, 0, 0, 0, 0, 306648, 2140
317172, 0, 0, 0, 0, 0, 0, 306648, 2140
317172, 0, 0, 0, 0, 0, 0, 306648, 2140
317172, 0, 0, 0, 0, 0, 0, 306648, 2140
317172, 0, 0, 0, 0, 0, 0, 306648, 2140
317172, 0, 0, 0, 0, 0, 0, 306648, 2140
317172, 0, 0, 0, 0, 0, 0, 306648, 2140
317172, 0, 0, 0, 0, 0, 0, 306648, 2140
317172, 0, 0, 0, 0, 0, 0, 306648, 2140
317172, 0, 0, 0, 0, 0, 0, 306648, 2140
317172, 0, 0, 0, 0, 0, 0, 306648, 2140
317172, 0, 0, 0, 0, 0, 0, 306648, 2140
317172, 0, 0, 0, 0, 0, 0, 306648, 2140
317172, 0, 0, 0, 0, 0, 0, 306648, 2140
317172, 0, 0, 0, 0, 0, 0, 306648, 2140
317172, 0, 0, 0, 0, 0, 0, 306648, 2140
317172, 0, 0, 0, 0, 0, 0, 306648, 2140
317172, 0, 0, 0, 0, 0, 0, 306648, 2140
317172, 0, 0, 0, 0, 0, 0, 306648, 2140
317172, 0, 0, 0, 0, 0, 0, 306648, 2140
317172, 0, 0, 0, 0, 0, 0, 306648, 2140
317172, 0, 0, 0, 0, 0, 0, 306648, 2140
317172, 0, 0, 0, 0, 0, 0, 306648, 2140
317172, 0, 0, 0, 0, 0, 0, 306648, 2140
317172, 0, 0, 0, 0, 0, 0, 306648, 2140
317172, 0, 0, 0, 0, 0, 0, 306648, 2140
317172, 0, 0, 0, 0, 0, 0, 306648, 2140
317172, 0, 0, 0, 0, 0, 0, 306648, 2140
317172, 0, 0, 0, 0, 0, 0, 306648, 2140
317172, 0, 0, 0, 0, 0, 0, 306648, 2140
317172, 0, 0, 0, 0, 0, 0, 306648, 2140
317172, 0, 0, 0, 0, 0, 0, 306648, 2140
317172, 0, 0, 0, 0, 0, 0, 306648, 2140
317172, 0, 0, 0, 0, 0, 0, 306648, 2140
317172, 0, 0, 0, 0, 0, 0, 306648, 2140
317172, 0, 0, 0, 0, 0, 0, 306648, 2140
317172, 0, 0, 0, 0, 0, 0, 306648, 2140
317172, 0, 0, 0, 0, 0, 0, 306648, 2140
317172, 0, 0, 0, 0, 0, 0, 306648, 2140
317172, 0, 0, 0, 0, 0, 0, 306648, 2140
317172, 0, 0, 0, 0, 0, 0, 306648, 2140
317172, 0, 0, 0, 0, 0, 0, 306648, 2140
317172, 0, 0, 0, 0, 0, 0, 306648, 2140
317172, 0, 0, 0, 0, 0, 0, 306648, 2140
317172, 0, 0, 0, 0, 0, 0, 306648, 2140
317172, 0, 0, 0, 0, 0, 0, 306648, 2140
317172, 0, 0, 0, 0, 0, 0, 306648, 2140
317172, 0, 0, 0, 0, 0, 0, 306648, 2140
317172, 0, 0, 0, 0, 0, 0, 306648, 2140
317172, 0, 0, 0, 0, 0, 0, 306648, 2140
317172, 0, 0, 0, 0, 0, 0, 306648, 2140
317172, 0, 0, 0, 0, 0, 0, 306648, 2140
317172, 0, 0, 0, 0, 0, 0, 306648, 2140
317172, 0, 0, 0, 0, 0, 0, 306648, 2140
317172, 0, 0, 0, 0, 0, 0, 306648, 2140
317172, 0, 0, 0, 0, 0, 0, 306648, 2140
317172, 0, 0, 0, 0, 0, 0, 306648, 2140
317172, 0, 0, 0, 0, 0, 0, 306648, 2140
317172, 0, 0, 0, 0, 0, 0, 306648, 2140
317172, 0, 0, 0, 0, 0, 0, 306648, 2140
317172, 0, 0, 0, 0, 0, 0, 306648, 2140
317172, 0, 0, 0, 0, 0, 0, 306648, 2140
317172, 0, 0, 0, 0, 0, 0, 306648, 2140
317172, 0, 0, 0, 0, 0, 0, 306648, 2140
317172, 0, 0, 0, 0, 0, 0, 306648, 2140
317172, 0, 0, 0, 0, 0, 0, 306648, 2140
317172, 0, 0, 0, 0, 0, 0, 306648, 2140
317172, 0, 0, 0, 0, 0, 0, 306648, 2140
317172, 0, 0, 0, 0, 0, 0, 306648, 2140
317172, 0, 0, 0, 0, 0, 0, 306648, 2140
317172, 0, 0, 0, 0, 0, 0, 306648, 2140
317172, 0, 0, 0, 0, 0, 0, 306648, 2140
317172, 0, 0, 0, 0, 0, 0, 306648, 2140
317172, 0, 0, 0, 0, 0, 0, 306648, 2140
317172, 0, 0, 0, 0, 0, 0, 306648, 2140
317172, 0, 0, 0, 0, 0, 0, 306648, 2140
317172, 0, 0, 0, 0, 0, 0, 306648, 2140
317172, 0, 0, 0, 0, 0, 0, 306648, 2140
317172, 0, 0, 0, 0, 0, 0, 306648, 2140
317172, 0, 0, 0, 0, 0, 0, 306648, 2140
317172, 0, 0, 0, 0, 0, 0, 306648, 2140
317172, 0, 0, 0, 0, 0, 0, 306648, 2140
317172, 0, 0, 0, 0, 0, 0, 306648, 2140
317172, 0, 0, 0, 0, 0, 0, 306648, 2140
317172, 0, 0, 0, 0, 0, 0, 306648, 2140
317172, 0, 0, 0, 0, 0, 0, 306648, 2140
317172, 0, 0, 0, 0, 0, 0, 306648, 2140
317172, 0, 0, 0, 0, 0, 0, 306648, 2140
317172, 0, 0, 0, 0, 0, 0, 306648, 2140
317172, 0, 0, 0, 0, 0, 0, 306648, 2140
317172, 0, 0, 0, 0, 0, 0, 306648, 2140
317172, 0, 0, 0, 0, 0, 0, 306648, 2140
317172, 0, 0, 0, 0, 0, 0, 306648, 2140
317172, 0, 0, 0, 0, 0, 0, 306648, 2140
317172, 0, 0, 0, 0, 0, 0, 306648, 2140
317172, 0, 0, 0, 0, 0, 0, 306648, 2140
317172, 0, 0, 0, 0, 0, 0, 306648, 2140
317172, 0, 0, 0, 0, 0, 0, 306648, 2140
317172, 0, 0, 0, 0, 0, 0, 306648, 2140
317172, 0, 0, 0, 0, 0, 0, 306648, 2140
317172, 0, 0, 0, 0, 0, 0, 306648, 2140
317172, 0, 0, 0, 0, 0, 0, 306648, 2140
317172, 0, 0, 0, 0, 0, 0, 306648, 2140
317172, 0, 0, 0, 0, 0, 0, 306648, 2140
317172, 0, 0, 0, 0, 0, 0, 306648, 2140
317172, 0, 0, 0, 0, 0, 0, 306648, 2140
317172, 0, 0, 0, 0, 0, 0, 306648, 2140
317172, 0, 0, 0, 0, 0, 0, 306648, 2140
317172, 0, 0, 0, 0, 0, 0, 306648, 2140
317172, 0, 0, 0, 0, 0, 0, 306648, 2140
317172, 0, 0, 0, 0, 0, 0, 306648, 2140
317172, 0, 0, 0, 0, 0, 0, 306648, 2140
317172, 0, 0, 0, 0, 0, 0, 306648, 2140
317172, 0, 0, 0, 0, 0, 0, 306648, 2140
317172, 0, 0, 0, 0, 0, 0, 306648, 2140
317172, 0, 0, 0, 0, 0, 0, 306648, 2140
317172, 0, 0, 0, 0, 0, 0, 306648, 2140
317172, 0, 0, 0, 0, 0, 0, 306648, 2140
317172, 0, 0, 0, 0, 0, 0, 306648, 2140
317172, 0, 0, 0, 0, 0, 0, 306648, 2140
317172, 0, 0, 0, 0, 0, 0, 306648, 2140
317172, 0, 0, 0, 0, 0, 0, 306648, 2140
317172, 0, 0, 0, 0, 0, 0, 306648, 2140
317172, 0, 0, 0, 0, 0, 0, 306648, 2140
317172, 0, 0, 0, 0, 0, 0, 306648, 2140
317172, 0, 0, 0, 0, 0, 0, 306648, 2140
317172, 0, 0, 0, 0, 0, 0, 306648, 2140
317172, 0, 0, 0, 0, 0, 0, 306648, 2140
317172, 0, 0, 0, 0, 0, 0, 306648, 2140
317172, 0, 0, 0, 0, 0, 0, 306648, 2140
317172, 0, 0, 0, 0, 0, 0, 306648, 2140
317172, 0, 0, 0, 0, 0, 0, 306648, 2140
317172, 0, 0, 0, 0, 0, 0, 306648, 2140
317172, 0, 0, 0, 0, 0, 0, 306648, 2140
317172, 0, 0, 0, 0, 0, 0, 306648, 2140
317172, 0, 0, 0, 0, 0, 0, 306648, 2140
317172, 0, 0, 0, 0, 0, 0, 306648, 2140
317172, 0, 0, 0, 0, 0, 0, 306648, 2140
317172, 0, 0, 0, 0, 0, 0, 306648, 2140
317172, 0, 0, 0, 0, 0, 0, 306648, 2140
317172, 0, 0, 0, 0, 0, 0, 306648, 2140
317172, 0, 0, 0, 0, 0, 0, 306648, 2140
317172, 0, 0, 0, 0, 0, 0, 306648, 2140
317172, 0, 0, 0, 0, 0, 0, 306648, 2140
317172, 0, 0, 0, 0, 0, 0, 306648, 2140
317172, 0, 0, 0, 0, 0, 0, 306648, 2140
317172, 0, 0, 0, 0, 0, 0, 306648, 2140
317172, 0, 0, 0, 0, 0, 0, 306648, 2140
317172, 0, 0, 0, 0, 0, 0, 306648, 2140
317172, 0, 0, 0, 0, 0, 0, 306648, 2140
317172, 0, 0, 0, 0, 0, 0, 306648, 2140
317172, 0, 0, 0, 0, 0, 0, 306648, 2140
317172, 0, 0, 0, 0, 0, 0, 306648, 2140
317172, 0, 0, 0, 0, 0, 0, 306648, 2140
317172, 0, 0, 0, 0, 0, 0, 306648, 2140
317172, 0, 0, 0, 0, 0, 0, 306648, 2140
317172, 0, 0, 0, 0, 0, 0, 306648, 2140
317172, 0, 0, 0, 0, 0, 0, 306648, 2140
317172, 0, 0, 0, 0, 0, 0, 306648, 2140
317172, 0, 0, 0, 0, 0, 0, 306648, 2140
317172, 0, 0, 0, 0, 0, 0, 306648, 2140
317172, 0, 0, 0, 0, 0, 0, 306648, 2140
317172, 0, 0, 0, 0, 0, 0, 306648, 2140
317172, 0, 0, 0, 0, 0, 0, 306648, 2140
317172, 0, 0, 0, 0, 0, 0, 306648, 2140
317172, 0, 0, 0, 0, 0, 0, 306648, 2140
317172, 0, 0, 0, 0, 0, 0, 306648, 2140
317172, 0, 0, 0, 0, 0, 0, 306648, 2140
317172, 0, 0, 0, 0, 0, 0, 306648, 2140
317172, 0, 0, 0, 0, 0, 0, 306648, 2140
317172, 0, 0, 0, 0, 0, 0, 306648, 2140
317172, 0, 0, 0, 0, 0, 0, 306648, 2140
317172, 0, 0, 0, 0, 0, 0, 306648, 2140
317172, 0, 0, 0, 0, 0, 0, 306648, 2140
317172, 0, 0, 0, 0, 0, 0, 306648, 2140
317172, 0, 0, 0, 0, 0, 0, 306648, 2140
317172, 0, 0, 0, 0, 0, 0, 306648, 2140
317172, 0, 0, 0, 0, 0, 0, 306648, 2140
317172, 0, 0, 0, 0, 0, 0, 306648, 2140
317172, 0, 0, 0, 0, 0, 0, 306648, 2140
317172, 0, 0, 0, 0, 0, 0, 306648, 2140
317172, 0, 0, 0, 0, 0, 0, 306648, 2140
317172, 0, 0, 0, 0, 0, 0, 306648, 2140
317172, 0, 0, 0, 0, 0, 0, 306648, 2140
317172, 0, 0, 0, 0, 0, 0, 306648, 2140
317172, 0, 0, 0, 0, 0, 0, 306648, 2140
317172, 0, 0, 0, 0, 0, 0, 306648, 2140
317172, 0, 0, 0, 0, 0, 0, 306648, 2140
317172, 0, 0, 0, 0, 0, 0, 306648, 2140
317172, 0, 0, 0, 0, 0, 0, 306648, 2140
317172, 0, 0, 0, 0, 0, 0, 306648, 2140
317172, 0, 0, 0, 0, 0, 0, 306648, 2140
317172, 0, 0, 0, 0, 0, 0, 306648, 2140
317172, 0, 0, 0, 0, 0, 0, 306648, 2140
317172, 0, 0, 0, 0, 0, 0, 306648, 2140
317172, 0, 0, 0, 0, 0, 0, 306648, 2140
317172, 0, 0, 0, 0, 0, 0, 306648, 2140
317172, 0, 0, 0, 0, 0, 0, 306648, 2140
317172, 0, 0, 0, 0, 0, 0, 306648, 2140
317172, 0, 0, 0, 0, 0, 0, 306648, 2140
317172, 0, 0, 0, 0, 0, 0, 306648, 2140
317172, 0, 0, 0, 0, 0, 0, 306648, 2140
317172, 0, 0, 0, 0, 0, 0, 306648, 2140
317172, 0, 0, 0, 0, 0, 0, 306648, 2140
317172, 0, 0, 0, 0, 0, 0, 306648, 2140
317172, 0, 0, 0, 0, 0, 0, 306648, 2140
317172, 0, 0, 0, 0, 0, 0, 306648, 2140
317172, 0, 0, 0, 0, 0, 0, 306648, 2140
317172, 0, 0, 0, 0, 0, 0, 306648, 2140
317172, 0, 0, 0, 0, 0, 0, 306648, 2140
317172, 0, 0, 0, 0, 0, 0, 306648, 2140
317172, 0, 0, 0, 0, 0, 0, 306648, 2140
317172, 0, 0, 0, 0, 0, 0, 306648, 2140
317172, 0, 0, 0, 0, 0, 0, 306648, 2140
317172, 0, 0, 0, 0, 0, 0, 306648, 2140
317172, 0, 0, 0, 0, 0, 0, 306648, 2140
317172, 0, 0, 0, 0, 0, 0, 306648, 2140
317172, 0, 0, 0, 0, 0, 0, 306648, 2140
317172, 0, 0, 0, 0, 0, 0, 306648, 2140
317172, 0, 0, 0, 0, 0, 0, 306648, 2140
317172, 0, 0, 0, 0, 0, 0, 306648, 2140
317172, 0, 0, 0, 0, 0, 0, 306648, 2140
317172, 0, 0, 0, 0, 0, 0, 306648, 2140
317172, 0, 0, 0, 0, 0, 0, 306648, 2140
317172, 0, 0, 0, 0, 0, 0, 306648, 2140
317172, 0, 0, 0, 0, 0, 0, 306648, 2140
317172, 0, 0, 0, 0, 0, 0, 306648, 2140
317172, 0, 0, 0, 0, 0, 0, 306648, 2140
317172, 0, 0, 0, 0, 0, 0, 306648, 2140
317172, 0, 0, 0, 0, 0, 0, 306648, 2140
317172, 0, 0, 0, 0, 0, 0, 306648, 2140
317172, 0, 0, 0, 0, 0, 0, 306648, 2140
317172, 0, 0, 0, 0, 0, 0, 306648, 2140
317172, 0, 0, 0, 0, 0, 0, 306648, 2140
317172, 0, 0, 0, 0, 0, 0, 306648, 2140
317172, 0, 0, 0, 0, 0, 0, 306648, 2140
317172, 0, 0, 0, 0, 0, 0, 306648, 2140
317172, 0, 0, 0, 0, 0, 0, 306648, 2140
317172, 0, 0, 0, 0, 0, 0, 306648, 2140
317172, 0, 0, 0, 0, 0, 0, 306648, 2140
317172, 0, 0, 0, 0, 0, 0, 306648, 2140
317172, 0, 0, 0, 0, 0, 0, 306648, 2140
317172, 0, 0, 0, 0, 0, 0, 306648, 2140
317172, 0, 0, 0, 0, 0, 0, 306648, 2140
317172, 0, 0, 0, 0, 0, 0, 306648, 2140
317172, 0, 0, 0, 0, 0, 0, 306648, 2140
317172, 0, 0, 0, 0, 0, 0, 306648, 2140
317172, 0, 0, 0, 0, 0, 0, 306648, 2140
317172, 0, 0, 0, 0, 0, 0, 306648, 2140
317172, 0, 0, 0, 0, 0, 0, 306648, 2140
317172, 0, 0, 0, 0, 0, 0, 306648, 2140
317172, 0, 0, 0, 0, 0, 0, 306648, 2140
317172, 0, 0, 0, 0, 0, 0, 306648, 2140
317172, 0, 0, 0, 0, 0, 0, 306648, 2140
317172, 0, 0, 0, 0, 0, 0, 306648, 2140
317172, 0, 0, 0, 0, 0, 0, 306648, 2140
317172, 0, 0, 0, 0, 0, 0, 306648, 2140
317172, 0, 0, 0, 0, 0, 0, 306648, 2140
317172, 0, 0, 0, 0, 0, 0, 306648, 2140
317172, 0, 0, 0, 0, 0, 0, 306648, 2140
317172, 0, 0, 0, 0, 0, 0, 306648, 2140
317172, 0, 0, 0, 0, 0, 0, 306648, 2140
317172, 0, 0, 0, 0, 0, 0, 306648, 2140
317172, 0, 0, 0, 0, 0, 0, 306648, 2140
317172, 0, 0, 0, 0, 0, 0, 306648, 2140
317172, 0, 0, 0, 0, 0, 0, 306648, 2140
317172, 0, 0, 0, 0, 0, 0, 306648, 2140
317172, 0, 0, 0, 0, 0, 0, 306648, 2140
317172, 0, 0, 0, 0, 0, 0, 306648, 2140
317172, 0, 0, 0, 0, 0, 0, 306648, 2140
317172, 0, 0, 0, 0, 0, 0, 306648, 2140
317172, 0, 0, 0, 0, 0, 0, 306648, 2140
317172, 0, 0, 0, 0, 0, 0, 306648, 2140
317172, 0, 0, 0, 0, 0, 0, 306648, 2140
317172, 0, 0, 0, 0, 0, 0, 306648, 2140
317172, 0, 0, 0, 0, 0, 0, 306648, 2140
317172, 0, 0, 0, 0, 0, 0, 306648, 2140
317172, 0, 0, 0, 0, 0, 0, 306648, 2140
317172, 0, 0, 0, 0, 0, 0, 306648, 2140
317172, 0, 0, 0, 0, 0, 0, 306648, 2140
317172, 0, 0, 0, 0, 0, 0, 306648, 2140
317172, 0, 0, 0, 0, 0, 0, 306648, 2140
317172, 0, 0, 0, 0, 0, 0, 306648, 2140
317172, 0, 0, 0, 0, 0, 0, 306648, 2140
317172, 0, 0, 0, 0, 0, 0, 306648, 2140
317172, 0, 0, 0, 0, 0, 0, 306648, 2140
317172, 0, 0, 0, 0, 0, 0, 306648, 2140
317172, 0, 0, 0, 0, 0, 0, 306648, 2140
317172, 0, 0, 0, 0, 0, 0, 306648, 2140
317172, 0, 0, 0, 0, 0, 0, 306648, 2140
317172, 0, 0, 0, 0, 0, 0, 306648, 2140
317172, 0, 0, 0, 0, 0, 0, 306648, 2140
317172, 0, 0, 0, 0, 0, 0, 306648, 2140
317172, 0, 0, 0, 0, 0, 0, 306648, 2140
317172, 0, 0, 0, 0, 0, 0, 306648, 2140
317172, 0, 0, 0, 0, 0, 0, 306648, 2140
317172, 0, 0, 0, 0, 0, 0, 306648, 2140
317172, 0, 0, 0, 0, 0, 0, 306648, 2140
317172, 0, 0, 0, 0, 0, 0, 306648, 2140
317172, 0, 0, 0, 0, 0, 0, 306648, 2140
317172, 0, 0, 0, 0, 0, 0, 306648, 2140
317172, 0, 0, 0, 0, 0, 0, 306648, 2140
317172, 0, 0, 0, 0, 0, 0, 306648, 2140
317172, 0, 0, 0, 0, 0, 0, 306648, 2140
317172, 0, 0, 0, 0, 0, 0, 306648, 2140
317172, 0, 0, 0, 0, 0, 0, 306648, 2140
317172, 0, 0, 0, 0, 0, 0, 306648, 2140
317172, 0, 0, 0, 0, 0, 0, 306648, 2140
317172, 0, 0, 0, 0, 0, 0, 306648, 2140
317172, 0, 0, 0, 0, 0, 0, 306648, 2140
317172, 0, 0, 0, 0, 0, 0, 306648, 2140
317172, 0, 0, 0, 0, 0, 0, 306648, 2140
317172, 0, 0, 0, 0, 0, 0, 306648, 2140
317172, 0, 0, 0, 0, 0, 0, 306648, 2140
317172, 0, 0, 0, 0, 0, 0, 306648, 2140
317172, 0, 0, 0, 0, 0, 0, 306648, 2140
317172, 0, 0, 0, 0, 0, 0, 306648, 2140
317172, 0, 0, 0, 0, 0, 0, 306648, 2140
317172, 0, 0, 0, 0, 0, 0, 306648, 2140
317172, 0, 0, 0, 0, 0, 0, 306648, 2140
317172, 0, 0, 0, 0, 0, 0, 306648, 2140
317172, 0, 0, 0, 0, 0, 0, 306648, 2140
317172, 0, 0, 0, 0, 0, 0, 306648, 2140
317172, 0, 0, 0, 0, 0, 0, 306648, 2140
317172, 0, 0, 0, 0, 0, 0, 306648, 2140
317172, 0, 0, 0, 0, 0, 0, 306648, 2140
317172, 0, 0, 0, 0, 0, 0, 306648, 2140
317172, 0, 0, 0, 0, 0, 0, 306648, 2140
317172, 0, 0, 0, 0, 0, 0, 306648, 2140
317172, 0, 0, 0, 0, 0, 0, 306648, 2140
317172, 0, 0, 0, 0, 0, 0, 306648, 2140
317172, 0, 0, 0, 0, 0, 0, 306648, 2140
317172, 0, 0, 0, 0, 0, 0, 306648, 2140
317172, 0, 0, 0, 0, 0, 0, 306648, 2140
317172, 0, 0, 0, 0, 0, 0, 306648, 2140
317172, 0, 0, 0, 0, 0, 0, 306648, 2140
317172, 0, 0, 0, 0, 0, 0, 306648, 2140
317172, 0, 0, 0, 0, 0, 0, 306648, 2140
317172, 0, 0, 0, 0, 0, 0, 306648, 2140
317172, 0, 0, 0, 0, 0, 0, 306648, 2140
317172, 0, 0, 0, 0, 0, 0, 306648, 2140
317172, 0, 0, 0, 0, 0, 0, 306648, 2140
317172, 0, 0, 0, 0, 0, 0, 306648, 2140
317172, 0, 0, 0, 0, 0, 0, 306648, 2140
317172, 0, 0, 0, 0, 0, 0, 306648, 2140
317172, 0, 0, 0, 0, 0, 0, 306648, 2140
317172, 0, 0, 0, 0, 0, 0, 306648, 2140
317172, 0, 0, 0, 0, 0, 0, 306648, 2140
317172, 0, 0, 0, 0, 0, 0, 306648, 2140
317172, 0, 0, 0, 0, 0, 0, 306648, 2140
317172, 0, 0, 0, 0, 0, 0, 306648, 2140
317172, 0, 0, 0, 0, 0, 0, 306648, 2140
317172, 0, 0, 0, 0, 0, 0, 306648, 2140
317172, 0, 0, 0, 0, 0, 0, 306648, 2140
317172, 0, 0, 0, 0, 0, 0, 306648, 2140
317172, 0, 0, 0, 0, 0, 0, 306648, 2140
317172, 0, 0, 0, 0, 0, 0, 306648, 2140
317172, 0, 0, 0, 0, 0, 0, 306648, 2140
317172, 0, 0, 0, 0, 0, 0, 306648, 2140
317172, 0, 0, 0, 0, 0, 0, 306648, 2140
317172, 0, 0, 0, 0, 0, 0, 306648, 2140
317172, 0, 0, 0, 0, 0, 0, 306648, 2140
317172, 0, 0, 0, 0, 0, 0, 306648, 2140
317172, 0, 0, 0, 0, 0, 0, 306648, 2140
317172, 0, 0, 0, 0, 0, 0, 306648, 2140
317172, 0, 0, 0, 0, 0, 0, 306648, 2140
317172, 0, 0, 0, 0, 0, 0, 306648, 2140
317172, 0, 0, 0, 0, 0, 0, 306648, 2140
317172, 0, 0, 0, 0, 0, 0, 306648, 2140
317172, 0, 0, 0, 0, 0, 0, 306648, 2140
317172, 0, 0, 0, 0, 0, 0, 306648, 2140
317172, 0, 0, 0, 0, 0, 0, 306648, 2140
317172, 0, 0, 0, 0, 0, 0, 306648, 2140
317172, 0, 0, 0, 0, 0, 0, 306648, 2140
317172, 0, 0, 0, 0, 0, 0, 306648, 2140
317172, 0, 0, 0, 0, 0, 0, 306648, 2140
317172, 0, 0, 0, 0, 0, 0, 306648, 2140
317172, 0, 0, 0, 0, 0, 0, 306648, 2140
317172, 0, 0, 0, 0, 0, 0, 306648, 2140
317172, 0, 0, 0, 0, 0, 0, 306648, 2140
317172, 0, 0, 0, 0, 0, 0, 306648, 2140
317172, 0, 0, 0, 0, 0, 0, 306648, 2140
317172, 0, 0, 0, 0, 0, 0, 306648, 2140
317172, 0, 0, 0, 0, 0, 0, 306648, 2140
317172, 0, 0, 0, 0, 0, 0, 306648, 2140
317172, 0, 0, 0, 0, 0, 0, 306648, 2140
317172, 0, 0, 0, 0, 0, 0, 306648, 2140
317172, 0, 0, 0, 0, 0, 0, 306648, 2140
317172, 0, 0, 0, 0, 0, 0, 306648, 2140
317172, 0, 0, 0, 0, 0, 0, 306648, 2140
317172, 0, 0, 0, 0, 0, 0, 306648, 2140
317172, 0, 0, 0, 0, 0, 0, 306648, 2140
317172, 0, 0, 0, 0, 0, 0, 306648, 2140
317172, 0, 0, 0, 0, 0, 0, 306648, 2140
317172, 0, 0, 0, 0, 0, 0, 306648, 2140
317172, 0, 0, 0, 0, 0, 0, 306648, 2140
317172, 0, 0, 0, 0, 0, 0, 306648, 2140
317172, 0, 0, 0, 0, 0, 0, 306648, 2140
317172, 0, 0, 0, 0, 0, 0, 306648, 2140
317172, 0, 0, 0, 0, 0, 0, 306648, 2140
317172, 0, 0, 0, 0, 0, 0, 306648, 2140
317172, 0, 0, 0, 0, 0, 0, 306648, 2140
317172, 0, 0, 0, 0, 0, 0, 306648, 2140
317172, 0, 0, 0, 0, 0, 0, 306648, 2140
317172, 0, 0, 0, 0, 0, 0, 306648, 2140
317172, 0, 0, 0, 0, 0, 0, 306648, 2140
317172, 0, 0, 0, 0, 0, 0, 306648, 2140
317172, 0, 0, 0, 0, 0, 0, 306648, 2140
317172, 0, 0, 0, 0, 0, 0, 306648, 2140
317172, 0, 0, 0, 0, 0, 0, 306648, 2140
317172, 0, 0, 0, 0, 0, 0, 306648, 2140
317172, 0, 0, 0, 0, 0, 0, 306648, 2140
317172, 0, 0, 0, 0, 0, 0, 306648, 2140
317172, 0, 0, 0, 0, 0, 0, 306648, 2140
317172, 0, 0, 0, 0, 0, 0, 306648, 2140
317172, 0, 0, 0, 0, 0, 0, 306648, 2140
317172, 0, 0, 0, 0, 0, 0, 306648, 2140
317172, 0, 0, 0, 0, 0, 0, 306648, 2140
317172, 0, 0, 0, 0, 0, 0, 306648, 2140
317172, 0, 0, 0, 0, 0, 0, 306648, 2140
317172, 0, 0, 0, 0, 0, 0, 306648, 2140
317172, 0, 0, 0, 0, 0, 0, 306648, 2140
317172, 0, 0, 0, 0, 0, 0, 306648, 2140
317172, 0, 0, 0, 0, 0, 0, 306648, 2140
317172, 0, 0, 0, 0, 0, 0, 306648, 2140
317172, 0, 0, 0, 0, 0, 0, 306648, 2140
317172, 0, 0, 0, 0, 0, 0, 306648, 2140
317172, 0, 0, 0, 0, 0, 0, 306648, 2140
317172, 0, 0, 0, 0, 0, 0, 306648, 2140
317172, 0, 0, 0, 0, 0, 0, 306648, 2140
317172, 0, 0, 0, 0, 0, 0, 306648, 2140
317172, 0, 0, 0, 0, 0, 0, 306648, 2140
317172, 0, 0, 0, 0, 0, 0, 306648, 2140
317172, 0, 0, 0, 0, 0, 0, 306648, 2140
317172, 0, 0, 0, 0, 0, 0, 306648, 2140
317172, 0, 0, 0, 0, 0, 0, 306648, 2140
317172, 0, 0, 0, 0, 0, 0, 306648, 2140
317172, 0, 0, 0, 0, 0, 0, 306648, 2140
317172, 0, 0, 0, 0, 0, 0, 306648, 2140
317172, 0, 0, 0, 0, 0, 0, 306648, 2140
317172, 0, 0, 0, 0, 0, 0, 306648, 2140
317172, 0, 0, 0, 0, 0, 0, 306648, 2140
317172, 0, 0, 0, 0, 0, 0, 306648, 2140
317172, 0, 0, 0, 0, 0, 0, 306648, 2140
317172, 0, 0, 0, 0, 0, 0, 306648, 2140
317172, 0, 0, 0, 0, 0, 0, 306648, 2140
317172, 0, 0, 0, 0, 0, 0, 306648, 2140
317172, 0, 0, 0, 0, 0, 0, 306648, 2140
317172, 0, 0, 0, 0, 0, 0, 306648, 2140
317172, 0, 0, 0, 0, 0, 0, 306648, 2140
317172, 0, 0, 0, 0, 0, 0, 306648, 2140
317172, 0, 0, 0, 0, 0, 0, 306648, 2140
317172, 0, 0, 0, 0, 0, 0, 306648, 2140
317172, 0, 0, 0, 0, 0, 0, 306648, 2140
317172, 0, 0, 0, 0, 0, 0, 306648, 2140
317172, 0, 0, 0, 0, 0, 0, 306648, 2140
317172, 0, 0, 0, 0, 0, 0, 306648, 2140
317172, 0, 0, 0, 0, 0, 0, 306648, 2140
317172, 0, 0, 0, 0, 0, 0, 306648, 2140
317172, 0, 0, 0, 0, 0, 0, 306648, 2140
317172, 0, 0, 0, 0, 0, 0, 306648, 2140
317172, 0, 0, 0, 0, 0, 0, 306648, 2140
317172, 0, 0, 0, 0, 0, 0, 306648, 2140
317172, 0, 0, 0, 0, 0, 0, 306648, 2140
317172, 0, 0, 0, 0, 0, 0, 306648, 2140
317172, 0, 0, 0, 0, 0, 0, 306648, 2140
317172, 0, 0, 0, 0, 0, 0, 306648, 2140
317172, 0, 0, 0, 0, 0, 0, 306648, 2140
317172, 0, 0, 0, 0, 0, 0, 306648, 2140
317172, 0, 0, 0, 0, 0, 0, 306648, 2140
317172, 0, 0, 0, 0, 0, 0, 306648, 2140
317172, 0, 0, 0, 0, 0, 0, 306648, 2140
317172, 0, 0, 0, 0, 0, 0, 306648, 2140
317172, 0, 0, 0, 0, 0, 0, 306648, 2140
317172, 0, 0, 0, 0, 0, 0, 306648, 2140
317172, 0, 0, 0, 0, 0, 0, 306648, 2140
317172, 0, 0, 0, 0, 0, 0, 306648, 2140
317172, 0, 0, 0, 0, 0, 0, 306648, 2140
317172, 0, 0, 0, 0, 0, 0, 306648, 2140
317172, 0, 0, 0, 0, 0, 0, 306648, 2140
317172, 0, 0, 0, 0, 0, 0, 306648, 2140
317172, 0, 0, 0, 0, 0, 0, 306648, 2140
317172, 0, 0, 0, 0, 0, 0, 306648, 2140
317172, 0, 0, 0, 0, 0, 0, 306648, 2140
317172, 0, 0, 0, 0, 0, 0, 306648, 2140
317172, 0, 0, 0, 0, 0, 0, 306648, 2140
317172, 0, 0, 0, 0, 0, 0, 306648, 2140
317172, 0, 0, 0, 0, 0, 0, 306648, 2140
317172, 0, 0, 0, 0, 0, 0, 306648, 2140
317172, 0, 0, 0, 0, 0, 0, 306648, 2140
317172, 0, 0, 0, 0, 0, 0, 306648, 2140
317172, 0, 0, 0, 0, 0, 0, 306648, 2140
317172, 0, 0, 0, 0, 0, 0, 306648, 2140
317172, 0, 0, 0, 0, 0, 0, 306648, 2140
317172, 0, 0, 0, 0, 0, 0, 306648, 2140
317172, 0, 0, 0, 0, 0, 0, 306648, 2140
317172, 0, 0, 0, 0, 0, 0, 306648, 2140
317172, 0, 0, 0, 0, 0, 0, 306648, 2140
317172, 0, 0, 0, 0, 0, 0, 306648, 2140
317172, 0, 0, 0, 0, 0, 0, 306648, 2140
317172, 0, 0, 0, 0, 0, 0, 306648, 2140
317172, 0, 0, 0, 0, 0, 0, 306648, 2140
317172, 0, 0, 0, 0, 0, 0, 306648, 2140
317172, 0, 0, 0, 0, 0, 0, 306648, 2140
317172, 0, 0, 0, 0, 0, 0, 306648, 2140
317172, 0, 0, 0, 0, 0, 0, 306648, 2140
317172, 0, 0, 0, 0, 0, 0, 306648, 2140
317172, 0, 0, 0, 0, 0, 0, 306648, 2140
317172, 0, 0, 0, 0, 0, 0, 306648, 2140
317172, 0, 0, 0, 0, 0, 0, 306648, 2140
317172, 0, 0, 0, 0, 0, 0, 306648, 2140
317172, 0, 0, 0, 0, 0, 0, 306648, 2140
317172, 0, 0, 0, 0, 0, 0, 306648, 2140
317172, 0, 0, 0, 0, 0, 0, 306648, 2140
317172, 0, 0, 0, 0, 0, 0, 306648, 2140
317172, 0, 0, 0, 0, 0, 0, 306648, 2140
317172, 0, 0, 0, 0, 0, 0, 306648, 2140
317172, 0, 0, 0, 0, 0, 0, 306648, 2140
317172, 0, 0, 0, 0, 0, 0, 306648, 2140
317172, 0, 0, 0, 0, 0, 0, 306648, 2140
317172, 0, 0, 0, 0, 0, 0, 306648, 2140
317172, 0, 0, 0, 0, 0, 0, 306648, 2140
317172, 0, 0, 0, 0, 0, 0, 306648, 2140
317172, 0, 0, 0, 0, 0, 0, 306648, 2140
317172, 0, 0, 0, 0, 0, 0, 306648, 2140
317172, 0, 0, 0, 0, 0, 0, 306648, 2140
317172, 0, 0, 0, 0, 0, 0, 306648, 2140
317172, 0, 0, 0, 0, 0, 0, 306648, 2140
317172, 0, 0, 0, 0, 0, 0, 306648, 2140
317172, 0, 0, 0, 0, 0, 0, 306648, 2140
317172, 0, 0, 0, 0, 0, 0, 306648, 2140
317172, 0, 0, 0, 0, 0, 0, 306648, 2140
317172, 0, 0, 0, 0, 0, 0, 306648, 2140
317172, 0, 0, 0, 0, 0, 0, 306648, 2140
317172, 0, 0, 0, 0, 0, 0, 306648, 2140
317172, 0, 0, 0, 0, 0, 0, 306648, 2140
317172, 0, 0, 0, 0, 0, 0, 306648, 2140
317172, 0, 0, 0, 0, 0, 0, 306648, 2140
317172, 0, 0, 0, 0, 0, 0, 306648, 2140
317172, 0, 0, 0, 0, 0, 0, 306648, 2140
317172, 0, 0, 0, 0, 0, 0, 306648, 2140
317172, 0, 0, 0, 0, 0, 0, 306648, 2140
317172, 0, 0, 0, 0, 0, 0, 306648, 2140
317172, 0, 0, 0, 0, 0, 0, 306648, 2140
317172, 0, 0, 0, 0, 0, 0, 306648, 2140
317172, 0, 0, 0, 0, 0, 0, 306648, 2140
317172, 0, 0, 0, 0, 0, 0, 306648, 2140
317172, 0, 0, 0, 0, 0, 0, 306648, 2140
317172, 0, 0, 0, 0, 0, 0, 306648, 2140
317172, 0, 0, 0, 0, 0, 0, 306648, 2140
317172, 0, 0, 0, 0, 0, 0, 306648, 2140
317172, 0, 0, 0, 0, 0, 0, 306648, 2140
317172, 0, 0, 0, 0, 0, 0, 306648, 2140
317172, 0, 0, 0, 0, 0, 0, 306648, 2140
317172, 0, 0, 0, 0, 0, 0, 306648, 2140
317172, 0, 0, 0, 0, 0, 0, 306648, 2140
317172, 0, 0, 0, 0, 0, 0, 306648, 2140
317172, 0, 0, 0, 0, 0, 0, 306648, 2140
317172, 0, 0, 0, 0, 0, 0, 306648, 2140
317172, 0, 0, 0, 0, 0, 0, 306648, 2140
317172, 0, 0, 0, 0, 0, 0, 306648, 2140
317172, 0, 0, 0, 0, 0, 0, 306648, 2140
317172, 0, 0, 0, 0, 0, 0, 306648, 2140
317172, 0, 0, 0, 0, 0, 0, 306648, 2140
317172, 0, 0, 0, 0, 0, 0, 306648, 2140
317172, 0, 0, 0, 0, 0, 0, 306648, 2140
317172, 0, 0, 0, 0, 0, 0, 306648, 2140
317172, 0, 0, 0, 0, 0, 0, 306648, 2140
317172, 0, 0, 0, 0, 0, 0, 306648, 2140
317172, 0, 0, 0, 0, 0, 0, 306648, 2140
317172, 0, 0, 0, 0, 0, 0, 306648, 2140
317172, 0, 0, 0, 0, 0, 0, 306648, 2140
317172, 0, 0, 0, 0, 0, 0, 306648, 2140
317172, 0, 0, 0, 0, 0, 0, 306648, 2140
317172, 0, 0, 0, 0, 0, 0, 306648, 2140
317172, 0, 0, 0, 0, 0, 0, 306648, 2140
317172, 0, 0, 0, 0, 0, 0, 306648, 2140
317172, 0, 0, 0, 0, 0, 0, 306648, 2140
317172, 0, 0, 0, 0, 0, 0, 306648, 2140
317172, 0, 0, 0, 0, 0, 0, 306648, 2140
317172, 0, 0, 0, 0, 0, 0, 306648, 2140
317172, 0, 0, 0, 0, 0, 0, 306648, 2140
317172, 0, 0, 0, 0, 0, 0, 306648, 2140
317172, 0, 0, 0, 0, 0, 0, 306648, 2140
317172, 0, 0, 0, 0, 0, 0, 306648, 2140
317172, 0, 0, 0, 0, 0, 0, 306648, 2140
317172, 0, 0, 0, 0, 0, 0, 306648, 2140
317172, 0, 0, 0, 0, 0, 0, 306648, 2140
317172, 0, 0, 0, 0, 0, 0, 306648, 2140
317172, 0, 0, 0, 0, 0, 0, 306648, 2140
317172, 0, 0, 0, 0, 0, 0, 306648, 2140
317172, 0, 0, 0, 0, 0, 0, 306648, 2140
317172, 0, 0, 0, 0, 0, 0, 306648, 2140
317172, 0, 0, 0, 0, 0, 0, 306648, 2140
317172, 0, 0, 0, 0, 0, 0, 306648, 2140
317172, 0, 0, 0, 0, 0, 0, 306648, 2140
317172, 0, 0, 0, 0, 0, 0, 306648, 2140
317172, 0, 0, 0, 0, 0, 0, 306648, 2140
317172, 0, 0, 0, 0, 0, 0, 306648, 2140
317172, 0, 0, 0, 0, 0, 0, 306648, 2140
317172, 0, 0, 0, 0, 0, 0, 306648, 2140
317172, 0, 0, 0, 0, 0, 0, 306648, 2140
317172, 0, 0, 0, 0, 0, 0, 306648, 2140
317172, 0, 0, 0, 0, 0, 0, 306648, 2140
317172, 0, 0, 0, 0, 0, 0, 306648, 2140
317172, 0, 0, 0, 0, 0, 0, 306648, 2140
317172, 0, 0, 0, 0, 0, 0, 306648, 2140
317172, 0, 0, 0, 0, 0, 0, 306648, 2140
317172, 0, 0, 0, 0, 0, 0, 306648, 2140
317172, 0, 0, 0, 0, 0, 0, 306648, 2140
317172, 0, 0, 0, 0, 0, 0, 306648, 2140
317172, 0, 0, 0, 0, 0, 0, 306648, 2140
317172, 0, 0, 0, 0, 0, 0, 306648, 2140
317172, 0, 0, 0, 0, 0, 0, 306648, 2140
317172, 0, 0, 0, 0, 0, 0, 306648, 2140
317172, 0, 0, 0, 0, 0, 0, 306648, 2140
317172, 0, 0, 0, 0, 0, 0, 306648, 2140
317172, 0, 0, 0, 0, 0, 0, 306648, 2140
317172, 0, 0, 0, 0, 0, 0, 306648, 2140
317172, 0, 0, 0, 0, 0, 0, 306648, 2140
317172, 0, 0, 0, 0, 0, 0, 306648, 2140
317172, 0, 0, 0, 0, 0, 0, 306648, 2140
317172, 0, 0, 0, 0, 0, 0, 306648, 2140
317172, 0, 0, 0, 0, 0, 0, 306648, 2140
317172, 0, 0, 0, 0, 0, 0, 306648, 2140
317172, 0, 0, 0, 0, 0, 0, 306648, 2140
317172, 0, 0, 0, 0, 0, 0, 306648, 2140
317172, 0, 0, 0, 0, 0, 0, 306648, 2140
317172, 0, 0, 0, 0, 0, 0, 306648, 2140
317172, 0, 0, 0, 0, 0, 0, 306648, 2140
317172, 0, 0, 0, 0, 0, 0, 306648, 2140
317172, 0, 0, 0, 0, 0, 0, 306648, 2140
317172, 0, 0, 0, 0, 0, 0, 306648, 2140
317172, 0, 0, 0, 0, 0, 0, 306648, 2140
317172, 0, 0, 0, 0, 0, 0, 306648, 2140
317172, 0, 0, 0, 0, 0, 0, 306648, 2140
317172, 0, 0, 0, 0, 0, 0, 306648, 2140
317172, 0, 0, 0, 0, 0, 0, 306648, 2140
317172, 0, 0, 0, 0, 0, 0, 306648, 2140
317172, 0, 0, 0, 0, 0, 0, 306648, 2140
317172, 0, 0, 0, 0, 0, 0, 306648, 2140
317172, 0, 0, 0, 0, 0, 0, 306648, 2140
317172, 0, 0, 0, 0, 0, 0, 306648, 2140
317172, 0, 0, 0, 0, 0, 0, 306648, 2140
317172, 0, 0, 0, 0, 0, 0, 306648, 2140
317172, 0, 0, 0, 0, 0, 0, 306648, 2140
317172, 0, 0, 0, 0, 0, 0, 306648, 2140
317172, 0, 0, 0, 0, 0, 0, 306648, 2140
317172, 0, 0, 0, 0, 0, 0, 306648, 2140
317172, 0, 0, 0, 0, 0, 0, 306648, 2140
317172, 0, 0, 0, 0, 0, 0, 306648, 2140
317172, 0, 0, 0, 0, 0, 0, 306648, 2140
317172, 0, 0, 0, 0, 0, 0, 306648, 2140
317172, 0, 0, 0, 0, 0, 0, 306648, 2140
317172, 0, 0, 0, 0, 0, 0, 306648, 2140
317172, 0, 0, 0, 0, 0, 0, 306648, 2140
317172, 0, 0, 0, 0, 0, 0, 306648, 2140
317172, 0, 0, 0, 0, 0, 0, 306648, 2140
317172, 0, 0, 0, 0, 0, 0, 306648, 2140
317172, 0, 0, 0, 0, 0, 0, 306648, 2140
317172, 0, 0, 0, 0, 0, 0, 306648, 2140
317172, 0, 0, 0, 0, 0, 0, 306648, 2140
317172, 0, 0, 0, 0, 0, 0, 306648, 2140
317172, 0, 0, 0, 0, 0, 0, 306648, 2140
317172, 0, 0, 0, 0, 0, 0, 306648, 2140
317172, 0, 0, 0, 0, 0, 0, 306648, 2140
317172, 0, 0, 0, 0, 0, 0, 306648, 2140
317172, 0, 0, 0, 0, 0, 0, 306648, 2140
317172, 0, 0, 0, 0, 0, 0, 306648, 2140
317172, 0, 0, 0, 0, 0, 0, 306648, 2140
317172, 0, 0, 0, 0, 0, 0, 306648, 2140
317172, 0, 0, 0, 0, 0, 0, 306648, 2140
317172, 0, 0, 0, 0, 0, 0, 306648, 2140
317172, 0, 0, 0, 0, 0, 0, 306648, 2140
317172, 0, 0, 0, 0, 0, 0, 306648, 2140
317172, 0, 0, 0, 0, 0, 0, 306648, 2140
317172, 0, 0, 0, 0, 0, 0, 306648, 2140
317172, 0, 0, 0, 0, 0, 0, 306648, 2140
317172, 0, 0, 0, 0, 0, 0, 306648, 2140
317172, 0, 0, 0, 0, 0, 0, 306648, 2140
317172, 0, 0, 0, 0, 0, 0, 306648, 2140
317172, 0, 0, 0, 0, 0, 0, 306648, 2140
317172, 0, 0, 0, 0, 0, 0, 306648, 2140
317172, 0, 0, 0, 0, 0, 0, 306648, 2140
317172, 0, 0, 0, 0, 0, 0, 306648, 2140
317172, 0, 0, 0, 0, 0, 0, 306648, 2140
317172, 0, 0, 0, 0, 0, 0, 306648, 2140
317172, 0, 0, 0, 0, 0, 0, 306648, 2140
317172, 0, 0, 0, 0, 0, 0, 306648, 2140
317172, 0, 0, 0, 0, 0, 0, 306648, 2140
317172, 0, 0, 0, 0, 0, 0, 306648, 2140
317172, 0, 0, 0, 0, 0, 0, 306648, 2140
317172, 0, 0, 0, 0, 0, 0, 306648, 2140
317172, 0, 0, 0, 0, 0, 0, 306648, 2140
317172, 0, 0, 0, 0, 0, 0, 306648, 2140
317172, 0, 0, 0, 0, 0, 0, 306648, 2140
317172, 0, 0, 0, 0, 0, 0, 306648, 2140
317172, 0, 0, 0, 0, 0, 0, 306648, 2140
317172, 0, 0, 0, 0, 0, 0, 306648, 2140
317172, 0, 0, 0, 0, 0, 0, 306648, 2140
317172, 0, 0, 0, 0, 0, 0, 306648, 2140
317172, 0, 0, 0, 0, 0, 0, 306648, 2140
317172, 0, 0, 0, 0, 0, 0, 306648, 2140
317172, 0, 0, 0, 0, 0, 0, 306648, 2140
317172, 0, 0, 0, 0, 0, 0, 306648, 2140
317172, 0, 0, 0, 0, 0, 0, 306648, 2140
317172, 0, 0, 0, 0, 0, 0, 306648, 2140
317172, 0, 0, 0, 0, 0, 0, 306648, 2140
317172, 0, 0, 0, 0, 0, 0, 306648, 2140
317172, 0, 0, 0, 0, 0, 0, 306648, 2140
317172, 0, 0, 0, 0, 0, 0, 306648, 2140
317172, 0, 0, 0, 0, 0, 0, 306648, 2140
317172, 0, 0, 0, 0, 0, 0, 306648, 2140
317172, 0, 0, 0, 0, 0, 0, 306648, 2140
317172, 0, 0, 0, 0, 0, 0, 306648, 2140
317172, 0, 0, 0, 0, 0, 0, 306648, 2140
317172, 0, 0, 0, 0, 0, 0, 306648, 2140
317172, 0, 0, 0, 0, 0, 0, 306648, 2140
317172, 0, 0, 0, 0, 0, 0, 306648, 2140
317172, 0, 0, 0, 0, 0, 0, 306648, 2140
317172, 0, 0, 0, 0, 0, 0, 306648, 2140
317172, 0, 0, 0, 0, 0, 0, 306648, 2140
317172, 0, 0, 0, 0, 0, 0, 306648, 2140
317172, 0, 0, 0, 0, 0, 0, 306648, 2140
317172, 0, 0, 0, 0, 0, 0, 306648, 2140
317172, 0, 0, 0, 0, 0, 0, 306648, 2140
317172, 0, 0, 0, 0, 0, 0, 306648, 2140
317172, 0, 0, 0, 0, 0, 0, 306648, 2140
317172, 0, 0, 0, 0, 0, 0, 306648, 2140
317172, 0, 0, 0, 0, 0, 0, 306648, 2140
317172, 0, 0, 0, 0, 0, 0, 306648, 2140
317172, 0, 0, 0, 0, 0, 0, 306648, 2140
317172, 0, 0, 0, 0, 0, 0, 306648, 2140
317172, 0, 0, 0, 0, 0, 0, 306648, 2140
317172, 0, 0, 0, 0, 0, 0, 306648, 2140
317172, 0, 0, 0, 0, 0, 0, 306648, 2140
317172, 0, 0, 0, 0, 0, 0, 306648, 2140
317172, 0, 0, 0, 0, 0, 0, 306648, 2140
317172, 0, 0, 0, 0, 0, 0, 306648, 2140
317172, 0, 0, 0, 0, 0, 0, 306648, 2140
317172, 0, 0, 0, 0, 0, 0, 306648, 2140
317172, 0, 0, 0, 0, 0, 0, 306648, 2140
317172, 0, 0, 0, 0, 0, 0, 306648, 2140
317172, 0, 0, 0, 0, 0, 0, 306648, 2140
317172, 0, 0, 0, 0, 0, 0, 306648, 2140
317172, 0, 0, 0, 0, 0, 0, 306648, 2140
317172, 0, 0, 0, 0, 0, 0, 306648, 2140
317172, 0, 0, 0, 0, 0, 0, 306648, 2140
317172, 0, 0, 0, 0, 0, 0, 306648, 2140
317172, 0, 0, 0, 0, 0, 0, 306648, 2140
317172, 0, 0, 0, 0, 0, 0, 306648, 2140
317172, 0, 0, 0, 0, 0, 0, 306648, 2140
317172, 0, 0, 0, 0, 0, 0, 306648, 2140
317172, 0, 0, 0, 0, 0, 0, 306648, 2140
317172, 0, 0, 0, 0, 0, 0, 306648, 2140
317172, 0, 0, 0, 0, 0, 0, 306648, 2140
317172, 0, 0, 0, 0, 0, 0, 306648, 2140
317172, 0, 0, 0, 0, 0, 0, 306648, 2140
317172, 0, 0, 0, 0, 0, 0, 306648, 2140
317172, 0, 0, 0, 0, 0, 0, 306648, 2140
317172, 0, 0, 0, 0, 0, 0, 306648, 2140
317172, 0, 0, 0, 0, 0, 0, 306648, 2140
317172, 0, 0, 0, 0, 0, 0, 306648, 2140
317172, 0, 0, 0, 0, 0, 0, 306648, 2140
317172, 0, 0, 0, 0, 0, 0, 306648, 2140
317172, 0, 0, 0, 0, 0, 0, 306648, 2140
317172, 0, 0, 0, 0, 0, 0, 306648, 2140
317172, 0, 0, 0, 0, 0, 0, 306648, 2140
317172, 0, 0, 0, 0, 0, 0, 306648, 2140
317172, 0, 0, 0, 0, 0, 0, 306648, 2140
317172, 0, 0, 0, 0, 0, 0, 306648, 2140
317172, 0, 0, 0, 0, 0, 0, 306648, 2140
317172, 0, 0, 0, 0, 0, 0, 306648, 2140
317172, 0, 0, 0, 0, 0, 0, 306648, 2140
317172, 0, 0, 0, 0, 0, 0, 306648, 2140
317172, 0, 0, 0, 0, 0, 0, 306648, 2140
317172, 0, 0, 0, 0, 0, 0, 306648, 2140
317172, 0, 0, 0, 0, 0, 0, 306648, 2140
317172, 0, 0, 0, 0, 0, 0, 306648, 2140
317172, 0, 0, 0, 0, 0, 0, 306648, 2140
317172, 0, 0, 0, 0, 0, 0, 306648, 2140
317172, 0, 0, 0, 0, 0, 0, 306648, 2140
317172, 0, 0, 0, 0, 0, 0, 306648, 2140
317172, 0, 0, 0, 0, 0, 0, 306648, 2140
317172, 0, 0, 0, 0, 0, 0, 306648, 2140
317172, 0, 0, 0, 0, 0, 0, 306648, 2140
317172, 0, 0, 0, 0, 0, 0, 306648, 2140
317172, 0, 0, 0, 0, 0, 0, 306648, 2140
317172, 0, 0, 0, 0, 0, 0, 306648, 2140
317172, 0, 0, 0, 0, 0, 0, 306648, 2140
317172, 0, 0, 0, 0, 0, 0, 306648, 2140
317172, 0, 0, 0, 0, 0, 0, 306648, 2140
317172, 0, 0, 0, 0, 0, 0, 306648, 2140
317172, 0, 0, 0, 0, 0, 0, 306648, 2140
317172, 0, 0, 0, 0, 0, 0, 306648, 2140
317172, 0, 0, 0, 0, 0, 0, 306648, 2140
317172, 0, 0, 0, 0, 0, 0, 306648, 2140
317172, 0, 0, 0, 0, 0, 0, 306648, 2140
317172, 0, 0, 0, 0, 0, 0, 306648, 2140
317172, 0, 0, 0, 0, 0, 0, 306648, 2140
317172, 0, 0, 0, 0, 0, 0, 306648, 2140
317172, 0, 0, 0, 0, 0, 0, 306648, 2140
317172, 0, 0, 0, 0, 0, 0, 306648, 2140
317172, 0, 0, 0, 0, 0, 0, 306648, 2140
317172, 0, 0, 0, 0, 0, 0, 306648, 2140
317172, 0, 0, 0, 0, 0, 0, 306648, 2140
317172, 0, 0, 0, 0, 0, 0, 306648, 2140
317172, 0, 0, 0, 0, 0, 0, 306648, 2140
317172, 0, 0, 0, 0, 0, 0, 306648, 2140
317172, 0, 0, 0, 0, 0, 0, 306648, 2140
317172, 0, 0, 0, 0, 0, 0, 306648, 2140
317172, 0, 0, 0, 0, 0, 0, 306648, 2140
317172, 0, 0, 0, 0, 0, 0, 306648, 2140
317172, 0, 0, 0, 0, 0, 0, 306648, 2140
317172, 0, 0, 0, 0, 0, 0, 306648, 2140
317172, 0, 0, 0, 0, 0, 0, 306648, 2140
317172, 0, 0, 0, 0, 0, 0, 306648, 2140
317172, 0, 0, 0, 0, 0, 0, 306648, 2140
317172, 0, 0, 0, 0, 0, 0, 306648, 2140
317172, 0, 0, 0, 0, 0, 0, 306648, 2140
317172, 0, 0, 0, 0, 0, 0, 306648, 2140
317172, 0, 0, 0, 0, 0, 0, 306648, 2140
317172, 0, 0, 0, 0, 0, 0, 306648, 2140
317172, 0, 0, 0, 0, 0, 0, 306648, 2140
317172, 0, 0, 0, 0, 0, 0, 306648, 2140
317172, 0, 0, 0, 0, 0, 0, 306648, 2140
317172, 0, 0, 0, 0, 0, 0, 306648, 2140
317172, 0, 0, 0, 0, 0, 0, 306648, 2140
317172, 0, 0, 0, 0, 0, 0, 306648, 2140
317172, 0, 0, 0, 0, 0, 0, 306648, 2140
317172, 0, 0, 0, 0, 0, 0, 306648, 2140
317172, 0, 0, 0, 0, 0, 0, 306648, 2140
317172, 0, 0, 0, 0, 0, 0, 306648, 2140
317172, 0, 0, 0, 0, 0, 0, 306648, 2140
317172, 0, 0, 0, 0, 0, 0, 306648, 2140
317172, 0, 0, 0, 0, 0, 0, 306648, 2140
317172, 0, 0, 0, 0, 0, 0, 306648, 2140
317172, 0, 0, 0, 0, 0, 0, 306648, 2140
317172, 0, 0, 0, 0, 0, 0, 306648, 2140
317172, 0, 0, 0, 0, 0, 0, 306648, 2140
317172, 0, 0, 0, 0, 0, 0, 306648, 2140
317172, 0, 0, 0, 0, 0, 0, 306648, 2140
317172, 0, 0, 0, 0, 0, 0, 306648, 2140
317172, 0, 0, 0, 0, 0, 0, 306648, 2140
317172, 0, 0, 0, 0, 0, 0, 306648, 2140
317172, 0, 0, 0, 0, 0, 0, 306648, 2140
317172, 0, 0, 0, 0, 0, 0, 306648, 2140
317172, 0, 0, 0, 0, 0, 0, 306648, 2140
317172, 0, 0, 0, 0, 0, 0, 306648, 2140
317172, 0, 0, 0, 0, 0, 0, 306648, 2140
317172, 0, 0, 0, 0, 0, 0, 306648, 2140
317172, 0, 0, 0, 0, 0, 0, 306648, 2140
317172, 0, 0, 0, 0, 0, 0, 306648, 2140
317172, 0, 0, 0, 0, 0, 0, 306648, 2140
317172, 0, 0, 0, 0, 0, 0, 306648, 2140
317172, 0, 0, 0, 0, 0, 0, 306648, 2140
317172, 0, 0, 0, 0, 0, 0, 306648, 2140
317172, 0, 0, 0, 0, 0, 0, 306648, 2140
317172, 0, 0, 0, 0, 0, 0, 306648, 2140
317172, 0, 0, 0, 0, 0, 0, 306648, 2140
317172, 0, 0, 0, 0, 0, 0, 306648, 2140
317172, 0, 0, 0, 0, 0, 0, 306648, 2140
317172, 0, 0, 0, 0, 0, 0, 306648, 2140
317172, 0, 0, 0, 0, 0, 0, 306648, 2140
317172, 0, 0, 0, 0, 0, 0, 306648, 2140
317172, 0, 0, 0, 0, 0, 0, 306648, 2140
317172, 0, 0, 0, 0, 0, 0, 306648, 2140
317172, 0, 0, 0, 0, 0, 0, 306648, 2140
317172, 0, 0, 0, 0, 0, 0, 306648, 2140
317172, 0, 0, 0, 0, 0, 0, 306648, 2140
317172, 0, 0, 0, 0, 0, 0, 306648, 2140
317172, 0, 0, 0, 0, 0, 0, 306648, 2140
317172, 0, 0, 0, 0, 0, 0, 306648, 2140
317172, 0, 0, 0, 0, 0, 0, 306648, 2140
317172, 0, 0, 0, 0, 0, 0, 306648, 2140
317172, 0, 0, 0, 0, 0, 0, 306648, 2140
317172, 0, 0, 0, 0, 0, 0, 306648, 2140
317172, 0, 0, 0, 0, 0, 0, 306648, 2140
317172, 0, 0, 0, 0, 0, 0, 306648, 2140
317172, 0, 0, 0, 0, 0, 0, 306648, 2140
317172, 0, 0, 0, 0, 0, 0, 306648, 2140
317172, 0, 0, 0, 0, 0, 0, 306648, 2140
317172, 0, 0, 0, 0, 0, 0, 306648, 2140
317172, 0, 0, 0, 0, 0, 0, 306648, 2140
317172, 0, 0, 0, 0, 0, 0, 306648, 2140
317172, 0, 0, 0, 0, 0, 0, 306648, 2140
317172, 0, 0, 0, 0, 0, 0, 306648, 2140
317172, 0, 0, 0, 0, 0, 0, 306648, 2140
317172, 0, 0, 0, 0, 0, 0, 306648, 2140
317172, 0, 0, 0, 0, 0, 0, 306648, 2140
317172, 0, 0, 0, 0, 0, 0, 306648, 2140
317172, 0, 0, 0, 0, 0, 0, 306648, 2140
317172, 0, 0, 0, 0, 0, 0, 306648, 2140
317172, 0, 0, 0, 0, 0, 0, 306648, 2140
317172, 0, 0, 0, 0, 0, 0, 306648, 2140
317172, 0, 0, 0, 0, 0, 0, 306648, 2140
317172, 0, 0, 0, 0, 0, 0, 306648, 2140
317172, 0, 0, 0, 0, 0, 0, 306648, 2140
317172, 0, 0, 0, 0, 0, 0, 306648, 2140
317172, 0, 0, 0, 0, 0, 0, 306648, 2140
317172, 0, 0, 0, 0, 0, 0, 306648, 2140
317172, 0, 0, 0, 0, 0, 0, 306648, 2140
317172, 0, 0, 0, 0, 0, 0, 306648, 2140
317172, 0, 0, 0, 0, 0, 0, 306648, 2140
317172, 0, 0, 0, 0, 0, 0, 306648, 2140
317172, 0, 0, 0, 0, 0, 0, 306648, 2140
317172, 0, 0, 0, 0, 0, 0, 306648, 2140
317172, 0, 0, 0, 0, 0, 0, 306648, 2140
317172, 0, 0, 0, 0, 0, 0, 306648, 2140
317172, 0, 0, 0, 0, 0, 0, 306648, 2140
317172, 0, 0, 0, 0, 0, 0, 306648, 2140
317172, 0, 0, 0, 0, 0, 0, 306648, 2140
317172, 0, 0, 0, 0, 0, 0, 306648, 2140
317172, 0, 0, 0, 0, 0, 0, 306648, 2140
317172, 0, 0, 0, 0, 0, 0, 306648, 2140
317172, 0, 0, 0, 0, 0, 0, 306648, 2140
317172, 0, 0, 0, 0, 0, 0, 306648, 2140
317172, 0, 0, 0, 0, 0, 0, 306648, 2140
317172, 0, 0, 0, 0, 0, 0, 306648, 2140
317172, 0, 0, 0, 0, 0, 0, 306648, 2140
317172, 0, 0, 0, 0, 0, 0, 306648, 2140
317172, 0, 0, 0, 0, 0, 0, 306648, 2140
317172, 0, 0, 0, 0, 0, 0, 306648, 2140
317172, 0, 0, 0, 0, 0, 0, 306648, 2140
317172, 0, 0, 0, 0, 0, 0, 306648, 2140
317172, 0, 0, 0, 0, 0, 0, 306648, 2140
317172, 0, 0, 0, 0, 0, 0, 306648, 2140
317172, 0, 0, 0, 0, 0, 0, 306648, 2140
317172, 0, 0, 0, 0, 0, 0, 306648, 2140
317172, 0, 0, 0, 0, 0, 0, 306648, 2140
317172, 0, 0, 0, 0, 0, 0, 306648, 2140
317172, 0, 0, 0, 0, 0, 0, 306648, 2140
317172, 0, 0, 0, 0, 0, 0, 306648, 2140
317172, 0, 0, 0, 0, 0, 0, 306648, 2140
317172, 0, 0, 0, 0, 0, 0, 306648, 2140
317172, 0, 0, 0, 0, 0, 0, 306648, 2140
317172, 0, 0, 0, 0, 0, 0, 306648, 2140
317172, 0, 0, 0, 0, 0, 0, 306648, 2140
317172, 0, 0, 0, 0, 0, 0, 306648, 2140
317172, 0, 0, 0, 0, 0, 0, 306648, 2140
317172, 0, 0, 0, 0, 0, 0, 306648, 2140
317172, 0, 0, 0, 0, 0, 0, 306648, 2140
317172, 0, 0, 0, 0, 0, 0, 306648, 2140
317172, 0, 0, 0, 0, 0, 0, 306648, 2140
317172, 0, 0, 0, 0, 0, 0, 306648, 2140
317172, 0, 0, 0, 0, 0, 0, 306648, 2140
317172, 0, 0, 0, 0, 0, 0, 306648, 2140
317172, 0, 0, 0, 0, 0, 0, 306648, 2140
317172, 0, 0, 0, 0, 0, 0, 306648, 2140
317172, 0, 0, 0, 0, 0, 0, 306648, 2140
317172, 0, 0, 0, 0, 0, 0, 306648, 2140
317172, 0, 0, 0, 0, 0, 0, 306648, 2140
317172, 0, 0, 0, 0, 0, 0, 306648, 2140
317172, 0, 0, 0, 0, 0, 0, 306648, 2140
317172, 0, 0, 0, 0, 0, 0, 306648, 2140
317172, 0, 0, 0, 0, 0, 0, 306648, 2140
317172, 0, 0, 0, 0, 0, 0, 306648, 2140
317172, 0, 0, 0, 0, 0, 0, 306648, 2140
317172, 0, 0, 0, 0, 0, 0, 306648, 2140
317172, 0, 0, 0, 0, 0, 0, 306648, 2140
317172, 0, 0, 0, 0, 0, 0, 306648, 2140
317172, 0, 0, 0, 0, 0, 0, 306648, 2140
317172, 0, 0, 0, 0, 0, 0, 306648, 2140
317172, 0, 0, 0, 0, 0, 0, 306648, 2140
317172, 0, 0, 0, 0, 0, 0, 306648, 2140
317172, 0, 0, 0, 0, 0, 0, 306648, 2140
317172, 0, 0, 0, 0, 0, 0, 306648, 2140
317172, 0, 0, 0, 0, 0, 0, 306648, 2140
317172, 0, 0, 0, 0, 0, 0, 306648, 2140
317172, 0, 0, 0, 0, 0, 0, 306648, 2140
317172, 0, 0, 0, 0, 0, 0, 306648, 2140
317172, 0, 0, 0, 0, 0, 0, 306648, 2140
317172, 0, 0, 0, 0, 0, 0, 306648, 2140
317172, 0, 0, 0, 0, 0, 0, 306648, 2140
317172, 0, 0, 0, 0, 0, 0, 306648, 2140
317172, 0, 0, 0, 0, 0, 0, 306648, 2140
317172, 0, 0, 0, 0, 0, 0, 306648, 2140
317172, 0, 0, 0, 0, 0, 0, 306648, 2140
317172, 0, 0, 0, 0, 0, 0, 306648, 2140
317172, 0, 0, 0, 0, 0, 0, 306648, 2140
317172, 0, 0, 0, 0, 0, 0, 306648, 2140
317172, 0, 0, 0, 0, 0, 0, 306648, 2140
317172, 0, 0, 0, 0, 0, 0, 306648, 2140
317172, 0, 0, 0, 0, 0, 0, 306648, 2140
317172, 0, 0, 0, 0, 0, 0, 306648, 2140
317172, 0, 0, 0, 0, 0, 0, 306648, 2140
317172, 0, 0, 0, 0, 0, 0, 306648, 2140
317172, 0, 0, 0, 0, 0, 0, 306648, 2140
317172, 0, 0, 0, 0, 0, 0, 306648, 2140
317172, 0, 0, 0, 0, 0, 0, 306648, 2140
317172, 0, 0, 0, 0, 0, 0, 306648, 2140
317172, 0, 0, 0, 0, 0, 0, 306648, 2140
317172, 0, 0, 0, 0, 0, 0, 306648, 2140
317172, 0, 0, 0, 0, 0, 0, 306648, 2140
317172, 0, 0, 0, 0, 0, 0, 306648, 2140
317172, 0, 0, 0, 0, 0, 0, 306648, 2140
317172, 0, 0, 0, 0, 0, 0, 306648, 2140
317172, 0, 0, 0, 0, 0, 0, 306648, 2140
317172, 0, 0, 0, 0, 0, 0, 306648, 2140
317172, 0, 0, 0, 0, 0, 0, 306648, 2140
317172, 0, 0, 0, 0, 0, 0, 306648, 2140
317172, 0, 0, 0, 0, 0, 0, 306648, 2140
317172, 0, 0, 0, 0, 0, 0, 306648, 2140
317172, 0, 0, 0, 0, 0, 0, 306648, 2140
317172, 0, 0, 0, 0, 0, 0, 306648, 2140
317172, 0, 0, 0, 0, 0, 0, 306648, 2140
317172, 0, 0, 0, 0, 0, 0, 306648, 2140
317172, 0, 0, 0, 0, 0, 0, 306648, 2140
317172, 0, 0, 0, 0, 0, 0, 306648, 2140
317172, 0, 0, 0, 0, 0, 0, 306648, 2140
317172, 0, 0, 0, 0, 0, 0, 306648, 2140
317172, 0, 0, 0, 0, 0, 0, 306648, 2140
317172, 0, 0, 0, 0, 0, 0, 306648, 2140
317172, 0, 0, 0, 0, 0, 0, 306648, 2140
317172, 0, 0, 0, 0, 0, 0, 306648, 2140
317172, 0, 0, 0, 0, 0, 0, 306648, 2140
317172, 0, 0, 0, 0, 0, 0, 306648, 2140
317172, 0, 0, 0, 0, 0, 0, 306648, 2140
317172, 0, 0, 0, 0, 0, 0, 306648, 2140
317172, 0, 0, 0, 0, 0, 0, 306648, 2140
317172, 0, 0, 0, 0, 0, 0, 306648, 2140
317172, 0, 0, 0, 0, 0, 0, 306648, 2140
317172, 0, 0, 0, 0, 0, 0, 306648, 2140
317172, 0, 0, 0, 0, 0, 0, 306648, 2140
317172, 0, 0, 0, 0, 0, 0, 306648, 2140
317172, 0, 0, 0, 0, 0, 0, 306648, 2140
317172, 0, 0, 0, 0, 0, 0, 306648, 2140
317172, 0, 0, 0, 0, 0, 0, 306648, 2140
317172, 0, 0, 0, 0, 0, 0, 306648, 2140
317172, 0, 0, 0, 0, 0, 0, 306648, 2140
317172, 0, 0, 0, 0, 0, 0, 306648, 2140
317172, 0, 0, 0, 0, 0, 0, 306648, 2140
317172, 0, 0, 0, 0, 0, 0, 306648, 2140
317172, 0, 0, 0, 0, 0, 0, 306648, 2140
317172, 0, 0, 0, 0, 0, 0, 306648, 2140
317172, 0, 0, 0, 0, 0, 0, 306648, 2140
317172, 0, 0, 0, 0, 0, 0, 306648, 2140
317172, 0, 0, 0, 0, 0, 0, 306648, 2140
317172, 0, 0, 0, 0, 0, 0, 306648, 2140
317172, 0, 0, 0, 0, 0, 0, 306648, 2140
317172, 0, 0, 0, 0, 0, 0, 306648, 2140
317172, 0, 0, 0, 0, 0, 0, 306648, 2140
317172, 0, 0, 0, 0, 0, 0, 306648, 2140
317172, 0, 0, 0, 0, 0, 0, 306648, 2140
317172, 0, 0, 0, 0, 0, 0, 306648, 2140
317172, 0, 0, 0, 0, 0, 0, 306648, 2140
317172, 0, 0, 0, 0, 0, 0, 306648, 2140
317172, 0, 0, 0, 0, 0, 0, 306648, 2140
317172, 0, 0, 0, 0, 0, 0, 306648, 2140
317172, 0, 0, 0, 0, 0, 0, 306648, 2140
317172, 0, 0, 0, 0, 0, 0, 306648, 2140
317172, 0, 0, 0, 0, 0, 0, 306648, 2140
317172, 0, 0, 0, 0, 0, 0, 306648, 2140
317172, 0, 0, 0, 0, 0, 0, 306648, 2140
317172, 0, 0, 0, 0, 0, 0, 306648, 2140
317172, 0, 0, 0, 0, 0, 0, 306648, 2140
317172, 0, 0, 0, 0, 0, 0, 306648, 2140
317172, 0, 0, 0, 0, 0, 0, 306648, 2140
317172, 0, 0, 0, 0, 0, 0, 306648, 2140
317172, 0, 0, 0, 0, 0, 0, 306648, 2140
317172, 0, 0, 0, 0, 0, 0, 306648, 2140
317172, 0, 0, 0, 0, 0, 0, 306648, 2140
317172, 0, 0, 0, 0, 0, 0, 306648, 2140
317172, 0, 0, 0, 0, 0, 0, 306648, 2140
317172, 0, 0, 0, 0, 0, 0, 306648, 2140
317172, 0, 0, 0, 0, 0, 0, 306648, 2140
317172, 0, 0, 0, 0, 0, 0, 306648, 2140
317172, 0, 0, 0, 0, 0, 0, 306648, 2140
317172, 0, 0, 0, 0, 0, 0, 306648, 2140
317172, 0, 0, 0, 0, 0, 0, 306648, 2140
317172, 0, 0, 0, 0, 0, 0, 306648, 2140
317172, 0, 0, 0, 0, 0, 0, 306648, 2140
317172, 0, 0, 0, 0, 0, 0, 306648, 2140
317172, 0, 0, 0, 0, 0, 0, 306648, 2140
317172, 0, 0, 0, 0, 0, 0, 306648, 2140
317172, 0, 0, 0, 0, 0, 0, 306648, 2140
317172, 0, 0, 0, 0, 0, 0, 306648, 2140
317172, 0, 0, 0, 0, 0, 0, 306648, 2140
317172, 0, 0, 0, 0, 0, 0, 306648, 2140
317172, 0, 0, 0, 0, 0, 0, 306648, 2140
317172, 0, 0, 0, 0, 0, 0, 306648, 2140
317172, 0, 0, 0, 0, 0, 0, 306648, 2140
317172, 0, 0, 0, 0, 0, 0, 306648, 2140
317172, 0, 0, 0, 0, 0, 0, 306648, 2140
317172, 0, 0, 0, 0, 0, 0, 306648, 2140
317172, 0, 0, 0, 0, 0, 0, 306648, 2140
317172, 0, 0, 0, 0, 0, 0, 306648, 2140
317172, 0, 0, 0, 0, 0, 0, 306648, 2140
317172, 0, 0, 0, 0, 0, 0, 306648, 2140
317172, 0, 0, 0, 0, 0, 0, 306648, 2140
317172, 0, 0, 0, 0, 0, 0, 306648, 2140
317172, 0, 0, 0, 0, 0, 0, 306648, 2140
317172, 0, 0, 0, 0, 0, 0, 306648, 2140
317172, 0, 0, 0, 0, 0, 0, 306648, 2140
317172, 0, 0, 0, 0, 0, 0, 306648, 2140
317172, 0, 0, 0, 0, 0, 0, 306648, 2140
317172, 0, 0, 0, 0, 0, 0, 306648, 2140
317172, 0, 0, 0, 0, 0, 0, 306648, 2140
317172, 0, 0, 0, 0, 0, 0, 306648, 2140
317172, 0, 0, 0, 0, 0, 0, 306648, 2140
317172, 0, 0, 0, 0, 0, 0, 306648, 2140
317172, 0, 0, 0, 0, 0, 0, 306648, 2140
317172, 0, 0, 0, 0, 0, 0, 306648, 2140
317172, 0, 0, 0, 0, 0, 0, 306648, 2140
317172, 0, 0, 0, 0, 0, 0, 306648, 2140
317172, 0, 0, 0, 0, 0, 0, 306648, 2140
317172, 0, 0, 0, 0, 0, 0, 306648, 2140
317172, 0, 0, 0, 0, 0, 0, 306648, 2140
317172, 0, 0, 0, 0, 0, 0, 306648, 2140
317172, 0, 0, 0, 0, 0, 0, 306648, 2140
317172, 0, 0, 0, 0, 0, 0, 306648, 2140
317172, 0, 0, 0, 0, 0, 0, 306648, 2140
317172, 0, 0, 0, 0, 0, 0, 306648, 2140
317172, 0, 0, 0, 0, 0, 0, 306648, 2140
317172, 0, 0, 0, 0, 0, 0, 306648, 2140
317172, 0, 0, 0, 0, 0, 0, 306648, 2140
317172, 0, 0, 0, 0, 0, 0, 306648, 2140
317172, 0, 0, 0, 0, 0, 0, 306648, 2140
317172, 0, 0, 0, 0, 0, 0, 306648, 2140
317172, 0, 0, 0, 0, 0, 0, 306648, 2140
317172, 0, 0, 0, 0, 0, 0, 306648, 2140
317172, 0, 0, 0, 0, 0, 0, 306648, 2140
317172, 0, 0, 0, 0, 0, 0, 306648, 2140
317172, 0, 0, 0, 0, 0, 0, 306648, 2140
317172, 0, 0, 0, 0, 0, 0, 306648, 2140
317172, 0, 0, 0, 0, 0, 0, 306648, 2140
317172, 0, 0, 0, 0, 0, 0, 306648, 2140
317172, 0, 0, 0, 0, 0, 0, 306648, 2140
317172, 0, 0, 0, 0, 0, 0, 306648, 2140
317172, 0, 0, 0, 0, 0, 0, 306648, 2140
317172, 0, 0, 0, 0, 0, 0, 306648, 2140
317172, 0, 0, 0, 0, 0, 0, 306648, 2140
317172, 0, 0, 0, 0, 0, 0, 306648, 2140
317172, 0, 0, 0, 0, 0, 0, 306648, 2140
317172, 0, 0, 0, 0, 0, 0, 306648, 2140
317172, 0, 0, 0, 0, 0, 0, 306648, 2140
317172, 0, 0, 0, 0, 0, 0, 306648, 2140
317172, 0, 0, 0, 0, 0, 0, 306648, 2140
317172, 0, 0, 0, 0, 0, 0, 306648, 2140
317172, 0, 0, 0, 0, 0, 0, 306648, 2140
317172, 0, 0, 0, 0, 0, 0, 306648, 2140
317172, 0, 0, 0, 0, 0, 0, 306648, 2140
317172, 0, 0, 0, 0, 0, 0, 306648, 2140
317172, 0, 0, 0, 0, 0, 0, 306648, 2140
317172, 0, 0, 0, 0, 0, 0, 306648, 2140
317172, 0, 0, 0, 0, 0, 0, 306648, 2140
317172, 0, 0, 0, 0, 0, 0, 306648, 2140
317172, 0, 0, 0, 0, 0, 0, 306648, 2140
317172, 0, 0, 0, 0, 0, 0, 306648, 2140
317172, 0, 0, 0, 0, 0, 0, 306648, 2140
317172, 0, 0, 0, 0, 0, 0, 306648, 2140
317172, 0, 0, 0, 0, 0, 0, 306648, 2140
317172, 0, 0, 0, 0, 0, 0, 306648, 2140
317172, 0, 0, 0, 0, 0, 0, 306648, 2140
317172, 0, 0, 0, 0, 0, 0, 306648, 2140
317172, 0, 0, 0, 0, 0, 0, 306648, 2140
317172, 0, 0, 0, 0, 0, 0, 306648, 2140
317172, 0, 0, 0, 0, 0, 0, 306648, 2140
317172, 0, 0, 0, 0, 0, 0, 306648, 2140
317172, 0, 0, 0, 0, 0, 0, 306648, 2140
317172, 0, 0, 0, 0, 0, 0, 306648, 2140
317172, 0, 0, 0, 0, 0, 0, 306648, 2140
317172, 0, 0, 0, 0, 0, 0, 306648, 2140
317172, 0, 0, 0, 0, 0, 0, 306648, 2140
317172, 0, 0, 0, 0, 0, 0, 306648, 2140
317172, 0, 0, 0, 0, 0, 0, 306648, 2140
317172, 0, 0, 0, 0, 0, 0, 306648, 2140
317172, 0, 0, 0, 0, 0, 0, 306648, 2140
317172, 0, 0, 0, 0, 0, 0, 306648, 2140
317172, 0, 0, 0, 0, 0, 0, 306648, 2140
317172, 0, 0, 0, 0, 0, 0, 306648, 2140
317172, 0, 0, 0, 0, 0, 0, 306648, 2140
317172, 0, 0, 0, 0, 0, 0, 306648, 2140
317172, 0, 0, 0, 0, 0, 0, 306648, 2140
317172, 0, 0, 0, 0, 0, 0, 306648, 2140
317172, 0, 0, 0, 0, 0, 0, 306648, 2140
317172, 0, 0, 0, 0, 0, 0, 306648, 2140
317172, 0, 0, 0, 0, 0, 0, 306648, 2140
317172, 0, 0, 0, 0, 0, 0, 306648, 2140
317172, 0, 0, 0, 0, 0, 0, 306648, 2140
317172, 0, 0, 0, 0, 0, 0, 306648, 2140
317172, 0, 0, 0, 0, 0, 0, 306648, 2140
317172, 0, 0, 0, 0, 0, 0, 306648, 2140
317172, 0, 0, 0, 0, 0, 0, 306648, 2140
317172, 0, 0, 0, 0, 0, 0, 306648, 2140
317172, 0, 0, 0, 0, 0, 0, 306648, 2140
317172, 0, 0, 0, 0, 0, 0, 306648, 2140
317172, 0, 0, 0, 0, 0, 0, 306648, 2140
317172, 0, 0, 0, 0, 0, 0, 306648, 2140
317172, 0, 0, 0, 0, 0, 0, 306648, 2140
317172, 0, 0, 0, 0, 0, 0, 306648, 2140
317172, 0, 0, 0, 0, 0, 0, 306648, 2140
317172, 0, 0, 0, 0, 0, 0, 306648, 2140
317172, 0, 0, 0, 0, 0, 0, 306648, 2140
317172, 0, 0, 0, 0, 0, 0, 306648, 2140
317172, 0, 0, 0, 0, 0, 0, 306648, 2140
317172, 0, 0, 0, 0, 0, 0, 306648, 2140
317172, 0, 0, 0, 0, 0, 0, 306648, 2140
317172, 0, 0, 0, 0, 0, 0, 306648, 2140
317172, 0, 0, 0, 0, 0, 0, 306648, 2140
317172, 0, 0, 0, 0, 0, 0, 306648, 2140
317172, 0, 0, 0, 0, 0, 0, 306648, 2140
317172, 0, 0, 0, 0, 0, 0, 306648, 2140
317172, 0, 0, 0, 0, 0, 0, 306648, 2140
317172, 0, 0, 0, 0, 0, 0, 306648, 2140
317172, 0, 0, 0, 0, 0, 0, 306648, 2140
317172, 0, 0, 0, 0, 0, 0, 306648, 2140
317172, 0, 0, 0, 0, 0, 0, 306648, 2140
317172, 0, 0, 0, 0, 0, 0, 306648, 2140
317172, 0, 0, 0, 0, 0, 0, 306648, 2140
317172, 0, 0, 0, 0, 0, 0, 306648, 2140
317172, 0, 0, 0, 0, 0, 0, 306648, 2140
317172, 0, 0, 0, 0, 0, 0, 306648, 2140
317172, 0, 0, 0, 0, 0, 0, 306648, 2140
317172, 0, 0, 0, 0, 0, 0, 306648, 2140
317172, 0, 0, 0, 0, 0, 0, 306648, 2140
317172, 0, 0, 0, 0, 0, 0, 306648, 2140
317172, 0, 0, 0, 0, 0, 0, 306648, 2140
317172, 0, 0, 0, 0, 0, 0, 306648, 2140
317172, 0, 0, 0, 0, 0, 0, 306648, 2140
317172, 0, 0, 0, 0, 0, 0, 306648, 2140
317172, 0, 0, 0, 0, 0, 0, 306648, 2140
317172, 0, 0, 0, 0, 0, 0, 306648, 2140
317172, 0, 0, 0, 0, 0, 0, 306648, 2140
317172, 0, 0, 0, 0, 0, 0, 306648, 2140
317172, 0, 0, 0, 0, 0, 0, 306648, 2140
317172, 0, 0, 0, 0, 0, 0, 306648, 2140
317172, 0, 0, 0, 0, 0, 0, 306648, 2140
317172, 0, 0, 0, 0, 0, 0, 306648, 2140
317172, 0, 0, 0, 0, 0, 0, 306648, 2140
317172, 0, 0, 0, 0, 0, 0, 306648, 2140
317172, 0, 0, 0, 0, 0, 0, 306648, 2140
317172, 0, 0, 0, 0, 0, 0, 306648, 2140
317172, 0, 0, 0, 0, 0, 0, 306648, 2140
317172, 0, 0, 0, 0, 0, 0, 306648, 2140
317172, 0, 0, 0, 0, 0, 0, 306648, 2140
317172, 0, 0, 0, 0, 0, 0, 306648, 2140
317172, 0, 0, 0, 0, 0, 0, 306648, 2140
317172, 0, 0, 0, 0, 0, 0, 306648, 2140
317172, 0, 0, 0, 0, 0, 0, 306648, 2140
317172, 0, 0, 0, 0, 0, 0, 306648, 2140
317172, 0, 0, 0, 0, 0, 0, 306648, 2140
317172, 0, 0, 0, 0, 0, 0, 306648, 2140
317172, 0, 0, 0, 0, 0, 0, 306648, 2140
317172, 0, 0, 0, 0, 0, 0, 306648, 2140
317172, 0, 0, 0, 0, 0, 0, 306648, 2140
317172, 0, 0, 0, 0, 0, 0, 306648, 2140
317172, 0, 0, 0, 0, 0, 0, 306648, 2140
317172, 0, 0, 0, 0, 0, 0, 306648, 2140
317172, 0, 0, 0, 0, 0, 0, 306648, 2140
317172, 0, 0, 0, 0, 0, 0, 306648, 2140
317172, 0, 0, 0, 0, 0, 0, 306648, 2140
317172, 0, 0, 0, 0, 0, 0, 306648, 2140
317172, 0, 0, 0, 0, 0, 0, 306648, 2140
317172, 0, 0, 0, 0, 0, 0, 306648, 2140
317172, 0, 0, 0, 0, 0, 0, 306648, 2140
317172, 0, 0, 0, 0, 0, 0, 306648, 2140
317172, 0, 0, 0, 0, 0, 0, 306648, 2140
317172, 0, 0, 0, 0, 0, 0, 306648, 2140
317172, 0, 0, 0, 0, 0, 0, 306648, 2140
317172, 0, 0, 0, 0, 0, 0, 306648, 2140
317172, 0, 0, 0, 0, 0, 0, 306648, 2140
317172, 0, 0, 0, 0, 0, 0, 306648, 2140
317172, 0, 0, 0, 0, 0, 0, 306648, 2140
317172, 0, 0, 0, 0, 0, 0, 306648, 2140
317172, 0, 0, 0, 0, 0, 0, 306648, 2140
317172, 0, 0, 0, 0, 0, 0, 306648, 2140
317172, 0, 0, 0, 0, 0, 0, 306648, 2140
317172, 0, 0, 0, 0, 0, 0, 306648, 2140
317172, 0, 0, 0, 0, 0, 0, 306648, 2140
317172, 0, 0, 0, 0, 0, 0, 306648, 2140
317172, 0, 0, 0, 0, 0, 0, 306648, 2140
317172, 0, 0, 0, 0, 0, 0, 306648, 2140
317172, 0, 0, 0, 0, 0, 0, 306648, 2140
317172, 0, 0, 0, 0, 0, 0, 306648, 2140
317172, 0, 0, 0, 0, 0, 0, 306648, 2140
317172, 0, 0, 0, 0, 0, 0, 306648, 2140
317172, 0, 0, 0, 0, 0, 0, 306648, 2140
317172, 0, 0, 0, 0, 0, 0, 306648, 2140
317172, 0, 0, 0, 0, 0, 0, 306648, 2140
317172, 0, 0, 0, 0, 0, 0, 306648, 2140
317172, 0, 0, 0, 0, 0, 0, 306648, 2140
317172, 0, 0, 0, 0, 0, 0, 306648, 2140
317172, 0, 0, 0, 0, 0, 0, 306648, 2140
317172, 0, 0, 0, 0, 0, 0, 306648, 2140
317172, 0, 0, 0, 0, 0, 0, 306648, 2140
317172, 0, 0, 0, 0, 0, 0, 306648, 2140
317172, 0, 0, 0, 0, 0, 0, 306648, 2140
317172, 0, 0, 0, 0, 0, 0, 306648, 2140
317172, 0, 0, 0, 0, 0, 0, 306648, 2140
317172, 0, 0, 0, 0, 0, 0, 306648, 2140
317172, 0, 0, 0, 0, 0, 0, 306648, 2140
317172, 0, 0, 0, 0, 0, 0, 306648, 2140
317172, 0, 0, 0, 0, 0, 0, 306648, 2140
317172, 0, 0, 0, 0, 0, 0, 306648, 2140
317172, 0, 0, 0, 0, 0, 0, 306648, 2140
317172, 0, 0, 0, 0, 0, 0, 306648, 2140
317172, 0, 0, 0, 0, 0, 0, 306648, 2140
317172, 0, 0, 0, 0, 0, 0, 306648, 2140
317172, 0, 0, 0, 0, 0, 0, 306648, 2140
317172, 0, 0, 0, 0, 0, 0, 306648, 2140
317172, 0, 0, 0, 0, 0, 0, 306648, 2140
317172, 0, 0, 0, 0, 0, 0, 306648, 2140
317172, 0, 0, 0, 0, 0, 0, 306648, 2140
317172, 0, 0, 0, 0, 0, 0, 306648, 2140
317172, 0, 0, 0, 0, 0, 0, 306648, 2140
317172, 0, 0, 0, 0, 0, 0, 306648, 2140
317172, 0, 0, 0, 0, 0, 0, 306648, 2140
317172, 0, 0, 0, 0, 0, 0, 306648, 2140
317172, 0, 0, 0, 0, 0, 0, 306648, 2140
317172, 0, 0, 0, 0, 0, 0, 306648, 2140
317172, 0, 0, 0, 0, 0, 0, 306648, 2140
317172, 0, 0, 0, 0, 0, 0, 306648, 2140
317172, 0, 0, 0, 0, 0, 0, 306648, 2140
317172, 0, 0, 0, 0, 0, 0, 306648, 2140
317172, 0, 0, 0, 0, 0, 0, 306648, 2140
317172, 0, 0, 0, 0, 0, 0, 306648, 2140
317172, 0, 0, 0, 0, 0, 0, 306648, 2140
317172, 0, 0, 0, 0, 0, 0, 306648, 2140
317172, 0, 0, 0, 0, 0, 0, 306648, 2140
317172, 0, 0, 0, 0, 0, 0, 306648, 2140
317172, 0, 0, 0, 0, 0, 0, 306648, 2140
317172, 0, 0, 0, 0, 0, 0, 306648, 2140
317172, 0, 0, 0, 0, 0, 0, 306648, 2140
317172, 0, 0, 0, 0, 0, 0, 306648, 2140
317172, 0, 0, 0, 0, 0, 0, 306648, 2140
317172, 0, 0, 0, 0, 0, 0, 306648, 2140
317172, 0, 0, 0, 0, 0, 0, 306648, 2140
317172, 0, 0, 0, 0, 0, 0, 306648, 2140
317172, 0, 0, 0, 0, 0, 0, 306648, 2140
317172, 0, 0, 0, 0, 0, 0, 306648, 2140
317172, 0, 0, 0, 0, 0, 0, 306648, 2140
317172, 0, 0, 0, 0, 0, 0, 306648, 2140
317172, 0, 0, 0, 0, 0, 0, 306648, 2140
317172, 0, 0, 0, 0, 0, 0, 306648, 2140
317172, 0, 0, 0, 0, 0, 0, 306648, 2140
317172, 0, 0, 0, 0, 0, 0, 306648, 2140
317172, 0, 0, 0, 0, 0, 0, 306648, 2140
317172, 0, 0, 0, 0, 0, 0, 306648, 2140
317172, 0, 0, 0, 0, 0, 0, 306648, 2140
317172, 0, 0, 0, 0, 0, 0, 306648, 2140
317172, 0, 0, 0, 0, 0, 0, 306648, 2140
317172, 0, 0, 0, 0, 0, 0, 306648, 2140
317172, 0, 0, 0, 0, 0, 0, 306648, 2140
317172, 0, 0, 0, 0, 0, 0, 306648, 2140
317172, 0, 0, 0, 0, 0, 0, 306648, 2140
317172, 0, 0, 0, 0, 0, 0, 306648, 2140
317172, 0, 0, 0, 0, 0, 0, 306648, 2140
317172, 0, 0, 0, 0, 0, 0, 306648, 2140
317172, 0, 0, 0, 0, 0, 0, 306648, 2140
317172, 0, 0, 0, 0, 0, 0, 306648, 2140
317172, 0, 0, 0, 0, 0, 0, 306648, 2140
317172, 0, 0, 0, 0, 0, 0, 306648, 2140
317172, 0, 0, 0, 0, 0, 0, 306648, 2140
317172, 0, 0, 0, 0, 0, 0, 306648, 2140
317172, 0, 0, 0, 0, 0, 0, 306648, 2140
317172, 0, 0, 0, 0, 0, 0, 306648, 2140
317172, 0, 0, 0, 0, 0, 0, 306648, 2140
317172, 0, 0, 0, 0, 0, 0, 306648, 2140
317172, 0, 0, 0, 0, 0, 0, 306648, 2140
317172, 0, 0, 0, 0, 0, 0, 306648, 2140
317172, 0, 0, 0, 0, 0, 0, 306648, 2140
317172, 0, 0, 0, 0, 0, 0, 306648, 2140
317172, 0, 0, 0, 0, 0, 0, 306648, 2140
317172, 0, 0, 0, 0, 0, 0, 306648, 2140
317172, 0, 0, 0, 0, 0, 0, 306648, 2140
317172, 0, 0, 0, 0, 0, 0, 306648, 2140
317172, 0, 0, 0, 0, 0, 0, 306648, 2140
317172, 0, 0, 0, 0, 0, 0, 306648, 2140
317172, 0, 0, 0, 0, 0, 0, 306648, 2140
317172, 0, 0, 0, 0, 0, 0, 306648, 2140
317172, 0, 0, 0, 0, 0, 0, 306648, 2140
317172, 0, 0, 0, 0, 0, 0, 306648, 2140
317172, 0, 0, 0, 0, 0, 0, 306648, 2140
317172, 0, 0, 0, 0, 0, 0, 306648, 2140
317172, 0, 0, 0, 0, 0, 0, 306648, 2140
317172, 0, 0, 0, 0, 0, 0, 306648, 2140
317172, 0, 0, 0, 0, 0, 0, 306648, 2140
317172, 0, 0, 0, 0, 0, 0, 306648, 2140
317172, 0, 0, 0, 0, 0, 0, 306648, 2140
317172, 0, 0, 0, 0, 0, 0, 306648, 2140
317172, 0, 0, 0, 0, 0, 0, 306648, 2140
317172, 0, 0, 0, 0, 0, 0, 306648, 2140
317172, 0, 0, 0, 0, 0, 0, 306648, 2140
317172, 0, 0, 0, 0, 0, 0, 306648, 2140
317172, 0, 0, 0, 0, 0, 0, 306648, 2140
317172, 0, 0, 0, 0, 0, 0, 306648, 2140
317172, 0, 0, 0, 0, 0, 0, 306648, 2140
317172, 0, 0, 0, 0, 0, 0, 306648, 2140
317172, 0, 0, 0, 0, 0, 0, 306648, 2140
317172, 0, 0, 0, 0, 0, 0, 306648, 2140
317172, 0, 0, 0, 0, 0, 0, 306648, 2140
317172, 0, 0, 0, 0, 0, 0, 306648, 2140
317172, 0, 0, 0, 0, 0, 0, 306648, 2140
317172, 0, 0, 0, 0, 0, 0, 306648, 2140
317172, 0, 0, 0, 0, 0, 0, 306648, 2140
317172, 0, 0, 0, 0, 0, 0, 306648, 2140
317172, 0, 0, 0, 0, 0, 0, 306648, 2140
317172, 0, 0, 0, 0, 0, 0, 306648, 2140
317172, 0, 0, 0, 0, 0, 0, 306648, 2140
317172, 0, 0, 0, 0, 0, 0, 306648, 2140
317172, 0, 0, 0, 0, 0, 0, 306648, 2140
317172, 0, 0, 0, 0, 0, 0, 306648, 2140
317172, 0, 0, 0, 0, 0, 0, 306648, 2140
317172, 0, 0, 0, 0, 0, 0, 306648, 2140
317172, 0, 0, 0, 0, 0, 0, 306648, 2140
317172, 0, 0, 0, 0, 0, 0, 306648, 2140
317172, 0, 0, 0, 0, 0, 0, 306648, 2140
317172, 0, 0, 0, 0, 0, 0, 306648, 2140
317172, 0, 0, 0, 0, 0, 0, 306648, 2140
317172, 0, 0, 0, 0, 0, 0, 306648, 2140
317172, 0, 0, 0, 0, 0, 0, 306648, 2140
317172, 0, 0, 0, 0, 0, 0, 306648, 2140
317172, 0, 0, 0, 0, 0, 0, 306648, 2140
317172, 0, 0, 0, 0, 0, 0, 306648, 2140
317172, 0, 0, 0, 0, 0, 0, 306648, 2140
317172, 0, 0, 0, 0, 0, 0, 306648, 2140
317172, 0, 0, 0, 0, 0, 0, 306648, 2140
317172, 0, 0, 0, 0, 0, 0, 306648, 2140
317172, 0, 0, 0, 0, 0, 0, 306648, 2140
317172, 0, 0, 0, 0, 0, 0, 306648, 2140
317172, 0, 0, 0, 0, 0, 0, 306648, 2140
317172, 0, 0, 0, 0, 0, 0, 306648, 2140
317172, 0, 0, 0, 0, 0, 0, 306648, 2140
317172, 0, 0, 0, 0, 0, 0, 306648, 2140
317172, 0, 0, 0, 0, 0, 0, 306648, 2140
317172, 0, 0, 0, 0, 0, 0, 306648, 2140
317172, 0, 0, 0, 0, 0, 0, 306648, 2140
317172, 0, 0, 0, 0, 0, 0, 306648, 2140
317172, 0, 0, 0, 0, 0, 0, 306648, 2140
317172, 0, 0, 0, 0, 0, 0, 306648, 2140
317172, 0, 0, 0, 0, 0, 0, 306648, 2140
317172, 0, 0, 0, 0, 0, 0, 306648, 2140
317172, 0, 0, 0, 0, 0, 0, 306648, 2140
317172, 0, 0, 0, 0, 0, 0, 306648, 2140
317172, 0, 0, 0, 0, 0, 0, 306648, 2140
317172, 0, 0, 0, 0, 0, 0, 306648, 2140
317172, 0, 0, 0, 0, 0, 0, 306648, 2140
317172, 0, 0, 0, 0, 0, 0, 306648, 2140
317172, 0, 0, 0, 0, 0, 0, 306648, 2140
317172, 0, 0, 0, 0, 0, 0, 306648, 2140
317172, 0, 0, 0, 0, 0, 0, 306648, 2140
317172, 0, 0, 0, 0, 0, 0, 306648, 2140
317172, 0, 0, 0, 0, 0, 0, 306648, 2140
317172, 0, 0, 0, 0, 0, 0, 306648, 2140
317172, 0, 0, 0, 0, 0, 0, 306648, 2140
317172, 0, 0, 0, 0, 0, 0, 306648, 2140
317172, 0, 0, 0, 0, 0, 0, 306648, 2140
317172, 0, 0, 0, 0, 0, 0, 306648, 2140
317172, 0, 0, 0, 0, 0, 0, 306648, 2140
317172, 0, 0, 0, 0, 0, 0, 306648, 2140
317172, 0, 0, 0, 0, 0, 0, 306648, 2140
317172, 0, 0, 0, 0, 0, 0, 306648, 2140
317172, 0, 0, 0, 0, 0, 0, 306648, 2140
317172, 0, 0, 0, 0, 0, 0, 306648, 2140
317172, 0, 0, 0, 0, 0, 0, 306648, 2140
317172, 0, 0, 0, 0, 0, 0, 306648, 2140
317172, 0, 0, 0, 0, 0, 0, 306648, 2140
317172, 0, 0, 0, 0, 0, 0, 306648, 2140
317172, 0, 0, 0, 0, 0, 0, 306648, 2140
317172, 0, 0, 0, 0, 0, 0, 306648, 2140
317172, 0, 0, 0, 0, 0, 0, 306648, 2140
317172, 0, 0, 0, 0, 0, 0, 306648, 2140
317172, 0, 0, 0, 0, 0, 0, 306648, 2140
317172, 0, 0, 0, 0, 0, 0, 306648, 2140
317172, 0, 0, 0, 0, 0, 0, 306648, 2140
317172, 0, 0, 0, 0, 0, 0, 306648, 2140
317172, 0, 0, 0, 0, 0, 0, 306648, 2140
317172, 0, 0, 0, 0, 0, 0, 306648, 2140
317172, 0, 0, 0, 0, 0, 0, 306648, 2140
317172, 0, 0, 0, 0, 0, 0, 306648, 2140
317172, 0, 0, 0, 0, 0, 0, 306648, 2140
317172, 0, 0, 0, 0, 0, 0, 306648, 2140
317172, 0, 0, 0, 0, 0, 0, 306648, 2140
317172, 0, 0, 0, 0, 0, 0, 306648, 2140
317172, 0, 0, 0, 0, 0, 0, 306648, 2140
317172, 0, 0, 0, 0, 0, 0, 306648, 2140
317172, 0, 0, 0, 0, 0, 0, 306648, 2140
317172, 0, 0, 0, 0, 0, 0, 306648, 2140
317172, 0, 0, 0, 0, 0, 0, 306648, 2140
317172, 0, 0, 0, 0, 0, 0, 306648, 2140
317172, 0, 0, 0, 0, 0, 0, 306648, 2140
317172, 0, 0, 0, 0, 0, 0, 306648, 2140
317172, 0, 0, 0, 0, 0, 0, 306648, 2140
317172, 0, 0, 0, 0, 0, 0, 306648, 2140
317172, 0, 0, 0, 0, 0, 0, 306648, 2140
317172, 0, 0, 0, 0, 0, 0, 306648, 2140
317172, 0, 0, 0, 0, 0, 0, 306648, 2140
317172, 0, 0, 0, 0, 0, 0, 306648, 2140
317172, 0, 0, 0, 0, 0, 0, 306648, 2140
317172, 0, 0, 0, 0, 0, 0, 306648, 2140
317172, 0, 0, 0, 0, 0, 0, 306648, 2140
317172, 0, 0, 0, 0, 0, 0, 306648, 2140
317172, 0, 0, 0, 0, 0, 0, 306648, 2140
317172, 0, 0, 0, 0, 0, 0, 306648, 2140
317172, 0, 0, 0, 0, 0, 0, 306648, 2140
317172, 0, 0, 0, 0, 0, 0, 306648, 2140
317172, 0, 0, 0, 0, 0, 0, 306648, 2140
317172, 0, 0, 0, 0, 0, 0, 306648, 2140
317172, 0, 0, 0, 0, 0, 0, 306648, 2140
317172, 0, 0, 0, 0, 0, 0, 306648, 2140
317172, 0, 0, 0, 0, 0, 0, 306648, 2140
317172, 0, 0, 0, 0, 0, 0, 306648, 2140
317172, 0, 0, 0, 0, 0, 0, 306648, 2140
317172, 0, 0, 0, 0, 0, 0, 306648, 2140
317172, 0, 0, 0, 0, 0, 0, 306648, 2140
317172, 0, 0, 0, 0, 0, 0, 306648, 2140
317172, 0, 0, 0, 0, 0, 0, 306648, 2140
317172, 0, 0, 0, 0, 0, 0, 306648, 2140
317172, 0, 0, 0, 0, 0, 0, 306648, 2140
317172, 0, 0, 0, 0, 0, 0, 306648, 2140
317172, 0, 0, 0, 0, 0, 0, 306648, 2140
317172, 0, 0, 0, 0, 0, 0, 306648, 2140
317172, 0, 0, 0, 0, 0, 0, 306648, 2140
317172, 0, 0, 0, 0, 0, 0, 306648, 2140
317172, 0, 0, 0, 0, 0, 0, 306648, 2140
317172, 0, 0, 0, 0, 0, 0, 306648, 2140
317172, 0, 0, 0, 0, 0, 0, 306648, 2140
317172, 0, 0, 0, 0, 0, 0, 306648, 2140
317172, 0, 0, 0, 0, 0, 0, 306648, 2140
317172, 0, 0, 0, 0, 0, 0, 306648, 2140
317172, 0, 0, 0, 0, 0, 0, 306648, 2140
317172, 0, 0, 0, 0, 0, 0, 306648, 2140
317172, 0, 0, 0, 0, 0, 0, 306648, 2140
317172, 0, 0, 0, 0, 0, 0, 306648, 2140
317172, 0, 0, 0, 0, 0, 0, 306648, 2140
317172, 0, 0, 0, 0, 0, 0, 306648, 2140
317172, 0, 0, 0, 0, 0, 0, 306648, 2140
317172, 0, 0, 0, 0, 0, 0, 306648, 2140
317172, 0, 0, 0, 0, 0, 0, 306648, 2140
317172, 0, 0, 0, 0, 0, 0, 306648, 2140
317172, 0, 0, 0, 0, 0, 0, 306648, 2140
317172, 0, 0, 0, 0, 0, 0, 306648, 2140
317172, 0, 0, 0, 0, 0, 0, 306648, 2140
317172, 0, 0, 0, 0, 0, 0, 306648, 2140
317172, 0, 0, 0, 0, 0, 0, 306648, 2140
317172, 0, 0, 0, 0, 0, 0, 306648, 2140
317172, 0, 0, 0, 0, 0, 0, 306648, 2140
317172, 0, 0, 0, 0, 0, 0, 306648, 2140
317172, 0, 0, 0, 0, 0, 0, 306648, 2140
317172, 0, 0, 0, 0, 0, 0, 306648, 2140
317172, 0, 0, 0, 0, 0, 0, 306648, 2140
317172, 0, 0, 0, 0, 0, 0, 306648, 2140
317172, 0, 0, 0, 0, 0, 0, 306648, 2140
317172, 0, 0, 0, 0, 0, 0, 306648, 2140
317172, 0, 0, 0, 0, 0, 0, 306648, 2140
317172, 0, 0, 0, 0, 0, 0, 306648, 2140
317172, 0, 0, 0, 0, 0, 0, 306648, 2140
317172, 0, 0, 0, 0, 0, 0, 306648, 2140
317172, 0, 0, 0, 0, 0, 0, 306648, 2140
317172, 0, 0, 0, 0, 0, 0, 306648, 2140
317172, 0, 0, 0, 0, 0, 0, 306648, 2140
317172, 0, 0, 0, 0, 0, 0, 306648, 2140
317172, 0, 0, 0, 0, 0, 0, 306648, 2140
317172, 0, 0, 0, 0, 0, 0, 306648, 2140
317172, 0, 0, 0, 0, 0, 0, 306648, 2140
317172, 0, 0, 0, 0, 0, 0, 306648, 2140
317172, 0, 0, 0, 0, 0, 0, 306648, 2140
317172, 0, 0, 0, 0, 0, 0, 306648, 2140
317172, 0, 0, 0, 0, 0, 0, 306648, 2140
317172, 0, 0, 0, 0, 0, 0, 306648, 2140
317172, 0, 0, 0, 0, 0, 0, 306648, 2140
317172, 0, 0, 0, 0, 0, 0, 306648, 2140
317172, 0, 0, 0, 0, 0, 0, 306648, 2140
317172, 0, 0, 0, 0, 0, 0, 306648, 2140
317172, 0, 0, 0, 0, 0, 0, 306648, 2140
317172, 0, 0, 0, 0, 0, 0, 306648, 2140
317172, 0, 0, 0, 0, 0, 0, 306648, 2140
317172, 0, 0, 0, 0, 0, 0, 306648, 2140
317172, 0, 0, 0, 0, 0, 0, 306648, 2140
317172, 0, 0, 0, 0, 0, 0, 306648, 2140
317172, 0, 0, 0, 0, 0, 0, 306648, 2140
317172, 0, 0, 0, 0, 0, 0, 306648, 2140
317172, 0, 0, 0, 0, 0, 0, 306648, 2140
317172, 0, 0, 0, 0, 0, 0, 306648, 2140
317172, 0, 0, 0, 0, 0, 0, 306648, 2140
317172, 0, 0, 0, 0, 0, 0, 306648, 2140
317172, 0, 0, 0, 0, 0, 0, 306648, 2140
317172, 0, 0, 0, 0, 0, 0, 306648, 2140
317172, 0, 0, 0, 0, 0, 0, 306648, 2140
317172, 0, 0, 0, 0, 0, 0, 306648, 2140
317172, 0, 0, 0, 0, 0, 0, 306648, 2140
317172, 0, 0, 0, 0, 0, 0, 306648, 2140
317172, 0, 0, 0, 0, 0, 0, 306648, 2140
317172, 0, 0, 0, 0, 0, 0, 306648, 2140
317172, 0, 0, 0, 0, 0, 0, 306648, 2140
317172, 0, 0, 0, 0, 0, 0, 306648, 2140
317172, 0, 0, 0, 0, 0, 0, 306648, 2140
317172, 0, 0, 0, 0, 0, 0, 306648, 2140
317172, 0, 0, 0, 0, 0, 0, 306648, 2140
317172, 0, 0, 0, 0, 0, 0, 306648, 2140
317172, 0, 0, 0, 0, 0, 0, 306648, 2140
317172, 0, 0, 0, 0, 0, 0, 306648, 2140
317172, 0, 0, 0, 0, 0, 0, 306648, 2140
317172, 0, 0, 0, 0, 0, 0, 306648, 2140
317172, 0, 0, 0, 0, 0, 0, 306648, 2140
317172, 0, 0, 0, 0, 0, 0, 306648, 2140
317172, 0, 0, 0, 0, 0, 0, 306648, 2140
317172, 0, 0, 0, 0, 0, 0, 306648, 2140
317172, 0, 0, 0, 0, 0, 0, 306648, 2140
317172, 0, 0, 0, 0, 0, 0, 306648, 2140
317172, 0, 0, 0, 0, 0, 0, 306648, 2140
317172, 0, 0, 0, 0, 0, 0, 306648, 2140
317172, 0, 0, 0, 0, 0, 0, 306648, 2140
317172, 0, 0, 0, 0, 0, 0, 306648, 2140
317172, 0, 0, 0, 0, 0, 0, 306648, 2140
317172, 0, 0, 0, 0, 0, 0, 306648, 2140
317172, 0, 0, 0, 0, 0, 0, 306648, 2140
317172, 0, 0, 0, 0, 0, 0, 306648, 2140
317172, 0, 0, 0, 0, 0, 0, 306648, 2140
317172, 0, 0, 0, 0, 0, 0, 306648, 2140
317172, 0, 0, 0, 0, 0, 0, 306648, 2140
317172, 0, 0, 0, 0, 0, 0, 306648, 2140
317172, 0, 0, 0, 0, 0, 0, 306648, 2140
317172, 0, 0, 0, 0, 0, 0, 306648, 2140
317172, 0, 0, 0, 0, 0, 0, 306648, 2140
317172, 0, 0, 0, 0, 0, 0, 306648, 2140
317172, 0, 0, 0, 0, 0, 0, 306648, 2140
317172, 0, 0, 0, 0, 0, 0, 306648, 2140
317172, 0, 0, 0, 0, 0, 0, 306648, 2140
317172, 0, 0, 0, 0, 0, 0, 306648, 2140
317172, 0, 0, 0, 0, 0, 0, 306648, 2140
317172, 0, 0, 0, 0, 0, 0, 306648, 2140
317172, 0, 0, 0, 0, 0, 0, 306648, 2140
317172, 0, 0, 0, 0, 0, 0, 306648, 2140
317172, 0, 0, 0, 0, 0, 0, 306648, 2140
317172, 0, 0, 0, 0, 0, 0, 306648, 2140
317172, 0, 0, 0, 0, 0, 0, 306648, 2140
317172, 0, 0, 0, 0, 0, 0, 306648, 2140
317172, 0, 0, 0, 0, 0, 0, 306648, 2140
317172, 0, 0, 0, 0, 0, 0, 306648, 2140
317172, 0, 0, 0, 0, 0, 0, 306648, 2140
317172, 0, 0, 0, 0, 0, 0, 306648, 2140
317172, 0, 0, 0, 0, 0, 0, 306648, 2140
317172, 0, 0, 0, 0, 0, 0, 306648, 2140
317172, 0, 0, 0, 0, 0, 0, 306648, 2140
317172, 0, 0, 0, 0, 0, 0, 306648, 2140
317172, 0, 0, 0, 0, 0, 0, 306648, 2140
317172, 0, 0, 0, 0, 0, 0, 306648, 2140
317172, 0, 0, 0, 0, 0, 0, 306648, 2140
317172, 0, 0, 0, 0, 0, 0, 306648, 2140
317172, 0, 0, 0, 0, 0, 0, 306648, 2140
317172, 0, 0, 0, 0, 0, 0, 306648, 2140
317172, 0, 0, 0, 0, 0, 0, 306648, 2140
317172, 0, 0, 0, 0, 0, 0, 306648, 2140
317172, 0, 0, 0, 0, 0, 0, 306648, 2140
317172, 0, 0, 0, 0, 0, 0, 306648, 2140
317172, 0, 0, 0, 0, 0, 0, 306648, 2140
317172, 0, 0, 0, 0, 0, 0, 306648, 2140
317172, 0, 0, 0, 0, 0, 0, 306648, 2140
317172, 0, 0, 0, 0, 0, 0, 306648, 2140
317172, 0, 0, 0, 0, 0, 0, 306648, 2140
317172, 0, 0, 0, 0, 0, 0, 306648, 2140
317172, 0, 0, 0, 0, 0, 0, 306648, 2140
317172, 0, 0, 0, 0, 0, 0, 306648, 2140
317172, 0, 0, 0, 0, 0, 0, 306648, 2140
317172, 0, 0, 0, 0, 0, 0, 306648, 2140
317172, 0, 0, 0, 0, 0, 0, 306648, 2140
317172, 0, 0, 0, 0, 0, 0, 306648, 2140
317172, 0, 0, 0, 0, 0, 0, 306648, 2140
317172, 0, 0, 0, 0, 0, 0, 306648, 2140
317172, 0, 0, 0, 0, 0, 0, 306648, 2140
317172, 0, 0, 0, 0, 0, 0, 306648, 2140
317172, 0, 0, 0, 0, 0, 0, 306648, 2140
317172, 0, 0, 0, 0, 0, 0, 306648, 2140
317172, 0, 0, 0, 0, 0, 0, 306648, 2140
317172, 0, 0, 0, 0, 0, 0, 306648, 2140
317172, 0, 0, 0, 0, 0, 0, 306648, 2140
317172, 0, 0, 0, 0, 0, 0, 306648, 2140
317172, 0, 0, 0, 0, 0, 0, 306648, 2140
317172, 0, 0, 0, 0, 0, 0, 306648, 2140
317172, 0, 0, 0, 0, 0, 0, 306648, 2140
317172, 0, 0, 0, 0, 0, 0, 306648, 2140
317172, 0, 0, 0, 0, 0, 0, 306648, 2140
317172, 0, 0, 0, 0, 0, 0, 306648, 2140
317172, 0, 0, 0, 0, 0, 0, 306648, 2140
317172, 0, 0, 0, 0, 0, 0, 306648, 2140
317172, 0, 0, 0, 0, 0, 0, 306648, 2140
317172, 0, 0, 0, 0, 0, 0, 306648, 2140
317172, 0, 0, 0, 0, 0, 0, 306648, 2140
317172, 0, 0, 0, 0, 0, 0, 306648, 2140
317172, 0, 0, 0, 0, 0, 0, 306648, 2140
317172, 0, 0, 0, 0, 0, 0, 306648, 2140
317172, 0, 0, 0, 0, 0, 0, 306648, 2140
317172, 0, 0, 0, 0, 0, 0, 306648, 2140
317172, 0, 0, 0, 0, 0, 0, 306648, 2140
317172, 0, 0, 0, 0, 0, 0, 306648, 2140
317172, 0, 0, 0, 0, 0, 0, 306648, 2140
317172, 0, 0, 0, 0, 0, 0, 306648, 2140
317172, 0, 0, 0, 0, 0, 0, 306648, 2140
317172, 0, 0, 0, 0, 0, 0, 306648, 2140
317172, 0, 0, 0, 0, 0, 0, 306648, 2140
317172, 0, 0, 0, 0, 0, 0, 306648, 2140
317172, 0, 0, 0, 0, 0, 0, 306648, 2140
317172, 0, 0, 0, 0, 0, 0, 306648, 2140
317172, 0, 0, 0, 0, 0, 0, 306648, 2140
317172, 0, 0, 0, 0, 0, 0, 306648, 2140
317172, 0, 0, 0, 0, 0, 0, 306648, 2140
317172, 0, 0, 0, 0, 0, 0, 306648, 2140
317172, 0, 0, 0, 0, 0, 0, 306648, 2140
317172, 0, 0, 0, 0, 0, 0, 306648, 2140
317172, 0, 0, 0, 0, 0, 0, 306648, 2140
317172, 0, 0, 0, 0, 0, 0, 306648, 2140
317172, 0, 0, 0, 0, 0, 0, 306648, 2140
317172, 0, 0, 0, 0, 0, 0, 306648, 2140
317172, 0, 0, 0, 0, 0, 0, 306648, 2140
317172, 0, 0, 0, 0, 0, 0, 306648, 2140
317172, 0, 0, 0, 0, 0, 0, 306648, 2140
317172, 0, 0, 0, 0, 0, 0, 306648, 2140
317172, 0, 0, 0, 0, 0, 0, 306648, 2140
317172, 0, 0, 0, 0, 0, 0, 306648, 2140
317172, 0, 0, 0, 0, 0, 0, 306648, 2140
317172, 0, 0, 0, 0, 0, 0, 306648, 2140
317172, 0, 0, 0, 0, 0, 0, 306648, 2140
317172, 0, 0, 0, 0, 0, 0, 306648, 2140
317172, 0, 0, 0, 0, 0, 0, 306648, 2140
317172, 0, 0, 0, 0, 0, 0, 306648, 2140
317172, 0, 0, 0, 0, 0, 0, 306648, 2140
317172, 0, 0, 0, 0, 0, 0, 306648, 2140
317172, 0, 0, 0, 0, 0, 0, 306648, 2140
317172, 0, 0, 0, 0, 0, 0, 306648, 2140
317172, 0, 0, 0, 0, 0, 0, 306648, 2140
317172, 0, 0, 0, 0, 0, 0, 306648, 2140
317172, 0, 0, 0, 0, 0, 0, 306648, 2140
317172, 0, 0, 0, 0, 0, 0, 306648, 2140
317172, 0, 0, 0, 0, 0, 0, 306648, 2140
317172, 0, 0, 0, 0, 0, 0, 306648, 2140
317172, 0, 0, 0, 0, 0, 0, 306648, 2140
317172, 0, 0, 0, 0, 0, 0, 306648, 2140
317172, 0, 0, 0, 0, 0, 0, 306648, 2140
317172, 0, 0, 0, 0, 0, 0, 306648, 2140
317172, 0, 0, 0, 0, 0, 0, 306648, 2140
317172, 0, 0, 0, 0, 0, 0, 306648, 2140
317172, 0, 0, 0, 0, 0, 0, 306648, 2140
317172, 0, 0, 0, 0, 0, 0, 306648, 2140
317172, 0, 0, 0, 0, 0, 0, 306648, 2140
317172, 0, 0, 0, 0, 0, 0, 306648, 2140
317172, 0, 0, 0, 0, 0, 0, 306648, 2140
317172, 0, 0, 0, 0, 0, 0, 306648, 2140
317172, 0, 0, 0, 0, 0, 0, 306648, 2140
317172, 0, 0, 0, 0, 0, 0, 306648, 2140
317172, 0, 0, 0, 0, 0, 0, 306648, 2140
317172, 0, 0, 0, 0, 0, 0, 306648, 2140
317172, 0, 0, 0, 0, 0, 0, 306648, 2140
317172, 0, 0, 0, 0, 0, 0, 306648, 2140
317172, 0, 0, 0, 0, 0, 0, 306648, 2140
317172, 0, 0, 0, 0, 0, 0, 306648, 2140
317172, 0, 0, 0, 0, 0, 0, 306648, 2140
317172, 0, 0, 0, 0, 0, 0, 306648, 2140
317172, 0, 0, 0, 0, 0, 0, 306648, 2140
317172, 0, 0, 0, 0, 0, 0, 306648, 2140
317172, 0, 0, 0, 0, 0, 0, 306648, 2140
317172, 0, 0, 0, 0, 0, 0, 306648, 2140
317172, 0, 0, 0, 0, 0, 0, 306648, 2140
317172, 0, 0, 0, 0, 0, 0, 306648, 2140
317172, 0, 0, 0, 0, 0, 0, 306648, 2140
317172, 0, 0, 0, 0, 0, 0, 306648, 2140
317172, 0, 0, 0, 0, 0, 0, 306648, 2140
317172, 0, 0, 0, 0, 0, 0, 306648, 2140
317172, 0, 0, 0, 0, 0, 0, 306648, 2140
317172, 0, 0, 0, 0, 0, 0, 306648, 2140
317172, 0, 0, 0, 0, 0, 0, 306648, 2140
317172, 0, 0, 0, 0, 0, 0, 306648, 2140
317172, 0, 0, 0, 0, 0, 0, 306648, 2140
317172, 0, 0, 0, 0, 0, 0, 306648, 2140
317172, 0, 0, 0, 0, 0, 0, 306648, 2140
317172, 0, 0, 0, 0, 0, 0, 306648, 2140
317172, 0, 0, 0, 0, 0, 0, 306648, 2140
317172, 0, 0, 0, 0, 0, 0, 306648, 2140
317172, 0, 0, 0, 0, 0, 0, 306648, 2140
317172, 0, 0, 0, 0, 0, 0, 306648, 2140
317172, 0, 0, 0, 0, 0, 0, 306648, 2140
317172, 0, 0, 0, 0, 0, 0, 306648, 2140
317172, 0, 0, 0, 0, 0, 0, 306648, 2140
317172, 0, 0, 0, 0, 0, 0, 306648, 2140
317172, 0, 0, 0, 0, 0, 0, 306648, 2140
317172, 0, 0, 0, 0, 0, 0, 306648, 2140
317172, 0, 0, 0, 0, 0, 0, 306648, 2140
317172, 0, 0, 0, 0, 0, 0, 306648, 2140
317172, 0, 0, 0, 0, 0, 0, 306648, 2140
317172, 0, 0, 0, 0, 0, 0, 306648, 2140
317172, 0, 0, 0, 0, 0, 0, 306648, 2140
317172, 0, 0, 0, 0, 0, 0, 306648, 2140
317172, 0, 0, 0, 0, 0, 0, 306648, 2140
317172, 0, 0, 0, 0, 0, 0, 306648, 2140
317172, 0, 0, 0, 0, 0, 0, 306648, 2140
317172, 0, 0, 0, 0, 0, 0, 306648, 2140
317172, 0, 0, 0, 0, 0, 0, 306648, 2140
317172, 0, 0, 0, 0, 0, 0, 306648, 2140
317172, 0, 0, 0, 0, 0, 0, 306648, 2140
317172, 0, 0, 0, 0, 0, 0, 306648, 2140
317172, 0, 0, 0, 0, 0, 0, 306648, 2140
317172, 0, 0, 0, 0, 0, 0, 306648, 2140
317172, 0, 0, 0, 0, 0, 0, 306648, 2140
317172, 0, 0, 0, 0, 0, 0, 306648, 2140
317172, 0, 0, 0, 0, 0, 0, 306648, 2140
317172, 0, 0, 0, 0, 0, 0, 306648, 2140
317172, 0, 0, 0, 0, 0, 0, 306648, 2140
317172, 0, 0, 0, 0, 0, 0, 306648, 2140
317172, 0, 0, 0, 0, 0, 0, 306648, 2140
317172, 0, 0, 0, 0, 0, 0, 306648, 2140
317172, 0, 0, 0, 0, 0, 0, 306648, 2140
317172, 0, 0, 0, 0, 0, 0, 306648, 2140
317172, 0, 0, 0, 0, 0, 0, 306648, 2140
317172, 0, 0, 0, 0, 0, 0, 306648, 2140
317172, 0, 0, 0, 0, 0, 0, 306648, 2140
317172, 0, 0, 0, 0, 0, 0, 306648, 2140
317172, 0, 0, 0, 0, 0, 0, 306648, 2140
317172, 0, 0, 0, 0, 0, 0, 306648, 2140
317172, 0, 0, 0, 0, 0, 0, 306648, 2140
317172, 0, 0, 0, 0, 0, 0, 306648, 2140
317172, 0, 0, 0, 0, 0, 0, 306648, 2140
317172, 0, 0, 0, 0, 0, 0, 306648, 2140
317172, 0, 0, 0, 0, 0, 0, 306648, 2140
317172, 0, 0, 0, 0, 0, 0, 306648, 2140
317172, 0, 0, 0, 0, 0, 0, 306648, 2140
317172, 0, 0, 0, 0, 0, 0, 306648, 2140
317172, 0, 0, 0, 0, 0, 0, 306648, 2140
317172, 0, 0, 0, 0, 0, 0, 306648, 2140
317172, 0, 0, 0, 0, 0, 0, 306648, 2140
317172, 0, 0, 0, 0, 0, 0, 306648, 2140
317172, 0, 0, 0, 0, 0, 0, 306648, 2140
317172, 0, 0, 0, 0, 0, 0, 306648, 2140
317172, 0, 0, 0, 0, 0, 0, 306648, 2140
317172, 0, 0, 0, 0, 0, 0, 306648, 2140
317172, 0, 0, 0, 0, 0, 0, 306648, 2140
317172, 0, 0, 0, 0, 0, 0, 306648, 2140
317172, 0, 0, 0, 0, 0, 0, 306648, 2140
317172, 0, 0, 0, 0, 0, 0, 306648, 2140
317172, 0, 0, 0, 0, 0, 0, 306648, 2140
317172, 0, 0, 0, 0, 0, 0, 306648, 2140
317172, 0, 0, 0, 0, 0, 0, 306648, 2140
317172, 0, 0, 0, 0, 0, 0, 306648, 2140
317172, 0, 0, 0, 0, 0, 0, 306648, 2140
317172, 0, 0, 0, 0, 0, 0, 306648, 2140
317172, 0, 0, 0, 0, 0, 0, 306648, 2140
317172, 0, 0, 0, 0, 0, 0, 306648, 2140
317172, 0, 0, 0, 0, 0, 0, 306648, 2140
317172, 0, 0, 0, 0, 0, 0, 306648, 2140
317172, 0, 0, 0, 0, 0, 0, 306648, 2140
317172, 0, 0, 0, 0, 0, 0, 306648, 2140
317172, 0, 0, 0, 0, 0, 0, 306648, 2140
317172, 0, 0, 0, 0, 0, 0, 306648, 2140
317172, 0, 0, 0, 0, 0, 0, 306648, 2140
317172, 0, 0, 0, 0, 0, 0, 306648, 2140
317172, 0, 0, 0, 0, 0, 0, 306648, 2140
317172, 0, 0, 0, 0, 0, 0, 306648, 2140
317172, 0, 0, 0, 0, 0, 0, 306648, 2140
317172, 0, 0, 0, 0, 0, 0, 306648, 2140
317172, 0, 0, 0, 0, 0, 0, 306648, 2140
317172, 0, 0, 0, 0, 0, 0, 306648, 2140
317172, 0, 0, 0, 0, 0, 0, 306648, 2140
317172, 0, 0, 0, 0, 0, 0, 306648, 2140
317172, 0, 0, 0, 0, 0, 0, 306648, 2140
317172, 0, 0, 0, 0, 0, 0, 306648, 2140
317172, 0, 0, 0, 0, 0, 0, 306648, 2140
317172, 0, 0, 0, 0, 0, 0, 306648, 2140
317172, 0, 0, 0, 0, 0, 0, 306648, 2140
317172, 0, 0, 0, 0, 0, 0, 306648, 2140
317172, 0, 0, 0, 0, 0, 0, 306648, 2140
317172, 0, 0, 0, 0, 0, 0, 306648, 2140
317172, 0, 0, 0, 0, 0, 0, 306648, 2140
317172, 0, 0, 0, 0, 0, 0, 306648, 2140
317172, 0, 0, 0, 0, 0, 0, 306648, 2140
317172, 0, 0, 0, 0, 0, 0, 306648, 2140
317172, 0, 0, 0, 0, 0, 0, 306648, 2140
317172, 0, 0, 0, 0, 0, 0, 306648, 2140
317172, 0, 0, 0, 0, 0, 0, 306648, 2140
317172, 0, 0, 0, 0, 0, 0, 306648, 2140
317172, 0, 0, 0, 0, 0, 0, 306648, 2140
317172, 0, 0, 0, 0, 0, 0, 306648, 2140
317172, 0, 0, 0, 0, 0, 0, 306648, 2140
317172, 0, 0, 0, 0, 0, 0, 306648, 2140
317172, 0, 0, 0, 0, 0, 0, 306648, 2140
317172, 0, 0, 0, 0, 0, 0, 306648, 2140
317172, 0, 0, 0, 0, 0, 0, 306648, 2140
317172, 0, 0, 0, 0, 0, 0, 306648, 2140
317172, 0, 0, 0, 0, 0, 0, 306648, 2140
317172, 0, 0, 0, 0, 0, 0, 306648, 2140
317172, 0, 0, 0, 0, 0, 0, 306648, 2140
317172, 0, 0, 0, 0, 0, 0, 306648, 2140
317172, 0, 0, 0, 0, 0, 0, 306648, 2140
317172, 0, 0, 0, 0, 0, 0, 306648, 2140
317172, 0, 0, 0, 0, 0, 0, 306648, 2140
317172, 0, 0, 0, 0, 0, 0, 306648, 2140
317172, 0, 0, 0, 0, 0, 0, 306648, 2140
317172, 0, 0, 0, 0, 0, 0, 306648, 2140
317172, 0, 0, 0, 0, 0, 0, 306648, 2140
317172, 0, 0, 0, 0, 0, 0, 306648, 2140
317172, 0, 0, 0, 0, 0, 0, 306648, 2140
317172, 0, 0, 0, 0, 0, 0, 306648, 2140
317172, 0, 0, 0, 0, 0, 0, 306648, 2140
317172, 0, 0, 0, 0, 0, 0, 306648, 2140
317172, 0, 0, 0, 0, 0, 0, 306648, 2140
317172, 0, 0, 0, 0, 0, 0, 306648, 2140
317172, 0, 0, 0, 0, 0, 0, 306648, 2140
317172, 0, 0, 0, 0, 0, 0, 306648, 2140
317172, 0, 0, 0, 0, 0, 0, 306648, 2140
317172, 0, 0, 0, 0, 0, 0, 306648, 2140
317172, 0, 0, 0, 0, 0, 0, 306648, 2140
317172, 0, 0, 0, 0, 0, 0, 306648, 2140
317172, 0, 0, 0, 0, 0, 0, 306648, 2140
317172, 0, 0, 0, 0, 0, 0, 306648, 2140
317172, 0, 0, 0, 0, 0, 0, 306648, 2140
317172, 0, 0, 0, 0, 0, 0, 306648, 2140
317172, 0, 0, 0, 0, 0, 0, 306648, 2140
317172, 0, 0, 0, 0, 0, 0, 306648, 2140
317172, 0, 0, 0, 0, 0, 0, 306648, 2140
317172, 0, 0, 0, 0, 0, 0, 306648, 2140
317172, 0, 0, 0, 0, 0, 0, 306648, 2140
317172, 0, 0, 0, 0, 0, 0, 306648, 2140
317172, 0, 0, 0, 0, 0, 0, 306648, 2140
317172, 0, 0, 0, 0, 0, 0, 306648, 2140
317172, 0, 0, 0, 0, 0, 0, 306648, 2140
317172, 0, 0, 0, 0, 0, 0, 306648, 2140
317172, 0, 0, 0, 0, 0, 0, 306648, 2140
317172, 0, 0, 0, 0, 0, 0, 306648, 2140
317172, 0, 0, 0, 0, 0, 0, 306648, 2140
317172, 0, 0, 0, 0, 0, 0, 306648, 2140
317172, 0, 0, 0, 0, 0, 0, 306648, 2140
317172, 0, 0, 0, 0, 0, 0, 306648, 2140
317172, 0, 0, 0, 0, 0, 0, 306648, 2140
317172, 0, 0, 0, 0, 0, 0, 306648, 2140
317172, 0, 0, 0, 0, 0, 0, 306648, 2140
317172, 0, 0, 0, 0, 0, 0, 306648, 2140
317172, 0, 0, 0, 0, 0, 0, 306648, 2140
317172, 0, 0, 0, 0, 0, 0, 306648, 2140
317172, 0, 0, 0, 0, 0, 0, 306648, 2140
317172, 0, 0, 0, 0, 0, 0, 306648, 2140
317172, 0, 0, 0, 0, 0, 0, 306648, 2140
317172, 0, 0, 0, 0, 0, 0, 306648, 2140
317172, 0, 0, 0, 0, 0, 0, 306648, 2140
317172, 0, 0, 0, 0, 0, 0, 306648, 2140
317172, 0, 0, 0, 0, 0, 0, 306648, 2140
317172, 0, 0, 0, 0, 0, 0, 306648, 2140
317172, 0, 0, 0, 0, 0, 0, 306648, 2140
317172, 0, 0, 0, 0, 0, 0, 306648, 2140
317172, 0, 0, 0, 0, 0, 0, 306648, 2140
317172, 0, 0, 0, 0, 0, 0, 306648, 2140
317172, 0, 0, 0, 0, 0, 0, 306648, 2140
317172, 0, 0, 0, 0, 0, 0, 306648, 2140
317172, 0, 0, 0, 0, 0, 0, 306648, 2140
317172, 0, 0, 0, 0, 0, 0, 306648, 2140
317172, 0, 0, 0, 0, 0, 0, 306648, 2140
317172, 0, 0, 0, 0, 0, 0, 306648, 2140
317172, 0, 0, 0, 0, 0, 0, 306648, 2140
317172, 0, 0, 0, 0, 0, 0, 306648, 2140
317172, 0, 0, 0, 0, 0, 0, 306648, 2140
317172, 0, 0, 0, 0, 0, 0, 306648, 2140
317172, 0, 0, 0, 0, 0, 0, 306648, 2140
317172, 0, 0, 0, 0, 0, 0, 306648, 2140
317172, 0, 0, 0, 0, 0, 0, 306648, 2140
317172, 0, 0, 0, 0, 0, 0, 306648, 2140
317172, 0, 0, 0, 0, 0, 0, 306648, 2140
317172, 0, 0, 0, 0, 0, 0, 306648, 2140
317172, 0, 0, 0, 0, 0, 0, 306648, 2140
317172, 0, 0, 0, 0, 0, 0, 306648, 2140
317172, 0, 0, 0, 0, 0, 0, 306648, 2140
317172, 0, 0, 0, 0, 0, 0, 306648, 2140
317172, 0, 0, 0, 0, 0, 0, 306648, 2140
317172, 0, 0, 0, 0, 0, 0, 306648, 2140
317172, 0, 0, 0, 0, 0, 0, 306648, 2140
317172, 0, 0, 0, 0, 0, 0, 306648, 2140
317172, 0, 0, 0, 0, 0, 0, 306648, 2140
317172, 0, 0, 0, 0, 0, 0, 306648, 2140
317172, 0, 0, 0, 0, 0, 0, 306648, 2140
317172, 0, 0, 0, 0, 0, 0, 306648, 2140
317172, 0, 0, 0, 0, 0, 0, 306648, 2140
317172, 0, 0, 0, 0, 0, 0, 306648, 2140
317172, 0, 0, 0, 0, 0, 0, 306648, 2140
317172, 0, 0, 0, 0, 0, 0, 306648, 2140
317172, 0, 0, 0, 0, 0, 0, 306648, 2140
317172, 0, 0, 0, 0, 0, 0, 306648, 2140
317172, 0, 0, 0, 0, 0, 0, 306648, 2140
317172, 0, 0, 0, 0, 0, 0, 306648, 2140
317172, 0, 0, 0, 0, 0, 0, 306648, 2140
317172, 0, 0, 0, 0, 0, 0, 306648, 2140
317172, 0, 0, 0, 0, 0, 0, 306648, 2140
317172, 0, 0, 0, 0, 0, 0, 306648, 2140
317172, 0, 0, 0, 0, 0, 0, 306648, 2140
317172, 0, 0, 0, 0, 0, 0, 306648, 2140
317172, 0, 0, 0, 0, 0, 0, 306648, 2140
317172, 0, 0, 0, 0, 0, 0, 306648, 2140
317172, 0, 0, 0, 0, 0, 0, 306648, 2140
317172, 0, 0, 0, 0, 0, 0, 306648, 2140
317172, 0, 0, 0, 0, 0, 0, 306648, 2140
317172, 0, 0, 0, 0, 0, 0, 306648, 2140
317172, 0, 0, 0, 0, 0, 0, 306648, 2140
317172, 0, 0, 0, 0, 0, 0, 306648, 2140
317172, 0, 0, 0, 0, 0, 0, 306648, 2140
317172, 0, 0, 0, 0, 0, 0, 306648, 2140
317172, 0, 0, 0, 0, 0, 0, 306648, 2140
317172, 0, 0, 0, 0, 0, 0, 306648, 2140
317172, 0, 0, 0, 0, 0, 0, 306648, 2140
317172, 0, 0, 0, 0, 0, 0, 306648, 2140
317172, 0, 0, 0, 0, 0, 0, 306648, 2140
317172, 0, 0, 0, 0, 0, 0, 306648, 2140
317172, 0, 0, 0, 0, 0, 0, 306648, 2140
317172, 0, 0, 0, 0, 0, 0, 306648, 2140
317172, 0, 0, 0, 0, 0, 0, 306648, 2140
317172, 0, 0, 0, 0, 0, 0, 306648, 2140
317172, 0, 0, 0, 0, 0, 0, 306648, 2140
317172, 0, 0, 0, 0, 0, 0, 306648, 2140
317172, 0, 0, 0, 0, 0, 0, 306648, 2140
317172, 0, 0, 0, 0, 0, 0, 306648, 2140
317172, 0, 0, 0, 0, 0, 0, 306648, 2140
317172, 0, 0, 0, 0, 0, 0, 306648, 2140
317172, 0, 0, 0, 0, 0, 0, 306648, 2140
317172, 0, 0, 0, 0, 0, 0, 306648, 2140
317172, 0, 0, 0, 0, 0, 0, 306648, 2140
317172, 0, 0, 0, 0, 0, 0, 306648, 2140
317172, 0, 0, 0, 0, 0, 0, 306648, 2140
317172, 0, 0, 0, 0, 0, 0, 306648, 2140
317172, 0, 0, 0, 0, 0, 0, 306648, 2140
317172, 0, 0, 0, 0, 0, 0, 306648, 2140
317172, 0, 0, 0, 0, 0, 0, 306648, 2140
317172, 0, 0, 0, 0, 0, 0, 306648, 2140
317172, 0, 0, 0, 0, 0, 0, 306648, 2140
317172, 0, 0, 0, 0, 0, 0, 306648, 2140
317172, 0, 0, 0, 0, 0, 0, 306648, 2140
317172, 0, 0, 0, 0, 0, 0, 306648, 2140
317172, 0, 0, 0, 0, 0, 0, 306648, 2140
317172, 0, 0, 0, 0, 0, 0, 306648, 2140
317172, 0, 0, 0, 0, 0, 0, 306648, 2140
317172, 0, 0, 0, 0, 0, 0, 306648, 2140
317172, 0, 0, 0, 0, 0, 0, 306648, 2140
317172, 0, 0, 0, 0, 0, 0, 306648, 2140
317172, 0, 0, 0, 0, 0, 0, 306648, 2140
317172, 0, 0, 0, 0, 0, 0, 306648, 2140
317172, 0, 0, 0, 0, 0, 0, 306648, 2140
317172, 0, 0, 0, 0, 0, 0, 306648, 2140
317172, 0, 0, 0, 0, 0, 0, 306648, 2140
317172, 0, 0, 0, 0, 0, 0, 306648, 2140
317172, 0, 0, 0, 0, 0, 0, 306648, 2140
317172, 0, 0, 0, 0, 0, 0, 306648, 2140
317172, 0, 0, 0, 0, 0, 0, 306648, 2140
317172, 0, 0, 0, 0, 0, 0, 306648, 2140
317172, 0, 0, 0, 0, 0, 0, 306648, 2140
317172, 0, 0, 0, 0, 0, 0, 306648, 2140
317172, 0, 0, 0, 0, 0, 0, 306648, 2140
317172, 0, 0, 0, 0, 0, 0, 306648, 2140
317172, 0, 0, 0, 0, 0, 0, 306648, 2140
317172, 0, 0, 0, 0, 0, 0, 306648, 2140
317172, 0, 0, 0, 0, 0, 0, 306648, 2140
317172, 0, 0, 0, 0, 0, 0, 306648, 2140
317172, 0, 0, 0, 0, 0, 0, 306648, 2140
317172, 0, 0, 0, 0, 0, 0, 306648, 2140
317172, 0, 0, 0, 0, 0, 0, 306648, 2140
317172, 0, 0, 0, 0, 0, 0, 306648, 2140
317172, 0, 0, 0, 0, 0, 0, 306648, 2140
317172, 0, 0, 0, 0, 0, 0, 306648, 2140
317172, 0, 0, 0, 0, 0, 0, 306648, 2140
317172, 0, 0, 0, 0, 0, 0, 306648, 2140
317172, 0, 0, 0, 0, 0, 0, 306648, 2140
317172, 0, 0, 0, 0, 0, 0, 306648, 2140
317172, 0, 0, 0, 0, 0, 0, 306648, 2140
317172, 0, 0, 0, 0, 0, 0, 306648, 2140
317172, 0, 0, 0, 0, 0, 0, 306648, 2140
317172, 0, 0, 0, 0, 0, 0, 306648, 2140
317172, 0, 0, 0, 0, 0, 0, 306648, 2140
317172, 0, 0, 0, 0, 0, 0, 306648, 2140
317172, 0, 0, 0, 0, 0, 0, 306648, 2140
317172, 0, 0, 0, 0, 0, 0, 306648, 2140
317172, 0, 0, 0, 0, 0, 0, 306648, 2140
317172, 0, 0, 0, 0, 0, 0, 306648, 2140
317172, 0, 0, 0, 0, 0, 0, 306648, 2140
317172, 0, 0, 0, 0, 0, 0, 306648, 2140
317172, 0, 0, 0, 0, 0, 0, 306648, 2140
317172, 0, 0, 0, 0, 0, 0, 306648, 2140
317172, 0, 0, 0, 0, 0, 0, 306648, 2140
317172, 0, 0, 0, 0, 0, 0, 306648, 2140
317172, 0, 0, 0, 0, 0, 0, 306648, 2140
317172, 0, 0, 0, 0, 0, 0, 306648, 2140
317172, 0, 0, 0, 0, 0, 0, 306648, 2140
317172, 0, 0, 0, 0, 0, 0, 306648, 2140
317172, 0, 0, 0, 0, 0, 0, 306648, 2140
317172, 0, 0, 0, 0, 0, 0, 306648, 2140
317172, 0, 0, 0, 0, 0, 0, 306648, 2140
317172, 0, 0, 0, 0, 0, 0, 306648, 2140
317172, 0, 0, 0, 0, 0, 0, 306648, 2140
317172, 0, 0, 0, 0, 0, 0, 306648, 2140
317172, 0, 0, 0, 0, 0, 0, 306648, 2140
317172, 0, 0, 0, 0, 0, 0, 306648, 2140
317172, 0, 0, 0, 0, 0, 0, 306648, 2140
317172, 0, 0, 0, 0, 0, 0, 306648, 2140
317172, 0, 0, 0, 0, 0, 0, 306648, 2140
317172, 0, 0, 0, 0, 0, 0, 306648, 2140
317172, 0, 0, 0, 0, 0, 0, 306648, 2140
317172, 0, 0, 0, 0, 0, 0, 306648, 2140
317172, 0, 0, 0, 0, 0, 0, 306648, 2140
317172, 0, 0, 0, 0, 0, 0, 306648, 2140
317172, 0, 0, 0, 0, 0, 0, 306648, 2140
317172, 0, 0, 0, 0, 0, 0, 306648, 2140
317172, 0, 0, 0, 0, 0, 0, 306648, 2140
317172, 0, 0, 0, 0, 0, 0, 306648, 2140
317172, 0, 0, 0, 0, 0, 0, 306648, 2140
317172, 0, 0, 0, 0, 0, 0, 306648, 2140
317172, 0, 0, 0, 0, 0, 0, 306648, 2140
317172, 0, 0, 0, 0, 0, 0, 306648, 2140
317172, 0, 0, 0, 0, 0, 0, 306648, 2140
317172, 0, 0, 0, 0, 0, 0, 306648, 2140
317172, 0, 0, 0, 0, 0, 0, 306648, 2140
317172, 0, 0, 0, 0, 0, 0, 306648, 2140
317172, 0, 0, 0, 0, 0, 0, 306648, 2140
317172, 0, 0, 0, 0, 0, 0, 306648, 2140
317172, 0, 0, 0, 0, 0, 0, 306648, 2140
317172, 0, 0, 0, 0, 0, 0, 306648, 2140
317172, 0, 0, 0, 0, 0, 0, 306648, 2140
317172, 0, 0, 0, 0, 0, 0, 306648, 2140
317172, 0, 0, 0, 0, 0, 0, 306648, 2140
317172, 0, 0, 0, 0, 0, 0, 306648, 2140
317172, 0, 0, 0, 0, 0, 0, 306648, 2140
317172, 0, 0, 0, 0, 0, 0, 306648, 2140
317172, 0, 0, 0, 0, 0, 0, 306648, 2140
317172, 0, 0, 0, 0, 0, 0, 306648, 2140
317172, 0, 0, 0, 0, 0, 0, 306648, 2140
317172, 0, 0, 0, 0, 0, 0, 306648, 2140
317172, 0, 0, 0, 0, 0, 0, 306648, 2140
317172, 0, 0, 0, 0, 0, 0, 306648, 2140
317172, 0, 0, 0, 0, 0, 0, 306648, 2140
317172, 0, 0, 0, 0, 0, 0, 306648, 2140
317172, 0, 0, 0, 0, 0, 0, 306648, 2140
317172, 0, 0, 0, 0, 0, 0, 306648, 2140
317172, 0, 0, 0, 0, 0, 0, 306648, 2140
317172, 0, 0, 0, 0, 0, 0, 306648, 2140
317172, 0, 0, 0, 0, 0, 0, 306648, 2140
317172, 0, 0, 0, 0, 0, 0, 306648, 2140
317172, 0, 0, 0, 0, 0, 0, 306648, 2140
317172, 0, 0, 0, 0, 0, 0, 306648, 2140
317172, 0, 0, 0, 0, 0, 0, 306648, 2140
317172, 0, 0, 0, 0, 0, 0, 306648, 2140
317172, 0, 0, 0, 0, 0, 0, 306648, 2140
317172, 0, 0, 0, 0, 0, 0, 306648, 2140
317172, 0, 0, 0, 0, 0, 0, 306648, 2140
317172, 0, 0, 0, 0, 0, 0, 306648, 2140
317172, 0, 0, 0, 0, 0, 0, 306648, 2140
317172, 0, 0, 0, 0, 0, 0, 306648, 2140
317172, 0, 0, 0, 0, 0, 0, 306648, 2140
317172, 0, 0, 0, 0, 0, 0, 306648, 2140
317172, 0, 0, 0, 0, 0, 0, 306648, 2140
317172, 0, 0, 0, 0, 0, 0, 306648, 2140
317172, 0, 0, 0, 0, 0, 0, 306648, 2140
317172, 0, 0, 0, 0, 0, 0, 306648, 2140
317172, 0, 0, 0, 0, 0, 0, 306648, 2140
317172, 0, 0, 0, 0, 0, 0, 306648, 2140
317172, 0, 0, 0, 0, 0, 0, 306648, 2140
317172, 0, 0, 0, 0, 0, 0, 306648, 2140
317172, 0, 0, 0, 0, 0, 0, 306648, 2140
317172, 0, 0, 0, 0, 0, 0, 306648, 2140
317172, 0, 0, 0, 0, 0, 0, 306648, 2140
317172, 0, 0, 0, 0, 0, 0, 306648, 2140
317172, 0, 0, 0, 0, 0, 0, 306648, 2140
317172, 0, 0, 0, 0, 0, 0, 306648, 2140
317172, 0, 0, 0, 0, 0, 0, 306648, 2140
317172, 0, 0, 0, 0, 0, 0, 306648, 2140
317172, 0, 0, 0, 0, 0, 0, 306648, 2140
317172, 0, 0, 0, 0, 0, 0, 306648, 2140
317172, 0, 0, 0, 0, 0, 0, 306648, 2140
317172, 0, 0, 0, 0, 0, 0, 306648, 2140
317172, 0, 0, 0, 0, 0, 0, 306648, 2140
317172, 0, 0, 0, 0, 0, 0, 306648, 2140
317172, 0, 0, 0, 0, 0, 0, 306648, 2140
317172, 0, 0, 0, 0, 0, 0, 306648, 2140
317172, 0, 0, 0, 0, 0, 0, 306648, 2140
317172, 0, 0, 0, 0, 0, 0, 306648, 2140
317172, 0, 0, 0, 0, 0, 0, 306648, 2140
317172, 0, 0, 0, 0, 0, 0, 306648, 2140
317172, 0, 0, 0, 0, 0, 0, 306648, 2140
317172, 0, 0, 0, 0, 0, 0, 306648, 2140
317172, 0, 0, 0, 0, 0, 0, 306648, 2140
317172, 0, 0, 0, 0, 0, 0, 306648, 2140
317172, 0, 0, 0, 0, 0, 0, 306648, 2140
317172, 0, 0, 0, 0, 0, 0, 306648, 2140
317172, 0, 0, 0, 0, 0, 0, 306648, 2140
317172, 0, 0, 0, 0, 0, 0, 306648, 2140
317172, 0, 0, 0, 0, 0, 0, 306648, 2140
317172, 0, 0, 0, 0, 0, 0, 306648, 2140
317172, 0, 0, 0, 0, 0, 0, 306648, 2140
317172, 0, 0, 0, 0, 0, 0, 306648, 2140
317172, 0, 0, 0, 0, 0, 0, 306648, 2140
317172, 0, 0, 0, 0, 0, 0, 306648, 2140
317172, 0, 0, 0, 0, 0, 0, 306648, 2140
317172, 0, 0, 0, 0, 0, 0, 306648, 2140
317172, 0, 0, 0, 0, 0, 0, 306648, 2140
317172, 0, 0, 0, 0, 0, 0, 306648, 2140
317172, 0, 0, 0, 0, 0, 0, 306648, 2140
317172, 0, 0, 0, 0, 0, 0, 306648, 2140
317172, 0, 0, 0, 0, 0, 0, 306648, 2140
317172, 0, 0, 0, 0, 0, 0, 306648, 2140
317172, 0, 0, 0, 0, 0, 0, 306648, 2140
317172, 0, 0, 0, 0, 0, 0, 306648, 2140
317172, 0, 0, 0, 0, 0, 0, 306648, 2140
317172, 0, 0, 0, 0, 0, 0, 306648, 2140
317172, 0, 0, 0, 0, 0, 0, 306648, 2140
317172, 0, 0, 0, 0, 0, 0, 306648, 2140
317172, 0, 0, 0, 0, 0, 0, 306648, 2140
317172, 0, 0, 0, 0, 0, 0, 306648, 2140
317172, 0, 0, 0, 0, 0, 0, 306648, 2140
317172, 0, 0, 0, 0, 0, 0, 306648, 2140
317172, 0, 0, 0, 0, 0, 0, 306648, 2140
317172, 0, 0, 0, 0, 0, 0, 306648, 2140
317172, 0, 0, 0, 0, 0, 0, 306648, 2140
317172, 0, 0, 0, 0, 0, 0, 306648, 2140
317172, 0, 0, 0, 0, 0, 0, 306648, 2140
317172, 0, 0, 0, 0, 0, 0, 306648, 2140
317172, 0, 0, 0, 0, 0, 0, 306648, 2140
317172, 0, 0, 0, 0, 0, 0, 306648, 2140
317172, 0, 0, 0, 0, 0, 0, 306648, 2140
317172, 0, 0, 0, 0, 0, 0, 306648, 2140
317172, 0, 0, 0, 0, 0, 0, 306648, 2140
317172, 0, 0, 0, 0, 0, 0, 306648, 2140
317172, 0, 0, 0, 0, 0, 0, 306648, 2140
317172, 0, 0, 0, 0, 0, 0, 306648, 2140
317172, 0, 0, 0, 0, 0, 0, 306648, 2140
317172, 0, 0, 0, 0, 0, 0, 306648, 2140
317172, 0, 0, 0, 0, 0, 0, 306648, 2140
317172, 0, 0, 0, 0, 0, 0, 306648, 2140
317172, 0, 0, 0, 0, 0, 0, 306648, 2140
317172, 0, 0, 0, 0, 0, 0, 306648, 2140
317172, 0, 0, 0, 0, 0, 0, 306648, 2140
317172, 0, 0, 0, 0, 0, 0, 306648, 2140
317172, 0, 0, 0, 0, 0, 0, 306648, 2140
317172, 0, 0, 0, 0, 0, 0, 306648, 2140
317172, 0, 0, 0, 0, 0, 0, 306648, 2140
317172, 0, 0, 0, 0, 0, 0, 306648, 2140
317172, 0, 0, 0, 0, 0, 0, 306648, 2140
317172, 0, 0, 0, 0, 0, 0, 306648, 2140
317172, 0, 0, 0, 0, 0, 0, 306648, 2140
317172, 0, 0, 0, 0, 0, 0, 306648, 2140
317172, 0, 0, 0, 0, 0, 0, 306648, 2140
317172, 0, 0, 0, 0, 0, 0, 306648, 2140
317172, 0, 0, 0, 0, 0, 0, 306648, 2140
317172, 0, 0, 0, 0, 0, 0, 306648, 2140
317172, 0, 0, 0, 0, 0, 0, 306648, 2140
317172, 0, 0, 0, 0, 0, 0, 306648, 2140
317172, 0, 0, 0, 0, 0, 0, 306648, 2140
317172, 0, 0, 0, 0, 0, 0, 306648, 2140
317172, 0, 0, 0, 0, 0, 0, 306648, 2140
317172, 0, 0, 0, 0, 0, 0, 306648, 2140
317172, 0, 0, 0, 0, 0, 0, 306648, 2140
317172, 0, 0, 0, 0, 0, 0, 306648, 2140
317172, 0, 0, 0, 0, 0, 0, 306648, 2140
317172, 0, 0, 0, 0, 0, 0, 306648, 2140
317172, 0, 0, 0, 0, 0, 0, 306648, 2140
317172, 0, 0, 0, 0, 0, 0, 306648, 2140
317172, 0, 0, 0, 0, 0, 0, 306648, 2140
317172, 0, 0, 0, 0, 0, 0, 306648, 2140
317172, 0, 0, 0, 0, 0, 0, 306648, 2140
317172, 0, 0, 0, 0, 0, 0, 306648, 2140
317172, 0, 0, 0, 0, 0, 0, 306648, 2140
317172, 0, 0, 0, 0, 0, 0, 306648, 2140
317172, 0, 0, 0, 0, 0, 0, 306648, 2140
317172, 0, 0, 0, 0, 0, 0, 306648, 2140
317172, 0, 0, 0, 0, 0, 0, 306648, 2140
317172, 0, 0, 0, 0, 0, 0, 306648, 2140
317172, 0, 0, 0, 0, 0, 0, 306648, 2140
317172, 0, 0, 0, 0, 0, 0, 306648, 2140
317172, 0, 0, 0, 0, 0, 0, 306648, 2140
317172, 0, 0, 0, 0, 0, 0, 306648, 2140
317172, 0, 0, 0, 0, 0, 0, 306648, 2140
317172, 0, 0, 0, 0, 0, 0, 306648, 2140
317172, 0, 0, 0, 0, 0, 0, 306648, 2140
317172, 0, 0, 0, 0, 0, 0, 306648, 2140
317172, 0, 0, 0, 0, 0, 0, 306648, 2140
317172, 0, 0, 0, 0, 0, 0, 306648, 2140
317172, 0, 0, 0, 0, 0, 0, 306648, 2140
317172, 0, 0, 0, 0, 0, 0, 306648, 2140
317172, 0, 0, 0, 0, 0, 0, 306648, 2140
317172, 0, 0, 0, 0, 0, 0, 306648, 2140
317172, 0, 0, 0, 0, 0, 0, 306648, 2140
317172, 0, 0, 0, 0, 0, 0, 306648, 2140
317172, 0, 0, 0, 0, 0, 0, 306648, 2140
317172, 0, 0, 0, 0, 0, 0, 306648, 2140
317172, 0, 0, 0, 0, 0, 0, 306648, 2140
317172, 0, 0, 0, 0, 0, 0, 306648, 2140
317172, 0, 0, 0, 0, 0, 0, 306648, 2140
317172, 0, 0, 0, 0, 0, 0, 306648, 2140
317172, 0, 0, 0, 0, 0, 0, 306648, 2140
317172, 0, 0, 0, 0, 0, 0, 306648, 2140
317172, 0, 0, 0, 0, 0, 0, 306648, 2140
317172, 0, 0, 0, 0, 0, 0, 306648, 2140
317172, 0, 0, 0, 0, 0, 0, 306648, 2140
317172, 0, 0, 0, 0, 0, 0, 306648, 2140
317172, 0, 0, 0, 0, 0, 0, 306648, 2140
317172, 0, 0, 0, 0, 0, 0, 306648, 2140
317172, 0, 0, 0, 0, 0, 0, 306648, 2140
317172, 0, 0, 0, 0, 0, 0, 306648, 2140
317172, 0, 0, 0, 0, 0, 0, 306648, 2140
317172, 0, 0, 0, 0, 0, 0, 306648, 2140
317172, 0, 0, 0, 0, 0, 0, 306648, 2140
317172, 0, 0, 0, 0, 0, 0, 306648, 2140
317172, 0, 0, 0, 0, 0, 0, 306648, 2140
317172, 0, 0, 0, 0, 0, 0, 306648, 2140
317172, 0, 0, 0, 0, 0, 0, 306648, 2140
317172, 0, 0, 0, 0, 0, 0, 306648, 2140
317172, 0, 0, 0, 0, 0, 0, 306648, 2140
317172, 0, 0, 0, 0, 0, 0, 306648, 2140
317172, 0, 0, 0, 0, 0, 0, 306648, 2140
317172, 0, 0, 0, 0, 0, 0, 306648, 2140
317172, 0, 0, 0, 0, 0, 0, 306648, 2140
317172, 0, 0, 0, 0, 0, 0, 306648, 2140
317172, 0, 0, 0, 0, 0, 0, 306648, 2140
317172, 0, 0, 0, 0, 0, 0, 306648, 2140
317172, 0, 0, 0, 0, 0, 0, 306648, 2140
317172, 0, 0, 0, 0, 0, 0, 306648, 2140
317172, 0, 0, 0, 0, 0, 0, 306648, 2140
317172, 0, 0, 0, 0, 0, 0, 306648, 2140
317172, 0, 0, 0, 0, 0, 0, 306648, 2140
317172, 0, 0, 0, 0, 0, 0, 306648, 2140
317172, 0, 0, 0, 0, 0, 0, 306648, 2140
317172, 0, 0, 0, 0, 0, 0, 306648, 2140
317172, 0, 0, 0, 0, 0, 0, 306648, 2140
317172, 0, 0, 0, 0, 0, 0, 306648, 2140
317172, 0, 0, 0, 0, 0, 0, 306648, 2140
317172, 0, 0, 0, 0, 0, 0, 306648, 2140
317172, 0, 0, 0, 0, 0, 0, 306648, 2140
317172, 0, 0, 0, 0, 0, 0, 306648, 2140
317172, 0, 0, 0, 0, 0, 0, 306648, 2140
317172, 0, 0, 0, 0, 0, 0, 306648, 2140
317172, 0, 0, 0, 0, 0, 0, 306648, 2140
317172, 0, 0, 0, 0, 0, 0, 306648, 2140
317172, 0, 0, 0, 0, 0, 0, 306648, 2140
317172, 0, 0, 0, 0, 0, 0, 306648, 2140
317172, 0, 0, 0, 0, 0, 0, 306648, 2140
317172, 0, 0, 0, 0, 0, 0, 306648, 2140
317172, 0, 0, 0, 0, 0, 0, 306648, 2140
317172, 0, 0, 0, 0, 0, 0, 306648, 2140
317172, 0, 0, 0, 0, 0, 0, 306648, 2140
317172, 0, 0, 0, 0, 0, 0, 306648, 2140
317172, 0, 0, 0, 0, 0, 0, 306648, 2140
317172, 0, 0, 0, 0, 0, 0, 306648, 2140
317172, 0, 0, 0, 0, 0, 0, 306648, 2140
317172, 0, 0, 0, 0, 0, 0, 306648, 2140
317172, 0, 0, 0, 0, 0, 0, 306648, 2140
317172, 0, 0, 0, 0, 0, 0, 306648, 2140
317172, 0, 0, 0, 0, 0, 0, 306648, 2140
317172, 0, 0, 0, 0, 0, 0, 306648, 2140
317172, 0, 0, 0, 0, 0, 0, 306648, 2140
317172, 0, 0, 0, 0, 0, 0, 306648, 2140
317172, 0, 0, 0, 0, 0, 0, 306648, 2140
317172, 0, 0, 0, 0, 0, 0, 306648, 2140
317172, 0, 0, 0, 0, 0, 0, 306648, 2140
317172, 0, 0, 0, 0, 0, 0, 306648, 2140
317172, 0, 0, 0, 0, 0, 0, 306648, 2140
317172, 0, 0, 0, 0, 0, 0, 306648, 2140
317172, 0, 0, 0, 0, 0, 0, 306648, 2140
317172, 0, 0, 0, 0, 0, 0, 306648, 2140
317172, 0, 0, 0, 0, 0, 0, 306648, 2140
317172, 0, 0, 0, 0, 0, 0, 306648, 2140
317172, 0, 0, 0, 0, 0, 0, 306648, 2140
317172, 0, 0, 0, 0, 0, 0, 306648, 2140
317172, 0, 0, 0, 0, 0, 0, 306648, 2140
317172, 0, 0, 0, 0, 0, 0, 306648, 2140
317172, 0, 0, 0, 0, 0, 0, 306648, 2140
317172, 0, 0, 0, 0, 0, 0, 306648, 2140
317172, 0, 0, 0, 0, 0, 0, 306648, 2140
317172, 0, 0, 0, 0, 0, 0, 306648, 2140
317172, 0, 0, 0, 0, 0, 0, 306648, 2140
317172, 0, 0, 0, 0, 0, 0, 306648, 2140
317172, 0, 0, 0, 0, 0, 0, 306648, 2140
317172, 0, 0, 0, 0, 0, 0, 306648, 2140
317172, 0, 0, 0, 0, 0, 0, 306648, 2140
317172, 0, 0, 0, 0, 0, 0, 306648, 2140
317172, 0, 0, 0, 0, 0, 0, 306648, 2140
317172, 0, 0, 0, 0, 0, 0, 306648, 2140
317172, 0, 0, 0, 0, 0, 0, 306648, 2140
317172, 0, 0, 0, 0, 0, 0, 306648, 2140
317172, 0, 0, 0, 0, 0, 0, 306648, 2140
317172, 0, 0, 0, 0, 0, 0, 306648, 2140
317172, 0, 0, 0, 0, 0, 0, 306648, 2140
317172, 0, 0, 0, 0, 0, 0, 306648, 2140
317172, 0, 0, 0, 0, 0, 0, 306648, 2140
317172, 0, 0, 0, 0, 0, 0, 306648, 2140
317172, 0, 0, 0, 0, 0, 0, 306648, 2140
317172, 0, 0, 0, 0, 0, 0, 306648, 2140
317172, 0, 0, 0, 0, 0, 0, 306648, 2140
317172, 0, 0, 0, 0, 0, 0, 306648, 2140
317172, 0, 0, 0, 0, 0, 0, 306648, 2140
317172, 0, 0, 0, 0, 0, 0, 306648, 2140
317172, 0, 0, 0, 0, 0, 0, 306648, 2140
317172, 0, 0, 0, 0, 0, 0, 306648, 2140
317172, 0, 0, 0, 0, 0, 0, 306648, 2140
317172, 0, 0, 0, 0, 0, 0, 306648, 2140
317172, 0, 0, 0, 0, 0, 0, 306648, 2140
317172, 0, 0, 0, 0, 0, 0, 306648, 2140
317172, 0, 0, 0, 0, 0, 0, 306648, 2140
317172, 0, 0, 0, 0, 0, 0, 306648, 2140
317172, 0, 0, 0, 0, 0, 0, 306648, 2140
317172, 0, 0, 0, 0, 0, 0, 306648, 2140
317172, 0, 0, 0, 0, 0, 0, 306648, 2140
317172, 0, 0, 0, 0, 0, 0, 306648, 2140
317172, 0, 0, 0, 0, 0, 0, 306648, 2140
317172, 0, 0, 0, 0, 0, 0, 306648, 2140
317172, 0, 0, 0, 0, 0, 0, 306648, 2140
317172, 0, 0, 0, 0, 0, 0, 306648, 2140
317172, 0, 0, 0, 0, 0, 0, 306648, 2140
317172, 0, 0, 0, 0, 0, 0, 306648, 2140
317172, 0, 0, 0, 0, 0, 0, 306648, 2140
317172, 0, 0, 0, 0, 0, 0, 306648, 2140
317172, 0, 0, 0, 0, 0, 0, 306648, 2140
317172, 0, 0, 0, 0, 0, 0, 306648, 2140
317172, 0, 0, 0, 0, 0, 0, 306648, 2140
317172, 0, 0, 0, 0, 0, 0, 306648, 2140
317172, 0, 0, 0, 0, 0, 0, 306648, 2140
317172, 0, 0, 0, 0, 0, 0, 306648, 2140
317172, 0, 0, 0, 0, 0, 0, 306648, 2140
317172, 0, 0, 0, 0, 0, 0, 306648, 2140
317172, 0, 0, 0, 0, 0, 0, 306648, 2140
317172, 0, 0, 0, 0, 0, 0, 306648, 2140
317172, 0, 0, 0, 0, 0, 0, 306648, 2140
317172, 0, 0, 0, 0, 0, 0, 306648, 2140
317172, 0, 0, 0, 0, 0, 0, 306648, 2140
317172, 0, 0, 0, 0, 0, 0, 306648, 2140
317172, 0, 0, 0, 0, 0, 0, 306648, 2140
317172, 0, 0, 0, 0, 0, 0, 306648, 2140
317172, 0, 0, 0, 0, 0, 0, 306648, 2140
317172, 0, 0, 0, 0, 0, 0, 306648, 2140
317172, 0, 0, 0, 0, 0, 0, 306648, 2140
317172, 0, 0, 0, 0, 0, 0, 306648, 2140
317172, 0, 0, 0, 0, 0, 0, 306648, 2140
317172, 0, 0, 0, 0, 0, 0, 306648, 2140
317172, 0, 0, 0, 0, 0, 0, 306648, 2140
317172, 0, 0, 0, 0, 0, 0, 306648, 2140
317172, 0, 0, 0, 0, 0, 0, 306648, 2140
317172, 0, 0, 0, 0, 0, 0, 306648, 2140
317172, 0, 0, 0, 0, 0, 0, 306648, 2140
317172, 0, 0, 0, 0, 0, 0, 306648, 2140
317172, 0, 0, 0, 0, 0, 0, 306648, 2140
317172, 0, 0, 0, 0, 0, 0, 306648, 2140
317172, 0, 0, 0, 0, 0, 0, 306648, 2140
317172, 0, 0, 0, 0, 0, 0, 306648, 2140
317172, 0, 0, 0, 0, 0, 0, 306648, 2140
317172, 0, 0, 0, 0, 0, 0, 306648, 2140
317172, 0, 0, 0, 0, 0, 0, 306648, 2140
317172, 0, 0, 0, 0, 0, 0, 306648, 2140
317172, 0, 0, 0, 0, 0, 0, 306648, 2140
317172, 0, 0, 0, 0, 0, 0, 306648, 2140
317172, 0, 0, 0, 0, 0, 0, 306648, 2140
317172, 0, 0, 0, 0, 0, 0, 306648, 2140
317172, 0, 0, 0, 0, 0, 0, 306648, 2140
317172, 0, 0, 0, 0, 0, 0, 306648, 2140
317172, 0, 0, 0, 0, 0, 0, 306648, 2140
317172, 0, 0, 0, 0, 0, 0, 306648, 2140
317172, 0, 0, 0, 0, 0, 0, 306648, 2140
317172, 0, 0, 0, 0, 0, 0, 306648, 2140
317172, 0, 0, 0, 0, 0, 0, 306648, 2140
317172, 0, 0, 0, 0, 0, 0, 306648, 2140
317172, 0, 0, 0, 0, 0, 0, 306648, 2140
317172, 0, 0, 0, 0, 0, 0, 306648, 2140
317172, 0, 0, 0, 0, 0, 0, 306648, 2140
317172, 0, 0, 0, 0, 0, 0, 306648, 2140
317172, 0, 0, 0, 0, 0, 0, 306648, 2140
317172, 0, 0, 0, 0, 0, 0, 306648, 2140
317172, 0, 0, 0, 0, 0, 0, 306648, 2140
317172, 0, 0, 0, 0, 0, 0, 306648, 2140
317172, 0, 0, 0, 0, 0, 0, 306648, 2140
317172, 0, 0, 0, 0, 0, 0, 306648, 2140
317172, 0, 0, 0, 0, 0, 0, 306648, 2140
317172, 0, 0, 0, 0, 0, 0, 306648, 2140
317172, 0, 0, 0, 0, 0, 0, 306648, 2140
317172, 0, 0, 0, 0, 0, 0, 306648, 2140
317172, 0, 0, 0, 0, 0, 0, 306648, 2140
317172, 0, 0, 0, 0, 0, 0, 306648, 2140
317172, 0, 0, 0, 0, 0, 0, 306648, 2140
317172, 0, 0, 0, 0, 0, 0, 306648, 2140
317172, 0, 0, 0, 0, 0, 0, 306648, 2140
317172, 0, 0, 0, 0, 0, 0, 306648, 2140
317172, 0, 0, 0, 0, 0, 0, 306648, 2140
317172, 0, 0, 0, 0, 0, 0, 306648, 2140
317172, 0, 0, 0, 0, 0, 0, 306648, 2140
317172, 0, 0, 0, 0, 0, 0, 306648, 2140
317172, 0, 0, 0, 0, 0, 0, 306648, 2140
317172, 0, 0, 0, 0, 0, 0, 306648, 2140
317172, 0, 0, 0, 0, 0, 0, 306648, 2140
317172, 0, 0, 0, 0, 0, 0, 306648, 2140
317172, 0, 0, 0, 0, 0, 0, 306648, 2140
317172, 0, 0, 0, 0, 0, 0, 306648, 2140
317172, 0, 0, 0, 0, 0, 0, 306648, 2140
317172, 0, 0, 0, 0, 0, 0, 306648, 2140
317172, 0, 0, 0, 0, 0, 0, 306648, 2140
317172, 0, 0, 0, 0, 0, 0, 306648, 2140
317172, 0, 0, 0, 0, 0, 0, 306648, 2140
317172, 0, 0, 0, 0, 0, 0, 306648, 2140
317172, 0, 0, 0, 0, 0, 0, 306648, 2140
317172, 0, 0, 0, 0, 0, 0, 306648, 2140
317172, 0, 0, 0, 0, 0, 0, 306648, 2140
317172, 0, 0, 0, 0, 0, 0, 306648, 2140
317172, 0, 0, 0, 0, 0, 0, 306648, 2140
317172, 0, 0, 0, 0, 0, 0, 306648, 2140
317172, 0, 0, 0, 0, 0, 0, 306648, 2140
317172, 0, 0, 0, 0, 0, 0, 306648, 2140
317172, 0, 0, 0, 0, 0, 0, 306648, 2140
317172, 0, 0, 0, 0, 0, 0, 306648, 2140
317172, 0, 0, 0, 0, 0, 0, 306648, 2140
317172, 0, 0, 0, 0, 0, 0, 306648, 2140
317172, 0, 0, 0, 0, 0, 0, 306648, 2140
317172, 0, 0, 0, 0, 0, 0, 306648, 2140
317172, 0, 0, 0, 0, 0, 0, 306648, 2140
317172, 0, 0, 0, 0, 0, 0, 306648, 2140
317172, 0, 0, 0, 0, 0, 0, 306648, 2140
317172, 0, 0, 0, 0, 0, 0, 306648, 2140
317172, 0, 0, 0, 0, 0, 0, 306648, 2140
317172, 0, 0, 0, 0, 0, 0, 306648, 2140
317172, 0, 0, 0, 0, 0, 0, 306648, 2140
317172, 0, 0, 0, 0, 0, 0, 306648, 2140
317172, 0, 0, 0, 0, 0, 0, 306648, 2140
317172, 0, 0, 0, 0, 0, 0, 306648, 2140
317172, 0, 0, 0, 0, 0, 0, 306648, 2140
317172, 0, 0, 0, 0, 0, 0, 306648, 2140
317172, 0, 0, 0, 0, 0, 0, 306648, 2140
317172, 0, 0, 0, 0, 0, 0, 306648, 2140
317172, 0, 0, 0, 0, 0, 0, 306648, 2140
317172, 0, 0, 0, 0, 0, 0, 306648, 2140
317172, 0, 0, 0, 0, 0, 0, 306648, 2140
317172, 0, 0, 0, 0, 0, 0, 306648, 2140
317172, 0, 0, 0, 0, 0, 0, 306648, 2140
317172, 0, 0, 0, 0, 0, 0, 306648, 2140
317172, 0, 0, 0, 0, 0, 0, 306648, 2140
317172, 0, 0, 0, 0, 0, 0, 306648, 2140
317172, 0, 0, 0, 0, 0, 0, 306648, 2140
317172, 0, 0, 0, 0, 0, 0, 306648, 2140
317172, 0, 0, 0, 0, 0, 0, 306648, 2140
317172, 0, 0, 0, 0, 0, 0, 306648, 2140
317172, 0, 0, 0, 0, 0, 0, 306648, 2140
317172, 0, 0, 0, 0, 0, 0, 306648, 2140
317172, 0, 0, 0, 0, 0, 0, 306648, 2140
317172, 0, 0, 0, 0, 0, 0, 306648, 2140
317172, 0, 0, 0, 0, 0, 0, 306648, 2140
317172, 0, 0, 0, 0, 0, 0, 306648, 2140
317172, 0, 0, 0, 0, 0, 0, 306648, 2140
317172, 0, 0, 0, 0, 0, 0, 306648, 2140
317172, 0, 0, 0, 0, 0, 0, 306648, 2140
317172, 0, 0, 0, 0, 0, 0, 306648, 2140
317172, 0, 0, 0, 0, 0, 0, 306648, 2140
317172, 0, 0, 0, 0, 0, 0, 306648, 2140
317172, 0, 0, 0, 0, 0, 0, 306648, 2140
317172, 0, 0, 0, 0, 0, 0, 306648, 2140
317172, 0, 0, 0, 0, 0, 0, 306648, 2140
317172, 0, 0, 0, 0, 0, 0, 306648, 2140
317172, 0, 0, 0, 0, 0, 0, 306648, 2140
317172, 0, 0, 0, 0, 0, 0, 306648, 2140
317172, 0, 0, 0, 0, 0, 0, 306648, 2140
317172, 0, 0, 0, 0, 0, 0, 306648, 2140
317172, 0, 0, 0, 0, 0, 0, 306648, 2140
317172, 0, 0, 0, 0, 0, 0, 306648, 2140
317172, 0, 0, 0, 0, 0, 0, 306648, 2140
317172, 0, 0, 0, 0, 0, 0, 306648, 2140
317172, 0, 0, 0, 0, 0, 0, 306648, 2140
317172, 0, 0, 0, 0, 0, 0, 306648, 2140
317172, 0, 0, 0, 0, 0, 0, 306648, 2140
317172, 0, 0, 0, 0, 0, 0, 306648, 2140
317172, 0, 0, 0, 0, 0, 0, 306648, 2140
317172, 0, 0, 0, 0, 0, 0, 306648, 2140
317172, 0, 0, 0, 0, 0, 0, 306648, 2140
317172, 0, 0, 0, 0, 0, 0, 306648, 2140
317172, 0, 0, 0, 0, 0, 0, 306648, 2140
317172, 0, 0, 0, 0, 0, 0, 306648, 2140
317172, 0, 0, 0, 0, 0, 0, 306648, 2140
317172, 0, 0, 0, 0, 0, 0, 306648, 2140
317172, 0, 0, 0, 0, 0, 0, 306648, 2140
317172, 0, 0, 0, 0, 0, 0, 306648, 2140
317172, 0, 0, 0, 0, 0, 0, 306648, 2140
317172, 0, 0, 0, 0, 0, 0, 306648, 2140
317172, 0, 0, 0, 0, 0, 0, 306648, 2140
317172, 0, 0, 0, 0, 0, 0, 306648, 2140
317172, 0, 0, 0, 0, 0, 0, 306648, 2140
317172, 0, 0, 0, 0, 0, 0, 306648, 2140
317172, 0, 0, 0, 0, 0, 0, 306648, 2140
317172, 0, 0, 0, 0, 0, 0, 306648, 2140
317172, 0, 0, 0, 0, 0, 0, 306648, 2140
317172, 0, 0, 0, 0, 0, 0, 306648, 2140
317172, 0, 0, 0, 0, 0, 0, 306648, 2140
317172, 0, 0, 0, 0, 0, 0, 306648, 2140
317172, 0, 0, 0, 0, 0, 0, 306648, 2140
317172, 0, 0, 0, 0, 0, 0, 306648, 2140
317172, 0, 0, 0, 0, 0, 0, 306648, 2140
317172, 0, 0, 0, 0, 0, 0, 306648, 2140
317172, 0, 0, 0, 0, 0, 0, 306648, 2140
317172, 0, 0, 0, 0, 0, 0, 306648, 2140
317172, 0, 0, 0, 0, 0, 0, 306648, 2140
317172, 0, 0, 0, 0, 0, 0, 306648, 2140
317172, 0, 0, 0, 0, 0, 0, 306648, 2140
317172, 0, 0, 0, 0, 0, 0, 306648, 2140
317172, 0, 0, 0, 0, 0, 0, 306648, 2140
317172, 0, 0, 0, 0, 0, 0, 306648, 2140
317172, 0, 0, 0, 0, 0, 0, 306648, 2140
317172, 0, 0, 0, 0, 0, 0, 306648, 2140
317172, 0, 0, 0, 0, 0, 0, 306648, 2140
317172, 0, 0, 0, 0, 0, 0, 306648, 2140
317172, 0, 0, 0, 0, 0, 0, 306648, 2140
317172, 0, 0, 0, 0, 0, 0, 306648, 2140
317172, 0, 0, 0, 0, 0, 0, 306648, 2140
317172, 0, 0, 0, 0, 0, 0, 306648, 2140
317172, 0, 0, 0, 0, 0, 0, 306648, 2140
317172, 0, 0, 0, 0, 0, 0, 306648, 2140
317172, 0, 0, 0, 0, 0, 0, 306648, 2140
317172, 0, 0, 0, 0, 0, 0, 306648, 2140
317172, 0, 0, 0, 0, 0, 0, 306648, 2140
317172, 0, 0, 0, 0, 0, 0, 306648, 2140
317172, 0, 0, 0, 0, 0, 0, 306648, 2140
317172, 0, 0, 0, 0, 0, 0, 306648, 2140
317172, 0, 0, 0, 0, 0, 0, 306648, 2140
317172, 0, 0, 0, 0, 0, 0, 306648, 2140
317172, 0, 0, 0, 0, 0, 0, 306648, 2140
317172, 0, 0, 0, 0, 0, 0, 306648, 2140
317172, 0, 0, 0, 0, 0, 0, 306648, 2140
317172, 0, 0, 0, 0, 0, 0, 306648, 2140
317172, 0, 0, 0, 0, 0, 0, 306648, 2140
317172, 0, 0, 0, 0, 0, 0, 306648, 2140
317172, 0, 0, 0, 0, 0, 0, 306648, 2140
317172, 0, 0, 0, 0, 0, 0, 306648, 2140
317172, 0, 0, 0, 0, 0, 0, 306648, 2140
317172, 0, 0, 0, 0, 0, 0, 306648, 2140
317172, 0, 0, 0, 0, 0, 0, 306648, 2140
317172, 0, 0, 0, 0, 0, 0, 306648, 2140
317172, 0, 0, 0, 0, 0, 0, 306648, 2140
317172, 0, 0, 0, 0, 0, 0, 306648, 2140
317172, 0, 0, 0, 0, 0, 0, 306648, 2140
317172, 0, 0, 0, 0, 0, 0, 306648, 2140
317172, 0, 0, 0, 0, 0, 0, 306648, 2140
317172, 0, 0, 0, 0, 0, 0, 306648, 2140
317172, 0, 0, 0, 0, 0, 0, 306648, 2140
317172, 0, 0, 0, 0, 0, 0, 306648, 2140
317172, 0, 0, 0, 0, 0, 0, 306648, 2140
317172, 0, 0, 0, 0, 0, 0, 306648, 2140
317172, 0, 0, 0, 0, 0, 0, 306648, 2140
317172, 0, 0, 0, 0, 0, 0, 306648, 2140
317172, 0, 0, 0, 0, 0, 0, 306648, 2140
317172, 0, 0, 0, 0, 0, 0, 306648, 2140
317172, 0, 0, 0, 0, 0, 0, 306648, 2140
317172, 0, 0, 0, 0, 0, 0, 306648, 2140
317172, 0, 0, 0, 0, 0, 0, 306648, 2140
317172, 0, 0, 0, 0, 0, 0, 306648, 2140
317172, 0, 0, 0, 0, 0, 0, 306648, 2140
317172, 0, 0, 0, 0, 0, 0, 306648, 2140
317172, 0, 0, 0, 0, 0, 0, 306648, 2140
317172, 0, 0, 0, 0, 0, 0, 306648, 2140
317172, 0, 0, 0, 0, 0, 0, 306648, 2140
317172, 0, 0, 0, 0, 0, 0, 306648, 2140
317172, 0, 0, 0, 0, 0, 0, 306648, 2140
317172, 0, 0, 0, 0, 0, 0, 306648, 2140
317172, 0, 0, 0, 0, 0, 0, 306648, 2140
317172, 0, 0, 0, 0, 0, 0, 306648, 2140
317172, 0, 0, 0, 0, 0, 0, 306648, 2140
317172, 0, 0, 0, 0, 0, 0, 306648, 2140
317172, 0, 0, 0, 0, 0, 0, 306648, 2140
317172, 0, 0, 0, 0, 0, 0, 306648, 2140
317172, 0, 0, 0, 0, 0, 0, 306648, 2140
317172, 0, 0, 0, 0, 0, 0, 306648, 2140
317172, 0, 0, 0, 0, 0, 0, 306648, 2140
317172, 0, 0, 0, 0, 0, 0, 306648, 2140
317172, 0, 0, 0, 0, 0, 0, 306648, 2140
317172, 0, 0, 0, 0, 0, 0, 306648, 2140
317172, 0, 0, 0, 0, 0, 0, 306648, 2140
317172, 0, 0, 0, 0, 0, 0, 306648, 2140
317172, 0, 0, 0, 0, 0, 0, 306648, 2140
317172, 0, 0, 0, 0, 0, 0, 306648, 2140
317172, 0, 0, 0, 0, 0, 0, 306648, 2140
317172, 0, 0, 0, 0, 0, 0, 306648, 2140
317172, 0, 0, 0, 0, 0, 0, 306648, 2140
317172, 0, 0, 0, 0, 0, 0, 306648, 2140
317172, 0, 0, 0, 0, 0, 0, 306648, 2140
317172, 0, 0, 0, 0, 0, 0, 306648, 2140
317172, 0, 0, 0, 0, 0, 0, 306648, 2140
317172, 0, 0, 0, 0, 0, 0, 306648, 2140
317172, 0, 0, 0, 0, 0, 0, 306648, 2140
317172, 0, 0, 0, 0, 0, 0, 306648, 2140
317172, 0, 0, 0, 0, 0, 0, 306648, 2140
317172, 0, 0, 0, 0, 0, 0, 306648, 2140
317172, 0, 0, 0, 0, 0, 0, 306648, 2140
317172, 0, 0, 0, 0, 0, 0, 306648, 2140
317172, 0, 0, 0, 0, 0, 0, 306648, 2140
317172, 0, 0, 0, 0, 0, 0, 306648, 2140
317172, 0, 0, 0, 0, 0, 0, 306648, 2140
317172, 0, 0, 0, 0, 0, 0, 306648, 2140
317172, 0, 0, 0, 0, 0, 0, 306648, 2140
317172, 0, 0, 0, 0, 0, 0, 306648, 2140
317172, 0, 0, 0, 0, 0, 0, 306648, 2140
317172, 0, 0, 0, 0, 0, 0, 306648, 2140
317172, 0, 0, 0, 0, 0, 0, 306648, 2140
317172, 0, 0, 0, 0, 0, 0, 306648, 2140
317172, 0, 0, 0, 0, 0, 0, 306648, 2140
317172, 0, 0, 0, 0, 0, 0, 306648, 2140
317172, 0, 0, 0, 0, 0, 0, 306648, 2140
317172, 0, 0, 0, 0, 0, 0, 306648, 2140
317172, 0, 0, 0, 0, 0, 0, 306648, 2140
317172, 0, 0, 0, 0, 0, 0, 306648, 2140
317172, 0, 0, 0, 0, 0, 0, 306648, 2140
317172, 0, 0, 0, 0, 0, 0, 306648, 2140
317172, 0, 0, 0, 0, 0, 0, 306648, 2140
317172, 0, 0, 0, 0, 0, 0, 306648, 2140
317172, 0, 0, 0, 0, 0, 0, 306648, 2140
317172, 0, 0, 0, 0, 0, 0, 306648, 2140
317172, 0, 0, 0, 0, 0, 0, 306648, 2140
317172, 0, 0, 0, 0, 0, 0, 306648, 2140
317172, 0, 0, 0, 0, 0, 0, 306648, 2140
317172, 0, 0, 0, 0, 0, 0, 306648, 2140
317172, 0, 0, 0, 0, 0, 0, 306648, 2140
317172, 0, 0, 0, 0, 0, 0, 306648, 2140
317172, 0, 0, 0, 0, 0, 0, 306648, 2140
317172, 0, 0, 0, 0, 0, 0, 306648, 2140
317172, 0, 0, 0, 0, 0, 0, 306648, 2140
317172, 0, 0, 0, 0, 0, 0, 306648, 2140
317172, 0, 0, 0, 0, 0, 0, 306648, 2140
317172, 0, 0, 0, 0, 0, 0, 306648, 2140
317172, 0, 0, 0, 0, 0, 0, 306648, 2140
317172, 0, 0, 0, 0, 0, 0, 306648, 2140
317172, 0, 0, 0, 0, 0, 0, 306648, 2140
317172, 0, 0, 0, 0, 0, 0, 306648, 2140
317172, 0, 0, 0, 0, 0, 0, 306648, 2140
317172, 0, 0, 0, 0, 0, 0, 306648, 2140
317172, 0, 0, 0, 0, 0, 0, 306648, 2140
317172, 0, 0, 0, 0, 0, 0, 306648, 2140
317172, 0, 0, 0, 0, 0, 0, 306648, 2140
317172, 0, 0, 0, 0, 0, 0, 306648, 2140
317172, 0, 0, 0, 0, 0, 0, 306648, 2140
317172, 0, 0, 0, 0, 0, 0, 306648, 2140
317172, 0, 0, 0, 0, 0, 0, 306648, 2140
317172, 0, 0, 0, 0, 0, 0, 306648, 2140
317172, 0, 0, 0, 0, 0, 0, 306648, 2140
317172, 0, 0, 0, 0, 0, 0, 306648, 2140
317172, 0, 0, 0, 0, 0, 0, 306648, 2140
317172, 0, 0, 0, 0, 0, 0, 306648, 2140
317172, 0, 0, 0, 0, 0, 0, 306648, 2140
317172, 0, 0, 0, 0, 0, 0, 306648, 2140
317172, 0, 0, 0, 0, 0, 0, 306648, 2140
317172, 0, 0, 0, 0, 0, 0, 306648, 2140
317172, 0, 0, 0, 0, 0, 0, 306648, 2140
317172, 0, 0, 0, 0, 0, 0, 306648, 2140
317172, 0, 0, 0, 0, 0, 0, 306648, 2140
317172, 0, 0, 0, 0, 0, 0, 306648, 2140
317172, 0, 0, 0, 0, 0, 0, 306648, 2140
317172, 0, 0, 0, 0, 0, 0, 306648, 2140
317172, 0, 0, 0, 0, 0, 0, 306648, 2140
317172, 0, 0, 0, 0, 0, 0, 306648, 2140
317172, 0, 0, 0, 0, 0, 0, 306648, 2140
317172, 0, 0, 0, 0, 0, 0, 306648, 2140
317172, 0, 0, 0, 0, 0, 0, 306648, 2140
317172, 0, 0, 0, 0, 0, 0, 306648, 2140
317172, 0, 0, 0, 0, 0, 0, 306648, 2140
317172, 0, 0, 0, 0, 0, 0, 306648, 2140
317172, 0, 0, 0, 0, 0, 0, 306648, 2140
317172, 0, 0, 0, 0, 0, 0, 306648, 2140
317172, 0, 0, 0, 0, 0, 0, 306648, 2140
317172, 0, 0, 0, 0, 0, 0, 306648, 2140
317172, 0, 0, 0, 0, 0, 0, 306648, 2140
317172, 0, 0, 0, 0, 0, 0, 306648, 2140
317172, 0, 0, 0, 0, 0, 0, 306648, 2140
317172, 0, 0, 0, 0, 0, 0, 306648, 2140
317172, 0, 0, 0, 0, 0, 0, 306648, 2140
317172, 0, 0, 0, 0, 0, 0, 306648, 2140
317172, 0, 0, 0, 0, 0, 0, 306648, 2140
317172, 0, 0, 0, 0, 0, 0, 306648, 2140
317172, 0, 0, 0, 0, 0, 0, 306648, 2140
317172, 0, 0, 0, 0, 0, 0, 306648, 2140
317172, 0, 0, 0, 0, 0, 0, 306648, 2140
317172, 0, 0, 0, 0, 0, 0, 306648, 2140
317172, 0, 0, 0, 0, 0, 0, 306648, 2140
317172, 0, 0, 0, 0, 0, 0, 306648, 2140
317172, 0, 0, 0, 0, 0, 0, 306648, 2140
317172, 0, 0, 0, 0, 0, 0, 306648, 2140
317172, 0, 0, 0, 0, 0, 0, 306648, 2140
317172, 0, 0, 0, 0, 0, 0, 306648, 2140
317172, 0, 0, 0, 0, 0, 0, 306648, 2140
317172, 0, 0, 0, 0, 0, 0, 306648, 2140
317172, 0, 0, 0, 0, 0, 0, 306648, 2140
317172, 0, 0, 0, 0, 0, 0, 306648, 2140
317172, 0, 0, 0, 0, 0, 0, 306648, 2140
317172, 0, 0, 0, 0, 0, 0, 306648, 2140
317172, 0, 0, 0, 0, 0, 0, 306648, 2140
317172, 0, 0, 0, 0, 0, 0, 306648, 2140
317172, 0, 0, 0, 0, 0, 0, 306648, 2140
317172, 0, 0, 0, 0, 0, 0, 306648, 2140
317172, 0, 0, 0, 0, 0, 0, 306648, 2140
317172, 0, 0, 0, 0, 0, 0, 306648, 2140
317172, 0, 0, 0, 0, 0, 0, 306648, 2140
317172, 0, 0, 0, 0, 0, 0, 306648, 2140
317172, 0, 0, 0, 0, 0, 0, 306648, 2140
317172, 0, 0, 0, 0, 0, 0, 306648, 2140
317172, 0, 0, 0, 0, 0, 0, 306648, 2140
317172, 0, 0, 0, 0, 0, 0, 306648, 2140
317172, 0, 0, 0, 0, 0, 0, 306648, 2140
317172, 0, 0, 0, 0, 0, 0, 306648, 2140
317172, 0, 0, 0, 0, 0, 0, 306648, 2140
317172, 0, 0, 0, 0, 0, 0, 306648, 2140
317172, 0, 0, 0, 0, 0, 0, 306648, 2140
317172, 0, 0, 0, 0, 0, 0, 306648, 2140
317172, 0, 0, 0, 0, 0, 0, 306648, 2140
317172, 0, 0, 0, 0, 0, 0, 306648, 2140
317172, 0, 0, 0, 0, 0, 0, 306648, 2140
317172, 0, 0, 0, 0, 0, 0, 306648, 2140
317172, 0, 0, 0, 0, 0, 0, 306648, 2140
317172, 0, 0, 0, 0, 0, 0, 306648, 2140
317172, 0, 0, 0, 0, 0, 0, 306648, 2140
317172, 0, 0, 0, 0, 0, 0, 306648, 2140
317172, 0, 0, 0, 0, 0, 0, 306648, 2140
317172, 0, 0, 0, 0, 0, 0, 306648, 2140
317172, 0, 0, 0, 0, 0, 0, 306648, 2140
317172, 0, 0, 0, 0, 0, 0, 306648, 2140
317172, 0, 0, 0, 0, 0, 0, 306648, 2140
317172, 0, 0, 0, 0, 0, 0, 306648, 2140
317172, 0, 0, 0, 0, 0, 0, 306648, 2140
317172, 0, 0, 0, 0, 0, 0, 306648, 2140
317172, 0, 0, 0, 0, 0, 0, 306648, 2140
317172, 0, 0, 0, 0, 0, 0, 306648, 2140
317172, 0, 0, 0, 0, 0, 0, 306648, 2140
317172, 0, 0, 0, 0, 0, 0, 306648, 2140
317172, 0, 0, 0, 0, 0, 0, 306648, 2140
317172, 0, 0, 0, 0, 0, 0, 306648, 2140
317172, 0, 0, 0, 0, 0, 0, 306648, 2140
317172, 0, 0, 0, 0, 0, 0, 306648, 2140
317172, 0, 0, 0, 0, 0, 0, 306648, 2140
317172, 0, 0, 0, 0, 0, 0, 306648, 2140
317172, 0, 0, 0, 0, 0, 0, 306648, 2140
317172, 0, 0, 0, 0, 0, 0, 306648, 2140
317172, 0, 0, 0, 0, 0, 0, 306648, 2140
317172, 0, 0, 0, 0, 0, 0, 306648, 2140
317172, 0, 0, 0, 0, 0, 0, 306648, 2140
317172, 0, 0, 0, 0, 0, 0, 306648, 2140
317172, 0, 0, 0, 0, 0, 0, 306648, 2140
317172, 0, 0, 0, 0, 0, 0, 306648, 2140
317172, 0, 0, 0, 0, 0, 0, 306648, 2140
317172, 0, 0, 0, 0, 0, 0, 306648, 2140
317172, 0, 0, 0, 0, 0, 0, 306648, 2140
317172, 0, 0, 0, 0, 0, 0, 306648, 2140
317172, 0, 0, 0, 0, 0, 0, 306648, 2140
317172, 0, 0, 0, 0, 0, 0, 306648, 2140
317172, 0, 0, 0, 0, 0, 0, 306648, 2140
317172, 0, 0, 0, 0, 0, 0, 306648, 2140
317172, 0, 0, 0, 0, 0, 0, 306648, 2140
317172, 0, 0, 0, 0, 0, 0, 306648, 2140
317172, 0, 0, 0, 0, 0, 0, 306648, 2140
317172, 0, 0, 0, 0, 0, 0, 306648, 2140
317172, 0, 0, 0, 0, 0, 0, 306648, 2140
317172, 0, 0, 0, 0, 0, 0, 306648, 2140
317172, 0, 0, 0, 0, 0, 0, 306648, 2140
317172, 0, 0, 0, 0, 0, 0, 306648, 2140
317172, 0, 0, 0, 0, 0, 0, 306648, 2140
317172, 0, 0, 0, 0, 0, 0, 306648, 2140
317172, 0, 0, 0, 0, 0, 0, 306648, 2140
317172, 0, 0, 0, 0, 0, 0, 306648, 2140
317172, 0, 0, 0, 0, 0, 0, 306648, 2140
317172, 0, 0, 0, 0, 0, 0, 306648, 2140
317172, 0, 0, 0, 0, 0, 0, 306648, 2140
317172, 0, 0, 0, 0, 0, 0, 306648, 2140
317172, 0, 0, 0, 0, 0, 0, 306648, 2140
317172, 0, 0, 0, 0, 0, 0, 306648, 2140
317172, 0, 0, 0, 0, 0, 0, 306648, 2140
317172, 0, 0, 0, 0, 0, 0, 306648, 2140
317172, 0, 0, 0, 0, 0, 0, 306648, 2140
317172, 0, 0, 0, 0, 0, 0, 306648, 2140
317172, 0, 0, 0, 0, 0, 0, 306648, 2140
317172, 0, 0, 0, 0, 0, 0, 306648, 2140
317172, 0, 0, 0, 0, 0, 0, 306648, 2140
317172, 0, 0, 0, 0, 0, 0, 306648, 2140
317172, 0, 0, 0, 0, 0, 0, 306648, 2140
317172, 0, 0, 0, 0, 0, 0, 306648, 2140
317172, 0, 0, 0, 0, 0, 0, 306648, 2140
317172, 0, 0, 0, 0, 0, 0, 306648, 2140
317172, 0, 0, 0, 0, 0, 0, 306648, 2140
317172, 0, 0, 0, 0, 0, 0, 306648, 2140
317172, 0, 0, 0, 0, 0, 0, 306648, 2140
317172, 0, 0, 0, 0, 0, 0, 306648, 2140
317172, 0, 0, 0, 0, 0, 0, 306648, 2140
317172, 0, 0, 0, 0, 0, 0, 306648, 2140
317172, 0, 0, 0, 0, 0, 0, 306648, 2140
317172, 0, 0, 0, 0, 0, 0, 306648, 2140
317172, 0, 0, 0, 0, 0, 0, 306648, 2140
317172, 0, 0, 0, 0, 0, 0, 306648, 2140
317172, 0, 0, 0, 0, 0, 0, 306648, 2140
317172, 0, 0, 0, 0, 0, 0, 306648, 2140
317172, 0, 0, 0, 0, 0, 0, 306648, 2140
317172, 0, 0, 0, 0, 0, 0, 306648, 2140
317172, 0, 0, 0, 0, 0, 0, 306648, 2140
317172, 0, 0, 0, 0, 0, 0, 306648, 2140
317172, 0, 0, 0, 0, 0, 0, 306648, 2140
317172, 0, 0, 0, 0, 0, 0, 306648, 2140
317172, 0, 0, 0, 0, 0, 0, 306648, 2140
317172, 0, 0, 0, 0, 0, 0, 306648, 2140
317172, 0, 0, 0, 0, 0, 0, 306648, 2140
317172, 0, 0, 0, 0, 0, 0, 306648, 2140
317172, 0, 0, 0, 0, 0, 0, 306648, 2140
317172, 0, 0, 0, 0, 0, 0, 306648, 2140
317172, 0, 0, 0, 0, 0, 0, 306648, 2140
317172, 0, 0, 0, 0, 0, 0, 306648, 2140
317172, 0, 0, 0, 0, 0, 0, 306648, 2140
317172, 0, 0, 0, 0, 0, 0, 306648, 2140
317172, 0, 0, 0, 0, 0, 0, 306648, 2140
317172, 0, 0, 0, 0, 0, 0, 306648, 2140
317172, 0, 0, 0, 0, 0, 0, 306648, 2140
317172, 0, 0, 0, 0, 0, 0, 306648, 2140
317172, 0, 0, 0, 0, 0, 0, 306648, 2140
317172, 0, 0, 0, 0, 0, 0, 306648, 2140
317172, 0, 0, 0, 0, 0, 0, 306648, 2140
317172, 0, 0, 0, 0, 0, 0, 306648, 2140
317172, 0, 0, 0, 0, 0, 0, 306648, 2140
317172, 0, 0, 0, 0, 0, 0, 306648, 2140
317172, 0, 0, 0, 0, 0, 0, 306648, 2140
317172, 0, 0, 0, 0, 0, 0, 306648, 2140
317172, 0, 0, 0, 0, 0, 0, 306648, 2140
317172, 0, 0, 0, 0, 0, 0, 306648, 2140
317172, 0, 0, 0, 0, 0, 0, 306648, 2140
317172, 0, 0, 0, 0, 0, 0, 306648, 2140
317172, 0, 0, 0, 0, 0, 0, 306648, 2140
317172, 0, 0, 0, 0, 0, 0, 306648, 2140
317172, 0, 0, 0, 0, 0, 0, 306648, 2140
317172, 0, 0, 0, 0, 0, 0, 306648, 2140
317172, 0, 0, 0, 0, 0, 0, 306648, 2140
317172, 0, 0, 0, 0, 0, 0, 306648, 2140
317172, 0, 0, 0, 0, 0, 0, 306648, 2140
317172, 0, 0, 0, 0, 0, 0, 306648, 2140
317172, 0, 0, 0, 0, 0, 0, 306648, 2140
317172, 0, 0, 0, 0, 0, 0, 306648, 2140
317172, 0, 0, 0, 0, 0, 0, 306648, 2140
317172, 0, 0, 0, 0, 0, 0, 306648, 2140
317172, 0, 0, 0, 0, 0, 0, 306648, 2140
317172, 0, 0, 0, 0, 0, 0, 306648, 2140
317172, 0, 0, 0, 0, 0, 0, 306648, 2140
317172, 0, 0, 0, 0, 0, 0, 306648, 2140
317172, 0, 0, 0, 0, 0, 0, 306648, 2140
317172, 0, 0, 0, 0, 0, 0, 306648, 2140
317172, 0, 0, 0, 0, 0, 0, 306648, 2140
317172, 0, 0, 0, 0, 0, 0, 306648, 2140
317172, 0, 0, 0, 0, 0, 0, 306648, 2140
317172, 0, 0, 0, 0, 0, 0, 306648, 2140
317172, 0, 0, 0, 0, 0, 0, 306648, 2140
317172, 0, 0, 0, 0, 0, 0, 306648, 2140
317172, 0, 0, 0, 0, 0, 0, 306648, 2140
317172, 0, 0, 0, 0, 0, 0, 306648, 2140
317172, 0, 0, 0, 0, 0, 0, 306648, 2140
317172, 0, 0, 0, 0, 0, 0, 306648, 2140
317172, 0, 0, 0, 0, 0, 0, 306648, 2140
317172, 0, 0, 0, 0, 0, 0, 306648, 2140
317172, 0, 0, 0, 0, 0, 0, 306648, 2140
317172, 0, 0, 0, 0, 0, 0, 306648, 2140
317172, 0, 0, 0, 0, 0, 0, 306648, 2140
317172, 0, 0, 0, 0, 0, 0, 306648, 2140
317172, 0, 0, 0, 0, 0, 0, 306648, 2140
317172, 0, 0, 0, 0, 0, 0, 306648, 2140
317172, 0, 0, 0, 0, 0, 0, 306648, 2140
317172, 0, 0, 0, 0, 0, 0, 306648, 2140
317172, 0, 0, 0, 0, 0, 0, 306648, 2140
317172, 0, 0, 0, 0, 0, 0, 306648, 2140
317172, 0, 0, 0, 0, 0, 0, 306648, 2140
317172, 0, 0, 0, 0, 0, 0, 306648, 2140
317172, 0, 0, 0, 0, 0, 0, 306648, 2140
317172, 0, 0, 0, 0, 0, 0, 306648, 2140
317172, 0, 0, 0, 0, 0, 0, 306648, 2140
317172, 0, 0, 0, 0, 0, 0, 306648, 2140
317172, 0, 0, 0, 0, 0, 0, 306648, 2140
317172, 0, 0, 0, 0, 0, 0, 306648, 2140
317172, 0, 0, 0, 0, 0, 0, 306648, 2140
317172, 0, 0, 0, 0, 0, 0, 306648, 2140
317172, 0, 0, 0, 0, 0, 0, 306648, 2140
317172, 0, 0, 0, 0, 0, 0, 306648, 2140
317172, 0, 0, 0, 0, 0, 0, 306648, 2140
317172, 0, 0, 0, 0, 0, 0, 306648, 2140
317172, 0, 0, 0, 0, 0, 0, 306648, 2140
317172, 0, 0, 0, 0, 0, 0, 306648, 2140
317172, 0, 0, 0, 0, 0, 0, 306648, 2140
317172, 0, 0, 0, 0, 0, 0, 306648, 2140
317172, 0, 0, 0, 0, 0, 0, 306648, 2140
317172, 0, 0, 0, 0, 0, 0, 306648, 2140
317172, 0, 0, 0, 0, 0, 0, 306648, 2140
317172, 0, 0, 0, 0, 0, 0, 306648, 2140
317172, 0, 0, 0, 0, 0, 0, 306648, 2140
317172, 0, 0, 0, 0, 0, 0, 306648, 2140
317172, 0, 0, 0, 0, 0, 0, 306648, 2140
317172, 0, 0, 0, 0, 0, 0, 306648, 2140
317172, 0, 0, 0, 0, 0, 0, 306648, 2140
317172, 0, 0, 0, 0, 0, 0, 306648, 2140
317172, 0, 0, 0, 0, 0, 0, 306648, 2140
317172, 0, 0, 0, 0, 0, 0, 306648, 2140
317172, 0, 0, 0, 0, 0, 0, 306648, 2140
317172, 0, 0, 0, 0, 0, 0, 306648, 2140
317172, 0, 0, 0, 0, 0, 0, 306648, 2140
317172, 0, 0, 0, 0, 0, 0, 306648, 2140
317172, 0, 0, 0, 0, 0, 0, 306648, 2140
317172, 0, 0, 0, 0, 0, 0, 306648, 2140
317172, 0, 0, 0, 0, 0, 0, 306648, 2140
317172, 0, 0, 0, 0, 0, 0, 306648, 2140
317172, 0, 0, 0, 0, 0, 0, 306648, 2140
317172, 0, 0, 0, 0, 0, 0, 306648, 2140
317172, 0, 0, 0, 0, 0, 0, 306648, 2140
317172, 0, 0, 0, 0, 0, 0, 306648, 2140
317172, 0, 0, 0, 0, 0, 0, 306648, 2140
317172, 0, 0, 0, 0, 0, 0, 306648, 2140
317172, 0, 0, 0, 0, 0, 0, 306648, 2140
317172, 0, 0, 0, 0, 0, 0, 306648, 2140
317172, 0, 0, 0, 0, 0, 0, 306648, 2140
317172, 0, 0, 0, 0, 0, 0, 306648, 2140
317172, 0, 0, 0, 0, 0, 0, 306648, 2140
317172, 0, 0, 0, 0, 0, 0, 306648, 2140
317172, 0, 0, 0, 0, 0, 0, 306648, 2140
317172, 0, 0, 0, 0, 0, 0, 306648, 2140
317172, 0, 0, 0, 0, 0, 0, 306648, 2140
317172, 0, 0, 0, 0, 0, 0, 306648, 2140
317172, 0, 0, 0, 0, 0, 0, 306648, 2140
317172, 0, 0, 0, 0, 0, 0, 306648, 2140
317172, 0, 0, 0, 0, 0, 0, 306648, 2140
317172, 0, 0, 0, 0, 0, 0, 306648, 2140
317172, 0, 0, 0, 0, 0, 0, 306648, 2140
317172, 0, 0, 0, 0, 0, 0, 306648, 2140
317172, 0, 0, 0, 0, 0, 0, 306648, 2140
317172, 0, 0, 0, 0, 0, 0, 306648, 2140
317172, 0, 0, 0, 0, 0, 0, 306648, 2140
317172, 0, 0, 0, 0, 0, 0, 306648, 2140
317172, 0, 0, 0, 0, 0, 0, 306648, 2140
317172, 0, 0, 0, 0, 0, 0, 306648, 2140
317172, 0, 0, 0, 0, 0, 0, 306648, 2140
317172, 0, 0, 0, 0, 0, 0, 306648, 2140
317172, 0, 0, 0, 0, 0, 0, 306648, 2140
317172, 0, 0, 0, 0, 0, 0, 306648, 2140
317172, 0, 0, 0, 0, 0, 0, 306648, 2140
317172, 0, 0, 0, 0, 0, 0, 306648, 2140
317172, 0, 0, 0, 0, 0, 0, 306648, 2140
317172, 0, 0, 0, 0, 0, 0, 306648, 2140
317172, 0, 0, 0, 0, 0, 0, 306648, 2140
317172, 0, 0, 0, 0, 0, 0, 306648, 2140
317172, 0, 0, 0, 0, 0, 0, 306648, 2140
317172, 0, 0, 0, 0, 0, 0, 306648, 2140
317172, 0, 0, 0, 0, 0, 0, 306648, 2140
317172, 0, 0, 0, 0, 0, 0, 306648, 2140
317172, 0, 0, 0, 0, 0, 0, 306648, 2140
317172, 0, 0, 0, 0, 0, 0, 306648, 2140
317172, 0, 0, 0, 0, 0, 0, 306648, 2140
317172, 0, 0, 0, 0, 0, 0, 306648, 2140
317172, 0, 0, 0, 0, 0, 0, 306648, 2140
317172, 0, 0, 0, 0, 0, 0, 306648, 2140
317172, 0, 0, 0, 0, 0, 0, 306648, 2140
317172, 0, 0, 0, 0, 0, 0, 306648, 2140
317172, 0, 0, 0, 0, 0, 0, 306648, 2140
317172, 0, 0, 0, 0, 0, 0, 306648, 2140
317172, 0, 0, 0, 0, 0, 0, 306648, 2140
317172, 0, 0, 0, 0, 0, 0, 306648, 2140
317172, 0, 0, 0, 0, 0, 0, 306648, 2140
317172, 0, 0, 0, 0, 0, 0, 306648, 2140
317172, 0, 0, 0, 0, 0, 0, 306648, 2140
317172, 0, 0, 0, 0, 0, 0, 306648, 2140
317172, 0, 0, 0, 0, 0, 0, 306648, 2140
317172, 0, 0, 0, 0, 0, 0, 306648, 2140
317172, 0, 0, 0, 0, 0, 0, 306648, 2140
317172, 0, 0, 0, 0, 0, 0, 306648, 2140
317172, 0, 0, 0, 0, 0, 0, 306648, 2140
317172, 0, 0, 0, 0, 0, 0, 306648, 2140
317172, 0, 0, 0, 0, 0, 0, 306648, 2140
317172, 0, 0, 0, 0, 0, 0, 306648, 2140
317172, 0, 0, 0, 0, 0, 0, 306648, 2140
317172, 0, 0, 0, 0, 0, 0, 306648, 2140
317172, 0, 0, 0, 0, 0, 0, 306648, 2140
317172, 0, 0, 0, 0, 0, 0, 306648, 2140
317172, 0, 0, 0, 0, 0, 0, 306648, 2140
317172, 0, 0, 0, 0, 0, 0, 306648, 2140
317172, 0, 0, 0, 0, 0, 0, 306648, 2140
317172, 0, 0, 0, 0, 0, 0, 306648, 2140
317172, 0, 0, 0, 0, 0, 0, 306648, 2140
317172, 0, 0, 0, 0, 0, 0, 306648, 2140
317172, 0, 0, 0, 0, 0, 0, 306648, 2140
317172, 0, 0, 0, 0, 0, 0, 306648, 2140
317172, 0, 0, 0, 0, 0, 0, 306648, 2140
317172, 0, 0, 0, 0, 0, 0, 306648, 2140
317172, 0, 0, 0, 0, 0, 0, 306648, 2140
317172, 0, 0, 0, 0, 0, 0, 306648, 2140
317172, 0, 0, 0, 0, 0, 0, 306648, 2140
317172, 0, 0, 0, 0, 0, 0, 306648, 2140
317172, 0, 0, 0, 0, 0, 0, 306648, 2140
317172, 0, 0, 0, 0, 0, 0, 306648, 2140
317172, 0, 0, 0, 0, 0, 0, 306648, 2140
317172, 0, 0, 0, 0, 0, 0, 306648, 2140
317172, 0, 0, 0, 0, 0, 0, 306648, 2140
317172, 0, 0, 0, 0, 0, 0, 306648, 2140
317172, 0, 0, 0, 0, 0, 0, 306648, 2140
317172, 0, 0, 0, 0, 0, 0, 306648, 2140
317172, 0, 0, 0, 0, 0, 0, 306648, 2140
317172, 0, 0, 0, 0, 0, 0, 306648, 2140
317172, 0, 0, 0, 0, 0, 0, 306648, 2140
317172, 0, 0, 0, 0, 0, 0, 306648, 2140
317172, 0, 0, 0, 0, 0, 0, 306648, 2140
317172, 0, 0, 0, 0, 0, 0, 306648, 2140
317172, 0, 0, 0, 0, 0, 0, 306648, 2140
317172, 0, 0, 0, 0, 0, 0, 306648, 2140
317172, 0, 0, 0, 0, 0, 0, 306648, 2140
317172, 0, 0, 0, 0, 0, 0, 306648, 2140
317172, 0, 0, 0, 0, 0, 0, 306648, 2140
317172, 0, 0, 0, 0, 0, 0, 306648, 2140
317172, 0, 0, 0, 0, 0, 0, 306648, 2140
317172, 0, 0, 0, 0, 0, 0, 306648, 2140
317172, 0, 0, 0, 0, 0, 0, 306648, 2140
317172, 0, 0, 0, 0, 0, 0, 306648, 2140
317172, 0, 0, 0, 0, 0, 0, 306648, 2140
317172, 0, 0, 0, 0, 0, 0, 306648, 2140
317172, 0, 0, 0, 0, 0, 0, 306648, 2140
317172, 0, 0, 0, 0, 0, 0, 306648, 2140
317172, 0, 0, 0, 0, 0, 0, 306648, 2140
317172, 0, 0, 0, 0, 0, 0, 306648, 2140
317172, 0, 0, 0, 0, 0, 0, 306648, 2140
317172, 0, 0, 0, 0, 0, 0, 306648, 2140
317172, 0, 0, 0, 0, 0, 0, 306648, 2140
317172, 0, 0, 0, 0, 0, 0, 306648, 2140
317172, 0, 0, 0, 0, 0, 0, 306648, 2140
317172, 0, 0, 0, 0, 0, 0, 306648, 2140
317172, 0, 0, 0, 0, 0, 0, 306648, 2140
317172, 0, 0, 0, 0, 0, 0, 306648, 2140
317172, 0, 0, 0, 0, 0, 0, 306648, 2140
317172, 0, 0, 0, 0, 0, 0, 306648, 2140
317172, 0, 0, 0, 0, 0, 0, 306648, 2140
317172, 0, 0, 0, 0, 0, 0, 306648, 2140
317172, 0, 0, 0, 0, 0, 0, 306648, 2140
317172, 0, 0, 0, 0, 0, 0, 306648, 2140
317172, 0, 0, 0, 0, 0, 0, 306648, 2140
317172, 0, 0, 0, 0, 0, 0, 306648, 2140
317172, 0, 0, 0, 0, 0, 0, 306648, 2140
317172, 0, 0, 0, 0, 0, 0, 306648, 2140
317172, 0, 0, 0, 0, 0, 0, 306648, 2140
317172, 0, 0, 0, 0, 0, 0, 306648, 2140
317172, 0, 0, 0, 0, 0, 0, 306648, 2140
317172, 0, 0, 0, 0, 0, 0, 306648, 2140
317172, 0, 0, 0, 0, 0, 0, 306648, 2140
317172, 0, 0, 0, 0, 0, 0, 306648, 2140
317172, 0, 0, 0, 0, 0, 0, 306648, 2140
317172, 0, 0, 0, 0, 0, 0, 306648, 2140
317172, 0, 0, 0, 0, 0, 0, 306648, 2140
317172, 0, 0, 0, 0, 0, 0, 306648, 2140
317172, 0, 0, 0, 0, 0, 0, 306648, 2140
317172, 0, 0, 0, 0, 0, 0, 306648, 2140
317172, 0, 0, 0, 0, 0, 0, 306648, 2140
317172, 0, 0, 0, 0, 0, 0, 306648, 2140
317172, 0, 0, 0, 0, 0, 0, 306648, 2140
317172, 0, 0, 0, 0, 0, 0, 306648, 2140
317172, 0, 0, 0, 0, 0, 0, 306648, 2140
317172, 0, 0, 0, 0, 0, 0, 306648, 2140
317172, 0, 0, 0, 0, 0, 0, 306648, 2140
317172, 0, 0, 0, 0, 0, 0, 306648, 2140
317172, 0, 0, 0, 0, 0, 0, 306648, 2140
317172, 0, 0, 0, 0, 0, 0, 306648, 2140
317172, 0, 0, 0, 0, 0, 0, 306648, 2140
317172, 0, 0, 0, 0, 0, 0, 306648, 2140
317172, 0, 0, 0, 0, 0, 0, 306648, 2140
317172, 0, 0, 0, 0, 0, 0, 306648, 2140
317172, 0, 0, 0, 0, 0, 0, 306648, 2140
317172, 0, 0, 0, 0, 0, 0, 306648, 2140
317172, 0, 0, 0, 0, 0, 0, 306648, 2140
317172, 0, 0, 0, 0, 0, 0, 306648, 2140
317172, 0, 0, 0, 0, 0, 0, 306648, 2140
317172, 0, 0, 0, 0, 0, 0, 306648, 2140
317172, 0, 0, 0, 0, 0, 0, 306648, 2140
317172, 0, 0, 0, 0, 0, 0, 306648, 2140
317172, 0, 0, 0, 0, 0, 0, 306648, 2140
317172, 0, 0, 0, 0, 0, 0, 306648, 2140
317172, 0, 0, 0, 0, 0, 0, 306648, 2140
317172, 0, 0, 0, 0, 0, 0, 306648, 2140
317172, 0, 0, 0, 0, 0, 0, 306648, 2140
317172, 0, 0, 0, 0, 0, 0, 306648, 2140
317172, 0, 0, 0, 0, 0, 0, 306648, 2140
317172, 0, 0, 0, 0, 0, 0, 306648, 2140
317172, 0, 0, 0, 0, 0, 0, 306648, 2140
317172, 0, 0, 0, 0, 0, 0, 306648, 2140
317172, 0, 0, 0, 0, 0, 0, 306648, 2140
317172, 0, 0, 0, 0, 0, 0, 306648, 2140
317172, 0, 0, 0, 0, 0, 0, 306648, 2140
317172, 0, 0, 0, 0, 0, 0, 306648, 2140
317172, 0, 0, 0, 0, 0, 0, 306648, 2140
317172, 0, 0, 0, 0, 0, 0, 306648, 2140
317172, 0, 0, 0, 0, 0, 0, 306648, 2140
317172, 0, 0, 0, 0, 0, 0, 306648, 2140
317172, 0, 0, 0, 0, 0, 0, 306648, 2140
317172, 0, 0, 0, 0, 0, 0, 306648, 2140
317172, 0, 0, 0, 0, 0, 0, 306648, 2140
317172, 0, 0, 0, 0, 0, 0, 306648, 2140
317172, 0, 0, 0, 0, 0, 0, 306648, 2140
317172, 0, 0, 0, 0, 0, 0, 306648, 2140
317172, 0, 0, 0, 0, 0, 0, 306648, 2140
317172, 0, 0, 0, 0, 0, 0, 306648, 2140
317172, 0, 0, 0, 0, 0, 0, 306648, 2140
317172, 0, 0, 0, 0, 0, 0, 306648, 2140
317172, 0, 0, 0, 0, 0, 0, 306648, 2140
317172, 0, 0, 0, 0, 0, 0, 306648, 2140
317172, 0, 0, 0, 0, 0, 0, 306648, 2140
317172, 0, 0, 0, 0, 0, 0, 306648, 2140
317172, 0, 0, 0, 0, 0, 0, 306648, 2140
317172, 0, 0, 0, 0, 0, 0, 306648, 2140
317172, 0, 0, 0, 0, 0, 0, 306648, 2140
317172, 0, 0, 0, 0, 0, 0, 306648, 2140
317172, 0, 0, 0, 0, 0, 0, 306648, 2140
317172, 0, 0, 0, 0, 0, 0, 306648, 2140
317172, 0, 0, 0, 0, 0, 0, 306648, 2140
317172, 0, 0, 0, 0, 0, 0, 306648, 2140
317172, 0, 0, 0, 0, 0, 0, 306648, 2140
317172, 0, 0, 0, 0, 0, 0, 306648, 2140
317172, 0, 0, 0, 0, 0, 0, 306648, 2140
317172, 0, 0, 0, 0, 0, 0, 306648, 2140
317172, 0, 0, 0, 0, 0, 0, 306648, 2140
317172, 0, 0, 0, 0, 0, 0, 306648, 2140
317172, 0, 0, 0, 0, 0, 0, 306648, 2140
317172, 0, 0, 0, 0, 0, 0, 306648, 2140
317172, 0, 0, 0, 0, 0, 0, 306648, 2140
317172, 0, 0, 0, 0, 0, 0, 306648, 2140
317172, 0, 0, 0, 0, 0, 0, 306648, 2140
317172, 0, 0, 0, 0, 0, 0, 306648, 2140
317172, 0, 0, 0, 0, 0, 0, 306648, 2140
317172, 0, 0, 0, 0, 0, 0, 306648, 2140
317172, 0, 0, 0, 0, 0, 0, 306648, 2140
317172, 0, 0, 0, 0, 0, 0, 306648, 2140
317172, 0, 0, 0, 0, 0, 0, 306648, 2140
317172, 0, 0, 0, 0, 0, 0, 306648, 2140
317172, 0, 0, 0, 0, 0, 0, 306648, 2140
317172, 0, 0, 0, 0, 0, 0, 306648, 2140
317172, 0, 0, 0, 0, 0, 0, 306648, 2140
317172, 0, 0, 0, 0, 0, 0, 306648, 2140
317172, 0, 0, 0, 0, 0, 0, 306648, 2140
317172, 0, 0, 0, 0, 0, 0, 306648, 2140
317172, 0, 0, 0, 0, 0, 0, 306648, 2140
317172, 0, 0, 0, 0, 0, 0, 306648, 2140
317172, 0, 0, 0, 0, 0, 0, 306648, 2140
317172, 0, 0, 0, 0, 0, 0, 306648, 2140
317172, 0, 0, 0, 0, 0, 0, 306648, 2140
317172, 0, 0, 0, 0, 0, 0, 306648, 2140
317172, 0, 0, 0, 0, 0, 0, 306648, 2140
317172, 0, 0, 0, 0, 0, 0, 306648, 2140
317172, 0, 0, 0, 0, 0, 0, 306648, 2140
317172, 0, 0, 0, 0, 0, 0, 306648, 2140
317172, 0, 0, 0, 0, 0, 0, 306648, 2140
317172, 0, 0, 0, 0, 0, 0, 306648, 2140
317172, 0, 0, 0, 0, 0, 0, 306648, 2140
317172, 0, 0, 0, 0, 0, 0, 306648, 2140
317172, 0, 0, 0, 0, 0, 0, 306648, 2140
317172, 0, 0, 0, 0, 0, 0, 306648, 2140
317172, 0, 0, 0, 0, 0, 0, 306648, 2140
317172, 0, 0, 0, 0, 0, 0, 306648, 2140
317172, 0, 0, 0, 0, 0, 0, 306648, 2140
317172, 0, 0, 0, 0, 0, 0, 306648, 2140
317172, 0, 0, 0, 0, 0, 0, 306648, 2140
317172, 0, 0, 0, 0, 0, 0, 306648, 2140
317172, 0, 0, 0, 0, 0, 0, 306648, 2140
317172, 0, 0, 0, 0, 0, 0, 306648, 2140
317172, 0, 0, 0, 0, 0, 0, 306648, 2140
317172, 0, 0, 0, 0, 0, 0, 306648, 2140
317172, 0, 0, 0, 0, 0, 0, 306648, 2140
317172, 0, 0, 0, 0, 0, 0, 306648, 2140
317172, 0, 0, 0, 0, 0, 0, 306648, 2140
317172, 0, 0, 0, 0, 0, 0, 306648, 2140
317172, 0, 0, 0, 0, 0, 0, 306648, 2140
317172, 0, 0, 0, 0, 0, 0, 306648, 2140
317172, 0, 0, 0, 0, 0, 0, 306648, 2140
317172, 0, 0, 0, 0, 0, 0, 306648, 2140
317172, 0, 0, 0, 0, 0, 0, 306648, 2140
317172, 0, 0, 0, 0, 0, 0, 306648, 2140
317172, 0, 0, 0, 0, 0, 0, 306648, 2140
317172, 0, 0, 0, 0, 0, 0, 306648, 2140
317172, 0, 0, 0, 0, 0, 0, 306648, 2140
317172, 0, 0, 0, 0, 0, 0, 306648, 2140
317172, 0, 0, 0, 0, 0, 0, 306648, 2140
317172, 0, 0, 0, 0, 0, 0, 306648, 2140
317172, 0, 0, 0, 0, 0, 0, 306648, 2140
317172, 0, 0, 0, 0, 0, 0, 306648, 2140
317172, 0, 0, 0, 0, 0, 0, 306648, 2140
317172, 0, 0, 0, 0, 0, 0, 306648, 2140
317172, 0, 0, 0, 0, 0, 0, 306648, 2140
317172, 0, 0, 0, 0, 0, 0, 306648, 2140
317172, 0, 0, 0, 0, 0, 0, 306648, 2140
317172, 0, 0, 0, 0, 0, 0, 306648, 2140
317172, 0, 0, 0, 0, 0, 0, 306648, 2140
317172, 0, 0, 0, 0, 0, 0, 306648, 2140
317172, 0, 0, 0, 0, 0, 0, 306648, 2140
317172, 0, 0, 0, 0, 0, 0, 306648, 2140
317172, 0, 0, 0, 0, 0, 0, 306648, 2140
317172, 0, 0, 0, 0, 0, 0, 306648, 2140
317172, 0, 0, 0, 0, 0, 0, 306648, 2140
317172, 0, 0, 0, 0, 0, 0, 306648, 2140
317172, 0, 0, 0, 0, 0, 0, 306648, 2140
317172, 0, 0, 0, 0, 0, 0, 306648, 2140
317172, 0, 0, 0, 0, 0, 0, 306648, 2140
317172, 0, 0, 0, 0, 0, 0, 306648, 2140
317172, 0, 0, 0, 0, 0, 0, 306648, 2140
317172, 0, 0, 0, 0, 0, 0, 306648, 2140
317172, 0, 0, 0, 0, 0, 0, 306648, 2140
317172, 0, 0, 0, 0, 0, 0, 306648, 2140
317172, 0, 0, 0, 0, 0, 0, 306648, 2140
317172, 0, 0, 0, 0, 0, 0, 306648, 2140
317172, 0, 0, 0, 0, 0, 0, 306648, 2140
317172, 0, 0, 0, 0, 0, 0, 306648, 2140
317172, 0, 0, 0, 0, 0, 0, 306648, 2140
317172, 0, 0, 0, 0, 0, 0, 306648, 2140
317172, 0, 0, 0, 0, 0, 0, 306648, 2140
317172, 0, 0, 0, 0, 0, 0, 306648, 2140
317172, 0, 0, 0, 0, 0, 0, 306648, 2140
317172, 0, 0, 0, 0, 0, 0, 306648, 2140
317172, 0, 0, 0, 0, 0, 0, 306648, 2140
317172, 0, 0, 0, 0, 0, 0, 306648, 2140
317172, 0, 0, 0, 0, 0, 0, 306648, 2140
317172, 0, 0, 0, 0, 0, 0, 306648, 2140
317172, 0, 0, 0, 0, 0, 0, 306648, 2140
317172, 0, 0, 0, 0, 0, 0, 306648, 2140
317172, 0, 0, 0, 0, 0, 0, 306648, 2140
317172, 0, 0, 0, 0, 0, 0, 306648, 2140
317172, 0, 0, 0, 0, 0, 0, 306648, 2140
317172, 0, 0, 0, 0, 0, 0, 306648, 2140
317172, 0, 0, 0, 0, 0, 0, 306648, 2140
317172, 0, 0, 0, 0, 0, 0, 306648, 2140
317172, 0, 0, 0, 0, 0, 0, 306648, 2140
317172, 0, 0, 0, 0, 0, 0, 306648, 2140
317172, 0, 0, 0, 0, 0, 0, 306648, 2140
317172, 0, 0, 0, 0, 0, 0, 306648, 2140
317172, 0, 0, 0, 0, 0, 0, 306648, 2140
317172, 0, 0, 0, 0, 0, 0, 306648, 2140
317172, 0, 0, 0, 0, 0, 0, 306648, 2140
317172, 0, 0, 0, 0, 0, 0, 306648, 2140
317172, 0, 0, 0, 0, 0, 0, 306648, 2140
317172, 0, 0, 0, 0, 0, 0, 306648, 2140
317172, 0, 0, 0, 0, 0, 0, 306648, 2140
317172, 0, 0, 0, 0, 0, 0, 306648, 2140
317172, 0, 0, 0, 0, 0, 0, 306648, 2140
317172, 0, 0, 0, 0, 0, 0, 306648, 2140
317172, 0, 0, 0, 0, 0, 0, 306648, 2140
317172, 0, 0, 0, 0, 0, 0, 306648, 2140
317172, 0, 0, 0, 0, 0, 0, 306648, 2140
317172, 0, 0, 0, 0, 0, 0, 306648, 2140
317172, 0, 0, 0, 0, 0, 0, 306648, 2140
317172, 0, 0, 0, 0, 0, 0, 306648, 2140
317172, 0, 0, 0, 0, 0, 0, 306648, 2140
317172, 0, 0, 0, 0, 0, 0, 306648, 2140
317172, 0, 0, 0, 0, 0, 0, 306648, 2140
317172, 0, 0, 0, 0, 0, 0, 306648, 2140
317172, 0, 0, 0, 0, 0, 0, 306648, 2140
317172, 0, 0, 0, 0, 0, 0, 306648, 2140
317172, 0, 0, 0, 0, 0, 0, 306648, 2140
317172, 0, 0, 0, 0, 0, 0, 306648, 2140
317172, 0, 0, 0, 0, 0, 0, 306648, 2140
317172, 0, 0, 0, 0, 0, 0, 306648, 2140
317172, 0, 0, 0, 0, 0, 0, 306648, 2140
317172, 0, 0, 0, 0, 0, 0, 306648, 2140
317172, 0, 0, 0, 0, 0, 0, 306648, 2140
317172, 0, 0, 0, 0, 0, 0, 306648, 2140
317172, 0, 0, 0, 0, 0, 0, 306648, 2140
317172, 0, 0, 0, 0, 0, 0, 306648, 2140
317172, 0, 0, 0, 0, 0, 0, 306648, 2140
317172, 0, 0, 0, 0, 0, 0, 306648, 2140
317172, 0, 0, 0, 0, 0, 0, 306648, 2140
317172, 0, 0, 0, 0, 0, 0, 306648, 2140
317172, 0, 0, 0, 0, 0, 0, 306648, 2140
317172, 0, 0, 0, 0, 0, 0, 306648, 2140
317172, 0, 0, 0, 0, 0, 0, 306648, 2140
317172, 0, 0, 0, 0, 0, 0, 306648, 2140
317172, 0, 0, 0, 0, 0, 0, 306648, 2140
317172, 0, 0, 0, 0, 0, 0, 306648, 2140
317172, 0, 0, 0, 0, 0, 0, 306648, 2140
317172, 0, 0, 0, 0, 0, 0, 306648, 2140
317172, 0, 0, 0, 0, 0, 0, 306648, 2140
317172, 0, 0, 0, 0, 0, 0, 306648, 2140
317172, 0, 0, 0, 0, 0, 0, 306648, 2140
317172, 0, 0, 0, 0, 0, 0, 306648, 2140
317172, 0, 0, 0, 0, 0, 0, 306648, 2140
317172, 0, 0, 0, 0, 0, 0, 306648, 2140
317172, 0, 0, 0, 0, 0, 0, 306648, 2140
317172, 0, 0, 0, 0, 0, 0, 306648, 2140
317172, 0, 0, 0, 0, 0, 0, 306648, 2140
317172, 0, 0, 0, 0, 0, 0, 306648, 2140
317172, 0, 0, 0, 0, 0, 0, 306648, 2140
317172, 0, 0, 0, 0, 0, 0, 306648, 2140
317172, 0, 0, 0, 0, 0, 0, 306648, 2140
317172, 0, 0, 0, 0, 0, 0, 306648, 2140
317172, 0, 0, 0, 0, 0, 0, 306648, 2140
317172, 0, 0, 0, 0, 0, 0, 306648, 2140
317172, 0, 0, 0, 0, 0, 0, 306648, 2140
317172, 0, 0, 0, 0, 0, 0, 306648, 2140
317172, 0, 0, 0, 0, 0, 0, 306648, 2140
317172, 0, 0, 0, 0, 0, 0, 306648, 2140
317172, 0, 0, 0, 0, 0, 0, 306648, 2140
317172, 0, 0, 0, 0, 0, 0, 306648, 2140
317172, 0, 0, 0, 0, 0, 0, 306648, 2140
317172, 0, 0, 0, 0, 0, 0, 306648, 2140
317172, 0, 0, 0, 0, 0, 0, 306648, 2140
317172, 0, 0, 0, 0, 0, 0, 306648, 2140
317172, 0, 0, 0, 0, 0, 0, 306648, 2140
317172, 0, 0, 0, 0, 0, 0, 306648, 2140
317172, 0, 0, 0, 0, 0, 0, 306648, 2140
317172, 0, 0, 0, 0, 0, 0, 306648, 2140
317172, 0, 0, 0, 0, 0, 0, 306648, 2140
317172, 0, 0, 0, 0, 0, 0, 306648, 2140
317172, 0, 0, 0, 0, 0, 0, 306648, 2140
317172, 0, 0, 0, 0, 0, 0, 306648, 2140
317172, 0, 0, 0, 0, 0, 0, 306648, 2140
317172, 0, 0, 0, 0, 0, 0, 306648, 2140
317172, 0, 0, 0, 0, 0, 0, 306648, 2140
317172, 0, 0, 0, 0, 0, 0, 306648, 2140
317172, 0, 0, 0, 0, 0, 0, 306648, 2140
317172, 0, 0, 0, 0, 0, 0, 306648, 2140
317172, 0, 0, 0, 0, 0, 0, 306648, 2140
317172, 0, 0, 0, 0, 0, 0, 306648, 2140
317172, 0, 0, 0, 0, 0, 0, 306648, 2140
317172, 0, 0, 0, 0, 0, 0, 306648, 2140
317172, 0, 0, 0, 0, 0, 0, 306648, 2140
317172, 0, 0, 0, 0, 0, 0, 306648, 2140
317172, 0, 0, 0, 0, 0, 0, 306648, 2140
317172, 0, 0, 0, 0, 0, 0, 306648, 2140
317172, 0, 0, 0, 0, 0, 0, 306648, 2140
317172, 0, 0, 0, 0, 0, 0, 306648, 2140
317172, 0, 0, 0, 0, 0, 0, 306648, 2140
317172, 0, 0, 0, 0, 0, 0, 306648, 2140
317172, 0, 0, 0, 0, 0, 0, 306648, 2140
317172, 0, 0, 0, 0, 0, 0, 306648, 2140
317172, 0, 0, 0, 0, 0, 0, 306648, 2140
317172, 0, 0, 0, 0, 0, 0, 306648, 2140
317172, 0, 0, 0, 0, 0, 0, 306648, 2140
317172, 0, 0, 0, 0, 0, 0, 306648, 2140
317172, 0, 0, 0, 0, 0, 0, 306648, 2140
317172, 0, 0, 0, 0, 0, 0, 306648, 2140
317172, 0, 0, 0, 0, 0, 0, 306648, 2140
317172, 0, 0, 0, 0, 0, 0, 306648, 2140
317172, 0, 0, 0, 0, 0, 0, 306648, 2140
317172, 0, 0, 0, 0, 0, 0, 306648, 2140
317172, 0, 0, 0, 0, 0, 0, 306648, 2140
317172, 0, 0, 0, 0, 0, 0, 306648, 2140
317172, 0, 0, 0, 0, 0, 0, 306648, 2140
317172, 0, 0, 0, 0, 0, 0, 306648, 2140
317172, 0, 0, 0, 0, 0, 0, 306648, 2140
317172, 0, 0, 0, 0, 0, 0, 306648, 2140
317172, 0, 0, 0, 0, 0, 0, 306648, 2140
317172, 0, 0, 0, 0, 0, 0, 306648, 2140
317172, 0, 0, 0, 0, 0, 0, 306648, 2140
317172, 0, 0, 0, 0, 0, 0, 306648, 2140
317172, 0, 0, 0, 0, 0, 0, 306648, 2140
317172, 0, 0, 0, 0, 0, 0, 306648, 2140
317172, 0, 0, 0, 0, 0, 0, 306648, 2140
317172, 0, 0, 0, 0, 0, 0, 306648, 2140
317172, 0, 0, 0, 0, 0, 0, 306648, 2140
317172, 0, 0, 0, 0, 0, 0, 306648, 2140
317172, 0, 0, 0, 0, 0, 0, 306648, 2140
317172, 0, 0, 0, 0, 0, 0, 306648, 2140
317172, 0, 0, 0, 0, 0, 0, 306648, 2140
317172, 0, 0, 0, 0, 0, 0, 306648, 2140
317172, 0, 0, 0, 0, 0, 0, 306648, 2140
317172, 0, 0, 0, 0, 0, 0, 306648, 2140
317172, 0, 0, 0, 0, 0, 0, 306648, 2140
317172, 0, 0, 0, 0, 0, 0, 306648, 2140
317172, 0, 0, 0, 0, 0, 0, 306648, 2140
317172, 0, 0, 0, 0, 0, 0, 306648, 2140
317172, 0, 0, 0, 0, 0, 0, 306648, 2140
317172, 0, 0, 0, 0, 0, 0, 306648, 2140
317172, 0, 0, 0, 0, 0, 0, 306648, 2140
317172, 0, 0, 0, 0, 0, 0, 306648, 2140
317172, 0, 0, 0, 0, 0, 0, 306648, 2140
317172, 0, 0, 0, 0, 0, 0, 306648, 2140
317172, 0, 0, 0, 0, 0, 0, 306648, 2140
317172, 0, 0, 0, 0, 0, 0, 306648, 2140
317172, 0, 0, 0, 0, 0, 0, 306648, 2140
317172, 0, 0, 0, 0, 0, 0, 306648, 2140
317172, 0, 0, 0, 0, 0, 0, 306648, 2140
317172, 0, 0, 0, 0, 0, 0, 306648, 2140
317172, 0, 0, 0, 0, 0, 0, 306648, 2140
317172, 0, 0, 0, 0, 0, 0, 306648, 2140
317172, 0, 0, 0, 0, 0, 0, 306648, 2140
317172, 0, 0, 0, 0, 0, 0, 306648, 2140
317172, 0, 0, 0, 0, 0, 0, 306648, 2140
317172, 0, 0, 0, 0, 0, 0, 306648, 2140
317172, 0, 0, 0, 0, 0, 0, 306648, 2140
317172, 0, 0, 0, 0, 0, 0, 306648, 2140
317172, 0, 0, 0, 0, 0, 0, 306648, 2140
317172, 0, 0, 0, 0, 0, 0, 306648, 2140
317172, 0, 0, 0, 0, 0, 0, 306648, 2140
317172, 0, 0, 0, 0, 0, 0, 306648, 2140
317172, 0, 0, 0, 0, 0, 0, 306648, 2140
317172, 0, 0, 0, 0, 0, 0, 306648, 2140
317172, 0, 0, 0, 0, 0, 0, 306648, 2140
317172, 0, 0, 0, 0, 0, 0, 306648, 2140
317172, 0, 0, 0, 0, 0, 0, 306648, 2140
317172, 0, 0, 0, 0, 0, 0, 306648, 2140
317172, 0, 0, 0, 0, 0, 0, 306648, 2140
317172, 0, 0, 0, 0, 0, 0, 306648, 2140
317172, 0, 0, 0, 0, 0, 0, 306648, 2140
317172, 0, 0, 0, 0, 0, 0, 306648, 2140
317172, 0, 0, 0, 0, 0, 0, 306648, 2140
317172, 0, 0, 0, 0, 0, 0, 306648, 2140
317172, 0, 0, 0, 0, 0, 0, 306648, 2140
317172, 0, 0, 0, 0, 0, 0, 306648, 2140
317172, 0, 0, 0, 0, 0, 0, 306648, 2140
317172, 0, 0, 0, 0, 0, 0, 306648, 2140
317172, 0, 0, 0, 0, 0, 0, 306648, 2140
317172, 0, 0, 0, 0, 0, 0, 306648, 2140
317172, 0, 0, 0, 0, 0, 0, 306648, 2140
317172, 0, 0, 0, 0, 0, 0, 306648, 2140
317172, 0, 0, 0, 0, 0, 0, 306648, 2140
317172, 0, 0, 0, 0, 0, 0, 306648, 2140
317172, 0, 0, 0, 0, 0, 0, 306648, 2140
317172, 0, 0, 0, 0, 0, 0, 306648, 2140
317172, 0, 0, 0, 0, 0, 0, 306648, 2140
317172, 0, 0, 0, 0, 0, 0, 306648, 2140
317172, 0, 0, 0, 0, 0, 0, 306648, 2140
317172, 0, 0, 0, 0, 0, 0, 306648, 2140
317172, 0, 0, 0, 0, 0, 0, 306648, 2140
317172, 0, 0, 0, 0, 0, 0, 306648, 2140
317172, 0, 0, 0, 0, 0, 0, 306648, 2140
317172, 0, 0, 0, 0, 0, 0, 306648, 2140
317172, 0, 0, 0, 0, 0, 0, 306648, 2140
317172, 0, 0, 0, 0, 0, 0, 306648, 2140
317172, 0, 0, 0, 0, 0, 0, 306648, 2140
317172, 0, 0, 0, 0, 0, 0, 306648, 2140
317172, 0, 0, 0, 0, 0, 0, 306648, 2140
317172, 0, 0, 0, 0, 0, 0, 306648, 2140
317172, 0, 0, 0, 0, 0, 0, 306648, 2140
317172, 0, 0, 0, 0, 0, 0, 306648, 2140
317172, 0, 0, 0, 0, 0, 0, 306648, 2140
317172, 0, 0, 0, 0, 0, 0, 306648, 2140
317172, 0, 0, 0, 0, 0, 0, 306648, 2140
317172, 0, 0, 0, 0, 0, 0, 306648, 2140
317172, 0, 0, 0, 0, 0, 0, 306648, 2140
317172, 0, 0, 0, 0, 0, 0, 306648, 2140
317172, 0, 0, 0, 0, 0, 0, 306648, 2140
317172, 0, 0, 0, 0, 0, 0, 306648, 2140
317172, 0, 0, 0, 0, 0, 0, 306648, 2140
317172, 0, 0, 0, 0, 0, 0, 306648, 2140
317172, 0, 0, 0, 0, 0, 0, 306648, 2140
317172, 0, 0, 0, 0, 0, 0, 306648, 2140
317172, 0, 0, 0, 0, 0, 0, 306648, 2140
317172, 0, 0, 0, 0, 0, 0, 306648, 2140
317172, 0, 0, 0, 0, 0, 0, 306648, 2140
317172, 0, 0, 0, 0, 0, 0, 306648, 2140
317172, 0, 0, 0, 0, 0, 0, 306648, 2140
317172, 0, 0, 0, 0, 0, 0, 306648, 2140
317172, 0, 0, 0, 0, 0, 0, 306648, 2140
317172, 0, 0, 0, 0, 0, 0, 306648, 2140
317172, 0, 0, 0, 0, 0, 0, 306648, 2140
317172, 0, 0, 0, 0, 0, 0, 306648, 2140
317172, 0, 0, 0, 0, 0, 0, 306648, 2140
317172, 0, 0, 0, 0, 0, 0, 306648, 2140
317172, 0, 0, 0, 0, 0, 0, 306648, 2140
317172, 0, 0, 0, 0, 0, 0, 306648, 2140
317172, 0, 0, 0, 0, 0, 0, 306648, 2140
317172, 0, 0, 0, 0, 0, 0, 306648, 2140
317172, 0, 0, 0, 0, 0, 0, 306648, 2140
317172, 0, 0, 0, 0, 0, 0, 306648, 2140
317172, 0, 0, 0, 0, 0, 0, 306648, 2140
317172, 0, 0, 0, 0, 0, 0, 306648, 2140
317172, 0, 0, 0, 0, 0, 0, 306648, 2140
317172, 0, 0, 0, 0, 0, 0, 306648, 2140
317172, 0, 0, 0, 0, 0, 0, 306648, 2140
317172, 0, 0, 0, 0, 0, 0, 306648, 2140
317172, 0, 0, 0, 0, 0, 0, 306648, 2140
317172, 0, 0, 0, 0, 0, 0, 306648, 2140
317172, 0, 0, 0, 0, 0, 0, 306648, 2140
317172, 0, 0, 0, 0, 0, 0, 306648, 2140
317172, 0, 0, 0, 0, 0, 0, 306648, 2140
317172, 0, 0, 0, 0, 0, 0, 306648, 2140
317172, 0, 0, 0, 0, 0, 0, 306648, 2140
317172, 0, 0, 0, 0, 0, 0, 306648, 2140
317172, 0, 0, 0, 0, 0, 0, 306648, 2140
317172, 0, 0, 0, 0, 0, 0, 306648, 2140
317172, 0, 0, 0, 0, 0, 0, 306648, 2140
317172, 0, 0, 0, 0, 0, 0, 306648, 2140
317172, 0, 0, 0, 0, 0, 0, 306648, 2140
317172, 0, 0, 0, 0, 0, 0, 306648, 2140
317172, 0, 0, 0, 0, 0, 0, 306648, 2140
317172, 0, 0, 0, 0, 0, 0, 306648, 2140
317172, 0, 0, 0, 0, 0, 0, 306648, 2140
317172, 0, 0, 0, 0, 0, 0, 306648, 2140
317172, 0, 0, 0, 0, 0, 0, 306648, 2140
317172, 0, 0, 0, 0, 0, 0, 306648, 2140
317172, 0, 0, 0, 0, 0, 0, 306648, 2140
317172, 0, 0, 0, 0, 0, 0, 306648, 2140
317172, 0, 0, 0, 0, 0, 0, 306648, 2140
317172, 0, 0, 0, 0, 0, 0, 306648, 2140
317172, 0, 0, 0, 0, 0, 0, 306648, 2140
317172, 0, 0, 0, 0, 0, 0, 306648, 2140
317172, 0, 0, 0, 0, 0, 0, 306648, 2140
317172, 0, 0, 0, 0, 0, 0, 306648, 2140
317172, 0, 0, 0, 0, 0, 0, 306648, 2140
317172, 0, 0, 0, 0, 0, 0, 306648, 2140
317172, 0, 0, 0, 0, 0, 0, 306648, 2140
317172, 0, 0, 0, 0, 0, 0, 306648, 2140
317172, 0, 0, 0, 0, 0, 0, 306648, 2140
317172, 0, 0, 0, 0, 0, 0, 306648, 2140
317172, 0, 0, 0, 0, 0, 0, 306648, 2140
317172, 0, 0, 0, 0, 0, 0, 306648, 2140
317172, 0, 0, 0, 0, 0, 0, 306648, 2140
317172, 0, 0, 0, 0, 0, 0, 306648, 2140
317172, 0, 0, 0, 0, 0, 0, 306648, 2140
317172, 0, 0, 0, 0, 0, 0, 306648, 2140
317172, 0, 0, 0, 0, 0, 0, 306648, 2140
317172, 0, 0, 0, 0, 0, 0, 306648, 2140
317172, 0, 0, 0, 0, 0, 0, 306648, 2140
317172, 0, 0, 0, 0, 0, 0, 306648, 2140
317172, 0, 0, 0, 0, 0, 0, 306648, 2140
317172, 0, 0, 0, 0, 0, 0, 306648, 2140
317172, 0, 0, 0, 0, 0, 0, 306648, 2140
317172, 0, 0, 0, 0, 0, 0, 306648, 2140
317172, 0, 0, 0, 0, 0, 0, 306648, 2140
317172, 0, 0, 0, 0, 0, 0, 306648, 2140
317172, 0, 0, 0, 0, 0, 0, 306648, 2140
317172, 0, 0, 0, 0, 0, 0, 306648, 2140
317172, 0, 0, 0, 0, 0, 0, 306648, 2140
317172, 0, 0, 0, 0, 0, 0, 306648, 2140
317172, 0, 0, 0, 0, 0, 0, 306648, 2140
317172, 0, 0, 0, 0, 0, 0, 306648, 2140
317172, 0, 0, 0, 0, 0, 0, 306648, 2140
317172, 0, 0, 0, 0, 0, 0, 306648, 2140
317172, 0, 0, 0, 0, 0, 0, 306648, 2140
317172, 0, 0, 0, 0, 0, 0, 306648, 2140
317172, 0, 0, 0, 0, 0, 0, 306648, 2140
317172, 0, 0, 0, 0, 0, 0, 306648, 2140
317172, 0, 0, 0, 0, 0, 0, 306648, 2140
317172, 0, 0, 0, 0, 0, 0, 306648, 2140
317172, 0, 0, 0, 0, 0, 0, 306648, 2140
317172, 0, 0, 0, 0, 0, 0, 306648, 2140
317172, 0, 0, 0, 0, 0, 0, 306648, 2140
317172, 0, 0, 0, 0, 0, 0, 306648, 2140
317172, 0, 0, 0, 0, 0, 0, 306648, 2140
317172, 0, 0, 0, 0, 0, 0, 306648, 2140
317172, 0, 0, 0, 0, 0, 0, 306648, 2140
317172, 0, 0, 0, 0, 0, 0, 306648, 2140
317172, 0, 0, 0, 0, 0, 0, 306648, 2140
317172, 0, 0, 0, 0, 0, 0, 306648, 2140
317172, 0, 0, 0, 0, 0, 0, 306648, 2140
317172, 0, 0, 0, 0, 0, 0, 306648, 2140
317172, 0, 0, 0, 0, 0, 0, 306648, 2140
317172, 0, 0, 0, 0, 0, 0, 306648, 2140
317172, 0, 0, 0, 0, 0, 0, 306648, 2140
317172, 0, 0, 0, 0, 0, 0, 306648, 2140
317172, 0, 0, 0, 0, 0, 0, 306648, 2140
317172, 0, 0, 0, 0, 0, 0, 306648, 2140
317172, 0, 0, 0, 0, 0, 0, 306648, 2140
317172, 0, 0, 0, 0, 0, 0, 306648, 2140
317172, 0, 0, 0, 0, 0, 0, 306648, 2140
317172, 0, 0, 0, 0, 0, 0, 306648, 2140
317172, 0, 0, 0, 0, 0, 0, 306648, 2140
317172, 0, 0, 0, 0, 0, 0, 306648, 2140
317172, 0, 0, 0, 0, 0, 0, 306648, 2140
317172, 0, 0, 0, 0, 0, 0, 306648, 2140
317172, 0, 0, 0, 0, 0, 0, 306648, 2140
317172, 0, 0, 0, 0, 0, 0, 306648, 2140
317172, 0, 0, 0, 0, 0, 0, 306648, 2140
317172, 0, 0, 0, 0, 0, 0, 306648, 2140
317172, 0, 0, 0, 0, 0, 0, 306648, 2140
317172, 0, 0, 0, 0, 0, 0, 306648, 2140
317172, 0, 0, 0, 0, 0, 0, 306648, 2140
317172, 0, 0, 0, 0, 0, 0, 306648, 2140
317172, 0, 0, 0, 0, 0, 0, 306648, 2140
317172, 0, 0, 0, 0, 0, 0, 306648, 2140
317172, 0, 0, 0, 0, 0, 0, 306648, 2140
317172, 0, 0, 0, 0, 0, 0, 306648, 2140
317172, 0, 0, 0, 0, 0, 0, 306648, 2140
317172, 0, 0, 0, 0, 0, 0, 306648, 2140
317172, 0, 0, 0, 0, 0, 0, 306648, 2140
317172, 0, 0, 0, 0, 0, 0, 306648, 2140
317172, 0, 0, 0, 0, 0, 0, 306648, 2140
317172, 0, 0, 0, 0, 0, 0, 306648, 2140
317172, 0, 0, 0, 0, 0, 0, 306648, 2140
317172, 0, 0, 0, 0, 0, 0, 306648, 2140
317172, 0, 0, 0, 0, 0, 0, 306648, 2140
317172, 0, 0, 0, 0, 0, 0, 306648, 2140
317172, 0, 0, 0, 0, 0, 0, 306648, 2140
317172, 0, 0, 0, 0, 0, 0, 306648, 2140
317172, 0, 0, 0, 0, 0, 0, 306648, 2140
317172, 0, 0, 0, 0, 0, 0, 306648, 2140
317172, 0, 0, 0, 0, 0, 0, 306648, 2140
317172, 0, 0, 0, 0, 0, 0, 306648, 2140
317172, 0, 0, 0, 0, 0, 0, 306648, 2140
317172, 0, 0, 0, 0, 0, 0, 306648, 2140
317172, 0, 0, 0, 0, 0, 0, 306648, 2140
317172, 0, 0, 0, 0, 0, 0, 306648, 2140
317172, 0, 0, 0, 0, 0, 0, 306648, 2140
317172, 0, 0, 0, 0, 0, 0, 306648, 2140
317172, 0, 0, 0, 0, 0, 0, 306648, 2140
317172, 0, 0, 0, 0, 0, 0, 306648, 2140
317172, 0, 0, 0, 0, 0, 0, 306648, 2140
317172, 0, 0, 0, 0, 0, 0, 306648, 2140
317172, 0, 0, 0, 0, 0, 0, 306648, 2140
317172, 0, 0, 0, 0, 0, 0, 306648, 2140
317172, 0, 0, 0, 0, 0, 0, 306648, 2140
317172, 0, 0, 0, 0, 0, 0, 306648, 2140
317172, 0, 0, 0, 0, 0, 0, 306648, 2140
317172, 0, 0, 0, 0, 0, 0, 306648, 2140
317172, 0, 0, 0, 0, 0, 0, 306648, 2140
317172, 0, 0, 0, 0, 0, 0, 306648, 2140
317172, 0, 0, 0, 0, 0, 0, 306648, 2140
317172, 0, 0, 0, 0, 0, 0, 306648, 2140
317172, 0, 0, 0, 0, 0, 0, 306648, 2140
317172, 0, 0, 0, 0, 0, 0, 306648, 2140
317172, 0, 0, 0, 0, 0, 0, 306648, 2140
317172, 0, 0, 0, 0, 0, 0, 306648, 2140
317172, 0, 0, 0, 0, 0, 0, 306648, 2140
317172, 0, 0, 0, 0, 0, 0, 306648, 2140
317172, 0, 0, 0, 0, 0, 0, 306648, 2140
317172, 0, 0, 0, 0, 0, 0, 306648, 2140
317172, 0, 0, 0, 0, 0, 0, 306648, 2140
317172, 0, 0, 0, 0, 0, 0, 306648, 2140
317172, 0, 0, 0, 0, 0, 0, 306648, 2140
317172, 0, 0, 0, 0, 0, 0, 306648, 2140
317172, 0, 0, 0, 0, 0, 0, 306648, 2140
317172, 0, 0, 0, 0, 0, 0, 306648, 2140
317172, 0, 0, 0, 0, 0, 0, 306648, 2140
317172, 0, 0, 0, 0, 0, 0, 306648, 2140
317172, 0, 0, 0, 0, 0, 0, 306648, 2140
317172, 0, 0, 0, 0, 0, 0, 306648, 2140
317172, 0, 0, 0, 0, 0, 0, 306648, 2140
317172, 0, 0, 0, 0, 0, 0, 306648, 2140
317172, 0, 0, 0, 0, 0, 0, 306648, 2140
317172, 0, 0, 0, 0, 0, 0, 306648, 2140
317172, 0, 0, 0, 0, 0, 0, 306648, 2140
317172, 0, 0, 0, 0, 0, 0, 306648, 2140
317172, 0, 0, 0, 0, 0, 0, 306648, 2140
317172, 0, 0, 0, 0, 0, 0, 306648, 2140
317172, 0, 0, 0, 0, 0, 0, 306648, 2140
317172, 0, 0, 0, 0, 0, 0, 306648, 2140
317172, 0, 0, 0, 0, 0, 0, 306648, 2140
317172, 0, 0, 0, 0, 0, 0, 306648, 2140
317172, 0, 0, 0, 0, 0, 0, 306648, 2140
317172, 0, 0, 0, 0, 0, 0, 306648, 2140
317172, 0, 0, 0, 0, 0, 0, 306648, 2140
317172, 0, 0, 0, 0, 0, 0, 306648, 2140
317172, 0, 0, 0, 0, 0, 0, 306648, 2140
317172, 0, 0, 0, 0, 0, 0, 306648, 2140
317172, 0, 0, 0, 0, 0, 0, 306648, 2140
317172, 0, 0, 0, 0, 0, 0, 306648, 2140
317172, 0, 0, 0, 0, 0, 0, 306648, 2140
317172, 0, 0, 0, 0, 0, 0, 306648, 2140
317172, 0, 0, 0, 0, 0, 0, 306648, 2140
317172, 0, 0, 0, 0, 0, 0, 306648, 2140
317172, 0, 0, 0, 0, 0, 0, 306648, 2140
317172, 0, 0, 0, 0, 0, 0, 306648, 2140
317172, 0, 0, 0, 0, 0, 0, 306648, 2140
317172, 0, 0, 0, 0, 0, 0, 306648, 2140
317172, 0, 0, 0, 0, 0, 0, 306648, 2140
317172, 0, 0, 0, 0, 0, 0, 306648, 2140
317172, 0, 0, 0, 0, 0, 0, 306648, 2140
317172, 0, 0, 0, 0, 0, 0, 306648, 2140
317172, 0, 0, 0, 0, 0, 0, 306648, 2140
317172, 0, 0, 0, 0, 0, 0, 306648, 2140
317172, 0, 0, 0, 0, 0, 0, 306648, 2140
317172, 0, 0, 0, 0, 0, 0, 306648, 2140
317172, 0, 0, 0, 0, 0, 0, 306648, 2140
317172, 0, 0, 0, 0, 0, 0, 306648, 2140
317172, 0, 0, 0, 0, 0, 0, 306648, 2140
317172, 0, 0, 0, 0, 0, 0, 306648, 2140
317172, 0, 0, 0, 0, 0, 0, 306648, 2140
317172, 0, 0, 0, 0, 0, 0, 306648, 2140
317172, 0, 0, 0, 0, 0, 0, 306648, 2140
317172, 0, 0, 0, 0, 0, 0, 306648, 2140
317172, 0, 0, 0, 0, 0, 0, 306648, 2140
317172, 0, 0, 0, 0, 0, 0, 306648, 2140
317172, 0, 0, 0, 0, 0, 0, 306648, 2140
317172, 0, 0, 0, 0, 0, 0, 306648, 2140
317172, 0, 0, 0, 0, 0, 0, 306648, 2140
317172, 0, 0, 0, 0, 0, 0, 306648, 2140
317172, 0, 0, 0, 0, 0, 0, 306648, 2140
317172, 0, 0, 0, 0, 0, 0, 306648, 2140
317172, 0, 0, 0, 0, 0, 0, 306648, 2140
317172, 0, 0, 0, 0, 0, 0, 306648, 2140
317172, 0, 0, 0, 0, 0, 0, 306648, 2140
317172, 0, 0, 0, 0, 0, 0, 306648, 2140
317172, 0, 0, 0, 0, 0, 0, 306648, 2140
317172, 0, 0, 0, 0, 0, 0, 306648, 2140
317172, 0, 0, 0, 0, 0, 0, 306648, 2140
317172, 0, 0, 0, 0, 0, 0, 306648, 2140
317172, 0, 0, 0, 0, 0, 0, 306648, 2140
317172, 0, 0, 0, 0, 0, 0, 306648, 2140
317172, 0, 0, 0, 0, 0, 0, 306648, 2140
317172, 0, 0, 0, 0, 0, 0, 306648, 2140
317172, 0, 0, 0, 0, 0, 0, 306648, 2140
317172, 0, 0, 0, 0, 0, 0, 306648, 2140
317172, 0, 0, 0, 0, 0, 0, 306648, 2140
317172, 0, 0, 0, 0, 0, 0, 306648, 2140
317172, 0, 0, 0, 0, 0, 0, 306648, 2140
317172, 0, 0, 0, 0, 0, 0, 306648, 2140
317172, 0, 0, 0, 0, 0, 0, 306648, 2140
317172, 0, 0, 0, 0, 0, 0, 306648, 2140
317172, 0, 0, 0, 0, 0, 0, 306648, 2140
317172, 0, 0, 0, 0, 0, 0, 306648, 2140
317172, 0, 0, 0, 0, 0, 0, 306648, 2140
317172, 0, 0, 0, 0, 0, 0, 306648, 2140
317172, 0, 0, 0, 0, 0, 0, 306648, 2140
317172, 0, 0, 0, 0, 0, 0, 306648, 2140
317172, 0, 0, 0, 0, 0, 0, 306648, 2140
317172, 0, 0, 0, 0, 0, 0, 306648, 2140
317172, 0, 0, 0, 0, 0, 0, 306648, 2140
317172, 0, 0, 0, 0, 0, 0, 306648, 2140
317172, 0, 0, 0, 0, 0, 0, 306648, 2140
317172, 0, 0, 0, 0, 0, 0, 306648, 2140
317172, 0, 0, 0, 0, 0, 0, 306648, 2140
317172, 0, 0, 0, 0, 0, 0, 306648, 2140
317172, 0, 0, 0, 0, 0, 0, 306648, 2140
317172, 0, 0, 0, 0, 0, 0, 306648, 2140
317172, 0, 0, 0, 0, 0, 0, 306648, 2140
317172, 0, 0, 0, 0, 0, 0, 306648, 2140
317172, 0, 0, 0, 0, 0, 0, 306648, 2140
317172, 0, 0, 0, 0, 0, 0, 306648, 2140
317172, 0, 0, 0, 0, 0, 0, 306648, 2140
317172, 0, 0, 0, 0, 0, 0, 306648, 2140
317172, 0, 0, 0, 0, 0, 0, 306648, 2140
317172, 0, 0, 0, 0, 0, 0, 306648, 2140
317172, 0, 0, 0, 0, 0, 0, 306648, 2140
317172, 0, 0, 0, 0, 0, 0, 306648, 2140
317172, 0, 0, 0, 0, 0, 0, 306648, 2140
317172, 0, 0, 0, 0, 0, 0, 306648, 2140
317172, 0, 0, 0, 0, 0, 0, 306648, 2140
317172, 0, 0, 0, 0, 0, 0, 306648, 2140
317172, 0, 0, 0, 0, 0, 0, 306648, 2140
317172, 0, 0, 0, 0, 0, 0, 306648, 2140
317172, 0, 0, 0, 0, 0, 0, 306648, 2140
317172, 0, 0, 0, 0, 0, 0, 306648, 2140
317172, 0, 0, 0, 0, 0, 0, 306648, 2140
317172, 0, 0, 0, 0, 0, 0, 306648, 2140
317172, 0, 0, 0, 0, 0, 0, 306648, 2140
317172, 0, 0, 0, 0, 0, 0, 306648, 2140
317172, 0, 0, 0, 0, 0, 0, 306648, 2140
317172, 0, 0, 0, 0, 0, 0, 306648, 2140
317172, 0, 0, 0, 0, 0, 0, 306648, 2140
317172, 0, 0, 0, 0, 0, 0, 306648, 2140
317172, 0, 0, 0, 0, 0, 0, 306648, 2140
317172, 0, 0, 0, 0, 0, 0, 306648, 2140
317172, 0, 0, 0, 0, 0, 0, 306648, 2140
317172, 0, 0, 0, 0, 0, 0, 306648, 2140
317172, 0, 0, 0, 0, 0, 0, 306648, 2140
317172, 0, 0, 0, 0, 0, 0, 306648, 2140
317172, 0, 0, 0, 0, 0, 0, 306648, 2140
317172, 0, 0, 0, 0, 0, 0, 306648, 2140
317172, 0, 0, 0, 0, 0, 0, 306648, 2140
317172, 0, 0, 0, 0, 0, 0, 306648, 2140
317172, 0, 0, 0, 0, 0, 0, 306648, 2140
317172, 0, 0, 0, 0, 0, 0, 306648, 2140
317172, 0, 0, 0, 0, 0, 0, 306648, 2140
317172, 0, 0, 0, 0, 0, 0, 306648, 2140
317172, 0, 0, 0, 0, 0, 0, 306648, 2140
317172, 0, 0, 0, 0, 0, 0, 306648, 2140
317172, 0, 0, 0, 0, 0, 0, 306648, 2140
317172, 0, 0, 0, 0, 0, 0, 306648, 2140
317172, 0, 0, 0, 0, 0, 0, 306648, 2140
317172, 0, 0, 0, 0, 0, 0, 306648, 2140
317172, 0, 0, 0, 0, 0, 0, 306648, 2140
317172, 0, 0, 0, 0, 0, 0, 306648, 2140
317172, 0, 0, 0, 0, 0, 0, 306648, 2140
317172, 0, 0, 0, 0, 0, 0, 306648, 2140
317172, 0, 0, 0, 0, 0, 0, 306648, 2140
317172, 0, 0, 0, 0, 0, 0, 306648, 2140
317172, 0, 0, 0, 0, 0, 0, 306648, 2140
317172, 0, 0, 0, 0, 0, 0, 306648, 2140
317172, 0, 0, 0, 0, 0, 0, 306648, 2140
317172, 0, 0, 0, 0, 0, 0, 306648, 2140
317172, 0, 0, 0, 0, 0, 0, 306648, 2140
317172, 0, 0, 0, 0, 0, 0, 306648, 2140
317172, 0, 0, 0, 0, 0, 0, 306648, 2140
317172, 0, 0, 0, 0, 0, 0, 306648, 2140
317172, 0, 0, 0, 0, 0, 0, 306648, 2140
317172, 0, 0, 0, 0, 0, 0, 306648, 2140
317172, 0, 0, 0, 0, 0, 0, 306648, 2140
317172, 0, 0, 0, 0, 0, 0, 306648, 2140
317172, 0, 0, 0, 0, 0, 0, 306648, 2140
317172, 0, 0, 0, 0, 0, 0, 306648, 2140
317172, 0, 0, 0, 0, 0, 0, 306648, 2140
317172, 0, 0, 0, 0, 0, 0, 306648, 2140
317172, 0, 0, 0, 0, 0, 0, 306648, 2140
317172, 0, 0, 0, 0, 0, 0, 306648, 2140
317172, 0, 0, 0, 0, 0, 0, 306648, 2140
317172, 0, 0, 0, 0, 0, 0, 306648, 2140
317172, 0, 0, 0, 0, 0, 0, 306648, 2140
317172, 0, 0, 0, 0, 0, 0, 306648, 2140
317172, 0, 0, 0, 0, 0, 0, 306648, 2140
317172, 0, 0, 0, 0, 0, 0, 306648, 2140
317172, 0, 0, 0, 0, 0, 0, 306648, 2140
317172, 0, 0, 0, 0, 0, 0, 306648, 2140
317172, 0, 0, 0, 0, 0, 0, 306648, 2140
317172, 0, 0, 0, 0, 0, 0, 306648, 2140
317172, 0, 0, 0, 0, 0, 0, 306648, 2140
317172, 0, 0, 0, 0, 0, 0, 306648, 2140
317172, 0, 0, 0, 0, 0, 0, 306648, 2140
317172, 0, 0, 0, 0, 0, 0, 306648, 2140
317172, 0, 0, 0, 0, 0, 0, 306648, 2140
317172, 0, 0, 0, 0, 0, 0, 306648, 2140
317172, 0, 0, 0, 0, 0, 0, 306648, 2140
317172, 0, 0, 0, 0, 0, 0, 306648, 2140
317172, 0, 0, 0, 0, 0, 0, 306648, 2140
317172, 0, 0, 0, 0, 0, 0, 306648, 2140
317172, 0, 0, 0, 0, 0, 0, 306648, 2140
317172, 0, 0, 0, 0, 0, 0, 306648, 2140
317172, 0, 0, 0, 0, 0, 0, 306648, 2140
317172, 0, 0, 0, 0, 0, 0, 306648, 2140
317172, 0, 0, 0, 0, 0, 0, 306648, 2140
317172, 0, 0, 0, 0, 0, 0, 306648, 2140
317172, 0, 0, 0, 0, 0, 0, 306648, 2140
317172, 0, 0, 0, 0, 0, 0, 306648, 2140
317172, 0, 0, 0, 0, 0, 0, 306648, 2140
317172, 0, 0, 0, 0, 0, 0, 306648, 2140
317172, 0, 0, 0, 0, 0, 0, 306648, 2140
317172, 0, 0, 0, 0, 0, 0, 306648, 2140
317172, 0, 0, 0, 0, 0, 0, 306648, 2140
317172, 0, 0, 0, 0, 0, 0, 306648, 2140
317172, 0, 0, 0, 0, 0, 0, 306648, 2140
317172, 0, 0, 0, 0, 0, 0, 306648, 2140
317172, 0, 0, 0, 0, 0, 0, 306648, 2140
317172, 0, 0, 0, 0, 0, 0, 306648, 2140
317172, 0, 0, 0, 0, 0, 0, 306648, 2140
317172, 0, 0, 0, 0, 0, 0, 306648, 2140
317172, 0, 0, 0, 0, 0, 0, 306648, 2140
317172, 0, 0, 0, 0, 0, 0, 306648, 2140
317172, 0, 0, 0, 0, 0, 0, 306648, 2140
317172, 0, 0, 0, 0, 0, 0, 306648, 2140
317172, 0, 0, 0, 0, 0, 0, 306648, 2140
317172, 0, 0, 0, 0, 0, 0, 306648, 2140
317172, 0, 0, 0, 0, 0, 0, 306648, 2140
317172, 0, 0, 0, 0, 0, 0, 306648, 2140
317172, 0, 0, 0, 0, 0, 0, 306648, 2140
317172, 0, 0, 0, 0, 0, 0, 306648, 2140
317172, 0, 0, 0, 0, 0, 0, 306648, 2140
317172, 0, 0, 0, 0, 0, 0, 306648, 2140
317172, 0, 0, 0, 0, 0, 0, 306648, 2140
317172, 0, 0, 0, 0, 0, 0, 306648, 2140
317172, 0, 0, 0, 0, 0, 0, 306648, 2140
317172, 0, 0, 0, 0, 0, 0, 306648, 2140
317172, 0, 0, 0, 0, 0, 0, 306648, 2140
317172, 0, 0, 0, 0, 0, 0, 306648, 2140
317172, 0, 0, 0, 0, 0, 0, 306648, 2140
317172, 0, 0, 0, 0, 0, 0, 306648, 2140
317172, 0, 0, 0, 0, 0, 0, 306648, 2140
317172, 0, 0, 0, 0, 0, 0, 306648, 2140
317172, 0, 0, 0, 0, 0, 0, 306648, 2140
317172, 0, 0, 0, 0, 0, 0, 306648, 2140
317172, 0, 0, 0, 0, 0, 0, 306648, 2140
317172, 0, 0, 0, 0, 0, 0, 306648, 2140
317172, 0, 0, 0, 0, 0, 0, 306648, 2140
317172, 0, 0, 0, 0, 0, 0, 306648, 2140
317172, 0, 0, 0, 0, 0, 0, 306648, 2140
317172, 0, 0, 0, 0, 0, 0, 306648, 2140
317172, 0, 0, 0, 0, 0, 0, 306648, 2140
317172, 0, 0, 0, 0, 0, 0, 306648, 2140
317172, 0, 0, 0, 0, 0, 0, 306648, 2140
317172, 0, 0, 0, 0, 0, 0, 306648, 2140
317172, 0, 0, 0, 0, 0, 0, 306648, 2140
317172, 0, 0, 0, 0, 0, 0, 306648, 2140
317172, 0, 0, 0, 0, 0, 0, 306648, 2140
317172, 0, 0, 0, 0, 0, 0, 306648, 2140
317172, 0, 0, 0, 0, 0, 0, 306648, 2140
317172, 0, 0, 0, 0, 0, 0, 306648, 2140
317172, 0, 0, 0, 0, 0, 0, 306648, 2140
317172, 0, 0, 0, 0, 0, 0, 306648, 2140
317172, 0, 0, 0, 0, 0, 0, 306648, 2140
317172, 0, 0, 0, 0, 0, 0, 306648, 2140
317172, 0, 0, 0, 0, 0, 0, 306648, 2140
317172, 0, 0, 0, 0, 0, 0, 306648, 2140
317172, 0, 0, 0, 0, 0, 0, 306648, 2140
317172, 0, 0, 0, 0, 0, 0, 306648, 2140
317172, 0, 0, 0, 0, 0, 0, 306648, 2140
317172, 0, 0, 0, 0, 0, 0, 306648, 2140
317172, 0, 0, 0, 0, 0, 0, 306648, 2140
317172, 0, 0, 0, 0, 0, 0, 306648, 2140
317172, 0, 0, 0, 0, 0, 0, 306648, 2140
317172, 0, 0, 0, 0, 0, 0, 306648, 2140
317172, 0, 0, 0, 0, 0, 0, 306648, 2140
317172, 0, 0, 0, 0, 0, 0, 306648, 2140
317172, 0, 0, 0, 0, 0, 0, 306648, 2140
317172, 0, 0, 0, 0, 0, 0, 306648, 2140
317172, 0, 0, 0, 0, 0, 0, 306648, 2140
317172, 0, 0, 0, 0, 0, 0, 306648, 2140
317172, 0, 0, 0, 0, 0, 0, 306648, 2140
317172, 0, 0, 0, 0, 0, 0, 306648, 2140
317172, 0, 0, 0, 0, 0, 0, 306648, 2140
317172, 0, 0, 0, 0, 0, 0, 306648, 2140
317172, 0, 0, 0, 0, 0, 0, 306648, 2140
317172, 0, 0, 0, 0, 0, 0, 306648, 2140
317172, 0, 0, 0, 0, 0, 0, 306648, 2140
317172, 0, 0, 0, 0, 0, 0, 306648, 2140
317172, 0, 0, 0, 0, 0, 0, 306648, 2140
317172, 0, 0, 0, 0, 0, 0, 306648, 2140
317172, 0, 0, 0, 0, 0, 0, 306648, 2140
317172, 0, 0, 0, 0, 0, 0, 306648, 2140
317172, 0, 0, 0, 0, 0, 0, 306648, 2140
317172, 0, 0, 0, 0, 0, 0, 306648, 2140
317172, 0, 0, 0, 0, 0, 0, 306648, 2140
317172, 0, 0, 0, 0, 0, 0, 306648, 2140
317172, 0, 0, 0, 0, 0, 0, 306648, 2140
317172, 0, 0, 0, 0, 0, 0, 306648, 2140
317172, 0, 0, 0, 0, 0, 0, 306648, 2140
317172, 0, 0, 0, 0, 0, 0, 306648, 2140
317172, 0, 0, 0, 0, 0, 0, 306648, 2140
317172, 0, 0, 0, 0, 0, 0, 306648, 2140
317172, 0, 0, 0, 0, 0, 0, 306648, 2140
317172, 0, 0, 0, 0, 0, 0, 306648, 2140
317172, 0, 0, 0, 0, 0, 0, 306648, 2140
317172, 0, 0, 0, 0, 0, 0, 306648, 2140
317172, 0, 0, 0, 0, 0, 0, 306648, 2140
317172, 0, 0, 0, 0, 0, 0, 306648, 2140
317172, 0, 0, 0, 0, 0, 0, 306648, 2140
317172, 0, 0, 0, 0, 0, 0, 306648, 2140
317172, 0, 0, 0, 0, 0, 0, 306648, 2140
317172, 0, 0, 0, 0, 0, 0, 306648, 2140
317172, 0, 0, 0, 0, 0, 0, 306648, 2140
317172, 0, 0, 0, 0, 0, 0, 306648, 2140
317172, 0, 0, 0, 0, 0, 0, 306648, 2140
317172, 0, 0, 0, 0, 0, 0, 306648, 2140
317172, 0, 0, 0, 0, 0, 0, 306648, 2140
317172, 0, 0, 0, 0, 0, 0, 306648, 2140
317172, 0, 0, 0, 0, 0, 0, 306648, 2140
317172, 0, 0, 0, 0, 0, 0, 306648, 2140
317172, 0, 0, 0, 0, 0, 0, 306648, 2140
317172, 0, 0, 0, 0, 0, 0, 306648, 2140
317172, 0, 0, 0, 0, 0, 0, 306648, 2140
317172, 0, 0, 0, 0, 0, 0, 306648, 2140
317172, 0, 0, 0, 0, 0, 0, 306648, 2140
317172, 0, 0, 0, 0, 0, 0, 306648, 2140
317172, 0, 0, 0, 0, 0, 0, 306648, 2140
317172, 0, 0, 0, 0, 0, 0, 306648, 2140
317172, 0, 0, 0, 0, 0, 0, 306648, 2140
317172, 0, 0, 0, 0, 0, 0, 306648, 2140
317172, 0, 0, 0, 0, 0, 0, 306648, 2140
317172, 0, 0, 0, 0, 0, 0, 306648, 2140
317172, 0, 0, 0, 0, 0, 0, 306648, 2140
317172, 0, 0, 0, 0, 0, 0, 306648, 2140
317172, 0, 0, 0, 0, 0, 0, 306648, 2140
317172, 0, 0, 0, 0, 0, 0, 306648, 2140
317172, 0, 0, 0, 0, 0, 0, 306648, 2140
317172, 0, 0, 0, 0, 0, 0, 306648, 2140
317172, 0, 0, 0, 0, 0, 0, 306648, 2140
317172, 0, 0, 0, 0, 0, 0, 306648, 2140
317172, 0, 0, 0, 0, 0, 0, 306648, 2140
317172, 0, 0, 0, 0, 0, 0, 306648, 2140
317172, 0, 0, 0, 0, 0, 0, 306648, 2140
317172, 0, 0, 0, 0, 0, 0, 306648, 2140
317172, 0, 0, 0, 0, 0, 0, 306648, 2140
317172, 0, 0, 0, 0, 0, 0, 306648, 2140
317172, 0, 0, 0, 0, 0, 0, 306648, 2140
317172, 0, 0, 0, 0, 0, 0, 306648, 2140
317172, 0, 0, 0, 0, 0, 0, 306648, 2140
317172, 0, 0, 0, 0, 0, 0, 306648, 2140
317172, 0, 0, 0, 0, 0, 0, 306648, 2140
317172, 0, 0, 0, 0, 0, 0, 306648, 2140
317172, 0, 0, 0, 0, 0, 0, 306648, 2140
317172, 0, 0, 0, 0, 0, 0, 306648, 2140
317172, 0, 0, 0, 0, 0, 0, 306648, 2140
317172, 0, 0, 0, 0, 0, 0, 306648, 2140
317172, 0, 0, 0, 0, 0, 0, 306648, 2140
317172, 0, 0, 0, 0, 0, 0, 306648, 2140
317172, 0, 0, 0, 0, 0, 0, 306648, 2140
317172, 0, 0, 0, 0, 0, 0, 306648, 2140
317172, 0, 0, 0, 0, 0, 0, 306648, 2140
317172, 0, 0, 0, 0, 0, 0, 306648, 2140
317172, 0, 0, 0, 0, 0, 0, 306648, 2140
317172, 0, 0, 0, 0, 0, 0, 306648, 2140
317172, 0, 0, 0, 0, 0, 0, 306648, 2140
317172, 0, 0, 0, 0, 0, 0, 306648, 2140
317172, 0, 0, 0, 0, 0, 0, 306648, 2140
317172, 0, 0, 0, 0, 0, 0, 306648, 2140
317172, 0, 0, 0, 0, 0, 0, 306648, 2140
317172, 0, 0, 0, 0, 0, 0, 306648, 2140
317172, 0, 0, 0, 0, 0, 0, 306648, 2140
317172, 0, 0, 0, 0, 0, 0, 306648, 2140
317172, 0, 0, 0, 0, 0, 0, 306648, 2140
317172, 0, 0, 0, 0, 0, 0, 306648, 2140
317172, 0, 0, 0, 0, 0, 0, 306648, 2140
317172, 0, 0, 0, 0, 0, 0, 306648, 2140
317172, 0, 0, 0, 0, 0, 0, 306648, 2140
317172, 0, 0, 0, 0, 0, 0, 306648, 2140
317172, 0, 0, 0, 0, 0, 0, 306648, 2140
317172, 0, 0, 0, 0, 0, 0, 306648, 2140
317172, 0, 0, 0, 0, 0, 0, 306648, 2140
317172, 0, 0, 0, 0, 0, 0, 306648, 2140
317172, 0, 0, 0, 0, 0, 0, 306648, 2140
317172, 0, 0, 0, 0, 0, 0, 306648, 2140
317172, 0, 0, 0, 0, 0, 0, 306648, 2140
317172, 0, 0, 0, 0, 0, 0, 306648, 2140
317172, 0, 0, 0, 0, 0, 0, 306648, 2140
317172, 0, 0, 0, 0, 0, 0, 306648, 2140
317172, 0, 0, 0, 0, 0, 0, 306648, 2140
317172, 0, 0, 0, 0, 0, 0, 306648, 2140
317172, 0, 0, 0, 0, 0, 0, 306648, 2140
317172, 0, 0, 0, 0, 0, 0, 306648, 2140
317172, 0, 0, 0, 0, 0, 0, 306648, 2140
317172, 0, 0, 0, 0, 0, 0, 306648, 2140
317172, 0, 0, 0, 0, 0, 0, 306648, 2140
317172, 0, 0, 0, 0, 0, 0, 306648, 2140
317172, 0, 0, 0, 0, 0, 0, 306648, 2140
317172, 0, 0, 0, 0, 0, 0, 306648, 2140
317172, 0, 0, 0, 0, 0, 0, 306648, 2140
317172, 0, 0, 0, 0, 0, 0, 306648, 2140
317172, 0, 0, 0, 0, 0, 0, 306648, 2140
317172, 0, 0, 0, 0, 0, 0, 306648, 2140
317172, 0, 0, 0, 0, 0, 0, 306648, 2140
317172, 0, 0, 0, 0, 0, 0, 306648, 2140
317172, 0, 0, 0, 0, 0, 0, 306648, 2140
317172, 0, 0, 0, 0, 0, 0, 306648, 2140
317172, 0, 0, 0, 0, 0, 0, 306648, 2140
317172, 0, 0, 0, 0, 0, 0, 306648, 2140
317172, 0, 0, 0, 0, 0, 0, 306648, 2140
317172, 0, 0, 0, 0, 0, 0, 306648, 2140
317172, 0, 0, 0, 0, 0, 0, 306648, 2140
317172, 0, 0, 0, 0, 0, 0, 306648, 2140
317172, 0, 0, 0, 0, 0, 0, 306648, 2140
317172, 0, 0, 0, 0, 0, 0, 306648, 2140
317172, 0, 0, 0, 0, 0, 0, 306648, 2140
317172, 0, 0, 0, 0, 0, 0, 306648, 2140
317172, 0, 0, 0, 0, 0, 0, 306648, 2140
317172, 0, 0, 0, 0, 0, 0, 306648, 2140
317172, 0, 0, 0, 0, 0, 0, 306648, 2140
317172, 0, 0, 0, 0, 0, 0, 306648, 2140
317172, 0, 0, 0, 0, 0, 0, 306648, 2140
317172, 0, 0, 0, 0, 0, 0, 306648, 2140
317172, 0, 0, 0, 0, 0, 0, 306648, 2140
317172, 0, 0, 0, 0, 0, 0, 306648, 2140
317172, 0, 0, 0, 0, 0, 0, 306648, 2140
317172, 0, 0, 0, 0, 0, 0, 306648, 2140
317172, 0, 0, 0, 0, 0, 0, 306648, 2140
317172, 0, 0, 0, 0, 0, 0, 306648, 2140
317172, 0, 0, 0, 0, 0, 0, 306648, 2140
317172, 0, 0, 0, 0, 0, 0, 306648, 2140
317172, 0, 0, 0, 0, 0, 0, 306648, 2140
317172, 0, 0, 0, 0, 0, 0, 306648, 2140
317172, 0, 0, 0, 0, 0, 0, 306648, 2140
317172, 0, 0, 0, 0, 0, 0, 306648, 2140
317172, 0, 0, 0, 0, 0, 0, 306648, 2140
317172, 0, 0, 0, 0, 0, 0, 306648, 2140
317172, 0, 0, 0, 0, 0, 0, 306648, 2140
317172, 0, 0, 0, 0, 0, 0, 306648, 2140
317172, 0, 0, 0, 0, 0, 0, 306648, 2140
317172, 0, 0, 0, 0, 0, 0, 306648, 2140
317172, 0, 0, 0, 0, 0, 0, 306648, 2140
317172, 0, 0, 0, 0, 0, 0, 306648, 2140
317172, 0, 0, 0, 0, 0, 0, 306648, 2140
317172, 0, 0, 0, 0, 0, 0, 306648, 2140
317172, 0, 0, 0, 0, 0, 0, 306648, 2140
317172, 0, 0, 0, 0, 0, 0, 306648, 2140
317172, 0, 0, 0, 0, 0, 0, 306648, 2140
317172, 0, 0, 0, 0, 0, 0, 306648, 2140
317172, 0, 0, 0, 0, 0, 0, 306648, 2140
317172, 0, 0, 0, 0, 0, 0, 306648, 2140
317172, 0, 0, 0, 0, 0, 0, 306648, 2140
317172, 0, 0, 0, 0, 0, 0, 306648, 2140
317172, 0, 0, 0, 0, 0, 0, 306648, 2140
317172, 0, 0, 0, 0, 0, 0, 306648, 2140
317172, 0, 0, 0, 0, 0, 0, 306648, 2140
317172, 0, 0, 0, 0, 0, 0, 306648, 2140
317172, 0, 0, 0, 0, 0, 0, 306648, 2140
317172, 0, 0, 0, 0, 0, 0, 306648, 2140
317172, 0, 0, 0, 0, 0, 0, 306648, 2140
317172, 0, 0, 0, 0, 0, 0, 306648, 2140
317172, 0, 0, 0, 0, 0, 0, 306648, 2140
317172, 0, 0, 0, 0, 0, 0, 306648, 2140
317172, 0, 0, 0, 0, 0, 0, 306648, 2140
317172, 0, 0, 0, 0, 0, 0, 306648, 2140
317172, 0, 0, 0, 0, 0, 0, 306648, 2140
317172, 0, 0, 0, 0, 0, 0, 306648, 2140
317172, 0, 0, 0, 0, 0, 0, 306648, 2140
317172, 0, 0, 0, 0, 0, 0, 306648, 2140
317172, 0, 0, 0, 0, 0, 0, 306648, 2140
317172, 0, 0, 0, 0, 0, 0, 306648, 2140
317172, 0, 0, 0, 0, 0, 0, 306648, 2140
317172, 0, 0, 0, 0, 0, 0, 306648, 2140
317172, 0, 0, 0, 0, 0, 0, 306648, 2140
317172, 0, 0, 0, 0, 0, 0, 306648, 2140
317172, 0, 0, 0, 0, 0, 0, 306648, 2140
317172, 0, 0, 0, 0, 0, 0, 306648, 2140
317172, 0, 0, 0, 0, 0, 0, 306648, 2140
317172, 0, 0, 0, 0, 0, 0, 306648, 2140
317172, 0, 0, 0, 0, 0, 0, 306648, 2140
317172, 0, 0, 0, 0, 0, 0, 306648, 2140
317172, 0, 0, 0, 0, 0, 0, 306648, 2140
317172, 0, 0, 0, 0, 0, 0, 306648, 2140
317172, 0, 0, 0, 0, 0, 0, 306648, 2140
317172, 0, 0, 0, 0, 0, 0, 306648, 2140
317172, 0, 0, 0, 0, 0, 0, 306648, 2140
317172, 0, 0, 0, 0, 0, 0, 306648, 2140
317172, 0, 0, 0, 0, 0, 0, 306648, 2140
317172, 0, 0, 0, 0, 0, 0, 306648, 2140
317172, 0, 0, 0, 0, 0, 0, 306648, 2140
317172, 0, 0, 0, 0, 0, 0, 306648, 2140
317172, 0, 0, 0, 0, 0, 0, 306648, 2140
317172, 0, 0, 0, 0, 0, 0, 306648, 2140
317172, 0, 0, 0, 0, 0, 0, 306648, 2140
317172, 0, 0, 0, 0, 0, 0, 306648, 2140
317172, 0, 0, 0, 0, 0, 0, 306648, 2140
317172, 0, 0, 0, 0, 0, 0, 306648, 2140
317172, 0, 0, 0, 0, 0, 0, 306648, 2140
317172, 0, 0, 0, 0, 0, 0, 306648, 2140
317172, 0, 0, 0, 0, 0, 0, 306648, 2140
317172, 0, 0, 0, 0, 0, 0, 306648, 2140
317172, 0, 0, 0, 0, 0, 0, 306648, 2140
317172, 0, 0, 0, 0, 0, 0, 306648, 2140
317172, 0, 0, 0, 0, 0, 0, 306648, 2140
317172, 0, 0, 0, 0, 0, 0, 306648, 2140
317172, 0, 0, 0, 0, 0, 0, 306648, 2140
317172, 0, 0, 0, 0, 0, 0, 306648, 2140
317172, 0, 0, 0, 0, 0, 0, 306648, 2140
317172, 0, 0, 0, 0, 0, 0, 306648, 2140
317172, 0, 0, 0, 0, 0, 0, 306648, 2140
317172, 0, 0, 0, 0, 0, 0, 306648, 2140
317172, 0, 0, 0, 0, 0, 0, 306648, 2140
317172, 0, 0, 0, 0, 0, 0, 306648, 2140
317172, 0, 0, 0, 0, 0, 0, 306648, 2140
317172, 0, 0, 0, 0, 0, 0, 306648, 2140
317172, 0, 0, 0, 0, 0, 0, 306648, 2140
317172, 0, 0, 0, 0, 0, 0, 306648, 2140
317172, 0, 0, 0, 0, 0, 0, 306648, 2140
317172, 0, 0, 0, 0, 0, 0, 306648, 2140
317172, 0, 0, 0, 0, 0, 0, 306648, 2140
317172, 0, 0, 0, 0, 0, 0, 306648, 2140
317172, 0, 0, 0, 0, 0, 0, 306648, 2140
317172, 0, 0, 0, 0, 0, 0, 306648, 2140
317172, 0, 0, 0, 0, 0, 0, 306648, 2140
317172, 0, 0, 0, 0, 0, 0, 306648, 2140
317172, 0, 0, 0, 0, 0, 0, 306648, 2140
317172, 0, 0, 0, 0, 0, 0, 306648, 2140
317172, 0, 0, 0, 0, 0, 0, 306648, 2140
317172, 0, 0, 0, 0, 0, 0, 306648, 2140
317172, 0, 0, 0, 0, 0, 0, 306648, 2140
317172, 0, 0, 0, 0, 0, 0, 306648, 2140
317172, 0, 0, 0, 0, 0, 0, 306648, 2140
317172, 0, 0, 0, 0, 0, 0, 306648, 2140
317172, 0, 0, 0, 0, 0, 0, 306648, 2140
317172, 0, 0, 0, 0, 0, 0, 306648, 2140
317172, 0, 0, 0, 0, 0, 0, 306648, 2140
317172, 0, 0, 0, 0, 0, 0, 306648, 2140
317172, 0, 0, 0, 0, 0, 0, 306648, 2140
317172, 0, 0, 0, 0, 0, 0, 306648, 2140
317172, 0, 0, 0, 0, 0, 0, 306648, 2140
317172, 0, 0, 0, 0, 0, 0, 306648, 2140
317172, 0, 0, 0, 0, 0, 0, 306648, 2140
317172, 0, 0, 0, 0, 0, 0, 306648, 2140
317172, 0, 0, 0, 0, 0, 0, 306648, 2140
317172, 0, 0, 0, 0, 0, 0, 306648, 2140
317172, 0, 0, 0, 0, 0, 0, 306648, 2140
317172, 0, 0, 0, 0, 0, 0, 306648, 2140
317172, 0, 0, 0, 0, 0, 0, 306648, 2140
317172, 0, 0, 0, 0, 0, 0, 306648, 2140
317172, 0, 0, 0, 0, 0, 0, 306648, 2140
317172, 0, 0, 0, 0, 0, 0, 306648, 2140
317172, 0, 0, 0, 0, 0, 0, 306648, 2140
317172, 0, 0, 0, 0, 0, 0, 306648, 2140
317172, 0, 0, 0, 0, 0, 0, 306648, 2140
317172, 0, 0, 0, 0, 0, 0, 306648, 2140
317172, 0, 0, 0, 0, 0, 0, 306648, 2140
317172, 0, 0, 0, 0, 0, 0, 306648, 2140
317172, 0, 0, 0, 0, 0, 0, 306648, 2140
317172, 0, 0, 0, 0, 0, 0, 306648, 2140
317172, 0, 0, 0, 0, 0, 0, 306648, 2140
317172, 0, 0, 0, 0, 0, 0, 306648, 2140
317172, 0, 0, 0, 0, 0, 0, 306648, 2140
317172, 0, 0, 0, 0, 0, 0, 306648, 2140
317172, 0, 0, 0, 0, 0, 0, 306648, 2140
317172, 0, 0, 0, 0, 0, 0, 306648, 2140
317172, 0, 0, 0, 0, 0, 0, 306648, 2140
317172, 0, 0, 0, 0, 0, 0, 306648, 2140
317172, 0, 0, 0, 0, 0, 0, 306648, 2140
317172, 0, 0, 0, 0, 0, 0, 306648, 2140
317172, 0, 0, 0, 0, 0, 0, 306648, 2140
317172, 0, 0, 0, 0, 0, 0, 306648, 2140
317172, 0, 0, 0, 0, 0, 0, 306648, 2140
317172, 0, 0, 0, 0, 0, 0, 306648, 2140
317172, 0, 0, 0, 0, 0, 0, 306648, 2140
317172, 0, 0, 0, 0, 0, 0, 306648, 2140
317172, 0, 0, 0, 0, 0, 0, 306648, 2140
317172, 0, 0, 0, 0, 0, 0, 306648, 2140
317172, 0, 0, 0, 0, 0, 0, 306648, 2140
317172, 0, 0, 0, 0, 0, 0, 306648, 2140
317172, 0, 0, 0, 0, 0, 0, 306648, 2140
317172, 0, 0, 0, 0, 0, 0, 306648, 2140
317172, 0, 0, 0, 0, 0, 0, 306648, 2140
317172, 0, 0, 0, 0, 0, 0, 306648, 2140
317172, 0, 0, 0, 0, 0, 0, 306648, 2140
317172, 0, 0, 0, 0, 0, 0, 306648, 2140
317172, 0, 0, 0, 0, 0, 0, 306648, 2140
317172, 0, 0, 0, 0, 0, 0, 306648, 2140
317172, 0, 0, 0, 0, 0, 0, 306648, 2140
317172, 0, 0, 0, 0, 0, 0, 306648, 2140
317172, 0, 0, 0, 0, 0, 0, 306648, 2140
317172, 0, 0, 0, 0, 0, 0, 306648, 2140
317172, 0, 0, 0, 0, 0, 0, 306648, 2140
317172, 0, 0, 0, 0, 0, 0, 306648, 2140
317172, 0, 0, 0, 0, 0, 0, 306648, 2140
317172, 0, 0, 0, 0, 0, 0, 306648, 2140
317172, 0, 0, 0, 0, 0, 0, 306648, 2140
317172, 0, 0, 0, 0, 0, 0, 306648, 2140
317172, 0, 0, 0, 0, 0, 0, 306648, 2140
317172, 0, 0, 0, 0, 0, 0, 306648, 2140
317172, 0, 0, 0, 0, 0, 0, 306648, 2140
317172, 0, 0, 0, 0, 0, 0, 306648, 2140
317172, 0, 0, 0, 0, 0, 0, 306648, 2140
317172, 0, 0, 0, 0, 0, 0, 306648, 2140
317172, 0, 0, 0, 0, 0, 0, 306648, 2140
317172, 0, 0, 0, 0, 0, 0, 306648, 2140
317172, 0, 0, 0, 0, 0, 0, 306648, 2140
317172, 0, 0, 0, 0, 0, 0, 306648, 2140
317172, 0, 0, 0, 0, 0, 0, 306648, 2140
317172, 0, 0, 0, 0, 0, 0, 306648, 2140
317172, 0, 0, 0, 0, 0, 0, 306648, 2140
317172, 0, 0, 0, 0, 0, 0, 306648, 2140
317172, 0, 0, 0, 0, 0, 0, 306648, 2140
317172, 0, 0, 0, 0, 0, 0, 306648, 2140
317172, 0, 0, 0, 0, 0, 0, 306648, 2140
317172, 0, 0, 0, 0, 0, 0, 306648, 2140
317172, 0, 0, 0, 0, 0, 0, 306648, 2140
317172, 0, 0, 0, 0, 0, 0, 306648, 2140
317172, 0, 0, 0, 0, 0, 0, 306648, 2140
317172, 0, 0, 0, 0, 0, 0, 306648, 2140
317172, 0, 0, 0, 0, 0, 0, 306648, 2140
317172, 0, 0, 0, 0, 0, 0, 306648, 2140
317172, 0, 0, 0, 0, 0, 0, 306648, 2140
317172, 0, 0, 0, 0, 0, 0, 306648, 2140
317172, 0, 0, 0, 0, 0, 0, 306648, 2140
317172, 0, 0, 0, 0, 0, 0, 306648, 2140
317172, 0, 0, 0, 0, 0, 0, 306648, 2140
317172, 0, 0, 0, 0, 0, 0, 306648, 2140
317172, 0, 0, 0, 0, 0, 0, 306648, 2140
317172, 0, 0, 0, 0, 0, 0, 306648, 2140
317172, 0, 0, 0, 0, 0, 0, 306648, 2140
317172, 0, 0, 0, 0, 0, 0, 306648, 2140
317172, 0, 0, 0, 0, 0, 0, 306648, 2140
317172, 0, 0, 0, 0, 0, 0, 306648, 2140
317172, 0, 0, 0, 0, 0, 0, 306648, 2140
317172, 0, 0, 0, 0, 0, 0, 306648, 2140
317172, 0, 0, 0, 0, 0, 0, 306648, 2140
317172, 0, 0, 0, 0, 0, 0, 306648, 2140
317172, 0, 0, 0, 0, 0, 0, 306648, 2140
317172, 0, 0, 0, 0, 0, 0, 306648, 2140
317172, 0, 0, 0, 0, 0, 0, 306648, 2140
317172, 0, 0, 0, 0, 0, 0, 306648, 2140
317172, 0, 0, 0, 0, 0, 0, 306648, 2140
317172, 0, 0, 0, 0, 0, 0, 306648, 2140
317172, 0, 0, 0, 0, 0, 0, 306648, 2140
317172, 0, 0, 0, 0, 0, 0, 306648, 2140
317172, 0, 0, 0, 0, 0, 0, 306648, 2140
317172, 0, 0, 0, 0, 0, 0, 306648, 2140
317172, 0, 0, 0, 0, 0, 0, 306648, 2140
317172, 0, 0, 0, 0, 0, 0, 306648, 2140
317172, 0, 0, 0, 0, 0, 0, 306648, 2140
317172, 0, 0, 0, 0, 0, 0, 306648, 2140
317172, 0, 0, 0, 0, 0, 0, 306648, 2140
317172, 0, 0, 0, 0, 0, 0, 306648, 2140
317172, 0, 0, 0, 0, 0, 0, 306648, 2140
317172, 0, 0, 0, 0, 0, 0, 306648, 2140
317172, 0, 0, 0, 0, 0, 0, 306648, 2140
317172, 0, 0, 0, 0, 0, 0, 306648, 2140
317172, 0, 0, 0, 0, 0, 0, 306648, 2140
317172, 0, 0, 0, 0, 0, 0, 306648, 2140
317172, 0, 0, 0, 0, 0, 0, 306648, 2140
317172, 0, 0, 0, 0, 0, 0, 306648, 2140
317172, 0, 0, 0, 0, 0, 0, 306648, 2140
317172, 0, 0, 0, 0, 0, 0, 306648, 2140
317172, 0, 0, 0, 0, 0, 0, 306648, 2140
317172, 0, 0, 0, 0, 0, 0, 306648, 2140
317172, 0, 0, 0, 0, 0, 0, 306648, 2140
317172, 0, 0, 0, 0, 0, 0, 306648, 2140
317172, 0, 0, 0, 0, 0, 0, 306648, 2140
317172, 0, 0, 0, 0, 0, 0, 306648, 2140
317172, 0, 0, 0, 0, 0, 0, 306648, 2140
317172, 0, 0, 0, 0, 0, 0, 306648, 2140
317172, 0, 0, 0, 0, 0, 0, 306648, 2140
317172, 0, 0, 0, 0, 0, 0, 306648, 2140
317172, 0, 0, 0, 0, 0, 0, 306648, 2140
317172, 0, 0, 0, 0, 0, 0, 306648, 2140
317172, 0, 0, 0, 0, 0, 0, 306648, 2140
317172, 0, 0, 0, 0, 0, 0, 306648, 2140
317172, 0, 0, 0, 0, 0, 0, 306648, 2140
317172, 0, 0, 0, 0, 0, 0, 306648, 2140
317172, 0, 0, 0, 0, 0, 0, 306648, 2140
317172, 0, 0, 0, 0, 0, 0, 306648, 2140
317172, 0, 0, 0, 0, 0, 0, 306648, 2140
317172, 0, 0, 0, 0, 0, 0, 306648, 2140
317172, 0, 0, 0, 0, 0, 0, 306648, 2140
317172, 0, 0, 0, 0, 0, 0, 306648, 2140
317172, 0, 0, 0, 0, 0, 0, 306648, 2140
317172, 0, 0, 0, 0, 0, 0, 306648, 2140
317172, 0, 0, 0, 0, 0, 0, 306648, 2140
317172, 0, 0, 0, 0, 0, 0, 306648, 2140
317172, 0, 0, 0, 0, 0, 0, 306648, 2140
317172, 0, 0, 0, 0, 0, 0, 306648, 2140
317172, 0, 0, 0, 0, 0, 0, 306648, 2140
317172, 0, 0, 0, 0, 0, 0, 306648, 2140
317172, 0, 0, 0, 0, 0, 0, 306648, 2140
317172, 0, 0, 0, 0, 0, 0, 306648, 2140
317172, 0, 0, 0, 0, 0, 0, 306648, 2140
317172, 0, 0, 0, 0, 0, 0, 306648, 2140
317172, 0, 0, 0, 0, 0, 0, 306648, 2140
317172, 0, 0, 0, 0, 0, 0, 306648, 2140
317172, 0, 0, 0, 0, 0, 0, 306648, 2140
317172, 0, 0, 0, 0, 0, 0, 306648, 2140
317172, 0, 0, 0, 0, 0, 0, 306648, 2140
317172, 0, 0, 0, 0, 0, 0, 306648, 2140
317172, 0, 0, 0, 0, 0, 0, 306648, 2140
317172, 0, 0, 0, 0, 0, 0, 306648, 2140
317172, 0, 0, 0, 0, 0, 0, 306648, 2140
317172, 0, 0, 0, 0, 0, 0, 306648, 2140
317172, 0, 0, 0, 0, 0, 0, 306648, 2140
317172, 0, 0, 0, 0, 0, 0, 306648, 2140
317172, 0, 0, 0, 0, 0, 0, 306648, 2140
317172, 0, 0, 0, 0, 0, 0, 306648, 2140
317172, 0, 0, 0, 0, 0, 0, 306648, 2140
317172, 0, 0, 0, 0, 0, 0, 306648, 2140
317172, 0, 0, 0, 0, 0, 0, 306648, 2140
317172, 0, 0, 0, 0, 0, 0, 306648, 2140
317172, 0, 0, 0, 0, 0, 0, 306648, 2140
317172, 0, 0, 0, 0, 0, 0, 306648, 2140
317172, 0, 0, 0, 0, 0, 0, 306648, 2140
317172, 0, 0, 0, 0, 0, 0, 306648, 2140
317172, 0, 0, 0, 0, 0, 0, 306648, 2140
317172, 0, 0, 0, 0, 0, 0, 306648, 2140
317172, 0, 0, 0, 0, 0, 0, 306648, 2140
317172, 0, 0, 0, 0, 0, 0, 306648, 2140
317172, 0, 0, 0, 0, 0, 0, 306648, 2140
317172, 0, 0, 0, 0, 0, 0, 306648, 2140
317172, 0, 0, 0, 0, 0, 0, 306648, 2140
317172, 0, 0, 0, 0, 0, 0, 306648, 2140
317172, 0, 0, 0, 0, 0, 0, 306648, 2140
317172, 0, 0, 0, 0, 0, 0, 306648, 2140
317172, 0, 0, 0, 0, 0, 0, 306648, 2140
317172, 0, 0, 0, 0, 0, 0, 306648, 2140
317172, 0, 0, 0, 0, 0, 0, 306648, 2140
317172, 0, 0, 0, 0, 0, 0, 306648, 2140
317172, 0, 0, 0, 0, 0, 0, 306648, 2140
317172, 0, 0, 0, 0, 0, 0, 306648, 2140
317172, 0, 0, 0, 0, 0, 0, 306648, 2140
317172, 0, 0, 0, 0, 0, 0, 306648, 2140
317172, 0, 0, 0, 0, 0, 0, 306648, 2140
317172, 0, 0, 0, 0, 0, 0, 306648, 2140
317172, 0, 0, 0, 0, 0, 0, 306648, 2140
317172, 0, 0, 0, 0, 0, 0, 306648, 2140
317172, 0, 0, 0, 0, 0, 0, 306648, 2140
317172, 0, 0, 0, 0, 0, 0, 306648, 2140
317172, 0, 0, 0, 0, 0, 0, 306648, 2140
317172, 0, 0, 0, 0, 0, 0, 306648, 2140
317172, 0, 0, 0, 0, 0, 0, 306648, 2140
317172, 0, 0, 0, 0, 0, 0, 306648, 2140
317172, 0, 0, 0, 0, 0, 0, 306648, 2140
317172, 0, 0, 0, 0, 0, 0, 306648, 2140
317172, 0, 0, 0, 0, 0, 0, 306648, 2140
317172, 0, 0, 0, 0, 0, 0, 306648, 2140
317172, 0, 0, 0, 0, 0, 0, 306648, 2140
317172, 0, 0, 0, 0, 0, 0, 306648, 2140
317172, 0, 0, 0, 0, 0, 0, 306648, 2140
317172, 0, 0, 0, 0, 0, 0, 306648, 2140
317172, 0, 0, 0, 0, 0, 0, 306648, 2140
317172, 0, 0, 0, 0, 0, 0, 306648, 2140
317172, 0, 0, 0, 0, 0, 0, 306648, 2140
317172, 0, 0, 0, 0, 0, 0, 306648, 2140
317172, 0, 0, 0, 0, 0, 0, 306648, 2140
317172, 0, 0, 0, 0, 0, 0, 306648, 2140
317172, 0, 0, 0, 0, 0, 0, 306648, 2140
317172, 0, 0, 0, 0, 0, 0, 306648, 2140
317172, 0, 0, 0, 0, 0, 0, 306648, 2140
317172, 0, 0, 0, 0, 0, 0, 306648, 2140
317172, 0, 0, 0, 0, 0, 0, 306648, 2140
317172, 0, 0, 0, 0, 0, 0, 306648, 2140
317172, 0, 0, 0, 0, 0, 0, 306648, 2140
317172, 0, 0, 0, 0, 0, 0, 306648, 2140
317172, 0, 0, 0, 0, 0, 0, 306648, 2140
317172, 0, 0, 0, 0, 0, 0, 306648, 2140
317172, 0, 0, 0, 0, 0, 0, 306648, 2140
317172, 0, 0, 0, 0, 0, 0, 306648, 2140
317172, 0, 0, 0, 0, 0, 0, 306648, 2140
317172, 0, 0, 0, 0, 0, 0, 306648, 2140
317172, 0, 0, 0, 0, 0, 0, 306648, 2140
317172, 0, 0, 0, 0, 0, 0, 306648, 2140
317172, 0, 0, 0, 0, 0, 0, 306648, 2140
317172, 0, 0, 0, 0, 0, 0, 306648, 2140
317172, 0, 0, 0, 0, 0, 0, 306648, 2140
317172, 0, 0, 0, 0, 0, 0, 306648, 2140
317172, 0, 0, 0, 0, 0, 0, 306648, 2140
317172, 0, 0, 0, 0, 0, 0, 306648, 2140
317172, 0, 0, 0, 0, 0, 0, 306648, 2140
317172, 0, 0, 0, 0, 0, 0, 306648, 2140
317172, 0, 0, 0, 0, 0, 0, 306648, 2140
317172, 0, 0, 0, 0, 0, 0, 306648, 2140
317172, 0, 0, 0, 0, 0, 0, 306648, 2140
317172, 0, 0, 0, 0, 0, 0, 306648, 2140
317172, 0, 0, 0, 0, 0, 0, 306648, 2140
317172, 0, 0, 0, 0, 0, 0, 306648, 2140
317172, 0, 0, 0, 0, 0, 0, 306648, 2140
317172, 0, 0, 0, 0, 0, 0, 306648, 2140
317172, 0, 0, 0, 0, 0, 0, 306648, 2140
317172, 0, 0, 0, 0, 0, 0, 306648, 2140
317172, 0, 0, 0, 0, 0, 0, 306648, 2140
317172, 0, 0, 0, 0, 0, 0, 306648, 2140
317172, 0, 0, 0, 0, 0, 0, 306648, 2140
317172, 0, 0, 0, 0, 0, 0, 306648, 2140
317172, 0, 0, 0, 0, 0, 0, 306648, 2140
317172, 0, 0, 0, 0, 0, 0, 306648, 2140
317172, 0, 0, 0, 0, 0, 0, 306648, 2140
317172, 0, 0, 0, 0, 0, 0, 306648, 2140
317172, 0, 0, 0, 0, 0, 0, 306648, 2140
317172, 0, 0, 0, 0, 0, 0, 306648, 2140
317172, 0, 0, 0, 0, 0, 0, 306648, 2140
317172, 0, 0, 0, 0, 0, 0, 306648, 2140
317172, 0, 0, 0, 0, 0, 0, 306648, 2140
317172, 0, 0, 0, 0, 0, 0, 306648, 2140
317172, 0, 0, 0, 0, 0, 0, 306648, 2140
317172, 0, 0, 0, 0, 0, 0, 306648, 2140
317172, 0, 0, 0, 0, 0, 0, 306648, 2140
317172, 0, 0, 0, 0, 0, 0, 306648, 2140
317172, 0, 0, 0, 0, 0, 0, 306648, 2140
317172, 0, 0, 0, 0, 0, 0, 306648, 2140
317172, 0, 0, 0, 0, 0, 0, 306648, 2140
317172, 0, 0, 0, 0, 0, 0, 306648, 2140
317172, 0, 0, 0, 0, 0, 0, 306648, 2140
317172, 0, 0, 0, 0, 0, 0, 306648, 2140
317172, 0, 0, 0, 0, 0, 0, 306648, 2140
317172, 0, 0, 0, 0, 0, 0, 306648, 2140
317172, 0, 0, 0, 0, 0, 0, 306648, 2140
317172, 0, 0, 0, 0, 0, 0, 306648, 2140
317172, 0, 0, 0, 0, 0, 0, 306648, 2140
317172, 0, 0, 0, 0, 0, 0, 306648, 2140
317172, 0, 0, 0, 0, 0, 0, 306648, 2140
317172, 0, 0, 0, 0, 0, 0, 306648, 2140
317172, 0, 0, 0, 0, 0, 0, 306648, 2140
317172, 0, 0, 0, 0, 0, 0, 306648, 2140
317172, 0, 0, 0, 0, 0, 0, 306648, 2140
317172, 0, 0, 0, 0, 0, 0, 306648, 2140
317172, 0, 0, 0, 0, 0, 0, 306648, 2140
317172, 0, 0, 0, 0, 0, 0, 306648, 2140
317172, 0, 0, 0, 0, 0, 0, 306648, 2140
317172, 0, 0, 0, 0, 0, 0, 306648, 2140
317172, 0, 0, 0, 0, 0, 0, 306648, 2140
317172, 0, 0, 0, 0, 0, 0, 306648, 2140
317172, 0, 0, 0, 0, 0, 0, 306648, 2140
317172, 0, 0, 0, 0, 0, 0, 306648, 2140
317172, 0, 0, 0, 0, 0, 0, 306648, 2140
317172, 0, 0, 0, 0, 0, 0, 306648, 2140
317172, 0, 0, 0, 0, 0, 0, 306648, 2140
317172, 0, 0, 0, 0, 0, 0, 306648, 2140
317172, 0, 0, 0, 0, 0, 0, 306648, 2140
317172, 0, 0, 0, 0, 0, 0, 306648, 2140
317172, 0, 0, 0, 0, 0, 0, 306648, 2140
317172, 0, 0, 0, 0, 0, 0, 306648, 2140
317172, 0, 0, 0, 0, 0, 0, 306648, 2140
317172, 0, 0, 0, 0, 0, 0, 306648, 2140
317172, 0, 0, 0, 0, 0, 0, 306648, 2140
317172, 0, 0, 0, 0, 0, 0, 306648, 2140
317172, 0, 0, 0, 0, 0, 0, 306648, 2140
317172, 0, 0, 0, 0, 0, 0, 306648, 2140
317172, 0, 0, 0, 0, 0, 0, 306648, 2140
317172, 0, 0, 0, 0, 0, 0, 306648, 2140
317172, 0, 0, 0, 0, 0, 0, 306648, 2140
317172, 0, 0, 0, 0, 0, 0, 306648, 2140
317172, 0, 0, 0, 0, 0, 0, 306648, 2140
317172, 0, 0, 0, 0, 0, 0, 306648, 2140
317172, 0, 0, 0, 0, 0, 0, 306648, 2140
317172, 0, 0, 0, 0, 0, 0, 306648, 2140
317172, 0, 0, 0, 0, 0, 0, 306648, 2140
317172, 0, 0, 0, 0, 0, 0, 306648, 2140
317172, 0, 0, 0, 0, 0, 0, 306648, 2140
317172, 0, 0, 0, 0, 0, 0, 306648, 2140
317172, 0, 0, 0, 0, 0, 0, 306648, 2140
317172, 0, 0, 0, 0, 0, 0, 306648, 2140
317172, 0, 0, 0, 0, 0, 0, 306648, 2140
317172, 0, 0, 0, 0, 0, 0, 306648, 2140
317172, 0, 0, 0, 0, 0, 0, 306648, 2140
317172, 0, 0, 0, 0, 0, 0, 306648, 2140
317172, 0, 0, 0, 0, 0, 0, 306648, 2140
317172, 0, 0, 0, 0, 0, 0, 306648, 2140
317172, 0, 0, 0, 0, 0, 0, 306648, 2140
317172, 0, 0, 0, 0, 0, 0, 306648, 2140
317172, 0, 0, 0, 0, 0, 0, 306648, 2140
317172, 0, 0, 0, 0, 0, 0, 306648, 2140
317172, 0, 0, 0, 0, 0, 0, 306648, 2140
317172, 0, 0, 0, 0, 0, 0, 306648, 2140
317172, 0, 0, 0, 0, 0, 0, 306648, 2140
317172, 0, 0, 0, 0, 0, 0, 306648, 2140
317172, 0, 0, 0, 0, 0, 0, 306648, 2140
317172, 0, 0, 0, 0, 0, 0, 306648, 2140
317172, 0, 0, 0, 0, 0, 0, 306648, 2140
317172, 0, 0, 0, 0, 0, 0, 306648, 2140
317172, 0, 0, 0, 0, 0, 0, 306648, 2140
317172, 0, 0, 0, 0, 0, 0, 306648, 2140
317172, 0, 0, 0, 0, 0, 0, 306648, 2140
317172, 0, 0, 0, 0, 0, 0, 306648, 2140
317172, 0, 0, 0, 0, 0, 0, 306648, 2140
317172, 0, 0, 0, 0, 0, 0, 306648, 2140
317172, 0, 0, 0, 0, 0, 0, 306648, 2140
317172, 0, 0, 0, 0, 0, 0, 306648, 2140
317172, 0, 0, 0, 0, 0, 0, 306648, 2140
317172, 0, 0, 0, 0, 0, 0, 306648, 2140
317172, 0, 0, 0, 0, 0, 0, 306648, 2140
317172, 0, 0, 0, 0, 0, 0, 306648, 2140
317172, 0, 0, 0, 0, 0, 0, 306648, 2140
317172, 0, 0, 0, 0, 0, 0, 306648, 2140
317172, 0, 0, 0, 0, 0, 0, 306648, 2140
317172, 0, 0, 0, 0, 0, 0, 306648, 2140
317172, 0, 0, 0, 0, 0, 0, 306648, 2140
317172, 0, 0, 0, 0, 0, 0, 306648, 2140
317172, 0, 0, 0, 0, 0, 0, 306648, 2140
317172, 0, 0, 0, 0, 0, 0, 306648, 2140
317172, 0, 0, 0, 0, 0, 0, 306648, 2140
317172, 0, 0, 0, 0, 0, 0, 306648, 2140
317172, 0, 0, 0, 0, 0, 0, 306648, 2140
317172, 0, 0, 0, 0, 0, 0, 306648, 2140
317172, 0, 0, 0, 0, 0, 0, 306648, 2140
317172, 0, 0, 0, 0, 0, 0, 306648, 2140
317172, 0, 0, 0, 0, 0, 0, 306648, 2140
317172, 0, 0, 0, 0, 0, 0, 306648, 2140
317172, 0, 0, 0, 0, 0, 0, 306648, 2140
317172, 0, 0, 0, 0, 0, 0, 306648, 2140
317172, 0, 0, 0, 0, 0, 0, 306648, 2140
317172, 0, 0, 0, 0, 0, 0, 306648, 2140
317172, 0, 0, 0, 0, 0, 0, 306648, 2140
317172, 0, 0, 0, 0, 0, 0, 306648, 2140
317172, 0, 0, 0, 0, 0, 0, 306648, 2140
317172, 0, 0, 0, 0, 0, 0, 306648, 2140
317172, 0, 0, 0, 0, 0, 0, 306648, 2140
317172, 0, 0, 0, 0, 0, 0, 306648, 2140
317172, 0, 0, 0, 0, 0, 0, 306648, 2140
317172, 0, 0, 0, 0, 0, 0, 306648, 2140
317172, 0, 0, 0, 0, 0, 0, 306648, 2140
317172, 0, 0, 0, 0, 0, 0, 306648, 2140
317172, 0, 0, 0, 0, 0, 0, 306648, 2140
317172, 0, 0, 0, 0, 0, 0, 306648, 2140
317172, 0, 0, 0, 0, 0, 0, 306648, 2140
317172, 0, 0, 0, 0, 0, 0, 306648, 2140
317172, 0, 0, 0, 0, 0, 0, 306648, 2140
317172, 0, 0, 0, 0, 0, 0, 306648, 2140
317172, 0, 0, 0, 0, 0, 0, 306648, 2140
317172, 0, 0, 0, 0, 0, 0, 306648, 2140
317172, 0, 0, 0, 0, 0, 0, 306648, 2140
317172, 0, 0, 0, 0, 0, 0, 306648, 2140
317172, 0, 0, 0, 0, 0, 0, 306648, 2140
317172, 0, 0, 0, 0, 0, 0, 306648, 2140
317172, 0, 0, 0, 0, 0, 0, 306648, 2140
317172, 0, 0, 0, 0, 0, 0, 306648, 2140
317172, 0, 0, 0, 0, 0, 0, 306648, 2140
317172, 0, 0, 0, 0, 0, 0, 306648, 2140
317172, 0, 0, 0, 0, 0, 0, 306648, 2140
317172, 0, 0, 0, 0, 0, 0, 306648, 2140
317172, 0, 0, 0, 0, 0, 0, 306648, 2140
317172, 0, 0, 0, 0, 0, 0, 306648, 2140
317172, 0, 0, 0, 0, 0, 0, 306648, 2140
317172, 0, 0, 0, 0, 0, 0, 306648, 2140
317172, 0, 0, 0, 0, 0, 0, 306648, 2140
317172, 0, 0, 0, 0, 0, 0, 306648, 2140
317172, 0, 0, 0, 0, 0, 0, 306648, 2140
317172, 0, 0, 0, 0, 0, 0, 306648, 2140
317172, 0, 0, 0, 0, 0, 0, 306648, 2140
317172, 0, 0, 0, 0, 0, 0, 306648, 2140
317172, 0, 0, 0, 0, 0, 0, 306648, 2140
317172, 0, 0, 0, 0, 0, 0, 306648, 2140
317172, 0, 0, 0, 0, 0, 0, 306648, 2140
317172, 0, 0, 0, 0, 0, 0, 306648, 2140
317172, 0, 0, 0, 0, 0, 0, 306648, 2140
317172, 0, 0, 0, 0, 0, 0, 306648, 2140
317172, 0, 0, 0, 0, 0, 0, 306648, 2140
317172, 0, 0, 0, 0, 0, 0, 306648, 2140
317172, 0, 0, 0, 0, 0, 0, 306648, 2140
317172, 0, 0, 0, 0, 0, 0, 306648, 2140
317172, 0, 0, 0, 0, 0, 0, 306648, 2140
317172, 0, 0, 0, 0, 0, 0, 306648, 2140
317172, 0, 0, 0, 0, 0, 0, 306648, 2140
317172, 0, 0, 0, 0, 0, 0, 306648, 2140
317172, 0, 0, 0, 0, 0, 0, 306648, 2140
317172, 0, 0, 0, 0, 0, 0, 306648, 2140
317172, 0, 0, 0, 0, 0, 0, 306648, 2140
317172, 0, 0, 0, 0, 0, 0, 306648, 2140
317172, 0, 0, 0, 0, 0, 0, 306648, 2140
317172, 0, 0, 0, 0, 0, 0, 306648, 2140
317172, 0, 0, 0, 0, 0, 0, 306648, 2140
317172, 0, 0, 0, 0, 0, 0, 306648, 2140
317172, 0, 0, 0, 0, 0, 0, 306648, 2140
317172, 0, 0, 0, 0, 0, 0, 306648, 2140
317172, 0, 0, 0, 0, 0, 0, 306648, 2140
317172, 0, 0, 0, 0, 0, 0, 306648, 2140
317172, 0, 0, 0, 0, 0, 0, 306648, 2140
317172, 0, 0, 0, 0, 0, 0, 306648, 2140
317172, 0, 0, 0, 0, 0, 0, 306648, 2140
317172, 0, 0, 0, 0, 0, 0, 306648, 2140
317172, 0, 0, 0, 0, 0, 0, 306648, 2140
317172, 0, 0, 0, 0, 0, 0, 306648, 2140
317172, 0, 0, 0, 0, 0, 0, 306648, 2140
317172, 0, 0, 0, 0, 0, 0, 306648, 2140
317172, 0, 0, 0, 0, 0, 0, 306648, 2140
317172, 0, 0, 0, 0, 0, 0, 306648, 2140
317172, 0, 0, 0, 0, 0, 0, 306648, 2140
317172, 0, 0, 0, 0, 0, 0, 306648, 2140
317172, 0, 0, 0, 0, 0, 0, 306648, 2140
317172, 0, 0, 0, 0, 0, 0, 306648, 2140
317172, 0, 0, 0, 0, 0, 0, 306648, 2140
317172, 0, 0, 0, 0, 0, 0, 306648, 2140
317172, 0, 0, 0, 0, 0, 0, 306648, 2140
317172, 0, 0, 0, 0, 0, 0, 306648, 2140
317172, 0, 0, 0, 0, 0, 0, 306648, 2140
317172, 0, 0, 0, 0, 0, 0, 306648, 2140
317172, 0, 0, 0, 0, 0, 0, 306648, 2140
317172, 0, 0, 0, 0, 0, 0, 306648, 2140
317172, 0, 0, 0, 0, 0, 0, 306648, 2140
317172, 0, 0, 0, 0, 0, 0, 306648, 2140
317172, 0, 0, 0, 0, 0, 0, 306648, 2140
317172, 0, 0, 0, 0, 0, 0, 306648, 2140
317172, 0, 0, 0, 0, 0, 0, 306648, 2140
317172, 0, 0, 0, 0, 0, 0, 306648, 2140
317172, 0, 0, 0, 0, 0, 0, 306648, 2140
317172, 0, 0, 0, 0, 0, 0, 306648, 2140
317172, 0, 0, 0, 0, 0, 0, 306648, 2140
317172, 0, 0, 0, 0, 0, 0, 306648, 2140
317172, 0, 0, 0, 0, 0, 0, 306648, 2140
317172, 0, 0, 0, 0, 0, 0, 306648, 2140
317172, 0, 0, 0, 0, 0, 0, 306648, 2140
317172, 0, 0, 0, 0, 0, 0, 306648, 2140
317172, 0, 0, 0, 0, 0, 0, 306648, 2140
317172, 0, 0, 0, 0, 0, 0, 306648, 2140
317172, 0, 0, 0, 0, 0, 0, 306648, 2140
317172, 0, 0, 0, 0, 0, 0, 306648, 2140
317172, 0, 0, 0, 0, 0, 0, 306648, 2140
317172, 0, 0, 0, 0, 0, 0, 306648, 2140
317172, 0, 0, 0, 0, 0, 0, 306648, 2140
317172, 0, 0, 0, 0, 0, 0, 306648, 2140
317172, 0, 0, 0, 0, 0, 0, 306648, 2140
317172, 0, 0, 0, 0, 0, 0, 306648, 2140
317172, 0, 0, 0, 0, 0, 0, 306648, 2140
317172, 0, 0, 0, 0, 0, 0, 306648, 2140
317172, 0, 0, 0, 0, 0, 0, 306648, 2140
317172, 0, 0, 0, 0, 0, 0, 306648, 2140
317172, 0, 0, 0, 0, 0, 0, 306648, 2140
317172, 0, 0, 0, 0, 0, 0, 306648, 2140
317172, 0, 0, 0, 0, 0, 0, 306648, 2140
317172, 0, 0, 0, 0, 0, 0, 306648, 2140
317172, 0, 0, 0, 0, 0, 0, 306648, 2140
317172, 0, 0, 0, 0, 0, 0, 306648, 2140
317172, 0, 0, 0, 0, 0, 0, 306648, 2140
317172, 0, 0, 0, 0, 0, 0, 306648, 2140
317172, 0, 0, 0, 0, 0, 0, 306648, 2140
317172, 0, 0, 0, 0, 0, 0, 306648, 2140
317172, 0, 0, 0, 0, 0, 0, 306648, 2140
317172, 0, 0, 0, 0, 0, 0, 306648, 2140
317172, 0, 0, 0, 0, 0, 0, 306648, 2140
317172, 0, 0, 0, 0, 0, 0, 306648, 2140
317172, 0, 0, 0, 0, 0, 0, 306648, 2140
317172, 0, 0, 0, 0, 0, 0, 306648, 2140
317172, 0, 0, 0, 0, 0, 0, 306648, 2140
317172, 0, 0, 0, 0, 0, 0, 306648, 2140
317172, 0, 0, 0, 0, 0, 0, 306648, 2140
317172, 0, 0, 0, 0, 0, 0, 306648, 2140
317172, 0, 0, 0, 0, 0, 0, 306648, 2140
317172, 0, 0, 0, 0, 0, 0, 306648, 2140
317172, 0, 0, 0, 0, 0, 0, 306648, 2140
317172, 0, 0, 0, 0, 0, 0, 306648, 2140
317172, 0, 0, 0, 0, 0, 0, 306648, 2140
317172, 0, 0, 0, 0, 0, 0, 306648, 2140
317172, 0, 0, 0, 0, 0, 0, 306648, 2140
317172, 0, 0, 0, 0, 0, 0, 306648, 2140
317172, 0, 0, 0, 0, 0, 0, 306648, 2140
317172, 0, 0, 0, 0, 0, 0, 306648, 2140
317172, 0, 0, 0, 0, 0, 0, 306648, 2140
317172, 0, 0, 0, 0, 0, 0, 306648, 2140
317172, 0, 0, 0, 0, 0, 0, 306648, 2140
317172, 0, 0, 0, 0, 0, 0, 306648, 2140
317172, 0, 0, 0, 0, 0, 0, 306648, 2140
317172, 0, 0, 0, 0, 0, 0, 306648, 2140
317172, 0, 0, 0, 0, 0, 0, 306648, 2140
317172, 0, 0, 0, 0, 0, 0, 306648, 2140
317172, 0, 0, 0, 0, 0, 0, 306648, 2140
317172, 0, 0, 0, 0, 0, 0, 306648, 2140
317172, 0, 0, 0, 0, 0, 0, 306648, 2140
317172, 0, 0, 0, 0, 0, 0, 306648, 2140
317172, 0, 0, 0, 0, 0, 0, 306648, 2140
317172, 0, 0, 0, 0, 0, 0, 306648, 2140
317172, 0, 0, 0, 0, 0, 0, 306648, 2140
317172, 0, 0, 0, 0, 0, 0, 306648, 2140
317172, 0, 0, 0, 0, 0, 0, 306648, 2140
317172, 0, 0, 0, 0, 0, 0, 306648, 2140
317172, 0, 0, 0, 0, 0, 0, 306648, 2140
317172, 0, 0, 0, 0, 0, 0, 306648, 2140
317172, 0, 0, 0, 0, 0, 0, 306648, 2140
317172, 0, 0, 0, 0, 0, 0, 306648, 2140
317172, 0, 0, 0, 0, 0, 0, 306648, 2140
317172, 0, 0, 0, 0, 0, 0, 306648, 2140
317172, 0, 0, 0, 0, 0, 0, 306648, 2140
317172, 0, 0, 0, 0, 0, 0, 306648, 2140
317172, 0, 0, 0, 0, 0, 0, 306648, 2140
317172, 0, 0, 0, 0, 0, 0, 306648, 2140
317172, 0, 0, 0, 0, 0, 0, 306648, 2140
317172, 0, 0, 0, 0, 0, 0, 306648, 2140
317172, 0, 0, 0, 0, 0, 0, 306648, 2140
317172, 0, 0, 0, 0, 0, 0, 306648, 2140
317172, 0, 0, 0, 0, 0, 0, 306648, 2140
317172, 0, 0, 0, 0, 0, 0, 306648, 2140
317172, 0, 0, 0, 0, 0, 0, 306648, 2140
317172, 0, 0, 0, 0, 0, 0, 306648, 2140
317172, 0, 0, 0, 0, 0, 0, 306648, 2140
317172, 0, 0, 0, 0, 0, 0, 306648, 2140
317172, 0, 0, 0, 0, 0, 0, 306648, 2140
317172, 0, 0, 0, 0, 0, 0, 306648, 2140
317172, 0, 0, 0, 0, 0, 0, 306648, 2140
317172, 0, 0, 0, 0, 0, 0, 306648, 2140
317172, 0, 0, 0, 0, 0, 0, 306648, 2140
317172, 0, 0, 0, 0, 0, 0, 306648, 2140
317172, 0, 0, 0, 0, 0, 0, 306648, 2140
317172, 0, 0, 0, 0, 0, 0, 306648, 2140
317172, 0, 0, 0, 0, 0, 0, 306648, 2140
317172, 0, 0, 0, 0, 0, 0, 306648, 2140
317172, 0, 0, 0, 0, 0, 0, 306648, 2140
317172, 0, 0, 0, 0, 0, 0, 306648, 2140
317172, 0, 0, 0, 0, 0, 0, 306648, 2140
317172, 0, 0, 0, 0, 0, 0, 306648, 2140
317172, 0, 0, 0, 0, 0, 0, 306648, 2140
317172, 0, 0, 0, 0, 0, 0, 306648, 2140
317172, 0, 0, 0, 0, 0, 0, 306648, 2140
317172, 0, 0, 0, 0, 0, 0, 306648, 2140
317172, 0, 0, 0, 0, 0, 0, 306648, 2140
317172, 0, 0, 0, 0, 0, 0, 306648, 2140
317172, 0, 0, 0, 0, 0, 0, 306648, 2140
317172, 0, 0, 0, 0, 0, 0, 306648, 2140
317172, 0, 0, 0, 0, 0, 0, 306648, 2140
317172, 0, 0, 0, 0, 0, 0, 306648, 2140
317172, 0, 0, 0, 0, 0, 0, 306648, 2140
317172, 0, 0, 0, 0, 0, 0, 306648, 2140
317172, 0, 0, 0, 0, 0, 0, 306648, 2140
317172, 0, 0, 0, 0, 0, 0, 306648, 2140
317172, 0, 0, 0, 0, 0, 0, 306648, 2140
317172, 0, 0, 0, 0, 0, 0, 306648, 2140
317172, 0, 0, 0, 0, 0, 0, 306648, 2140
317172, 0, 0, 0, 0, 0, 0, 306648, 2140
317172, 0, 0, 0, 0, 0, 0, 306648, 2140
317172, 0, 0, 0, 0, 0, 0, 306648, 2140
317172, 0, 0, 0, 0, 0, 0, 306648, 2140
317172, 0, 0, 0, 0, 0, 0, 306648, 2140
317172, 0, 0, 0, 0, 0, 0, 306648, 2140
317172, 0, 0, 0, 0, 0, 0, 306648, 2140
317172, 0, 0, 0, 0, 0, 0, 306648, 2140
317172, 0, 0, 0, 0, 0, 0, 306648, 2140
317172, 0, 0, 0, 0, 0, 0, 306648, 2140
317172, 0, 0, 0, 0, 0, 0, 306648, 2140
317172, 0, 0, 0, 0, 0, 0, 306648, 2140
317172, 0, 0, 0, 0, 0, 0, 306648, 2140
317172, 0, 0, 0, 0, 0, 0, 306648, 2140
317172, 0, 0, 0, 0, 0, 0, 306648, 2140
317172, 0, 0, 0, 0, 0, 0, 306648, 2140
317172, 0, 0, 0, 0, 0, 0, 306648, 2140
317172, 0, 0, 0, 0, 0, 0, 306648, 2140
317172, 0, 0, 0, 0, 0, 0, 306648, 2140
317172, 0, 0, 0, 0, 0, 0, 306648, 2140
317172, 0, 0, 0, 0, 0, 0, 306648, 2140
317172, 0, 0, 0, 0, 0, 0, 306648, 2140
317172, 0, 0, 0, 0, 0, 0, 306648, 2140
317172, 0, 0, 0, 0, 0, 0, 306648, 2140
317172, 0, 0, 0, 0, 0, 0, 306648, 2140
317172, 0, 0, 0, 0, 0, 0, 306648, 2140
317172, 0, 0, 0, 0, 0, 0, 306648, 2140
317172, 0, 0, 0, 0, 0, 0, 306648, 2140
317172, 0, 0, 0, 0, 0, 0, 306648, 2140
317172, 0, 0, 0, 0, 0, 0, 306648, 2140
317172, 0, 0, 0, 0, 0, 0, 306648, 2140
317172, 0, 0, 0, 0, 0, 0, 306648, 2140
317172, 0, 0, 0, 0, 0, 0, 306648, 2140
317172, 0, 0, 0, 0, 0, 0, 306648, 2140
317172, 0, 0, 0, 0, 0, 0, 306648, 2140
317172, 0, 0, 0, 0, 0, 0, 306648, 2140
317172, 0, 0, 0, 0, 0, 0, 306648, 2140
317172, 0, 0, 0, 0, 0, 0, 306648, 2140
317172, 0, 0, 0, 0, 0, 0, 306648, 2140
317172, 0, 0, 0, 0, 0, 0, 306648, 2140
317172, 0, 0, 0, 0, 0, 0, 306648, 2140
317172, 0, 0, 0, 0, 0, 0, 306648, 2140
317172, 0, 0, 0, 0, 0, 0, 306648, 2140
317172, 0, 0, 0, 0, 0, 0, 306648, 2140
317172, 0, 0, 0, 0, 0, 0, 306648, 2140
317172, 0, 0, 0, 0, 0, 0, 306648, 2140
317172, 0, 0, 0, 0, 0, 0, 306648, 2140
317172, 0, 0, 0, 0, 0, 0, 306648, 2140
317172, 0, 0, 0, 0, 0, 0, 306648, 2140
317172, 0, 0, 0, 0, 0, 0, 306648, 2140
317172, 0, 0, 0, 0, 0, 0, 306648, 2140
317172, 0, 0, 0, 0, 0, 0, 306648, 2140
317172, 0, 0, 0, 0, 0, 0, 306648, 2140
317172, 0, 0, 0, 0, 0, 0, 306648, 2140
317172, 0, 0, 0, 0, 0, 0, 306648, 2140
317172, 0, 0, 0, 0, 0, 0, 306648, 2140
317172, 0, 0, 0, 0, 0, 0, 306648, 2140
317172, 0, 0, 0, 0, 0, 0, 306648, 2140
317172, 0, 0, 0, 0, 0, 0, 306648, 2140
317172, 0, 0, 0, 0, 0, 0, 306648, 2140
317172, 0, 0, 0, 0, 0, 0, 306648, 2140
317172, 0, 0, 0, 0, 0, 0, 306648, 2140
317172, 0, 0, 0, 0, 0, 0, 306648, 2140
317172, 0, 0, 0, 0, 0, 0, 306648, 2140
317172, 0, 0, 0, 0, 0, 0, 306648, 2140
317172, 0, 0, 0, 0, 0, 0, 306648, 2140
317172, 0, 0, 0, 0, 0, 0, 306648, 2140
317172, 0, 0, 0, 0, 0, 0, 306648, 2140
317172, 0, 0, 0, 0, 0, 0, 306648, 2140
317172, 0, 0, 0, 0, 0, 0, 306648, 2140
317172, 0, 0, 0, 0, 0, 0, 306648, 2140
317172, 0, 0, 0, 0, 0, 0, 306648, 2140
317172, 0, 0, 0, 0, 0, 0, 306648, 2140
317172, 0, 0, 0, 0, 0, 0, 306648, 2140
317172, 0, 0, 0, 0, 0, 0, 306648, 2140
317172, 0, 0, 0, 0, 0, 0, 306648, 2140
317172, 0, 0, 0, 0, 0, 0, 306648, 2140
317172, 0, 0, 0, 0, 0, 0, 306648, 2140
317172, 0, 0, 0, 0, 0, 0, 306648, 2140
317172, 0, 0, 0, 0, 0, 0, 306648, 2140
317172, 0, 0, 0, 0, 0, 0, 306648, 2140
317172, 0, 0, 0, 0, 0, 0, 306648, 2140
317172, 0, 0, 0, 0, 0, 0, 306648, 2140
317172, 0, 0, 0, 0, 0, 0, 306648, 2140
317172, 0, 0, 0, 0, 0, 0, 306648, 2140
317172, 0, 0, 0, 0, 0, 0, 306648, 2140
317172, 0, 0, 0, 0, 0, 0, 306648, 2140
317172, 0, 0, 0, 0, 0, 0, 306648, 2140
317172, 0, 0, 0, 0, 0, 0, 306648, 2140
317172, 0, 0, 0, 0, 0, 0, 306648, 2140
317172, 0, 0, 0, 0, 0, 0, 306648, 2140
317172, 0, 0, 0, 0, 0, 0, 306648, 2140
317172, 0, 0, 0, 0, 0, 0, 306648, 2140
317172, 0, 0, 0, 0, 0, 0, 306648, 2140
317172, 0, 0, 0, 0, 0, 0, 306648, 2140
317172, 0, 0, 0, 0, 0, 0, 306648, 2140
317172, 0, 0, 0, 0, 0, 0, 306648, 2140
317172, 0, 0, 0, 0, 0, 0, 306648, 2140
317172, 0, 0, 0, 0, 0, 0, 306648, 2140
317172, 0, 0, 0, 0, 0, 0, 306648, 2140
317172, 0, 0, 0, 0, 0, 0, 306648, 2140
317172, 0, 0, 0, 0, 0, 0, 306648, 2140
317172, 0, 0, 0, 0, 0, 0, 306648, 2140
317172, 0, 0, 0, 0, 0, 0, 306648, 2140
317172, 0, 0, 0, 0, 0, 0, 306648, 2140
317172, 0, 0, 0, 0, 0, 0, 306648, 2140
317172, 0, 0, 0, 0, 0, 0, 306648, 2140
317172, 0, 0, 0, 0, 0, 0, 306648, 2140
317172, 0, 0, 0, 0, 0, 0, 306648, 2140
317172, 0, 0, 0, 0, 0, 0, 306648, 2140
317172, 0, 0, 0, 0, 0, 0, 306648, 2140
317172, 0, 0, 0, 0, 0, 0, 306648, 2140
317172, 0, 0, 0, 0, 0, 0, 306648, 2140
317172, 0, 0, 0, 0, 0, 0, 306648, 2140
317172, 0, 0, 0, 0, 0, 0, 306648, 2140
317172, 0, 0, 0, 0, 0, 0, 306648, 2140
317172, 0, 0, 0, 0, 0, 0, 306648, 2140
317172, 0, 0, 0, 0, 0, 0, 306648, 2140
317172, 0, 0, 0, 0, 0, 0, 306648, 2140
317172, 0, 0, 0, 0, 0, 0, 306648, 2140
317172, 0, 0, 0, 0, 0, 0, 306648, 2140
317172, 0, 0, 0, 0, 0, 0, 306648, 2140
317172, 0, 0, 0, 0, 0, 0, 306648, 2140
317172, 0, 0, 0, 0, 0, 0, 306648, 2140
317172, 0, 0, 0, 0, 0, 0, 306648, 2140
317172, 0, 0, 0, 0, 0, 0, 306648, 2140
317172, 0, 0, 0, 0, 0, 0, 306648, 2140
317172, 0, 0, 0, 0, 0, 0, 306648, 2140
317172, 0, 0, 0, 0, 0, 0, 306648, 2140
317172, 0, 0, 0, 0, 0, 0, 306648, 2140
317172, 0, 0, 0, 0, 0, 0, 306648, 2140
317172, 0, 0, 0, 0, 0, 0, 306648, 2140
317172, 0, 0, 0, 0, 0, 0, 306648, 2140
317172, 0, 0, 0, 0, 0, 0, 306648, 2140
317172, 0, 0, 0, 0, 0, 0, 306648, 2140
317172, 0, 0, 0, 0, 0, 0, 306648, 2140
317172, 0, 0, 0, 0, 0, 0, 306648, 2140
317172, 0, 0, 0, 0, 0, 0, 306648, 2140
317172, 0, 0, 0, 0, 0, 0, 306648, 2140
317172, 0, 0, 0, 0, 0, 0, 306648, 2140
317172, 0, 0, 0, 0, 0, 0, 306648, 2140
317172, 0, 0, 0, 0, 0, 0, 306648, 2140
317172, 0, 0, 0, 0, 0, 0, 306648, 2140
317172, 0, 0, 0, 0, 0, 0, 306648, 2140
317172, 0, 0, 0, 0, 0, 0, 306648, 2140
317172, 0, 0, 0, 0, 0, 0, 306648, 2140
317172, 0, 0, 0, 0, 0, 0, 306648, 2140
317172, 0, 0, 0, 0, 0, 0, 306648, 2140
317172, 0, 0, 0, 0, 0, 0, 306648, 2140
317172, 0, 0, 0, 0, 0, 0, 306648, 2140
317172, 0, 0, 0, 0, 0, 0, 306648, 2140
317172, 0, 0, 0, 0, 0, 0, 306648, 2140
317172, 0, 0, 0, 0, 0, 0, 306648, 2140
317172, 0, 0, 0, 0, 0, 0, 306648, 2140
317172, 0, 0, 0, 0, 0, 0, 306648, 2140
317172, 0, 0, 0, 0, 0, 0, 306648, 2140
317172, 0, 0, 0, 0, 0, 0, 306648, 2140
317172, 0, 0, 0, 0, 0, 0, 306648, 2140
317172, 0, 0, 0, 0, 0, 0, 306648, 2140
317172, 0, 0, 0, 0, 0, 0, 306648, 2140
317172, 0, 0, 0, 0, 0, 0, 306648, 2140
317172, 0, 0, 0, 0, 0, 0, 306648, 2140
317172, 0, 0, 0, 0, 0, 0, 306648, 2140
317172, 0, 0, 0, 0, 0, 0, 306648, 2140
317172, 0, 0, 0, 0, 0, 0, 306648, 2140
317172, 0, 0, 0, 0, 0, 0, 306648, 2140
317172, 0, 0, 0, 0, 0, 0, 306648, 2140
317172, 0, 0, 0, 0, 0, 0, 306648, 2140
317172, 0, 0, 0, 0, 0, 0, 306648, 2140
317172, 0, 0, 0, 0, 0, 0, 306648, 2140
317172, 0, 0, 0, 0, 0, 0, 306648, 2140
317172, 0, 0, 0, 0, 0, 0, 306648, 2140
317172, 0, 0, 0, 0, 0, 0, 306648, 2140
317172, 0, 0, 0, 0, 0, 0, 306648, 2140
317172, 0, 0, 0, 0, 0, 0, 306648, 2140
317172, 0, 0, 0, 0, 0, 0, 306648, 2140
317172, 0, 0, 0, 0, 0, 0, 306648, 2140
317172, 0, 0, 0, 0, 0, 0, 306648, 2140
317172, 0, 0, 0, 0, 0, 0, 306648, 2140
317172, 0, 0, 0, 0, 0, 0, 306648, 2140
317172, 0, 0, 0, 0, 0, 0, 306648, 2140
317172, 0, 0, 0, 0, 0, 0, 306648, 2140
317172, 0, 0, 0, 0, 0, 0, 306648, 2140
317172, 0, 0, 0, 0, 0, 0, 306648, 2140
317172, 0, 0, 0, 0, 0, 0, 306648, 2140
317172, 0, 0, 0, 0, 0, 0, 306648, 2140
317172, 0, 0, 0, 0, 0, 0, 306648, 2140
317172, 0, 0, 0, 0, 0, 0, 306648, 2140
317172, 0, 0, 0, 0, 0, 0, 306648, 2140
317172, 0, 0, 0, 0, 0, 0, 306648, 2140
317172, 0, 0, 0, 0, 0, 0, 306648, 2140
317172, 0, 0, 0, 0, 0, 0, 306648, 2140
317172, 0, 0, 0, 0, 0, 0, 306648, 2140
317172, 0, 0, 0, 0, 0, 0, 306648, 2140
317172, 0, 0, 0, 0, 0, 0, 306648, 2140
317172, 0, 0, 0, 0, 0, 0, 306648, 2140
317172, 0, 0, 0, 0, 0, 0, 306648, 2140
317172, 0, 0, 0, 0, 0, 0, 306648, 2140
317172, 0, 0, 0, 0, 0, 0, 306648, 2140
317172, 0, 0, 0, 0, 0, 0, 306648, 2140
317172, 0, 0, 0, 0, 0, 0, 306648, 2140
317172, 0, 0, 0, 0, 0, 0, 306648, 2140
317172, 0, 0, 0, 0, 0, 0, 306648, 2140
317172, 0, 0, 0, 0, 0, 0, 306648, 2140
317172, 0, 0, 0, 0, 0, 0, 306648, 2140
317172, 0, 0, 0, 0, 0, 0, 306648, 2140
317172, 0, 0, 0, 0, 0, 0, 306648, 2140
317172, 0, 0, 0, 0, 0, 0, 306648, 2140
317172, 0, 0, 0, 0, 0, 0, 306648, 2140
317172, 0, 0, 0, 0, 0, 0, 306648, 2140
317172, 0, 0, 0, 0, 0, 0, 306648, 2140
317172, 0, 0, 0, 0, 0, 0, 306648, 2140
317172, 0, 0, 0, 0, 0, 0, 306648, 2140
317172, 0, 0, 0, 0, 0, 0, 306648, 2140
317172, 0, 0, 0, 0, 0, 0, 306648, 2140
317172, 0, 0, 0, 0, 0, 0, 306648, 2140
317172, 0, 0, 0, 0, 0, 0, 306648, 2140
317172, 0, 0, 0, 0, 0, 0, 306648, 2140
317172, 0, 0, 0, 0, 0, 0, 306648, 2140
317172, 0, 0, 0, 0, 0, 0, 306648, 2140
317172, 0, 0, 0, 0, 0, 0, 306648, 2140
317172, 0, 0, 0, 0, 0, 0, 306648, 2140
317172, 0, 0, 0, 0, 0, 0, 306648, 2140
317172, 0, 0, 0, 0, 0, 0, 306648, 2140
317172, 0, 0, 0, 0, 0, 0, 306648, 2140
317172, 0, 0, 0, 0, 0, 0, 306648, 2140
317172, 0, 0, 0, 0, 0, 0, 306648, 2140
317172, 0, 0, 0, 0, 0, 0, 306648, 2140
317172, 0, 0, 0, 0, 0, 0, 306648, 2140
317172, 0, 0, 0, 0, 0, 0, 306648, 2140
317172, 0, 0, 0, 0, 0, 0, 306648, 2140
317172, 0, 0, 0, 0, 0, 0, 306648, 2140
317172, 0, 0, 0, 0, 0, 0, 306648, 2140
317172, 0, 0, 0, 0, 0, 0, 306648, 2140
317172, 0, 0, 0, 0, 0, 0, 306648, 2140
317172, 0, 0, 0, 0, 0, 0, 306648, 2140
317172, 0, 0, 0, 0, 0, 0, 306648, 2140
317172, 0, 0, 0, 0, 0, 0, 306648, 2140
317172, 0, 0, 0, 0, 0, 0, 306648, 2140
317172, 0, 0, 0, 0, 0, 0, 306648, 2140
317172, 0, 0, 0, 0, 0, 0, 306648, 2140
317172, 0, 0, 0, 0, 0, 0, 306648, 2140
317172, 0, 0, 0, 0, 0, 0, 306648, 2140
317172, 0, 0, 0, 0, 0, 0, 306648, 2140
317172, 0, 0, 0, 0, 0, 0, 306648, 2140
317172, 0, 0, 0, 0, 0, 0, 306648, 2140
317172, 0, 0, 0, 0, 0, 0, 306648, 2140
317172, 0, 0, 0, 0, 0, 0, 306648, 2140
317172, 0, 0, 0, 0, 0, 0, 306648, 2140
317172, 0, 0, 0, 0, 0, 0, 306648, 2140
317172, 0, 0, 0, 0, 0, 0, 306648, 2140
317172, 0, 0, 0, 0, 0, 0, 306648, 2140
317172, 0, 0, 0, 0, 0, 0, 306648, 2140
317172, 0, 0, 0, 0, 0, 0, 306648, 2140
317172, 0, 0, 0, 0, 0, 0, 306648, 2140
317172, 0, 0, 0, 0, 0, 0, 306648, 2140
317172, 0, 0, 0, 0, 0, 0, 306648, 2140
317172, 0, 0, 0, 0, 0, 0, 306648, 2140
317172, 0, 0, 0, 0, 0, 0, 306648, 2140
317172, 0, 0, 0, 0, 0, 0, 306648, 2140
317172, 0, 0, 0, 0, 0, 0, 306648, 2140
317172, 0, 0, 0, 0, 0, 0, 306648, 2140
317172, 0, 0, 0, 0, 0, 0, 306648, 2140
317172, 0, 0, 0, 0, 0, 0, 306648, 2140
317172, 0, 0, 0, 0, 0, 0, 306648, 2140
317172, 0, 0, 0, 0, 0, 0, 306648, 2140
317172, 0, 0, 0, 0, 0, 0, 306648, 2140
317172, 0, 0, 0, 0, 0, 0, 306648, 2140
317172, 0, 0, 0, 0, 0, 0, 306648, 2140
317172, 0, 0, 0, 0, 0, 0, 306648, 2140
317172, 0, 0, 0, 0, 0, 0, 306648, 2140
317172, 0, 0, 0, 0, 0, 0, 306648, 2140
317172, 0, 0, 0, 0, 0, 0, 306648, 2140
317172, 0, 0, 0, 0, 0, 0, 306648, 2140
317172, 0, 0, 0, 0, 0, 0, 306648, 2140
317172, 0, 0, 0, 0, 0, 0, 306648, 2140
317172, 0, 0, 0, 0, 0, 0, 306648, 2140
317172, 0, 0, 0, 0, 0, 0, 306648, 2140
317172, 0, 0, 0, 0, 0, 0, 306648, 2140
317172, 0, 0, 0, 0, 0, 0, 306648, 2140
317172, 0, 0, 0, 0, 0, 0, 306648, 2140
317172, 0, 0, 0, 0, 0, 0, 306648, 2140
317172, 0, 0, 0, 0, 0, 0, 306648, 2140
317172, 0, 0, 0, 0, 0, 0, 306648, 2140
317172, 0, 0, 0, 0, 0, 0, 306648, 2140
317172, 0, 0, 0, 0, 0, 0, 306648, 2140
317172, 0, 0, 0, 0, 0, 0, 306648, 2140
317172, 0, 0, 0, 0, 0, 0, 306648, 2140
317172, 0, 0, 0, 0, 0, 0, 306648, 2140
317172, 0, 0, 0, 0, 0, 0, 306648, 2140
317172, 0, 0, 0, 0, 0, 0, 306648, 2140
317172, 0, 0, 0, 0, 0, 0, 306648, 2140
317172, 0, 0, 0, 0, 0, 0, 306648, 2140
317172, 0, 0, 0, 0, 0, 0, 306648, 2140
317172, 0, 0, 0, 0, 0, 0, 306648, 2140
317172, 0, 0, 0, 0, 0, 0, 306648, 2140
317172, 0, 0, 0, 0, 0, 0, 306648, 2140
317172, 0, 0, 0, 0, 0, 0, 306648, 2140
317172, 0, 0, 0, 0, 0, 0, 306648, 2140
317172, 0, 0, 0, 0, 0, 0, 306648, 2140
317172, 0, 0, 0, 0, 0, 0, 306648, 2140
317172, 0, 0, 0, 0, 0, 0, 306648, 2140
317172, 0, 0, 0, 0, 0, 0, 306648, 2140
317172, 0, 0, 0, 0, 0, 0, 306648, 2140
317172, 0, 0, 0, 0, 0, 0, 306648, 2140
317172, 0, 0, 0, 0, 0, 0, 306648, 2140
317172, 0, 0, 0, 0, 0, 0, 306648, 2140
317172, 0, 0, 0, 0, 0, 0, 306648, 2140
317172, 0, 0, 0, 0, 0, 0, 306648, 2140
317172, 0, 0, 0, 0, 0, 0, 306648, 2140
317172, 0, 0, 0, 0, 0, 0, 306648, 2140
317172, 0, 0, 0, 0, 0, 0, 306648, 2140
317172, 0, 0, 0, 0, 0, 0, 306648, 2140
317172, 0, 0, 0, 0, 0, 0, 306648, 2140
317172, 0, 0, 0, 0, 0, 0, 306648, 2140
317172, 0, 0, 0, 0, 0, 0, 306648, 2140
317172, 0, 0, 0, 0, 0, 0, 306648, 2140
317172, 0, 0, 0, 0, 0, 0, 306648, 2140
317172, 0, 0, 0, 0, 0, 0, 306648, 2140
317172, 0, 0, 0, 0, 0, 0, 306648, 2140
317172, 0, 0, 0, 0, 0, 0, 306648, 2140
317172, 0, 0, 0, 0, 0, 0, 306648, 2140
317172, 0, 0, 0, 0, 0, 0, 306648, 2140
317172, 0, 0, 0, 0, 0, 0, 306648, 2140
317172, 0, 0, 0, 0, 0, 0, 306648, 2140
317172, 0, 0, 0, 0, 0, 0, 306648, 2140
317172, 0, 0, 0, 0, 0, 0, 306648, 2140
317172, 0, 0, 0, 0, 0, 0, 306648, 2140
317172, 0, 0, 0, 0, 0, 0, 306648, 2140
317172, 0, 0, 0, 0, 0, 0, 306648, 2140
317172, 0, 0, 0, 0, 0, 0, 306648, 2140
317172, 0, 0, 0, 0, 0, 0, 306648, 2140
317172, 0, 0, 0, 0, 0, 0, 306648, 2140
317172, 0, 0, 0, 0, 0, 0, 306648, 2140
317172, 0, 0, 0, 0, 0, 0, 306648, 2140
317172, 0, 0, 0, 0, 0, 0, 306648, 2140
317172, 0, 0, 0, 0, 0, 0, 306648, 2140
317172, 0, 0, 0, 0, 0, 0, 306648, 2140
317172, 0, 0, 0, 0, 0, 0, 306648, 2140
317172, 0, 0, 0, 0, 0, 0, 306648, 2140
317172, 0, 0, 0, 0, 0, 0, 306648, 2140
317172, 0, 0, 0, 0, 0, 0, 306648, 2140
317172, 0, 0, 0, 0, 0, 0, 306648, 2140
317172, 0, 0, 0, 0, 0, 0, 306648, 2140
317172, 0, 0, 0, 0, 0, 0, 306648, 2140
317172, 0, 0, 0, 0, 0, 0, 306648, 2140
317172, 0, 0, 0, 0, 0, 0, 306648, 2140
317172, 0, 0, 0, 0, 0, 0, 306648, 2140
317172, 0, 0, 0, 0, 0, 0, 306648, 2140
317172, 0, 0, 0, 0, 0, 0, 306648, 2140
317172, 0, 0, 0, 0, 0, 0, 306648, 2140
317172, 0, 0, 0, 0, 0, 0, 306648, 2140
317172, 0, 0, 0, 0, 0, 0, 306648, 2140
317172, 0, 0, 0, 0, 0, 0, 306648, 2140
317172, 0, 0, 0, 0, 0, 0, 306648, 2140
317172, 0, 0, 0, 0, 0, 0, 306648, 2140
317172, 0, 0, 0, 0, 0, 0, 306648, 2140
317172, 0, 0, 0, 0, 0, 0, 306648, 2140
317172, 0, 0, 0, 0, 0, 0, 306648, 2140
317172, 0, 0, 0, 0, 0, 0, 306648, 2140
317172, 0, 0, 0, 0, 0, 0, 306648, 2140
317172, 0, 0, 0, 0, 0, 0, 306648, 2140
317172, 0, 0, 0, 0, 0, 0, 306648, 2140
317172, 0, 0, 0, 0, 0, 0, 306648, 2140
317172, 0, 0, 0, 0, 0, 0, 306648, 2140
317172, 0, 0, 0, 0, 0, 0, 306648, 2140
317172, 0, 0, 0, 0, 0, 0, 306648, 2140
317172, 0, 0, 0, 0, 0, 0, 306648, 2140
317172, 0, 0, 0, 0, 0, 0, 306648, 2140
317172, 0, 0, 0, 0, 0, 0, 306648, 2140
317172, 0, 0, 0, 0, 0, 0, 306648, 2140
317172, 0, 0, 0, 0, 0, 0, 306648, 2140
317172, 0, 0, 0, 0, 0, 0, 306648, 2140
317172, 0, 0, 0, 0, 0, 0, 306648, 2140
317172, 0, 0, 0, 0, 0, 0, 306648, 2140
317172, 0, 0, 0, 0, 0, 0, 306648, 2140
317172, 0, 0, 0, 0, 0, 0, 306648, 2140
317172, 0, 0, 0, 0, 0, 0, 306648, 2140
317172, 0, 0, 0, 0, 0, 0, 306648, 2140
317172, 0, 0, 0, 0, 0, 0, 306648, 2140
317172, 0, 0, 0, 0, 0, 0, 306648, 2140
317172, 0, 0, 0, 0, 0, 0, 306648, 2140
317172, 0, 0, 0, 0, 0, 0, 306648, 2140
317172, 0, 0, 0, 0, 0, 0, 306648, 2140
317172, 0, 0, 0, 0, 0, 0, 306648, 2140
317172, 0, 0, 0, 0, 0, 0, 306648, 2140
317172, 0, 0, 0, 0, 0, 0, 306648, 2140
317172, 0, 0, 0, 0, 0, 0, 306648, 2140
317172, 0, 0, 0, 0, 0, 0, 306648, 2140
317172, 0, 0, 0, 0, 0, 0, 306648, 2140
317172, 0, 0, 0, 0, 0, 0, 306648, 2140
317172, 0, 0, 0, 0, 0, 0, 306648, 2140
317172, 0, 0, 0, 0, 0, 0, 306648, 2140
317172, 0, 0, 0, 0, 0, 0, 306648, 2140
317172, 0, 0, 0, 0, 0, 0, 306648, 2140
317172, 0, 0, 0, 0, 0, 0, 306648, 2140
317172, 0, 0, 0, 0, 0, 0, 306648, 2140
317172, 0, 0, 0, 0, 0, 0, 306648, 2140
317172, 0, 0, 0, 0, 0, 0, 306648, 2140
317172, 0, 0, 0, 0, 0, 0, 306648, 2140
317172, 0, 0, 0, 0, 0, 0, 306648, 2140
317172, 0, 0, 0, 0, 0, 0, 306648, 2140
317172, 0, 0, 0, 0, 0, 0, 306648, 2140
317172, 0, 0, 0, 0, 0, 0, 306648, 2140
317172, 0, 0, 0, 0, 0, 0, 306648, 2140
317172, 0, 0, 0, 0, 0, 0, 306648, 2140
317172, 0, 0, 0, 0, 0, 0, 306648, 2140
317172, 0, 0, 0, 0, 0, 0, 306648, 2140
317172, 0, 0, 0, 0, 0, 0, 306648, 2140
317172, 0, 0, 0, 0, 0, 0, 306648, 2140
317172, 0, 0, 0, 0, 0, 0, 306648, 2140
317172, 0, 0, 0, 0, 0, 0, 306648, 2140
317172, 0, 0, 0, 0, 0, 0, 306648, 2140
317172, 0, 0, 0, 0, 0, 0, 306648, 2140
317172, 0, 0, 0, 0, 0, 0, 306648, 2140
317172, 0, 0, 0, 0, 0, 0, 306648, 2140
317172, 0, 0, 0, 0, 0, 0, 306648, 2140
317172, 0, 0, 0, 0, 0, 0, 306648, 2140
317172, 0, 0, 0, 0, 0, 0, 306648, 2140
317172, 0, 0, 0, 0, 0, 0, 306648, 2140
317172, 0, 0, 0, 0, 0, 0, 306648, 2140
317172, 0, 0, 0, 0, 0, 0, 306648, 2140
317172, 0, 0, 0, 0, 0, 0, 306648, 2140
317172, 0, 0, 0, 0, 0, 0, 306648, 2140
317172, 0, 0, 0, 0, 0, 0, 306648, 2140
317172, 0, 0, 0, 0, 0, 0, 306648, 2140
317172, 0, 0, 0, 0, 0, 0, 306648, 2140
317172, 0, 0, 0, 0, 0, 0, 306648, 2140
317172, 0, 0, 0, 0, 0, 0, 306648, 2140
317172, 0, 0, 0, 0, 0, 0, 306648, 2140
317172, 0, 0, 0, 0, 0, 0, 306648, 2140
317172, 0, 0, 0, 0, 0, 0, 306648, 2140
317172, 0, 0, 0, 0, 0, 0, 306648, 2140
317172, 0, 0, 0, 0, 0, 0, 306648, 2140
317172, 0, 0, 0, 0, 0, 0, 306648, 2140
317172, 0, 0, 0, 0, 0, 0, 306648, 2140
317172, 0, 0, 0, 0, 0, 0, 306648, 2140
317172, 0, 0, 0, 0, 0, 0, 306648, 2140
317172, 0, 0, 0, 0, 0, 0, 306648, 2140
317172, 0, 0, 0, 0, 0, 0, 306648, 2140
317172, 0, 0, 0, 0, 0, 0, 306648, 2140
317172, 0, 0, 0, 0, 0, 0, 306648, 2140
317172, 0, 0, 0, 0, 0, 0, 306648, 2140
317172, 0, 0, 0, 0, 0, 0, 306648, 2140
317172, 0, 0, 0, 0, 0, 0, 306648, 2140
317172, 0, 0, 0, 0, 0, 0, 306648, 2140
317172, 0, 0, 0, 0, 0, 0, 306648, 2140
317172, 0, 0, 0, 0, 0, 0, 306648, 2140
317172, 0, 0, 0, 0, 0, 0, 306648, 2140
317172, 0, 0, 0, 0, 0, 0, 306648, 2140
317172, 0, 0, 0, 0, 0, 0, 306648, 2140
317172, 0, 0, 0, 0, 0, 0, 306648, 2140
317172, 0, 0, 0, 0, 0, 0, 306648, 2140
317172, 0, 0, 0, 0, 0, 0, 306648, 2140
317172, 0, 0, 0, 0, 0, 0, 306648, 2140
317172, 0, 0, 0, 0, 0, 0, 306648, 2140
317172, 0, 0, 0, 0, 0, 0, 306648, 2140
317172, 0, 0, 0, 0, 0, 0, 306648, 2140
317172, 0, 0, 0, 0, 0, 0, 306648, 2140
317172, 0, 0, 0, 0, 0, 0, 306648, 2140
317172, 0, 0, 0, 0, 0, 0, 306648, 2140
317172, 0, 0, 0, 0, 0, 0, 306648, 2140
317172, 0, 0, 0, 0, 0, 0, 306648, 2140
317172, 0, 0, 0, 0, 0, 0, 306648, 2140
317172, 0, 0, 0, 0, 0, 0, 306648, 2140
317172, 0, 0, 0, 0, 0, 0, 306648, 2140
317172, 0, 0, 0, 0, 0, 0, 306648, 2140
317172, 0, 0, 0, 0, 0, 0, 306648, 2140
317172, 0, 0, 0, 0, 0, 0, 306648, 2140
317172, 0, 0, 0, 0, 0, 0, 306648, 2140
317172, 0, 0, 0, 0, 0, 0, 306648, 2140
317172, 0, 0, 0, 0, 0, 0, 306648, 2140
317172, 0, 0, 0, 0, 0, 0, 306648, 2140
317172, 0, 0, 0, 0, 0, 0, 306648, 2140
317172, 0, 0, 0, 0, 0, 0, 306648, 2140
317172, 0, 0, 0, 0, 0, 0, 306648, 2140
317172, 0, 0, 0, 0, 0, 0, 306648, 2140
317172, 0, 0, 0, 0, 0, 0, 306648, 2140
317172, 0, 0, 0, 0, 0, 0, 306648, 2140
317172, 0, 0, 0, 0, 0, 0, 306648, 2140
317172, 0, 0, 0, 0, 0, 0, 306648, 2140
317172, 0, 0, 0, 0, 0, 0, 306648, 2140
317172, 0, 0, 0, 0, 0, 0, 306648, 2140
317172, 0, 0, 0, 0, 0, 0, 306648, 2140
317172, 0, 0, 0, 0, 0, 0, 306648, 2140
317172, 0, 0, 0, 0, 0, 0, 306648, 2140
317172, 0, 0, 0, 0, 0, 0, 306648, 2140
317172, 0, 0, 0, 0, 0, 0, 306648, 2140
317172, 0, 0, 0, 0, 0, 0, 306648, 2140
317172, 0, 0, 0, 0, 0, 0, 306648, 2140
317172, 0, 0, 0, 0, 0, 0, 306648, 2140
317172, 0, 0, 0, 0, 0, 0, 306648, 2140
317172, 0, 0, 0, 0, 0, 0, 306648, 2140
317172, 0, 0, 0, 0, 0, 0, 306648, 2140
317172, 0, 0, 0, 0, 0, 0, 306648, 2140
317172, 0, 0, 0, 0, 0, 0, 306648, 2140
317172, 0, 0, 0, 0, 0, 0, 306648, 2140
317172, 0, 0, 0, 0, 0, 0, 306648, 2140
317172, 0, 0, 0, 0, 0, 0, 306648, 2140
317172, 0, 0, 0, 0, 0, 0, 306648, 2140
317172, 0, 0, 0, 0, 0, 0, 306648, 2140
317172, 0, 0, 0, 0, 0, 0, 306648, 2140
317172, 0, 0, 0, 0, 0, 0, 306648, 2140
317172, 0, 0, 0, 0, 0, 0, 306648, 2140
317172, 0, 0, 0, 0, 0, 0, 306648, 2140
317172, 0, 0, 0, 0, 0, 0, 306648, 2140
317172, 0, 0, 0, 0, 0, 0, 306648, 2140
317172, 0, 0, 0, 0, 0, 0, 306648, 2140
317172, 0, 0, 0, 0, 0, 0, 306648, 2140
317172, 0, 0, 0, 0, 0, 0, 306648, 2140
317172, 0, 0, 0, 0, 0, 0, 306648, 2140
317172, 0, 0, 0, 0, 0, 0, 306648, 2140
317172, 0, 0, 0, 0, 0, 0, 306648, 2140
317172, 0, 0, 0, 0, 0, 0, 306648, 2140
317172, 0, 0, 0, 0, 0, 0, 306648, 2140
317172, 0, 0, 0, 0, 0, 0, 306648, 2140
317172, 0, 0, 0, 0, 0, 0, 306648, 2140
317172, 0, 0, 0, 0, 0, 0, 306648, 2140
317172, 0, 0, 0, 0, 0, 0, 306648, 2140
317172, 0, 0, 0, 0, 0, 0, 306648, 2140
317172, 0, 0, 0, 0, 0, 0, 306648, 2140
317172, 0, 0, 0, 0, 0, 0, 306648, 2140
317172, 0, 0, 0, 0, 0, 0, 306648, 2140
317172, 0, 0, 0, 0, 0, 0, 306648, 2140
317172, 0, 0, 0, 0, 0, 0, 306648, 2140
317172, 0, 0, 0, 0, 0, 0, 306648, 2140
317172, 0, 0, 0, 0, 0, 0, 306648, 2140
317172, 0, 0, 0, 0, 0, 0, 306648, 2140
317172, 0, 0, 0, 0, 0, 0, 306648, 2140
317172, 0, 0, 0, 0, 0, 0, 306648, 2140
317172, 0, 0, 0, 0, 0, 0, 306648, 2140
317172, 0, 0, 0, 0, 0, 0, 306648, 2140
317172, 0, 0, 0, 0, 0, 0, 306648, 2140
317172, 0, 0, 0, 0, 0, 0, 306648, 2140
317172, 0, 0, 0, 0, 0, 0, 306648, 2140
317172, 0, 0, 0, 0, 0, 0, 306648, 2140
317172, 0, 0, 0, 0, 0, 0, 306648, 2140
317172, 0, 0, 0, 0, 0, 0, 306648, 2140
317172, 0, 0, 0, 0, 0, 0, 306648, 2140
317172, 0, 0, 0, 0, 0, 0, 306648, 2140
317172, 0, 0, 0, 0, 0, 0, 306648, 2140
317172, 0, 0, 0, 0, 0, 0, 306648, 2140
317172, 0, 0, 0, 0, 0, 0, 306648, 2140
317172, 0, 0, 0, 0, 0, 0, 306648, 2140
317172, 0, 0, 0, 0, 0, 0, 306648, 2140
317172, 0, 0, 0, 0, 0, 0, 306648, 2140
317172, 0, 0, 0, 0, 0, 0, 306648, 2140
317172, 0, 0, 0, 0, 0, 0, 306648, 2140
317172, 0, 0, 0, 0, 0, 0, 306648, 2140
317172, 0, 0, 0, 0, 0, 0, 306648, 2140
317172, 0, 0, 0, 0, 0, 0, 306648, 2140
317172, 0, 0, 0, 0, 0, 0, 306648, 2140
317172, 0, 0, 0, 0, 0, 0, 306648, 2140
317172, 0, 0, 0, 0, 0, 0, 306648, 2140
317172, 0, 0, 0, 0, 0, 0, 306648, 2140
317172, 0, 0, 0, 0, 0, 0, 306648, 2140
317172, 0, 0, 0, 0, 0, 0, 306648, 2140
317172, 0, 0, 0, 0, 0, 0, 306648, 2140
317172, 0, 0, 0, 0, 0, 0, 306648, 2140
317172, 0, 0, 0, 0, 0, 0, 306648, 2140
317172, 0, 0, 0, 0, 0, 0, 306648, 2140
317172, 0, 0, 0, 0, 0, 0, 306648, 2140
317172, 0, 0, 0, 0, 0, 0, 306648, 2140
317172, 0, 0, 0, 0, 0, 0, 306648, 2140
317172, 0, 0, 0, 0, 0, 0, 306648, 2140
317172, 0, 0, 0, 0, 0, 0, 306648, 2140
317172, 0, 0, 0, 0, 0, 0, 306648, 2140
317172, 0, 0, 0, 0, 0, 0, 306648, 2140
317172, 0, 0, 0, 0, 0, 0, 306648, 2140
317172, 0, 0, 0, 0, 0, 0, 306648, 2140
317172, 0, 0, 0, 0, 0, 0, 306648, 2140
317172, 0, 0, 0, 0, 0, 0, 306648, 2140
317172, 0, 0, 0, 0, 0, 0, 306648, 2140
317172, 0, 0, 0, 0, 0, 0, 306648, 2140
317172, 0, 0, 0, 0, 0, 0, 306648, 2140
317172, 0, 0, 0, 0, 0, 0, 306648, 2140
317172, 0, 0, 0, 0, 0, 0, 306648, 2140
317172, 0, 0, 0, 0, 0, 0, 306648, 2140
317172, 0, 0, 0, 0, 0, 0, 306648, 2140
317172, 0, 0, 0, 0, 0, 0, 306648, 2140
317172, 0, 0, 0, 0, 0, 0, 306648, 2140
317172, 0, 0, 0, 0, 0, 0, 306648, 2140
317172, 0, 0, 0, 0, 0, 0, 306648, 2140
317172, 0, 0, 0, 0, 0, 0, 306648, 2140
317172, 0, 0, 0, 0, 0, 0, 306648, 2140
317172, 0, 0, 0, 0, 0, 0, 306648, 2140
317172, 0, 0, 0, 0, 0, 0, 306648, 2140
317172, 0, 0, 0, 0, 0, 0, 306648, 2140
317172, 0, 0, 0, 0, 0, 0, 306648, 2140
317172, 0, 0, 0, 0, 0, 0, 306648, 2140
317172, 0, 0, 0, 0, 0, 0, 306648, 2140
317172, 0, 0, 0, 0, 0, 0, 306648, 2140
317172, 0, 0, 0, 0, 0, 0, 306648, 2140
317172, 0, 0, 0, 0, 0, 0, 306648, 2140
317172, 0, 0, 0, 0, 0, 0, 306648, 2140
317172, 0, 0, 0, 0, 0, 0, 306648, 2140
317172, 0, 0, 0, 0, 0, 0, 306648, 2140
317172, 0, 0, 0, 0, 0, 0, 306648, 2140
317172, 0, 0, 0, 0, 0, 0, 306648, 2140
317172, 0, 0, 0, 0, 0, 0, 306648, 2140
317172, 0, 0, 0, 0, 0, 0, 306648, 2140
317172, 0, 0, 0, 0, 0, 0, 306648, 2140
317172, 0, 0, 0, 0, 0, 0, 306648, 2140
317172, 0, 0, 0, 0, 0, 0, 306648, 2140
317172, 0, 0, 0, 0, 0, 0, 306648, 2140
317172, 0, 0, 0, 0, 0, 0, 306648, 2140
317172, 0, 0, 0, 0, 0, 0, 306648, 2140
317172, 0, 0, 0, 0, 0, 0, 306648, 2140
317172, 0, 0, 0, 0, 0, 0, 306648, 2140
317172, 0, 0, 0, 0, 0, 0, 306648, 2140
317172, 0, 0, 0, 0, 0, 0, 306648, 2140
317172, 0, 0, 0, 0, 0, 0, 306648, 2140
317172, 0, 0, 0, 0, 0, 0, 306648, 2140
317172, 0, 0, 0, 0, 0, 0, 306648, 2140
317172, 0, 0, 0, 0, 0, 0, 306648, 2140
317172, 0, 0, 0, 0, 0, 0, 306648, 2140
317172, 0, 0, 0, 0, 0, 0, 306648, 2140
317172, 0, 0, 0, 0, 0, 0, 306648, 2140
317172, 0, 0, 0, 0, 0, 0, 306648, 2140
317172, 0, 0, 0, 0, 0, 0, 306648, 2140
317172, 0, 0, 0, 0, 0, 0, 306648, 2140
317172, 0, 0, 0, 0, 0, 0, 306648, 2140
317172, 0, 0, 0, 0, 0, 0, 306648, 2140
317172, 0, 0, 0, 0, 0, 0, 306648, 2140
317172, 0, 0, 0, 0, 0, 0, 306648, 2140
317172, 0, 0, 0, 0, 0, 0, 306648, 2140
317172, 0, 0, 0, 0, 0, 0, 306648, 2140
317172, 0, 0, 0, 0, 0, 0, 306648, 2140
317172, 0, 0, 0, 0, 0, 0, 306648, 2140
317172, 0, 0, 0, 0, 0, 0, 306648, 2140
317172, 0, 0, 0, 0, 0, 0, 306648, 2140
317172, 0, 0, 0, 0, 0, 0, 306648, 2140
317172, 0, 0, 0, 0, 0, 0, 306648, 2140
317172, 0, 0, 0, 0, 0, 0, 306648, 2140
317172, 0, 0, 0, 0, 0, 0, 306648, 2140
317172, 0, 0, 0, 0, 0, 0, 306648, 2140
317172, 0, 0, 0, 0, 0, 0, 306648, 2140
317172, 0, 0, 0, 0, 0, 0, 306648, 2140
317172, 0, 0, 0, 0, 0, 0, 306648, 2140
317172, 0, 0, 0, 0, 0, 0, 306648, 2140
317172, 0, 0, 0, 0, 0, 0, 306648, 2140
317172, 0, 0, 0, 0, 0, 0, 306648, 2140
317172, 0, 0, 0, 0, 0, 0, 306648, 2140
317172, 0, 0, 0, 0, 0, 0, 306648, 2140
317172, 0, 0, 0, 0, 0, 0, 306648, 2140
317172, 0, 0, 0, 0, 0, 0, 306648, 2140
317172, 0, 0, 0, 0, 0, 0, 306648, 2140
317172, 0, 0, 0, 0, 0, 0, 306648, 2140
317172, 0, 0, 0, 0, 0, 0, 306648, 2140
317172, 0, 0, 0, 0, 0, 0, 306648, 2140
317172, 0, 0, 0, 0, 0, 0, 306648, 2140
317172, 0, 0, 0, 0, 0, 0, 306648, 2140
317172, 0, 0, 0, 0, 0, 0, 306648, 2140
317172, 0, 0, 0, 0, 0, 0, 306648, 2140
317172, 0, 0, 0, 0, 0, 0, 306648, 2140
317172, 0, 0, 0, 0, 0, 0, 306648, 2140
317172, 0, 0, 0, 0, 0, 0, 306648, 2140
317172, 0, 0, 0, 0, 0, 0, 306648, 2140
317172, 0, 0, 0, 0, 0, 0, 306648, 2140
317172, 0, 0, 0, 0, 0, 0, 306648, 2140
317172, 0, 0, 0, 0, 0, 0, 306648, 2140
317172, 0, 0, 0, 0, 0, 0, 306648, 2140
317172, 0, 0, 0, 0, 0, 0, 306648, 2140
317172, 0, 0, 0, 0, 0, 0, 306648, 2140
317172, 0, 0, 0, 0, 0, 0, 306648, 2140
317172, 0, 0, 0, 0, 0, 0, 306648, 2140
317172, 0, 0, 0, 0, 0, 0, 306648, 2140
317172, 0, 0, 0, 0, 0, 0, 306648, 2140
317172, 0, 0, 0, 0, 0, 0, 306648, 2140
317172, 0, 0, 0, 0, 0, 0, 306648, 2140
317172, 0, 0, 0, 0, 0, 0, 306648, 2140
317172, 0, 0, 0, 0, 0, 0, 306648, 2140
317172, 0, 0, 0, 0, 0, 0, 306648, 2140
317172, 0, 0, 0, 0, 0, 0, 306648, 2140
317172, 0, 0, 0, 0, 0, 0, 306648, 2140
317172, 0, 0, 0, 0, 0, 0, 306648, 2140
317172, 0, 0, 0, 0, 0, 0, 306648, 2140
317172, 0, 0, 0, 0, 0, 0, 306648, 2140
317172, 0, 0, 0, 0, 0, 0, 306648, 2140
317172, 0, 0, 0, 0, 0, 0, 306648, 2140
317172, 0, 0, 0, 0, 0, 0, 306648, 2140
317172, 0, 0, 0, 0, 0, 0, 306648, 2140
317172, 0, 0, 0, 0, 0, 0, 306648, 2140
317172, 0, 0, 0, 0, 0, 0, 306648, 2140
317172, 0, 0, 0, 0, 0, 0, 306648, 2140
317172, 0, 0, 0, 0, 0, 0, 306648, 2140
317172, 0, 0, 0, 0, 0, 0, 306648, 2140
317172, 0, 0, 0, 0, 0, 0, 306648, 2140
317172, 0, 0, 0, 0, 0, 0, 306648, 2140
317172, 0, 0, 0, 0, 0, 0, 306648, 2140
317172, 0, 0, 0, 0, 0, 0, 306648, 2140
317172, 0, 0, 0, 0, 0, 0, 306648, 2140
317172, 0, 0, 0, 0, 0, 0, 306648, 2140
317172, 0, 0, 0, 0, 0, 0, 306648, 2140
317172, 0, 0, 0, 0, 0, 0, 306648, 2140
317172, 0, 0, 0, 0, 0, 0, 306648, 2140
317172, 0, 0, 0, 0, 0, 0, 306648, 2140
317172, 0, 0, 0, 0, 0, 0, 306648, 2140
317172, 0, 0, 0, 0, 0, 0, 306648, 2140
317172, 0, 0, 0, 0, 0, 0, 306648, 2140
317172, 0, 0, 0, 0, 0, 0, 306648, 2140
317172, 0, 0, 0, 0, 0, 0, 306648, 2140
317172, 0, 0, 0, 0, 0, 0, 306648, 2140
317172, 0, 0, 0, 0, 0, 0, 306648, 2140
317172, 0, 0, 0, 0, 0, 0, 306648, 2140
317172, 0, 0, 0, 0, 0, 0, 306648, 2140
317172, 0, 0, 0, 0, 0, 0, 306648, 2140
317172, 0, 0, 0, 0, 0, 0, 306648, 2140
317172, 0, 0, 0, 0, 0, 0, 306648, 2140
317172, 0, 0, 0, 0, 0, 0, 306648, 2140
317172, 0, 0, 0, 0, 0, 0, 306648, 2140
317172, 0, 0, 0, 0, 0, 0, 306648, 2140
317172, 0, 0, 0, 0, 0, 0, 306648, 2140
317172, 0, 0, 0, 0, 0, 0, 306648, 2140
317172, 0, 0, 0, 0, 0, 0, 306648, 2140
317172, 0, 0, 0, 0, 0, 0, 306648, 2140
317172, 0, 0, 0, 0, 0, 0, 306648, 2140
317172, 0, 0, 0, 0, 0, 0, 306648, 2140
317172, 0, 0, 0, 0, 0, 0, 306648, 2140
317172, 0, 0, 0, 0, 0, 0, 306648, 2140
317172, 0, 0, 0, 0, 0, 0, 306648, 2140
317172, 0, 0, 0, 0, 0, 0, 306648, 2140
317172, 0, 0, 0, 0, 0, 0, 306648, 2140
317172, 0, 0, 0, 0, 0, 0, 306648, 2140
317172, 0, 0, 0, 0, 0, 0, 306648, 2140
317172, 0, 0, 0, 0, 0, 0, 306648, 2140
317172, 0, 0, 0, 0, 0, 0, 306648, 2140
317172, 0, 0, 0, 0, 0, 0, 306648, 2140
317172, 0, 0, 0, 0, 0, 0, 306648, 2140
317172, 0, 0, 0, 0, 0, 0, 306648, 2140
317172, 0, 0, 0, 0, 0, 0, 306648, 2140
317172, 0, 0, 0, 0, 0, 0, 306648, 2140
317172, 0, 0, 0, 0, 0, 0, 306648, 2140
317172, 0, 0, 0, 0, 0, 0, 306648, 2140
317172, 0, 0, 0, 0, 0, 0, 306648, 2140
317172, 0, 0, 0, 0, 0, 0, 306648, 2140
317172, 0, 0, 0, 0, 0, 0, 306648, 2140
317172, 0, 0, 0, 0, 0, 0, 306648, 2140
317172, 0, 0, 0, 0, 0, 0, 306648, 2140
317172, 0, 0, 0, 0, 0, 0, 306648, 2140
317172, 0, 0, 0, 0, 0, 0, 306648, 2140
317172, 0, 0, 0, 0, 0, 0, 306648, 2140
317172, 0, 0, 0, 0, 0, 0, 306648, 2140
317172, 0, 0, 0, 0, 0, 0, 306648, 2140
317172, 0, 0, 0, 0, 0, 0, 306648, 2140
317172, 0, 0, 0, 0, 0, 0, 306648, 2140
317172, 0, 0, 0, 0, 0, 0, 306648, 2140
317172, 0, 0, 0, 0, 0, 0, 306648, 2140
317172, 0, 0, 0, 0, 0, 0, 306648, 2140
317172, 0, 0, 0, 0, 0, 0, 306648, 2140
317172, 0, 0, 0, 0, 0, 0, 306648, 2140
317172, 0, 0, 0, 0, 0, 0, 306648, 2140
317172, 0, 0, 0, 0, 0, 0, 306648, 2140
317172, 0, 0, 0, 0, 0, 0, 306648, 2140
317172, 0, 0, 0, 0, 0, 0, 306648, 2140
317172, 0, 0, 0, 0, 0, 0, 306648, 2140
317172, 0, 0, 0, 0, 0, 0, 306648, 2140
317172, 0, 0, 0, 0, 0, 0, 306648, 2140
317172, 0, 0, 0, 0, 0, 0, 306648, 2140
317172, 0, 0, 0, 0, 0, 0, 306648, 2140
317172, 0, 0, 0, 0, 0, 0, 306648, 2140
317172, 0, 0, 0, 0, 0, 0, 306648, 2140
317172, 0, 0, 0, 0, 0, 0, 306648, 2140
317172, 0, 0, 0, 0, 0, 0, 306648, 2140
317172, 0, 0, 0, 0, 0, 0, 306648, 2140
317172, 0, 0, 0, 0, 0, 0, 306648, 2140
317172, 0, 0, 0, 0, 0, 0, 306648, 2140
317172, 0, 0, 0, 0, 0, 0, 306648, 2140
317172, 0, 0, 0, 0, 0, 0, 306648, 2140
317172, 0, 0, 0, 0, 0, 0, 306648, 2140
317172, 0, 0, 0, 0, 0, 0, 306648, 2140
317172, 0, 0, 0, 0, 0, 0, 306648, 2140
317172, 0, 0, 0, 0, 0, 0, 306648, 2140
317172, 0, 0, 0, 0, 0, 0, 306648, 2140
317172, 0, 0, 0, 0, 0, 0, 306648, 2140
317172, 0, 0, 0, 0, 0, 0, 306648, 2140
317172, 0, 0, 0, 0, 0, 0, 306648, 2140
317172, 0, 0, 0, 0, 0, 0, 306648, 2140
317172, 0, 0, 0, 0, 0, 0, 306648, 2140
317172, 0, 0, 0, 0, 0, 0, 306648, 2140
317172, 0, 0, 0, 0, 0, 0, 306648, 2140
317172, 0, 0, 0, 0, 0, 0, 306648, 2140
317172, 0, 0, 0, 0, 0, 0, 306648, 2140
317172, 0, 0, 0, 0, 0, 0, 306648, 2140
317172, 0, 0, 0, 0, 0, 0, 306648, 2140
317172, 0, 0, 0, 0, 0, 0, 306648, 2140
317172, 0, 0, 0, 0, 0, 0, 306648, 2140
317172, 0, 0, 0, 0, 0, 0, 306648, 2140
317172, 0, 0, 0, 0, 0, 0, 306648, 2140
317172, 0, 0, 0, 0, 0, 0, 306648, 2140
317172, 0, 0, 0, 0, 0, 0, 306648, 2140
317172, 0, 0, 0, 0, 0, 0, 306648, 2140
317172, 0, 0, 0, 0, 0, 0, 306648, 2140
317172, 0, 0, 0, 0, 0, 0, 306648, 2140
317172, 0, 0, 0, 0, 0, 0, 306648, 2140
317172, 0, 0, 0, 0, 0, 0, 306648, 2140
317172, 0, 0, 0, 0, 0, 0, 306648, 2140
317172, 0, 0, 0, 0, 0, 0, 306648, 2140
317172, 0, 0, 0, 0, 0, 0, 306648, 2140
317172, 0, 0, 0, 0, 0, 0, 306648, 2140
317172, 0, 0, 0, 0, 0, 0, 306648, 2140
317172, 0, 0, 0, 0, 0, 0, 306648, 2140
317172, 0, 0, 0, 0, 0, 0, 306648, 2140
317172, 0, 0, 0, 0, 0, 0, 306648, 2140
317172, 0, 0, 0, 0, 0, 0, 306648, 2140
317172, 0, 0, 0, 0, 0, 0, 306648, 2140
317172, 0, 0, 0, 0, 0, 0, 306648, 2140
317172, 0, 0, 0, 0, 0, 0, 306648, 2140
317172, 0, 0, 0, 0, 0, 0, 306648, 2140
317172, 0, 0, 0, 0, 0, 0, 306648, 2140
317172, 0, 0, 0, 0, 0, 0, 306648, 2140
317172, 0, 0, 0, 0, 0, 0, 306648, 2140
317172, 0, 0, 0, 0, 0, 0, 306648, 2140
317172, 0, 0, 0, 0, 0, 0, 306648, 2140
317172, 0, 0, 0, 0, 0, 0, 306648, 2140
317172, 0, 0, 0, 0, 0, 0, 306648, 2140
317172, 0, 0, 0, 0, 0, 0, 306648, 2140
317172, 0, 0, 0, 0, 0, 0, 306648, 2140
317172, 0, 0, 0, 0, 0, 0, 306648, 2140
317172, 0, 0, 0, 0, 0, 0, 306648, 2140
317172, 0, 0, 0, 0, 0, 0, 306648, 2140
317172, 0, 0, 0, 0, 0, 0, 306648, 2140
317172, 0, 0, 0, 0, 0, 0, 306648, 2140
317172, 0, 0, 0, 0, 0, 0, 306648, 2140
317172, 0, 0, 0, 0, 0, 0, 306648, 2140
317172, 0, 0, 0, 0, 0, 0, 306648, 2140
317172, 0, 0, 0, 0, 0, 0, 306648, 2140
317172, 0, 0, 0, 0, 0, 0, 306648, 2140
317172, 0, 0, 0, 0, 0, 0, 306648, 2140
317172, 0, 0, 0, 0, 0, 0, 306648, 2140
317172, 0, 0, 0, 0, 0, 0, 306648, 2140
317172, 0, 0, 0, 0, 0, 0, 306648, 2140
317172, 0, 0, 0, 0, 0, 0, 306648, 2140
317172, 0, 0, 0, 0, 0, 0, 306648, 2140
317172, 0, 0, 0, 0, 0, 0, 306648, 2140
317172, 0, 0, 0, 0, 0, 0, 306648, 2140
317172, 0, 0, 0, 0, 0, 0, 306648, 2140
317172, 0, 0, 0, 0, 0, 0, 306648, 2140
317172, 0, 0, 0, 0, 0, 0, 306648, 2140
317172, 0, 0, 0, 0, 0, 0, 306648, 2140
317172, 0, 0, 0, 0, 0, 0, 306648, 2140
317172, 0, 0, 0, 0, 0, 0, 306648, 2140
317172, 0, 0, 0, 0, 0, 0, 306648, 2140
317172, 0, 0, 0, 0, 0, 0, 306648, 2140
317172, 0, 0, 0, 0, 0, 0, 306648, 2140
317172, 0, 0, 0, 0, 0, 0, 306648, 2140
317172, 0, 0, 0, 0, 0, 0, 306648, 2140
317172, 0, 0, 0, 0, 0, 0, 306648, 2140
317172, 0, 0, 0, 0, 0, 0, 306648, 2140
317172, 0, 0, 0, 0, 0, 0, 306648, 2140
317172, 0, 0, 0, 0, 0, 0, 306648, 2140
317172, 0, 0, 0, 0, 0, 0, 306648, 2140
317172, 0, 0, 0, 0, 0, 0, 306648, 2140
317172, 0, 0, 0, 0, 0, 0, 306648, 2140
317172, 0, 0, 0, 0, 0, 0, 306648, 2140
317172, 0, 0, 0, 0, 0, 0, 306648, 2140
317172, 0, 0, 0, 0, 0, 0, 306648, 2140
317172, 0, 0, 0, 0, 0, 0, 306648, 2140
317172, 0, 0, 0, 0, 0, 0, 306648, 2140
317172, 0, 0, 0, 0, 0, 0, 306648, 2140
317172, 0, 0, 0, 0, 0, 0, 306648, 2140
317172, 0, 0, 0, 0, 0, 0, 306648, 2140
317172, 0, 0, 0, 0, 0, 0, 306648, 2140
317172, 0, 0, 0, 0, 0, 0, 306648, 2140
317172, 0, 0, 0, 0, 0, 0, 306648, 2140
317172, 0, 0, 0, 0, 0, 0, 306648, 2140
317172, 0, 0, 0, 0, 0, 0, 306648, 2140
317172, 0, 0, 0, 0, 0, 0, 306648, 2140
317172, 0, 0, 0, 0, 0, 0, 306648, 2140
317172, 0, 0, 0, 0, 0, 0, 306648, 2140
317172, 0, 0, 0, 0, 0, 0, 306648, 2140
317172, 0, 0, 0, 0, 0, 0, 306648, 2140
317172, 0, 0, 0, 0, 0, 0, 306648, 2140
317172, 0, 0, 0, 0, 0, 0, 306648, 2140
317172, 0, 0, 0, 0, 0, 0, 306648, 2140
317172, 0, 0, 0, 0, 0, 0, 306648, 2140
317172, 0, 0, 0, 0, 0, 0, 306648, 2140
317172, 0, 0, 0, 0, 0, 0, 306648, 2140
317172, 0, 0, 0, 0, 0, 0, 306648, 2140
317172, 0, 0, 0, 0, 0, 0, 306648, 2140
317172, 0, 0, 0, 0, 0, 0, 306648, 2140
317172, 0, 0, 0, 0, 0, 0, 306648, 2140
317172, 0, 0, 0, 0, 0, 0, 306648, 2140
317172, 0, 0, 0, 0, 0, 0, 306648, 2140
317172, 0, 0, 0, 0, 0, 0, 306648, 2140
317172, 0, 0, 0, 0, 0, 0, 306648, 2140
317172, 0, 0, 0, 0, 0, 0, 306648, 2140
317172, 0, 0, 0, 0, 0, 0, 306648, 2140
317172, 0, 0, 0, 0, 0, 0, 306648, 2140
317172, 0, 0, 0, 0, 0, 0, 306648, 2140
317172, 0, 0, 0, 0, 0, 0, 306648, 2140
317172, 0, 0, 0, 0, 0, 0, 306648, 2140
317172, 0, 0, 0, 0, 0, 0, 306648, 2140
317172, 0, 0, 0, 0, 0, 0, 306648, 2140
317172, 0, 0, 0, 0, 0, 0, 306648, 2140
317172, 0, 0, 0, 0, 0, 0, 306648, 2140
317172, 0, 0, 0, 0, 0, 0, 306648, 2140
317172, 0, 0, 0, 0, 0, 0, 306648, 2140
317172, 0, 0, 0, 0, 0, 0, 306648, 2140
317172, 0, 0, 0, 0, 0, 0, 306648, 2140
317172, 0, 0, 0, 0, 0, 0, 306648, 2140
317172, 0, 0, 0, 0, 0, 0, 306648, 2140
317172, 0, 0, 0, 0, 0, 0, 306648, 2140
317172, 0, 0, 0, 0, 0, 0, 306648, 2140
317172, 0, 0, 0, 0, 0, 0, 306648, 2140
317172, 0, 0, 0, 0, 0, 0, 306648, 2140
317172, 0, 0, 0, 0, 0, 0, 306648, 2140
317172, 0, 0, 0, 0, 0, 0, 306648, 2140
317172, 0, 0, 0, 0, 0, 0, 306648, 2140
317172, 0, 0, 0, 0, 0, 0, 306648, 2140
317172, 0, 0, 0, 0, 0, 0, 306648, 2140
317172, 0, 0, 0, 0, 0, 0, 306648, 2140
317172, 0, 0, 0, 0, 0, 0, 306648, 2140
317172, 0, 0, 0, 0, 0, 0, 306648, 2140
317172, 0, 0, 0, 0, 0, 0, 306648, 2140
317172, 0, 0, 0, 0, 0, 0, 306648, 2140
317172, 0, 0, 0, 0, 0, 0, 306648, 2140
317172, 0, 0, 0, 0, 0, 0, 306648, 2140
317172, 0, 0, 0, 0, 0, 0, 306648, 2140
317172, 0, 0, 0, 0, 0, 0, 306648, 2140
317172, 0, 0, 0, 0, 0, 0, 306648, 2140
317172, 0, 0, 0, 0, 0, 0, 306648, 2140
317172, 0, 0, 0, 0, 0, 0, 306648, 2140
317172, 0, 0, 0, 0, 0, 0, 306648, 2140
317172, 0, 0, 0, 0, 0, 0, 306648, 2140
317172, 0, 0, 0, 0, 0, 0, 306648, 2140
317172, 0, 0, 0, 0, 0, 0, 306648, 2140
317172, 0, 0, 0, 0, 0, 0, 306648, 2140
317172, 0, 0, 0, 0, 0, 0, 306648, 2140
317172, 0, 0, 0, 0, 0, 0, 306648, 2140
317172, 0, 0, 0, 0, 0, 0, 306648, 2140
317172, 0, 0, 0, 0, 0, 0, 306648, 2140
317172, 0, 0, 0, 0, 0, 0, 306648, 2140
317172, 0, 0, 0, 0, 0, 0, 306648, 2140
317172, 0, 0, 0, 0, 0, 0, 306648, 2140
317172, 0, 0, 0, 0, 0, 0, 306648, 2140
317172, 0, 0, 0, 0, 0, 0, 306648, 2140
317172, 0, 0, 0, 0, 0, 0, 306648, 2140
317172, 0, 0, 0, 0, 0, 0, 306648, 2140
317172, 0, 0, 0, 0, 0, 0, 306648, 2140
317172, 0, 0, 0, 0, 0, 0, 306648, 2140
317172, 0, 0, 0, 0, 0, 0, 306648, 2140
317172, 0, 0, 0, 0, 0, 0, 306648, 2140
317172, 0, 0, 0, 0, 0, 0, 306648, 2140
317172, 0, 0, 0, 0, 0, 0, 306648, 2140
317172, 0, 0, 0, 0, 0, 0, 306648, 2140
317172, 0, 0, 0, 0, 0, 0, 306648, 2140
317172, 0, 0, 0, 0, 0, 0, 306648, 2140
317172, 0, 0, 0, 0, 0, 0, 306648, 2140
317172, 0, 0, 0, 0, 0, 0, 306648, 2140
317172, 0, 0, 0, 0, 0, 0, 306648, 2140
317172, 0, 0, 0, 0, 0, 0, 306648, 2140
317172, 0, 0, 0, 0, 0, 0, 306648, 2140
317172, 0, 0, 0, 0, 0, 0, 306648, 2140
317172, 0, 0, 0, 0, 0, 0, 306648, 2140
317172, 0, 0, 0, 0, 0, 0, 306648, 2140
317172, 0, 0, 0, 0, 0, 0, 306648, 2140
317172, 0, 0, 0, 0, 0, 0, 306648, 2140
317172, 0, 0, 0, 0, 0, 0, 306648, 2140
317172, 0, 0, 0, 0, 0, 0, 306648, 2140
317172, 0, 0, 0, 0, 0, 0, 306648, 2140
317172, 0, 0, 0, 0, 0, 0, 306648, 2140
317172, 0, 0, 0, 0, 0, 0, 306648, 2140
317172, 0, 0, 0, 0, 0, 0, 306648, 2140
317172, 0, 0, 0, 0, 0, 0, 306648, 2140
317172, 0, 0, 0, 0, 0, 0, 306648, 2140
317172, 0, 0, 0, 0, 0, 0, 306648, 2140
317172, 0, 0, 0, 0, 0, 0, 306648, 2140
317172, 0, 0, 0, 0, 0, 0, 306648, 2140
317172, 0, 0, 0, 0, 0, 0, 306648, 2140
317172, 0, 0, 0, 0, 0, 0, 306648, 2140
317172, 0, 0, 0, 0, 0, 0, 306648, 2140
317172, 0, 0, 0, 0, 0, 0, 306648, 2140
317172, 0, 0, 0, 0, 0, 0, 306648, 2140
317172, 0, 0, 0, 0, 0, 0, 306648, 2140
317172, 0, 0, 0, 0, 0, 0, 306648, 2140
317172, 0, 0, 0, 0, 0, 0, 306648, 2140
317172, 0, 0, 0, 0, 0, 0, 306648, 2140
317172, 0, 0, 0, 0, 0, 0, 306648, 2140
317172, 0, 0, 0, 0, 0, 0, 306648, 2140
317172, 0, 0, 0, 0, 0, 0, 306648, 2140
317172, 0, 0, 0, 0, 0, 0, 306648, 2140
317172, 0, 0, 0, 0, 0, 0, 306648, 2140
317172, 0, 0, 0, 0, 0, 0, 306648, 2140
317172, 0, 0, 0, 0, 0, 0, 306648, 2140
317172, 0, 0, 0, 0, 0, 0, 306648, 2140
317172, 0, 0, 0, 0, 0, 0, 306648, 2140
317172, 0, 0, 0, 0, 0, 0, 306648, 2140
317172, 0, 0, 0, 0, 0, 0, 306648, 2140
317172, 0, 0, 0, 0, 0, 0, 306648, 2140
317172, 0, 0, 0, 0, 0, 0, 306648, 2140
317172, 0, 0, 0, 0, 0, 0, 306648, 2140
317172, 0, 0, 0, 0, 0, 0, 306648, 2140
317172, 0, 0, 0, 0, 0, 0, 306648, 2140
317172, 0, 0, 0, 0, 0, 0, 306648, 2140
317172, 0, 0, 0, 0, 0, 0, 306648, 2140
317172, 0, 0, 0, 0, 0, 0, 306648, 2140
317172, 0, 0, 0, 0, 0, 0, 306648, 2140
317172, 0, 0, 0, 0, 0, 0, 306648, 2140
317172, 0, 0, 0, 0, 0, 0, 306648, 2140
317172, 0, 0, 0, 0, 0, 0, 306648, 2140
317172, 0, 0, 0, 0, 0, 0, 306648, 2140
317172, 0, 0, 0, 0, 0, 0, 306648, 2140
317172, 0, 0, 0, 0, 0, 0, 306648, 2140
317172, 0, 0, 0, 0, 0, 0, 306648, 2140
317172, 0, 0, 0, 0, 0, 0, 306648, 2140
317172, 0, 0, 0, 0, 0, 0, 306648, 2140
317172, 0, 0, 0, 0, 0, 0, 306648, 2140
317172, 0, 0, 0, 0, 0, 0, 306648, 2140
317172, 0, 0, 0, 0, 0, 0, 306648, 2140
317172, 0, 0, 0, 0, 0, 0, 306648, 2140
317172, 0, 0, 0, 0, 0, 0, 306648, 2140
317172, 0, 0, 0, 0, 0, 0, 306648, 2140
317172, 0, 0, 0, 0, 0, 0, 306648, 2140
317172, 0, 0, 0, 0, 0, 0, 306648, 2140
317172, 0, 0, 0, 0, 0, 0, 306648, 2140
317172, 0, 0, 0, 0, 0, 0, 306648, 2140
317172, 0, 0, 0, 0, 0, 0, 306648, 2140
317172, 0, 0, 0, 0, 0, 0, 306648, 2140
317172, 0, 0, 0, 0, 0, 0, 306648, 2140
317172, 0, 0, 0, 0, 0, 0, 306648, 2140
317172, 0, 0, 0, 0, 0, 0, 306648, 2140
317172, 0, 0, 0, 0, 0, 0, 306648, 2140
317172, 0, 0, 0, 0, 0, 0, 306648, 2140
317172, 0, 0, 0, 0, 0, 0, 306648, 2140
317172, 0, 0, 0, 0, 0, 0, 306648, 2140
317172, 0, 0, 0, 0, 0, 0, 306648, 2140
317172, 0, 0, 0, 0, 0, 0, 306648, 2140
317172, 0, 0, 0, 0, 0, 0, 306648, 2140
317172, 0, 0, 0, 0, 0, 0, 306648, 2140
317172, 0, 0, 0, 0, 0, 0, 306648, 2140
317172, 0, 0, 0, 0, 0, 0, 306648, 2140
317172, 0, 0, 0, 0, 0, 0, 306648, 2140
317172, 0, 0, 0, 0, 0, 0, 306648, 2140
317172, 0, 0, 0, 0, 0, 0, 306648, 2140
317172, 0, 0, 0, 0, 0, 0, 306648, 2140
317172, 0, 0, 0, 0, 0, 0, 306648, 2140
317172, 0, 0, 0, 0, 0, 0, 306648, 2140
317172, 0, 0, 0, 0, 0, 0, 306648, 2140
317172, 0, 0, 0, 0, 0, 0, 306648, 2140
317172, 0, 0, 0, 0, 0, 0, 306648, 2140
317172, 0, 0, 0, 0, 0, 0, 306648, 2140
317172, 0, 0, 0, 0, 0, 0, 306648, 2140
317172, 0, 0, 0, 0, 0, 0, 306648, 2140
317172, 0, 0, 0, 0, 0, 0, 306648, 2140
317172, 0, 0, 0, 0, 0, 0, 306648, 2140
317172, 0, 0, 0, 0, 0, 0, 306648, 2140
317172, 0, 0, 0, 0, 0, 0, 306648, 2140
317172, 0, 0, 0, 0, 0, 0, 306648, 2140
317172, 0, 0, 0, 0, 0, 0, 306648, 2140
317172, 0, 0, 0, 0, 0, 0, 306648, 2140
317172, 0, 0, 0, 0, 0, 0, 306648, 2140
317172, 0, 0, 0, 0, 0, 0, 306648, 2140
317172, 0, 0, 0, 0, 0, 0, 306648, 2140
317172, 0, 0, 0, 0, 0, 0, 306648, 2140
317172, 0, 0, 0, 0, 0, 0, 306648, 2140
317172, 0, 0, 0, 0, 0, 0, 306648, 2140
317172, 0, 0, 0, 0, 0, 0, 306648, 2140
317172, 0, 0, 0, 0, 0, 0, 306648, 2140
317172, 0, 0, 0, 0, 0, 0, 306648, 2140
317172, 0, 0, 0, 0, 0, 0, 306648, 2140
317172, 0, 0, 0, 0, 0, 0, 306648, 2140
317172, 0, 0, 0, 0, 0, 0, 306648, 2140
317172, 0, 0, 0, 0, 0, 0, 306648, 2140
317172, 0, 0, 0, 0, 0, 0, 306648, 2140
317172, 0, 0, 0, 0, 0, 0, 306648, 2140
317172, 0, 0, 0, 0, 0, 0, 306648, 2140
317172, 0, 0, 0, 0, 0, 0, 306648, 2140
317172, 0, 0, 0, 0, 0, 0, 306648, 2140
317172, 0, 0, 0, 0, 0, 0, 306648, 2140
317172, 0, 0, 0, 0, 0, 0, 306648, 2140
317172, 0, 0, 0, 0, 0, 0, 306648, 2140
317172, 0, 0, 0, 0, 0, 0, 306648, 2140
317172, 0, 0, 0, 0, 0, 0, 306648, 2140
317172, 0, 0, 0, 0, 0, 0, 306648, 2140
317172, 0, 0, 0, 0, 0, 0, 306648, 2140
317172, 0, 0, 0, 0, 0, 0, 306648, 2140
317172, 0, 0, 0, 0, 0, 0, 306648, 2140
317172, 0, 0, 0, 0, 0, 0, 306648, 2140
317172, 0, 0, 0, 0, 0, 0, 306648, 2140
317172, 0, 0, 0, 0, 0, 0, 306648, 2140
317172, 0, 0, 0, 0, 0, 0, 306648, 2140
317172, 0, 0, 0, 0, 0, 0, 306648, 2140
317172, 0, 0, 0, 0, 0, 0, 306648, 2140
317172, 0, 0, 0, 0, 0, 0, 306648, 2140
317172, 0, 0, 0, 0, 0, 0, 306648, 2140
317172, 0, 0, 0, 0, 0, 0, 306648, 2140
317172, 0, 0, 0, 0, 0, 0, 306648, 2140
317172, 0, 0, 0, 0, 0, 0, 306648, 2140
317172, 0, 0, 0, 0, 0, 0, 306648, 2140
317172, 0, 0, 0, 0, 0, 0, 306648, 2140
317172, 0, 0, 0, 0, 0, 0, 306648, 2140
317172, 0, 0, 0, 0, 0, 0, 306648, 2140
317172, 0, 0, 0, 0, 0, 0, 306648, 2140
317172, 0, 0, 0, 0, 0, 0, 306648, 2140
317172, 0, 0, 0, 0, 0, 0, 306648, 2140
317172, 0, 0, 0, 0, 0, 0, 306648, 2140
317172, 0, 0, 0, 0, 0, 0, 306648, 2140
317172, 0, 0, 0, 0, 0, 0, 306648, 2140
317172, 0, 0, 0, 0, 0, 0, 306648, 2140
317172, 0, 0, 0, 0, 0, 0, 306648, 2140
317172, 0, 0, 0, 0, 0, 0, 306648, 2140
317172, 0, 0, 0, 0, 0, 0, 306648, 2140
317172, 0, 0, 0, 0, 0, 0, 306648, 2140
317172, 0, 0, 0, 0, 0, 0, 306648, 2140
317172, 0, 0, 0, 0, 0, 0, 306648, 2140
317172, 0, 0, 0, 0, 0, 0, 306648, 2140
317172, 0, 0, 0, 0, 0, 0, 306648, 2140
317172, 0, 0, 0, 0, 0, 0, 306648, 2140
317172, 0, 0, 0, 0, 0, 0, 306648, 2140
317172, 0, 0, 0, 0, 0, 0, 306648, 2140
317172, 0, 0, 0, 0, 0, 0, 306648, 2140
317172, 0, 0, 0, 0, 0, 0, 306648, 2140
317172, 0, 0, 0, 0, 0, 0, 306648, 2140
317172, 0, 0, 0, 0, 0, 0, 306648, 2140
317172, 0, 0, 0, 0, 0, 0, 306648, 2140
317172, 0, 0, 0, 0, 0, 0, 306648, 2140
317172, 0, 0, 0, 0, 0, 0, 306648, 2140
317172, 0, 0, 0, 0, 0, 0, 306648, 2140
317172, 0, 0, 0, 0, 0, 0, 306648, 2140
317172, 0, 0, 0, 0, 0, 0, 306648, 2140
317172, 0, 0, 0, 0, 0, 0, 306648, 2140
317172, 0, 0, 0, 0, 0, 0, 306648, 2140
317172, 0, 0, 0, 0, 0, 0, 306648, 2140
317172, 0, 0, 0, 0, 0, 0, 306648, 2140
317172, 0, 0, 0, 0, 0, 0, 306648, 2140
317172, 0, 0, 0, 0, 0, 0, 306648, 2140
317172, 0, 0, 0, 0, 0, 0, 306648, 2140
317172, 0, 0, 0, 0, 0, 0, 306648, 2140
317172, 0, 0, 0, 0, 0, 0, 306648, 2140
317172, 0, 0, 0, 0, 0, 0, 306648, 2140
317172, 0, 0, 0, 0, 0, 0, 306648, 2140
317172, 0, 0, 0, 0, 0, 0, 306648, 2140
317172, 0, 0, 0, 0, 0, 0, 306648, 2140
317172, 0, 0, 0, 0, 0, 0, 306648, 2140
317172, 0, 0, 0, 0, 0, 0, 306648, 2140
317172, 0, 0, 0, 0, 0, 0, 306648, 2140
317172, 0, 0, 0, 0, 0, 0, 306648, 2140
317172, 0, 0, 0, 0, 0, 0, 306648, 2140
317172, 0, 0, 0, 0, 0, 0, 306648, 2140
317172, 0, 0, 0, 0, 0, 0, 306648, 2140
317172, 0, 0, 0, 0, 0, 0, 306648, 2140
317172, 0, 0, 0, 0, 0, 0, 306648, 2140
317172, 0, 0, 0, 0, 0, 0, 306648, 2140
317172, 0, 0, 0, 0, 0, 0, 306648, 2140
317172, 0, 0, 0, 0, 0, 0, 306648, 2140
317172, 0, 0, 0, 0, 0, 0, 306648, 2140
317172, 0, 0, 0, 0, 0, 0, 306648, 2140
317172, 0, 0, 0, 0, 0, 0, 306648, 2140
317172, 0, 0, 0, 0, 0, 0, 306648, 2140
317172, 0, 0, 0, 0, 0, 0, 306648, 2140
317172, 0, 0, 0, 0, 0, 0, 306648, 2140
317172, 0, 0, 0, 0, 0, 0, 306648, 2140
317172, 0, 0, 0, 0, 0, 0, 306648, 2140
317172, 0, 0, 0, 0, 0, 0, 306648, 2140
317172, 0, 0, 0, 0, 0, 0, 306648, 2140
317172, 0, 0, 0, 0, 0, 0, 306648, 2140
317172, 0, 0, 0, 0, 0, 0, 306648, 2140
317172, 0, 0, 0, 0, 0, 0, 306648, 2140
317172, 0, 0, 0, 0, 0, 0, 306648, 2140
317172, 0, 0, 0, 0, 0, 0, 306648, 2140
317172, 0, 0, 0, 0, 0, 0, 306648, 2140
317172, 0, 0, 0, 0, 0, 0, 306648, 2140
317172, 0, 0, 0, 0, 0, 0, 306648, 2140
317172, 0, 0, 0, 0, 0, 0, 306648, 2140
317172, 0, 0, 0, 0, 0, 0, 306648, 2140
317172, 0, 0, 0, 0, 0, 0, 306648, 2140
317172, 0, 0, 0, 0, 0, 0, 306648, 2140
317172, 0, 0, 0, 0, 0, 0, 306648, 2140
317172, 0, 0, 0, 0, 0, 0, 306648, 2140
317172, 0, 0, 0, 0, 0, 0, 306648, 2140
317172, 0, 0, 0, 0, 0, 0, 306648, 2140
317172, 0, 0, 0, 0, 0, 0, 306648, 2140
317172, 0, 0, 0, 0, 0, 0, 306648, 2140
317172, 0, 0, 0, 0, 0, 0, 306648, 2140
317172, 0, 0, 0, 0, 0, 0, 306648, 2140
317172, 0, 0, 0, 0, 0, 0, 306648, 2140
317172, 0, 0, 0, 0, 0, 0, 306648, 2140
317172, 0, 0, 0, 0, 0, 0, 306648, 2140
317172, 0, 0, 0, 0, 0, 0, 306648, 2140
317172, 0, 0, 0, 0, 0, 0, 306648, 2140
317172, 0, 0, 0, 0, 0, 0, 306648, 2140
317172, 0, 0, 0, 0, 0, 0, 306648, 2140
317172, 0, 0, 0, 0, 0, 0, 306648, 2140
317172, 0, 0, 0, 0, 0, 0, 306648, 2140
317172, 0, 0, 0, 0, 0, 0, 306648, 2140
317172, 0, 0, 0, 0, 0, 0, 306648, 2140
317172, 0, 0, 0, 0, 0, 0, 306648, 2140
317172, 0, 0, 0, 0, 0, 0, 306648, 2140
317172, 0, 0, 0, 0, 0, 0, 306648, 2140
317172, 0, 0, 0, 0, 0, 0, 306648, 2140
317172, 0, 0, 0, 0, 0, 0, 306648, 2140
317172, 0, 0, 0, 0, 0, 0, 306648, 2140
317172, 0, 0, 0, 0, 0, 0, 306648, 2140
317172, 0, 0, 0, 0, 0, 0, 306648, 2140
317172, 0, 0, 0, 0, 0, 0, 306648, 2140
317172, 0, 0, 0, 0, 0, 0, 306648, 2140
317172, 0, 0, 0, 0, 0, 0, 306648, 2140
317172, 0, 0, 0, 0, 0, 0, 306648, 2140
317172, 0, 0, 0, 0, 0, 0, 306648, 2140
317172, 0, 0, 0, 0, 0, 0, 306648, 2140
317172, 0, 0, 0, 0, 0, 0, 306648, 2140
317172, 0, 0, 0, 0, 0, 0, 306648, 2140
317172, 0, 0, 0, 0, 0, 0, 306648, 2140
317172, 0, 0, 0, 0, 0, 0, 306648, 2140
317172, 0, 0, 0, 0, 0, 0, 306648, 2140
317172, 0, 0, 0, 0, 0, 0, 306648, 2140
317172, 0, 0, 0, 0, 0, 0, 306648, 2140
317172, 0, 0, 0, 0, 0, 0, 306648, 2140
317172, 0, 0, 0, 0, 0, 0, 306648, 2140
317172, 0, 0, 0, 0, 0, 0, 306648, 2140
317172, 0, 0, 0, 0, 0, 0, 306648, 2140
317172, 0, 0, 0, 0, 0, 0, 306648, 2140
317172, 0, 0, 0, 0, 0, 0, 306648, 2140
317172, 0, 0, 0, 0, 0, 0, 306648, 2140
317172, 0, 0, 0, 0, 0, 0, 306648, 2140
317172, 0, 0, 0, 0, 0, 0, 306648, 2140
317172, 0, 0, 0, 0, 0, 0, 306648, 2140
317172, 0, 0, 0, 0, 0, 0, 306648, 2140
317172, 0, 0, 0, 0, 0, 0, 306648, 2140
317172, 0, 0, 0, 0, 0, 0, 306648, 2140
317172, 0, 0, 0, 0, 0, 0, 306648, 2140
317172, 0, 0, 0, 0, 0, 0, 306648, 2140
317172, 0, 0, 0, 0, 0, 0, 306648, 2140
317172, 0, 0, 0, 0, 0, 0, 306648, 2140
317172, 0, 0, 0, 0, 0, 0, 306648, 2140
317172, 0, 0, 0, 0, 0, 0, 306648, 2140
317172, 0, 0, 0, 0, 0, 0, 306648, 2140
317172, 0, 0, 0, 0, 0, 0, 306648, 2140
317172, 0, 0, 0, 0, 0, 0, 306648, 2140
317172, 0, 0, 0, 0, 0, 0, 306648, 2140
317172, 0, 0, 0, 0, 0, 0, 306648, 2140
317172, 0, 0, 0, 0, 0, 0, 306648, 2140
317172, 0, 0, 0, 0, 0, 0, 306648, 2140
317172, 0, 0, 0, 0, 0, 0, 306648, 2140
317172, 0, 0, 0, 0, 0, 0, 306648, 2140
317172, 0, 0, 0, 0, 0, 0, 306648, 2140
317172, 0, 0, 0, 0, 0, 0, 306648, 2140
317172, 0, 0, 0, 0, 0, 0, 306648, 2140
317172, 0, 0, 0, 0, 0, 0, 306648, 2140
317172, 0, 0, 0, 0, 0, 0, 306648, 2140
317172, 0, 0, 0, 0, 0, 0, 306648, 2140
317172, 0, 0, 0, 0, 0, 0, 306648, 2140
317172, 0, 0, 0, 0, 0, 0, 306648, 2140
317172, 0, 0, 0, 0, 0, 0, 306648, 2140
317172, 0, 0, 0, 0, 0, 0, 306648, 2140
317172, 0, 0, 0, 0, 0, 0, 306648, 2140
317172, 0, 0, 0, 0, 0, 0, 306648, 2140
317172, 0, 0, 0, 0, 0, 0, 306648, 2140
317172, 0, 0, 0, 0, 0, 0, 306648, 2140
317172, 0, 0, 0, 0, 0, 0, 306648, 2140
317172, 0, 0, 0, 0, 0, 0, 306648, 2140
317172, 0, 0, 0, 0, 0, 0, 306648, 2140
317172, 0, 0, 0, 0, 0, 0, 306648, 2140
317172, 0, 0, 0, 0, 0, 0, 306648, 2140
317172, 0, 0, 0, 0, 0, 0, 306648, 2140
317172, 0, 0, 0, 0, 0, 0, 306648, 2140
317172, 0, 0, 0, 0, 0, 0, 306648, 2140
317172, 0, 0, 0, 0, 0, 0, 306648, 2140
317172, 0, 0, 0, 0, 0, 0, 306648, 2140
317172, 0, 0, 0, 0, 0, 0, 306648, 2140
317172, 0, 0, 0, 0, 0, 0, 306648, 2140
317172, 0, 0, 0, 0, 0, 0, 306648, 2140
317172, 0, 0, 0, 0, 0, 0, 306648, 2140
317172, 0, 0, 0, 0, 0, 0, 306648, 2140
317172, 0, 0, 0, 0, 0, 0, 306648, 2140
317172, 0, 0, 0, 0, 0, 0, 306648, 2140
317172, 0, 0, 0, 0, 0, 0, 306648, 2140
317172, 0, 0, 0, 0, 0, 0, 306648, 2140
317172, 0, 0, 0, 0, 0, 0, 306648, 2140
317172, 0, 0, 0, 0, 0, 0, 306648, 2140
317172, 0, 0, 0, 0, 0, 0, 306648, 2140
317172, 0, 0, 0, 0, 0, 0, 306648, 2140
317172, 0, 0, 0, 0, 0, 0, 306648, 2140
317172, 0, 0, 0, 0, 0, 0, 306648, 2140
317172, 0, 0, 0, 0, 0, 0, 306648, 2140
317172, 0, 0, 0, 0, 0, 0, 306648, 2140
317172, 0, 0, 0, 0, 0, 0, 306648, 2140
317172, 0, 0, 0, 0, 0, 0, 306648, 2140
317172, 0, 0, 0, 0, 0, 0, 306648, 2140
317172, 0, 0, 0, 0, 0, 0, 306648, 2140
317172, 0, 0, 0, 0, 0, 0, 306648, 2140
317172, 0, 0, 0, 0, 0, 0, 306648, 2140
317172, 0, 0, 0, 0, 0, 0, 306648, 2140
317172, 0, 0, 0, 0, 0, 0, 306648, 2140
317172, 0, 0, 0, 0, 0, 0, 306648, 2140
317172, 0, 0, 0, 0, 0, 0, 306648, 2140
317172, 0, 0, 0, 0, 0, 0, 306648, 2140
317172, 0, 0, 0, 0, 0, 0, 306648, 2140
317172, 0, 0, 0, 0, 0, 0, 306648, 2140
317172, 0, 0, 0, 0, 0, 0, 306648, 2140
317172, 0, 0, 0, 0, 0, 0, 306648, 2140
317172, 0, 0, 0, 0, 0, 0, 306648, 2140
317172, 0, 0, 0, 0, 0, 0, 306648, 2140
317172, 0, 0, 0, 0, 0, 0, 306648, 2140
317172, 0, 0, 0, 0, 0, 0, 306648, 2140
317172, 0, 0, 0, 0, 0, 0, 306648, 2140
317172, 0, 0, 0, 0, 0, 0, 306648, 2140
317172, 0, 0, 0, 0, 0, 0, 306648, 2140
317172, 0, 0, 0, 0, 0, 0, 306648, 2140
317172, 0, 0, 0, 0, 0, 0, 306648, 2140
317172, 0, 0, 0, 0, 0, 0, 306648, 2140
317172, 0, 0, 0, 0, 0, 0, 306648, 2140
317172, 0, 0, 0, 0, 0, 0, 306648, 2140
317172, 0, 0, 0, 0, 0, 0, 306648, 2140
317172, 0, 0, 0, 0, 0, 0, 306648, 2140
317172, 0, 0, 0, 0, 0, 0, 306648, 2140
317172, 0, 0, 0, 0, 0, 0, 306648, 2140
317172, 0, 0, 0, 0, 0, 0, 306648, 2140
317172, 0, 0, 0, 0, 0, 0, 306648, 2140
317172, 0, 0, 0, 0, 0, 0, 306648, 2140
317172, 0, 0, 0, 0, 0, 0, 306648, 2140
317172, 0, 0, 0, 0, 0, 0, 306648, 2140
317172, 0, 0, 0, 0, 0, 0, 306648, 2140
317172, 0, 0, 0, 0, 0, 0, 306648, 2140
317172, 0, 0, 0, 0, 0, 0, 306648, 2140
317172, 0, 0, 0, 0, 0, 0, 306648, 2140
317172, 0, 0, 0, 0, 0, 0, 306648, 2140
317172, 0, 0, 0, 0, 0, 0, 306648, 2140
317172, 0, 0, 0, 0, 0, 0, 306648, 2140
317172, 0, 0, 0, 0, 0, 0, 306648, 2140
317172, 0, 0, 0, 0, 0, 0, 306648, 2140
317172, 0, 0, 0, 0, 0, 0, 306648, 2140
317172, 0, 0, 0, 0, 0, 0, 306648, 2140
317172, 0, 0, 0, 0, 0, 0, 306648, 2140
317172, 0, 0, 0, 0, 0, 0, 306648, 2140
317172, 0, 0, 0, 0, 0, 0, 306648, 2140
317172, 0, 0, 0, 0, 0, 0, 306648, 2140
317172, 0, 0, 0, 0, 0, 0, 306648, 2140
317172, 0, 0, 0, 0, 0, 0, 306648, 2140
317172, 0, 0, 0, 0, 0, 0, 306648, 2140
317172, 0, 0, 0, 0, 0, 0, 306648, 2140
317172, 0, 0, 0, 0, 0, 0, 306648, 2140
317172, 0, 0, 0, 0, 0, 0, 306648, 2140
